956 291 80 -73 0 1348938
544 16356 -2856 327 -2 86
636 16232 -2920 356 32 69
632 16340 -2924 360 107 -12
620 16196 -2892 375 148 18
668 16340 -2864 415 108 53
616 16244 -3212 428 302 279
708 16300 -3036 441 208 -6
532 16316 -2996 504 353 -167
540 16244 -3036 484 338 -161
428 16248 -3172 630 313 -66
516 16240 -3260 680 291 -89
656 16272 -3380 743 696 -298
820 16244 -3368 727 1515 -448
808 16228 -3468 792 2347 -130
524 16680 -4152 588 3365 143
-40 16152 -3312 671 1358 44
316 16444 -2800 960 -61 -276
220 16408 -3560 909 -487 -635
208 16364 -3860 712 -846 -971
388 16284 -3964 797 -181 -1465
-56 16272 -3568 963 245 -1972
-300 16436 -3392 1315 186 -2412
-808 16256 -3928 1400 1010 -3267
-1228 16524 -3744 1189 628 -3575
-516 18496 -4456 1083 -1499 -3813
232 19236 -4416 -264 -1243 -6478
-2868 15188 -3768 -1179 -1834 -7365
-2708 14976 -4392 -773 -434 -7653
-4064 15336 -4000 -1108 -471 -8076
-5104 14636 -3724 -1213 -387 -7850
-6340 14704 -3556 -1200 -699 -8442
-5920 16928 -3528 473 -1267 -9104
-7884 17544 -2640 2539 -903 -11745
-9020 19444 -4280 8654 -3607 -13539
3120 16284 -1572 391 -4611 -2208
1536 12264 -2228 -1073 -2684 4424
1276 8840 -1140 -977 -3969 15327
1948 13164 -1376 -501 -5901 23146
-2964 17324 -840 1686 -1202 28166
-836 19564 -2056 -1053 4209 25876
100 20084 -2960 396 7000 22251
-2772 22792 -2728 -1772 5631 21310
-4932 20912 -2748 -6564 925 17870
-8016 17576 -2980 -4120 -4147 11459
-9008 15188 -4008 757 17 -2210
15524 19660 5116 4072 -2921 -5816
8436 18664 -5100 1109 4429 -11646
1500 16508 1248 2062 3990 -6205
3016 16932 -3200 3587 -1898 -3764
4396 16288 -3688 1234 1838 -3062
708 16972 -684 2032 204 -1638
3052 16012 -2592 1812 878 -1172
3340 15408 -2704 1275 -1419 -1413
2292 16412 -2528 905 -657 -1370
1944 16260 -2352 1133 -1619 -1104
4052 16216 -4272 822 -628 -1039
3696 16512 -4332 1000 702 -1403
2260 16252 -3544 792 1112 -848
2552 16392 -4020 674 2001 -1588
1204 16436 -2804 971 1066 -1169
1512 16192 -2992 1144 871 -1440
1940 16768 -4156 1126 1104 -1669
-488 16700 -2136 1782 1711 -2346
1376 18544 -3916 858 1377 -2296
1292 15812 -3572 1916 1609 -3111
876 16676 -4992 1547 965 -3280
876 16596 -5456 1673 886 -4469
-1108 16864 -3272 1417 -2228 -4902
1584 20332 -6164 120 -2177 -5959
-52 17568 -2864 -390 -2254 -9956
-1240 17436 -4344 150 -1484 -11065
-2376 16800 -3392 -271 -2887 -13357
-5256 18992 -4408 2940 -2203 -17720
-4328 19116 -5328 6165 -5780 -21128
-7484 16532 -4968 -1441 -2002 -14123
-1100 10928 -1728 -3363 -8510 -1102
-1156 8016 -1716 -883 -805 9277
-3340 9712 -2084 -690 -3547 19119
-1140 14364 -1960 -524 -3137 22147
-2536 17868 -1552 1152 -783 24605
-848 19608 -2088 -32 4822 22628
-876 21188 -3176 -548 9508 22054
-564 20496 -2188 -1614 7409 19375
-2740 21492 -2868 -4512 2768 20270
-3036 18924 -3544 -6093 -1268 12693
-4256 15124 -2036 -643 -2258 5891
256 15140 -2560 473 -287 -282
3940 13880 -1052 862 -1428 -1702
4752 14540 -1452 1081 -353 -2259
16020 19164 2408 2390 91 -4846
512 17656 -2492 2826 37 -13089
3456 16708 -4780 2298 6675 -8476
1588 17280 -1568 2958 1623 -4147
2664 16748 -1808 2328 361 -1308
2132 16556 -3420 1873 -65 -671
3192 16104 -2596 1256 70 -690
3456 15988 -1984 899 -995 -1397
3316 16096 -3204 790 -534 -1975
3092 16124 -3548 962 167 -2109
3240 16040 -4792 1366 630 -1977
3940 16248 -6876 1669 1292 -3354
112 16336 -2048 1997 2194 -4121
352 17104 -1400 2031 1128 -3900
108 16436 -2896 1532 -265 -3216
404 15980 -4396 1788 116 -2244
-384 16100 -4192 1922 668 -2735
1300 15320 -3476 2059 1303 -2981
-496 15948 -3572 1900 598 -4306
-260 17400 -4840 2081 736 -4153
-1640 16996 -3916 1780 -541 -5330
-1852 17052 -4104 1868 -406 -6639
-1040 18440 -5528 856 1103 -8577
-2812 16844 -4756 200 138 -10366
-2984 15972 -5044 -667 -2515 -12719
-6804 16032 -4292 864 -4060 -15227
-2632 17696 -5776 3328 -4062 -17706
-13880 16008 -5800 4996 -3522 -15604
-1524 13028 -1912 -603 -11630 -2066
-1516 8448 -2064 -2256 -5884 6526
-780 8960 -676 -445 -7288 16942
-1668 12760 -504 649 -3242 22442
-1480 18144 -1224 1278 177 25156
-2696 19900 -2692 -1432 4569 24097
-1496 20356 -3704 -1373 8424 21242
1660 19656 -3312 -2390 5723 15965
-3304 22484 -6476 -1146 9710 16130
-4588 15268 -1408 -4525 529 15542
-4812 17252 -3780 -1749 -5199 11397
368 14344 -1684 12 -6772 3294
3496 13876 -996 579 -2383 931
4476 14072 -1228 995 1056 1023
4752 13748 -1080 1228 2857 401
3580 14768 -1456 1867 2318 -743
2716 15576 -1960 2283 -57 -3491
30784 19504 6784 4388 -3575 -5141
5004 13404 -884 2674 3876 -8113
3284 17248 -6464 3196 -316 -5710
2636 16176 -1184 1660 -644 -2306
3216 16160 -1896 1675 889 -645
3960 15760 -2640 2046 745 -386
3628 15952 -2284 1264 -283 -825
6212 15756 -5068 1248 -770 -1056
3768 16204 -3444 1556 -661 -1906
3440 15832 -3084 1668 -253 -1966
3556 16252 -3892 1901 -725 -1712
3008 15912 -3528 1399 256 -1300
3632 16724 -4824 2050 267 -1275
2372 16264 -4220 1875 891 -1619
2828 16808 -4292 1481 -42 -1949
2824 18920 -6288 518 -243 -2495
2356 16868 -4912 138 2329 -2345
2044 16756 -5092 -242 4426 -3277
1552 16352 -3904 461 3133 -4398
-984 16852 -2924 1316 1401 -4771
444 17212 -3832 2136 428 -5672
-624 16664 -4192 1507 -226 -4875
452 19012 -3372 1788 -1391 -6671
-352 18560 -2264 2205 -2095 -10707
-308 19520 -5240 312 -1949 -13099
-548 18036 -3836 1928 -6300 -18044
-8336 17860 -5792 5049 -3105 -19936
-5228 16552 -7556 2845 -9661 -15642
4640 11708 -2164 -1896 -10501 1509
540 7708 -1396 -2267 -6747 9928
-32 12396 -1716 503 -4073 17864
-1696 16600 -1764 1018 -1888 21637
-1268 20004 -2344 54 1889 21924
-1224 18396 -1800 -1511 4967 19396
-1384 20372 -3844 -2087 9239 19304
-732 20116 -4176 -4773 8808 20317
-3952 20708 -4384 -5282 6134 17852
-4228 16708 -3596 -3534 -435 11724
-3476 14936 -3304 -441 -6708 2082
5544 14224 -1568 250 -4973 -1463
7012 14908 -576 543 -504 218
3168 15596 -1600 1863 4665 -1003
496 15912 -2640 3225 3653 -5613
26244 14900 2460 5011 -3613 -9504
3436 17348 -616 2429 2645 -10025
1580 18564 -4944 1780 5568 -5093
1908 14676 416 2760 -505 -3716
3028 16476 -1932 1740 1475 -2413
2928 16100 -1780 1908 -132 -1597
2724 16132 -2868 1486 -1085 -1855
2940 17100 -2764 698 -2119 -1793
2492 15720 -3048 1860 405 -1958
3740 15732 -4660 1961 -792 -1154
1944 16252 -3860 2027 -1106 -1698
1832 16500 -1672 923 -1058 -2395
3044 15380 -4820 1304 -386 -2512
1220 15936 -4780 764 -121 -2742
732 15996 -3212 757 229 -2752
736 16624 -4136 1104 -532 -2990
1124 16520 -5064 1662 -131 -3397
-312 15968 -4248 1737 822 -3529
-632 16528 -3884 1443 204 -4026
-304 16932 -4944 1273 74 -4784
-1044 16928 -3904 1396 -663 -5274
-68 19380 -4076 1575 -1238 -6903
300 19632 -4992 -1017 -1419 -11315
-2088 15600 -3052 -2006 -1166 -13486
-4272 16028 -3852 -497 -1297 -16431
-3492 18448 -4060 1474 4276 -17273
-8532 16792 -5156 2372 5207 -14095
-2084 14092 -4704 -1890 -4559 7768
-224 11620 -5576 -1754 -9439 15216
2464 13044 -3624 -3139 -15926 21410
872 15904 -884 -307 -5779 23936
-1444 19712 -1604 3745 2717 24594
-1388 19196 -2620 745 2585 18858
1808 23748 -5520 -230 1458 14079
-4024 22248 -2244 -4187 3709 18095
-2348 20184 -3400 -3586 3562 17239
-7768 17436 -2944 -489 442 9421
-636 16144 -2076 583 -985 -1623
5188 13228 -188 380 -731 -2053
5284 13756 -1716 232 1649 510
3972 14192 -1808 1053 958 1257
2260 15648 -1956 2182 154 -2116
6248 15472 -2632 3654 -2564 -5552
-2032 17768 1060 -67 -3149 -11784
1856 14192 -3120 5319 -3636 -10463
2992 17436 -3816 1359 4646 -4636
744 16232 1244 1548 -1122 -1815
3120 16836 -3236 260 673 -989
2016 17100 -1904 -107 -1405 -1019
2448 17564 -3320 514 276 -912
2932 16604 -3392 866 -338 -1395
2956 16208 -4368 832 310 -1381
3624 15776 -4700 1186 946 -2194
1768 16184 -2352 899 536 -1742
2112 16404 -4140 975 1015 -1400
2632 16220 -3552 1619 1222 -1911
1412 16264 -2600 949 1206 -851
1280 15988 -4068 936 968 -1417
632 16532 -3020 1332 1687 -1912
1824 16204 -4312 734 869 -1613
1760 15984 -4328 1829 1142 -2638
348 16348 -4064 2007 721 -3886
112 17152 -3332 2333 24 -4589
-296 17200 -4436 1800 -1014 -5702
1484 20176 -3732 -98 -1189 -8273
-424 18036 -3000 -1487 -97 -11112
-1648 16348 -5044 -1239 -1161 -12532
-2244 16460 -4220 1345 -3687 -15860
-8624 20228 -5472 5956 -730 -16543
-6812 16948 -6356 367 -4375 -12727
-736 10448 -892 -3079 -3365 -2401
-1536 8060 -1512 -3492 -4407 5894
-4200 10444 -2248 306 -59 12754
-3896 11828 -2240 173 136 15274
-2692 15744 -2120 -482 -3140 18712
164 18904 -2852 -2277 -2928 19196
1076 17836 -1944 -1857 997 18392
484 20492 -1856 -2199 6233 17721
1608 20840 -4360 -2713 5180 20371
-740 22312 -3776 -6231 5147 16569
-2844 15588 -3868 -2514 -3237 10251
364 15504 -1856 -323 -4334 2593
4104 13496 -1004 601 101 366
5608 13700 -904 323 1629 1326
5588 14328 -692 1158 1625 1329
3604 14580 -468 1578 2020 -619
2280 15324 -1700 2465 1679 -3151
-688 14804 -2516 3225 752 -6281
32767 23476 -1860 -7918 -18466 -5877
1356 15320 -476 3327 3886 -11543
2620 17980 -1984 2356 1529 -2970
4044 15992 -1788 652 -4145 -454
3576 15924 -3456 2314 1689 -802
4924 15908 -3244 1686 -934 -1099
3776 16416 -3364 1562 355 -1375
3156 16080 -2256 2098 1548 -1445
4308 16164 -3752 1374 1579 -1640
4652 16252 -4612 1635 1637 -2147
3920 16120 -3672 1112 579 -2005
4016 16172 -4936 832 2282 -2305
1060 16472 -1844 1148 708 -2179
2292 16164 -3504 2059 535 -1578
-808 17520 -4144 1468 251 -1914
752 16748 -3296 1505 354 -2074
2108 16208 -4280 1876 942 -1753
1816 16676 -4860 1417 383 -2006
1636 16488 -5180 1237 -151 -1955
1472 16544 -4852 926 531 -3197
-240 16532 -4120 705 239 -3331
-504 17260 -3648 1075 -1220 -3415
760 18608 -3212 1225 -1437 -5247
592 18384 -3544 810 -699 -8320
-1088 17036 -4864 790 -42 -9666
-1936 16716 -3668 413 -1983 -11013
240 19924 -3220 2957 -6611 -14321
-3084 19240 -7840 6016 -3881 -20306
-6516 15892 -8448 3478 -10142 -13649
3284 11260 -1556 -6107 -16516 -1275
424 8012 -652 -3265 -4842 9914
-868 14920 -288 1846 5659 16214
-4184 16292 -1896 2637 3827 19674
-2196 18232 -3612 -4871 2728 17744
-1932 17976 -2720 -2848 5440 19165
408 18400 -3844 -2385 8390 19120
-2184 20120 -3716 -2460 8062 19119
-52 21116 -4332 -2722 4559 17515
-4600 19584 -3300 -7329 927 14242
-1956 16012 -2536 -1238 -5381 6459
2028 14536 -1084 -359 -3028 1273
4400 13668 128 452 2174 -258
3988 14048 -480 1640 3780 -717
3656 14864 -676 1629 807 -1968
6792 16932 -108 3174 -3362 -4172
6284 18168 -1332 380 -3461 -10259
6148 15040 -992 1228 -1132 -6010
1900 15996 -24 3386 175 -4214
5576 15884 -1620 2314 -1270 -3729
4104 15180 -1500 2816 645 -3443
3364 16620 -2296 3032 808 -2480
2496 17208 -1236 2790 -161 -2140
3892 16164 -3184 1942 -1263 -1947
5348 16156 -5404 1279 1357 -2044
4272 16032 -4456 1726 3088 -2851
2616 16328 -2072 2414 3533 -2639
1492 16092 -1488 1901 -88 -2548
1380 16220 -3108 1693 -1438 -1998
2348 16500 -3864 1320 -1159 -1659
1944 16144 -4004 1043 -706 -1867
1320 16308 -3760 1384 -200 -2242
1068 16264 -4520 1589 939 -2226
388 15988 -4348 1083 1522 -1953
288 16236 -4628 1132 332 -1244
240 16536 -3492 600 -1 -2966
420 16720 -3696 1483 -590 -3417
100 17124 -4812 1437 -1097 -4409
560 19636 -5956 413 -1448 -6775
-816 17476 -3428 -606 -178 -9243
-1896 17000 -4508 -216 -1328 -9574
-4108 15080 -2848 -770 -2404 -10126
-2764 16928 -4452 1100 -4435 -12625
-4636 19180 -4272 2408 -1576 -16664
-7088 19008 -4528 3217 -2883 -17571
2076 14952 -1036 -1661 -4172 -3238
-2680 9236 -2224 -2004 -2675 3699
172 7800 -1216 -2879 -5047 11141
-664 12572 -1016 679 -3989 21340
-2156 17404 -1436 2933 -580 25563
-440 21312 -3000 -772 1192 24275
768 19460 -1424 -1342 3583 22410
1064 22724 -2500 -1967 5049 21098
-3776 23116 -3360 -5351 4309 18506
-4568 18864 -3292 -6130 -536 13478
-4784 15528 -2760 -298 -3234 3380
2352 13608 -1356 257 205 -1099
4500 13192 -2028 333 491 475
5732 14288 -1908 345 1228 247
5844 15264 -2080 2408 1170 220
7252 14704 -1168 882 -2769 -1411
6088 14604 -972 1644 -3522 -1182
8984 14904 2340 2277 2840 -5696
2492 19492 -1672 940 3672 -11360
4476 17008 -2164 3676 2734 -6020
3752 17144 -4284 2701 1696 -3066
4676 16324 -3948 2273 3163 -1975
2988 15820 -1584 2508 1840 -1403
3200 16660 -2552 3093 1811 -1659
3112 16192 -2540 2300 789 -1225
3064 16252 -2760 2126 -935 -776
3428 16320 -3712 1446 -237 -989
2836 15852 -3452 1220 -1149 -1992
2584 16692 -3256 584 -1092 -1388
2996 15988 -4180 581 -565 -904
2808 16388 -4100 865 506 -882
2328 16136 -4240 1006 1298 -2286
2336 16232 -4044 1006 797 -2497
808 16884 -3688 1012 958 -3218
1384 16356 -3948 1222 652 -3600
1152 16736 -3392 1179 15 -4071
520 16316 -3796 211 -1421 -5199
-672 16600 -3780 813 -178 -5518
1020 19604 -4596 1059 -2350 -4654
428 17936 -2840 529 -1423 -7819
464 17428 -3940 305 -145 -9179
-3728 14492 -3516 1866 -1297 -9707
-4232 17280 -2840 3934 -5894 -9687
-2044 20360 -4516 5545 -7497 -15794
-7316 18280 -7264 6407 -7740 -18337
-10284 11592 -5196 -6708 -290 -560
964 9456 -864 -3331 -1796 922
-772 9360 -1444 -2919 -1138 10649
-544 13108 -1692 -706 -2262 18903
-2052 16956 -2348 996 -642 23644
768 18704 -2500 -1596 2718 22085
1088 19780 -3604 -1672 6455 20237
-544 22388 -4092 -890 8375 18127
-4076 23628 -7436 -5627 5114 18370
-3132 19432 -3844 -6523 -1120 14416
-5996 16312 -2684 -887 -7009 6478
3224 15200 -432 -254 -5918 -1242
3856 14564 -852 233 1056 -486
6224 14068 -720 1112 2915 -59
4604 14816 -1196 1122 965 1186
3912 14316 -2012 1295 -1881 -1302
2888 15172 -2244 2665 3191 -4606
26004 17420 4968 2807 -2140 -9878
-124 12732 296 4171 3309 -16143
1244 16832 -172 3748 3043 -2032
3380 15116 -4312 3461 -1662 -2629
1380 15992 84 2731 1041 -1400
3536 16408 -3616 1265 -2187 -373
3476 16568 -4564 1945 -1724 -176
3464 16120 -4668 1192 467 -1073
3368 16156 -3484 1574 1105 -1432
4048 16388 -5184 1829 1811 -1498
1208 16556 -3276 1696 252 -2471
1076 16276 -2396 1517 1020 -1741
1352 16312 -3892 2077 -14 -1230
2048 16660 -4144 1198 -250 347
3488 15928 -5364 1437 2141 -1356
992 16544 -3492 1733 81 -1083
2328 16204 -5332 2069 2039 -2409
1064 16424 -4244 2388 1154 -2362
-444 16640 -5432 1251 520 -3377
640 17096 -4052 1367 -1345 -3556
408 16996 -4532 987 -757 -4059
900 18112 -5624 882 -418 -5599
-1540 17888 -5044 461 -2413 -7740
-536 16868 -5416 -443 -2955 -9868
-1696 16500 -3176 641 -2261 -11687
-1708 18528 -5072 2693 -1592 -14233
-4240 19392 -7112 5112 -1614 -17192
-9240 17420 -6712 5450 -3860 -16173
92 13108 -1704 -2394 -10306 -1034
680 9800 -2644 -3985 -7649 5481
1148 9380 -2416 -3382 -5447 14278
-8 13484 -2472 -1043 -923 21393
8 17576 -3664 -184 3253 24489
1280 20212 -4452 -2243 7519 23621
2280 21048 -3924 -2048 7660 22231
-1472 24168 -5552 -1433 7681 18014
-3064 19900 -3680 -8749 -919 16446
-3288 16720 -2324 -2391 -4645 10199
-588 14148 -932 -2384 -5780 3463
3600 14016 -556 -431 940 929
4168 13996 -992 -498 3172 150
3352 15832 -2876 1310 1737 -420
3752 16324 -3700 1790 -4574 -3412
12596 17968 -880 2326 -7925 -7384
6948 18084 -820 -1741 -253 -9460
1904 15572 320 3454 3590 -6201
2372 17244 -3252 2395 197 -4446
3296 16124 -2020 1553 -567 -2771
3532 16128 -1708 1315 -1355 -1658
4752 16244 -3772 1166 -54 -1147
5600 16656 -5408 601 1862 -2041
5588 16404 -5308 870 3402 -2640
1536 16364 -900 1835 4106 -2099
2188 16200 -2516 2334 1119 -1469
2304 16128 -3636 1769 477 -1475
2240 16236 -2944 1517 383 -2009
1976 16304 -3624 1590 1696 -2415
1616 16348 -3596 1992 53 -2589
1224 16024 -3192 1995 -1126 -2007
1484 15684 -4592 1393 178 -2143
616 16440 -3480 1146 -306 -2385
1224 16652 -5132 1188 -567 -3400
552 16544 -4904 1225 -327 -3859
-692 16344 -3232 1218 -550 -3834
624 18160 -5344 1333 -964 -4508
-20 18236 -2352 -95 -602 -7558
-1176 17084 -3432 332 24 -9605
-1236 15916 -4052 7 -1303 -9920
-2600 16096 -2412 -239 -2478 -12368
-3928 17076 -3476 544 -1327 -15237
-7096 19860 -5180 3428 4811 -17057
-8112 17428 -7484 2861 -3349 -13321
3228 11204 -2320 -3539 -9665 -822
1544 8140 -1936 -2121 -8188 10645
1112 10456 -1896 -340 -3288 18695
-1028 16372 -1660 2155 -123 25360
-988 19964 -3768 -1511 6519 25050
-2348 20908 -4320 -1240 8775 23483
-1052 21880 -6172 -2254 7757 20274
-3020 21484 -3728 -4095 1479 18016
-1872 19772 -3304 -5571 -1695 13408
-1904 16108 -1684 -878 -4889 8377
1452 14028 -1140 -1186 -3260 3398
3024 13736 -656 351 -1047 1930
4124 13996 -728 700 1222 492
2060 15144 -1920 1498 2577 -1920
11804 15340 -332 2529 -1631 -5592
6280 19208 1756 1697 -2344 -13803
3448 15216 -1088 4477 5890 -8123
3456 16644 -3272 3619 1496 -5972
4292 18496 -6228 1539 1861 -2526
3300 16484 -4292 1295 1621 -2775
1480 16636 676 1719 -36 -1621
2176 16760 -2692 1437 -26 -1483
2884 16060 -2324 937 -775 -1690
2244 16136 -3096 845 -135 -2187
1932 16256 -2976 916 -563 -2162
2632 16864 -4672 1367 1348 -2275
1680 16032 -3376 1246 1140 -2230
1896 16532 -3956 1190 1457 -2362
1184 16284 -3220 961 1898 -2133
768 16296 -3192 967 1797 -2230
568 16344 -3688 699 896 -1690
956 16316 -4232 986 725 -2401
516 16644 -3988 1260 -97 -2791
104 15756 -3420 915 -606 -2727
220 16896 -4712 1411 219 -2941
-408 17252 -4468 544 -1000 -2957
-720 16576 -3948 465 -697 -4375
-1176 16476 -4264 703 -702 -5304
-1244 17632 -3576 530 -1349 -6458
-1196 17748 -4036 433 -566 -8726
-1456 17944 -3436 1691 -2751 -11086
-2000 21332 -1692 3181 -5478 -14469
-4216 20352 -6324 9796 -13121 -19927
-3212 10952 -6096 -3204 -5629 -7302
-1848 9032 -4296 1421 -5358 2740
352 7840 -1456 -2644 -8283 10692
1012 11368 -1508 -1616 -4204 17589
-948 16500 -2564 2009 1515 23168
-1748 19948 -4088 -1049 4927 22495
1056 19788 -5640 -3229 10276 21203
-4280 21940 -2612 -1858 11911 20908
-1176 23212 -5056 -7043 3982 18762
-4624 16224 -2564 -5411 -3264 10722
184 16536 -1240 -1375 -6005 5152
4360 14824 -92 -874 -1940 1757
4472 14208 -152 51 1672 1966
4412 14384 -768 704 2587 1465
6092 14700 -156 374 503 -587
7192 14356 -640 230 -1447 -339
6348 14692 -1020 1030 -2630 152
5488 14520 -1628 1209 -1082 -617
4896 15240 -1080 2802 3501 -3585
17284 18992 -476 3725 421 -7729
764 17848 -1192 -332 6008 -10022
-372 16304 336 3169 2058 -4646
3604 16716 -1468 2677 696 -2414
4752 15880 -2908 4123 5304 -1259
1316 16508 -608 3232 1553 -1327
2776 16692 -2788 1737 -4324 -749
3200 15992 -2660 757 -4228 -1155
4952 15816 -4700 2168 -566 -1636
3244 16128 -3112 1230 361 -2245
2536 16304 -3000 1657 671 -2496
2560 16108 -3736 1704 1448 -2837
1664 16580 -3524 1420 2587 -2959
976 16396 -3288 1669 1738 -2821
1164 16396 -3776 1647 1269 -2714
1116 16116 -3680 1868 798 -2862
548 16264 -3492 1892 401 -3441
1700 17376 -5152 2324 517 -3207
660 17028 -5352 1613 -727 -4064
-584 16712 -4004 564 -1087 -5022
156 18416 -4980 810 -896 -6719
64 19104 -3092 768 -940 -10558
-1912 16712 -3380 582 -1606 -11740
-3916 15728 -2780 1221 -3398 -13042
-4236 19256 -5612 2211 -339 -15460
-6728 18512 -5944 4514 312 -14755
2736 16556 -3932 3723 -7054 -1666
-1360 11776 -3220 -6362 -13806 3452
-476 8728 -1340 -3741 -10766 10685
-2612 11780 -140 -986 -1235 17226
-2876 16128 -680 1222 496 21261
-1864 18648 -2484 -1284 1816 20546
-2192 18768 -3324 -1077 4587 19391
244 19192 -2416 -229 5190 19019
-1964 20448 -2844 -3179 4840 19420
836 20504 -2852 -4737 -645 16295
-1484 16412 -2724 -3662 -1333 10284
508 15576 -1168 -650 -3774 3249
4844 14172 -116 -288 -2277 499
5904 13656 -1100 370 749 1173
4220 14396 -1012 1393 3031 265
3900 14972 -1060 1711 2319 -1334
4304 15340 -1844 1662 -783 -3222
14968 16508 36 1079 -4898 -5491
5160 17492 -508 -326 3 -10641
3552 16020 -1632 3953 3276 -6290
4704 16320 -1540 1960 -650 -4361
5908 15088 -780 2187 -844 -4682
3976 17092 -2332 2403 2555 -2073
2980 16588 -2500 1460 53 -724
3824 15904 -2228 1771 1726 -704
4168 15952 -3136 1601 2092 -1150
2960 16196 -2276 1161 361 -1289
2708 16092 -2500 849 -446 -976
2724 16032 -2216 1384 -1415 -362
2908 16632 -3860 1731 -516 -109
3580 15932 -3476 1555 -287 -894
3560 15612 -3468 1482 772 -752
2688 16448 -3728 1499 653 -1013
3644 16500 -4732 1341 464 -2112
3488 15960 -4824 1526 998 -2816
2524 16580 -5296 1696 1132 -3954
868 16588 -2488 1846 787 -3879
1276 16096 -4092 2093 807 -4012
1536 16580 -5140 2324 389 -5039
68 16752 -4436 1525 -686 -6108
-152 17556 -4848 1291 -1395 -5694
816 19740 -4120 185 -1843 -8382
-68 18708 -3720 -553 -2412 -11958
-1376 16692 -2952 -708 -3916 -14859
-5024 17716 -3956 3176 -1598 -18046
-2940 17832 -5736 2223 -142 -19426
-10064 12672 -6852 -864 -4184 -4963
1064 10164 -3760 -3918 -6546 -931
-2688 8860 -1408 -1266 -612 7352
-4912 12680 -3784 -2218 798 11536
-1684 13664 -3428 -1952 -306 14640
-1980 15820 -2440 -1456 307 18097
660 16740 -3300 -1773 2526 20034
916 18272 -2908 -1539 4857 21295
2480 20952 -3512 -1381 5777 20636
-3364 22356 -3924 -4958 2256 18754
-848 21092 -3928 -5323 -988 16522
-2812 15624 -1872 -1781 -3559 8920
124 14168 -1732 -17 -3041 1235
4044 14788 -232 -170 -2527 -228
5592 14568 -536 -43 2947 526
3420 15344 -1840 1327 5846 70
1812 15656 -3780 3271 1071 -4756
15148 17844 -908 324 -6342 -9590
5148 15060 172 -237 565 -9070
4760 14948 -496 3560 5664 -6959
1652 17368 -4504 5835 -2585 -6239
3128 16924 -3368 185 1037 -2692
2988 16196 -2624 2804 736 -1197
1788 16728 -1736 1787 736 -1288
1696 16588 -1636 1684 -335 -1042
2800 16288 -3016 1272 -939 -1163
1976 16220 -1932 1159 -1756 -1429
2620 16556 -4024 1571 -94 -1337
2388 15908 -3316 1618 1535 -1486
1736 16124 -3096 1880 414 -1207
2172 16272 -4296 1436 1004 -1656
1600 16300 -3524 1198 1497 -1718
1176 16152 -3548 1604 1690 -1827
1556 16536 -4532 1614 1973 -1941
724 16424 -3844 1820 2119 -2305
1420 16816 -4588 1351 2245 -1648
356 16724 -4228 1506 595 -2659
192 16388 -5628 1158 451 -3246
-216 16768 -4396 952 -392 -3471
-812 17076 -3940 804 -784 -4407
1036 19860 -5088 309 -1736 -6073
448 18096 -2844 955 -1221 -9676
-1788 16224 -4160 1772 -3081 -11650
-2092 18328 -4008 3256 -3695 -14527
-4896 18492 -5268 6704 -6242 -18400
-4876 14248 -7416 1329 -6925 -11471
568 10564 -4256 -4371 -10323 -2316
812 6976 -1216 -2415 -5207 6100
-1132 10752 -1440 575 -708 14591
-2240 14416 -1808 1068 -283 18410
-1824 18860 -3560 -913 -604 19586
-812 19000 -3060 -1783 4565 19488
1252 19256 -3408 -533 6616 19077
-1396 21612 -3528 -2816 6545 16496
276 19572 -3576 -4231 -383 16231
-2340 18828 -3004 -5570 239 10754
324 16568 -2496 -909 -1934 6413
1808 14524 -1360 -305 -925 1644
3196 14516 -696 200 -1342 444
3736 15064 -1572 133 179 -590
5060 15184 -1016 -1143 -454 -1619
4956 15024 -1440 697 1593 -1615
3232 15232 -2128 1471 2715 -2291
19744 20384 1708 1045 -2232 -7580
508 15848 656 -2939 31 -8091
3964 16296 -1300 2278 878 -5268
3212 15364 972 2222 -1009 -6766
1744 19100 -2712 2900 1578 -792
2812 16208 -3344 2433 -358 -849
3576 16444 -3436 2494 186 -255
2628 16372 -2668 2080 861 -837
3532 15956 -3168 1609 837 -1212
2788 16816 -3796 1114 -998 -1719
2568 15920 -3224 1586 -627 -1646
1836 16316 -2792 1647 -510 -1434
2228 16016 -3480 1592 -744 -1675
2072 16160 -4192 1723 32 -1408
1588 16244 -3708 1914 -208 -1754
1508 16268 -4088 2076 1398 -1678
2276 16608 -4980 1835 1197 -2368
308 16460 -3656 2080 520 -2155
1584 16752 -5700 2008 976 -3035
2068 16476 -4760 1780 195 -4263
-192 16868 -4856 1670 -1048 -4204
-312 16492 -4596 620 -1251 -3188
2232 20368 -4540 1334 -1497 -5864
1016 17956 -4376 -1718 -1122 -10019
-924 17424 -3212 -1354 -1402 -13150
-296 18368 -3244 2623 -3437 -17946
-1624 20712 -6576 6268 216 -21620
-9004 15708 -7176 3345 -3402 -17480
2468 12444 -3516 -3368 -13587 338
716 7188 -2876 -6144 -6603 7826
-2172 9604 -2172 371 -2470 16266
-576 13632 -1848 -383 -109 21395
-2856 18548 -3836 608 1666 23858
-540 18620 -4244 -3183 6592 22167
-420 19496 -3712 -1432 8393 22901
872 22856 -5768 -4068 10477 20798
-2884 20680 -3916 -5026 3496 18999
-4436 15620 -2556 -3330 -2750 9215
-1432 15060 -860 -1757 -6794 2923
4920 14124 -696 -1224 -3779 -54
5864 13632 -980 256 -1063 430
4012 14084 -1152 1369 824 25
1924 15360 -2292 2126 23 -3058
18068 19636 -140 2370 -7406 -15409
6152 15596 -688 -201 2369 -12684
-2260 17208 -48 3741 5989 -6969
2492 18516 -3972 2753 791 -2796
2428 16396 -2752 2553 -2923 -1737
3620 16516 -3744 1540 -1596 -1352
2376 16420 -1584 1174 -1897 -1561
3248 16136 -2628 1779 -603 -1481
3272 16316 -4472 1325 517 -1783
2984 16028 -4300 1734 440 -1224
3216 16376 -4128 1657 554 -1491
2304 16248 -4296 1449 -63 -1246
2612 16236 -4000 1900 373 -2031
784 16788 -3132 2484 820 -1606
1740 16120 -3664 2754 228 -1161
2712 15996 -4940 2532 -93 -1994
1372 16332 -4660 2569 1291 -3762
1940 16304 -6440 4009 2091 -4165
344 16564 -6532 3616 475 -4267
-1028 17392 -5256 910 -1408 -5580
100 17004 -6096 979 -2064 -4835
-432 17032 -5916 630 -1940 -5406
512 19268 -6032 1930 -2609 -7880
408 19668 -4972 -1331 -1270 -12645
-1064 17908 -2368 393 -1468 -16907
-4640 18744 -7376 2696 2826 -19519
-4208 15176 -6924 -548 -3129 -11670
3080 12052 -3784 -5369 -12976 -1811
816 8820 -3356 -5557 -7742 6861
-1060 11164 -2168 -711 -2728 13805
-228 14760 -3688 -113 1399 18492
-1580 19124 -4216 483 52 21538
-1040 19148 -4752 -1929 4407 19854
488 19280 -4532 -986 5553 19830
-344 20156 -3928 -3328 6878 18673
1772 22248 -4884 -4339 2888 20657
-3768 19284 -4096 -4963 -1547 12049
-684 16560 -1936 -1433 -10143 4763
4772 13824 -240 -1751 -679 2348
2996 13976 -1492 1410 2548 2591
2224 14064 -2016 1370 1142 -696
2508 14688 -2312 1736 277 -3449
16452 21656 1292 3728 -6249 -19152
1724 11764 -340 344 2056 -11515
324 18636 -5152 4654 -1608 -5823
2256 16932 -2472 -656 -3966 -1609
4328 15992 -2636 1718 -3689 -724
3612 15804 -2372 752 1131 -868
3144 15824 172 1580 640 -429
4144 15200 -1404 5108 323 -355
6404 16972 -13128 4053 -148 -1425
4680 17612 -8384 -952 2274 -1155
4112 17748 -6008 -2900 3198 -2364
928 14636 3244 -2247 3575 -4019
516 16708 -2364 2465 2681 -1879
3356 15560 -3760 2573 3195 -1643
-1096 17012 -312 1857 1597 -1840
2180 16292 -3576 1864 -63 -1567
1988 16220 -4396 1464 474 -2486
1204 16384 -3852 1288 -20 -2682
1212 16056 -4532 2229 -335 -2370
744 16496 -4724 958 806 -3588
56 16244 -3868 2469 316 -3346
184 15944 -4680 1742 -1522 -3225
4 16564 -5164 1367 -981 -3330
-568 16756 -4388 1322 -1378 -3952
-1128 17608 -4756 1574 -1332 -4925
2116 20472 -4768 973 -2315 -9503
-484 19372 -1484 992 -4956 -14853
-804 18184 -3564 2715 -3223 -20201
-4292 18892 -7468 4426 -1129 -20598
-1488 13340 -3588 -6484 -5563 -2978
836 8040 -3484 -6367 -4603 3808
-116 7620 -2940 -2883 -5431 15467
-2544 13040 -1848 330 -2988 19735
-2428 17528 -2844 2475 -1578 20720
-1232 19760 -3416 -1952 2563 19780
336 19672 -3844 -643 4541 18719
-420 21300 -5588 -1510 5394 12112
-1664 19664 -4972 -5816 1897 16518
-2404 19508 -4500 -2847 3445 12063
-956 16356 -3884 -1275 909 7534
1636 15500 -2256 -651 -27 3458
4116 14956 -1376 648 -629 1717
5472 14668 -756 157 1226 1726
4608 14612 -892 904 2388 2266
4496 14648 -1084 1158 1162 764
3468 15144 -936 969 1424 -1026
6596 17116 -1124 3195 -171 -6215
3256 18416 -988 83 -763 -9871
3216 15988 -640 3223 -6 -4581
6036 15316 -3044 1922 -1518 -4068
4160 17504 -4792 2504 1879 -2533
1852 16128 -1580 2396 998 -1941
3352 16264 -3008 2569 1588 -1633
4740 16172 -4952 769 1099 -2564
4344 15636 -5796 1534 -1109 -4039
920 16472 -760 643 -12 -2310
1996 15792 -1424 1869 74 -1771
2444 16412 -4756 2113 1071 -1997
2024 16448 -4216 1513 1849 -2598
1484 16600 -3384 1495 2052 -2759
1528 16196 -3668 1484 1285 -3280
1036 15984 -4000 2031 902 -3406
428 16448 -4164 1993 158 -2563
352 16332 -5164 1317 490 -2742
-12 16452 -4672 1071 -200 -3235
-964 16408 -3540 1310 -209 -3429
172 16960 -6232 1141 393 -4224
-1264 16500 -4904 1009 -497 -4679
-1792 16488 -5016 391 -426 -5328
-1280 17896 -3116 1238 -1654 -6933
200 20556 -3764 986 -2382 -10437
-2984 16916 -2832 -276 -6131 -14924
-5124 20984 -6584 3872 -3360 -17256
-5464 14392 -6928 2503 -8209 -14896
-980 12580 -4284 1235 -11262 -816
-1236 9628 -3408 -3453 -3786 5087
-204 9552 -2324 -995 -1367 12029
-4680 13572 -3124 2390 -1235 17140
-3648 16896 -2380 2210 -655 18414
-1068 18556 -2212 -1093 1978 17279
-440 18372 -3216 -1432 5882 15432
684 17656 -2928 -2646 6961 16773
636 19932 -3452 -4009 8373 16050
1548 19736 -4060 -3235 4198 18881
-2760 19504 -4328 -4223 -441 10486
-1204 16328 -1320 -652 -6514 4966
4316 14352 -1032 -2170 -2947 2685
5356 14288 -1064 -1412 375 3612
4300 15848 -1556 772 1300 3585
2348 15284 -2100 459 177 954
-1012 14784 -3504 2164 2485 -3894
32767 17224 8492 -796 -7228 -7529
-3388 18816 -800 1002 -3997 -11841
3548 17208 -3324 4912 2324 -6824
4208 18260 -3524 2269 -90 -2226
2612 15856 -1500 2470 543 -2904
4840 15928 -3888 1534 -402 -2494
3968 16376 -2984 895 8 -2317
3944 15764 -3624 2844 439 -2597
3916 16580 -4400 2142 656 -4657
2116 14800 -2532 3227 885 -3726
2212 16584 -4900 4272 1513 -2810
1420 16976 -4268 2655 907 -3055
1572 16660 -4520 1844 310 -2069
596 16164 -4128 662 -907 -1929
1236 16276 -5412 236 -458 -1657
824 16540 -4936 884 562 -1393
156 16136 -4280 422 485 -1561
628 16468 -5084 708 -413 -1946
996 16096 -5536 1281 -420 -2389
-244 16080 -4856 1337 285 -3211
-488 16500 -4604 1920 -601 -3645
-636 16944 -4448 2162 -1128 -4489
-1016 16812 -4876 1041 -640 -6145
248 19708 -5388 1451 -1776 -9836
-72 18592 -4128 -1440 -2605 -13270
-76 17956 -3128 417 -3094 -18107
-5260 23320 -9024 3377 2533 -22219
-8256 12300 -4720 537 -2975 -16493
4960 9456 -3332 -2726 -8469 -529
176 8052 -3408 -2195 -2194 10076
-3760 9392 -1340 -774 -9541 18453
-2544 14932 -1564 -409 -10038 23738
-1024 18644 -2044 1620 -341 23365
-1304 20544 -2828 1028 9488 20304
-428 20532 -4760 -542 7409 18630
-3332 21284 -3336 -4631 3959 17644
460 19472 -3600 -3849 1809 16295
-1464 16692 -2492 -4596 3106 9905
752 15832 -1908 8 1741 4816
3348 15260 -1636 127 1357 2384
5176 14208 -1072 164 -510 1970
5880 14736 -1256 -83 -1010 1600
6140 14324 -976 690 -1075 1412
5220 14700 -1720 963 -2027 256
4668 16296 -2984 1004 -1975 -4523
8324 18940 -968 -160 -5529 -14801
5884 16540 -1156 1694 9028 -7299
1848 16112 -2112 2927 4749 -4475
4992 15412 0 1604 495 -3769
1792 16380 -676 3623 -118 -2821
4088 16564 -1944 1784 586 -1841
3824 16440 -2700 2220 933 -2214
4344 15652 -3080 2573 998 -2599
2204 16208 -2360 1797 233 -2306
2616 16252 -2740 1712 131 -2541
2304 16244 -2772 1556 462 -2648
1648 16364 -3336 1462 355 -1977
2436 16424 -3584 1434 747 -1769
1940 16428 -3608 1179 -112 -1378
1700 16140 -3820 1324 221 -1316
1584 16176 -3848 1181 229 -1752
1588 16368 -3460 1291 1102 -2885
1556 16620 -4304 1456 1241 -3863
-228 16572 -3240 1105 62 -5109
-516 17072 -4696 1351 -767 -5833
24 17832 -4516 969 -1806 -6393
-396 18036 -3868 1072 -2156 -8578
872 20428 -3204 1819 -2564 -11070
-2084 20068 -840 3444 -8626 -15440
672 18864 -5700 1384 -6849 -22208
-7228 17476 -10556 3520 -3452 -17684
1788 9176 -2132 -7343 -6275 -3133
1184 8196 -2088 -6689 -870 5585
-4072 9308 -636 48 1231 14892
-4912 14864 -1904 1179 -1535 17593
-2184 16540 -2188 -470 -3229 17747
160 17940 -716 -1455 -584 19932
1364 19388 -1464 -498 6263 20769
1888 21340 -3680 -946 8245 16262
-6268 24112 -4868 -5762 7591 18595
-2576 18256 -4156 -4040 -68 12299
-4420 16504 -3404 -1414 -5734 7420
3048 16232 -1748 836 -5166 1858
5028 13992 -856 -661 -1522 2545
5624 14440 -1640 689 2027 4083
3060 13124 -680 1372 3957 4418
3008 14064 -708 1814 1801 2397
2092 14952 -1128 1961 -1791 -1604
4836 17504 -344 3001 -571 -4745
-14696 17448 -4096 2411 -3070 -12677
5256 12872 840 -384 3262 -6877
3396 15888 -2084 3534 -2368 -6279
2680 18504 -6152 2860 -307 -3240
2232 15500 -1896 598 -750 -1869
3876 15848 -2952 527 501 -1860
4712 16344 -4556 1109 2060 -2316
3068 16088 -2640 593 1759 -2446
2932 16296 -2740 1733 1140 -1830
4952 16200 -5180 1833 2188 -2143
2456 16188 -3272 1599 2659 -2901
1036 16188 -2796 1523 2203 -3095
840 16368 -2660 1462 1094 -2454
1588 15616 -3464 1732 1030 -2355
1180 16272 -4176 1553 806 -2429
648 16400 -3868 1270 441 -2190
1164 16592 -4676 1174 611 -3033
628 16744 -4656 1269 118 -4161
-1140 16672 -4020 1336 -1071 -3841
-1480 16632 -4220 834 -2661 -3422
-264 17116 -4908 334 -2913 -4827
-472 17956 -2504 480 -2844 -6749
-380 18776 -2580 9 -811 -10163
-1624 18436 -2948 937 -1668 -12037
-3268 17388 -4076 1576 -6530 -15362
-2804 16912 -5868 1361 -4332 -19550
-10204 12144 -4940 1554 -3606 -18836
4364 10764 -2032 -629 -6883 1687
-1200 11568 -2872 -1197 -8070 13021
284 13680 -1448 -1209 -4930 17747
-4152 15156 -2284 1467 1573 18803
-2428 17264 -3120 1483 1030 18870
-1380 17128 -3180 -626 2957 17607
352 18660 -2256 -391 4707 19660
992 19484 -2164 378 6525 16332
-3256 22552 -2680 -5847 6407 18008
-3272 17660 -1952 -2481 2304 10334
-3608 16232 -2520 -68 -6243 4810
5692 15292 -448 -978 -2061 -1078
6796 14700 108 -1255 -1148 2459
4872 14832 -872 378 4311 3466
3692 14640 -980 654 4972 1841
2912 14484 -2052 1509 2162 -817
3028 15324 -1852 2162 -2351 -3323
18464 18732 -1036 8090 -9467 -9760
3904 17120 -3484 -873 926 -8055
988 15988 -1216 3278 677 -5932
4000 16664 -1344 2203 -1460 -3716
1440 16852 -1624 2590 780 -1738
3912 16016 -2644 1392 -180 -266
3892 15860 -2744 1761 -1111 352
4760 16124 -4092 1876 558 -698
4204 16016 -2932 1175 859 -1627
3636 16032 -2892 1336 -10 -1788
4088 16072 -3704 1357 175 -2326
2628 16156 -3076 1604 951 -2132
3680 16044 -4060 1572 1759 -2565
2516 15912 -3424 2051 2495 -2779
1868 16240 -3048 1793 160 -1733
1756 16248 -3932 1681 1053 -2010
1160 16236 -3832 1678 1534 -2706
1408 16368 -4376 1249 561 -3089
344 16072 -4160 647 379 -3685
808 16776 -4364 1990 412 -3669
564 16668 -4940 1414 -221 -5166
-60 16792 -4988 1349 -556 -5211
-1168 16668 -4100 774 -1340 -5498
-1020 17512 -3964 834 -857 -6999
700 20328 -4024 1068 -1114 -9509
-1840 18028 -2888 -994 -4202 -13323
-3016 17436 -3192 82 -5397 -18642
-3772 16952 -4764 2058 -4267 -22163
-12828 16584 -8316 1706 1238 -15055
656 10868 -2252 -737 -10009 -37
-456 8112 -3172 -3294 -6841 9079
-128 8612 -3592 -663 -5625 16302
-5548 13016 -1832 2368 -2820 20278
-5712 16800 -1788 5089 -1088 20877
-4100 18740 -3096 -165 1454 19607
-200 16696 -2260 -1649 4842 18574
1500 18292 -2824 -941 6668 18285
-1208 21700 -3740 -2562 9129 18177
648 20744 -3428 -4368 3721 16175
-1964 17244 -2332 -4626 2482 11211
436 16204 -2072 -877 -2696 6051
4036 13216 -1368 -692 -6479 2174
6188 13384 -1992 -193 -5716 3059
2744 14040 -1416 804 -483 2391
764 15256 -1764 3013 4806 -1878
25912 19616 3724 3190 -5523 -6017
2292 17508 -1692 -2561 -2294 -12882
2040 16796 -1196 2997 3667 -6804
5096 16948 -4332 2368 -385 -4718
2592 15484 -1292 1532 2362 -3021
4640 16392 -4020 1967 -516 -1876
4660 16968 -3624 872 1598 -1388
5520 17084 -5456 1923 1979 -1806
3032 16216 -2628 1605 2568 -1439
2776 16284 -2104 1655 1332 -2154
2128 16268 -2740 1894 1864 -1637
1872 15968 -2468 1662 1329 -1810
804 16024 -2452 351 -357 -1655
3024 15972 -3388 1303 -1413 -1108
1652 16884 -4708 1004 -504 -1295
1444 16396 -4312 992 126 -1141
1648 15796 -3628 1531 765 -1213
1760 16680 -4264 1599 243 -1690
1000 16560 -3924 1745 689 -2519
988 16364 -4352 1640 531 -3001
-272 16444 -3744 1076 -347 -3323
396 16360 -4432 849 -311 -3154
192 16760 -4840 357 -932 -4223
184 16644 -5668 -55 -629 -5303
28 18944 -4124 60 -2297 -6298
836 20936 -1972 213 -2979 -11094
-2492 17212 -256 1119 -5927 -12976
-1012 16680 -1592 -627 -9712 -16395
-6028 19408 -9344 6786 -6945 -17440
1424 14620 -4604 -1086 -14494 -3932
2416 9936 -3040 -5880 -8640 1175
-276 8220 -1940 -87 3232 10724
-1392 13048 -1300 967 7023 16370
-2680 16600 -2328 1548 6122 19282
-3312 20104 -2852 -2614 4837 18549
-1500 18448 -3500 -2650 6819 16951
-1080 19348 -3920 -1556 7132 15246
-1420 17828 -1788 -3753 2946 15803
412 19248 -2760 -3165 365 15322
600 18492 -1784 -5096 -982 11766
584 16400 -1828 -1368 -2218 7045
2680 14720 -472 -756 -405 2953
4680 13708 224 447 2779 1901
4636 13588 -484 968 2898 1479
4916 14372 -704 691 -68 481
5416 15276 -616 885 -306 -783
4724 15748 -1008 2138 291 -2519
15908 18884 28 3461 -5880 -4823
4204 17288 180 -939 -2978 -11932
4848 15064 448 3197 4666 -7262
3496 16256 -1408 3297 -218 -6390
3288 15576 -2880 3392 -1267 -7603
-36 17568 -2224 1366 64 -2947
2600 16500 -2700 2584 -226 -1654
1816 16444 -2192 1776 -334 -1278
2008 16304 -3232 1409 -157 -1048
1932 16312 -2784 1546 -627 -1101
2296 16452 -2916 1793 -520 -1708
1660 16100 -3540 1875 -157 -1554
1148 16536 -3424 1569 -116 -1021
1524 16036 -3892 1702 -29 -1306
888 16236 -4176 1985 109 -1518
428 16556 -3736 1945 -35 -1963
1148 16304 -4264 2022 980 -2223
960 15672 -4468 1291 2308 -2835
284 16692 -5056 1975 2034 -1899
-884 16172 -4696 604 775 -2224
-320 16808 -4680 1395 381 -3050
-828 16508 -4532 1362 -52 -3869
-416 17028 -6348 552 -118 -5371
-956 17308 -4568 150 -364 -5905
-740 17476 -3656 -7 321 -6198
792 20680 -5148 1539 -2290 -11484
-2348 16988 -3952 -1755 -7201 -16273
-8524 18416 -4692 5551 -5768 -17653
-8164 17028 -6252 3414 -10009 -11099
80 12856 -2024 -2213 -12833 -460
952 7808 -1264 -4264 -3349 4515
404 10364 -1556 -282 -728 13233
-792 14548 -1824 1673 894 20172
-1536 19436 -3804 438 2163 21481
1596 15636 -3436 -849 4014 21316
2044 19560 -2444 -1506 1939 19686
636 23692 -3060 -2477 5075 14626
-3260 22856 -5076 -6905 3687 20220
-5880 18136 -3396 -1341 177 12509
-352 16320 -2640 -909 -2180 3653
2504 14728 -1032 466 290 1762
4816 13504 -1924 693 2259 3522
3964 14048 -1756 1210 2146 4200
4384 14448 -1460 2155 315 2605
1888 15656 -1688 2179 -2037 264
2532 16044 -1452 2963 -461 -3002
14520 16088 -2000 5123 -1106 -1909
4544 19388 -2232 -3298 7430 -10977
2584 16216 -524 4121 2022 -6940
4680 15796 -3804 2779 -65 -6755
-620 17608 -200 1601 -1419 -2778
4816 15088 -2696 1751 1604 -1725
3140 16540 -3040 1064 1362 -1516
3036 16232 -2900 1444 678 -1592
2768 16544 -2820 1237 543 -1546
2696 16148 -2852 1359 649 -1838
1872 16080 -2308 1348 -252 -1698
2788 16228 -3776 1973 -937 -1442
2204 16412 -3856 1500 316 -1918
2416 16156 -4020 1388 843 -2053
3216 16152 -3452 1946 1569 -2091
1500 16232 -3976 1394 296 -2693
876 16444 -3372 1751 -880 -2722
2184 16264 -4904 2077 642 -2984
884 16128 -4820 1632 693 -3780
-528 16644 -4540 1874 -112 -3706
-52 17096 -5024 1798 -1247 -4356
296 16624 -4888 491 -1307 -4871
560 19004 -5296 1479 -1129 -7150
-752 18200 -3636 881 -91 -9497
-1348 18252 -4264 184 -1766 -11312
-1276 17748 -4124 -532 -4963 -16001
-1056 17264 -6552 1068 -1999 -21645
-13032 14696 -7412 1821 267 -13268
1776 14508 -4228 1017 -13592 4453
964 9600 -2252 -4349 -13718 8564
1712 10912 -636 -56 -5166 17166
-1848 15924 -804 3441 2179 21474
-2460 19164 -3956 2423 2355 22484
-1576 18828 -3456 -2064 3227 19089
-572 19556 -3192 -250 6648 18295
-3052 20648 -4352 -3447 7078 16821
208 18884 -3504 -2510 4672 15996
-620 17148 -2560 -4046 3638 11885
-836 16116 -2412 397 -891 7043
2440 14512 -1716 -1336 -3554 3449
4512 14720 -436 -361 -2874 2358
4268 15148 -884 311 -1492 857
3216 15888 -1760 1488 -320 -1724
3040 17188 -1952 4440 1031 -6745
876 18428 -3140 904 -537 -13547
5144 15248 -2168 693 3376 -7415
5040 17144 -4480 2152 -203 -5040
4692 15968 -2212 1608 -14 -4338
3392 16088 -2204 2462 796 -2932
5584 16796 -5300 1671 197 -2970
3288 15944 -2772 2041 1214 -2563
2468 16912 -2336 1341 -1786 -2794
3196 15260 -2868 2653 -516 -2839
2584 16128 -3480 2109 -684 -2708
2468 16316 -3680 2126 -111 -2541
2400 16224 -4204 1461 -105 -2961
1988 15288 -3780 1840 1155 -2964
1316 16240 -4028 1229 1267 -3191
708 16076 -3908 788 2094 -3538
-384 16188 -2804 633 2249 -4093
784 16780 -4500 1415 1413 -4149
-992 15964 -3852 474 -227 -4676
-840 17232 -4532 803 -156 -4956
-928 17180 -4432 -110 -864 -5623
-308 18960 -3928 459 -1077 -7611
0 19444 -3404 720 -1271 -11693
-1452 19424 -1540 1696 -3837 -13476
-4012 18592 -6712 3336 -6037 -21670
-11760 18464 -8000 4491 -3708 -17655
32 11348 -832 -2457 -12596 -1511
536 8180 -1064 -4927 -6811 4604
308 8420 -1316 -204 1113 14156
-2328 12472 -1412 1710 3637 19727
-2380 16984 -3668 1631 3838 21928
-2220 19456 -4244 -2860 5471 20186
-2316 19252 -4548 -823 9580 18562
-2740 19928 -4708 -2588 8654 17839
-1188 19140 -3136 -2222 3218 16519
204 17972 -2532 -4190 -1175 13164
992 16520 -1396 -4153 9 10817
964 16256 -1848 -1048 38 7086
3120 15104 -2044 -2165 -3320 3882
5916 14072 -1700 -221 -2984 2643
5352 14468 -1536 694 -2699 2249
3852 14568 -1432 1048 17 -134
2456 14424 -1700 2594 3815 -3729
23392 17480 -3836 4730 -5350 -15593
3160 16836 -3196 -2196 -2404 -12465
1564 17212 -1952 3642 2932 -5492
4832 16016 -2664 2356 -1254 -5226
2160 18084 -5044 3388 -297 -3949
2960 16308 -3048 1246 461 -1858
3044 16128 -2244 576 -1065 -2174
2948 16212 -3216 1620 -768 -1468
4028 16120 -4144 1370 -84 -1692
3560 16280 -3152 1580 402 -1900
1760 16140 -1924 1754 871 -1908
2324 16552 -4084 1957 225 -2114
2676 16168 -4020 2128 1500 -2127
1956 16384 -4056 1829 1460 -2876
1940 17128 -5384 1326 1970 -4159
524 16664 -3236 1854 886 -4124
56 16284 -3584 1313 1402 -5405
-112 16604 -5188 1274 326 -5343
-1228 16376 -4444 1341 -1136 -4690
-136 18404 -4140 838 -2599 -5868
1212 21204 -2576 -241 -2929 -9080
16 18424 -2852 531 -5874 -13914
-2068 18180 -4756 4961 -6389 -21003
-6696 19440 -6336 10196 -9240 -22818
684 18384 -6692 -1115 -5974 -22308
-5416 6204 -3428 -2179 -10733 1807
628 5428 -1104 -1965 -7666 11145
-664 9828 -4060 2072 -4731 20601
-3536 15208 -2008 2980 -1871 26089
-2684 19492 -3184 624 4135 23955
-1316 18100 -3004 -1498 8643 22092
-1360 21008 -3720 -353 10106 22063
-2440 22000 -5432 -1459 6640 19984
-2932 21032 -6088 -3468 5973 16547
296 17288 448 -1694 6448 9577
464 14940 356 1313 8432 4889
3300 13348 -152 -1182 -1238 4424
2012 13500 -1484 -216 -6366 4384
-60 15056 -5560 2219 -10533 737
864 15708 -4424 1952 -1977 -5659
4248 17904 1544 2040 5033 -21210
4124 17444 -2448 2081 408 -10635
4504 18536 -6740 6461 2324 -7478
2120 16980 -1956 1676 -1641 -4579
4276 16196 -4412 -396 230 -3011
1476 16964 -1820 1415 -1570 -1704
5168 16124 -3836 730 -92 -1385
4588 15852 -4080 1160 2251 -2351
2680 15500 -3168 1526 3556 -1880
1248 16512 -788 808 54 -2570
2868 16220 -3908 1794 1149 -2066
2016 16316 -2936 1435 -139 -2360
1648 16284 -3932 1464 674 -1976
1264 16240 -3260 1017 1091 -2001
1260 16188 -4168 1172 1480 -1927
656 16192 -3552 1195 1662 -2250
224 16164 -3476 1312 1113 -2064
520 16340 -3704 1025 -518 -1593
568 16208 -3988 954 -597 -1954
680 16384 -5548 1161 423 -2064
-516 16272 -4112 802 6 -2255
-240 16492 -3784 1319 -267 -560
-584 16072 -4460 478 -4 -2374
-200 16796 -4388 579 425 -4361
-1464 16288 -4276 764 -69 -5009
-1708 17228 -5304 353 -1236 -7006
-1160 18320 -3688 428 -832 -8564
-2464 17612 -2820 316 246 -10184
-1768 20080 -4880 2476 -3431 -12311
-5588 20308 -2508 3054 -6828 -18678
-2408 17228 -3124 5697 -3921 -25528
-10084 12328 -3916 -9307 -2713 -21317
796 11356 -2120 1114 -13390 7552
-2512 5084 -1840 -3258 -7717 13085
1748 9524 -4148 2 -3352 23490
-4732 16436 -1860 1707 1119 23989
-3476 18372 -3380 713 4746 23272
-1760 18336 -2800 -520 5874 20661
-1660 20216 -4088 -1145 5305 19391
-1316 19668 -3320 -1464 4642 16557
1016 19832 -2372 -2158 3821 16749
316 19008 -3732 -3625 6562 11461
376 15488 -2320 -458 3730 7857
3180 14808 -960 -748 370 5025
3572 14080 240 -393 -3319 4129
4764 14852 -292 371 -2291 1806
3968 14912 -352 1059 -2790 71
3528 15148 -1464 1034 -117 -2884
23884 19416 1364 2955 -5566 -11151
3976 17528 -2036 447 -384 -13316
-152 18804 -2376 4000 2418 -5697
4604 15480 -1276 1484 -1806 -4312
4792 15884 -3760 2542 7 -4236
1924 17248 -3528 2373 1655 -2770
1436 16592 -2132 1163 -352 -1567
2460 16132 -2200 1389 -500 -1184
3428 16124 -3980 1897 -879 -967
3016 16252 -3600 1549 855 -1872
4700 16348 -5216 928 1544 -3033
760 16364 -1640 1501 2012 -2639
1820 16196 -3240 2029 711 -2441
2056 16140 -4488 1741 1013 -2287
1088 16208 -3644 1268 1186 -2481
1316 16424 -4072 1601 654 -2655
760 16420 -4356 1172 2015 -3677
-148 16276 -3612 1114 1182 -3740
220 16340 -4704 1368 339 -3898
-948 16424 -4844 1340 -329 -4286
-1860 16472 -4156 1282 -514 -4115
-1344 16652 -5412 1008 -1521 -5078
-1120 17580 -3868 1142 -3376 -5117
-408 19608 -3768 1628 -2570 -8693
-124 19500 -3640 923 -5997 -13578
-2020 19716 -4124 1662 -6175 -16405
-6868 19596 -8368 6546 -3684 -16762
-2788 13568 -5048 -686 -7183 -3215
2224 9292 -2820 -6969 -8858 3094
772 8632 -1840 46 -2218 13291
-2528 14836 -1956 2566 1580 19547
-3880 17236 -3616 3012 -1466 20931
-1292 18476 -2836 -592 -86 19369
-40 18720 -2352 401 5699 18659
1292 19528 -2740 -2042 7365 13912
-4364 21424 -4588 -4683 5493 17197
-888 19120 -3748 -4873 4713 12876
-3144 15976 -4132 -2522 3158 8660
1120 15840 -2180 -374 -4729 3977
4364 13972 -1340 -447 -4041 2330
5264 13980 -412 -78 -1524 2275
5444 14792 -524 605 1793 2667
2716 14872 -1144 1391 1998 457
1176 15708 -2756 2233 696 -3240
14100 17160 -1240 3387 -6593 -4296
5300 18576 668 -2121 -1859 -11520
2340 16808 -980 3151 4149 -6225
3224 15856 -1816 2114 144 -4604
3880 17652 -4676 1829 522 -1623
3500 16196 -3596 2258 1168 -1686
2900 16396 -3212 2062 -722 -1620
2828 17076 -4080 559 -2229 -1850
2684 15852 -1928 808 -978 -1621
3380 16440 -3756 1788 -599 -1239
3404 16120 -3904 1611 -117 -1139
3748 16024 -4584 1074 643 -1347
1548 16280 -3480 1060 603 -1969
3284 15976 -4448 1328 638 -2253
3300 16012 -5724 2447 1706 -2302
416 16668 -2716 1017 -156 -2258
2188 16928 -5884 1443 1515 -3215
324 16680 -3744 1313 1714 -3272
576 16196 -3904 1565 1020 -3035
-16 16496 -4616 1379 427 -3433
-556 16456 -5116 702 -53 -3533
-1684 16344 -4780 772 -110 -3944
-352 17136 -5068 1327 -299 -4292
-1176 16668 -5444 310 -975 -5294
-1052 17756 -4180 416 -1563 -6417
-16 19888 -4776 440 -2242 -10281
-1336 19480 -1864 -1696 -5368 -14212
-1204 19384 -5904 1630 -445 -21429
-6452 17268 -9696 6592 -9012 -12780
5188 11300 -2116 -5057 -17833 -2324
3236 8280 -1656 -3479 -4679 9270
-760 13612 -2512 4923 4817 18737
-4272 16912 -3008 4351 4012 21658
-2172 20808 -5160 -1642 1620 19528
-3060 18196 -2636 -1854 4636 18119
520 19192 -3700 -2274 7102 14540
-4412 20876 -4312 -2699 5718 15656
-520 19072 -1928 -4708 3681 16672
-1972 18820 -3412 -4242 4794 11290
-192 15824 -3132 -1598 -3768 6578
2872 15248 -920 -544 -5732 4417
1752 15204 -2152 -180 -4245 4328
104 14892 -2148 1043 2120 -788
1148 15812 -1472 2880 6087 -5090
21824 19368 -1596 5724 -112 -19165
888 17248 -1228 1335 1096 -10264
3532 18904 -6720 4669 3569 -4414
3140 16056 -372 2115 -1490 -4690
8940 16680 -8300 1216 1833 -2596
3620 14912 -3196 2816 984 -2740
3196 16140 -1612 1489 1105 -2306
4764 15132 -3616 736 -365 -2568
4188 16524 -4688 1336 1810 -2442
2444 16532 -3348 1866 2142 -2017
1880 16200 -2508 1424 1773 -1988
2188 16560 -3528 1425 1681 -2734
1064 16368 -2948 1336 1042 -2594
212 15540 -1552 1096 -2253 -2198
520 16404 -5000 1276 -855 -2289
984 16288 -4184 653 -493 -1712
1400 16664 -4820 924 -394 -1183
1036 14200 -3340 1211 947 -1503
648 16344 -3972 998 659 -2234
88 16320 -3984 779 404 -2833
-108 16500 -4652 954 -21 -3326
-312 16732 -3948 646 -831 -3224
-612 16656 -4312 980 549 -4435
-936 17044 -5252 482 -496 -5749
-896 17692 -3208 581 -1320 -7627
-284 18152 -2436 622 -786 -10599
-1052 18128 -4152 840 -2540 -12256
-4764 17936 -3712 1620 -6888 -17394
-4576 18932 -4952 4010 -5498 -20571
-9864 14932 -6024 -1504 -5032 -12821
2536 9740 -2508 -1937 -4993 59
-1668 7416 -2808 -1091 -754 9405
-3564 9864 -2084 1035 -5511 16300
-3512 13964 -904 2014 -5396 21118
-1124 18036 -1928 767 1634 20512
-1696 18840 -1972 171 5464 19364
-1076 19128 -4212 -1581 6672 17067
-2732 20284 -2996 -2883 5355 13580
676 19104 -3892 -3581 1661 13941
584 18908 -2664 -5983 2801 11233
1664 16204 -1556 -2683 -1782 11050
1572 16112 -2424 -2637 -3094 6064
4828 15308 -1020 5 -5567 3610
5612 14416 -720 213 -2039 2859
5652 14024 -448 841 -566 2164
5532 13976 -768 340 372 1151
4212 14504 -1240 1837 2176 -197
2044 15988 -2664 2201 1293 -3365
1972 14860 252 4208 3927 -6525
-1688 31888 -7684 183 610 -8637
1632 16488 -704 4575 9613 -5175
1164 16032 -892 3287 1430 -2580
4988 16544 -980 2426 1187 -1992
3084 16196 -2688 2239 -1186 -1924
3752 16260 -2700 1331 -1248 -1936
3544 15600 -2592 1376 -879 -2185
4544 16100 -3888 1283 419 -2929
3452 16360 -3444 1716 1086 -2638
3332 16160 -3752 1856 2314 -3171
1048 16772 -3000 1343 1677 -2821
1452 16036 -3376 1508 1068 -2139
1572 15692 -3644 1424 776 -2174
1624 16336 -3560 1164 332 -1966
1264 16260 -3804 1328 78 -2101
1440 16312 -4184 1193 827 -2071
1080 16328 -3504 1123 -398 -2652
416 16376 -4132 1135 230 -4550
-80 16948 -4296 830 -548 -4845
-1348 17280 -4124 530 -2129 -3505
-220 17216 -3828 438 -2431 -5794
380 19608 -2776 1528 -2654 -9168
-692 16164 -3932 1772 -1070 -12886
-3140 16592 -3552 2365 -5114 -13046
-4944 17044 -3796 3407 -6605 -16900
-3400 18460 -7992 4165 -2529 -19621
-7780 13716 -6672 -3656 -3089 -13179
2788 10716 -3836 -3187 -6179 1522
-676 7272 -2004 -2750 -2417 10422
-1556 11476 -1516 414 -1831 18721
-3988 14660 -1200 1912 -611 22828
-3048 20112 -2804 197 -372 22180
-2344 19276 -1232 -954 3760 18967
-452 19484 -2632 -1152 5183 15695
-252 19468 -3416 -1653 5024 10183
-2012 18392 -2120 -6066 5081 16274
364 18368 -2584 -3401 5146 13116
-1724 16140 -2608 -2381 -348 9709
312 15692 -1836 -2049 -4736 4186
3316 14536 -256 -253 -5520 1631
4632 14792 -448 35 -1342 925
2604 15084 -1440 687 2025 -825
1152 16884 -4720 5343 1463 -7312
5236 17248 -3796 65 -3023 -14197
3896 15112 -324 370 4576 -8311
1880 15016 -336 3905 5253 -8348
100 20176 -3820 4515 976 -5384
676 16040 -1628 1803 -310 -2238
2752 16712 -3844 2595 328 -836
2060 16172 -1984 1349 -1598 -1174
1736 16160 -3048 1728 -1199 -1273
2196 16436 -3564 1803 -665 -1762
1124 16368 -2540 1845 188 -1878
1140 16456 -4184 1844 -364 -1254
1984 16452 -5000 1627 186 -790
1488 15568 -3960 1999 -304 -1537
1076 16248 -4236 1601 509 -1338
236 16156 -3664 1244 275 -1070
-232 16236 -5284 2079 746 -1188
460 16276 -4712 1783 1125 -2280
-204 16652 -3372 2710 1017 -2475
120 16344 -6296 2435 1188 -4101
-852 17812 -5832 1568 -99 -4629
-1240 16696 -5188 601 -1112 -4506
-552 17284 -4980 1516 -71 -5346
908 20104 -6924 801 1126 -9699
320 19152 -3128 -3074 889 -12577
-4820 16168 -5092 -1900 -666 -16200
-5496 17676 -4588 1879 -3756 -19466
-7524 17672 -2080 6871 -6144 -15168
24 15588 -4196 1789 -11162 1011
1372 7892 -2472 -3318 -8413 6385
-2224 11264 -3000 -1237 1921 16639
-4004 14720 -1824 981 5836 19241
-4608 17404 -3948 -250 1366 19797
-3480 17624 -3204 -4087 2582 17932
-2492 18088 -3364 -2504 5568 16995
-904 17548 -4500 -2891 4845 14595
-2300 17904 -3448 -2846 3418 15917
1100 19384 -3796 -2733 2720 15041
-1276 17272 -2488 -4965 1132 12864
1112 16640 -2648 -1933 -1761 7814
2304 15876 -2540 -1510 -3162 3768
4556 14688 -1792 -1166 -5107 2452
5504 13960 -2040 531 -4269 2988
3316 14740 -1664 963 -4081 -181
0 14448 -1412 1640 1585 -5372
20852 19292 3096 1123 -9024 -12120
1632 17288 -4712 1966 512 -6579
5020 17112 -5996 3172 1827 -5375
5168 14432 792 -287 -1800 -5469
2780 18180 -6608 3823 -154 -4120
4148 16296 -3824 571 53 -2409
4576 15964 -4192 1117 349 -1399
3664 16916 -3536 1213 -480 -2186
2692 16320 -3188 1690 938 -1983
2808 16312 -2568 1170 -269 -2027
2868 16328 -3996 1817 1674 -2259
2024 16220 -3088 821 320 -2625
1264 16204 -2932 1451 -781 -2010
1876 16160 -3824 1432 489 -1567
1844 16148 -4088 1705 -108 -1326
1492 16344 -4284 1448 -460 -1380
1244 16236 -4536 1592 -337 -1511
1600 16400 -4584 897 303 -2368
800 16312 -4332 1096 186 -2799
1328 16792 -4564 854 1550 -3915
-488 15892 -3828 973 2689 -3234
-176 16288 -5008 1977 1890 -2370
-212 16160 -5368 1142 118 -2152
-364 17012 -4984 761 -511 -3678
-412 16968 -5576 758 -479 -5098
-1108 17340 -5000 954 -1025 -5569
-128 19164 -4728 425 -1556 -8715
-2120 17028 -3056 -1179 -2366 -11425
-2672 16540 -2752 -608 -3585 -15103
-4440 18332 -4116 3977 -2746 -17816
-6988 24520 -7644 5318 118 -20216
-5184 14596 -6760 -2470 -10675 1321
3280 8948 -3948 -7344 -6971 5194
-312 9688 -2852 -1394 -1768 13757
-2828 14428 -1552 1885 4084 18469
-3768 16416 -3404 1724 2574 18404
-4800 18444 -3728 -2908 3957 17823
-984 18608 -3564 -931 8700 19571
-852 19700 -4476 -3326 5411 17961
-604 18684 -2716 -4588 710 13547
-5132 20668 -4556 -4771 -263 13669
-1396 17556 -2968 -3996 -3454 11694
-1984 16460 -2048 -1367 -1669 6662
2736 15040 -916 -1859 -2303 2539
5312 14988 -68 -1945 -174 2544
4632 14948 -1196 -81 -191 2657
3536 15188 -1896 -12 -2266 2078
2016 15108 -2284 567 -1785 -1326
4456 14948 -1276 2352 -168 -5203
-3068 16172 -288 306 -1519 -11193
4284 15392 900 -8 2143 -11199
-880 18536 -7080 11658 -2334 -7050
4052 18332 -1932 -3124 -2002 -1603
5320 15916 -5152 3487 -827 257
2600 16952 -3044 655 -492 -1193
3724 15920 -2900 777 -622 -1387
4428 16844 -5280 1032 -337 -837
3708 16120 -3852 192 190 -1368
2644 16736 -3632 628 266 -1285
4568 16032 -5232 1582 -699 -1879
3132 15984 -4160 705 -450 -2387
3032 16060 -3848 1177 812 -1767
3960 15724 -4992 1291 1471 -2106
1680 16928 -5156 761 1307 -2248
2624 16684 -4900 1082 1900 -1861
1368 17456 -4628 884 1528 -2485
-472 16716 -3688 1051 3143 -3123
-324 15696 -3076 -383 1507 -2433
736 16060 -5124 2160 868 -1874
968 16604 -5388 760 -488 -3620
856 17636 -5372 634 -1812 -4224
2136 20524 -2912 666 -2306 -6078
1308 19420 -5084 238 -888 -11095
928 17816 -3876 -1306 -433 -14420
-1948 16132 -3444 -2281 -2925 -17007
-3284 19376 -6912 159 -3245 -19458
-7516 14428 -5120 2955 -1860 -18248
-312 13156 -2196 3600 -12833 -645
-32 9536 -2732 -1377 -4154 5240
-1612 9264 -1180 -8 -1111 13245
-5240 12664 -1056 2323 873 18478
-3300 17180 -2500 425 847 18830
-1848 17972 -3068 -2555 2969 18376
756 17720 -3060 -2268 9323 17337
1508 19296 -3836 -56 9919 18221
1408 19760 -3880 -2682 8245 16310
-1712 21896 -3072 -4745 6952 15780
-2160 17340 -3880 -5098 1145 12153
144 16564 -2300 -2089 -6568 7727
2040 14596 -2016 -1701 -5941 3497
3524 14148 -1668 -349 -5290 2673
3480 15272 -2412 139 -2267 896
3868 15068 -1692 817 2119 -2289
20524 18020 8224 -1088 3155 -3459
2952 16712 -232 -325 1159 -11763
5884 18088 -4936 5664 4262 -8815
3240 16588 -3776 4035 3787 -7603
1800 18192 -2512 1852 4169 -3613
1992 16148 -1312 1798 691 -2155
3408 15976 -2388 3018 798 -760
2732 16056 -2176 2510 542 -867
2436 16312 -2548 2666 1302 -1459
2520 16172 -2748 1641 -253 -1454
3092 16592 -3592 1786 692 -1783
1484 16672 -2900 1318 -716 -1539
2404 16248 -3440 1090 -3607 -953
2900 15844 -3068 1253 -248 -1490
2068 16416 -3840 1260 -98 -1076
2184 16084 -3908 1256 1096 -1293
1036 15560 -3192 1341 362 -1956
1628 15980 -3356 863 -501 -978
900 16080 -3712 -106 -157 -646
1488 16648 -4552 543 70 -1768
1460 16624 -4696 646 -740 -3522
1056 17224 -5204 882 -1574 -5202
1116 16928 -3484 1346 -2123 -5677
1972 20252 -1312 -140 -2172 -9444
1248 19336 -4184 1250 -1963 -13734
300 19024 -2996 -1730 -7122 -18447
-5460 18480 -3172 3918 -4442 -22692
-1808 13808 -4540 2543 -7111 -12092
972 11832 -3228 -2130 -2950 32
-964 9076 -1356 -4732 -3025 6768
-2452 12056 -1448 -106 870 14298
-4036 14720 -3256 -321 -652 16405
-3276 18600 -3716 30 -2149 17943
-1408 18128 -1864 -2119 -663 16499
1192 18216 -1876 -471 2797 16973
324 19636 -2372 -909 5237 15307
-1476 18864 -1812 -5328 4489 15642
-700 19988 -3324 -3476 3715 12837
164 19272 -1972 -4936 1123 12483
596 15352 -1244 -2567 -3811 4246
4184 13936 -1356 -1822 -2162 1508
5520 14012 -976 208 -2133 2389
4168 13772 -848 1000 -506 1735
3576 14588 -1660 1867 931 -255
2232 14628 -1120 2386 1941 -2673
2440 15632 -1712 2801 6584 -5864
27556 15724 -1660 3811 -232 -17266
-3212 17036 -3864 8820 355 -14873
3708 18172 -2592 513 3906 -4173
5980 15772 -1688 1765 -2534 -940
3408 16932 -3384 2738 -1095 -1009
5792 15968 -4252 2494 -101 -1330
2892 16504 -2560 2396 123 -2031
2780 16380 -2560 2122 201 -2117
3080 16648 -3420 2214 -51 -1960
2168 16184 -3204 1720 1185 -1890
2492 16180 -3448 1725 1452 -1820
2168 16488 -3644 1438 1532 -1914
2104 15972 -3620 1713 1218 -1595
1888 16344 -3796 1237 1329 -1896
924 16632 -4120 2112 1047 -2015
820 16300 -3984 1417 1049 -2029
852 16392 -4508 1090 644 -2716
68 16436 -4592 1012 -1114 -2517
1060 16712 -3640 1997 -357 -2334
72 16424 -5360 1306 -819 -2999
140 17044 -5168 474 -895 -3622
172 17856 -4092 485 -872 -5164
360 18720 -3392 433 -381 -8747
28 18424 -5028 1752 -338 -11034
-2648 16312 -2660 -50 -3232 -12389
-3300 16384 -2684 1730 -5238 -13862
-8928 17016 -6332 6598 -3874 -15787
-7220 14348 -8720 4993 -13081 -6597
2256 12464 -3368 -4053 -12623 1915
1524 10168 -1872 -1724 -8137 10056
-20 12904 -452 -21 -95 16693
-2412 16264 -2004 2623 2154 20596
-816 18088 -2672 -1664 3988 18309
1180 18692 -3188 -1599 8456 18898
2012 19988 -4448 -3213 13676 17985
-284 20600 -5716 -2257 11467 13271
-6056 19980 -4536 -6232 3886 16251
-2928 17740 -3944 -1506 -4290 11775
-2384 15152 -1692 -1048 -10497 4037
2756 14236 -152 -339 -5810 550
3776 12980 -24 -502 -1420 467
3504 15628 -1384 1281 2780 493
484 16224 -2724 2027 2270 -2348
5100 16884 -2868 4504 -210 -4856
-2188 13240 -1552 1752 4959 -5733
4168 13896 140 529 4324 -7761
472 18244 -2776 4092 1503 -4165
2712 16452 -828 1288 -142 -2508
3276 15876 -2120 2172 -925 -1364
3012 16212 -2136 2739 -171 -1263
3712 16264 -3128 1892 -84 -882
3352 16392 -3128 1842 -364 -532
3808 16124 -3264 1656 -113 -965
3404 16092 -3636 1435 106 -1594
3016 16056 -3380 1674 -431 -1946
2220 16116 -3032 1827 -213 -1504
2584 16272 -3648 2085 -444 -1018
2608 16660 -4164 1241 -127 -1677
2620 16224 -4420 1152 -229 -1678
2108 16352 -4492 1236 367 -2053
2012 15796 -3632 1480 672 -1878
1644 16708 -4768 1114 536 -2453
1752 14536 -3540 1161 1097 -2904
392 16464 -4064 671 495 -2895
804 16720 -4520 873 214 -2582
-304 16748 -4668 142 -405 -3257
-64 16564 -4456 225 -1243 -3306
1044 18880 -4180 -577 -1455 -4749
772 18116 -3544 -126 -22 -7683
-596 17632 -4604 -659 -1085 -9165
124 18140 -4696 -686 -2981 -11405
-4092 17872 -2836 6412 -5185 -16640
-3392 21464 -8968 6053 -8063 -15996
5640 11920 -2696 -2330 -15897 -5334
3840 8172 -1616 -8959 -6253 2614
3100 8612 1104 2423 -496 14155
548 15760 -1516 2104 2767 20105
-564 19864 -2988 -926 3664 21859
-292 19584 -2560 -2090 5828 20534
3120 21008 -2592 -1695 6569 16322
-8076 25216 -4236 -6028 8774 19776
-60 18992 -3060 -5314 4518 15929
-4532 17272 -3656 -2103 -768 9492
716 15656 -1800 -1064 -1829 3650
2420 14100 -896 60 133 2189
4012 14416 -1180 444 1041 1514
3228 14120 -1228 1367 2142 344
4872 14604 -356 1509 2010 -898
4756 14892 -576 1882 2059 -1360
5436 15524 252 2060 2119 -2584
7760 16356 3620 2967 4964 -4223
1648 18132 -1304 4201 6383 -10333
3888 14572 -2296 5568 -797 -9230
1844 20408 -6008 4895 1584 -5254
1440 15888 764 -1625 -2785 -2129
3916 16512 -3884 3138 -1562 -204
3332 16160 -3000 1508 -435 -1167
3292 16116 -1968 2273 -1629 -1206
3744 16036 -3568 1976 748 -1465
1820 16596 -2328 1789 -447 -526
2880 16436 -3656 1719 -588 -802
2448 16476 -3020 1624 -820 -931
1408 15404 -2124 1399 -646 -1177
2048 16700 -3328 1183 -1051 -923
1908 16256 -3452 822 -1180 -603
1584 15976 -2600 833 -955 -755
1764 16220 -3756 987 -769 -390
2284 16232 -4356 1129 365 -430
892 16432 -3516 985 1024 178
2232 16272 -3512 137 305 108
1468 16492 -3896 1275 732 -232
1924 16168 -3848 260 148 269
2120 16228 -4120 614 554 -6
1960 16388 -4120 -247 -14 -127
1824 16308 -3720 431 150 -184
1596 16304 -3896 68 80 -52
1864 16260 -3828 169 208 -120
1908 16360 -4100 1 24 -62
1748 16216 -3756 80 166 -138
2168 16036 -3828 188 85 46
1820 16300 -3944 115 -230 -13
1780 16268 -3968 152 -418 -74
1624 16184 -3644 284 -207 18
1832 16272 -3812 261 -226 2
1676 16248 -3688 139 -152 -76
1500 16316 -3644 217 -146 3
1584 16228 -3600 393 -195 39
1492 16328 -3664 352 -358 154
1672 16272 -3636 363 -123 181
1624 16312 -3796 333 -31 63
1536 16292 -3712 397 79 23
1656 16356 -3852 249 -33 90
1500 16332 -3764 265 -183 140
1580 16192 -3768 198 -268 169
1644 16304 -3800 209 -281 227
1548 16208 -3788 260 -113 183
1716 16356 -3852 363 -72 225
1644 16320 -3864 327 6 217
1692 16228 -3796 235 -82 181
1768 16264 -3736 345 -5 208
1836 16308 -4004 288 26 204
1704 16196 -3956 309 22 110
1724 16320 -3796 318 23 149
1796 16272 -3852 293 107 83
1548 16380 -4004 251 150 158
1772 16228 -3856 82 -60 268
1796 16248 -3884 210 46 187
1748 16324 -3896 376 31 57
1664 16224 -3736 265 -15 70
1672 16168 -3772 325 -17 87
1776 16292 -3804 238 -51 147
1720 16352 -3728 173 -133 246
