31 -235 0 5 1123076 1348938
388 7836 11040 542 7 -195
488 8048 11124 425 -21 -203
368 7884 11312 297 -85 -213
396 7868 11348 138 -104 -138
380 7704 11140 224 -125 -54
388 7716 11236 306 -8 70
348 7844 11276 237 -62 173
504 7536 11484 298 109 390
340 7792 11248 186 -98 291
396 7820 11228 420 212 587
284 7812 11184 280 92 336
196 7592 11180 346 110 344
128 7804 11344 601 147 387
256 7844 11224 633 -96 249
432 7868 11220 556 27 449
288 7932 11372 463 -56 410
232 7820 11124 499 -91 439
304 7816 11144 617 -107 372
252 7840 11316 760 -147 434
464 7792 11204 761 -301 496
364 7952 11008 960 -92 675
124 8156 10916 784 -380 417
364 8132 10640 767 -461 311
484 8516 10944 1019 -256 642
720 8440 11248 1351 -210 627
1644 8020 10668 1159 -513 1307
1632 8272 11504 1494 -524 1168
1696 8004 12412 723 -1460 549
2340 7000 10900 -260 -1500 -109
2384 6784 10732 274 -495 -310
2552 7036 10420 485 -153 -972
2652 6556 11088 963 150 -1568
2444 6716 11768 1014 659 -1916
2380 6956 11972 1041 959 -2068
2184 6460 12452 1036 1640 -2080
2064 8680 14364 2206 3118 -1493
1492 12356 13572 1056 2836 870
712 11776 11932 -391 3280 3166
-800 10408 8960 -1907 1952 2761
-1852 9996 6844 -3403 973 1486
-2228 10548 7296 -2768 926 798
-2656 10284 9516 -2428 407 -33
-2020 9804 10320 -1856 12 -1255
-1208 8088 9728 -1356 -181 -847
-876 7524 9972 129 483 -264
-632 7912 10680 334 191 302
-864 8072 11184 -332 -313 660
-452 7348 11244 -672 -672 1276
-776 6808 11076 29 -485 1577
-656 6540 10364 97 -369 2061
-896 6400 10956 753 735 2792
-1128 6644 11660 627 217 2099
-1112 6532 11716 956 -209 1181
-208 6172 12364 935 -373 1336
-76 6220 12580 2066 -232 1985
-696 6428 12960 2180 -192 2463
-1408 7200 13028 1722 -422 2006
-704 9136 13384 1088 -1414 252
160 11428 12184 -829 -3154 -1655
2280 10516 9064 -2379 -3491 -1021
2668 10048 6760 -2247 -1572 50
2064 10136 9312 -670 272 -230
1632 10364 11240 -944 -781 -1316
1788 8892 10524 -1360 -1203 -1843
1928 7940 10508 -1310 -659 -1230
2196 7492 10376 -1236 -613 -750
2312 6740 11032 -475 139 -253
2220 7044 11472 76 301 76
2176 7156 11404 711 445 683
1756 7024 11876 837 623 564
1504 6808 11644 522 -22 12
2000 6676 11540 717 -612 -969
2312 6592 11156 551 -1319 -1922
2424 6080 11068 784 -787 -2350
2164 6020 11596 786 -302 -2802
2320 5856 11332 1368 76 -3078
1992 6316 12508 1627 1118 -2511
2640 6684 12972 1831 1662 -881
2176 6812 13320 1444 2158 975
1800 7088 13384 164 2334 1683
756 10076 13612 -638 2025 1802
-620 10712 12484 -2232 631 1480
-3160 11048 9428 -3068 -768 -1277
-1808 9248 8828 -2412 -608 -2639
-628 8548 9352 -1763 514 -1233
-1120 7756 9264 -519 1409 445
-1360 6744 9992 558 2137 1493
-2084 7476 11216 1327 1595 469
-2032 8284 12308 -115 267 448
-1224 7052 10892 -1142 -755 491
-760 7228 11244 -782 -665 1131
-628 6396 11580 -1130 -657 2332
-664 5888 10768 -1250 22 3108
-456 4916 12108 -62 256 3289
-764 5312 12056 543 -49 2007
-684 5220 12748 1334 187 1413
52 5332 12332 1661 491 1976
-124 4996 12572 1712 627 2919
-668 4968 12404 2440 643 3179
-600 5576 13160 2926 286 2710
-772 5888 13192 2553 -442 1999
772 7684 14084 2330 133 2070
-1064 10716 13692 927 -2481 -141
1712 10732 9412 -1214 -3255 -1522
2172 9552 6664 -2233 -2480 -1435
2624 10264 8928 -282 355 -444
2212 10352 11188 -202 -663 -1227
1832 9220 10784 -842 -614 -758
1600 7916 10336 -668 -211 -273
1928 7100 10376 -259 -303 -510
1756 7728 11108 332 -8 -540
1604 7400 11612 148 -332 -1187
2200 6784 10444 51 -113 -1203
2048 6920 10804 324 847 -365
2156 7116 11960 191 1051 235
1560 6732 11984 -61 641 326
1612 6372 11672 491 1185 263
636 5808 11308 352 1063 -906
992 5380 11016 1242 821 -1872
1400 6476 12288 2238 616 -1851
692 6652 12992 2385 582 -1628
852 6500 13308 1861 977 -1743
1088 6920 13352 1599 1610 -1028
912 9204 12928 1127 2205 539
-336 10944 13260 -85 3060 2386
-1484 10032 10388 -2512 1513 3250
-2208 8764 7860 -2522 -59 750
-2112 9636 8940 -1045 -294 -107
-2468 9700 10556 -1228 -614 -713
-1824 8424 10328 -702 -535 -1210
-772 7632 10036 -90 -724 -1560
-916 7844 10456 307 -280 -834
-896 7884 11360 -362 -31 179
-1320 7420 11308 -741 -73 510
-916 7008 11284 -243 -190 892
-748 6864 10948 -297 91 1742
-1192 6308 11224 -154 860 2650
-1196 6260 11296 -75 987 3244
-1016 5888 11596 259 582 3336
-1664 6200 12312 315 -741 3053
-972 5500 12124 41 -988 2597
-668 5284 11900 419 -357 2663
-620 4612 11992 802 -249 2637
-364 4564 12528 1377 -176 2499
-684 5172 13176 1685 -593 1505
480 6692 15396 2894 -249 679
-400 9848 14604 1375 -2754 -1858
1492 10340 11108 -410 -3569 -3184
1768 8656 7696 -2318 -2658 -1847
2644 9200 7664 -925 177 317
2556 10720 10332 -184 624 543
2116 9732 11740 -980 -824 183
1240 7744 10424 -999 -1258 -800
1680 6916 10144 -56 -438 -800
2048 7728 10896 629 356 -551
1804 8132 11584 392 293 -588
948 7652 11452 462 113 -1278
1000 6604 11380 12 264 -2206
1704 6184 10944 12 417 -2352
1928 6132 11108 123 0 -1857
1464 6572 12168 1079 550 -1737
1308 6484 11692 1119 387 -1206
712 6044 11644 1069 733 -1529
896 5832 11916 1431 1178 -1622
844 5888 11984 1911 1336 -1580
1044 6224 12496 2540 1576 -954
736 7016 13048 2571 1946 -14
520 7576 13096 2025 2360 293
136 10008 13620 1680 3149 1487
-840 10820 13004 -281 2230 3950
-2592 9200 9620 -1241 221 2759
-2168 9060 7560 -2301 -1185 -31
-2528 10064 8480 -804 -1207 -1073
-2256 10620 10460 -640 -1997 -1766
-1092 9292 10044 -1616 -2075 -1842
-548 7716 9628 -321 -1092 -991
-768 7712 10336 203 -289 -295
-972 7880 10908 -407 244 381
-824 7416 10884 -379 915 992
-1164 7448 10984 -327 958 1512
-1516 6608 11116 -1350 -60 780
-840 6460 10848 -78 1390 1717
-1096 6892 12684 -296 1950 2849
-2068 6584 11828 -533 585 1737
-764 5732 11920 -677 -92 1624
-508 5180 11744 -193 274 2705
-1224 4668 11764 81 622 3587
-880 4464 12228 1730 1492 3915
-1696 4984 12972 2486 926 3323
-1780 5508 13332 2300 451 2669
-1276 6104 13248 1857 31 2217
-1240 8760 13952 1108 -948 273
-1172 10068 12748 258 -3044 -2591
1456 9788 9104 -1422 -3045 -2258
1856 9748 7452 -1887 -1103 -207
1280 10108 9672 -128 195 -630
1680 10368 10880 -365 -376 -943
1408 8516 10252 -117 -863 -278
780 7824 10204 191 -477 157
612 8208 10904 429 -574 -339
788 8092 11136 163 -1326 -1065
1104 7796 11020 -4 -1099 -1200
1332 7352 10740 387 -586 -707
972 7196 11312 102 -486 -1010
1224 6664 11436 187 -204 -1264
1260 6596 11536 364 -222 -1583
1216 6664 11820 514 -130 -1395
848 6144 11676 790 224 -1142
608 5812 11772 1029 292 -1795
720 5764 11940 1568 307 -2432
948 6124 12388 1857 170 -2360
876 6072 12936 2336 475 -1960
1048 6912 12740 2010 569 -1489
360 8756 14528 2900 2064 22
952 10276 12552 641 1298 2770
-216 8996 9928 -1040 1283 4007
-1988 9292 9192 -1290 1195 2111
-2000 10040 8268 -1845 -675 315
-1820 10596 9272 -855 -328 125
-1328 10144 10064 -1132 -1026 -836
-920 8648 10668 18 -625 -1973
-880 8472 10052 85 -561 -2271
-412 7780 10220 -448 256 -1226
-748 7832 10168 -790 643 444
-1296 7740 10796 -25 1898 1955
-960 7696 11068 -1197 1645 2404
-2136 6552 11380 -1234 951 2459
-1876 6244 11156 -863 183 2874
-1548 6272 11720 -347 -604 2089
-1068 5924 12192 29 -878 1674
-424 5496 12024 83 -904 1865
-352 5108 12164 488 -872 2032
-292 5284 12680 1581 -333 2266
-552 5248 12508 1879 -193 2151
-1064 4628 12600 2405 -491 1262
-648 6928 13224 2478 276 1036
-156 10076 14708 941 -524 169
44 10400 11716 -1078 -2945 -1478
1832 9668 8516 -2392 -2316 -879
1964 9368 8144 -1531 -635 -448
2128 9868 9948 -573 -524 -703
1884 9744 10916 -357 -628 -19
1344 8724 11044 -400 -264 896
1484 7656 10572 -504 -57 1023
1032 7616 10700 -215 314 228
1388 7088 11632 -407 -226 -255
1992 6900 11256 -243 -577 -583
1540 6496 10740 440 -290 -418
1540 6804 11472 583 -54 -972
1944 6820 11824 760 -106 -779
1804 7112 11804 827 -188 -512
1716 6972 11640 466 -35 -263
1580 5676 11396 -432 -387 -642
1452 4768 11332 367 -116 -1766
2144 4884 12032 1426 7 -2063
2260 5808 12380 2106 649 -1989
2308 6052 12956 2018 1689 -917
1964 6092 13192 1659 1971 -372
1468 7260 13692 1688 2760 270
152 10696 14280 1254 2946 1223
-1232 11208 13392 -702 1662 2029
-1808 9028 7736 -3165 -1086 547
-1480 9680 7172 -1710 137 -539
-1764 10852 10180 -561 300 636
-1272 8984 10448 -1328 5 1168
-852 7632 9740 9 923 1073
-684 7804 10796 638 781 1090
-712 7500 10632 549 1067 1622
-1548 7888 11092 42 872 1497
-1188 7600 11144 -377 380 883
-816 7380 11156 -823 368 942
-960 6812 11352 -1225 599 1432
-1172 6432 11748 -1223 139 751
-616 5712 12132 -656 -455 704
-880 5884 11904 -355 -710 615
-928 5268 12348 0 -638 561
-304 4696 12136 649 -339 1071
-576 4996 12524 1513 614 1894
-672 5380 12616 2071 357 2026
-748 4988 12708 2536 399 1954
-796 5232 13052 2849 209 1826
-952 6508 13260 2850 269 1692
-544 9424 13760 1280 -412 1042
-868 10360 11608 -385 -2303 -1455
952 10464 9828 -1744 -1939 -1037
1256 9644 8780 -2332 -1802 -592
2068 9172 9444 -1060 -1006 -175
1180 9368 10644 -534 -731 -97
1036 8688 11292 -688 -1178 -657
1656 7684 10244 -817 -1291 -665
1612 7304 10696 -135 -818 -236
1860 7376 11172 59 -633 -118
2028 6792 11424 56 -724 58
1844 6264 11116 450 -671 -54
2116 6264 11384 846 -439 45
2064 6376 11840 1111 -343 -4
1488 6848 12436 958 -167 -735
1512 6312 11560 572 -190 -1177
1740 5924 11848 397 160 -1755
1628 5640 11584 1164 -83 -2578
1872 6116 12524 1324 420 -2666
1912 6444 13068 2074 792 -2101
1860 6396 12688 1910 1111 -1088
1140 7376 13380 2096 1710 -286
892 9556 12680 1052 693 -52
308 9876 12852 -190 665 969
164 9256 9844 -2142 69 1198
-784 8728 8656 -2233 764 -11
-1532 10224 9612 -1115 779 -594
-1416 9540 10356 -1508 -315 -669
-844 8340 10684 -812 198 -751
-200 7704 10144 -214 81 -634
-632 7444 11048 402 208 -48
-460 7148 10904 116 -18 363
-596 7180 10944 23 144 317
-764 7000 11448 161 323 429
-372 7108 11212 -139 200 559
-568 6352 11088 -16 446 1166
-700 6488 11772 -124 1168 2015
-1172 6280 11924 -143 495 1693
184 6256 11368 202 325 671
-896 5736 12184 139 387 989
-768 5240 12084 -102 724 2128
-1100 5008 11976 578 1016 2899
-1168 4776 12272 1008 997 3084
-1352 5392 13304 1348 570 2470
-860 6400 14492 1968 -45 1618
-1348 7180 13932 1740 -1604 -408
-1320 8504 12564 1088 -2412 -2386
32 9364 10076 -579 -1808 -1847
764 9620 8444 -1725 -1460 -453
1872 9896 8328 -1180 -782 409
1252 9924 10712 76 -538 240
1288 9760 11520 104 -1147 355
900 8372 11140 -742 -1256 147
992 6728 10340 -512 -906 357
1640 7176 10696 29 -542 550
2072 6856 11712 -135 -1042 -9
2176 6628 11752 162 -586 -13
1660 6444 11472 417 -764 -732
1836 6504 11488 526 -953 -1198
2208 6528 11536 480 -500 -1251
2240 6788 11972 1142 162 -578
1136 5788 12096 -135 -700 -1402
1216 4820 10992 -359 -942 -3731
2984 5028 12044 471 632 -3183
3120 5148 12284 1212 888 -1144
1840 5448 13212 2457 1891 -206
2088 7016 14032 2503 3275 1189
1308 8072 14428 1834 3420 1920
480 9904 14004 431 3100 2406
-1252 9636 11548 -1437 1452 2064
-1912 8516 8652 -2206 -397 -280
-2204 8872 8064 -1460 -812 -2483
-1276 9312 10180 -182 -330 -2005
-1028 8608 10576 10 108 -1257
-728 7660 10700 66 282 -585
-748 7584 10668 631 515 329
-812 7712 11312 -69 480 1309
-1104 7120 11384 -16 942 1942
-1120 7304 11232 23 819 1742
-724 7140 11032 51 765 1892
-816 7092 10840 -49 1154 2707
-1204 6936 11528 266 2290 3677
-1880 6460 12180 -165 2055 3775
-2172 6624 11536 161 865 2642
-1524 6032 11644 379 -94 1584
-1104 5776 11796 865 -182 1444
-1552 6296 11824 963 77 2036
-1120 5304 12124 435 -402 2107
-1208 5660 12940 1089 -338 1593
-1612 7048 13880 200 -593 665
-904 7760 13756 -272 -758 421
-520 8180 11124 -1146 -1822 -677
1356 9060 9628 -1720 -990 641
1360 9044 8596 -1875 -958 1281
1324 9208 10596 -37 -531 703
1156 9080 11504 -342 -1717 -677
1240 7472 11144 -752 -1979 -1166
1240 6292 10556 -292 -1310 -1808
2064 7908 11976 559 -746 -855
1764 7176 11608 123 -688 -505
1208 6588 11628 -143 -216 -918
1416 6116 11512 246 42 -1181
1388 6320 11772 407 78 -1202
1452 6188 12108 421 -342 -1052
844 5672 11588 1378 -298 -775
1384 6432 11856 1344 -334 -1252
1432 5824 11768 1140 -727 -2032
1196 5760 12052 1226 -504 -3045
1436 5856 12292 1394 -722 -3755
2068 6080 12924 1655 -107 -3382
2228 5944 13084 1479 67 -2521
2108 6148 13244 1354 1564 -1347
584 8728 13968 827 2324 -1698
-868 9448 12980 -416 -57 -304
-1544 8476 9896 -1862 -1471 397
-1424 8480 8132 -1172 -758 -283
-1308 9516 9828 372 394 253
-964 9804 11228 122 1081 1327
-584 8280 10372 -722 1036 1546
-868 7608 10432 -1040 1596 2215
-1132 7016 10764 -942 1604 2677
-1288 6824 11064 -600 1804 2728
-1396 6544 11844 -372 1288 2315
-972 6184 11780 -341 1055 2505
-1260 5772 11604 -663 664 2279
-1288 5848 12532 -22 727 1884
-1244 5944 12068 -308 -260 1042
-368 5452 11160 16 -443 695
80 5984 11496 -526 168 1136
-480 4856 12380 -173 1349 2762
-1344 4396 13852 17 1921 3176
-1424 3724 13136 847 1414 2832
-2012 4136 13056 1914 853 2583
-1684 5336 13008 2945 177 1843
-2092 8048 14580 2810 -1040 92
-1240 8772 12372 1595 -2683 -1809
568 8440 9824 -81 -3158 -2051
652 8816 8580 -471 -1821 -1406
1712 9588 8936 -249 -997 -903
1864 10364 11172 587 -717 -127
1176 9076 11768 -694 -1449 18
756 7776 10240 -329 -888 419
1220 8124 10940 37 -60 746
1592 7756 10888 -645 -1095 410
1684 6744 11128 -466 -688 377
1704 6840 10724 -12 -599 155
1692 6668 11460 220 -320 67
1628 6720 11664 539 435 218
1356 6924 11824 207 188 -141
1196 6736 11668 291 221 -849
1152 6660 11680 -103 143 -1267
1436 5968 11656 -248 -226 -1741
1456 5608 12612 474 49 -2285
1572 5248 12760 953 -199 -2480
1768 4972 12484 1476 372 -2354
1792 5744 13044 1656 911 -1225
1100 7360 14188 1975 2034 -587
552 9440 13668 841 1339 932
184 8108 10848 -634 812 1352
-1816 7904 9760 -1276 104 -977
-1732 8656 8896 -655 -696 -1619
-2340 9580 10372 345 31 -1537
-1580 9012 10948 -227 -33 -1315
-704 7732 10648 295 116 -636
-1188 7412 10692 419 -131 -529
-832 7324 11132 69 278 364
-1376 7124 11180 -47 606 704
-1088 6752 11428 -254 636 1028
-1156 6208 11508 -59 359 883
-1188 6380 11600 -221 121 962
-1220 6300 12064 -157 712 1569
-1128 5968 12116 -314 406 1811
-708 5684 11412 -49 193 2143
-800 5304 11584 158 387 3051
-1188 4120 12432 872 901 3623
-1172 4728 12848 1456 763 3281
-1208 5088 12660 1428 371 2756
-920 5544 13300 1273 273 2450
-976 6972 13716 1352 357 2212
-1072 9276 13960 33 -984 289
912 10276 10868 -1829 -1927 -468
940 9500 8996 -2103 -1178 392
1496 8920 9004 -1730 -418 -206
1048 8932 10980 -169 -330 -728
932 8644 11236 -232 -536 -854
972 7692 11372 -247 -481 -287
880 6936 11140 -141 -482 -339
612 6656 11364 57 -438 -268
828 6396 11724 -41 -756 -848
1244 6352 11432 -8 -1266 -1408
1376 6076 12000 442 -1222 -1542
1380 6180 11524 415 -1535 -1986
1300 6032 11840 1115 -461 -1607
1112 6440 12268 798 -476 -1514
952 5784 11664 936 -311 -1883
1024 5956 11576 893 -166 -2241
1460 5912 12092 1083 -505 -2302
1440 5708 12512 1573 -380 -2419
1540 5960 12860 1452 231 -1815
1420 6472 13248 1164 986 -714
1108 7328 13736 1275 1707 299
932 8732 13372 -68 1979 1465
-204 7900 11672 -2140 1977 1716
-1100 7432 10464 -2775 1685 1483
-1884 7280 9196 -2007 35 -891
-2300 8640 10500 614 256 -1680
-1264 9256 11892 299 214 -1070
-1036 7812 10872 383 131 173
-940 6704 10224 392 766 1130
-1580 6960 11544 654 1363 1600
-1876 6776 11380 147 925 1685
-1568 6804 11608 91 783 1689
-1124 6520 11860 42 290 1819
-1408 6128 11724 -226 -278 1750
-1268 6240 11448 123 -141 1826
-1024 6172 11716 -81 -505 1498
-712 5816 11428 43 -602 1533
-492 5620 11376 318 -268 2057
-432 5388 12448 151 90 2812
-496 4944 13204 314 -48 3272
-1008 4624 13188 1237 -135 2749
-556 5072 13224 1609 -369 2103
-232 5000 12484 1557 -736 1846
-20 6388 13004 1889 -566 1899
280 8340 14184 1358 -1346 884
936 9416 11408 -650 -2912 -1175
1984 8648 8028 -636 -1929 -1117
2208 9148 8796 -366 364 -465
1868 10120 11328 488 397 -540
1828 9364 11532 14 -463 -540
1408 8352 10948 -294 -215 -235
1504 7520 10288 -494 -444 -336
1620 7440 11132 12 -302 -562
1720 7164 11472 -95 -734 -784
1892 6892 11296 626 -646 -615
1728 6864 11312 636 -620 -567
1976 6900 11288 452 132 -442
1980 6824 11620 137 100 -456
1720 6516 12064 -82 156 -723
1688 6236 11452 -2 586 -807
1544 5836 11392 526 843 -1260
1484 5956 12180 683 1191 -1488
1572 5952 12636 873 1487 -1184
1052 5860 13140 1331 1763 -809
812 6224 13008 1687 1990 -656
672 6764 13264 1754 2239 75
336 9212 12568 847 1745 1167
-2172 10496 13648 -485 1149 934
-1500 8120 9944 -3378 -1776 -609
-1212 7376 7744 -2215 -2115 -2102
-1148 8980 10856 1013 -982 -1427
-836 8776 11484 -163 -1053 -1023
-504 7828 10712 -18 -397 -469
-788 7612 10472 -36 453 -39
-568 7300 10812 -352 1186 845
-1092 7000 11292 -808 1641 1723
-832 6560 11440 -747 1853 2435
-1084 6408 11300 -740 1697 2700
-1524 6040 11456 -588 1362 2409
-1404 6376 12508 -461 1085 1685
-956 5836 11880 -806 -5 1186
-1144 5584 11796 -409 -362 971
-704 5340 12128 -257 -236 1909
-560 5156 11956 -53 164 3043
-968 4652 11960 288 184 3172
-1132 4544 11944 1029 231 2408
-1012 4632 12632 1618 144 1646
-1132 4960 13676 1954 -231 1276
-824 5196 14896 2270 -649 697
-1008 6784 14652 1695 -2244 -1298
-476 7204 12424 797 -2973 -2813
168 7724 11172 -300 -2597 -3140
1216 8184 9640 -1109 -2196 -2212
1828 8820 9552 -420 -1516 -787
1820 9884 10304 894 -947 264
1488 9288 10736 353 -1358 446
1608 8316 10756 1036 -507 685
1460 8204 10824 553 -629 487
1676 7784 11000 346 -372 91
1868 7412 11392 -62 -525 -136
2112 7068 11044 -155 -398 79
2184 6460 11428 -47 -509 88
2308 6500 11440 226 281 343
2340 6504 11684 173 464 431
2060 6424 11640 -265 490 263
1756 6024 11684 39 980 252
1560 5524 12056 35 1080 -679
936 5208 12344 753 649 -2518
1692 5620 12768 993 694 -3284
1684 5412 12304 1571 903 -2591
1452 5368 12692 2106 1313 -1964
1720 5544 12936 2435 1805 -744
900 7120 12284 2230 2039 120
-596 10300 13752 2127 2602 698
-328 10340 12732 -31 1422 1758
-1308 8360 8932 -1180 471 1271
-2152 9024 8868 -430 413 -741
-1888 10272 9460 -282 -166 -367
-1984 9512 9980 147 -297 48
-1768 8764 10700 206 -183 -407
-1264 8080 10644 -610 -535 -817
-1380 7560 10796 -363 -319 -539
-1172 7680 10924 -835 -565 -490
-668 7236 11040 -396 -302 67
-704 7620 10816 -382 -808 239
-500 7100 10868 -165 -475 1212
-460 7112 11236 -276 149 2209
-932 6900 11340 -271 567 2613
-584 7084 11672 -443 588 2641
-52 6780 12072 -512 657 2792
-660 5596 12028 -481 235 2880
-1144 4944 12112 220 72 2540
-764 4892 12540 1089 -122 1678
-576 4640 12540 1431 -234 1045
-380 4556 12472 1932 -273 1117
-540 6096 12772 2467 130 1324
-696 8812 14676 2328 -383 287
-520 10344 12716 953 -2674 -2332
964 9456 9996 -248 -2971 -2949
708 9028 8692 -1174 -1830 -2034
1312 9792 8812 -394 -587 -1659
1364 10644 9764 53 -305 -830
1472 10148 10864 -71 -525 309
636 8896 10996 -314 -1043 228
728 7112 9836 232 -1019 -74
888 7464 10800 370 -1172 -146
2044 7968 11128 216 -1279 190
2996 7920 11156 117 -137 541
2260 6780 11216 -202 94 58
2124 6720 11236 137 822 -232
1760 7296 11604 71 842 -369
1868 7476 11748 -739 476 -669
1596 6420 12040 -1327 1495 -606
1096 4700 11836 -1728 1354 -854
1076 4324 11920 180 1907 -1774
1332 4764 13280 787 1819 -1683
1184 5120 13440 1776 2071 -662
1040 4940 12732 2358 2051 477
516 6216 13508 2905 3176 1439
672 8620 12604 2062 2930 3489
-2036 10124 12512 532 2731 2937
-3052 10904 10140 -1599 394 375
-2584 10280 8068 -878 -1021 -1412
-2108 10388 9768 267 -690 -1375
-1628 8960 9664 -331 -726 -1458
-1456 8220 10164 -270 -103 -769
-1448 7688 10468 -75 -235 -69
-1544 7664 10664 -214 -401 -121
-1256 7568 11244 247 -529 364
-1676 7544 11052 -105 -461 262
-1248 6796 11036 -29 117 612
-1264 6708 10532 92 -100 594
-1828 6884 11344 520 502 771
-1608 6716 11580 342 -180 97
-1060 6540 11080 1066 -322 201
-740 6368 11380 962 -165 900
-1032 5568 11836 773 238 1436
-1192 5400 12468 1174 433 1249
-1412 5656 12528 1062 519 1519
-1260 6064 12940 841 761 2339
-428 7832 14368 493 1656 4071
-2952 9984 13792 -1481 -250 1762
112 10580 11820 -2334 -2007 237
892 9420 8392 -3314 -3010 661
608 8496 9012 -2099 -1724 529
736 8960 10396 -722 -1509 -374
1000 8532 11476 -748 -1550 -973
520 7520 10796 -724 -1882 -1652
792 6908 10716 -38 -1561 -2414
1176 6900 11160 220 -1304 -2721
1388 6732 11484 165 -1117 -2626
1800 6304 11496 456 -908 -1934
1392 6008 11796 455 -455 -1580
1600 5720 11864 693 163 -969
880 5936 12220 1091 497 -933
628 6332 12196 918 931 -470
516 5884 12004 688 1199 370
-52 5112 11912 692 835 -165
340 4912 12184 1091 447 -1626
660 5320 12624 1714 234 -1863
820 5880 13060 2518 720 -1369
588 6904 13848 2376 1218 -551
176 8432 13180 1842 1840 721
-348 9056 12976 410 2014 2254
-1384 8864 10984 -622 924 1574
-1040 8160 9460 -1255 -630 597
-1060 8604 8396 -828 -1390 222
-1656 9780 9932 -89 -910 -650
-1308 9496 11648 71 -324 -1028
-640 8260 11272 -399 -478 -590
-184 7452 10416 -103 -369 -140
-16 7564 10896 20 81 840
-704 7600 11248 -391 408 1201
-492 7076 11140 -1050 791 1744
-500 6556 10636 -891 796 1980
-1032 6368 11692 -292 1118 1943
-1168 6192 11552 -862 648 2010
-928 5968 11860 -351 799 2568
-608 5516 12056 -482 226 2736
-640 5120 11652 441 595 2964
-660 5204 12264 1158 1115 3228
-860 5288 12884 1668 966 3008
-724 5344 13276 2168 877 2816
-1092 5320 12840 1750 282 2805
-632 7792 14032 2261 597 2590
-952 9704 13572 -126 -2452 75
304 8708 10928 -1300 -3999 -2637
1204 8684 9612 -1548 -3026 -2449
1588 8904 9004 -1670 -2249 -1252
1752 9164 10120 -768 -1400 -1318
2112 8640 10540 -362 -1841 -823
2304 8556 10656 753 -1013 -143
1368 8468 11560 887 -905 -404
1744 7044 10660 910 -586 -785
2176 7380 11156 1132 192 -749
2144 7516 11296 318 142 -813
2104 7144 11012 330 688 -690
2460 7272 11436 290 1587 91
1996 6820 11216 184 2046 1490
804 6480 11796 405 2088 1426
652 6516 12184 23 1975 715
88 5516 11616 -303 881 -831
524 5044 11504 -13 553 -2017
816 5452 12488 616 385 -2439
656 5388 12612 627 -568 -2751
520 5660 13140 1382 -444 -3089
812 6832 13740 1714 -69 -3547
608 9696 14000 1704 352 -2568
784 8896 12444 -1 1005 815
-960 7424 10436 -774 1411 1552
-1852 8096 9072 -1125 532 -102
-1836 9400 9560 -901 425 398
-1968 9220 10144 97 537 1005
-2104 8532 10408 35 101 738
-1288 7680 10344 226 243 827
-1672 7716 11060 451 98 624
-1380 7608 11544 -446 -17 784
-1036 6696 11024 -383 246 951
-1344 6944 11708 -78 145 949
-1032 6780 11384 -234 -98 1083
-944 6584 11256 -44 -74 1597
-596 6032 11204 87 222 2546
-992 5804 11684 78 224 3245
-1000 6092 11560 468 372 3341
-704 5796 11764 397 -79 2808
-276 5536 12092 807 157 2712
-500 5620 12588 1052 431 3162
-768 5300 12996 1073 271 3142
-900 5344 12728 961 74 2808
-120 7704 14916 1709 612 2325
-808 10224 13992 -182 -2784 -1084
1288 8984 10516 -1261 -3620 -3099
1108 8468 8620 -1596 -1885 -2109
1664 9124 8528 -929 -742 -1489
2208 9684 10144 -40 -558 -1296
1908 9448 11584 -97 -465 -481
1212 8448 11180 -243 -1154 -433
1520 7296 10728 -512 -1201 -919
1896 7152 10804 -119 -754 -1002
2332 7164 11472 43 -700 -1049
1848 6920 11844 223 -387 -813
1844 6436 11496 279 -179 -947
1928 6260 11456 262 169 -864
1640 6296 11680 304 280 -1103
1888 6304 12300 631 664 -705
1392 5960 11956 168 757 -368
1088 5320 12008 83 725 -746
1096 4968 11732 333 787 -1407
1136 5336 12388 660 769 -1868
1280 5196 12672 1023 795 -1954
1436 4896 12960 1278 899 -1477
608 6776 13588 2088 1396 -1364
412 9416 13872 1839 1756 -374
-420 8928 12200 -592 1266 1007
-1676 8432 11152 -1205 1044 1353
-1732 7728 10172 -1670 -238 316
-2244 8144 9308 -934 -221 -296
-1508 8904 10200 495 -280 -122
-1528 8684 11280 460 -699 -157
-952 7728 10616 391 -201 411
-1284 7864 11192 758 156 732
-1180 7424 11064 8 -222 783
-976 6940 10832 253 335 601
-768 7056 11352 401 419 789
-1068 6808 11444 186 222 1038
-996 6420 11416 148 290 1770
-708 6340 11496 1 506 2691
-1000 6348 12144 140 428 2999
-852 6004 11712 152 -313 2501
-200 5540 11740 569 -205 2298
-336 5744 11756 647 -269 2142
-96 5300 12008 1413 246 2356
-244 5332 13152 1917 538 2312
-276 5360 13096 2074 414 2049
-424 5788 12724 1732 231 2111
-824 7632 14044 2418 -11 1271
-552 9928 12892 1286 -2516 -1380
768 10196 10928 -591 -2680 -2257
1364 9480 8880 -2048 -1881 -1247
2040 9624 7836 -1766 -629 -671
2060 10088 9856 -592 448 -388
1796 9524 11464 -764 -110 -199
988 8332 11188 -668 -814 -871
1048 7396 9880 -504 -761 -1085
1532 7664 10896 138 -283 -1443
1228 7640 11248 -123 -1036 -1588
1808 7652 11104 353 -365 -1298
1356 7276 11104 -6 -62 -776
1320 6988 11080 362 336 -479
836 6932 11544 868 -248 -775
948 7312 11040 485 -1190 -884
2416 6500 11972 1525 -649 -852
1612 6460 12312 786 -879 -2090
1096 5620 11592 793 -705 -3565
1112 6632 11448 842 -1045 -4213
2244 6156 12376 891 74 -3108
2548 6160 12536 709 686 -1049
1132 7676 13560 102 1898 -86
760 9668 13516 -236 2016 641
-808 9740 12152 -2155 1041 1303
-2112 8404 9168 -3128 172 595
-1492 9016 10028 -1616 462 -170
-1500 9012 10308 -971 -194 -102
-1392 8056 10588 -290 688 612
-508 7520 10500 -152 366 1257
-888 7004 11040 628 810 2011
-960 7364 11336 544 809 2093
-1040 6812 11428 10 711 2002
-780 6320 11688 -7 658 1794
-844 6392 11660 180 283 1448
-572 6240 11552 103 257 1266
-1144 6492 11876 71 116 1061
-904 6508 11652 -210 -159 501
-96 5824 11420 -287 -298 1150
-84 5548 11348 -211 -21 2352
-324 5328 11508 333 390 3022
-504 5144 12192 880 643 3148
-904 5292 13700 1742 565 2516
-752 5760 13592 1729 -224 1721
-380 5704 12568 774 -1643 916
-296 5888 13992 236 -1917 -104
-356 7764 13636 708 -2556 -1978
608 8280 12932 500 -2052 -2678
1148 8588 10588 -1359 -2440 -1660
1832 8260 8956 -1310 -1549 -541
2324 8632 8460 -57 -472 456
2116 9692 10696 1258 416 1176
1712 9192 11820 716 -374 1029
1888 7732 10780 527 -245 832
2192 7076 10924 728 293 572
2264 7584 10720 446 -419 126
2308 6880 11116 813 21 153
2124 6988 11552 457 598 -213
2104 6852 11512 405 1250 164
2004 7320 11480 204 1667 503
2008 7272 12016 55 1928 637
1328 6420 10992 -355 2110 450
352 6016 11208 -214 2209 -719
564 6088 12664 42 1747 -1627
928 5264 12708 -357 176 -2132
820 4756 11368 680 406 -2178
1236 5424 12484 1468 1347 -705
1240 5732 13508 1764 1583 807
516 7040 13928 1143 1927 737
-356 8964 14516 685 2413 1636
-1236 8620 12344 -2153 1332 2437
-2396 7692 9400 -2399 395 947
-2252 8836 9772 -945 -560 -1375
-1728 9256 9656 -317 -1563 -1829
-916 8112 9856 600 -1142 -893
-1352 8424 10968 987 -240 -112
-908 7812 10912 -93 -337 397
-692 7292 10984 -133 -88 1063
-996 6956 11436 466 87 1126
-1132 7156 11324 -30 12 1233
-988 6828 10716 70 430 1532
-1204 6416 11040 -85 698 1948
-1048 6148 11024 -196 677 1997
-1804 7292 12996 -61 707 1365
-1388 5952 12232 -1386 -1817 389
104 4612 11480 -417 -2237 199
248 4728 12120 562 -1895 1048
412 4496 12600 1391 -1206 1759
280 4788 12880 1790 -504 2022
52 4816 13144 1974 -482 1442
-64 5500 13884 2356 -572 680
340 6980 14684 1974 -1778 -1257
916 8964 13140 1150 -2542 -2638
1288 9472 10676 -1407 -1762 -2074
1672 8588 7840 -2137 -706 -982
1908 9760 9032 133 2285 493
1416 10432 11844 -467 1425 659
996 8432 11096 -1031 826 462
568 7004 10160 -620 931 199
508 6900 10616 260 1087 -449
776 7296 11364 215 440 -767
872 7000 11700 403 364 -738
908 6604 11200 659 422 -395
852 6432 11324 792 464 222
964 6468 11788 1287 415 602
820 6440 11852 1434 295 639
324 6452 11472 1628 339 160
444 5944 11264 1670 563 -470
672 5640 10872 1596 418 -1807
496 6460 12224 2434 708 -2464
132 7260 13128 2413 650 -2437
508 6784 13084 1924 928 -1871
892 7144 12100 1334 1235 -665
-164 9040 13308 538 2016 198
-1444 11772 12568 -1807 243 1166
-2684 9752 9924 -2900 -1829 327
-2276 9152 8188 -1349 -1291 -104
-2228 9224 9832 -787 -1005 -623
-1680 8644 10116 -347 -427 -309
-1216 8288 10196 -629 -1051 -670
-792 7676 10404 -253 -471 -199
-1260 7288 10880 -1067 -405 -564
-1536 6852 11120 -643 105 -513
-1380 6492 10916 -334 558 295
-1408 6264 10880 -126 769 1158
-1652 6176 11608 -169 271 1002
-1912 6436 12040 15 -365 108
-468 5612 12008 -305 -1547 -685
-668 6108 12148 -152 -1453 -216
-16 5432 11432 -331 -839 1535
-132 5056 11136 217 138 3057
-656 4836 12228 984 604 3620
-792 5300 13588 1683 475 2648
-1056 5352 14304 1880 -33 1781
-688 5732 13320 1391 -383 1838
-548 7428 14100 1630 -495 1341
-508 9048 12936 365 -2420 -8
1400 8428 11136 -952 -2581 -141
1416 8416 9040 -1056 -1809 -36
2196 8452 7968 -109 -25 1176
2164 9948 10216 943 873 1398
1992 10052 11904 488 275 1098
764 8216 11060 -872 -701 173
1372 7320 10572 -189 -792 -46
2188 6996 10148 452 -1622 -822
2632 7668 10476 1081 -1695 -1150
3088 7360 10512 210 -1355 -922
2912 7380 11552 -16 326 194
2800 7016 11348 -406 868 1399
2664 7472 12968 109 2175 3317
1572 5832 11116 -1260 984 2127
532 5244 11772 -396 2260 986
976 5672 12384 439 1335 -909
1096 5384 12220 835 82 -2554
1276 5268 12268 1415 92 -2430
2020 5256 12692 1907 -140 -1725
1924 4936 13476 1878 99 -1283
1468 6192 13192 1479 528 -1439
1276 9344 13752 1693 971 -424
1056 10268 13108 -460 650 1522
-124 9460 11044 -2672 593 1143
-244 9532 9772 -2693 119 401
-424 10020 8980 -2264 1145 1460
-640 7824 10528 -1627 1685 1530
-824 6584 10784 -633 987 688
-700 7004 10916 -98 454 -322
-300 7000 10940 -138 12 -178
-748 6428 11136 -109 88 -328
-440 6488 11592 415 36 -334
200 6916 12140 13 337 283
-228 6696 11940 -133 1058 3225
-444 5456 12276 53 799 4120
-736 5592 11820 902 823 3458
-856 5816 11152 2379 1128 2976
-316 6308 11780 2184 1278 2811
-432 5924 11380 1584 1367 3132
-864 5620 11652 1155 1029 2716
-920 5188 12544 1423 693 1892
-784 5736 13272 1662 299 1554
-284 7348 15340 1994 -122 934
-648 7896 13664 154 -2956 -2349
-460 8116 11500 -1059 -2629 -4249
728 9048 10808 -1730 -1186 -2985
1404 9032 10040 -2172 -1212 -1830
1468 9276 9376 -80 -81 -8
596 9444 10392 -449 -655 319
724 8316 10796 -126 -1163 79
684 7816 10292 -680 -1814 -818
1476 7224 10740 -272 -1343 -1236
1552 6492 11400 250 -1226 -1833
1612 7008 11932 906 -439 -1538
1572 6808 11736 558 -126 -805
1444 6548 11924 985 395 39
1280 6932 11628 799 -177 -212
1184 6792 11860 604 -395 -538
1400 6604 11420 451 -310 -290
1256 5928 11324 117 -355 -495
1188 5472 11488 347 133 -1235
1700 5980 12040 473 364 -983
1480 5672 12160 1083 526 -716
1448 6228 13116 1508 1767 -180
1364 6452 13852 1259 1850 582
780 6668 13596 1415 2008 1041
1260 7836 13044 1074 2244 2233
220 8696 12032 -2 2164 2435
-1104 9060 11968 -1271 1197 1183
-1640 8088 8516 -2071 -1180 -1388
-940 8924 8864 224 -219 -1770
-1148 9584 10892 665 -58 -1822
-956 8712 11580 492 -554 -1492
-720 7452 10880 67 -871 -1790
-740 7268 10748 -204 -430 -943
-752 7472 10936 -148 204 -24
-1104 7364 11336 -623 353 339
-912 6916 11264 -589 398 562
-1264 7024 11188 -833 -28 673
-1188 6396 11600 -751 -757 -24
-516 6736 12292 29 -37 -438
-188 6156 11760 -566 282 179
-720 5248 11348 -695 1249 1556
-1164 5296 11668 -14 1511 2708
-444 4700 11248 1245 2324 3728
-2064 5140 12712 1794 737 2450
-2048 5096 13144 1939 648 973
-1176 5452 13380 2026 -69 1025
-1488 5508 13084 2070 -639 997
-1220 6716 14088 2376 -772 331
-1232 8180 12428 1183 -2780 -1314
-892 8296 11484 -213 -3012 -2184
332 8440 10260 -1123 -2621 -1876
588 8796 9596 -1436 -1893 -1108
1580 9412 9096 -871 -1137 303
1632 9796 10500 -284 -217 1542
1392 9152 11380 -121 -434 1863
656 8296 11456 -218 -363 1267
868 6968 10696 -565 -271 594
1060 6604 10900 -216 330 316
1268 6740 11476 -137 69 200
1064 6432 11536 240 548 195
1168 5928 10952 642 137 -322
1464 6744 11656 1460 841 -46
1312 7172 11980 1282 790 263
476 6692 11756 841 896 7
224 6096 11532 753 1133 -496
240 5820 11500 517 755 -1492
1056 5824 11948 875 622 -1114
868 5844 12576 1197 489 -545
768 6068 12972 1473 797 208
496 6132 13192 1145 363 331
-344 7896 14300 1563 1405 -666
764 11060 13908 362 850 750
-720 8888 11496 -2306 -738 622
-932 7488 8540 -3033 -1484 -1008
-984 8488 9312 -2118 -907 -2185
-1916 9240 11504 -1067 -571 -1925
-1040 7620 11780 -1152 -710 -1012
-364 6864 11056 -590 -1285 -887
-344 6756 10872 216 -994 -271
-560 7176 11000 267 -126 455
-796 6480 11540 335 878 1344
-580 5936 11472 3 1078 2242
-908 5640 11384 733 592 2069
-352 5796 11576 963 459 1848
-848 6556 11812 1016 354 1283
-848 6516 12100 544 219 655
48 5608 11840 265 290 1799
60 5180 12020 630 371 2797
-620 5368 12428 1075 713 3157
-820 5216 12512 1451 635 2758
-1132 5040 13144 1179 237 1616
-892 5060 13144 961 -245 754
-508 7104 13740 140 -240 0
-864 9324 13608 -1562 -1402 -894
1312 9488 11716 -2795 -2085 -1562
1608 9192 8736 -2614 -2156 -861
2048 8604 9984 -699 -444 381
1564 8112 11324 -235 -1175 40
1160 7528 11116 -27 -1748 -928
1600 6948 10796 708 -756 -1405
1648 7080 10960 594 -391 -1244
1916 6640 11752 831 366 -793
1704 6652 12588 602 689 98
1280 5972 11568 635 804 394
1288 5800 11828 894 1286 704
1196 6096 11780 1123 1359 1060
1004 6160 12092 1206 1072 1075
592 6048 11820 1570 820 686
756 5536 11576 591 -378 -512
772 5572 11368 1060 -557 -2675
1352 5852 12164 952 -529 -2962
1840 5636 12420 1251 171 -2230
1684 5584 13224 1321 423 -1109
1528 5744 12620 1426 932 -96
992 7316 13460 877 1901 153
-84 10248 14720 11 1907 382
-1120 9856 12556 -2284 563 594
-2480 7592 7560 -3013 -1341 -909
-2032 8944 9824 24 379 -1705
-912 9460 11380 -1141 -851 -612
-912 7176 10508 -517 -379 336
-1024 7120 10532 72 -115 394
-800 6948 11840 220 260 637
-772 6760 11088 19 279 647
-888 6748 12068 170 701 1196
-668 6732 11512 -392 531 1449
-772 6212 11684 -49 729 1792
-776 5828 11448 -273 477 1488
-940 6108 11664 318 748 1847
-1308 6072 11880 139 96 1345
-312 5704 11684 578 -15 1336
-572 5316 11980 388 -19 1791
-464 4888 12212 938 660 2544
-852 4904 12412 1219 581 2659
-1104 4864 13240 1801 539 2226
-1004 5020 13148 1463 -206 1537
-308 6228 14008 1891 322 1634
-820 8276 14352 659 -1400 120
220 8572 12360 -222 -2424 -1716
656 9108 11028 -1074 -1952 -2144
804 8508 8688 -2076 -1867 -2218
2048 8784 8828 -488 120 -1253
1860 9868 11368 -80 682 -189
908 8676 11804 -208 111 -394
-12 7612 10536 -522 -438 -959
188 7248 10920 58 -488 -1500
728 6840 11440 62 -558 -1316
792 6628 11792 290 -906 -1129
1280 6548 11764 118 -417 -299
1260 6120 11580 326 -38 499
1288 5692 11632 422 136 482
1384 5764 12276 712 507 741
1120 5548 12132 453 279 607
956 5444 11816 886 556 356
1076 5224 12012 1209 884 149
556 5324 12076 1072 842 -573
568 5412 12464 1341 650 -1423
1108 6052 13924 1520 816 -1561
760 6112 14016 860 246 -1497
-60 7592 14640 1659 1288 -1053
656 9464 12824 -151 986 990
-1088 8256 9616 -1574 368 1456
-1640 8468 8828 -1013 -345 -358
-2024 9868 10548 94 -348 -818
-1444 9340 10800 -636 -609 -661
-1380 7600 10448 -22 -639 -577
-652 7084 10960 93 -762 -41
-464 7128 11136 -110 -362 29
-1032 6892 11308 -199 -89 -32
-848 6736 11708 -45 -5 181
-744 6688 11520 -522 245 698
-1336 6744 11568 -1272 178 1523
-592 4944 11760 -1617 -92 2290
-636 4984 11888 -353 411 2062
-376 5368 11760 192 -29 2155
16 4956 11496 272 -458 2276
-280 4652 12272 640 -120 1831
104 4408 12576 1119 -44 1710
228 4496 12852 1975 307 2181
-332 4860 13496 2572 413 2383
-392 5040 13680 2698 -60 1837
-292 6796 14348 2731 -183 1534
-544 9360 13216 537 -2933 -397
1728 9480 11496 -1364 -2613 97
1340 9056 10036 -1562 -1977 -158
2300 8496 8324 -1219 -1133 246
2124 8952 9452 601 703 619
2068 9400 11032 157 -135 461
1844 8104 11220 -63 -685 -178
1976 7872 11388 -52 -1112 -1248
2588 6900 10564 -100 -1233 -1368
2980 6924 11024 226 -44 -289
2728 7124 11308 303 906 981
2508 6836 12372 255 1347 1879
1704 5956 11788 -82 1450 1549
1200 6064 11756 326 1854 921
1292 6060 11584 179 1077 -86
1324 5720 11536 376 1009 -1090
1176 5708 11524 452 717 -1674
1016 5456 12020 784 442 -2049
1308 4828 12304 849 62 -2308
1688 4660 12624 1937 610 -2501
1032 5036 13716 2506 909 -2248
1184 5780 12984 2498 392 -1857
424 7912 14300 2619 1271 -1558
972 11656 14040 780 494 938
-552 9428 11184 -1769 -158 2878
-872 8508 8724 -2996 184 1228
-1540 8776 9248 -1256 345 96
-2096 9316 10336 -1072 -485 -658
-888 8480 10612 -289 -1030 -1467
-20 8080 10744 -187 -984 -981
-392 7536 10920 154 -389 -492
-348 7692 10944 -295 -334 -137
-300 7012 10840 -224 -376 195
-408 7104 10996 -26 324 728
-300 6836 11172 -343 551 994
-880 6412 11532 -308 905 1014
-876 5812 11552 -758 837 573
-292 5672 11484 -123 1369 986
-76 4780 11448 306 1628 1970
-784 5200 12180 1033 2129 2996
-1412 5092 12884 611 1924 3621
-1420 4756 13456 841 1734 3615
-1252 4276 14560 611 529 2627
-1264 4392 13840 616 297 2028
-520 5808 13780 850 471 1741
-1536 8200 13992 692 253 552
-416 8936 11480 -564 -1683 -624
720 9224 8732 -1810 -2337 -369
1072 8820 8688 -1435 -1718 -610
880 8612 10420 317 -1422 -1434
1956 8948 10168 65 -1236 -759
2044 8512 12776 995 817 565
1072 7852 11024 -340 -673 297
632 6248 10652 137 369 306
296 6528 11732 368 718 -518
856 5812 11612 2 349 -773
268 5520 11724 189 304 -1262
608 4988 11860 886 528 -1155
324 5352 12156 1739 440 -1586
112 5116 12300 1376 -108 -2180
-128 5056 11960 1313 -410 -3028
88 5120 12616 1551 -279 -2698
664 5860 12620 1695 -185 -1645
1720 5976 13100 1734 595 -195
1096 7712 14608 1395 2144 1223
0 10636 14152 -131 1416 2260
-1576 9744 11820 -1600 705 2442
-2320 8360 8744 -1902 -887 308
-2384 8560 8528 -262 -854 -1627
-1872 9848 10580 585 -459 -1648
-1084 8468 10832 414 -920 -1154
-1040 7740 10500 324 -522 -918
-1160 7288 10240 396 121 -352
-1576 7176 10784 154 573 15
-1648 7096 11132 284 991 645
-1876 7220 10996 -322 1113 1247
-2040 6544 11064 -20 1008 1776
-2276 5804 11536 58 405 1375
-2628 6292 11888 95 -250 129
-1260 6556 11676 223 -819 80
-892 6116 11844 -343 -1679 621
-1012 5216 11632 -291 -1788 381
-584 4924 11868 230 -756 468
-596 5028 12224 823 -610 597
-460 5212 12964 1151 268 1608
-704 5292 13520 1369 -130 1735
-752 5688 12604 767 -497 1526
-384 7480 14320 904 5 1222
-1020 9060 13360 -900 -1488 -883
692 9152 11472 -1982 -2704 -2156
1396 8008 7988 -2403 -2434 -1447
1324 8184 9304 287 537 -684
748 9380 11652 389 79 -737
820 8928 12244 576 384 -437
768 7672 11200 141 297 512
616 6896 10816 574 706 1293
496 7236 10884 722 602 1428
804 6900 11436 570 -243 699
1192 6852 11220 657 -567 538
1400 6672 11512 678 -263 739
1344 6668 11156 368 -356 528
1128 6556 11384 414 190 571
1048 6804 12496 221 747 499
576 5532 12688 -187 298 147
636 5216 11332 417 212 -1083
1092 4820 11396 1041 315 -1473
1184 5596 12420 1574 863 -1297
1172 5540 12992 1663 1187 -495
1016 5624 13184 1379 1503 201
12 7648 14044 1548 2222 592
-80 9648 14400 423 1669 673
-2208 9352 12088 -1721 -133 -1615
-1848 7720 9000 -2026 -1620 -3104
-1392 8640 8972 -286 -928 -2930
-1548 9312 10524 52 -518 -1445
-1240 8440 11024 278 -373 -379
-984 7732 10136 -60 -609 106
-1252 7744 10928 567 377 834
-1296 8092 11000 -142 268 1274
-932 7436 11192 -617 553 1533
-1288 6908 11316 -442 136 1488
-876 6760 11000 -228 482 1803
-984 6408 11688 -237 1104 2045
-1548 6448 11616 -245 1086 1838
-1492 6020 11476 -110 202 1176
-548 5992 11460 -98 -61 1431
-400 5748 11756 27 309 2169
-584 5488 11664 -156 691 2995
-1528 4020 12116 -23 804 2593
-1856 4500 13904 1152 1195 1856
-1396 4576 14048 1554 -84 1205
-1248 5148 13764 2230 -643 1014
-948 6852 14376 2469 -1378 366
-1248 7736 12952 1025 -3135 -1728
-252 8312 11524 22 -2615 -2590
1060 8936 9364 -1782 -2084 -1146
1468 9232 8356 -1907 -719 495
1216 10136 11004 -129 830 1217
620 9268 12016 -1153 -207 1060
336 7516 11164 -1094 -593 806
460 6752 10304 -209 -341 405
1164 7148 11280 -106 -728 78
1480 6972 11208 114 -854 363
1564 6712 11168 -70 -554 569
1828 5984 11772 41 -370 492
1660 6208 12472 502 -69 321
1380 6160 12060 657 -427 -12
1328 6064 11360 911 -152 -591
1780 6084 11576 913 16 -595
1352 5708 11612 772 -178 -821
1180 5876 12008 838 484 -585
1128 5052 12308 1076 -103 -870
1100 4840 12620 1783 109 -1329
2040 5460 13244 1739 221 -906
1668 5188 12976 1636 565 -336
896 7888 13888 1467 2114 -40
1372 10380 13924 6 1319 1181
-824 9164 11104 -2264 280 297
-1364 9036 9000 -2068 133 -1618
-748 9396 9800 -1280 -95 -2351
-884 8728 10748 -1327 -24 -1892
-400 7584 10880 -1009 -105 -1490
8 7084 10896 -154 591 -519
-288 6940 11292 -244 614 565
-764 6556 11452 42 1078 1526
-1156 6804 11572 181 858 1138
-996 6732 11664 50 564 935
-836 6404 11768 188 521 1269
-508 6112 11508 326 340 1782
-456 5936 11892 417 186 1825
-744 5928 11752 819 83 1670
-800 5944 11900 862 -83 1667
-584 5500 11628 618 155 2001
-488 4860 12312 684 230 2269
-256 4364 12100 1276 -173 1867
-200 4376 12684 2250 183 2007
-592 5032 13016 2209 68 1624
-396 5844 14352 2592 445 1178
-972 7976 14036 1122 -1383 -982
-340 9180 12768 188 -1764 -2378
816 9744 10564 -994 -2187 -2054
1388 9756 8876 -1458 -1282 -520
1204 9884 9028 -602 -722 -317
1128 9524 9800 -687 -531 -344
1004 9116 11064 -460 175 -323
1016 8916 11032 -1241 -103 -312
156 7188 10916 -1157 153 -368
384 6972 11148 -1171 15 -582
796 6260 11292 -966 -638 -505
1104 6220 11472 -342 -1069 -417
1416 5888 11732 111 -1002 -299
1716 6028 11696 534 -527 -74
1472 6336 12184 876 -218 50
1416 6420 11764 1113 -176 -83
1244 6120 11864 1227 394 282
756 5520 12128 1362 251 -397
708 5648 11636 1142 -25 -1565
1348 5400 12196 1457 93 -2170
1352 5424 12312 1654 306 -1889
1644 5512 12604 1947 989 -1106
1424 5744 12200 1557 1149 -399
1460 5440 13400 1027 1685 371
-16 7604 14208 1192 2871 109
792 11236 14332 -951 1899 2373
-3412 9472 10548 -3469 498 -80
-2420 8720 9328 -2599 409 -1839
-1312 8656 10272 -795 -1071 -2965
-912 8052 9872 71 -1644 -2434
-1152 7908 10152 1149 -973 -1383
-1168 7872 10940 546 -563 -564
-1100 7720 11368 -21 14 104
-1036 6900 11052 -901 57 501
-1252 6444 10872 -502 292 693
-1096 6524 11508 -249 317 914
-1040 6512 11776 -494 221 1722
-856 6176 11680 -550 335 2294
-1084 5860 11420 -243 -52 1839
-524 5704 11508 -62 -59 1783
-92 6268 12248 -899 134 2244
52 4708 12004 -2042 -568 2676
-952 3336 12268 -1950 -425 2722
-808 2364 13348 501 422 2778
-788 3348 14800 1751 -49 2152
-296 3644 14724 2476 -492 1563
-424 5304 14352 2659 -1110 -147
-508 6248 12496 1860 -2220 -2786
280 7872 11512 612 -1418 -2859
1020 8932 11336 -515 -755 -1761
1444 9144 8988 -1271 -833 -415
1220 8920 10380 261 721 753
1012 9228 10856 286 692 1480
420 8256 11188 248 279 1444
568 7420 11180 321 111 865
500 7200 11192 499 -314 343
724 7072 11764 314 -750 -124
284 6444 11424 220 -1810 -737
1976 5924 10976 799 -1364 -664
2912 6468 11488 1206 180 -184
1740 6624 11996 1412 495 187
1216 6676 11684 1039 846 -701
1264 5984 11656 797 1197 -734
940 5316 12112 916 1824 -880
1256 5452 12168 901 1598 -776
800 5332 12152 1465 1626 -620
-228 5580 11620 1579 1530 -962
52 5444 13028 1732 1683 -1046
784 6248 13552 1648 1053 -927
-288 8700 14796 1759 1703 -386
276 10308 13840 -70 1416 2159
-1804 8648 11528 -1196 650 1884
-2600 8712 7980 -1714 -831 -635
-1748 9388 9148 -331 -763 -906
-1564 9784 10676 203 -594 -49
-1620 8864 10992 131 -622 -382
-988 7792 9896 2 -815 -688
-604 7564 10024 -244 -392 30
-1228 7320 10780 -605 170 709
-1972 7120 10944 -347 251 478
-1512 6944 11580 -601 76 589
-1248 6540 11132 -456 7 795
-1508 6468 11636 -283 -108 789
-1056 6636 11512 -299 -266 1199
-844 6012 11560 -427 -706 1505
-488 5896 11436 -375 -218 2275
-268 4944 10996 -329 -50 2979
-360 4732 12080 795 1175 3645
-932 4696 13508 899 1182 3557
-476 4424 14272 1707 965 3216
-588 5068 13704 1990 416 2820
-368 6264 13996 1690 533 2589
-1144 8656 13620 1034 -724 1132
-84 8964 12204 -25 -1876 -543
1504 8700 9880 -1590 -2548 -255
1680 8764 8160 -1560 -1325 789
1664 9576 9560 -263 -873 -122
1776 9548 10956 76 -690 -266
1568 8988 11588 -277 -498 -154
1256 7572 10728 -142 -1017 -677
1424 7120 10700 -63 -1080 -1567
1868 7000 11136 -138 -1169 -1627
2408 6788 11196 91 -935 -1272
2000 6624 11288 402 -495 -945
1952 6420 11896 576 54 -894
1780 6632 11704 620 230 -835
1716 6688 12380 494 295 -708
1640 6376 11856 429 678 -250
1212 5716 11160 18 635 -356
752 5044 11036 130 964 -1328
1140 5336 12044 1050 865 -2065
1244 5384 12644 1622 331 -2613
1340 5372 13432 2268 1022 -2084
1068 5908 13028 2328 1397 -1480
744 6652 12808 1818 1750 -1050
-528 9680 13568 1479 2223 -292
-1260 10788 13688 -254 1782 1133
-1816 8836 9496 -2534 -168 1390
-2008 8188 8244 -1443 -782 -124
-1772 9704 9596 -276 -812 -372
-1528 9328 11136 -163 -740 -275
-1084 8000 10448 -612 -1077 -960
-632 7780 11196 -218 -607 -830
-888 7412 10992 -546 -448 -546
-872 6920 10896 -555 457 149
-1244 6900 10832 -32 1011 849
-1356 6912 11252 82 1102 1408
-1112 6448 11048 -123 875 2251
-1144 6624 11276 228 812 2605
-1548 6824 11632 -239 -327 2022
-1072 5812 12112 -110 -781 1400
-552 5424 12436 -502 -471 1942
-124 4416 11876 365 74 2672
-208 4292 12096 1307 626 3207
-492 4524 12676 1636 981 3207
-464 4684 13424 1483 700 2876
-152 4940 13840 636 344 2743
-748 7444 15964 1619 873 2405
-1356 9764 12916 216 -2667 -1078
1304 10072 9696 -1269 -3170 -2024
872 9400 8248 -1419 -1455 -1479
1876 9664 9836 -470 -557 -1301
1564 9844 10752 -209 -967 -955
1152 8588 10872 -707 -911 -504
1084 7516 10560 -667 -661 -311
1228 7164 10592 -362 -921 -961
1660 6976 11372 41 -961 -1287
1908 6672 11332 391 -702 -856
1908 6460 11576 852 -340 -263
1692 6356 11600 1077 -84 -270
1636 6772 11704 870 161 -567
1400 6960 11820 695 290 -690
1112 6576 11652 422 418 -312
1388 5836 11712 -36 796 -148
1464 5656 11616 269 955 -230
912 5576 12448 311 1034 -108
356 5276 11756 1141 992 -1052
484 5496 12428 1402 883 -2010
752 5548 13504 1625 607 -2070
896 5376 13384 1584 507 -1958
676 6320 13628 1677 1205 -1466
556 8832 13944 1322 1615 235
-140 9984 13276 -492 1207 1542
-2708 9324 10556 -2255 -201 97
-2592 8692 8596 -1998 -966 -898
-2056 9464 8764 -335 -552 -1432
-1108 9056 10256 199 -323 -824
-1016 8260 10744 277 -121 506
-1404 7640 11000 291 219 1145
-1144 7212 11344 -610 345 1297
-864 6412 11036 -548 749 1740
-1064 6476 11424 -543 584 1693
-952 6008 11400 -288 506 2010
-1160 6060 12076 208 595 2212
-1052 5704 11748 -139 358 2285
-844 5848 11432 75 355 2445
-680 5628 11692 291 40 2562
-324 5592 11300 834 534 2679
-1084 4904 12304 889 436 2767
-796 5332 13304 1667 1014 3312
-920 5064 13492 1795 124 2890
-1092 4768 12728 1794 -477 1996
-720 6244 13548 1789 -765 1090
-804 9316 14036 893 -1879 -190
160 10672 13484 -47 -3709 -2572
1244 9928 9836 -1698 -4904 -4547
1940 9280 6700 -1819 -3068 -3823
2464 10252 8560 -44 -14 -2633
2164 10552 11568 116 465 -1197
1508 9404 11604 -1054 -604 -258
1320 7036 10444 -1018 -663 135
1300 6704 10596 -327 -443 301
1984 6832 10992 303 -509 131
1896 6884 11408 546 -500 37
1880 6776 11568 333 -331 -427
1628 6536 11988 521 140 -490
1760 6244 11592 -52 97 -70
1300 6200 11212 533 829 -167
1420 6076 11852 509 1238 -86
1168 5404 11844 556 1242 -467
1512 5536 11748 1040 722 -740
1312 4944 12388 1450 537 -661
156 4728 12796 2869 569 -670
2276 6212 12364 2760 916 -415
1740 7928 14028 1688 2864 -1144
544 10852 13832 1108 1809 -26
76 10548 12532 -899 1131 1353
-1744 9816 10204 -2670 623 -125
-1620 9460 8768 -3652 77 -897
-2516 9300 9264 -1217 416 -1883
-1676 9064 11028 -1311 24 -1496
-1136 7852 10464 -1185 -618 -1013
-764 7332 10700 -711 -432 -204
-872 7248 10808 -440 220 968
-1356 7028 11684 -552 1080 2023
-1380 6440 11552 -552 1123 2630
-1192 5992 10988 -172 1049 3176
-1428 6336 11648 352 828 3065
-1732 6360 12292 216 204 2533
-1224 5648 11488 484 -484 1571
-980 5616 11512 1248 -590 1077
20 5308 11504 1023 -325 2357
200 4872 11324 1776 659 3969
-148 5592 11984 2370 819 4183
-768 5984 13056 2734 637 3597
-876 5824 13288 2054 120 2322
-620 5604 13028 2248 -151 1358
-176 6960 13420 1753 -27 1445
-456 9492 13800 1137 -1398 1372
-304 10516 12560 -1248 -3239 -905
1396 9968 9036 -2897 -2832 -1506
2760 10436 8096 -2721 -1015 -269
2384 10700 10460 -1126 -99 55
1656 9472 11212 -1637 -826 -86
716 7924 10152 -1484 -856 -618
944 7100 9976 -989 -578 -1825
1928 7180 11192 -449 -1017 -2788
1960 7040 11388 -464 -1749 -2229
2132 6932 11016 169 -1198 -1846
2660 6020 11576 1031 79 -905
1992 6756 11752 1050 562 -832
1716 7052 11224 503 70 -774
1392 6868 11544 278 86 -385
1772 6376 11812 30 38 92
1728 5932 12416 -152 -340 -322
1644 5384 12724 153 -605 -1267
1724 4944 11884 1000 90 -1683
1704 5036 11756 1447 397 -1980
1700 5084 12184 2081 586 -1942
1856 5572 12556 2261 1179 -1404
2048 5640 12972 2280 1270 -489
1516 5936 12584 1672 1234 -378
-48 9684 15048 2282 2975 -710
924 11532 12988 -1407 1374 2400
-1924 8980 7996 -2665 152 1569
-1848 9196 8716 -854 773 -434
-1472 10128 10692 -872 317 -482
-1404 8904 11136 -590 393 34
-680 7624 10468 -1091 -18 0
-248 6804 9996 -1255 662 1293
-1036 6560 10656 -1034 1310 2095
-1640 6684 12028 68 1567 1716
-1292 6680 12400 -640 860 1640
-764 5948 11176 -286 764 2251
-1076 6552 11296 96 583 2511
-1412 6520 11220 304 -60 1855
-776 6128 11376 146 -168 1132
324 6120 11608 -478 -376 1349
-36 4796 12724 -672 584 2474
52 4432 12108 285 1560 2366
-1884 4080 12412 568 1793 2726
-1740 4656 13080 1810 966 2196
-1896 5000 13668 2204 196 1297
-1576 5384 13428 2049 -568 667
-1620 6744 13744 2574 -1663 -1060
-1276 8696 12572 2088 -3104 -3350
784 9744 10908 -179 -3073 -2655
1252 9276 8580 -1263 -2131 -818
2324 9648 9184 -59 -278 528
1376 9960 10824 360 -460 306
904 9276 11080 -207 -937 -192
884 8136 10460 -541 -931 -298
980 7824 10368 306 -462 -427
1040 7876 10936 143 -693 -977
1180 7584 11412 182 -752 -1441
1268 7428 11288 354 -1002 -1682
1108 6944 10840 459 -909 -2086
1544 7348 11448 355 -393 -1767
1556 7188 11904 148 -271 -1246
1228 6676 11496 101 -26 -868
776 5964 11364 97 -207 -1300
1092 5616 11616 358 184 -1903
1408 5940 12152 887 244 -2092
1492 5676 12712 1477 607 -1647
1248 5648 12664 1776 671 -1222
1080 6308 13148 1773 1242 -1036
504 8504 13520 2203 1845 -813
-564 10544 13808 638 2279 407
-772 9676 10924 -2063 1368 1443
-1484 8280 7952 -1793 119 80
-2696 9752 7920 -846 584 -180
-2680 9780 10532 -94 572 19
-1864 9056 10972 -369 458 37
-1304 7908 10160 -370 465 608
-1340 7552 10732 -704 749 1379
-1732 6948 10808 -1289 999 1847
-2096 6764 11084 -974 1264 1846
-2044 6792 11252 -784 1027 1725
-1804 6328 11208 -710 780 2202
-1932 6100 11628 -647 523 2672
-1788 5808 11704 -610 352 3263
-1756 5232 11460 -537 286 3715
-1532 4920 11028 169 -61 3736
-1076 4280 11568 929 -105 3452
-972 4692 12072 1597 670 3864
-984 4648 13216 1792 570 3754
-736 4572 13596 2184 271 3594
-1156 5156 13940 1594 580 3707
-1060 9936 15652 2362 405 2851
-1312 11184 14392 1594 -4188 -2138
1224 9940 9296 -1151 -5820 -3656
1460 7952 6824 -1836 -2906 -2017
1580 9448 7712 53 -605 -1978
2364 11200 10488 191 -989 -2367
2172 10400 10512 -295 -1529 -1756
976 9292 10656 -139 -836 -1283
736 8440 10124 -259 -1465 -1941
1092 8288 10416 -343 -1603 -2738
1292 8360 11160 -802 -2088 -3486
1684 7696 11048 -872 -2328 -3965
1688 7372 11724 28 -1707 -3586
1816 7036 11080 248 -1419 -3015
1532 7116 11268 1098 -712 -2298
1440 7520 11056 1380 -444 -2141
1484 8564 10980 900 -546 -2650
1616 8488 11916 -206 -159 -2767
1492 8128 11892 -1208 -273 -2344
824 7008 11136 -1379 31 -1381
256 6828 11104 -1158 820 -1575
260 6828 11252 -561 1253 -1575
92 7072 11472 54 936 -1195
-328 7176 11640 184 609 -955
-468 6988 11392 161 631 -1109
-644 6920 11700 291 1087 -518
-1180 7008 11704 332 798 -560
-1296 6936 11872 411 465 -782
-1244 7076 11560 231 196 -945
-1092 6412 11604 407 287 -847
-1376 6480 11500 461 -30 -1135
-1320 6536 11720 960 -504 -1135
-1156 6804 11828 556 -672 -662
-1168 6464 11560 824 -560 -173
-1588 7480 11624 1019 -473 -108
-456 6944 11508 1552 -957 -523
-716 7964 11836 1341 -296 543
-884 7204 11304 171 -781 244
-556 6752 11748 236 179 502
-1660 7060 11760 373 26 320
-1564 7584 11240 -151 -972 -1090
-336 7108 11364 93 -938 -1196
-672 7544 11416 -295 -941 -1353
-344 7328 11764 1 -655 -606
-252 6780 11468 382 -342 727
-828 6676 11836 406 -2 1086
276 7036 11432 108 311 1267
-1368 6888 11956 274 -120 665
-668 7196 11444 234 -636 -736
44 7088 11448 20 -489 -589
-448 7140 11460 155 -368 -465
-308 7220 11624 191 -625 -421
-292 7112 11632 67 -465 -281
