12939488 12976130 -1216493008 5 4064004 4289866
0 12976130 -1216493008 5 4064004 4289866
2724 15944 -6632 297 554 264
2584 15884 -6632 -31 374 527
2500 15716 -6632 95 -357 482
2932 15824 -6488 427 -862 313
3316 15824 -6812 164 -641 274
3164 15740 -6624 114 -71 252
3176 15864 -6600 230 375 249
2984 15700 -6596 255 761 157
3084 15996 -6640 411 1044 163
2876 15624 -6480 260 1053 146
2964 15936 -6736 554 1160 88
2824 15760 -6508 487 1034 116
2756 16052 -6440 515 823 255
2672 15960 -6740 341 451 239
2920 15760 -6404 207 89 269
2216 16212 -6656 -344 -621 364
1672 15932 -6664 -601 -2266 547
1872 15460 -6612 -10 -4023 832
3808 15700 -6420 642 -4257 334
3912 15668 -6576 1058 -3011 438
4096 15948 -6348 674 -1448 83
3892 16020 -6728 865 456 154
3088 15928 -6472 852 2360 341
2800 15704 -6876 553 2340 -64
2476 16064 -7012 119 1431 314
2436 15724 -6976 -284 423 308
2168 16280 -6908 -408 -226 547
2960 15172 -7436 -990 -233 277
2336 15396 -6684 682 -1124 9
3608 16244 -7760 1304 -969 301
4332 14248 -8280 1491 345 1189
5668 14700 -9696 3345 1730 -171
4088 13444 -10744 2930 5888 -711
2828 16692 -9440 5140 6641 -1383
3632 9788 -8216 6037 6359 680
3560 17128 -9836 11568 4947 2496
4184 15300 -9136 6910 5415 4701
4280 12776 -8428 4512 5980 4218
5660 16816 -9108 6009 4863 5777
5180 16616 -9392 4189 3022 3850
6168 14052 -9960 547 2519 2273
6316 15936 -10268 660 470 2390
6912 12700 -11304 -456 -840 1414
6848 13844 -11256 -844 -1738 1787
7424 12864 -11236 -967 -3088 1953
6992 13168 -11228 -1565 -3928 2540
7180 12908 -11484 -952 -3382 3278
7896 12636 -11052 -736 -3115 2610
6616 13944 -11340 -403 -3074 2188
6764 14580 -11628 -1614 -3219 1069
7316 13740 -11108 -1653 -2624 133
6324 14464 -11392 -3530 -2948 -643
5752 14564 -10152 -4239 -3558 -2163
5936 14756 -10480 -3889 -3863 -2201
6044 14548 -9968 -6543 -2545 -2538
4260 13900 -9600 -5850 -2544 -2225
5304 13864 -8932 -6534 -2246 -2437
5128 13436 -8980 -4702 -2230 -2807
4452 15312 -8560 -4607 -1072 -2469
4252 14596 -7948 -4614 -757 -2307
4312 15136 -8456 -3363 -514 -2069
4324 15208 -7588 -3309 576 -1540
3952 15404 -7308 -2128 1358 -1254
3332 15200 -6544 -1522 1437 -1150
2800 15572 -6576 -420 1132 -336
2888 15740 -6396 -377 508 -115
2748 16044 -6072 608 214 -45
3184 15728 -5636 710 489 -360
2332 16352 -6052 508 -194 277
2268 15776 -5276 343 -1060 285
3152 16424 -5808 298 -1210 -23
2808 16200 -5812 277 -522 287
2644 15948 -5892 144 -347 407
2804 16020 -5600 115 -520 229
2960 16156 -5948 181 -209 -65
2844 15952 -6136 120 -257 -16
2400 16036 -5656 393 -206 50
2400 16168 -5852 464 -171 530
2612 15776 -5984 767 -595 362
2808 16032 -5948 431 -486 331
2840 15980 -5964 301 -334 -166
2708 15864 -6052 653 -374 -160
3244 16008 -6076 763 88 140
2364 16060 -6172 514 228 298
2640 16020 -5980 925 -75 252
2724 15868 -6084 549 -223 231
2468 16192 -6204 415 -212 358
3196 15724 -6144 294 -14 231
2652 15936 -6364 365 334 231
3016 15964 -6480 420 603 228
2808 15932 -6460 531 746 191
2808 16004 -6288 511 1229 172
2840 16000 -6388 421 1204 225
2592 15940 -6228 254 1141 443
2680 15964 -6368 340 1037 423
3208 16044 -6276 -135 1647 562
2604 15896 -5972 23 866 488
2748 15960 -6064 150 182 168
2644 16156 -6124 -341 -201 354
3332 15712 -6380 -331 -264 149
2748 16164 -6376 -387 -484 340
2712 15740 -5896 -230 -1087 433
3636 15692 -6164 492 -1039 106
4308 16204 -6108 254 573 -193
3476 15752 -5848 102 1944 -60
2640 15960 -5952 166 2330 -458
2116 16092 -5740 150 1988 -313
1864 16056 -5924 0 1133 8
2464 16012 -5828 92 172 282
2600 16012 -5936 -6 -418 236
2808 16088 -5920 -269 -715 320
3028 15776 -5684 -66 -1020 454
3096 15892 -5764 249 -950 377
3124 15928 -5872 242 -683 384
2912 15900 -5664 340 -712 282
2872 16016 -5296 269 -622 219
2924 16084 -5556 291 -456 138
2728 16096 -5848 115 -262 102
2620 16084 -5936 38 -167 97
2592 15912 -5844 492 80 222
2880 15900 -5660 935 479 241
2640 16100 -5768 611 740 138
2612 16164 -5788 525 628 351
2796 16100 -5800 262 396 262
2816 15848 -5960 110 248 355
2752 16052 -6000 227 94 206
2680 15928 -5752 286 34 218
2856 15916 -5864 439 17 171
3028 15956 -6268 200 92 225
2848 15884 -6024 569 121 219
3168 16072 -5808 944 166 464
3144 15844 -6052 786 480 286
2672 16236 -6180 540 184 247
3032 15960 -6004 194 -36 326
2916 15880 -6252 96 -158 285
2916 16032 -6156 156 -68 357
2880 15668 -6512 400 91 420
3008 16012 -6156 575 109 136
3072 16180 -6440 574 611 321
3156 15728 -5916 366 643 194
2564 15896 -6096 687 143 242
3424 16108 -6188 750 4 303
3856 15880 -6072 1072 569 241
2708 15908 -5908 174 716 275
2476 16068 -6232 220 -140 90
2796 16004 -6260 402 -684 205
2996 15796 -6536 197 -641 367
2624 15688 -6528 606 -615 242
2728 15768 -6636 1083 -667 700
2644 15840 -6532 631 -662 467
2516 16140 -6276 851 -743 605
2500 15288 -6436 823 -763 727
2948 15816 -6328 1201 -759 840
3436 14836 -6488 1983 -389 621
4404 15292 -7280 2714 920 1415
4132 17632 -7368 -154 1736 -43
3544 16988 -5084 -1631 2328 1906
3004 15928 -4608 -1078 1232 1708
3908 15260 -4596 1224 -123 3042
3892 13804 -4504 201 1008 2709
4788 14600 -2960 773 1079 1411
4540 14348 -3496 1697 858 -379
4556 16640 -3360 441 1309 -322
3104 18260 -2720 -102 413 1410
5068 19752 -820 -542 -1558 2714
10836 25088 -5500 2038 -1589 2963
5980 14128 -12804 -3925 655 -4306
2156 14176 -8900 4611 1047 -766
3808 14504 -8100 -277 -2138 -6973
4272 10348 -8036 810 -1208 -4548
2448 14980 -7736 1981 1308 -4336
908 13260 -6440 62 499 -2948
488 15116 -5536 -304 -429 -988
860 13604 -4516 -1353 -305 32
1672 14188 -5092 960 944 1235
2012 16660 -6728 1555 2752 907
1884 22224 -3312 1978 3795 -962
1848 19808 -8416 230 -310 -2608
2056 19192 -11960 -1106 -2744 -949
8272 13304 -11372 3826 234 -398
-912 18424 -11060 -3520 -647 1414
684 10896 -6148 -2354 -582 6969
2824 12944 -5892 2 -4674 5948
3988 13048 -5888 -1995 -4458 2992
3920 12548 -5144 728 -2204 1176
3776 12268 -4148 880 -1012 -1077
608 15612 -3368 1456 -698 -1023
4160 11824 -5944 -2423 -2796 1071
5980 32767 -3396 -2294 -2994 4081
7008 22476 -13520 -679 -4391 4126
5904 11356 -13628 -1679 5887 982
3844 13200 -6488 -2515 2691 -4894
2808 15128 -6316 1911 -222 -6334
2636 9804 -7024 2383 4423 -4581
-420 14152 -5480 1027 3237 -4312
252 11312 -5328 840 2540 265
1776 13936 -4724 1833 1475 1525
3004 15228 -5788 -210 3533 2045
196 22872 -4900 1617 2282 1620
-1192 21200 -10992 -4187 -650 -5100
3988 17524 -12844 6970 -5376 -3962
6672 14404 -13224 -6240 -2098 2857
-2492 13008 -10688 -1191 5034 5660
1496 14652 -6108 -5146 -1605 4643
3816 12364 -6700 -2104 -5308 5500
4080 11832 -4980 -3195 -1409 1323
3892 11124 -2988 -1753 -1539 -449
2516 13248 -2376 317 -1149 -1653
1284 14584 -6620 -1519 -2028 -576
10800 32767 28 6005 -5140 3780
3236 17288 -9608 -3836 5306 3652
4536 10072 -12252 1142 5258 3916
1140 17712 -10076 -3499 49 -2784
3584 14368 -7684 1393 -1867 -6465
3424 12076 -7720 4024 1768 -4208
-1016 12536 -5384 831 3067 -2428
700 13244 -5012 1023 1807 167
1376 13928 -3820 -197 1684 871
452 15828 -4004 15 2900 2577
2824 15916 -6436 2822 2979 813
-220 26316 -6140 6109 2577 -3578
-3380 19948 -12324 5631 -1037 -7026
1908 15440 -14064 -638 -2529 257
5004 13924 -9088 -669 -896 -508
-1256 13964 -9732 -1098 -1638 1603
-220 14236 -7480 887 -5287 6080
2808 14296 -6520 -59 -8144 4315
2616 13076 -6620 -2610 -6843 4020
5684 13140 -5176 -1231 -4720 108
2728 12896 -3364 -497 -725 -1639
1060 15512 -5224 812 -865 1068
7988 19212 -1412 4414 646 3070
6208 20560 -5920 87 381 3066
9468 17776 -10928 2344 3309 3658
-3352 14304 -11628 2773 2202 -376
4840 17412 -10784 1843 3544 -6372
3408 11120 -8228 -191 6820 -5047
-104 10624 -6584 836 7455 -3013
-320 10396 -4680 1427 4384 -1181
-588 13628 -5456 2110 1168 -706
2516 14288 -5316 2002 1691 1505
3004 17160 -5500 571 4328 1389
596 20916 -5884 2117 2582 1297
-2080 29264 -14932 4155 -225 -5999
1896 19240 -16844 6985 -1701 -3821
3788 16420 -14160 -7788 1253 -1820
1156 19496 -9340 -2563 110 1941
-1128 9492 -7104 -5879 1121 5798
1716 9032 -6276 -308 -2960 5495
1980 8256 -6452 -574 -6765 -210
2224 14184 -5876 3269 -7606 -2837
-348 16416 -4676 1978 -5697 -1154
3220 16924 -3720 948 -6700 3296
3076 17516 -5900 4403 -3496 1158
7128 20136 -16232 1154 -4520 3267
5716 16692 -10932 457 1799 4620
1636 14408 -11364 -2761 4719 -1333
2720 13788 -9560 -71 5327 -4372
1116 12152 -7280 379 4166 -2930
1520 11060 -6512 -832 2367 -2460
2428 10472 -4868 -1511 2498 -1212
-924 13160 -5432 226 1974 -895
2256 13776 -5196 2713 3065 770
900 16188 -6140 2937 3580 1970
724 20772 -4628 1677 3592 270
-1804 32767 -4980 -1731 -1167 -4792
3456 19440 -12036 1111 81 -1382
1948 10824 -15732 -2800 -1486 888
3160 19400 -9804 -245 -3543 171
156 10296 -7728 -4926 -511 4759
-8 11316 -6932 -875 -3958 5373
2528 11844 -6036 -2430 -5589 2969
3704 12636 -5220 -2622 -4764 288
3624 13676 -3928 -4742 -2351 -2811
-268 13748 -3240 -330 -1170 46
3820 17160 -3600 4670 -657 3097
3708 24912 -8580 -1465 -3630 3887
10336 20092 -12644 8228 2099 4855
1524 11824 -14444 2410 6430 2610
2088 13116 -9420 1358 2942 -3325
3940 13292 -7036 -4075 4531 -3896
1288 10460 -5604 383 4358 -970
488 13184 -5356 -645 3211 -2959
892 12860 -4008 -495 1977 -16
584 13580 -3188 -652 908 1236
2308 14332 -4032 1393 2343 2266
2748 19760 -7468 2122 3134 958
-2140 32767 -1640 -2430 -654 -6283
-412 21584 -14072 5766 -2170 -4921
6276 16132 -14332 -2531 -3163 1493
3820 14896 -8184 -1256 -4036 1641
-92 13904 -7460 -2790 -1330 1969
2756 10556 -6648 -1067 -1674 4915
3244 11596 -5476 -593 -2140 861
3392 11788 -4648 -11 -1760 -1582
3092 14548 -3428 -69 -568 -1952
-252 16424 -2148 -369 -799 406
5292 16560 -5776 2352 -1681 1417
8160 29628 -11268 -1797 -4022 2788
6596 19544 -10900 1958 3738 5488
-100 18888 -11268 -5441 -1907 -156
944 16196 -10116 2483 1416 -4214
3428 11864 -7924 2710 2767 -1876
2200 11248 -6264 601 3979 -2114
-44 12272 -6060 47 4628 -1462
1040 13612 -4792 625 4274 1338
396 14152 -4156 677 3613 1467
1812 16324 -3868 2422 4080 2376
516 18996 -7584 3169 4101 942
-532 30088 -12756 5165 204 -4482
372 19420 -14048 7298 -2634 -4697
5416 17896 -13812 -541 -4054 -789
2340 15528 -10852 -1340 -5294 2146
1844 13940 -9004 -1694 -2509 3493
2936 10540 -7860 -1546 -3087 4803
2300 13404 -6252 -2867 -2526 2502
1976 12136 -5068 -1859 -2840 484
2736 13148 -3772 -513 -1893 223
1516 14436 -1908 1031 -2381 1510
1848 14660 -6996 1907 -2498 2570
10852 29860 -3092 6090 -961 7405
1860 22484 -10932 -2330 1148 2328
2032 14772 -14120 -6524 4289 2637
356 14744 -9448 -4579 -1410 -2108
6144 14380 -8188 45 -1165 -4226
1924 11884 -7068 604 1494 -4790
-392 13432 -6040 36 1732 -3253
396 13172 -5616 1809 2283 -1253
1188 14000 -5860 -113 2494 1062
2100 13568 -4640 556 4519 1534
2136 16296 -5532 1451 5958 2480
-3292 21372 -3096 1460 3471 518
1872 28500 -4064 -1466 -840 -5287
1108 17632 -13004 3756 -628 -3853
6352 12104 -13140 -2413 -581 859
2580 15360 -7556 1662 -2329 1189
196 16648 -8380 -5380 -1188 864
1060 11512 -6664 682 -3445 7117
3072 12828 -5848 -1890 -2479 4581
4296 11900 -5480 -892 -3087 1159
2932 13972 -3708 -1284 -2980 -840
1016 14724 -2376 -192 -2795 -251
4328 14108 -7412 -2836 -2445 1594
5176 25584 -1700 -1297 -4758 4103
7780 19884 -8892 3017 -291 4383
300 10616 -15260 -824 5229 1467
3088 12568 -8904 2279 2611 -131
5636 16000 -7580 -798 392 -4583
1640 11144 -6336 -730 2723 -2927
752 13176 -5212 1986 2077 -2921
1052 13248 -4164 1233 2275 -1993
152 13788 -3560 140 1810 -237
2128 13264 -3660 1227 2727 1139
1028 17048 -7580 3282 2266 1393
100 26496 -3016 5302 2174 -1928
1340 17180 -11356 7436 741 -7181
3720 14804 -12228 -397 1069 -3167
3788 13188 -10160 2360 136 -10
196 18544 -8620 -1790 189 1042
944 10744 -6396 -2098 -458 4633
1632 12600 -5696 -368 -2290 4302
3744 10584 -4688 -439 -3457 1816
3040 12712 -3996 48 -2260 180
908 14492 -2672 770 -2026 58
252 16416 -6224 796 -5004 2582
9640 25192 1248 2611 -4393 5158
4156 20976 -7596 -4383 2365 2122
248 8672 -12232 -4220 5865 5888
2760 15360 -10064 -5099 -989 -2080
4456 16692 -7732 -1625 564 -3020
3056 12012 -7276 -414 3111 -2787
1288 11964 -6124 1028 2747 -2779
152 12688 -4768 -314 2237 -1779
432 13144 -5256 -190 1675 -419
1224 14236 -4020 314 2232 857
3240 16172 -4732 1441 4384 1073
-3608 23532 -2636 4197 3344 -17
2348 20808 -5196 -1226 -334 -7696
1972 17868 -10852 6588 -1331 -3579
5612 10744 -12200 -2823 169 1541
76 16112 -8748 -2548 -2824 1632
168 13044 -6712 -2861 -1477 3704
1408 13148 -6032 384 -3104 4699
2916 11852 -6044 -2009 -3802 1428
3252 12284 -4456 -477 -2781 633
2276 13536 -3444 36 -2440 124
-116 14216 -3428 708 -3313 616
6244 17160 -2292 7406 -1830 1032
1644 23340 -12564 -1951 -2715 3724
9296 21432 -13400 2696 1950 5369
-168 13872 -10988 -255 563 1409
2552 14792 -8192 662 1812 -4607
3592 12760 -7212 631 1639 -4474
924 13324 -7096 -135 2914 -1373
804 12080 -5036 -1088 3050 -2072
-592 11192 -5400 -1735 2697 196
2616 13104 -4108 3372 4244 1421
188 16008 -4328 764 6407 597
-708 21448 -7660 4613 4565 1403
4104 32767 -3340 1126 1712 -5836
-1996 16196 -13252 6932 -3116 -4524
5884 14632 -13684 301 -6900 417
4756 14648 -10356 -2059 -2116 2033
-176 14784 -8092 1299 -2622 3356
372 12328 -7908 -2085 -3202 5362
3496 11392 -6312 -3838 -2088 3773
3208 10240 -5604 986 -566 738
3228 13876 -4016 193 -345 -1249
272 15100 -3700 -251 -113 -114
5308 11660 -5240 557 -1117 2436
3644 28252 -3116 -4327 -4499 4459
9868 22660 -16044 2672 1455 6431
1364 9640 -13720 -5570 5707 2926
4572 14184 -8728 4041 4397 -3738
2624 14520 -8112 -1154 3464 -5452
476 8656 -6128 1531 3646 -2576
396 14184 -5300 2996 1535 -3517
-1304 14152 -4852 727 975 1371
192 12952 -4068 -2226 -1935 2436
2548 14124 -5848 920 368 754
3820 17280 -8296 4792 1400 -181
-856 29912 -12796 5227 1139 -6532
-2228 21176 -15968 6665 -3897 -6597
5860 14608 -12644 -2348 -3591 280
4412 14696 -9784 -925 -850 697
-64 13980 -7676 -3062 2 2827
452 10928 -6004 -1082 -1461 5011
2564 13120 -5544 -1441 -2877 2798
3372 12280 -5396 -399 -3846 704
2056 14508 -4012 2533 -3007 -736
808 14940 -2728 1630 -2663 1109
2224 16152 -8412 1672 -3472 2844
5664 27992 -4052 -1044 -7356 4219
9208 16728 -13780 3600 164 5102
-512 9024 -15168 -2641 4382 4182
3708 12600 -9652 -2730 1660 -2309
6104 14664 -7548 -340 3325 -3434
1388 11820 -6716 -818 4451 -2739
476 13148 -5856 -378 2892 -3096
572 12976 -4812 338 1512 -758
976 13180 -5832 838 18 -154
1992 14640 -4396 182 889 632
3040 17924 -6048 3980 4379 1140
-1460 22484 -1544 5727 4440 -1477
360 31260 -14036 2907 1064 -5554
12 21092 -14296 5998 -3980 -3368
9172 9828 -10344 -8893 1673 1728
2612 16352 -7004 -2527 1994 -551
-1484 15520 -7580 -5698 166 1784
2648 12740 -6252 2023 -2779 4237
2556 10368 -5836 -2841 -3725 2213
2132 13228 -4588 9 -3873 1600
1564 13640 -2708 937 -4574 1707
1356 15624 -5684 3375 -5047 1267
9472 28224 20 2106 -7026 4485
-528 20004 -16244 5128 -906 978
1888 18360 -13000 -2587 2216 7041
32 17404 -9428 -4057 -620 -832
5472 14016 -8552 80 1984 -3266
2296 11876 -6052 710 2273 -3586
1576 10804 -5892 2790 2349 -3589
60 12192 -5624 479 1707 -1203
1684 13540 -4972 -298 1981 830
828 14108 -3660 -1427 2022 543
2228 15040 -4076 976 1903 471
-1448 22960 -3568 4462 2462 -99
1184 23864 -3980 -667 1953 -6870
620 20640 -17452 9973 -2549 -5984
8460 14596 -10996 -5312 -122 -424
744 15296 -8700 -2423 -1445 4078
280 13136 -8000 -3475 -1733 4474
2684 9144 -6160 -749 -3711 5518
3644 11872 -5716 -2379 -4751 2258
2992 10836 -4876 -82 -5315 -270
4376 12964 -3764 758 -2348 460
624 14480 -1948 -428 -935 1101
6264 16720 -5928 -55 -115 -441
3744 28520 -4844 -1955 -2669 3965
9392 20116 -12360 5114 891 6239
-168 11144 -16744 -1190 4606 1901
3316 13952 -8776 -19 2934 -3226
5252 12440 -6032 -316 3036 -3761
1564 12300 -4864 1911 4189 -3048
256 12920 -4656 -382 1712 -4117
-344 13856 -4152 -1226 792 -1528
1668 12824 -4640 -1730 3279 1296
3628 13596 -3592 1913 5354 2005
-828 17708 -6120 4455 3352 2263
1684 26720 -4688 6454 2463 -3626
-868 18724 -13340 10579 -1440 -6519
3332 16604 -13748 -2058 -2504 -1764
4924 13996 -9368 1245 113 182
1060 16304 -9024 -5313 -1616 1869
824 10964 -6464 -3352 -409 4810
2444 12708 -5480 -1871 -2841 3674
3312 10696 -4904 -381 -4445 391
3448 13448 -3644 -1753 -3394 -3
2584 12748 -1304 82 -1573 519
1980 17132 -6484 3365 -3537 735
4716 29568 1504 3080 -7141 5433
2260 21176 -10300 5687 -1000 4719
4060 11360 -15212 -3401 3004 3731
1556 15108 -8912 -2967 -485 -251
4488 15204 -8276 -847 308 -4969
1668 11928 -6428 -1477 2636 -2879
876 13184 -5644 845 1574 -1521
904 12628 -4996 -972 778 -757
1164 12808 -4424 -2785 1594 435
3040 12800 -4356 2446 3464 1507
4060 18788 -5944 1563 5857 1032
-3832 22248 -1512 2500 4718 -557
524 17856 -5920 4251 654 -8665
3960 15844 -10660 3587 1301 -1632
4468 13284 -10664 -2323 -386 179
620 17176 -9412 -1993 -3354 834
1512 13120 -7524 -1059 -1789 3022
2152 14684 -6388 -234 -3007 3392
2884 12524 -6184 -4676 -3372 2048
3004 10344 -4684 447 -2566 814
1616 10508 -4060 594 -4221 371
1292 16824 -1988 3038 -2940 -381
4016 17556 -5404 1619 -2235 -301
3668 27716 -6092 -3861 -4220 5630
8996 21584 -14012 7777 3120 5774
2756 9836 -15728 -1174 4659 2918
2928 11208 -8016 -417 1157 -3571
4716 14860 -6992 -2245 3352 -5211
388 10904 -6540 105 4799 -2123
2044 12120 -5500 1120 3096 -2544
972 12880 -4436 -898 1823 -668
8 12576 -3956 -932 1797 1153
2504 15264 -2904 3972 3416 2666
2288 17880 -6768 5509 807 91
900 26348 -5352 7141 3469 -4638
-1820 18880 -13444 11090 -986 -7070
4188 17060 -13844 -2387 -1314 -778
3880 15388 -10272 2161 -1058 1231
-1400 15532 -8976 -7162 -1537 3047
1236 10728 -7788 -3057 -1701 6730
3892 13136 -5804 -2477 -1375 3329
3788 11392 -4396 -2328 -1276 -738
2872 13464 -3472 -1544 -212 -966
428 13076 -2172 1372 -1458 764
3700 17748 -4988 1143 -4336 2621
10996 25004 612 2196 -2931 4199
4540 18720 -14072 3403 -1154 1727
44 10296 -13916 -3207 4430 4378
2324 12620 -10156 -4786 1449 -1889
5364 16568 -8416 -135 2878 -1899
2520 11944 -6768 -200 4644 -1999
696 12876 -5144 1310 2855 -2711
-92 12856 -4452 -1072 1948 -3044
168 13016 -4704 3173 -40 -1561
-504 15020 -3752 1360 899 169
1352 13884 -6796 3746 -549 766
3176 25696 -3116 6632 2715 -1189
172 15712 -9168 4983 -1066 -6103
6520 17400 -12088 -2481 -465 -720
5484 11252 -10416 69 2545 -718
212 17748 -8532 -8214 -168 3114
128 12916 -7368 -1996 51 4023
2996 11432 -6328 -344 -3068 5827
2876 10352 -5312 -1026 -3323 1268
1012 12912 -4772 386 -3511 -1473
1920 12836 -3372 -213 -3905 -1390
2512 15976 -5600 3464 -5563 1345
5088 24168 -540 4968 -3838 3756
2780 21568 -540 -4181 -4218 3797
10528 17892 -16400 2070 -895 4341
-344 18024 -12480 -3683 3500 3408
3908 13536 -8268 -460 130 -2070
6248 14388 -7780 -2894 2610 -5902
884 9248 -6376 1800 6190 -3433
1144 12764 -6648 2625 4949 -3575
1580 11484 -5660 2125 4417 -156
1948 12596 -4852 5092 4516 -448
2464 18812 -4444 3098 7254 1359
-2056 19288 -5420 2247 3952 2592
1880 32767 -6616 -399 -1132 -6834
1456 18852 -16040 3511 -460 -3438
5412 15292 -14848 -3299 -1861 -790
3652 16132 -10024 -4658 -1881 2508
-744 16848 -8808 -5934 63 3533
1740 11788 -6528 -2969 -2238 4277
3228 11080 -5220 -3656 -3298 1648
2908 12572 -4524 -2767 -3665 -1032
2428 13308 -2936 -953 -2146 -882
-1156 14380 -1444 -154 -4911 605
6156 16620 -3504 3893 -4719 1448
5336 30528 -960 -8598 -6208 2818
11704 18528 -16696 8198 -543 4552
900 14500 -12324 -3467 1473 2331
1216 13100 -8524 -1382 756 -2139
6720 12764 -7788 -183 2171 -4026
1352 10988 -6916 22 6215 -2196
124 10468 -4960 2023 5034 -2937
-60 14680 -4760 601 3430 271
1540 13548 -4472 1650 2801 1464
2280 16220 -3620 1609 3739 1213
2052 17508 -5888 1876 4281 437
224 23672 -1544 4423 6731 -1990
784 12772 -7724 7272 770 -6874
5756 15360 -11136 -1368 463 -1867
3408 12772 -9504 1563 -436 -1332
-744 15640 -9160 -3069 -3692 2450
1044 9912 -6868 -1803 -4339 5997
2896 14492 -6056 -2072 -5598 4650
2844 10448 -5544 -1060 -6171 420
2520 12152 -4476 -488 -2488 -706
1560 14272 -2756 -1633 -1485 -918
-536 16800 -6068 2452 -5215 1571
5356 28960 388 -598 -6855 5569
3888 23688 -5300 -2504 358 3176
2464 14460 -12832 -6802 2637 5753
-372 20336 -9784 -6546 -1973 133
5456 16224 -7388 -2847 3495 -2187
3300 8592 -5964 2400 4748 -2462
1012 12920 -5572 1223 5054 -3621
-40 12892 -4412 -200 4523 -1312
52 12108 -4296 610 3138 636
2324 13880 -3516 2642 3691 1060
1272 16488 -5072 4141 4146 1402
-36 20920 -2796 2173 4772 482
2784 20360 -3284 -764 456 -5451
2872 17632 -13068 4529 -1888 -3164
4968 14152 -10572 -4991 -1525 -67
1440 18204 -9464 -4324 -4784 2705
448 13400 -7240 -4267 -2806 3598
1384 12400 -6168 179 -4099 4658
3548 10724 -5684 -3808 -3774 1818
2964 12880 -3848 -1396 -2067 -692
1772 13460 -2680 -2498 -1060 -902
-608 14904 -3536 450 -4158 834
5776 22348 1576 6118 -3574 2994
6192 26364 -14144 -6582 -1432 1558
4432 20964 -9588 -4113 3217 9556
2000 18692 -9636 -3141 -3087 1521
3864 16696 -8260 778 1507 -1867
3680 13184 -6356 521 4739 -2223
2120 13184 -5644 3103 3753 -3734
616 12612 -4928 1642 4241 -3342
824 13476 -3388 -219 3888 -613
1448 12652 -4312 1138 3657 528
3480 14936 -4552 3678 4084 2245
-592 18460 -5236 4733 3638 964
2756 22956 -4116 4401 6012 -3675
-2052 21432 -13708 10336 -586 -5802
6088 13216 -14636 -880 -3919 -1543
3776 15548 -11596 2577 -2227 -1725
-128 17664 -10372 -3099 -1368 3775
64 11172 -7024 -2690 -3697 6855
2912 12192 -6524 -1928 -5570 4176
3544 9864 -5836 -1800 -5296 714
3680 12284 -4448 -1170 -3385 -1425
1680 13884 -3120 -518 -1224 -347
3008 15816 -5596 1017 -1951 124
3536 25392 368 6656 -3142 3721
3324 20200 -14940 107 -2742 5467
10528 17212 -16932 -1249 3274 7048
952 17432 -10036 -4006 3931 -1309
5252 13124 -8288 -1875 3562 -4584
2628 13768 -6280 949 4859 -5230
340 11032 -6072 632 5624 -3941
648 11924 -6036 -44 2201 -2210
-600 13872 -4664 -388 1267 274
2556 13704 -4508 2490 1052 1599
2740 17532 -5872 3886 3327 2022
716 19920 -2356 4064 2750 1199
2236 25748 -3512 -2906 911 -6914
2536 17884 -14080 4555 -1168 -2666
6892 14788 -11180 -5284 -1334 -834
1916 16500 -9436 -888 -1964 3887
316 14804 -6792 -3096 -1124 4198
3296 10152 -6248 -1216 -2600 5250
2624 11096 -5756 -3125 -2971 1791
3008 11808 -5004 -340 -3297 -579
2560 14900 -3584 247 -2419 -310
388 16228 -4600 24 -3757 1316
6992 21076 -236 4765 -3703 2371
2892 24192 -15200 -6683 523 504
3980 17576 -9280 -4476 5012 7935
2060 18808 -10512 -532 -1274 -1413
3636 17104 -9924 1243 3148 -3345
4068 9628 -7664 791 5345 -2723
1312 11876 -6788 1517 3531 -3494
-512 13720 -4796 86 2007 -3152
1868 12920 -4656 -434 2751 502
1604 13560 -4708 -469 1698 1557
1628 15456 -3700 1484 3178 1123
1196 18912 -6980 3360 2226 1234
2752 27000 -3792 638 6638 -4651
-4184 17656 -15860 10646 -393 -6645
4276 16836 -15492 -301 -3826 -562
5896 17228 -11260 -1617 732 -529
328 15400 -8816 -3507 922 2445
-1316 9256 -6844 -2177 -2160 5191
2796 11384 -6048 -2882 -5126 4599
4216 10996 -4800 -128 -6027 993
3096 13084 -3784 -1064 -4326 -443
1620 14048 -2628 1326 -3795 316
3668 14252 -8548 2716 -4256 111
4300 32767 -2084 -65 -7433 2734
7132 28328 -14032 13477 -536 5849
1144 16420 -15420 -8263 6675 5198
2376 15516 -9216 -3155 256 -1241
2980 15516 -8852 -44 1377 -3612
2800 10520 -7124 -1015 3811 -3915
2044 12540 -6860 1904 1683 -3799
348 12528 -5808 -2310 2952 -1726
156 11244 -5244 530 1668 379
2840 14256 -4004 2523 3056 965
2496 19204 -5596 4176 4374 1086
-348 19940 -4660 7729 3022 -945
796 19820 -11264 8598 -2493 -9167
3068 14392 -15432 3914 -5394 -3344
4764 15496 -11896 2997 -4984 -2350
180 18736 -10932 -2900 -2091 3601
-24 13176 -8128 -1797 -2674 4166
2708 12196 -6576 -2237 -3978 4933
3088 11088 -6496 -2171 -3598 2989
3060 11276 -4492 -1866 -1569 -58
2392 12604 -2680 791 -1278 -1180
1064 14048 -7648 2049 -3725 313
6628 25844 -532 89 -2871 5137
-424 25180 -13148 1791 -459 89
6656 17588 -12008 -7418 6914 6575
-992 14436 -10004 1822 2033 1561
2256 14328 -8640 -1705 1833 -5556
3548 11840 -7048 746 4047 -2051
664 12212 -8128 1703 4477 -2687
1068 12440 -5844 -271 4082 -2568
1104 14292 -4516 -2303 3883 -1043
492 11992 -4628 -1858 3441 251
2044 14496 -3656 3595 4527 1826
72 19200 -7336 3494 4412 1990
440 25648 -6172 4947 5454 -3518
-1724 20144 -16728 12510 -2005 -5785
5468 17724 -13044 -1488 -4794 -2483
2740 10984 -10568 4333 1346 1499
-1168 17876 -8556 -6410 -1181 2827
1740 9704 -7784 -3162 -5104 6499
3444 12336 -6132 -2983 -4898 4617
3832 10488 -5156 -538 -4914 328
1252 12788 -4888 -922 -4342 -31
1232 16512 -3220 985 -6197 1103
3552 14540 -7700 -746 -5712 1001
6044 29428 -584 -3019 -7952 4572
5796 21988 -10012 5600 -2990 3012
3768 14508 -15328 -2605 4888 4175
572 17216 -9040 -1364 -1582 -2349
4296 17776 -10332 -2283 1902 -5075
2008 11228 -8172 -803 5661 -1740
1212 11568 -5568 594 2615 -3494
344 13564 -4480 -384 2045 -2883
-240 12584 -5148 785 572 -473
1356 16324 -3808 527 2599 2431
3116 15204 -6468 1659 4261 2135
-2968 22012 -1628 5223 2950 -829
228 17660 -10260 5819 -52 -8727
3280 17896 -13976 955 -10 -1032
4608 12772 -11692 -3088 54 -1299
-456 18652 -10192 380 745 2519
1620 11776 -6012 -4873 910 3320
1332 12656 -6156 -196 -788 4836
2640 10512 -5240 -1836 -1611 2680
3704 10704 -4196 658 -2244 169
1876 15048 -2716 777 -2352 470
448 15912 -5700 275 -4926 2313
9996 25464 892 6903 -3025 3925
700 20120 -21164 555 550 532
996 17708 -13428 -3012 5722 7822
2868 15580 -9624 -4389 -2091 -3214
4008 14476 -8416 -620 -41 -3825
1756 11848 -7912 2076 2539 -2442
2540 9980 -6468 1628 1752 -3290
180 12940 -5532 413 2035 -2050
912 13252 -5720 1032 2951 -550
2632 14020 -4316 3131 3828 1650
2336 18788 -6416 3386 5876 1345
-2704 18756 -2404 3918 4054 606
560 13580 -9284 5413 -1234 -8887
3384 16424 -18136 5372 -4246 -2196
7448 15792 -12584 -1063 -2268 -978
-132 16528 -10920 -1312 -1466 3813
-312 13448 -7948 -2367 -1314 5202
3108 11296 -6816 -3332 -3319 5222
3236 11176 -6732 -2683 -3827 1445
3260 11696 -5100 -1204 -3474 -1710
1712 14020 -3892 -208 -1417 -2086
340 16764 -5652 -977 -4066 1335
4940 20148 -1076 7140 -2331 3805
2372 25612 -15388 -4637 -3495 181
9868 21880 -15296 -3207 5197 7366
-1608 13388 -10600 2495 1498 224
3496 15404 -9220 -2034 2292 -5658
3604 13640 -8440 374 5296 -4016
932 11592 -6620 764 4596 -2233
-456 13124 -6036 1198 3652 -2660
1592 12160 -5700 675 3466 -406
3256 14144 -4964 2099 3721 371
3532 16472 -4004 -987 6362 -151
-880 15856 -8804 1634 4837 -895
2768 31724 -14648 2839 4305 -6650
1652 21276 -11764 4231 4078 -3925
9116 11460 -12272 4482 7049 -3646
2220 18724 -10672 4794 8329 -3302
2196 11788 -6588 -3830 12018 1314
1456 11540 -5976 471 10409 608
2892 11428 -5640 213 7944 -581
3808 13092 -5208 2447 7532 -3444
2900 14924 -4964 2233 7202 -3801
-1056 15708 -2972 1364 3571 -1453
2704 17932 -4712 488 -614 -1100
8584 27008 140 -2701 -1666 102
10532 15748 -19312 -1243 5921 4291
4108 18524 -14148 5460 12171 2591
5448 12612 -7764 -5392 13554 -4672
6584 9108 -8604 398 15487 -6852
144 14392 -6696 2715 16823 -5115
-360 14252 -5500 -1193 13830 -6051
-840 14888 -5536 2173 11088 -2442
2104 13264 -4436 1765 8993 137
2776 12720 -2852 2479 8591 949
844 17860 -4012 4407 8186 602
896 19316 -4692 4547 5110 3721
3512 26516 -16032 6535 2729 -6171
-2600 21596 -17100 8613 -1264 -4990
4956 9688 -14840 -7313 2671 188
3692 18464 -10236 3120 3668 -846
836 15148 -8004 -5510 3685 1971
1824 11048 -7232 184 2669 5048
2568 13016 -5640 -4415 73 2538
2244 11436 -4900 -666 -2416 749
2448 11532 -4356 694 -2877 158
748 14684 -3000 2423 -4407 -42
2832 16812 -7284 -1020 -6912 2204
6828 27148 -468 873 -5342 5345
4308 23184 -14576 1196 -2227 2462
4220 17420 -13692 -1560 4046 4998
780 14840 -9600 -3386 255 274
4652 16068 -9008 -78 1253 -4658
4296 10816 -6452 -1700 4463 -3063
836 12244 -6092 2581 2728 -2961
1060 13964 -6112 -1395 2840 -3264
1404 13984 -4612 -463 2519 -139
1920 12896 -4612 1099 3593 909
3180 15580 -4336 3010 5150 2280
284 19936 -6584 3080 3965 2668
564 31156 -10940 3982 1222 -6517
1036 20708 -14000 5333 -1439 -3812
2908 15376 -13704 -4896 -2768 -1380
4636 17332 -10252 -536 -2148 1265
-252 13428 -8296 -4048 -984 4884
1960 11248 -6576 -2311 -1633 5938
2516 12380 -6196 -3783 -4104 3172
2804 12244 -5140 -1454 -4395 466
3224 12788 -4024 -366 -3407 -1049
1956 15304 -3112 -718 -3952 -664
5768 10664 -10508 498 -176 -385
2612 30912 -3596 -4617 -2101 2990
8940 20528 -16932 6315 -3080 7686
3928 20260 -14832 593 3982 4694
2340 13720 -11508 -4353 1513 -192
6700 18424 -9756 2144 3418 -5070
3540 11596 -7240 -1094 6681 -4015
-688 10164 -5164 2980 4769 -2916
1888 14080 -5376 -1802 3026 -3403
-148 13476 -3024 -1625 1915 340
1640 14004 -2684 190 1722 839
3788 14004 -3952 3325 2105 744
120 22004 -4172 4601 994 -100
728 18948 -16236 7119 1477 -4065
288 18068 -14620 7214 -798 -4657
6044 17684 -12960 -5004 -231 -2524
-348 21536 -8072 2261 -2552 2678
952 13596 -7812 -2617 -877 4390
3396 10104 -6892 -402 -3656 6078
2792 12592 -5700 -2643 -3330 2587
3892 12324 -4356 -245 -3072 -399
1892 14452 -2536 14 -1901 -998
1396 14580 -4256 51 -4113 943
4684 17936 -1620 7197 -2960 1480
4140 21128 -2116 -7589 -4095 1333
6384 15960 -11692 6957 112 4603
3148 7328 -16988 -1482 2817 1000
8 11936 -8064 165 -1977 -869
6800 14440 -8588 -5381 72 -4198
1980 8040 -7268 3093 2953 -2672
464 13396 -6224 1385 2173 -4576
824 12828 -4248 1361 2549 -1122
176 13184 -4280 1864 2820 1127
3764 15884 -4368 3336 5055 1306
1272 16992 -6396 3135 4054 147
1468 27220 -4204 3868 5732 -4555
-6516 17540 -18368 11972 -290 -8139
4500 21260 -16456 1879 -2379 105
1856 13144 -9128 1977 -2278 2223
-1732 16256 -7916 -2388 -4885 4224
2836 8604 -8272 -2867 -4255 7619
3684 13980 -5784 -3433 -3615 3717
4064 11732 -4580 -2456 -3716 127
3660 13280 -3112 -333 -1616 139
1228 16528 -1816 -120 -1466 779
6872 11384 -8544 -991 -543 833
6108 30984 -4240 -2569 -3219 1184
6724 15720 -15996 5814 666 6186
524 11436 -14836 173 3259 1017
1196 11836 -8352 2056 -191 -3290
6300 12580 -7332 -3270 2040 -3564
2212 9632 -6076 2243 4244 -3152
724 12628 -5880 885 3394 -4135
-456 13392 -4880 -526 2570 -317
900 13128 -5372 2577 2918 1569
3044 16948 -3828 1549 5401 1692
1164 16236 -6920 3797 4678 992
-532 32767 -9176 635 -785 -5996
-652 17820 -16436 3312 -2374 -4783
4320 21656 -14576 1190 -3639 -1599
2840 16308 -9248 -4782 -3798 3156
1352 14320 -6772 -2851 -2592 4695
848 10288 -6644 -3450 -3919 4464
3460 12140 -5720 -1329 -3410 2891
4380 11376 -4760 -1119 -3127 -691
3264 13692 -3044 -638 -1853 -1335
80 15092 -2728 -1316 -2968 287
6424 16296 -3876 1282 -2195 2253
7996 25416 -8680 -7243 -2434 3092
7892 19912 -12672 7992 4322 6076
1328 13976 -10828 -1495 2797 145
4680 15288 -8936 3106 4036 -4263
3828 12944 -6848 281 5707 -4443
368 10172 -4980 1423 4277 -2995
-420 13388 -5036 1419 1986 -3052
724 14420 -4216 -173 1833 108
2080 13352 -3268 193 2689 1528
2560 14980 -3268 1647 4761 635
-952 20376 -6308 3287 2695 1001
-1280 23332 -9176 3316 2750 -4491
-184 19292 -13900 9849 -3133 -4426
5156 20168 -15736 -2347 -3721 -573
2148 20716 -6948 4438 -3645 1186
644 14720 -7396 -7136 -1123 3405
3432 7596 -6200 -1455 -2011 7315
3008 12216 -5448 -2574 -1695 2463
3332 10496 -4280 -440 -3300 -39
3308 13492 -2868 860 -1997 104
1216 15224 -2504 1917 -2650 48
6424 13388 -5332 5628 -759 -223
5456 25680 -10220 180 -2790 4813
9112 20904 -12580 4524 3191 8078
3844 13932 -14868 -531 2811 -605
2332 13524 -10616 3441 3534 -3565
3128 11796 -6528 -1370 3646 -2690
2448 10396 -6228 944 1661 -2848
1956 12920 -6152 648 1783 -3165
1120 13864 -3996 -1675 1873 -912
444 12800 -3328 -3075 1078 484
3008 13640 -3316 1061 2348 715
3068 16084 -7728 4565 2939 164
-148 28904 -1644 4961 5487 -3831
-344 11576 -6872 7483 -431 -5748
7340 13980 -12384 -3194 -703 1858
5948 13884 -9944 2924 2160 -3898
-1316 20176 -9752 -5380 257 1286
-292 10372 -6664 -4436 -919 6413
3936 11988 -5136 -1316 -3703 4199
3656 8916 -5116 -1008 -4013 -193
2572 11688 -4000 1738 -4347 -1987
412 15528 -2472 700 -4916 -5
2396 16720 -6820 3982 -5466 1486
7908 30916 -140 4514 -5641 3215
916 17880 -7300 -256 -843 5120
4628 11124 -15308 -4449 2684 6611
-128 19368 -11652 -6439 -1043 -1977
5592 14656 -9096 -1536 4154 -1952
4068 11176 -7216 1255 6433 -3886
152 12084 -5680 3068 5419 -4467
68 13012 -5096 -215 3345 -2718
260 13916 -4480 -1885 3150 764
2112 13404 -4072 1571 2040 1156
3704 17008 -5556 2517 4715 1315
876 21940 -3792 4041 5196 97
1616 23840 -3796 -3785 606 -6870
2232 16500 -12416 2758 -1745 -2413
5040 11852 -11892 -2150 -1203 -55
2528 17176 -9016 -3385 -3495 2012
-1088 13132 -6848 -1458 -2554 3662
1796 12816 -6424 -849 -4301 5858
3620 11312 -6180 -3499 -4539 3368
3140 11772 -4760 -1596 -4516 465
2956 13172 -3456 -651 -2173 -866
704 16416 -2480 -289 -1694 1358
5820 10524 -8576 999 417 1952
5032 32140 -2132 -4054 -4494 3386
9484 18100 -14264 4451 -1619 4932
580 11268 -15224 -2031 2626 1846
2064 12960 -8696 -1532 109 -2102
6096 13952 -8412 591 1171 -4207
1644 11584 -7616 550 3689 -2948
588 11564 -5928 3498 2690 -3554
1748 12948 -5692 446 2958 -1144
-792 14136 -4604 -168 2776 1107
2852 15532 -3956 1796 4243 2081
1136 16564 -6844 3517 2668 663
704 27512 -3560 6127 3858 -3429
1864 13136 -13740 7353 304 -5068
1768 16216 -15020 3459 -2824 -1579
2984 12724 -12164 -1897 -3329 656
-268 17972 -9916 -6083 -2143 5520
1300 11112 -7288 -3896 -4490 6076
3580 11996 -6024 -1703 -5562 4995
3856 10256 -5124 -1692 -5464 152
3152 11320 -4452 -9 -3150 -1697
1400 17160 -1660 1357 -3825 -159
3716 12212 -9660 2438 -2490 -754
5080 32720 -4240 -4420 -4778 4882
9220 14812 -13460 4657 -238 6239
1504 12940 -14280 -2905 2995 2215
3432 9856 -8780 388 2318 -3072
5488 14220 -9272 1717 2437 -5853
1596 11532 -7808 235 4614 -3397
640 12208 -5984 2102 3557 -3651
908 13596 -5140 -408 2552 -1726
88 12976 -5288 419 2662 303
2976 15912 -3276 2354 4245 1593
2056 15772 -6576 1925 5061 181
-148 20924 -2464 6529 5059 -2085
2412 14872 -10608 7038 1037 -7088
1592 15476 -14448 3160 -2461 -2158
7204 12800 -12400 -1010 -84 296
-716 17520 -9832 -3117 -430 1456
-40 12352 -7524 -4463 -1074 5121
3552 12292 -6040 -539 -2216 4820
3184 10080 -5436 -2548 -3299 451
2772 12344 -4572 -188 -3331 -758
2416 13684 -2820 834 -2269 -1222
2664 15576 -5380 295 -3721 411
7104 26064 -560 9655 -1446 645
2224 20096 -16116 -1675 -804 -781
5652 12036 -12148 -568 4138 7135
4556 21760 -10304 -8405 3405 -4460
6824 13744 -9612 -1399 8387 -4407
2976 11992 -8560 1590 13306 -3974
1464 11228 -6576 1634 12935 -6244
356 13088 -6848 696 12190 -4481
360 14092 -5036 -257 9798 -1161
3248 15388 -3248 1356 8495 -135
3020 17672 -4572 2979 8909 -406
4036 18216 -1772 6330 9066 -1385
5988 18452 -7472 2233 4759 -8636
2824 18788 -12752 -1338 7455 -4590
4772 9124 -12748 6052 12357 -2688
3364 20272 -10404 -5018 11859 -2819
2116 12552 -7872 -825 10139 4060
1996 14564 -5676 -1505 10135 1658
3816 9804 -5244 149 7077 206
3144 13188 -4416 836 5187 -778
1924 14496 -3908 564 2803 -1534
520 16804 -2980 681 -1409 -347
9656 18444 -2440 2225 -1136 -724
5720 28384 -11696 -3408 1764 1376
4564 14620 -15456 -1737 3371 7259
1624 18660 -11576 -1067 2267 -1615
4384 11772 -8996 -726 5399 -3670
5544 9964 -8304 3253 7453 -5190
68 14444 -7944 1307 7981 -5041
-20 13904 -6152 34 5280 -4193
2584 13396 -5596 -2909 5307 -1119
508 11996 -4332 -4104 3949 -1058
2684 14872 -3756 253 4855 495
3596 17836 -6440 3121 6416 532
484 23476 -852 5016 6609 -1394
2036 15940 -4648 2888 680 -6259
2328 18832 -14064 263 -931 92
5012 8844 -11100 -2284 1029 423
972 17456 -9556 -3331 -1064 2100
1032 12260 -6660 -5846 -1367 5371
3172 12824 -5724 -773 31 4213
3652 10772 -5312 -3331 -1289 486
4204 11920 -3932 -1502 -933 33
2144 12856 -2112 625 -1534 -155
788 17560 -3772 1594 -3746 -225
9364 22988 1004 6710 -2774 2668
4736 17272 -13960 3767 702 2937
4088 19832 -14848 2977 1815 5521
188 15588 -10548 -5818 587 -2619
3908 13700 -9092 823 -221 -3879
3820 12324 -7548 -197 3207 -2862
1668 10504 -6724 1620 3618 -2618
24 14216 -6080 -169 2971 -3072
1088 13448 -4464 -2430 3156 118
2016 12744 -4368 2320 3661 619
4216 17156 -3316 2747 7550 1877
292 18148 -7276 4557 5832 1631
-1660 28104 -15488 8272 3872 -5675
-2976 18940 -16000 9256 -2367 -6389
5212 17200 -14944 -2026 -964 196
3480 15992 -8628 -1787 -536 1061
-2172 17204 -8108 -2741 -2161 3136
1360 9736 -6928 -3621 -4363 6103
5468 11856 -6088 -3023 -4546 3514
3224 11736 -5288 -1051 -3851 -205
3736 13192 -3980 -72 -2599 -93
884 14724 -2292 979 -2038 393
4752 17340 -7960 489 -4568 1099
7112 32160 -1296 321 -4407 3261
7856 19000 -15612 3655 -130 6062
120 9016 -16096 -758 3486 2781
3676 11816 -8524 -891 644 -3287
8312 13988 -6580 -546 3044 -1940
68 12560 -6532 -272 4781 -3665
128 11592 -5648 1967 2980 -3953
1212 14172 -4996 -150 2115 -371
908 13580 -3796 -1137 1936 227
2452 14144 -3420 1096 4165 506
3092 16116 -6248 6557 3788 -185
-1700 29420 -12436 8478 -220 -3823
-2040 20592 -16184 6403 -5240 -6262
6484 18004 -14200 -1589 -3907 -99
2444 13004 -9740 -3640 -3018 1721
-728 16908 -8472 -2287 -2264 3560
896 11844 -6340 -4983 -3152 5392
4256 11460 -5780 -2985 -3854 3685
3668 11552 -5492 -2591 -2561 5
4384 12340 -3588 -411 -1506 -608
1452 16048 -780 -310 -40 44
3164 14440 -8652 854 -1635 619
7364 31204 -832 1183 -3790 4525
5956 19956 -10868 5555 1812 5402
260 12904 -17416 -2471 5327 5193
596 13440 -9400 -1156 3984 -2057
5612 10824 -8152 958 1737 -5220
2064 13412 -6720 1521 4361 -2025
1000 10888 -5672 -255 3164 -2757
-624 14572 -5116 -1247 1191 -1110
640 12432 -5112 -993 991 99
2644 15292 -3900 2033 2693 652
2388 17128 -6600 2447 3757 533
-1680 25424 -456 6324 3919 -1532
944 12512 -5704 582 1139 -6650
2236 15996 -13420 1131 -1860 -1096
6868 12712 -11068 -2210 -1634 -1298
784 18644 -9352 -2169 -1695 2623
-696 12368 -6780 -4301 -1537 5917
3824 11484 -5392 -586 -3377 5496
3624 11600 -5164 -2134 -3753 2840
3404 11948 -4716 -939 -3737 -621
2112 13460 -2916 -622 -2313 -938
2400 16308 -4240 -2386 -1747 1814
2920 19840 528 -972 -1221 1672
4788 23800 -11056 -2651 -4541 2135
6928 24268 -10876 1880 63 5027
2548 15524 -7752 -3192 3593 -1295
4500 12608 -7764 3880 2728 -4371
4548 13944 -6996 428 5469 -4372
908 10772 -5544 1343 5469 -2940
392 13228 -4940 798 3480 -2245
972 13164 -4216 -254 2974 556
1936 14472 -3308 707 3057 1687
1908 15504 -4000 2810 4440 1646
348 19732 -5172 1114 3359 561
1132 32104 -3100 4 -421 -6525
676 19328 -13396 6948 -2442 -4758
5000 14028 -13992 -1003 -3082 561
3048 17584 -8724 -2711 -5219 1580
188 14836 -8620 -3152 -1816 3513
2072 12308 -6220 -2226 -2852 5870
3356 12024 -5992 -3658 -2821 3313
3272 11680 -4500 -2744 -3169 -121
3724 12456 -3160 -1000 -1611 -654
632 14256 -1740 -737 -1427 467
4072 17664 -7788 512 -2492 775
7184 30376 1676 -1647 -3400 3086
4436 17100 -9736 3067 1401 5717
2948 13072 -16640 -1621 4970 4880
1416 13768 -8920 822 1925 -3409
5376 12268 -7544 -248 3601 -4017
2132 11160 -5472 1192 4570 -3093
420 12128 -5720 1199 2907 -4020
348 13500 -3984 -1037 2462 -593
28 12988 -3368 -1499 2034 491
1744 14444 -3320 1822 2696 1697
3116 16300 -6796 4375 2440 1366
636 26768 -1480 6626 4853 -2624
-1228 15692 -11000 10657 -2157 -6696
3980 17244 -14032 2634 -2792 -2677
3824 11416 -11488 1034 -2668 596
-156 18176 -9452 -3446 -3661 3681
1768 10428 -7036 -4704 -3785 6362
3124 12756 -6088 -1814 -3959 4854
4028 10172 -5532 -2636 -3493 988
4280 11996 -4052 -1038 -2635 -924
1248 14224 -2560 597 -1162 -210
1424 17928 -3836 1923 -3651 1344
7772 24540 564 5379 -2815 3753
1340 23260 -11720 -1006 1030 1519
5080 17840 -10032 -4716 4580 8532
1144 15456 -8864 -3061 -704 -1401
3184 16852 -8840 -1863 157 -5232
3244 12260 -6352 -378 2369 -2897
2280 10584 -5740 1611 1560 -3208
1012 12944 -4568 -155 1860 -3158
-52 13604 -4576 757 1590 -188
1416 15280 -3236 1085 2189 1893
4056 15428 -4340 1925 4479 674
-2240 21412 -2016 3943 2381 412
3292 26192 -3280 -266 -1872 -7846
3156 19416 -12644 6449 -1494 -1471
7652 12244 -10452 -7761 -935 -589
1584 18716 -9232 -2251 -1911 2376
636 12356 -6168 -6135 170 4579
2860 11488 -5664 -692 -3029 5113
2824 11444 -5000 -4312 -2718 1564
3516 11580 -4348 -786 -3831 -126
1752 14036 -2668 647 -3996 20
972 15980 -2828 66 -5258 1390
6544 16908 -1632 7017 -3374 566
7004 28528 -17340 -2285 -3720 1897
6052 22652 -11524 1755 3669 10085
1088 12880 -8976 -1416 658 -2024
3380 14280 -8816 2642 1928 -4642
4808 12848 -7016 543 4265 -3123
2712 10832 -6088 2218 4642 -4111
-92 13064 -5684 1279 4134 -4401
792 14272 -4604 -1251 4378 -1652
1508 12444 -3796 -923 4132 359
1604 15168 -2900 1353 5048 704
676 16856 -7064 3109 3369 1490
-112 26800 -3852 5283 5073 -4446
-3744 20752 -13724 10694 -2167 -7011
5348 18720 -14244 696 -4043 -2054
5184 12184 -10600 742 214 2113
-1616 15596 -8236 -1947 -576 2738
1728 10304 -7120 -3389 -1191 6239
3764 12732 -6616 -1626 -1208 4310
3496 11372 -4384 -2238 -2056 574
4356 13244 -4024 276 -773 1045
1212 14676 -2564 1184 -1286 995
3052 17144 -5372 489 -3198 1354
8620 26388 1736 1669 -5520 3910
3388 21572 -9284 3401 294 1956
1836 16320 -14376 -5602 2334 6560
-980 15316 -8748 -2113 -3009 -1360
5016 15492 -8924 -2445 -1571 -3748
3268 11660 -6368 1718 1737 -2463
952 12656 -6064 1256 702 -2852
300 12524 -5168 29 1120 -2300
984 14628 -5096 124 1904 -250
2284 13592 -4996 744 3944 857
4024 16160 -3804 570 6696 1253
-1264 19492 -4736 2004 5048 1772
2056 30016 -768 -3082 933 -6757
2352 20560 -16064 9112 -2315 -5242
8780 13620 -11616 -6447 -1370 290
1012 13844 -8800 1664 -557 3944
356 15696 -7096 -4209 -1318 2693
3180 10424 -6876 -909 -2014 6078
3164 13036 -5896 -3832 -1607 2964
3728 11100 -4604 -1759 -2234 532
2948 12420 -4024 -75 -1459 176
964 17292 -2360 -278 -3345 71
2952 16664 -6716 -1157 -5724 1230
7596 30056 -820 -2854 -5507 2682
10368 16512 -17080 6069 251 4240
1616 10744 -14444 544 5324 1805
1776 12864 -9192 31 957 -3486
5220 13744 -7476 50 2425 -2823
2764 10096 -5872 619 3213 -2891
756 14340 -6324 1727 2761 -4738
1308 13640 -4248 243 3230 -901
628 13632 -3576 -2708 3586 -350
2264 12400 -3488 392 4515 484
3692 16936 -5116 1572 5471 670
-3820 22268 -4584 5483 1809 459
-4188 24456 -11764 8518 -5392 -8970
5856 20888 -15012 5258 -2718 -2145
7560 7444 -11500 -5725 1749 4093
-1908 16352 -7744 4210 -461 1989
2052 13188 -6096 -4196 442 2717
4360 12212 -5860 292 -551 4951
3376 11452 -4732 -4142 349 889
4356 11320 -3532 121 745 1032
1688 13516 -2320 1049 125 -1065
1804 17156 -4628 -739 -3087 782
7224 23232 1404 3591 -4249 5191
7148 25748 -13944 1202 687 2031
3304 11644 -11920 -4322 4477 7458
-1776 14476 -10268 883 -2866 -214
4244 16528 -9512 -786 -55 -3723
1872 11652 -7380 696 467 -1185
2372 12420 -6120 910 -1370 -1205
1584 13252 -5828 -1176 -961 -1825
1460 13896 -5068 -328 -45 68
1104 14048 -3576 -2589 1525 648
4976 13456 -3188 -1966 5440 794
-684 15524 -7536 1357 3542 878
1452 29324 -14688 5084 2071 -7176
-2636 23888 -15504 9901 -4611 -6766
8052 14896 -11356 -3181 -1439 138
3552 12296 -9680 641 374 2616
-1172 16552 -6756 -3764 230 3018
860 10676 -6032 -1198 -1273 5760
4316 13040 -5972 -2333 -2430 3854
3988 11532 -4888 -1016 -2425 362
3684 12964 -3968 980 -862 368
884 15644 -1268 1571 -1776 135
3664 15352 -8036 -1124 -4314 1088
7796 32696 60 -2868 -6031 4559
9304 20328 -14300 5549 -20 7142
988 11656 -16692 -3161 4962 3380
2512 13608 -9396 -2728 923 -3438
5104 12592 -6308 -1276 509 -4926
1808 12848 -5972 -1099 1113 -4207
432 13184 -5176 146 397 -3262
748 12836 -4188 -1334 93 -1218
980 12720 -4564 696 812 -43
3532 15340 -3468 3699 4075 2226
3428 15672 -6172 3843 5362 624
-3260 25752 -10964 8670 1043 -3943
-1036 19804 -14412 9513 -4147 -9929
4772 17888 -14200 -626 -2360 1448
6344 15200 -8672 -2876 -1708 2396
-1792 16264 -8344 -704 -3920 1996
256 12444 -6852 -2756 -2712 6976
4704 12596 -6284 -2896 -4192 4415
2660 11112 -4996 -2066 -4844 1080
3124 12824 -4140 1014 -4115 626
1428 13612 -2480 2202 -3069 -461
2720 15804 -6016 -897 -4001 1213
7584 27936 444 2751 -5173 3944
3168 22536 -11232 1393 1089 2336
2628 12652 -9664 -5707 5168 6115
1136 19344 -9648 -2238 -2267 -1502
5196 17880 -8808 -1806 1062 -4764
1996 10384 -5708 -620 2959 -2036
428 12488 -6180 1189 1384 -2951
1752 13676 -4684 -648 2037 -1440
-132 13820 -4120 -912 2871 203
1184 13536 -3632 1235 4094 717
4380 14804 -5976 2739 5630 872
-5128 23348 -2816 4901 3380 681
632 22416 -8172 2592 -1455 -9857
2936 17972 -13252 5379 -2749 -4073
6124 9584 -12344 -5103 -1017 4270
340 17220 -8092 873 -4258 1787
1704 13556 -6860 -2725 -1909 3609
2036 12088 -6088 934 -2632 5550
3372 12280 -5808 -1363 -2912 2297
3940 12224 -4468 517 -2399 430
2736 14180 -2736 397 -1114 -666
-768 16072 -5676 -197 -4948 683
7556 22372 -1128 5246 -4584 3129
1716 22476 -15432 -6418 -2104 30
8236 20548 -12252 -1333 5940 7793
-1124 14492 -9476 76 1282 -790
6372 16120 -8216 -334 2811 -4595
3172 12140 -6744 318 6129 -2693
684 11348 -5808 256 4499 -2731
288 13680 -5668 -1282 3074 -2162
564 12844 -5468 234 2685 680
1848 14732 -3772 1973 2558 1677
3580 16036 -4348 2133 4099 620
-2020 19700 -3484 2066 2324 1189
5616 24620 -3412 -1107 -83 -8267
2992 17444 -11656 4638 -964 -3169
7268 13404 -10428 -3423 69 -2074
340 18760 -9604 1284 -625 1242
736 13788 -6820 -3807 -159 4840
2820 10276 -5840 -512 -2018 4477
3016 11352 -5664 -1967 -2593 2200
4508 11884 -4912 -185 -2368 -275
2236 14068 -3336 1773 -1416 -305
684 16460 -4068 668 -2468 944
7608 15504 -3784 2610 -1357 1504
9304 19996 -14340 -1955 -860 1591
5528 20020 -9496 -1005 8109 8052
-48 13652 -9248 -1223 2610 -48
4096 17364 -9432 1337 2333 -3909
3324 11824 -6740 46 3936 -3714
868 10756 -5252 783 3268 -2892
1408 13848 -4688 -611 3052 -2867
-1028 12744 -3616 -2071 1990 273
1712 13844 -4396 1536 1068 1311
4656 16512 -4156 4271 3035 1507
1940 21236 -5096 3869 4629 1105
-2120 30388 -10544 4347 -375 -5463
1596 19780 -16552 4849 -2909 -4188
4624 15528 -16052 -4320 -2149 -519
4172 16664 -9432 -1773 -2573 2201
-896 15448 -7236 -3516 435 4428
2060 11020 -6308 -3474 -1406 5315
3036 11272 -5540 -4068 -2645 2947
3396 10264 -4584 -1089 -3340 2
3588 13432 -3424 -1039 -2682 -909
1020 16548 -1000 -487 -4028 337
2064 16096 -7944 734 -5805 1001
9332 31936 -6756 -3488 -6829 5790
7968 16140 -13156 6082 993 6541
2316 15540 -12468 -541 1539 1276
3008 12744 -8780 2618 1751 -3192
5220 13296 -7388 2789 1997 -4219
2784 10828 -6284 2517 4878 -3377
68 12140 -5400 1720 3380 -3522
700 14120 -4740 -583 3293 318
388 12540 -3988 -1613 3424 651
3128 14944 -2868 2505 4457 1167
3868 17856 -6920 3979 4750 745
1168 28640 -6204 6834 6117 -3788
-3824 17680 -15544 9796 -2131 -11731
5944 17984 -14520 3986 -932 859
2276 10996 -9716 -285 -1947 797
-1288 17024 -8524 -1345 -3446 5369
1260 9460 -7996 -2589 -4864 6522
4308 12608 -6000 -1562 -5375 5725
3560 11636 -5424 -1702 -5338 331
3320 12952 -4428 -2507 -4166 -497
1356 14096 -3456 1985 -3099 215
2724 17432 -5628 1085 -5310 2030
9404 29620 -1856 -1244 -3922 4204
3120 22864 -14396 3501 -190 1479
4540 17288 -17184 776 3072 6420
552 12728 -8392 -3964 2444 -1460
5388 10552 -7220 186 1153 -6122
2128 11440 -7576 297 3535 -4671
780 12752 -5684 1881 3165 -3362
1396 12868 -5100 -730 3122 -1427
-344 13828 -4948 849 2846 437
2860 15544 -3388 2868 5017 1259
3268 16956 -7356 4299 5076 -174
-832 25728 -3116 6160 6112 -3337
-1244 16892 -15336 11178 -254 -7632
3204 18724 -16592 5793 -4588 -2325
4964 13528 -11072 -5231 -1206 -121
-748 14564 -8912 -1815 -3753 4102
1176 12540 -7580 -3662 -4450 5821
2900 13224 -6632 -3147 -4517 5291
2500 10096 -4992 -1459 -5492 1339
3032 12408 -4088 -1067 -4131 -872
1196 14020 -1868 1461 -4113 -775
1884 15144 -8428 1477 -7268 1207
7524 32068 -1436 2036 -5683 4868
5680 20512 -7404 4035 -353 7067
1112 16772 -15424 -4518 1982 5314
1216 16872 -9396 -580 -1857 -73
6824 11732 -9392 -482 1003 -4622
572 12128 -7924 -293 3000 -3449
1280 12592 -6740 1018 2758 -2465
824 13764 -5784 -1436 2818 -1185
644 12336 -5464 -1980 2384 678
2276 13844 -3904 1309 3735 1059
2540 15700 -4420 2341 6491 1613
40 16068 -5424 1606 4449 1098
-628 32767 -5740 -3850 2323 -6762
4 21532 -13236 4359 -2177 -4779
11828 11764 -11652 -681 -3154 184
1992 15340 -10808 253 -1058 2289
-1148 14888 -7252 -4194 -1042 4117
1788 10352 -5928 -3213 -2685 5617
3588 10228 -5952 -3748 -4588 3309
3560 10684 -4644 -866 -4491 -579
2360 11712 -4532 2900 -4303 -1886
156 17988 -3508 3391 -3797 -366
3116 14520 -8904 -466 -3073 1273
10068 29436 -14048 2976 -4263 5739
7640 22204 -16568 2795 6193 8991
-56 11444 -11808 -1214 4630 -401
4600 12420 -9268 -423 1613 -5089
3568 15160 -7940 -3058 4535 -3541
1340 10172 -7168 -313 4646 -2077
2008 11604 -6624 723 4353 -3229
816 12828 -5304 -1778 4566 -928
1536 11276 -4180 1952 5548 486
2632 17056 -4480 3838 7042 1315
-356 19108 -5056 2521 4278 2293
3244 32767 -7500 -56 -151 -7055
1000 19600 -14012 7183 -2340 -3478
8088 15184 -14028 -4843 -2047 -1575
1856 19600 -10048 -1707 -2205 2531
592 13008 -6932 -3459 224 4718
2168 10152 -6684 -3011 -2716 4983
2624 12172 -7484 -1870 -4398 1866
2976 10932 -5604 -1151 -5143 425
3596 13236 -3664 -1158 -3214 392
1372 15432 -1716 2820 -200 2150
7296 17152 -8168 -1239 -2388 2539
9652 29188 -12056 3394 -1959 6178
9320 22244 -14664 2864 2649 7398
1520 16200 -15200 -4831 -585 -325
4868 12804 -9104 -1094 2543 -2642
4916 8984 -7036 572 789 -4946
1180 12212 -7448 2062 1009 -4316
1956 12760 -5928 298 3148 -3051
1544 13880 -4284 -3197 3694 -830
996 9452 -3768 -1757 2336 659
1164 16112 -3408 4439 4525 4812
4348 16512 -6140 4391 4060 1873
556 31560 -12244 9364 212 -3152
2260 21804 -12676 6361 -5768 -6412
6000 15936 -13080 -3376 -5797 -1112
5600 12996 -10764 -4296 -783 -63
2688 17832 -7892 206 -1713 355
-848 14924 -7672 -4195 -2563 4137
3060 12272 -6136 -2375 -4019 4026
3388 10144 -5148 -2370 -4496 1183
2648 11324 -4488 -784 -4218 16
2472 13568 -1744 -1123 -1777 -321
2180 15804 -5884 155 -1794 -747
6504 28660 3392 6345 -7289 5346
6556 17352 -16748 4023 1494 2467
5828 20316 -16196 4252 2059 7921
1036 14684 -12012 -4552 1779 -3304
5276 12740 -10032 2207 3946 -3632
3112 12356 -6996 1325 6141 -4277
948 12180 -6040 2054 4989 -3259
528 12188 -5800 -361 3553 -2351
628 12544 -4480 -1934 2265 552
2024 13284 -4436 2147 2873 505
5272 17520 -4364 2485 5510 1102
-2276 20552 -4084 3074 4036 -561
1208 25456 -4232 -2727 1241 -7914
3240 17728 -16716 3221 -1448 -3273
10400 15576 -10452 -2333 -1621 -2005
-152 18176 -9588 -504 -2578 3868
1060 12664 -7248 -3519 -2182 5604
2980 10804 -6484 -3458 -4583 5109
3116 10676 -6312 -4145 -4698 2244
3580 12040 -4996 -2158 -5255 -212
3808 11084 -3484 1017 -2569 -811
2036 15552 -1880 2543 -2076 -132
5380 13596 -8496 1911 -1090 -526
6044 30464 -14520 2003 -1842 5034
8524 21632 -14584 4853 3610 7069
-32 12468 -12336 349 2991 -843
4512 14708 -8968 1974 4235 -4184
4836 11568 -6896 -693 5194 -3358
320 12040 -6804 1952 4298 -2534
280 13484 -5184 -1167 1669 -2848
1724 13404 -6048 -1181 907 -1948
1372 12748 -3632 -57 1188 -646
2516 14324 -3740 1363 3431 465
1380 16436 -9156 5293 3104 249
-1728 30260 -15388 6253 330 -5008
-324 21680 -16820 6774 -5564 -5826
4308 14532 -16892 -3486 -2132 1343
3848 18132 -9024 1942 -3150 510
12 16192 -9056 -4679 -1140 2676
664 9528 -7488 -461 -2665 7318
3264 10840 -6296 -242 -4112 2827
4192 10216 -4376 1293 -3750 -395
3172 12264 -5708 3321 -3060 -3758
-36 17708 -3548 4005 -2437 -1670
2560 19080 -8200 -2738 -3625 2483
4092 25060 -1032 814 -4432 5655
12008 23244 -15752 4964 3318 2850
2452 16648 -17388 -3898 11358 9475
-296 13820 -9980 1028 4213 -1118
6284 13436 -8800 133 1276 -7614
-432 11548 -7616 72 4195 -3064
1376 11752 -6704 -440 2409 -1783
1216 12016 -5740 -1472 964 -1964
944 14400 -5188 -3170 1239 -177
1860 12592 -4716 -1304 2440 790
4228 15612 -4804 1740 4846 1473
-1660 21336 -4284 3994 4827 241
2456 20276 -9048 2482 126 -8263
3056 18280 -15432 3099 -198 -3008
7276 10836 -12964 -5938 1595 836
-4 18440 -9708 1116 -35 3238
-332 12936 -6664 -3769 401 3868
2588 11104 -6440 -990 -2060 6151
4196 11552 -5916 -3795 -2573 2605
3424 11636 -5076 -1440 -3189 -549
1472 14148 -4548 775 -2597 -957
552 17396 -4304 1007 -6727 1127
7276 15820 -6264 1979 -2953 2138
6708 32012 -13292 -4031 -3916 5481
8032 18804 -13216 -2807 670 7976
2196 13976 -10952 -252 1234 -3053
4724 12372 -9092 1765 -142 -6069
3640 12928 -7600 1177 2324 -5879
600 12612 -6876 1014 3579 -3415
1288 12500 -7212 919 2693 -2835
572 13304 -5324 -1872 2807 245
236 13452 -4336 -2984 2886 1336
2548 15132 -3728 1576 4555 2949
3784 19124 -6840 3849 4310 2104
496 25584 -7560 8427 3223 -5577
-2000 18256 -11880 9656 -199 -6220
2948 13696 -17076 -273 -4053 -1004
5368 17292 -11820 999 -2192 -1013
-244 15120 -9404 -3301 -2185 3428
1544 12224 -7948 -1537 -2827 6194
3304 12828 -5996 -2732 -3763 4387
3660 10972 -5276 -1221 -3614 1381
3068 12720 -4308 -1321 -2616 -981
1852 13000 -2656 681 -259 -941
572 16444 -5712 -1440 -4069 1600
6280 25856 544 5939 -1797 4827
6680 24692 -15788 -1928 -2484 3103
6784 21040 -13444 -744 5129 6590
-316 14688 -9636 3218 1351 -2093
4600 16376 -9008 1664 1184 -5164
3048 11564 -6660 -420 4594 -3766
1452 11312 -6248 1302 3381 -2728
724 12960 -5668 271 2781 -2270
292 12348 -5168 1548 2248 1020
1956 15092 -4020 965 2973 1485
3696 16604 -4628 2316 4373 1390
-1412 21568 -2256 5818 2464 213
2628 16572 -7636 2932 -1453 -9971
1360 15876 -16144 3889 -4753 -1932
5120 15688 -11864 -2225 -941 1268
1244 17644 -10548 -3614 -4422 2162
292 15476 -8796 -2958 -2242 4013
3560 12008 -6496 -3544 -2544 5690
2696 10332 -6288 -2649 -2496 2702
3168 11488 -4960 -1054 -2355 184
3624 12420 -3240 306 -170 -1115
148 16876 -3364 227 -2814 670
5452 16164 -4096 5667 -1505 1857
6092 30320 -10392 -3844 -4011 2284
6712 19252 -12272 -3055 3354 7763
1916 16036 -10512 747 1908 941
3672 14376 -9048 -1767 2980 -3649
3688 11876 -6908 805 3987 -4455
600 13168 -5760 1727 3160 -2421
1332 13320 -5164 -458 2783 -2398
260 12856 -4952 -1406 1687 272
1472 13260 -4028 -912 1572 937
3892 15944 -3348 593 3934 873
-2340 18260 -7096 2154 932 662
4008 30852 -14036 6907 1487 -6965
-2544 20080 -14584 9817 -4182 -5968
5244 16472 -13364 -5025 -4490 2503
4776 13308 -8708 -2343 535 910
-560 15272 -7008 -2008 -97 2514
908 10032 -6292 -3134 -2608 4933
5484 13352 -5596 -1925 -2828 3024
3076 11356 -4444 -1085 -2577 -596
3752 13064 -3300 1107 -1556 -664
-324 16972 -2992 -419 -2628 286
5980 13208 -6704 3838 -1154 793
7488 30412 -15696 3430 -3848 4395
6772 21740 -11376 4083 3140 7469
-904 10480 -13060 1125 1585 493
5612 13240 -8788 3151 1551 -2708
3264 12144 -7200 -3113 571 -2599
688 12180 -6336 -535 70 -2354
2256 11972 -5460 1867 415 -2712
1616 13872 -4924 -1845 1600 -968
688 13112 -4748 941 2604 444
3576 16316 -3484 2332 5084 1530
728 16048 -8344 4493 3924 900
708 27832 -11724 5797 3020 -4164
-3972 19368 -16612 12904 -3485 -6979
4704 14844 -14872 -938 -4650 18
3284 16028 -10852 -1173 -2228 38
8 16400 -8900 -2769 -3876 3263
808 11884 -8060 -2426 -4161 5560
3384 12976 -6592 -2678 -4678 4408
3400 11724 -5684 -1433 -4375 797
4140 11908 -4784 -438 -2676 -910
1504 14068 -3336 2861 -1479 -1568
1480 15492 -7280 -1352 -5060 1403
4288 30304 60 3347 -3674 3360
8092 21772 -11132 -1150 -603 2764
5812 15940 -13016 -4703 3991 5386
272 17412 -9172 -1083 2412 -468
7840 12948 -9972 495 4325 -5047
2212 12204 -7740 -1551 7746 -3819
-4 12508 -6584 2285 6863 -3215
2548 14624 -6580 501 5336 -3295
1792 13248 -5888 -1580 5939 -491
3136 14188 -4428 768 7229 -901
3228 15632 -4972 619 8510 -116
-1700 18912 -4852 1397 6181 65
8312 22604 -7848 -851 5347 -8372
2748 17292 -14336 2016 7225 -1768
6228 12800 -12180 3237 9671 -2810
1212 23156 -7956 -1814 10437 -1942
3392 12256 -5988 -2692 10485 2539
3248 12156 -5344 -792 8000 1573
5448 9240 -5696 976 7095 -1182
4320 12852 -5336 3793 6270 -2757
2908 15280 -4232 3487 5762 -3164
3364 16900 -3964 2204 3677 -3201
5472 20564 -4480 3295 1897 -1466
9084 29096 -8460 -2994 2020 1154
5908 16328 -11984 -1836 7399 3776
3608 12836 -11188 2598 6953 353
4472 14052 -9980 1347 7284 -7112
5828 11456 -10644 1712 11886 -5071
1008 16012 -8176 5027 12082 -5775
1336 13940 -6448 -855 12404 -7517
376 13736 -5372 653 10764 -4261
856 11864 -5280 -2029 8555 -1264
3356 14332 -3720 -340 7626 951
2956 15140 -4628 741 8116 175
2244 19404 -4540 3724 6323 484
4728 25832 -5280 3145 4294 -5282
1412 18940 -13712 2787 2560 -1887
2404 11564 -11756 -1116 2230 -1218
1196 18924 -9248 -829 -163 2146
784 13384 -8192 -1444 -1578 3673
2504 12936 -7736 -2315 -2818 4497
2672 11504 -6220 -3361 -3095 3261
2748 12316 -5148 -1084 -4974 133
3364 12688 -4672 -570 -3297 -1145
2408 16732 -3232 -607 -2685 -574
1876 12020 -9164 -1868 -3619 237
3564 28872 -3180 -1718 -5896 4497
8228 21784 -12204 1762 484 5710
2604 13176 -14404 -2463 6522 4462
252 13388 -9220 -884 1183 -1704
8604 14656 -7372 2533 1743 -5149
544 11228 -7412 1111 4857 -2577
1160 13000 -6492 1889 3469 -3694
2668 13004 -5148 -646 3428 -1384
-96 15052 -4944 -2500 2957 1122
1500 13400 -4052 -383 2868 867
3516 16292 -6764 2156 2502 -62
268 23792 -3892 5259 3724 -2212
-1888 19052 -7668 2329 -632 -5121
2964 18868 -14076 3663 -3388 -2631
5988 12188 -12984 -6429 -2152 1362
-504 17092 -9824 4458 -3748 4138
2348 13416 -7224 -4205 -3276 4038
3528 11516 -6928 -561 -3642 5677
1544 11924 -6152 -4594 -3489 2911
4448 10552 -4776 -1338 -3280 25
2988 12952 -3516 554 -1739 -1090
1120 17280 -3152 -1137 -3232 -708
6040 12952 -7672 3311 307 24
5660 32767 -9824 -3150 -621 2362
7576 18008 -12072 -14 4305 8741
508 9536 -11936 2389 5798 2880
3200 13772 -9556 2519 1733 -5877
2964 14296 -6812 -1433 2053 -2813
1392 12600 -6236 803 1267 -3100
3008 12032 -5948 -1057 1251 -4166
132 13632 -4288 -81 398 -1307
-92 14288 -3988 -2153 69 330
3576 14472 -4456 -968 1938 411
456 18804 -7024 4573 1640 612
-920 26196 -14760 4283 -267 -3494
-72 20672 -14720 9011 -3870 -5794
6320 11428 -14280 -5573 -3686 2363
4636 16772 -8912 1507 -616 544
-360 14632 -8308 -3285 -329 1629
1368 11028 -6664 68 -1037 5590
3276 11948 -6232 -2717 -2294 2328
3948 12916 -4460 -1541 -2422 599
3156 13708 -3460 -415 -2447 303
1952 15020 -3456 1030 -944 649
3472 18608 -7576 1654 -1894 2436
4260 29544 -756 484 -4175 1731
7088 19644 -7676 2888 -2391 3467
-3452 10640 -18452 -2549 3637 1856
1508 16148 -10712 -283 -429 -2120
6352 12080 -7164 -2570 1000 -3036
1640 10536 -6528 474 3123 -2427
2036 11840 -5536 1542 2407 -4137
-1204 14012 -6016 -536 2044 -2096
548 13808 -6184 1337 2871 695
2252 15984 -3736 6 4097 1158
1016 14336 -7188 1758 3956 460
3092 25520 -2660 4857 5132 -2493
2472 16196 -3948 385 -346 -5061
3712 14144 -12752 -1285 -845 -611
5960 13104 -12392 -691 -407 -2586
-724 20336 -9440 -3504 11 3042
-656 8880 -7052 -4289 -2876 7041
3608 12076 -5984 -255 -6553 5743
3052 10924 -5420 447 -4581 1481
3004 12504 -3576 362 -4698 -489
1520 15864 -2364 3339 -4236 -88
1984 15660 -7172 -1083 -6827 2729
7856 31664 -608 -2144 -3865 2547
3900 18664 -12544 2363 -1488 1620
5684 15164 -19588 2383 6583 3534
-1416 16292 -7724 -962 391 -4014
6716 12592 -8844 -3838 2480 -6287
2396 11920 -7260 4155 7371 -2368
1128 12160 -6192 1528 7253 -4130
1668 12836 -5640 2261 7268 -1656
1756 13188 -5020 1844 7850 -767
1424 16564 -4172 2855 8134 1431
1164 16056 -6844 2698 5352 -627
832 25256 -3708 4594 5590 -3550
752 14716 -4104 1344 -1560 -4879
1076 15084 -13448 -899 -4609 -262
6684 8944 -12168 -1784 -3454 1520
-444 20128 -9840 -4154 -4736 4212
1216 10580 -8060 -4795 -4988 7223
3976 14560 -6860 4 -4301 5581
2736 11032 -4824 -2518 -4713 968
3496 12892 -4248 -810 -2592 62
1500 14456 -2996 916 -2710 -486
3616 14648 -5276 -1872 -3338 1035
5792 21204 -1776 1444 -1994 1574
1064 27284 -7952 3948 -718 490
3228 13352 -10584 -8786 3230 4542
-948 13952 -11972 5446 -1092 770
7712 18420 -10144 -1121 963 -3053
300 13208 -7284 -115 2395 -2071
1148 12304 -5996 673 1137 -1875
2612 13740 -5764 443 3033 -2240
-1216 14656 -4120 -452 3431 -345
48 12940 -3752 -427 2499 1386
3728 14856 -5004 -1235 1609 819
-1576 16464 -5036 3724 1990 -1940
-608 22392 -8916 3394 4461 -4923
732 22820 -12312 7531 225 -5273
7704 14788 -13084 -5700 -1724 -2825
3976 14092 -11188 2740 1042 275
-512 17624 -7756 -2877 1716 4478
1568 10220 -6552 -3266 -1630 5162
2328 13768 -5604 -1910 -1922 5236
2628 12008 -4796 -1430 -3963 1350
4244 12692 -4028 787 -3336 272
952 15424 -2644 1289 -2850 -326
1056 16308 -5968 -477 -7651 2368
7604 30072 -1376 2565 -5575 2536
6652 17660 -15232 1967 -1925 3409
736 9296 -15488 -1727 3070 4833
1424 14876 -10520 -691 -1755 -2692
6676 14148 -9160 -619 875 -4208
2664 12108 -7128 1257 4034 -2662
964 12744 -6008 2434 4059 -4347
816 12952 -5012 419 3501 -2691
348 15192 -4728 -851 4221 -309
2092 12828 -3712 -1284 4843 1548
196 14824 -6884 2281 4798 873
-400 19960 -3612 5055 2577 -1889
-4300 20424 -18252 7044 -1021 -2774
-2016 21540 -19700 5538 -4629 -3012
9352 12640 -11264 -3779 -3480 1887
-996 16972 -9900 4010 -2900 1661
1156 13480 -8128 -4161 -4701 5560
1992 11140 -7516 -1530 -5247 6741
2824 13648 -6268 -4814 -7006 4337
4168 11108 -5432 -2310 -6375 441
4184 11832 -3896 1930 -3481 -813
1216 16648 -4444 663 -2682 -881
4848 9708 -8984 3701 -61 -1299
1564 32328 -4560 -6557 -4395 2977
6192 18212 -8704 5044 -64 5911
4480 7616 -16104 -2049 3298 1480
1284 15264 -10816 1703 1354 -1055
4748 14612 -8816 -2314 2489 -4724
2288 11020 -7108 1885 4397 -3273
904 14452 -6260 28 2957 -6215
820 13096 -5188 -1065 2670 -2816
-1060 14468 -3904 -1907 2739 1362
280 14220 -3568 -2096 2580 1568
1740 12864 -8668 2910 1289 403
1592 29812 -2392 4373 3120 -4032
1052 15484 -8296 4460 551 -3959
3784 18212 -14844 -7316 -807 -2273
4236 9564 -10508 2257 2002 314
764 20244 -8392 -366 2641 -78
144 10496 -6364 -3602 1760 2792
940 12792 -6836 2046 -1820 4835
3136 13136 -5724 459 -4758 1335
3152 13312 -4664 -507 -3499 1192
456 14624 -3200 -1007 -2801 2053
316 15252 -5680 -408 -6407 2587
9560 22968 -496 7583 -2250 3598
4656 24112 -14120 -2063 1280 1197
1608 14604 -13072 -1253 5076 5272
1860 15300 -8748 -574 2147 -2590
5472 11552 -8960 1561 1845 -4930
1060 12740 -7768 -83 4525 -3438
1120 11940 -6312 1489 2710 -3377
1568 13896 -5868 -211 2563 -2883
-1064 13448 -4740 -2522 1648 -142
1204 14172 -3316 -635 1094 1115
772 12560 -7408 2867 1749 1354
1204 24272 -4116 7456 2253 -1993
364 15408 -9664 4453 694 -5353
2700 17116 -17952 439 -1972 -2568
4648 14424 -12524 -2758 -1526 -1053
-840 18320 -9392 -202 -755 4629
1680 13556 -7468 -3886 -1101 3991
2564 12000 -5804 -582 -2847 5041
2736 10764 -5508 -1952 -2768 2549
3536 12352 -5012 -272 -2986 -511
3128 13536 -3632 -996 -1926 -735
-52 16128 -3204 -722 -1493 446
5860 13604 -3916 4585 -1226 1325
7432 32767 -14072 -1128 -3146 1791
5540 20536 -11068 762 2187 8703
-340 14296 -11004 1041 464 -1259
3856 16004 -9564 1132 205 -4366
4764 11264 -7200 -714 2742 -2692
1188 10904 -7420 3066 2315 -4356
136 13068 -6108 811 1673 -4230
296 15300 -4872 -1195 1485 -1147
2200 11552 -4556 -613 2240 1025
3912 15340 -5196 3150 5829 1794
1764 16860 -9228 2558 6835 632
-1060 27352 -11920 6801 4370 -4439
-5460 22308 -17300 9759 -3813 -6197
5180 18688 -14160 -4665 -3429 2153
3100 11840 -9164 2876 -324 2796
-860 16588 -8356 -1892 -2463 2155
2104 9928 -7704 -2105 -3155 7251
4576 12100 -6624 -3684 -3131 5225
2788 11012 -5676 -1591 -3918 1157
3828 13732 -3936 -309 -2609 -903
2048 15668 -1576 1081 -1192 -1600
2864 14328 -8604 -2398 -4127 391
8460 32767 -13028 752 -4915 4542
9776 18616 -12652 -305 1439 6536
-3016 8656 -15164 -218 1281 2263
2396 14332 -10340 2343 -1308 -6350
4984 11628 -8048 -2272 910 -3034
1860 10876 -6716 1638 1912 -2741
1592 13076 -6352 757 1793 -4025
24 13704 -4388 24 1276 -965
-24 13516 -3708 -845 696 1362
4160 15148 -4160 1893 4282 1556
-636 15684 -6984 4057 3108 1532
904 32767 -9428 -2058 1079 -7845
-3836 22524 -16476 10014 -1963 -2889
7396 15640 -13076 -7042 -3418 1186
2820 13472 -9236 3701 -400 1762
-176 19152 -7752 -2807 -623 2313
1832 9308 -6304 -3713 -2346 5615
4044 13100 -6188 -1113 -3589 4790
3664 10204 -5828 -377 -3825 464
3912 13300 -4384 -687 -2097 -661
960 15252 -2672 2160 -1676 -1000
3196 16632 -6408 -76 -6135 1367
7488 26048 -4348 6795 -3556 535
4944 14992 -11408 547 -10 3120
2252 13968 -13904 -2250 703 5424
1888 18004 -10164 -1964 1261 447
6068 11304 -9932 -1238 159 -4572
2904 14108 -8120 -1536 3409 -880
2712 11176 -7052 1865 4301 -2276
1444 15172 -7364 539 4061 -1958
1192 15948 -6824 -2670 4383 672
3464 12912 -3824 -1125 5106 1668
3688 15020 -5396 -656 6893 2044
1972 17936 -4852 1447 6384 2353
5164 24548 -9324 2235 4629 -4879
836 20264 -10240 7084 3797 -2380
6136 11348 -10952 -175 4001 -911
4360 13064 -10460 7317 4652 -1683
192 18476 -8416 1774 432 -1660
4732 14144 -8784 -971 -1243 3795
5748 13740 -8192 52 -1893 3264
3784 14156 -7216 -242 -2358 2376
2828 15760 -6836 -960 -3979 1145
4012 15512 -6372 -3425 -4203 -570
3488 15148 -8236 -338 -2245 -3971
5452 19628 -10340 -118 -1203 -3899
928 15640 -7256 -4522 -69 926
2836 13492 -7024 -2566 -2090 283
3180 14896 -7912 -1161 -1804 -1397
2112 15192 -8340 118 -1493 -149
2472 15992 -7880 604 -1415 140
2380 15656 -7256 312 -881 116
1948 16016 -6868 677 -494 122
1840 15816 -6572 1020 -252 348
2312 15732 -6776 1361 -113 194
2232 16128 -6744 1456 345 345
2004 15888 -6724 1052 474 319
1648 16048 -6804 875 -41 -68
1804 15968 -6656 783 -80 144
2220 15968 -6756 530 -36 206
2324 15900 -7024 654 550 90
2296 15984 -7236 357 865 31
2500 15888 -6964 630 1323 -5
2548 15780 -7084 361 1667 -132
2184 15860 -7240 315 2072 12
1744 15904 -6884 224 1931 88
1776 15852 -6720 293 1295 138
1588 16032 -6604 100 372 205
1964 15912 -6652 246 -489 271
2100 15912 -6616 231 -1114 328
2256 15900 -6820 327 -1426 372
2616 15848 -7156 306 -1203 398
