9 -136 0 5 1741572 1967434
-296 6340 11820 -206 -406 -212
-224 6320 11668 5 -313 -124
-380 6536 11808 225 -262 -39
-8 6464 11644 167 -383 140
-112 6324 12052 529 -140 331
-232 6444 11932 531 -149 413
-128 6524 11840 763 18 530
-208 6616 11764 595 111 546
-364 6632 11600 655 270 490
-344 6364 12056 741 476 522
-640 6360 12064 492 189 167
-764 6272 11928 748 432 381
-924 5972 11616 767 117 158
-988 6188 11756 1286 114 -217
-600 6328 11264 1251 129 257
-356 6984 11508 1858 274 896
-568 7708 12484 1378 -608 183
-688 7988 12388 392 -1486 -1123
376 7704 10752 350 -1359 -1379
472 8112 10676 419 -617 -388
404 8140 10776 418 -542 179
336 7740 11324 609 -261 526
248 7704 11596 412 -332 650
304 7772 11368 730 65 1097
240 7688 10988 538 71 1152
240 7700 11068 655 260 879
32 7704 11408 682 222 579
24 7624 11464 588 47 239
224 7676 11584 533 403 717
100 7888 11132 230 73 225
368 7456 11332 168 -83 185
212 7616 11388 209 88 236
280 7360 11352 110 30 123
84 7276 11452 358 104 135
60 7288 11468 587 69 64
-184 7380 11300 767 118 117
-320 7452 11276 953 134 199
88 7156 12296 1968 625 557
1296 7364 10392 1614 217 2110
712 7356 13020 1686 1961 3338
-532 7000 12420 -819 360 1258
544 5612 11128 -1384 189 -305
856 5640 11236 -340 551 -52
928 5472 11672 420 166 -423
1400 5184 12168 953 -145 -452
1388 5020 11524 758 -467 -793
1320 5496 13084 1849 343 -791
1712 6964 16384 1744 1505 -48
1552 7744 17808 8 952 -1159
-1648 9752 14980 -1905 2213 -3517
-3700 9836 8300 -2840 -1709 -4219
-4792 8496 7992 -1030 -1110 -5196
-1116 8116 10088 648 -295 -3529
-1700 6152 9036 -302 -1325 -1507
-1984 5532 9500 511 -656 724
-1464 6012 10092 278 -388 1679
-2200 4800 9620 382 -163 2674
-1720 4400 9872 1704 -430 3000
-1368 4756 12348 1372 -812 2702
-1412 4632 14708 926 -1390 2196
-2212 5996 15348 117 -2426 110
660 12848 18056 -648 -1327 543
1936 11800 8328 -4334 -4652 -803
2756 10448 9064 1588 2573 833
792 10540 11476 -636 2407 2191
1268 7420 10260 -1493 751 1565
412 4588 8432 -69 1203 592
984 5212 9176 391 1799 -579
812 4484 9696 895 1134 -1316
1052 4444 9848 139 726 -721
1156 4424 11500 1595 851 -311
296 5824 14584 1596 1052 20
1508 6312 16040 499 2141 1068
-2156 11104 20548 133 2563 -1025
-1528 11884 11792 -4441 -2782 -1471
-4524 9344 9316 911 -1920 -940
-1504 9296 11512 1279 -1902 -2928
520 6392 8408 -707 -2710 -1609
300 4280 7548 553 -605 1026
-156 4988 8528 -341 288 3021
-1540 4548 9516 1403 990 3548
-1172 4516 11432 1081 997 3274
-1052 4468 12812 -302 417 2491
-1780 5004 16348 635 -81 553
-640 11996 20352 -408 867 -427
772 13600 13136 -2298 -2689 -692
3804 10352 9296 -96 1423 2077
844 8952 10040 -115 1942 3014
-428 6900 9656 157 1125 2527
468 5188 8740 -281 1956 966
468 4660 8892 -358 2354 894
628 4300 9532 407 2087 205
912 4476 11096 2098 1998 585
484 4668 12248 788 1567 485
248 5824 15712 550 2410 344
-1316 10740 21520 31 2799 -675
-4272 11676 12976 -5485 -2761 -1243
-4772 8784 9160 -1282 -2769 -1894
-1092 8892 11176 1493 -2009 -1322
-820 5712 9472 1525 -3131 -1530
-1468 4284 7924 625 -3290 -2384
-184 4372 9112 884 -2533 -1867
-360 3440 10000 492 -1603 -476
-1260 3096 11316 1399 -747 467
-552 3596 12792 485 -500 598
-956 4192 16988 3267 100 -103
580 10160 22428 281 1142 -327
388 13328 14952 -3697 -2528 -920
3488 10512 8092 -2089 -1370 120
884 8464 9356 -611 4155 3589
-28 6712 9164 -604 2927 4622
192 4748 8064 402 2398 2236
-384 4348 8820 1902 2694 144
84 4832 10644 1744 1797 -1183
304 4072 11040 2340 1144 -1043
284 4432 12648 1542 1179 -934
-1068 5856 15860 320 1464 -1165
-820 9632 21300 -2045 -55 653
-4904 13636 12268 -5521 -3062 -1827
-3096 8192 8340 -143 -3862 -1851
-1316 9248 11480 1741 -3027 -2042
-400 6356 8964 503 -4165 -2577
-1000 4988 7768 1049 -2153 -1063
-44 5140 8632 1053 -1421 -78
-508 4512 10028 1701 -12 1099
-660 4064 11324 1770 12 1703
-36 3456 12360 1493 103 1883
-132 3852 15312 557 82 1826
-2844 5052 17864 2198 118 -905
952 11020 18820 -871 1290 79
1308 10928 8932 -2241 -1608 194
3684 9800 10768 2510 2668 3553
-428 8248 11404 607 866 3126
984 5748 8480 -337 334 1594
796 4748 7976 172 1184 572
508 4876 9564 1043 1174 -690
920 4904 10276 1251 202 -1874
1812 4184 10920 843 -30 -2182
1732 4868 12284 592 778 -1601
2520 7420 17112 985 2778 1496
-2752 11376 21020 198 2594 893
-3332 10896 11196 -2790 -2482 -240
-3768 8072 8204 754 -2555 -1870
-72 8060 9884 1663 -1792 -2163
-304 6904 8340 58 -2646 -1734
-596 5344 8616 469 -1482 -478
56 5056 9776 291 -571 858
-596 4228 9384 1021 28 1555
-320 4000 10736 2261 841 2323
-520 4420 13120 1514 1253 2667
-1940 4328 15036 985 383 1232
-2392 10632 19900 1046 1263 -1072
1444 12896 11980 -3962 -4976 -2429
4024 11480 9976 -165 1206 590
1308 11056 13088 -1235 2584 1726
920 6868 10924 -1625 887 1628
268 4264 7764 -1410 1367 978
444 3992 7868 162 1892 370
592 3976 9580 776 1283 -1374
1040 3432 10824 1592 629 -1744
1240 3412 11228 1070 728 -1616
652 5312 13928 2319 2360 -888
204 9200 20852 699 3721 1105
-4040 13236 15032 -3698 140 1339
-4420 7872 9144 -820 -2501 -606
-2196 9960 11792 2701 -1796 -1961
-184 7760 10808 896 -2567 -2138
-644 5304 8208 -98 -1939 -438
-32 4852 7980 525 -898 1266
-612 4584 8224 -47 -19 2100
-888 3780 9348 1599 668 2369
-1324 3968 11984 1615 749 2106
-1064 3940 15020 553 159 2223
-2468 6860 18076 2250 609 -329
556 14828 20308 -1477 -1631 -962
2184 11856 8220 -3828 -5451 -1104
2052 9476 9392 1797 3223 1228
-256 8780 10880 1214 2719 2186
592 5964 8680 -482 1531 1932
-264 4016 8632 -179 2825 1187
-364 5028 9044 506 2041 -438
1164 4588 9596 1172 684 -1241
172 3524 10936 1603 228 -1194
560 4064 13040 1046 1028 -1229
1436 8368 17252 166 2375 890
-4340 10840 21064 1070 2152 -451
-3000 11360 11496 -4925 -3640 228
-3724 7052 8964 1136 -2707 -472
-600 8148 10324 2748 -2679 -627
-872 5812 7776 121 -3480 -1685
-700 4692 8012 759 -1502 -96
-252 4212 8320 183 -1062 604
-1000 3732 9316 2009 -341 945
-760 3624 11760 1892 -213 1020
-452 3632 14816 1517 242 1281
-1840 6192 16960 1536 -377 269
1192 14052 20948 -564 1340 1365
1608 12736 10376 -3429 -3274 16
2828 10240 8620 2279 2312 1801
-136 8912 11184 165 3266 2408
528 6780 9112 -303 1450 1014
280 4840 7272 -556 1907 -134
-232 4080 7056 -953 2435 -1623
612 4384 9372 1206 1960 -1375
580 4236 11896 2643 995 -120
-212 4868 14568 1951 1250 180
-264 7976 18320 211 1564 -278
-3052 13252 19972 -482 727 -529
-3496 10632 10200 -3416 -4390 -898
-3756 9708 8992 1584 -3892 -3361
-724 9332 10892 636 -3230 -3715
-968 6576 9012 -266 -3238 -2230
-156 4836 7296 -603 -2013 -532
172 4104 7892 243 -1055 574
-480 4456 9364 1354 231 1785
-736 4284 11704 2353 789 2441
-1016 4308 13288 895 128 2575
-980 3580 14476 1204 -600 1954
-1480 9360 19160 1686 -292 108
1460 14432 17460 -3519 -1698 -165
2544 11020 6620 -1775 -1508 44
2800 10688 9368 1149 5724 4739
-192 8040 9880 -290 3086 4778
-584 6132 8624 -49 1802 2260
372 4340 7872 882 1750 718
680 4636 8316 807 1452 -313
440 4708 9916 3067 1100 -664
716 5320 11724 2384 331 -1600
508 5816 13892 1223 598 -2273
1484 8000 18032 -604 1535 -1148
-4236 11528 21780 -201 2190 -2440
-3228 11128 11124 -3913 -3342 -2063
-4136 7864 8788 86 -2823 -3314
-444 7700 10164 1557 -2567 -3142
-972 6524 8576 857 -2876 -1795
-1228 4804 7812 254 -1206 149
-676 4328 8404 503 143 1510
-872 4032 8600 1368 713 3138
-620 3460 11040 1332 302 3326
-1848 4772 14112 1171 681 3337
-2812 6064 17508 124 -334 1262
996 13136 20676 -497 933 1466
872 12564 11624 -3942 -3483 -533
3076 9524 10344 1443 293 1305
-580 8272 11180 111 252 876
96 5640 8276 222 229 -238
864 5004 7812 738 1351 -761
256 4872 8540 271 1141 -1579
632 4864 9548 1897 888 -1992
636 4632 10984 1912 471 -976
1192 4156 12900 1649 380 -326
552 6988 17204 1257 1694 277
-944 11972 21692 538 1909 -248
-3920 12772 12348 -2422 -2761 -2610
-5188 10568 7972 -191 -3035 -4920
-820 8876 10044 512 -2467 -4387
264 6664 8544 267 -2437 -2609
-1336 5044 7236 -375 -1882 -1421
-668 4836 8372 753 -724 -187
-900 5568 10376 907 -95 553
-944 5072 11776 1303 168 1429
-752 4044 11952 -23 19 1950
-992 3976 13836 530 -155 2647
-3200 5072 15996 301 -563 298
2040 12868 20892 -1127 686 2470
680 12228 10272 -2339 -7063 -1606
2896 9172 7328 1400 2018 348
-544 7224 8904 607 4100 1865
616 5784 8992 1427 1904 1688
1172 5404 9236 -193 1891 751
604 4544 9288 -289 2445 635
444 3924 10052 1438 2395 444
528 3860 11600 3021 1829 753
616 5564 12968 2609 1780 -600
-392 8736 17440 -1518 2455 -37
-4708 13320 21032 586 1648 -1088
-3444 10216 10936 -4261 -4279 -2016
-2880 7988 8884 1098 -2832 -3055
-516 8072 10120 1888 -2928 -3041
-656 5988 8112 792 -3024 -2320
-832 5180 7692 855 -2146 -532
-76 4764 8492 593 -1478 618
-848 4488 9628 2050 -516 1399
-556 4768 11712 2043 -57 1996
-892 4472 12484 -346 -616 2043
-1344 4568 16460 1448 7 435
-1116 13844 20920 146 106 -1086
1348 13168 11776 -3981 -4241 -2499
2580 10136 8684 2282 1554 598
124 9848 11200 199 2698 1887
-4 7392 8652 423 1378 2184
596 5332 7932 -865 2070 1747
-4 4328 8216 -379 2859 1158
1136 4852 9632 1164 2509 663
716 4756 11384 1944 1811 981
420 5580 11776 642 881 345
72 6460 15444 -19 2194 99
-1628 10784 20808 1854 2922 468
-4752 11788 13024 -2850 -1582 -1270
-4504 8860 7692 729 -2623 -3611
-1428 9432 10580 2373 -1684 -2264
-1812 6916 9092 2631 -3034 -2268
-2208 5808 8220 1608 -3230 -2718
-1236 5568 8484 2 -3433 -2953
-1644 5072 8884 1249 -2793 -2034
-2164 5088 11320 1594 -2638 -1503
-2556 5644 12692 201 -3127 -2114
-2424 6140 15560 -777 -3415 -2277
-1192 12260 16716 -1251 -2337 -2176
1216 10548 9764 -3965 -5042 -3148
-1792 10960 12640 1060 -3584 -7009
-2752 9112 12532 -931 -5657 -11798
-3512 6324 8192 -768 -6099 -14446
-2916 7200 9180 1657 -6572 -16344
-440 6716 8920 2743 -7600 -16592
1184 5452 9108 4135 -7657 -12865
636 4492 9596 3900 -5685 -8286
408 5324 11188 3788 -3118 -5840
1040 6672 14096 2313 -588 -3663
556 7952 18652 -613 49 -696
-8056 12360 12260 -5045 -2629 -7051
-4408 10960 10016 2218 -4496 -10255
-2120 11144 10724 929 -7693 -13748
-128 7880 8956 183 -5793 -11917
200 6668 8144 131 -3998 -8032
120 5636 8168 266 -2414 -3917
-364 4764 8040 214 -635 -596
-580 4624 9100 988 719 2121
-1072 4864 12392 2072 1238 4148
-2780 5844 16580 1277 152 4159
-3816 7104 18088 888 -919 99
272 11716 18444 -2960 -2026 20
1628 12732 8172 -4967 -4532 -2547
3320 9568 8680 -345 606 -1719
840 8364 10376 -518 1956 91
1624 9644 9408 -1958 1421 -482
576 4892 8500 148 847 -1560
372 4776 9036 905 1022 -2807
772 4320 10036 894 510 -3210
268 3816 10752 1434 311 -3682
1000 3776 11692 2233 -99 -4736
1488 6308 15316 1883 1072 -1976
1296 8176 19788 1030 2471 925
-2740 14344 18396 -1589 1815 1219
-4940 11360 8616 -3584 -1980 22
-3240 8968 7636 1189 -1279 -906
-728 8052 9312 827 -2023 -1488
-1024 6048 7624 735 -2038 -356
-524 5124 8008 1258 -1050 897
44 4860 8864 463 -511 2298
-804 4144 9072 850 451 4387
-268 3920 10112 1638 1242 5938
-2240 4568 14752 2042 1264 3251
-1636 6536 18924 806 -242 -180
444 12220 21152 -913 -647 -554
836 12872 11456 -4865 -4184 -1767
3464 10760 8248 407 1207 51
712 10668 11420 -97 2551 1746
-720 6676 9184 -1070 888 930
116 4712 7716 -290 1210 -332
-272 3992 7696 -166 1081 -1474
216 3888 9304 184 569 -2004
704 4332 11116 3034 -687 -2644
1052 5432 12792 766 -517 -1809
980 5316 16148 543 1937 203
-364 9972 22380 448 2582 1890
-3176 13056 14284 -3777 -1639 570
-4304 7784 6152 -917 -4107 -1761
-928 9104 8748 2199 -1674 -3359
604 7192 9212 815 -2479 -2895
-284 4976 7412 246 -1912 -802
328 4720 8696 307 -288 663
-664 3664 9672 538 -38 1866
-980 3016 11500 2581 114 2360
-952 4464 12660 2404 297 1488
-1372 5456 16036 1923 663 524
-824 12252 20432 128 1507 851
868 13636 11900 -3917 -2914 112
3616 11692 10172 1473 1310 1054
1028 10372 10984 -1378 765 1270
312 6740 8772 -903 334 536
216 4828 7616 -419 937 -357
736 4540 8220 -718 1522 -943
1380 4156 9024 396 1253 -986
1484 4104 10952 2329 1220 106
1012 4108 12376 1224 1812 495
168 5532 15736 1778 3861 1283
492 8680 20612 -1150 2692 2403
-4628 11596 14564 -5109 -1048 -792
-3512 9792 8328 -1726 -3793 -3970
-2596 10528 10936 803 -2803 -3660
992 7140 9828 -219 -3699 -3477
420 4188 7664 -732 -3696 -1758
788 3564 7196 606 -1816 1247
40 3400 8168 1283 268 2826
-1084 3628 11764 4114 2238 3016
-1052 4172 13900 2217 1195 2047
-1120 4452 15620 2195 736 1592
-1764 12304 20852 804 1159 -96
-436 12772 14860 -3385 -2739 -2096
3536 10860 7704 -1169 -552 -668
1380 10248 11492 -242 2941 2173
-744 5956 9128 -425 1023 2362
96 4988 8196 -380 1708 1063
284 3896 8048 84 1910 31
716 3904 8836 753 1456 -543
928 3632 10560 2624 1196 -252
516 4592 12672 2424 1191 243
-204 5648 14592 1134 1728 318
252 9104 20520 781 3084 1729
-3980 15276 17476 -3202 195 1256
-4956 8912 7388 -2142 -4938 -1544
-1736 9196 8404 1281 -2880 -2304
516 7344 9724 1114 -2951 -1602
-668 5504 7636 -73 -3020 -821
184 3876 8284 149 -1869 -150
356 4280 9404 627 -943 1098
268 3904 9928 1627 -178 2488
188 3648 12004 2070 642 2770
-432 3804 13864 623 1337 2326
-2440 6392 18292 977 1206 -398
512 12536 19816 -1404 396 -616
1496 13004 9688 -3554 -1910 -946
2448 10756 10332 2039 3258 3079
-1504 8452 10236 -1154 1004 2561
304 6292 8356 424 903 822
432 4676 8236 43 1880 -799
124 4172 8428 410 1356 -1481
640 4600 9276 1390 511 -1410
180 4236 10532 2077 -95 -1100
136 4708 13564 1472 966 -1212
304 6780 17668 -778 1292 393
-1252 9628 21400 -545 3162 2302
-4332 12184 11204 -5049 -3336 158
-3584 9516 10288 1708 -2136 35
28 8364 10452 400 -3403 -1131
92 4840 8444 1332 -2727 -1118
-664 4588 7676 1269 -1526 -440
136 4920 9080 1757 -393 658
-368 4360 9164 738 -154 1250
-268 3744 11056 2535 797 1528
-688 4628 12864 1917 151 1394
-1804 4704 15908 1667 -282 358
-1136 11328 21180 28 2219 1325
488 15048 13312 -3899 -1586 1846
4068 12804 9632 -108 519 1640
1092 10524 11220 -2056 990 2104
-324 6036 8848 -1605 531 1439
608 4344 7692 -948 561 -102
1312 4684 8292 473 978 -144
952 4372 9176 149 -239 -826
516 3592 10060 2388 -467 -2304
784 4480 12248 1841 -661 -3378
1164 4648 16180 1341 818 -2511
2384 5804 18124 -328 1750 72
-3688 10648 17808 -900 1403 -2401
-1980 10976 8904 -2311 -3435 -3611
-3124 10496 9904 1624 -1037 -3057
632 8176 10992 382 -858 -2066
24 5848 8076 -307 -1683 270
-376 4112 7472 451 -309 1942
-36 3780 8188 819 241 2666
-508 3348 9388 2747 1092 3394
-980 4624 12424 4186 1773 3556
-1428 5856 15712 2052 344 2435
-1892 6276 18304 1058 -293 645
608 11340 19712 -604 235 1927
1768 12540 10292 -3529 -3913 376
3216 10044 8528 1180 1693 2079
-204 8796 10136 -882 2354 3224
1188 7176 8972 -1152 1233 2704
604 4624 8224 -362 1370 866
548 4224 8812 310 1203 -830
1140 3696 9672 805 675 -1852
1240 3880 11896 2476 1068 -1038
904 4084 13384 1588 1196 -560
-128 7476 16748 1501 2499 -554
-772 12484 20660 929 3318 -580
-3512 12396 12820 -4492 -1502 360
-3684 7776 7608 499 -3287 -2396
-208 8376 9744 579 -1751 -2016
128 5912 8636 1332 -1872 -124
-968 4796 7824 1645 -1372 363
-268 4824 9248 1137 -1067 282
-472 4324 9464 797 -743 906
-276 3992 11216 2779 59 1396
-592 4596 13120 1895 174 1271
-516 5076 15992 881 498 1548
-1908 11572 20912 874 1374 1062
1792 13616 13636 -2789 -4235 -82
4028 11480 7580 -791 -310 1206
1168 10528 10292 131 3642 2768
264 7264 9448 9 1325 2548
560 6016 8096 -190 1267 1437
544 4680 8364 -539 2220 -99
712 4556 8692 -318 1895 -584
596 4564 8960 1121 994 -405
492 3616 11072 2361 2084 -292
236 5296 14756 1167 2930 -17
752 7564 19032 -473 2656 -70
-4480 14000 18620 -2691 -978 -826
-2760 8776 8812 -2511 -5459 -1990
-2784 9944 10252 1185 -3086 -3278
-196 7788 11100 574 -3105 -3107
-396 5744 8460 -816 -2930 -1597
120 3976 7392 147 -1947 53
200 4192 8504 853 -279 1350
-188 3916 9588 2032 477 2375
-520 3344 12704 3061 1026 2683
-1244 4916 14176 738 -70 2388
-1816 5816 16204 1323 -333 920
4 13892 21808 -943 39 863
1740 12740 9356 -3879 -4903 -929
3152 10896 9888 1904 2647 1863
324 9316 10496 -931 1169 2126
1364 6160 8948 177 457 1155
400 5532 7936 115 1057 -154
672 4908 8300 -213 1110 -1522
1512 4696 8928 511 593 -1954
1536 4236 11660 2020 1061 -1053
1508 5072 13196 728 992 -981
1456 7752 16872 -124 3052 856
-668 10184 22320 -1459 3667 667
-2864 11004 12044 -4621 -737 -2268
-3156 8376 9048 136 -239 -2190
48 8076 11276 999 187 -1632
932 6444 9956 588 -537 1074
-480 5516 8224 866 452 3077
-84 4492 8424 850 1326 4238
-984 4576 9232 1323 2042 4601
-1176 4100 11960 2305 2441 4203
-920 4740 13284 399 1648 4061
-1288 4764 16336 1476 1292 3455
-2224 10428 19536 1160 2176 1462
2952 12172 13216 -2412 42 2107
4576 11780 9308 60 2879 5972
1208 10748 11028 178 3677 8682
-40 8364 9192 -150 3269 7185
932 5724 7648 -288 3864 6204
796 5472 7504 -1493 3927 4485
1276 4500 8884 953 3886 3327
1596 4892 11060 1062 3901 3177
1280 5272 11840 -482 4159 2253
804 8596 17460 86 6307 3543
-3536 12528 18200 -3768 5345 3067
-2280 11128 8912 -5869 579 3048
-1532 10056 10288 -665 3317 7716
964 9200 10524 -1202 2089 10422
612 7632 8396 -888 3088 12643
144 6672 8900 -291 5310 14371
-652 6336 9104 -457 6381 13715
-984 5188 9664 236 6283 12650
-912 4704 10968 1433 5732 10035
-104 4836 12052 588 3371 8190
-1096 3864 13728 -163 1635 6873
-2784 7684 18260 -267 1727 4184
1540 11604 16652 -5152 -1314 6498
3188 12408 7256 -2931 -1203 7817
1304 11096 10940 182 2196 8216
-1108 7292 9888 -996 2051 6018
1092 5832 9000 979 2671 4149
-120 5036 8764 -1077 1858 2046
36 4820 8776 -128 801 -311
932 4724 9968 2072 657 -1295
1516 4400 10584 1537 -219 -1087
1604 5840 12072 2331 1347 -233
1196 9972 16832 -138 2563 925
-860 12016 19248 -1548 2210 609
-2164 11220 10888 -5936 -4106 450
-3144 9456 9180 419 -1367 -613
-32 9480 12716 58 -345 -1126
1176 6128 9000 -2285 -2943 -1146
420 4268 8088 -602 -456 447
684 4824 10252 -154 -108 1519
188 3928 10244 147 -15 1878
-128 3580 10912 2618 762 1555
320 3768 12172 2020 197 1299
24 4460 13664 2234 602 1921
-2712 6596 16196 1533 810 -41
568 13396 18388 -1193 588 986
1800 12680 10732 -2230 -2464 1215
2392 9684 8508 479 2156 2529
120 8524 10244 193 2250 3904
236 6352 8736 -31 869 2883
520 5140 8920 -94 2136 1277
164 5144 9400 -602 1696 -817
1208 4120 9676 954 1245 -1625
1252 3908 11296 1910 1408 -1251
1116 4488 12880 1584 1700 -652
224 6384 16532 1224 3448 791
-652 10384 20204 -456 4162 895
-4452 13420 13488 -3884 -424 -1079
-3852 9508 8620 -1957 -3052 -2385
-1592 9000 10088 910 -1708 -1783
-140 6532 9696 510 -1778 -655
-964 4748 8068 143 -1424 756
-100 4440 8656 862 -721 2163
-500 3808 9288 1141 -83 3091
-804 3832 10596 2438 103 2986
-916 3940 12456 1347 -72 2618
-724 4268 16456 1318 252 2440
-1864 7848 20312 1897 -310 937
-912 12516 16256 -1491 -2453 -669
3376 11968 6924 -1269 -3061 204
1124 10204 9612 1824 2104 3079
-104 8284 10048 971 736 2238
1024 6856 8704 506 1031 612
1560 5372 7976 -738 1501 535
1024 4832 7828 -384 944 451
1320 4084 9192 1959 1094 -79
1088 5280 11684 2779 1880 -630
932 7420 16372 1355 2759 -1466
1476 8908 18408 -2117 2336 -481
-5876 15076 15536 -4367 -1682 -3153
-4904 10076 8484 -618 -4493 -5462
-1868 9920 10256 940 -2773 -5145
560 6796 8416 1630 -3116 -2844
-376 5364 6864 176 -2200 -1056
-8 5360 7960 -293 -930 967
-812 4168 9312 -98 -1264 1409
-1048 4536 11688 2247 -266 1465
-448 4340 13012 366 -817 452
256 3768 14052 496 -161 807
-2140 6580 16752 456 -95 -801
604 13932 16444 -4033 -395 2598
1856 11744 10172 -1833 -1164 1442
1524 10256 11700 -401 2141 2859
-504 6504 9808 -1238 1656 2245
192 4488 7748 -525 2149 1318
404 3904 7772 -158 1933 765
464 3936 9024 1385 1896 -141
748 4188 10784 2359 1041 -554
172 3892 11416 3326 53 -1133
212 6224 15564 2315 1906 -1335
1464 8284 18116 -1054 475 -294
-3644 12272 15064 -4123 -1343 -808
-4188 9220 10040 -927 -2597 -2312
-2612 10796 11716 266 -2226 -2445
-28 7192 10632 18 -2386 -1795
476 5464 6892 14 -2831 -166
988 4148 6928 961 -601 3296
-364 3360 8408 1786 927 4825
-1468 3712 10964 3779 986 3565
-728 4932 13304 2280 -410 1406
-208 4588 14928 911 -368 412
-1436 6908 17740 1907 -124 -1716
1700 14272 17504 -4193 -567 754
2876 12868 8660 -3588 -2027 1075
1928 11032 11312 716 3388 2888
-1048 7424 10144 -955 1893 1701
100 5124 7736 76 2124 415
32 4632 7924 1148 1685 -442
100 4496 8360 1001 984 -1295
724 4716 9796 2292 684 -1768
960 4684 11724 2316 629 -618
476 4836 14084 1456 1348 352
1312 8096 17072 -374 1470 1624
-3784 11636 19864 257 3067 267
-3016 11292 10956 -4467 -2398 -660
-4128 9808 8808 -520 -925 -2865
-356 8180 11384 -214 -1188 -4047
-576 5216 8332 -180 -2940 -2481
-896 4176 7260 1243 -1790 -762
-300 4200 7804 1447 -1370 720
-1128 4100 9928 1917 -813 1946
-1204 3800 13128 3121 -1093 1562
-580 4500 13224 1770 -2230 1425
-612 5348 16156 1265 -1407 925
-404 13896 20476 -297 2012 239
2288 14092 11980 -4246 -2913 -48
5016 10868 9348 871 1123 1229
68 9464 10876 -1251 2172 2061
-88 6972 9024 192 1575 1860
780 5240 8140 -1406 880 990
-8 3980 8188 -899 1535 -318
1212 3768 8472 260 758 -1108
1548 3064 10568 2814 943 -1332
516 3032 13232 2727 494 -1887
844 5832 17152 1441 973 -2514
1728 7348 18180 -1808 1576 -759
-2812 15832 15664 -3837 506 265
-3672 8780 8524 -3287 -2931 -396
-2836 9868 10956 1177 -1336 -1509
-180 7188 10084 739 -2355 -1826
-324 5328 8004 288 -1695 -16
60 4428 7932 795 -914 1303
-564 3992 8680 1427 -190 1969
-624 3328 10456 1901 67 2553
-128 3576 12820 2994 494 2487
-816 4128 13256 -11 -543 2468
-2144 5432 15540 1328 104 1630
-1672 15020 20764 680 -846 -1122
2504 13208 10248 -4816 -5369 -3736
3188 10036 9920 1334 2013 223
1060 10292 11660 -810 1646 1689
740 5996 8416 -1402 1142 1566
536 4624 7708 -584 2362 936
156 4568 8304 -138 1861 -417
816 4200 9148 722 802 -1949
744 3780 11632 1527 180 -2064
616 4032 12852 958 424 -2401
1156 5132 16124 136 1273 -1433
368 8384 20084 -1061 2282 1095
-4080 11972 13864 -4334 -880 -8
-4712 8560 10212 -442 -1863 -2216
-1560 9088 11672 398 -2384 -3022
248 5952 9340 1750 -3509 -1776
-432 4624 7588 768 -2441 -371
568 4708 8176 1462 -1019 1388
136 4236 9136 1440 59 2863
-644 4232 10920 2774 830 3194
-64 3452 12432 1261 62 2456
132 3760 14188 1167 587 3150
-2132 6008 17936 1475 590 819
328 14772 18632 -2181 -120 233
2328 11544 8752 -3582 -2341 -1093
1616 9660 11048 1012 3296 1997
-492 7480 10548 352 1785 1523
344 5604 8684 -196 1823 490
100 4264 8252 290 2283 381
500 3864 8928 650 2019 -388
880 3832 9672 1696 849 -831
428 3924 11032 2131 786 -214
164 4628 13324 1701 1362 -389
1192 7128 17424 723 2099 1205
-3892 11376 19716 365 2187 -695
-4256 10272 13144 -1917 -2008 -1545
-4792 10032 10384 1174 -2128 -3327
-392 7536 9840 938 -2950 -2963
-644 5308 7208 1106 -3440 -2086
-816 4444 7240 1087 -2406 -536
-196 4652 8080 226 -1745 713
-644 4100 9948 2580 -374 1700
-820 4404 12092 1876 -411 1321
120 4504 13656 52 -308 2449
-1180 5760 16808 -716 -200 1949
756 14728 21348 -1924 1862 2435
1132 12972 11916 -3393 -3781 498
2596 10832 10944 1783 2215 2698
-1736 7180 9664 247 2184 1452
-632 6196 8120 935 2018 -276
24 5900 8096 -1348 1419 -1642
212 3472 7840 -1894 -229 -3217
1064 3180 9784 2408 182 -3253
1344 4040 12240 2602 -793 -1924
660 4412 12696 1903 198 -1755
516 7300 17028 166 1824 -249
-2064 12332 21900 1204 3017 -739
-4572 12852 13100 -4437 -1460 500
-4904 7524 9312 1770 -2168 -1077
-536 8516 11436 3108 -2747 -2056
-1220 6908 8588 697 -3622 -1922
-708 4780 7352 665 -2271 -935
-204 4504 9032 521 -1547 -63
-1296 4340 9480 1341 -1635 -609
-864 4108 11700 1693 -2012 -1504
-268 4692 12952 -771 -2354 -837
-2464 6560 17108 700 -783 -643
1072 14192 21740 -1749 -433 1444
1028 10496 9096 -3892 -7160 -2869
4 9428 9880 2186 -330 -3647
-2060 7980 10140 -149 -825 -5471
-1336 6188 8848 274 -2589 -7534
-804 6384 9132 704 -3205 -9431
-264 4848 8144 1017 -3838 -10226
608 4336 8916 3310 -3417 -8573
92 4564 11400 3415 -2455 -5909
128 6428 13468 2395 -773 -4016
-404 7972 17680 314 -441 -3386
-6892 9192 12800 -2196 -4222 -8138
-8624 12884 9724 4130 -5802 -15255
-3036 12772 11560 2705 -7599 -16789
-1672 8364 8964 2778 -8849 -16083
-1572 7392 6944 2170 -7051 -12804
-1452 6396 7728 932 -5163 -8675
-1432 4532 7620 771 -4292 -5656
-1604 4212 9176 1380 -3185 -3530
-872 3956 11988 914 -2008 -994
-2444 4584 15516 515 -1332 409
-4284 8352 19320 -503 -97 238
-864 14640 15696 -3995 -1841 13
1944 14152 10132 -2217 -3563 -1556
336 10500 10780 -1919 -1110 -1641
-1688 5344 8552 -2012 -702 -2036
-164 4812 7240 546 -600 -2764
-352 5668 8312 1904 -136 -3138
-12 5824 9372 -6 -313 -4001
400 4928 10632 910 -294 -4021
1008 3268 11300 1905 -1391 -2912
308 2740 14028 2392 554 -2072
236 4656 15416 1795 1191 -1700
116 8892 19976 627 2570 -732
-4056 17008 14652 -3709 352 539
-4368 11836 8188 -3747 -2660 1044
-2016 9324 8776 808 -2889 -1459
396 6656 8820 146 -3346 -1929
-232 4332 8484 69 -2980 -739
-292 5920 9460 -707 -2266 656
-184 3732 9036 -1296 -1018 1195
-576 3228 9300 1141 222 1629
528 2976 11872 2184 668 1960
-892 3972 14988 1157 717 2044
-2248 5404 16492 619 -81 -270
1032 13368 20468 -1076 280 -72
1900 12300 9324 -4424 -3850 -1916
2564 10976 10484 2442 2431 288
184 9192 10532 -627 1636 1309
28 5248 8368 -196 1102 824
284 5120 7848 1107 1199 -563
80 4764 9892 1509 1215 -1442
-464 4124 8080 167 -1754 -3235
2328 3564 9524 2345 -728 -4024
1624 4368 12764 1960 507 -3984
2100 5876 17036 1441 1674 -688
1084 7308 19188 -543 1860 2068
-3008 12528 15820 -2861 1306 729
-3560 10884 9848 -3344 -885 553
-3344 9276 9376 616 -609 124
-496 7116 9948 804 -1464 -910
-448 6024 7816 300 -2030 19
-272 5180 8000 1146 -242 1871
-664 4832 8680 345 132 2256
-564 4260 9784 984 759 2810
-712 4116 12188 2498 885 2953
-988 4264 14160 468 -422 2602
-1356 3892 15972 479 -616 1525
-300 12420 21320 1146 2720 821
476 13872 11552 -4802 -3994 -1080
4336 10376 10012 1938 1716 369
-112 10004 10960 -385 1114 1315
-332 5628 8412 -165 849 655
796 4812 8088 -338 1925 152
720 4040 8292 -730 1356 -456
236 3964 9320 1390 1215 -869
660 4444 11676 2280 1002 -473
972 4240 13832 817 740 -119
8 7104 16648 -857 1642 -420
-464 13136 19640 -196 1687 1836
-4232 11340 13036 -4352 -3365 1642
-3944 7816 8980 1142 -3846 -2961
-712 8152 10564 1173 -2188 -2996
-280 5048 8764 1180 -2224 -2181
-128 4376 7560 1588 -1294 -906
104 4980 8992 1099 -422 568
-300 4128 9588 720 -237 1602
-428 3628 11148 1963 398 2158
-776 4176 12956 1064 31 2017
-996 3704 15716 846 230 2254
-2448 10148 21556 2415 1957 324
708 15008 15352 -1776 -3553 -1798
3716 11876 8680 -1347 -1637 -1938
1400 9812 9460 -420 2567 581
776 6916 9096 -9 2213 2158
424 5744 8064 -397 1744 2111
-84 5488 8964 574 3137 1121
388 4604 9368 -1112 2224 -708
272 2568 9892 176 620 -1087
1260 1580 11240 2046 -686 -201
1216 4460 13760 2281 172 -506
1904 8864 17756 39 364 846
-2748 10440 21640 -787 1305 -1594
-3544 12196 11664 -3758 -2540 -2474
-3892 9168 10564 1085 -2001 -3319
516 7684 10132 324 -2643 -3224
104 4812 6856 -694 -3004 -1498
-84 3804 6668 839 -714 1589
220 3972 8580 779 212 3526
-1128 3480 11332 3350 1695 4420
-1540 4036 14036 2591 1065 3182
-1224 3732 15216 889 -358 1965
-1580 5664 16496 1460 -1083 647
1240 12952 19528 -368 721 1562
2296 13224 9420 -3680 -3673 -1240
3180 10592 11272 1235 2834 673
0 8412 10640 -669 1996 1763
768 5740 8324 -198 1796 2324
580 4652 8280 -287 1721 1743
384 3844 8108 -309 1303 459
1192 3292 9276 2070 1595 -901
1172 3844 10868 2145 1103 -1392
708 4200 12840 2341 1615 -1106
676 6920 18232 765 3046 130
-2980 12780 23328 1172 4398 408
-3588 12712 12648 -3431 -1625 -713
-4116 9316 7128 -257 -2308 -1435
-348 9156 9864 2107 -1853 -1019
-116 6328 8480 1317 -2397 -1042
-1348 6188 9292 777 -1544 -196
-164 5748 9304 -1134 -1963 286
-76 3792 8460 -729 -996 1360
-156 3792 9776 2027 81 2162
-516 4032 12648 1810 -83 1510
-508 3804 14184 1136 -349 2225
-4012 6836 18992 2772 181 -360
336 13512 18564 -3621 -2537 1181
2684 12364 7560 -3042 -3726 1142
2492 11172 10056 1330 2703 2597
348 7640 9800 -527 963 1900
-16 5484 8272 -72 962 758
928 4792 8400 -319 1688 217
816 4484 8844 -180 1710 -733
1152 4160 9736 1394 1470 -1355
1532 3776 11292 2548 2025 -1032
-300 4692 13360 2355 2464 -1277
-860 8424 18916 -444 2775 -345
-1964 9500 21144 -1427 1309 -623
-4816 10916 10176 -3957 -4245 -3750
-2580 9592 8752 1540 -3338 -3110
-1312 8684 10588 1182 -3080 -3474
196 5696 8272 994 -3997 -2525
-12 5292 7364 121 -2745 -1134
-148 5076 9292 1212 -742 910
-528 4420 10324 1348 -433 1856
-596 3596 11472 2241 125 1193
284 4112 12916 852 -59 1680
-808 4708 15436 1155 -146 2609
-972 12960 22332 2272 2230 2458
952 14404 13936 -2913 -4002 -458
4148 11312 7052 940 697 -421
1356 9724 10000 266 4820 2149
416 7712 9432 -597 1868 2299
912 5980 8212 -1022 1556 1644
488 4932 8600 -688 2235 529
1312 4216 9028 -428 2238 160
992 3760 10512 1569 1952 197
488 3756 11796 1955 1341 -239
180 5164 14892 1027 2063 -1326
1688 6032 17392 -613 1401 -1068
-4496 10360 17180 -1867 -1008 -4311
-4332 11108 10948 -1652 -2986 -4374
-1948 10868 11240 860 -1821 -3012
-12 6644 9656 1420 -2415 -1859
-1252 4972 7176 -463 -2113 -1372
-572 4640 7836 45 -1016 137
-512 4100 8736 -461 -1831 1627
-1132 3500 10604 1354 -1854 1631
-564 2888 13220 1369 -904 1902
-324 3444 15416 1231 124 2550
-1644 4524 16992 1702 655 728
1504 12388 17316 -2157 472 2661
1288 12908 9516 -1558 -2120 1679
1908 11224 10800 2143 3422 3585
-732 8012 10312 -761 2100 3141
-132 5336 7904 5 1240 1882
488 4544 7216 -347 1482 353
912 4388 8216 10 1094 -797
1584 4092 10280 2024 1497 -580
956 4232 12476 3002 1161 167
576 5364 13700 2005 1530 -68
104 7904 19072 -191 3695 355
-2052 10808 20044 -463 2448 356
-4100 10444 8688 -4868 -3923 -1136
-3528 9848 9824 917 -1938 -1898
-168 8668 11316 -361 -2971 -2306
-704 5136 9144 -700 -3150 -1609
-244 3968 7472 265 -2069 -327
332 3732 8580 821 -669 1208
-476 3648 9752 1822 178 2455
-564 3824 12696 3007 828 2522
-64 4116 13432 714 -472 2574
-452 4404 17416 2535 13 1955
-736 11684 19892 418 38 649
1856 13352 11580 -3366 -2585 -38
3048 11576 9428 2822 1959 741
844 11352 11684 -719 2361 2084
112 6732 8864 -1310 1526 2219
748 4980 7756 -921 1888 1679
840 4016 7916 -462 1997 1002
1332 4136 9144 442 1430 562
1240 3912 11036 2526 1499 592
1180 4212 12428 2233 1660 180
672 6560 15480 1272 2709 -368
860 7264 18640 -1177 2413 -338
-3576 13932 15212 -3093 488 -2570
-4236 10480 9320 -1001 -2860 -2247
-3200 9604 9896 2125 -1779 -3739
-88 7704 9656 1172 -1617 -2754
-1680 5236 7332 266 -2354 -1833
-608 5220 8256 869 -1111 363
-664 4680 8760 -1127 -595 1993
-1336 3912 9876 1668 465 3272
-1432 3948 12584 1601 -226 3029
-848 4048 13604 497 -109 3594
-2388 6020 16484 877 -628 2073
64 14848 20952 -2193 -919 1767
1548 11744 8632 -4109 -6561 -569
1476 10504 10300 1405 2341 921
-84 8676 10408 -698 517 283
-344 6396 8828 -190 468 -861
376 5540 8328 -624 689 -1962
560 4616 8552 -397 426 -2893
1084 4588 8964 905 -274 -4212
1248 4100 10156 1856 -132 -4124
528 4264 12440 1207 15 -4543
512 4824 15104 371 39 -4547
884 6060 14752 -1023 -276 -2715
-4824 14112 18704 -629 1284 -389
-4028 10620 9776 -4323 -1940 -121
-4704 10796 10548 1403 -179 -1940
-1884 9160 10656 1453 -1628 -3015
-1816 6184 8056 352 -940 -1530
-972 6588 9380 2046 -157 1096
-1100 7356 9848 1915 523 2342
-2268 8748 10672 1606 761 3028
-2128 8864 11228 -297 204 4451
-2248 7944 10560 -2188 135 5687
-1616 6360 10760 -3227 14 6387
-1624 6136 13984 -577 943 6395
228 6548 11240 -1898 -1339 3197
908 6612 10060 -318 -1188 1913
660 7324 10320 152 -800 1203
800 6564 11664 604 -618 -105
568 7016 11916 564 -451 -1036
844 6920 11516 770 -69 -1227
1008 6840 11740 571 501 -1002
708 6652 12124 752 511 -676
544 6624 11940 651 605 -568
480 6492 11780 552 620 -646
260 6512 11716 503 644 -563
108 6520 12116 604 597 -576
-8 6560 11948 743 247 -419
-16 6728 11776 836 224 -289
-316 6728 11836 116 1016 702
