0 13697026 -1215591888 5 15217412 15443274
2964 16100 -4904 -128 -202 346
2860 16132 -4644 85 -100 152
3028 16068 -4932 195 -21 77
2916 16040 -4968 115 -43 195
3012 16116 -4728 177 -43 306
3096 16072 -4752 317 14 139
3120 16096 -4772 355 -51 101
3084 16084 -5048 412 52 179
3108 16196 -4924 384 19 260
3060 16036 -4820 404 115 182
3008 16148 -4844 550 266 -9
3060 16008 -5068 221 257 -235
2976 16160 -5180 243 234 -552
2744 16080 -5008 335 -191 -395
2820 16072 -4928 324 -198 -140
2908 15900 -4956 217 -335 -47
2904 16100 -4872 304 -84 185
2748 16084 -5036 213 -123 119
2820 16144 -4988 340 -70 187
2880 15992 -4984 261 44 292
2904 16052 -5008 360 159 27
2840 16028 -5044 422 -73 56
2708 16084 -4900 411 -11 224
2896 16144 -4948 382 91 236
2916 16172 -4972 335 67 360
2812 16148 -5092 392 183 100
2852 16044 -5164 319 288 -322
2728 16160 -4960 194 -81 -366
2756 16100 -4928 95 -330 -330
2656 15932 -4888 236 -260 -99
2596 16108 -5100 298 -229 171
2708 16108 -4888 429 -168 250
2684 16108 -4904 419 -63 264
2536 16104 -4864 318 -120 351
2844 16032 -5240 338 91 275
2656 16152 -5116 362 93 189
2716 16088 -4952 283 24 233
2764 16108 -5112 540 160 309
2884 16120 -5296 367 269 79
2852 16236 -5336 491 372 -94
2788 16144 -5260 266 540 -397
2808 16156 -5300 129 315 -110
2616 15760 -5592 -790 1524 -1106
1700 15984 -4396 -153 463 -391
2336 16152 -4584 635 -117 -268
2304 16212 -4716 556 -434 -353
2580 15916 -5160 385 -1323 -436
1800 15856 -4960 712 -766 -664
3880 15512 -4284 2079 -39 -1203
2092 16364 -4944 2412 -895 -1209
2152 16748 -5852 2893 -220 -3106
1500 16660 -5828 2358 -574 -4031
3852 18420 -7044 2053 -367 -6430
1444 18204 -4300 3065 -458 -9393
4532 19704 -5344 5055 -735 -12368
3644 15616 -1756 4020 -2498 -18039
8032 18508 -3164 6961 -6578 -30730
2536 32767 -3944 14834 3226 -32768
26616 30364 3760 1541 1057 -10299
7116 4412 -1196 -14811 -2538 19913
6156 10308 -5436 -18187 3243 32767
-1564 16452 -9096 -11702 8127 32767
-18180 26584 -20772 -10667 14305 29913
-32768 8024 -32768 -3506 4156 4332
-23640 10204 -13588 9849 -1396 -24396
-30812 -6800 13192 9181 -3185 -32768
-3448 23248 -8724 1201 -2903 -8112
11824 32767 11572 11918 -1888 -17793
-3544 7736 -6480 478 -25117 -22405
-1484 1616 -7020 7647 -2215 -24849
11952 17072 1792 4956 9860 -17655
6648 16388 -804 5214 7640 -27763
3432 32767 -7956 17648 -8860 -8503
-3700 24484 -17300 -17730 -2833 21603
224 10896 -5416 -5262 -8281 32767
2004 23760 1576 -8491 4707 32767
-11016 32767 -10236 -8449 19216 32767
-32768 15708 -28188 -25700 13040 12546
-29288 11768 -18848 15590 7820 -19498
32767 32767 32767 24404 -32768 -32768
9960 15828 -24000 15708 -11300 -16735
8344 29644 -12420 -819 -8305 -2397
6776 26000 17220 11766 -10234 -20230
-20564 15388 -14788 10542 576 -21237
-2740 11996 -808 1670 2373 -21528
13444 18872 1604 16586 -4058 -29602
10384 21184 -2392 2321 -4429 -22106
5524 30232 -15452 12873 5511 -18430
-8240 9396 -4864 -14133 20530 17330
-6340 15536 -11620 -27851 -3107 32767
1368 22116 -4552 -27747 -819 32767
-1316 28912 -7680 -15991 -3372 32767
-32768 30420 -25952 -32768 1828 13622
-32768 11868 -26540 14053 2689 -11403
2376 32767 -32768 -32768 32767 -4053
-13532 19064 -18292 10068 3629 -25586
544 29636 -5412 -4376 -1210 -6962
8100 23524 24592 19971 -11181 -16491
-27240 13704 -17588 16316 -10044 -21029
8660 13600 4768 1921 4020 -21869
15476 14636 -44 10567 7188 -17331
8092 27380 2356 2385 -3620 -10044
56 32767 -14356 -5182 -9375 7054
-1600 5184 -6064 -17486 -1009 32767
5476 16216 -2188 -11042 -1019 32767
-3448 24904 -4668 -627 9200 32767
-32768 32767 -21136 -27029 23964 32767
-32768 9668 -27044 9916 12377 -7782
-32768 32767 -32768 18153 -5927 509
-5380 32767 -2884 12025 7194 -20845
1788 26720 -13884 5844 -4043 -8772
13308 32767 11528 17942 -10744 -24355
-17696 7516 -15556 13929 -19603 -24926
3688 4724 -7836 1197 7101 -29674
11268 16748 4692 12102 4738 -22427
8692 20780 -992 7272 -8867 -27094
8516 32767 -8144 14022 -10855 -11287
-6604 20148 -9028 -17356 -3343 28335
1028 16720 -1280 -14142 1132 32767
-1388 31820 -6032 -18256 13881 32767
-18932 32767 -15088 -23512 13723 32767
-32768 12188 -27732 -3651 4694 11242
-29584 12660 -14596 7291 10827 -24724
15640 -2028 10516 32767 23346 -32768
-2944 26320 1860 4159 -4014 -12585
22548 32767 8188 27960 -18122 -9781
-12364 3716 -14836 7533 -21956 -26234
1260 14700 -7008 6823 376 -32768
14944 18176 2248 12337 2559 -26323
11812 22516 -724 14872 -3924 -32768
14372 32767 -14636 12089 -6385 -14831
-2136 15320 -7816 -13030 -569 26923
9980 18748 -3780 -13586 8159 32767
-6108 30188 -6064 -20926 8657 32767
-26588 32767 -17724 -14936 7117 32767
-32768 5400 -29624 782 2635 10194
-9076 23728 -920 2918 16107 -20384
-17120 -21188 -32768 2512 24207 -32768
-4320 28696 -4944 8124 5000 -20341
7784 32767 7424 10204 -16579 -9688
-14272 32767 1348 15263 -24906 -26512
5280 18884 -13412 1497 362 -32768
11452 20208 1708 1259 -1650 -22516
14068 24264 -308 15633 -7961 -32737
8844 30532 -8628 6038 -14042 -16307
9576 14204 -10468 -10095 -1337 15614
8484 11624 -1664 -16862 1435 32767
-4736 31816 -8220 -20957 8905 32767
-8944 32767 -19116 -13645 15043 32767
-32768 27324 -32768 -26282 18806 22302
-32768 11432 -21720 7735 6920 -15275
-32768 32767 -32768 13761 20927 -32768
-18932 26204 -18668 18131 -578 -19706
3192 28008 -6980 568 -4795 -7367
12252 31492 10732 30324 -21767 -13492
-8944 10164 -7520 13095 -13038 -23588
-3776 8376 -13112 2917 -10432 -27304
12952 17040 3848 13446 -5631 -27333
11160 17056 -3716 7725 -4228 -30575
5960 32767 -16276 16137 -8224 -11231
-10880 20296 -8220 -22022 8850 25959
-9392 14032 -5268 -19556 -1150 32767
-712 27752 -6748 -17383 964 32767
-12920 32767 -6208 -8892 13024 32767
-32768 14608 -31360 -20205 13159 23133
-32768 10732 -19964 11751 1776 -20575
10720 -9684 -20112 32767 -643 -32768
3184 20944 -20300 10241 -776 -11052
20996 32767 -12776 4089 -6776 -5046
8388 31648 2676 7358 -26663 -22578
-6728 22428 -17736 13179 -16144 -22741
-1264 19204 4008 -5655 -14492 -16262
10556 16192 -5864 15281 -9956 -27610
21480 26592 1100 5641 -6446 -29249
6516 19732 -8620 -5945 14070 315
1384 5752 -648 -1446 5690 32767
6144 29716 -5452 -10178 -1424 32767
-2120 31468 3256 -1277 -19491 32767
-32768 32767 -7540 -17355 -22073 32767
-32768 10888 -4208 -2422 -8349 7671
-6252 22216 -13956 10986 22370 -12715
16208 25096 23160 13680 -5440 -22416
-8240 23032 -7292 9330 1610 -4107
20532 28512 -8084 12874 -20306 -11381
160 20824 -2796 16937 -32768 -8959
-7028 13280 -17100 10023 -18618 -23549
7568 15460 -56 7853 -18101 -16341
10016 21036 -1304 8428 -4749 -25211
-2432 32767 -10000 17711 2639 -8291
-10332 9404 9900 -5244 -296 11740
-11768 -1636 13752 -3154 -16445 32767
-10556 24148 15244 -15882 -5337 32767
-11964 30868 -1636 -24138 -386 32767
-32768 23944 -19204 -16933 1055 15273
-32768 21840 -32768 1470 -7271 -23709
-3184 29748 -10272 10052 31518 -32768
3796 21640 -24168 12641 745 -14943
-2548 29724 -5032 -1738 -3002 -3312
25628 25956 29760 16188 3656 -12811
-4796 2908 -6136 5815 -19743 -20143
5372 -1348 -7892 4116 3791 -24163
14044 13648 7808 9557 2780 -25712
3740 19104 -4472 6722 -20720 -7809
4968 23212 -14132 1916 -3480 -6884
1588 16236 -11760 -17148 739 21921
92 15512 -11688 -22023 9608 32767
2764 23476 -5660 -13583 6383 32767
-15352 32767 -10544 -16665 5048 32767
-32768 9444 -20240 -6231 10191 4298
-25084 8136 -11392 4268 2215 -20371
1324 -15000 -32768 30896 32767 -32768
1616 20072 -7084 13354 2441 -15915
7544 32767 -3796 -3476 -5606 -3352
20404 32767 31392 1480 -24505 -7171
-3176 24340 -14420 1228 5482 -22577
-92 5500 3220 -47 -5422 -17103
19528 19636 320 14344 6399 -27873
4640 25840 -1568 13103 -3219 -30665
9632 32767 -26584 -10752 -11865 -5583
-2596 8908 -5524 -9765 -8044 29668
2552 19332 3480 -8011 1299 32767
-1812 30872 2336 -16932 4549 32767
-19160 32767 -11144 -17648 14619 32767
-32768 15092 -21068 -6483 15437 16702
-24052 6900 -18812 10339 14120 -23319
-20848 -29632 -32768 22015 32767 -32768
436 21396 -12664 11535 -6457 -17164
6552 32767 -5620 5659 -6950 -8653
25912 7352 9980 22904 3339 -11722
-16548 21656 -14696 7133 -6233 -17457
3528 12708 1652 1049 12667 -21338
15616 18808 5176 22427 9254 -31620
3696 24952 -5464 9640 -6843 -24123
8792 29700 -13092 -5095 -7843 -4273
-5152 10556 -6196 -18665 -1708 32767
-3684 17008 -4596 -18869 7847 32767
-4012 27132 -3640 -18146 5108 32767
-32768 32767 -17180 -19582 1082 32001
-32768 3068 -21740 -11974 7776 -1274
-10872 22676 -7044 2601 21447 -23755
-14640 -16408 -11776 4935 3423 -15769
-2380 27040 8884 5802 2908 -18594
11384 32767 -6552 8264 -7883 -4221
9076 23768 7352 15139 -25208 -14281
-24112 14688 -6132 4576 -7010 -19840
2292 20904 1652 8983 13694 -26007
8668 20884 2388 17191 8676 -32768
3996 32767 -8452 14832 -9990 -21374
4532 19584 -7996 -9852 -9135 3605
5416 16340 -2592 -20281 3070 32767
48 24196 -8080 -31098 14183 32767
-1372 24976 -10312 -23311 7249 32767
-32768 31396 -25948 -8164 -5663 32506
-32768 -2296 -16400 -3040 1847 -2358
-32768 32767 -32768 32767 32767 32767
32767 32767 19832 15778 -20197 -23979
1752 16856 -9988 6851 1365 -11639
12260 31692 -9792 14844 -5155 -6053
1328 32767 312 -6938 -22918 -17454
-9628 15936 -11256 6767 -2800 -20333
2892 23360 2608 11267 8673 -23841
13648 20660 3580 15454 -4047 -31497
3704 32680 -4660 20119 -4918 -22570
3092 19312 -9920 -10353 -3237 14833
-1012 13024 -1696 -19323 1623 32767
604 25356 -1452 -14166 3509 32767
-13564 32767 -10096 -11099 11435 32767
-32768 11324 -26348 -23453 7772 16887
-32768 6700 -13388 7599 3444 -16147
-32768 32767 32767 32767 -10400 -32768
-2792 17676 -5504 13507 1420 -17905
5512 27596 -9944 1657 -4300 -698
7576 32284 13856 13577 -15993 -10613
3936 6128 -6460 -2555 -15322 -17377
-552 9096 -10720 13598 -1523 -25556
14244 20752 -248 -3467 -3486 -20554
7240 17676 -1948 1783 -10437 -24449
7460 32767 -21924 14340 -7957 -7085
-17956 14812 -15060 -13176 -7072 31829
-900 17360 -8012 -9372 283 32767
-656 26880 -4136 -1751 8537 32767
-4336 28260 3484 739 13866 32767
-32768 2196 -18084 -5549 13930 18812
-29900 7756 -20672 10413 13785 -17736
-13348 32767 32767 -23328 13542 -32768
-4032 20728 -1708 11976 69 -17416
1832 25864 -2368 -1093 -3496 -9155
4468 25936 7928 25690 -9118 -5742
2420 32556 -3532 -2517 -22350 -13136
-1848 13016 -6756 1941 -4072 -20959
8748 19600 2272 6590 841 -21713
8432 19976 -3296 9536 -922 -26016
4500 32767 -22916 -5009 -9354 -8236
-636 9432 -4092 -11590 -4884 23102
3256 16704 4972 -16422 7021 32767
2076 25336 888 -22181 6652 32767
-31144 32767 -13392 -15410 29613 32767
-32768 696 -25176 -11597 19541 182
-32768 32767 -32768 32767 -8011 32767
-8164 24496 22276 7721 912 -11302
-5308 19808 -12724 -208 -387 -10210
4144 27716 6848 4343 -2654 -8332
12532 22176 2852 3733 2362 -19190
3452 16888 -2292 -5445 12903 -18598
4620 14992 3628 -3893 31038 -27419
10220 10096 5428 1620 6942 -10767
14304 27168 -15364 -13105 2724 -7472
4740 21896 -15832 -21521 -2294 18819
1152 20588 -15392 -17249 7090 32767
5804 22100 -9752 -8290 7479 32767
-18880 28928 -21652 -5030 22043 32767
-32768 1100 -9624 -1029 23402 13385
-31936 7984 -5480 16978 25829 -15419
27884 15408 32767 32767 -32768 -23224
1868 17964 -884 8503 -4610 -10332
6276 29540 -72 -1482 2827 -3603
11628 31696 17084 18085 -14814 -15392
-3988 23992 -4592 7379 -15448 -17908
-632 844 -7796 -1541 5332 -26808
14896 19936 -244 15000 -1007 -21792
5536 25344 -2896 5404 1324 -21437
9264 20456 -11576 -8020 6477 -10907
-1320 11436 -7848 -20145 -933 28981
-6000 20600 -10200 -23029 2116 32767
-4940 18704 -10232 -15881 -988 32767
-26164 27396 -20472 -5374 1341 32767
-32768 10676 -25096 424 1827 6469
-13832 5088 -6840 11625 4018 -18192
-22592 -9176 -32768 -3823 32767 -32768
-2012 19976 -9076 17166 -5453 -11439
10044 32767 -8756 50 -4788 -5246
16520 16020 14424 20165 -6812 -20793
-11824 9196 -11460 8171 -4803 -22517
4104 4888 -4280 3066 8350 -20429
12692 14436 2932 13400 2329 -24148
4820 20160 -484 9126 -2777 -16692
10584 20516 -5608 -4375 -8390 -1412
-2016 7856 -2524 -16069 -6067 32767
-512 22812 -6548 -19071 1383 32767
-524 23920 504 -14318 -2203 32767
-24136 31196 -17680 -10539 6318 32767
-32768 11100 -21720 -6418 10975 1396
-32768 32767 -32768 -8240 12255 -32768
-20896 25408 -3568 876 8197 -23989
-5380 23372 -8540 11869 -2500 -12599
7248 23076 788 24015 -5113 -14042
204 32767 -7704 6645 -21807 -10925
-8568 13976 -12748 7149 -2434 -17999
4596 12484 3024 5256 4184 -19581
14380 20676 688 11433 636 -31878
8024 28952 -8016 8294 741 -20025
3468 23324 -15788 -8271 512 -10058
-4516 944 -8404 -20066 12246 32767
-12112 15324 -8156 -25906 -6813 32767
3924 13644 -4824 -12991 1418 32767
-32768 21656 -12360 -10900 -2323 32767
-29728 18388 -24724 -3907 6433 14384
-18728 4148 -8360 3048 -408 -17138
12684 -32768 18424 32767 -32768 -32768
-1608 23608 -7404 21456 1083 -15001
-968 32767 -3024 -4726 -7009 -9016
7320 19764 -11328 21785 -12474 -18775
-352 27512 -5472 -4612 -15318 -14850
-332 16680 -12044 795 -9299 -19822
13688 20892 -188 9136 5189 -25332
4168 24440 -2224 10159 -1430 -26803
11500 31204 -12664 1206 -7754 -6360
-5708 13584 -3848 -15599 -3921 32767
3232 20748 -3060 -21886 1709 32767
-7168 27552 -2388 -21142 -3257 32767
-22200 31888 -6480 -11766 2550 32767
-32768 14556 -22372 -16481 17599 10772
-21568 9156 -23268 15880 23671 -17072
-32768 32767 32767 29389 -16667 -32768
-6960 12980 5748 18999 -1644 -15849
2976 26420 -11604 3782 -2711 -5853
19068 23144 19564 15656 -13317 -8883
-9964 2892 -19256 10375 -3739 -22882
2100 5028 -4696 1777 11588 -22916
14536 16080 9420 17488 12336 -30604
5312 21976 -928 8944 767 -16349
7320 27788 -15756 -1554 -11337 -1281
3468 12972 -9560 -25889 -4041 32767
-3324 21308 -8008 -22337 4150 32767
-572 20736 -4140 -16022 -4727 32767
-29176 32767 -15132 -16648 -1920 32767
-32768 6264 -15320 -9990 7076 -1587
-19936 8528 -8692 10613 11495 -23627
15092 -28308 -32768 12280 22307 -32768
2696 22184 -11828 17100 4347 -15034
3660 32767 -5792 175 -9584 -3103
14144 27280 15152 9424 -15867 -11833
-13688 29372 -25080 6338 -3280 -20062
2264 812 -9796 5952 3331 -21992
16804 14456 4472 17526 3561 -26833
5840 27164 676 12843 -8185 -23481
9296 32767 -19736 -6079 -18809 -2412
2844 12700 -8500 -15513 -5456 32767
1060 20028 1088 -13429 6494 32767
-9152 30684 -5076 -17714 4345 32767
-32768 32767 -21780 -26885 14795 32767
-32768 5620 -24456 5550 14100 -221
-7076 18892 5992 4397 9098 -23026
-24908 -32768 21292 -9548 -13106 -20392
-8196 28920 10004 8124 884 -12860
21384 32767 -11932 14676 -14013 -1237
4428 32372 -1668 -7444 -26473 -12738
-3700 14536 -17044 1877 -5364 -23358
10380 14632 4324 8746 -12045 -23521
11280 19448 -3760 10047 -14960 -30024
12628 30076 -11652 14350 -1501 -19824
1020 19128 -7692 -10437 3868 16953
6512 15504 -2332 -11646 6999 32767
1436 28112 -752 -11182 6841 32767
-13360 32767 -4908 -9543 14837 32767
-32768 16200 -28472 -16115 5147 12908
-16300 9412 -6040 13547 15037 -13185
-2192 -32768 -32768 -10602 -8937 -17793
-3012 26852 -4456 7675 3092 -11958
16124 24144 -12700 13204 -17062 -9063
-3016 24556 -13788 5999 -30777 -17420
-14652 16896 -11976 5046 -13437 -26427
9720 19272 -7388 7184 -19989 -31251
13980 20792 -4408 8855 -3433 -27570
15608 32767 -3440 9035 1308 -19469
-8576 12272 844 13380 3067 5990
-14380 9224 6984 10753 -20022 32767
-2432 15272 8292 11525 -28336 32767
-1700 23204 18060 13742 -30667 32767
-8560 29948 12260 1133 3023 32767
-32768 17320 -14372 -3028 19964 11071
-10584 -2492 -4796 1962 9639 -10504
-32768 -7944 -31020 6834 24068 -32768
1644 20356 -13112 6072 -3069 -14024
7860 28372 -15356 -2746 -12532 -1604
14152 18488 3728 32767 -14697 -15886
-5708 12768 -13816 -3516 -27510 -18735
9008 6828 -7096 6306 -5675 -28285
16408 17988 1300 9199 3331 -26957
5920 20824 -7540 8737 -782 -20758
5372 23300 -12064 -4582 40 1003
-6712 6500 -3076 -21754 -4808 32767
-280 16252 -3352 -13352 -2351 32767
-3876 16924 -5456 -15815 241 32767
-22448 27572 -17236 -13052 -3949 32767
-32768 21032 -24276 -6825 6029 4892
-11568 1224 -2832 4605 5326 -18091
-32768 26016 -32768 -467 23694 -32768
-8976 19448 -2944 9094 2770 -21970
2084 32767 -2900 -2404 -14915 -7021
18280 12976 12724 15102 -4302 -19102
-15052 21528 -15408 7436 -8178 -19767
1100 14952 11712 120 21430 -25633
7724 24100 -832 13566 9406 -31484
6640 26028 288 282 -8714 -8720
6580 25288 -15016 -8402 -13211 6146
-8696 8368 -5064 -18213 3612 32767
-3208 25284 -9484 -16935 2091 32767
-6112 32767 -6208 -16535 3591 32767
-32572 32767 -31828 -19289 17711 29368
-32768 5692 -22784 5416 14423 -6292
-28908 32767 -32768 28049 -3722 -27939
-2656 29520 -12732 -2029 -1502 -18114
-512 21740 -12560 6031 -1183 -6109
17760 30324 -2496 32767 -12746 -12106
-14236 21628 -10120 13418 -26694 -24118
2668 8840 -10660 -4709 4919 -30471
13844 22700 3248 24341 19392 -31894
5752 26128 -7088 15412 -11019 -30394
10316 32767 -15876 13743 -18233 -6886
-2712 9212 -4800 -17197 1717 32767
4328 18948 -4016 -20281 301 32767
-856 29832 -6132 -18826 -4616 32767
-32768 28256 -4888 -9901 -1815 32767
-32768 11712 -18896 -21265 9849 -274
-22708 10808 -12560 8774 10032 -19475
32767 -30100 32767 32767 -32768 -32768
-4276 18292 1948 9123 2910 -23766
1784 32767 1848 -28 -8398 -11876
13872 32767 9592 10484 -5869 -20248
-16276 16424 -18332 4692 -10125 -17365
5852 1952 -11636 4227 18004 -19484
9352 24356 5932 20421 4731 -30880
7368 23324 -3880 12985 -16637 -30313
7752 32767 -16984 8868 -7907 -7658
-15380 11220 -12628 -30151 6706 32767
-2944 25908 -10972 -18400 7591 32767
-2732 32767 -8716 -22404 3958 32767
-26532 32767 -15020 -8815 10340 32767
-32768 5432 -14380 -11093 8212 1153
-16760 13168 -13564 18507 6278 -26787
-19040 -14240 -13516 32767 31459 -32768
108 18536 -18140 11730 2379 -11999
12448 32767 -3592 -2141 -5798 -2401
10372 28176 26740 9960 -22189 -15594
-5164 23848 -20688 5107 -4385 -15129
-7932 16376 7372 5591 8631 -25986
18760 27292 3420 19788 1609 -32768
3876 30656 -5888 7773 -14256 -28788
13576 24132 -14968 6431 -7568 -1498
-4972 5524 -7004 -22656 725 32767
1004 20124 -2100 -19711 1671 32767
-7796 31908 -4684 -19599 -2251 32767
-32768 32767 -19260 -11801 19348 32767
-32768 6996 -27352 -1331 15563 -11256
2200 10972 16124 7135 -1619 -28325
-22952 -32768 -3720 -3079 5143 -5839
-5868 29568 4760 7927 1491 -11530
18808 32767 -2016 18916 -17576 -3298
-8460 18840 -9424 4685 -24851 -21003
744 12996 -8480 7814 1406 -32768
13880 19660 5932 7013 7399 -30015
11800 18608 468 12895 -9784 -30839
5440 25896 -7360 9538 -14750 -13611
5680 20296 -17804 -4802 3235 19800
6792 4876 -4392 -21689 8041 32767
-436 24884 -3212 -19678 343 32767
-3532 32767 -4468 -10684 3364 32767
-32768 32767 -32768 -26113 24955 27224
-32768 8028 -30456 12023 20872 -16547
-21848 -28396 32767 32767 -14499 -32768
-7172 20972 -8076 12929 15815 -17217
1404 26664 -7024 6143 -1434 -6732
11044 29992 6664 22672 -27132 -3988
-12132 14788 -10920 6325 -11473 -14351
-2352 11648 -6892 -1615 -7575 -27572
12872 17332 2384 10523 -516 -22081
7552 20764 -3528 20462 -9401 -32768
9084 32767 -18000 9146 -11680 -7338
-7504 18284 -8148 -20330 1075 30917
5328 16156 712 -23227 6545 32767
-4212 29812 -6540 -24530 3799 32767
-13628 32767 -13544 -12305 9347 32767
-32768 15036 -27272 -16221 21950 16356
-15716 5572 -4320 15672 15808 -30777
-25456 -32768 -32768 -10164 14550 -32505
-1960 26544 -12280 8205 -17554 -20426
18364 32767 -9148 5209 -2579 -2602
15724 31452 -324 7104 -13315 -21531
-9836 25824 -16888 -70 -9211 -20067
-12864 14044 -7148 11888 -5522 -27275
7640 19804 -744 8417 -11562 -23042
7932 15460 -5456 17685 -14540 -28682
14588 32767 -8640 14585 4274 -20525
-8056 6076 -14848 -32768 22206 13087
-20140 4680 -21636 -31056 19074 32767
-14756 14148 -12044 -26118 -12144 32767
-18272 16072 -15064 -10804 20962 32767
-14092 21912 -18360 -9727 8946 28818
-20052 19540 -16168 -1908 10543 17205
-20768 13084 -23380 4602 574 -6689
-28724 32767 11752 4522 5930 -32768
892 17128 -3712 8356 2202 -1782
5460 15036 -5932 1014 -1231 3756
2340 17096 -1204 693 -1740 3746
8936 14400 -8484 2914 -785 -192
5092 16728 -4124 1030 130 -241
4292 16196 -4248 541 775 -865
5092 15704 -4948 1008 320 -679
5592 15512 -5256 342 -195 -243
5184 16216 -5004 10 56 -794
4964 15572 -4436 -916 -1264 -812
4640 15684 -4376 649 -213 -564
4684 16044 -5036 793 578 -395
4840 15972 -5220 444 338 -811
4388 16004 -4976 -49 140 -1331
3932 16208 -4164 -286 -176 -1396
3956 15788 -4292 282 -271 -1693
3748 15988 -4800 95 -556 -914
3936 15900 -4812 -250 -689 -417
4040 15856 -4688 -717 -368 -591
3324 16060 -4240 -444 -338 -269
3760 16008 -4368 -78 -161 78
3916 15996 -4560 -254 -2 -271
3496 16084 -4164 -119 135 -112
3684 16092 -4356 -227 127 -60
3588 16112 -4420 -281 166 0
3576 16016 -4044 -490 297 -312
3272 16216 -3300 360 233 -16
3376 16200 -4260 771 88 336
3696 16152 -4448 336 51 545
3624 16204 -4244 102 -11 388
3572 16088 -3964 283 -259 442
3800 16048 -4480 121 -83 278
3564 16196 -3940 80 -98 225
3728 16076 -4208 198 -85 316
3848 16060 -4104 79 -80 240
3724 16120 -3924 86 -240 327
3788 16104 -4100 44 -196 323
3672 16072 -4000 15 -199 571
3840 15936 -3884 305 -540 1123
4080 15952 -4188 330 -170 845
4072 15904 -4116 297 -72 208
3896 16024 -4020 309 47 111
3992 16064 -3912 457 196 165
3936 15892 -4068 1000 620 -117
4236 16048 -4628 678 404 -364
3688 16084 -4404 364 -88 -372
3716 15976 -4248 196 -350 104
3848 16128 -4012 344 -247 137
3984 16016 -4264 347 -373 289
