14762208 14745602 -1217238480 5 1123076 1348938
0 14745602 -1217238480 5 1123076 1348938
5824 15236 -7200 473 -137 278
5984 14944 -7044 232 -5 354
6076 15204 -7708 3 618 409
5904 14952 -7464 444 394 279
6280 14684 -7280 504 547 436
5920 14476 -6836 449 794 198
6048 15788 -7320 2014 197 180
5468 14088 -7096 -1357 556 198
6072 15728 -6864 3845 -713 446
5748 14260 -6348 892 -291 519
6812 17280 -8816 -588 395 -121
5696 15504 -7476 3812 -1424 616
6632 14552 -9308 -935 77 1297
7248 14232 -8724 2716 403 1110
5216 14772 -8076 3357 68 376
5852 13536 -8036 890 -396 391
6244 15336 -7936 3382 -287 366
6184 14904 -9008 -824 -468 360
6336 14340 -8376 -59 -73 -21
5792 14572 -8440 -143 -483 -60
6264 13872 -8380 30 -379 -6
6516 14664 -8856 115 -325 151
6772 14676 -8660 353 -165 299
6048 13940 -8516 7 222 -22
6348 14440 -8216 568 244 -25
5972 15444 -8756 1147 12 -48
6564 14428 -8572 -563 91 38
6368 14452 -8516 656 204 -34
6092 14456 -8288 -303 155 -27
6108 14204 -8392 587 -38 -43
6232 14656 -8100 446 -196 -179
6284 14648 -8192 292 -194 -115
6344 14240 -8100 178 61 -146
5944 15164 -8604 508 224 -126
6516 14828 -8624 1708 -275 40
5620 15060 -8676 533 311 25
6260 14844 -8516 167 -95 105
5540 14584 -8628 1203 -72 173
5780 14196 -8312 1345 -607 216
5632 13664 -7768 550 25 291
5092 14100 -7656 960 157 -51
4556 13468 -6932 1815 -649 -771
6016 17120 -8068 3417 -499 280
5256 14680 -6892 -2764 -453 457
4788 13768 -9560 3237 -1430 401
7832 12272 -8084 -175 -515 1866
-132 14928 -8024 2820 1831 1844
3988 21684 -9124 -4476 -661 -1098
7212 11000 -6968 3566 -3731 -312
6348 32767 -16660 20996 3890 -3546
3824 26708 -7148 -4206 6290 -4238
1836 620 17232 -24602 15652 1282
-2312 -1172 -5556 -16199 5496 3882
2484 -860 -4588 -4756 -4464 -3464
6708 3480 -12556 8117 -8241 -6376
13028 16944 -17336 32767 -213 5190
16388 32767 -32768 -7550 7784 9370
13440 22956 -6412 -12192 7519 9101
4088 10516 -6368 -16016 6503 -868
-1952 -10520 -4428 -1092 8835 -399
4540 -1660 -6388 -6489 -4148 -7039
9232 348 -4984 400 7263 1667
9512 20456 -27096 18001 -6321 11656
19172 26740 -12580 12986 -1081 -6117
3608 32767 -14940 4680 -3430 -5130
8556 19272 -13780 -17709 -2484 -9432
-2292 5488 4568 -13370 -5959 4706
2608 -4324 116 -14748 4171 1991
-516 1820 -7348 -7460 -3220 -3347
-356 336 -6272 -12322 2356 -11284
9140 7864 -29888 32767 -29027 -14128
5500 32767 -6548 32767 4505 3064
18628 32767 2356 -21549 2367 10817
9364 11644 -5428 -9120 13677 3431
-5344 2784 -7328 -22445 7852 -1642
3280 -13492 692 -5838 4897 -4867
4596 -436 -5940 -5510 -202 -5489
8640 -1220 -4716 2816 4167 6667
3880 32767 -17204 32767 11473 21463
28816 30240 -3272 17112 1772 -9025
6880 32767 -11184 12240 -5832 -6783
11484 7056 -7420 -12783 -1530 -9210
3276 -4796 16 -32768 -9110 5192
1936 100 -9804 -163 11868 2451
-1168 2620 -5328 -911 1967 -803
888 -780 -8128 19240 -915 -10355
30944 32767 -32768 32767 16998 -6409
-8408 5860 -31804 -32768 17199 18022
20988 21248 -9616 -22102 5643 13419
-4040 5944 -2080 -13524 13986 553
-444 -644 -3128 -32768 -1584 -3354
-924 1184 -7264 -11245 380 -4761
6804 -2184 -4892 8163 5360 2906
25072 21284 -25816 10162 -26578 11218
11540 23048 -21256 20150 -3929 -8256
14408 32767 -9084 2950 -5509 -3413
2792 8740 -32768 -3278 -2497 -13112
6880 2392 -1156 -26697 -12699 -1161
3992 284 -5588 -12924 7146 5043
-752 216 -3172 2029 4624 -3889
1864 2328 -5440 1207 2986 -10262
6820 20268 -32768 32767 -32768 -22855
19636 32767 -23588 -15728 4597 3328
17564 32767 -2628 -25234 254 12380
1828 9456 -4844 -17559 17413 -2161
-6884 -9040 -5412 -32768 921 -2320
1840 2444 -8656 16423 -6076 -6120
8508 1728 -5620 11601 15571 3338
20540 10780 -23212 2658 -32768 14383
4996 32767 -21752 10419 -6545 -6335
16584 32767 -5436 16881 -8508 -2140
-11872 24632 3324 -32768 -937 -9778
8052 -944 -676 -28739 -3361 -869
2112 -2908 -7052 -15747 4583 4790
664 396 -3844 4718 4336 -1302
-200 1304 -3932 -1147 3795 -7204
2408 16628 -32768 32767 -32768 -32768
15020 32767 -13608 -27115 -2344 8919
20916 32767 1584 -32768 -766 15857
3016 9512 -6780 -14853 17651 2875
-3348 -1788 -3620 -21278 -2385 -2115
2292 5556 -6196 -1077 -4525 -5529
4744 -1520 -5124 3772 4099 -1535
10036 3512 -11776 520 -7988 -1698
32767 32767 -22724 29019 24424 -3907
16920 32767 -1652 7732 -11726 -5666
2256 17208 -4148 -20446 -274 -7891
6436 -5936 3268 -21880 -2829 892
-1644 -1940 -10276 -27027 4367 7814
-548 -1184 -4860 15702 -2990 -3066
18736 12644 -26192 32767 -32768 -23299
19684 32767 -1612 -2586 -75 6539
9996 26620 -7568 -15193 1816 10027
8372 11856 -3600 -10970 20196 764
-3656 4104 -5040 -32768 8162 -6135
-2784 -732 -10228 3314 1931 -6683
3964 2112 -3012 10350 9884 -4624
32767 18552 -31324 3234 -31483 16435
11836 32767 9768 18074 -1016 -9663
17868 30796 -3948 -3648 1082 1424
6312 6600 -32768 30949 3107 -5016
6704 2072 1624 -29266 1385 -300
52 -2764 -6164 -25351 7001 3406
2188 828 -8064 11648 1483 -1463
-700 -1620 -6312 -11867 4250 -2472
3812 19556 -32768 32767 -32768 -29189
10912 32767 2272 -19301 -5665 11956
18100 32767 5380 -20176 4042 15577
3432 11276 -4372 -13270 16529 3007
720 2152 -3968 -24227 939 -6573
1244 980 -7352 -16947 952 -5488
2760 1772 -7956 10446 5369 448
16756 5316 -10312 -3681 -6737 -3737
14200 32767 -8068 -10015 20124 4478
26328 30916 4564 10079 -9105 -4279
4692 31940 -6568 2469 -7899 -7487
8676 3488 5540 -13024 -8588 304
40 -3664 -4124 -13470 10305 3355
5616 -1008 -6464 4027 1111 646
-1504 -148 -5156 -5211 4640 -2618
10496 23164 -32768 32767 -32768 -31826
-6272 32767 21940 -944 24863 21439
10564 32767 -17412 17167 1444 13927
9100 18188 -7332 -8644 15093 3934
384 928 -6312 -26598 7379 -10245
-688 -5504 -6200 678 2838 -4441
2968 4816 -5268 8954 2429 -875
3664 -500 -4612 -4104 -1257 1160
-2140 32767 -20292 21153 -17534 32767
32368 19396 -20948 15515 7557 -13981
12276 28156 1688 13040 -11980 -6680
2860 6604 -9876 -21511 -12461 -7604
2728 6328 864 -20232 594 1387
2128 -3116 -3900 -1429 -5805 -167
2176 2132 -144 782 3613 219
-20 24304 -27108 10399 -32768 -3193
-404 32767 27264 -28676 31732 22304
11652 28408 -20612 3582 3417 8903
8672 15968 -6324 -9869 5899 6652
4324 1268 -5472 -11488 12646 -7783
3500 396 116 7621 -2945 11061
-1264 -2028 -5628 -4952 -7385 -3880
3444 2288 -4856 -14562 -9166 3491
14352 32767 -9448 31153 -31803 19676
5760 15052 -28224 4016 6621 -4770
19392 32767 14328 13409 -25536 -4051
6052 -9880 -32768 15196 -4498 -17053
1604 104 -3568 -23219 -7390 4471
3276 -2060 -5176 -16094 -7621 1863
2632 -236 -3632 -2667 -2152 1196
-1148 10236 -9184 7447 -20655 -11630
32008 31716 -32768 32767 7728 1353
6392 23028 -26528 -32768 5505 6532
20928 17776 1272 21573 -338 6800
-1816 5360 -5332 -14504 -251 5478
1596 -92 -1668 -17375 -4079 -6165
-492 2292 9364 8067 -10852 -3133
5288 -640 -4528 -11392 -13146 -1725
21504 13800 -28344 -4485 -32768 4813
21408 32767 17780 3601 -13904 -5781
15952 27028 -6032 -17899 -4400 -5204
8188 14492 -9124 -5863 235 -6915
-5356 -6100 400 -19769 1780 -3117
936 944 -368 11043 -6171 -858
2004 1532 -1016 -596 -333 3442
9336 18396 -20656 13521 -29864 6116
32767 32767 -720 23838 32767 11597
14252 30216 -8420 3451 8815 9022
2140 11072 -7684 -14585 6576 3055
3396 -7292 -2120 -11713 3543 -5622
-1316 1236 -2212 8228 -824 -3040
-1016 84 -3408 553 -2797 -1878
32767 7924 -29544 -10171 -11582 -5365
-1796 14048 -7872 -23243 32521 -2151
18324 30876 -5588 29575 -13454 1902
12764 31364 -9584 -1759 -7477 -9618
1504 -4100 -32768 5064 -4902 -3006
900 -1044 -2984 -12090 4152 2969
2088 968 -4888 -7575 5851 2139
-2096 160 -6064 -3267 1823 -5310
13304 20652 -25140 16423 -32768 -13220
30840 32767 -8468 32767 32767 11973
16224 28816 -17180 -7771 2664 14526
9472 18680 -7116 -11682 9747 7228
-496 -528 -5116 -17822 3784 -4078
3732 2484 -3840 -2150 830 -2419
5384 736 -7332 -2026 -2154 -4367
10756 3700 -8556 -11726 1149 3312
812 32767 -9060 -8159 5002 26417
25772 29152 -3928 22219 -933 -4702
7536 32767 -5076 14580 -7913 -5220
9228 9264 8136 -14794 -3922 -6626
-216 -1924 -4812 -24957 6076 3108
1660 904 -5296 -10841 6388 1297
32 808 -6488 -2786 5662 -7092
11428 18812 -26848 32767 -32768 -24457
32767 32767 -17988 32767 32767 19150
18416 25204 -21620 -20434 3266 9229
13764 16956 -5320 -4110 14303 4036
-3684 1736 -6016 -16945 7283 -4839
-2084 36 -3552 -3871 908 -5928
1796 1668 -4088 5492 -1409 -3089
8696 3008 -8372 -9217 -2514 733
10656 32767 -8156 18395 4711 26977
32767 18884 -4392 12437 3338 -8293
7472 27596 -2100 12318 -7519 -6237
12672 2092 -9560 -10474 325 -10819
3028 2500 -2068 -9588 5803 5081
2460 3396 -4668 -4704 7120 2372
-384 -984 -5112 -3323 3541 -4278
4548 12336 -12432 -13678 -23946 -17915
31548 25912 -32768 32767 30315 -2482
8236 32767 -21836 7819 2289 5629
21424 28436 -6048 -3121 13784 5884
-1032 5892 -3144 -22357 18491 -7
5044 -8848 2072 -11503 10853 -874
-2708 -2900 -6888 -5575 -4411 -5212
4556 1292 -6632 -3784 9999 491
32767 16416 -31956 -5898 -23662 9817
-5236 30604 -10804 19688 -9623 -7127
17760 32767 -8864 4191 -5295 4069
6672 21424 -16096 980 -290 -6517
9312 1712 1120 -22010 -5275 -2144
-1804 -2204 -5472 -22588 9087 2292
3876 1624 -6292 6831 4167 -2967
-3348 192 -6852 5123 10793 -2997
20444 23300 -32304 32767 -31735 -26281
8460 32767 -2184 -22042 -8636 26509
18904 32767 -13096 -4447 -7394 15898
8804 9296 -7236 -20174 17977 7923
-4328 -3456 132 -13165 6788 1750
-1456 -4444 -5500 2544 -408 -4367
3260 3968 -3828 2482 -1159 -4610
7148 1424 -7244 -7680 3419 2127
2248 32767 -1708 -22482 8595 16781
32767 24204 -11344 16213 609 -7015
10836 32767 -3712 16238 -10321 -6578
6788 9824 -6404 -20650 -1277 -16018
92 5244 10112 15781 -2864 6295
1776 2308 -5904 -1921 5342 1448
-376 420 -5844 -4472 -476 -4032
2476 7192 -10228 -469 -8017 -9156
21528 32767 -32768 23038 19459 -19325
9700 31464 1312 -6451 -9519 17366
28632 28652 2912 -10093 13370 11163
-1072 15216 -4888 -32768 17684 3795
1220 -3696 6044 -25027 12306 7494
-4588 -3624 -7312 3249 -961 -3294
4332 4712 -2808 2783 -7217 -3798
16060 12056 -18872 -6477 -9382 906
3860 32767 6016 32767 -6283 992
25824 26716 -1032 968 -252 -1583
9912 32240 -1864 -8177 -7497 -6308
7684 4224 13104 -15250 1348 -1482
2200 -4816 -2804 -30244 8059 6998
2784 -152 -6396 2995 874 1234
664 364 -5512 466 3361 -4662
932 4700 -5112 7298 -3142 -9341
18604 32767 -32768 32767 8259 -29477
4000 31368 -16528 2280 -7929 4713
24912 29700 3664 -3184 4421 11063
872 -108 -7716 -5118 17720 1836
7508 -6988 5044 -190 3173 -717
-344 -2604 -3380 -4799 82 -4801
3012 2608 -1812 -8760 800 -3174
23544 4840 -20024 -1171 -3615 -14868
-636 -12344 -25372 9928 22487 -17538
14280 23064 -1032 32767 -14363 -3991
9768 23440 -3420 2674 698 -10066
10864 2112 -30040 27966 13305 -3872
-1336 3048 -1992 -10659 11491 -775
696 -2176 -4104 -4381 6293 -6189
-364 388 -5144 858 3627 -8275
10668 21728 -27932 26952 -32768 -11524
-756 32767 17720 -32768 14741 7297
9016 32120 -16564 10386 8295 8539
16920 19472 -5920 -5945 20983 -684
3372 2996 -932 -32768 24977 -6379
-2392 -6916 -8016 -1624 19500 -4488
-428 -3496 -7068 10999 8003 -6335
4116 6796 -64 2373 2671 -1074
18632 32767 -32112 32767 -32768 26216
29648 17252 -10456 9082 22464 -4378
16488 32767 -5888 32469 -801 -2872
9964 20516 -23504 15003 17526 -10888
9036 -3644 -1788 -23186 7713 -1745
-848 1996 -4576 -3834 19467 -1232
-1908 500 -5348 9758 6255 -8881
2812 -2972 -7088 10521 7679 -11591
18352 32767 -32768 32767 -430 2904
16096 24212 -17752 -2343 3417 6303
21804 14996 -3572 -1495 15527 7376
-784 9224 -1960 -18635 22979 1850
-2752 -5632 -5528 -11509 14136 -8355
1092 -2044 -7468 16370 -1184 -8691
17984 4736 -15364 4194 4752 11771
2696 29880 -9844 -842 13537 13391
28252 22016 7356 16413 -14516 -1495
4868 32767 -10600 -12393 -8045 -3800
12444 15884 -9072 -27501 -3379 -7185
6320 -4788 -1868 -31445 -1582 3937
2676 3564 -8260 28404 8728 -6701
-2824 2796 -1944 -2870 7863 -2586
11004 20900 -31832 32767 -32768 -6388
32767 32767 -1624 17444 32767 11836
12284 31056 -27244 12553 12281 7950
5616 13620 -6540 -10812 18839 3289
-6848 -5436 -4504 -5298 20514 -6065
-5540 -3872 -9792 12487 4645 -6699
3524 4432 -5208 12939 -2883 -400
25736 5492 -20140 -2460 -13244 -1852
12472 32767 -14128 -28450 20107 3305
20636 32767 -5000 32767 -17347 -703
7156 28640 -9708 -5402 -5951 -6828
876 -10636 26740 -7981 56 3584
1088 -1956 -4224 -16282 6256 2071
3828 -692 -5004 4211 230 -2241
336 -136 -6860 2673 6556 -5991
12200 24316 -32768 25210 -32768 -18154
3780 32767 624 -9102 -2054 26620
18684 32744 -8248 1208 3872 11675
13428 6184 -3256 -32768 23918 1185
-6900 -3352 -4988 -11811 16940 -3758
-4420 -6284 -7240 14513 8402 3852
1996 3484 -992 -2577 -8474 -6617
32767 8356 -32768 -5273 -32768 6745
-2996 11660 -6312 -10095 24791 -8011
25396 32767 -4208 4859 -16426 -384
7296 16300 -6356 -1031 -1928 -7071
680 -2404 32767 -18385 14313 7212
3328 1768 -6688 -8195 8663 -919
-2464 484 -6268 -10154 3252 -5082
5240 4720 -9856 -752 -12443 -13094
29280 32232 -32768 32767 19884 -7003
9076 25276 -22176 6140 1696 5299
23872 21676 -544 -19678 14718 9513
-8760 -2716 -2892 -12130 20621 1298
1092 -4720 -7872 3199 14569 -5325
1216 368 -5100 2926 -1613 -3115
3056 3900 -1676 -302 -5433 1976
-720 32767 -32364 12607 -10107 31204
22224 -688 -7192 32767 2619 -7735
3572 27208 -2428 18 2222 -675
4108 2276 -3468 -6083 3791 -8105
2468 4876 3540 -4086 -2826 -2760
112 7652 -13220 -16525 11787 -2192
14468 -2784 -8784 17638 -17917 8639
21088 25648 -15360 -22466 10181 910
6228 14616 -2424 7461 1760 -3725
-2564 -2496 -216 -21133 5697 -3453
14728 5096 -6768 14610 -5143 -11519
324 5336 -3708 1026 -1344 2474
-15208 32767 -14520 4145 -29649 32767
21416 23420 -24112 16849 -1147 -6488
21040 32767 13792 22273 -13818 -2155
7320 22580 -1748 -9971 -1345 -13307
3852 -1792 8072 974 -11138 1242
-4188 -940 -5260 2530 8886 2821
1752 2804 -5220 -704 -3102 -2477
2288 224 -3964 -10948 2683 -4042
7780 15492 -20052 24092 -32768 -20769
32767 32767 -32768 32767 32767 17459
11912 21468 -18848 15054 1530 13181
21696 15772 -1280 -17103 11379 8882
-2732 2156 -4228 -32768 12766 -9574
-3632 -5360 -7452 14140 9867 -13031
84 -1616 -11364 23416 11958 2613
16604 3248 -10028 1884 -2511 -15478
9572 32767 -8328 -32768 -155 14660
24736 20028 -19284 -4860 -22020 9529
5936 30808 -15196 10869 -2461 -374
8124 9052 -5368 -17336 -2380 -10479
5676 -2620 3156 -1168 -3119 3079
3616 1508 -4244 -2410 2922 1944
44 -288 -4976 1146 1870 -6274
-1532 15196 -15548 11103 -23567 -13122
32767 32767 -31608 8488 32767 4616
7460 26996 -18040 30396 -4570 5372
16200 21048 2808 -18248 10044 7024
3172 4004 -3408 -32768 24686 -3410
-340 -2380 -2880 -3420 11389 3474
-828 1304 -3824 1763 -4958 -1876
5268 1720 -4964 -6387 -15150 -3449
6708 24760 -29812 15689 -24058 32767
17088 18508 -27768 401 -16596 -16105
16144 32767 -8896 3282 -8145 1344
2144 14324 -3996 -12928 -1273 -6253
6796 -16808 24100 -7223 -1087 7281
2400 -784 -6308 -17553 9001 6194
1788 -156 -4344 4648 3700 -2454
2768 20276 -23352 32767 -32768 -14763
32036 31016 -20740 11425 32767 12194
13032 26260 -22876 9557 -6330 8492
16672 16860 -2276 -20383 5018 9954
-5836 -1264 -8684 19343 829 3617
-3088 5660 -5576 -12005 -2543 1055
848 -9352 -3652 5892 -4119 -3745
4936 4508 -592 -9931 -11412 6855
-16256 32767 -32768 -25248 10110 32767
25908 22560 -23340 24417 -8641 -14747
23028 32767 8288 7741 -23583 -5727
8100 16856 -3476 -32768 -3540 -10219
4392 17516 -1300 -32768 -5622 2798
2008 -2180 -4804 -23673 -5876 -1693
308 120 -6036 -3839 -4513 -2390
1956 6812 -8716 -9207 -5045 -8912
18204 22856 -32768 32767 -25496 -8227
10976 32767 16316 -9441 -24341 9160
17132 29908 -9788 -1473 196 15209
9756 15432 -8028 -9818 5674 4266
-2604 1072 -8212 -4882 -3692 -3526
-204 -848 -3492 5291 -2581 -619
-700 -372 -1968 2436 -4859 -2561
25600 8720 -18848 -12683 -9256 -6031
988 30992 -12824 -12214 -6722 -13011
22620 18224 -13656 3871 -9210 -457
10984 32767 -4708 14084 -16006 -4896
8296 15676 -7960 -10958 -2824 -12915
5728 9316 -2048 -8048 4106 5098
1304 3644 -6568 -3237 10759 2107
1588 -2268 -6144 -1961 -7083 -6252
9524 3896 -12904 7124 -5401 -11743
15428 19688 -21624 -1089 10715 -1027
17704 32767 -19356 445 -2866 446
20996 28272 -2420 10376 3491 11232
5252 9060 -4396 -4972 14458 2366
-1072 160 -4692 1515 4364 -7360
-792 968 -8128 1647 -4874 -4776
4568 196 -2632 -10730 4269 -803
15600 9716 -21060 -2058 -4979 -644
16976 32767 -6880 4682 9304 5060
15796 32767 -14748 9317 -917 1821
8492 26940 -9188 -3720 -10129 -7973
7112 -5556 18292 -10124 -3441 989
1924 -5924 -2552 -28423 5850 3726
2032 -704 -6696 6687 4285 -592
2316 2628 -5344 12794 7108 -9898
19396 26240 -32768 12713 -7901 -11965
9056 32767 12032 5282 -13353 8422
20404 32767 -2904 -489 4995 10556
1820 7692 -5196 -20858 14931 -919
-428 -4312 1144 18643 7629 -5549
-2640 -3492 -6980 1440 496 -4790
5056 2544 -3292 -6626 -11272 -2878
17352 17884 -23788 -16425 -22641 22365
23656 21520 -19416 4587 -18093 -2602
17096 32767 -10948 16438 1767 -76
4764 19568 -8168 -7739 4359 -7317
7020 4960 524 -22787 4586 -625
1240 -1756 -5620 -10758 5525 653
1216 2532 -5236 4505 1790 -5313
7072 17560 -17468 26275 -32768 -25091
20584 22408 -21032 16100 28346 11926
19572 32767 -18988 5370 -8054 8110
20480 12496 -1848 -10118 15613 6764
-2904 3872 -5204 -5663 15769 -207
-1796 -4224 -5644 552 999 -4046
1496 -2112 -6184 5821 -5482 -5545
18372 3492 -11272 -10300 1167 -493
-1032 32767 -7180 -32768 18197 13059
25232 21320 -10168 27086 -21814 -114
7784 30572 -9040 -5695 -11205 -3791
3904 -1108 -29016 4822 -2690 -11517
3164 -2816 -3656 -11830 3879 3371
3200 88 -4312 -1991 3911 539
948 3100 -7704 11242 3782 -9019
16016 25184 -31304 14844 -11447 -16114
3624 32767 -9536 9350 16150 29457
12724 31616 -11756 -604 10770 8857
2760 4008 -3028 -7133 16613 -2142
-2064 -744 692 -2780 16344 -11687
-1872 1344 -12620 22125 -2793 -2787
8376 3452 -4552 -759 -7120 -5052
-6388 32767 -32768 -25558 2172 32767
28276 12232 -16036 16242 -11183 -14483
7920 32767 -7464 5620 -8664 -3193
7536 15072 -6952 -5403 -1373 -10798
8772 2216 -1104 -12024 -2161 -1595
-188 -3532 -2900 -18046 7365 -1775
976 1156 -5964 1727 149 -10100
15964 19296 -30156 18786 -32768 -19193
32767 32767 132 18399 32767 8359
6640 32767 -24844 14521 3376 11984
16652 14832 -1196 1808 10674 4727
-5620 420 -5624 -2874 15876 -7201
3588 -3656 -4032 9084 2507 -2095
664 1380 -6988 8723 -5384 -3529
15600 164 -12876 2912 4414 -7553
-15132 32767 -4700 -28494 17744 32767
21276 22264 -17964 3283 -10402 -1808
11284 32767 -10232 5571 -8405 -6958
11596 11760 1944 -14797 -6801 -3494
3116 -6064 1396 -31539 7562 6281
5108 -2760 -11152 -12891 11852 5010
-2176 1732 -2716 12599 -871 -2932
7528 26072 -27028 32767 -28239 -16707
2168 32767 13076 -201 5462 14955
9740 27808 -18212 232 6284 14751
12048 13580 -5792 -19047 9090 7229
5196 -8132 -4216 5835 32767 -9770
-1788 -8432 -6472 3995 -559 2141
3136 1840 -5196 5674 -1569 -2788
1788 1524 -1780 -4820 -2227 537
-32768 32767 -18228 8087 15926 32767
30452 21184 -9476 -18169 -2637 -8408
15148 32767 -6172 27370 -5090 2554
6172 11380 -4460 -19200 -4801 -11264
7888 8400 -2136 -17701 -1936 2632
584 1632 -4204 -9316 9342 1800
3116 -52 -4532 5393 2178 -7643
4612 2352 -5272 9741 6435 -17603
17332 24376 -32768 32767 -21850 2811
7248 28340 12836 -28602 -16499 5254
14716 32767 -7352 -471 2630 11751
6160 12112 -7004 -16215 16086 5958
-616 2048 -2228 16181 16657 -15774
-3596 -2340 -6664 2136 958 -2719
2452 3300 -2156 -3857 -5678 -3568
32316 5768 -19332 643 -16305 -11976
916 32767 -1144 -29160 15655 5137
30180 18996 -8660 6456 2161 -2326
7880 32767 -9256 15479 -6740 -3360
8784 11560 -4088 -14440 -569 -10486
5460 5280 900 -12094 4509 2837
1008 -3188 -3376 -11724 8027 855
1600 1480 -6660 -8128 5019 -3413
2716 5424 -5240 6837 2186 -7537
25892 32767 -32768 16095 -32768 -13510
5176 4616 -11136 -32768 31422 17452
18300 29132 -13208 20771 -4591 4055
11048 12808 -5932 3522 7863 3244
2484 12116 -5380 -4424 6788 5456
6424 4460 -2196 -2770 2508 2780
3292 5528 -4672 4580 -2227 450
8748 10276 -2316 -1727 -4942 -420
9492 7340 -6524 -6325 -689 -2520
14608 27472 -24420 -6549 8643 19587
9328 17780 -12124 -3285 -338 -5001
6292 13152 -8452 -3176 -5305 -10915
8152 9976 -8136 18697 -4692 233
7856 14036 -7032 2568 -1763 443
7008 14720 -8224 -2591 -600 1542
9432 15556 -5484 4114 -519 324
7024 14688 -7112 3173 1266 -498
8212 14732 -8372 -1765 2737 481
9200 12884 -6768 -2471 3848 -683
8188 13032 -6544 2656 2878 -507
8676 15232 -6020 2273 4330 -446
7928 14140 -6716 -1730 5381 -433
9276 13876 -5960 3233 4683 -377
7992 14612 -6104 1542 5170 -668
8232 13352 -6080 1542 4789 -39
8376 14536 -4680 1047 4291 250
8004 14956 -5368 4292 2865 53
8004 14540 -5700 996 2539 340
7908 14612 -5948 798 830 351
7880 14656 -5656 -402 -434 445
8200 15116 -5276 -1368 -1427 532
8216 14908 -5268 -1693 -2237 349
8452 14504 -5228 -3345 -2299 154
8084 14092 -5448 -1525 -2665 152
8528 14456 -5156 -2960 -2567 34
8224 14332 -4780 -1836 -1118 289
8760 14256 -4528 -1880 -953 457
8540 14008 -4784 751 -995 370
9256 14196 -4284 1435 58 324
9044 13860 -4568 4660 1165 86
9176 14268 -5340 3968 2867 -276
8604 14572 -5252 2726 3119 -138
8236 14052 -5932 1610 2925 -272
8040 14660 -5864 1511 1596 -10
7712 14636 -5472 -127 567 232
