64 191 -398 193 0 1348938
4812 15236 512 135 -581 60
4848 15192 256 160 -477 38
4952 15476 352 226 -336 -30
5028 15580 236 316 -438 138
4988 15592 432 407 214 403
4732 15200 312 234 493 415
3956 14572 108 336 -932 503
4968 14908 472 1070 -840 -482
4504 15740 264 1508 -1037 -2172
5320 16708 748 2048 -826 -2862
4388 14780 996 2139 -799 -1415
4612 15416 236 1581 -2396 -1034
4684 15988 684 1515 -2874 -1890
4940 17200 12 1445 -3165 -2143
4700 16592 -112 1373 -1157 -617
4724 16128 -452 1669 120 46
4232 14696 -928 1283 -73 895
4404 13516 -932 742 -83 2009
3460 13796 -1416 904 -947 1190
4468 15920 -1156 1467 -2213 -1663
5784 16492 -1572 2596 -2657 -1502
5652 13136 -1456 6532 153 -209
6500 12580 -2432 6932 6934 -4680
1640 5860 -3072 3908 10844 -1590
-936 17588 -4496 -3960 13362 3354
-3164 29624 -10664 -5498 -13613 -1922
6300 28164 -1584 793 -6416 -3979
-2108 22196 -4376 -2083 4379 678
-1584 12308 -4408 -1403 -5303 968
3516 13808 -1792 -2442 -686 949
2936 13276 -2948 -1373 -2670 1194
4228 15104 -1884 -1111 -3531 1071
4020 14124 -1752 -661 -2729 273
5436 15336 -1328 625 -87 -136
4196 14940 -1528 1668 678 188
4976 14824 -700 2373 1987 262
4532 15496 -852 2077 2258 574
4148 17692 -2356 712 829 595
3924 13820 -1964 2459 -294 973
4640 18268 -1044 326 3700 -104
1876 17552 -2472 -3170 -112 691
2720 16456 -2164 -3659 -5654 3289
2808 16552 -2568 -3330 -6919 4506
3772 16228 -2292 -2330 -6530 4459
5052 14160 -2132 -1135 -2777 3196
6060 11504 -1704 223 -1664 3214
7640 9928 324 580 -2168 6134
12596 10440 1280 119 -948 9958
27524 24332 5080 -381 -3781 15424
27404 21288 6328 -1505 10131 17000
19736 12896 4852 3596 10541 4578
7872 2296 -440 5358 6983 -4322
-4376 -3392 -3776 4731 7555 -2658
-4512 1548 -5292 923 2784 -7482
1644 10020 -6260 -1419 -11240 -7625
7940 32740 -816 -3754 -14631 -9447
25956 32767 2104 -2757 -21660 5023
23640 27604 4016 -11580 1904 15542
14848 8572 -432 -11268 4487 9455
12924 1036 3552 -11067 694 3308
-1192 -7816 -4028 -5130 -9812 3139
4312 -7144 72 -3673 -6322 9542
6660 -1980 1504 -2449 4368 14180
16080 4104 3600 1839 2479 21182
32767 12548 6120 8056 10738 12252
30936 13428 2208 17044 -2838 -957
16880 11504 -1804 17449 4305 -14255
4580 9508 -1164 12688 333 -15653
2120 7012 -4028 4880 -1355 -8479
1580 6084 -5100 -2773 -1578 -4174
6952 10820 -3864 -8328 -5528 1189
25300 24624 5228 -15539 -11251 10913
31076 22980 9552 -14254 -5248 10592
28324 11444 6096 -9836 56 7459
12084 -1476 1208 -6391 -4004 3541
520 -5352 -2180 -2488 -865 5076
-76 -5456 -1280 915 1839 8705
3764 -4112 540 4622 2522 12346
15784 328 1912 8990 -1147 17181
32767 -1992 3236 14343 2164 11224
32767 8100 -3176 16855 -16533 -2815
20984 8016 -3820 16182 2509 -15240
7036 8960 -3740 13863 10179 -18382
4012 7260 -3772 4660 4735 -11055
1088 5268 -5604 -3069 905 -5650
5204 9420 -4608 -8443 -2719 -2297
18380 20048 2932 -13104 -3445 5061
32767 15068 472 -14864 -6072 1775
32767 11224 9164 -6906 -12414 2893
16732 -20 2672 -9682 10193 1709
900 -4392 -2076 -8105 -2847 -4514
1140 -5060 -756 -4820 -5340 -150
3528 -5032 -692 -3 4142 5063
11048 236 1924 4810 4411 11600
30284 5212 2992 9371 -3689 10479
32767 9984 -1448 11703 -6342 -338
24924 9388 -2052 15254 -2647 -9851
13660 10752 -2780 14396 1541 -11893
5620 5860 -4272 11310 -396 -4757
1540 4384 -2908 -218 4348 1572
2000 7128 -2576 -10831 -5778 4463
16320 16608 -1052 -15224 4640 12833
32767 10492 2736 -16467 2224 2025
32767 13520 6316 -13504 -9410 -1085
11440 5604 2476 -18822 2852 -7643
5316 2004 -3332 -21659 -7669 -9477
3936 -1768 -2996 -17680 -2855 -6249
7396 -4832 -2236 -11746 -2741 777
15380 328 2436 -4884 2126 10635
22160 -3056 6436 2898 9264 11474
32767 14376 10040 7339 13716 -3873
21972 9536 7924 16641 4162 -9842
13680 12092 2328 16974 6270 -8217
7140 15164 -3212 5607 -7158 -4286
492 9620 -7332 -5447 -7059 3002
3500 5660 -4568 -12386 -8900 8766
9732 884 944 -14192 -4876 11402
32767 -12532 9244 -13006 -5348 -514
32767 -2644 11044 2022 -4016 3222
24156 2008 6792 3213 206 -2803
14872 1968 -108 809 -482 -3578
1716 -312 -2332 3250 -2117 -1749
1584 -1764 -1872 6010 -1148 850
6704 -5956 460 10038 -188 5913
21988 -4316 -736 20215 28 11962
32767 2404 -1456 26355 -2784 4436
29040 9916 -2420 25127 3783 -5081
16988 9700 -3340 18374 17156 -13328
2268 10768 -4720 11723 9289 -12795
1496 9332 -4580 255 2374 -4258
1988 6320 -5112 -7860 -8135 -360
10400 9788 -600 -10845 -10725 5419
32767 10292 -840 -15643 -9265 5536
32767 10852 3948 -13871 -5262 8567
23644 -124 2872 -11620 8384 3932
6932 -8432 268 -6737 2961 -759
1916 -4336 120 -2028 -1716 582
1708 -3580 -1204 2652 4359 3792
12176 -180 3276 6683 1504 9039
30364 1124 2856 12928 5221 3008
32767 9580 -1472 17510 -10738 -2416
28500 3796 -3912 19018 2903 -9620
9752 3168 -4036 19849 7800 -15538
3860 5592 -3832 14813 9013 -12730
-1932 6296 -6096 6717 1419 -8154
1392 12000 -5336 -3224 -5399 -7267
8044 25236 -3112 -9325 -4593 43
32767 26656 -1280 -12900 -3333 -2463
32767 21116 8156 -11501 -17985 3100
20472 2040 -8 -12731 3113 2946
9480 -6972 1064 -8776 -2286 2890
-2792 -9736 -24 -4787 177 11941
2572 -7492 -624 -2378 -4350 16229
14276 -1152 2776 -934 3871 23668
15908 952 5388 1627 9478 31966
32767 3508 2668 8491 4480 16189
27220 4156 520 14228 -10215 -1106
20752 3416 -1164 13966 -7014 -17595
7252 5088 -3460 13878 -3959 -22874
4228 4196 -1352 8079 -2599 -17543
4172 3708 -3780 -1326 588 -11164
8472 4388 -1812 -7571 -3355 -2629
15532 6800 2560 -11757 779 8164
32767 7360 7984 -18426 7563 6683
32767 6032 8528 -10310 -942 13121
18228 -552 5168 -7319 3456 8393
8428 1012 2052 -3757 -7270 3607
1984 804 -2764 -387 -3417 3728
1348 588 -1204 2405 8853 6643
5672 -1496 -1280 2414 -405 9598
18632 -512 1516 5520 -5123 14333
32767 -5780 3268 8440 89 1693
30596 -4144 -100 12760 -12621 -9767
15148 -1040 -752 15510 4862 -17709
5768 3344 -1872 17078 10121 -17108
552 6752 -3596 12304 3339 -12278
1360 9952 -4276 -32 -1581 -10093
9324 15184 -6124 -10995 -5225 -5367
27972 19396 1524 -19231 -14549 -5028
32767 15164 4680 -18694 -13551 -1652
29956 7748 6052 -16680 -269 -2008
14456 -720 2404 -14059 -12510 -5140
7216 -5212 128 -7873 -10961 -1868
608 -5476 -200 -3343 2120 3699
2352 -6048 -1076 149 3374 5774
8312 1236 2160 1501 2679 10359
31364 5068 10408 645 3057 3647
32767 18444 3424 2595 -15859 -1087
26224 14088 3228 6154 -1276 -7218
8188 9720 -348 4711 5846 -9841
3612 8836 -3348 -1887 -998 -6647
-24 6604 -6064 -11044 -2860 -1593
1276 5972 -8372 -19088 -8921 -1784
8468 9904 -940 -22566 -10295 2465
32767 15360 3044 -25430 -2841 -10625
32767 9912 20712 -8309 -17930 -204
22736 4688 6464 -14949 8101 -3690
9472 -1912 2680 -10507 -10497 -9780
5056 -2276 -1012 -9278 -6962 -7041
1384 -3320 -1620 -6248 -1334 -1193
6236 -1532 1088 -5851 48 3910
14716 2612 4848 -3277 3037 10769
32767 8892 9456 -2610 9771 6441
32767 6012 7000 6213 -4480 3466
24040 8448 3876 9393 -3670 -4433
11832 6944 -640 11155 1288 -7254
2724 7048 -3744 2384 10003 -2129
-1596 6888 -5680 -7444 3175 -1927
1820 9888 -3436 -15490 -5295 -2144
22044 11868 4028 -22010 -10939 394
31624 9728 6720 -18353 -7674 2228
29952 2244 9444 -9825 -61 1579
17068 -3312 2912 -6357 -5103 156
6948 -2296 148 -3462 -6330 -1128
-96 -2548 -2216 -1730 -726 2321
576 -2984 -240 1125 -925 4047
10620 -4444 472 5891 -1702 7807
32767 -6232 3156 14472 6 3881
32767 9224 -2696 19692 -14165 -33
27348 10616 -1464 18947 -640 -7960
9532 7156 -5556 16442 13005 -11210
2968 6448 -4760 9256 10188 -7974
-140 5068 -5196 182 8085 -2901
2608 7280 -4116 -8593 221 -2920
11360 13236 1476 -14266 -9755 3831
32767 11884 420 -16075 -1892 -1738
32767 11940 9732 -8237 -6359 4949
22280 2296 3508 -11126 9954 3361
9084 -5156 136 -7279 683 -136
-4 -5084 -2116 -3074 -4387 1346
-1444 -5140 -2448 663 -4155 3989
4324 -5032 -360 5266 -2618 7904
15096 -3048 -68 9979 -2731 15620
32767 -3276 5356 13684 2731 4995
32767 7620 -2552 16271 -10373 -4182
24488 8376 -1652 12118 9667 -17636
12216 7776 -2800 10028 7331 -14740
11524 7256 -2140 4722 46 -5553
2720 5356 -5152 -3520 1621 4328
4900 9392 -6932 -9799 -2435 6287
9568 13748 3124 -15991 511 5460
32767 2960 3996 -21325 -8931 -5911
32767 952 10500 -11054 -3980 -2405
16040 -7700 2592 -8332 -13254 -5842
9020 -6284 3756 -7071 -11864 -5923
4612 -3984 772 -3191 10878 4034
5940 -10092 -7516 714 9018 9886
18092 -2116 -1760 4762 7101 19404
27336 -696 3836 9313 -3204 26241
32012 7980 3580 10251 8038 14304
29772 5116 2484 17783 -12058 -1033
16112 804 -1208 17499 -8900 -12695
6712 4288 -1108 13769 -1141 -14992
-1424 3932 -4624 9932 5542 -11546
2456 2628 -2368 1117 -3338 -8262
6028 4640 -3628 -6566 -5359 -6544
18436 11788 2280 -11072 3405 -2234
32767 13896 6360 -13150 -11217 -910
32767 14800 7180 -10377 9113 7102
20224 -1040 3748 -12382 -1008 728
6536 -2624 1608 -10899 -3562 -3031
-1480 -4740 -2900 -6492 -572 -400
-876 -6596 -3160 -43 2905 4341
6212 -5456 -884 6195 -1613 9328
12856 -5172 -1208 11363 4153 17804
32767 -15460 1452 12684 13358 6995
32767 11632 -3952 13140 -20774 4893
26252 12144 336 13949 -2310 -7856
14444 10316 -5164 14762 13054 -14505
7248 7820 -3152 10768 -2386 -10946
-384 4648 -3376 4006 1414 -5592
1780 7196 -2600 -6485 -7376 -5810
16628 13988 -2184 -14092 -306 3027
32767 10240 3988 -19753 4240 -5573
32767 7256 8672 -13071 -11576 1643
18348 332 2884 -10694 -4917 -477
9412 -2968 224 -6912 -9839 -1747
172 -4360 -1968 -4260 -2468 549
1496 -6012 -3252 1163 -188 1732
6436 -5016 -596 7970 -2973 8195
19252 -3292 -1480 14219 5548 16148
32767 -2820 1596 14256 2514 11648
32767 9768 -1372 11685 -5122 563
24660 10096 -2272 9039 2975 -9664
10352 6664 -4276 9957 4026 -10997
5536 6356 -2792 4805 6974 -9217
-2808 6676 -3668 -3207 631 -5359
5008 10860 -3560 -13231 -919 -4646
20460 12156 944 -17897 -12858 -4092
32767 10096 5028 -17787 -8164 1834
32767 3768 7536 -13490 203 1245
20516 -2744 4020 -10216 1216 512
3660 -4896 -1064 -4685 -2927 -546
-2504 -4848 -2400 1154 626 3841
-568 -6344 -1048 6709 2589 5651
10424 -4332 -748 12280 -1639 10331
26744 -5364 2224 16860 4432 14871
32767 7012 32 14028 -5023 6330
32436 8668 788 15502 817 -4590
17696 5432 -3764 14101 7144 -9196
7416 8592 -2408 11361 3917 -8730
1032 7788 -3448 209 11309 -3005
-392 8556 -3504 -9753 -5294 -3727
9004 10992 -2044 -15016 -6200 -83
32767 5556 2432 -17808 -10826 -4187
32767 8992 10852 -11930 4780 5917
18520 -172 3952 -13281 -700 -1241
9336 -6020 1560 -9432 -8923 -4237
5248 -5340 -6024 -11212 14094 -4791
-10212 -7904 -1224 -4985 13383 4303
5140 -11048 1348 -579 -2502 8812
21984 -9852 7156 3266 -6270 15197
32767 4320 12524 4394 1578 12484
28520 8028 7612 16717 15229 2409
11196 8560 1296 21333 6233 -10254
5852 8004 -524 17445 -1482 -12471
-1772 8072 -3616 12177 -21071 -9453
5148 9516 -4432 1259 -17260 -9604
5532 10924 -3116 -8230 -8712 -5855
32767 14248 4228 -16146 -21103 -7945
32767 11212 8888 -12678 -13551 3108
28308 3404 2512 -10081 9604 7309
16668 -3704 1408 -7857 13927 8258
-948 -6256 1828 -5624 5945 12008
-3724 -5136 -3072 -565 8700 14478
-1248 -1560 -3928 3117 -10643 14334
21056 1892 2228 5118 1844 13886
32767 2380 8444 10039 -8085 8665
32767 4932 5308 22266 -7561 -5226
20872 5456 1308 18662 -4617 -11797
5104 6304 -2692 17646 4873 -15778
1712 5376 -4748 10017 -2440 -11001
420 3300 -6792 1846 -4868 -8301
3292 6848 -3412 -4818 -2754 -6697
11988 13728 -1628 -11554 2069 -4971
32767 17840 6384 -14402 -8072 -1432
32767 13388 3708 -20018 9196 5270
25792 -1516 2908 -16325 -7304 2552
11668 -6776 528 -8414 -2899 4935
-1116 -5988 -1588 -1743 1719 8413
-1684 -5588 -2104 2867 -7705 11405
8704 -4684 -636 7376 -12487 15214
19660 -3064 -1448 11931 -5826 20418
32767 404 -5084 9462 2956 9136
32767 5444 -7008 11403 -5683 -2607
19352 5912 -4364 11844 -6585 -15307
7280 5900 -3356 8313 4015 -21032
1112 5840 -4988 7093 2624 -17258
3568 5832 -3944 1678 8673 -12461
3276 7304 -3916 -4709 -2347 -9973
23140 14004 -2124 -10484 -2201 -4776
32767 11632 8892 -13465 -5011 755
32767 6008 7104 -10062 -612 10756
23708 -364 6144 -7727 -4157 10039
6148 568 700 -6139 -9780 3606
3084 -308 -2108 -2463 -152 5616
396 -920 -4860 3180 -3204 8297
6332 -2124 -1564 8297 -3197 11337
19532 -916 -4192 14355 -8959 20102
32767 -3264 -4052 12923 2994 11898
32767 216 -7688 9715 -17509 -2010
23644 3664 -6400 7777 -684 -13178
10860 4236 -5036 9158 7316 -15944
3132 4272 -4796 6586 10036 -11276
-800 3236 -4268 2078 6782 -8435
3272 4232 -3372 -5640 -6029 -5833
22832 9968 -668 -11912 4617 -4283
32767 11304 2180 -14061 -13871 651
32767 12804 4896 -13056 5365 8417
20764 -28 3248 -12799 498 4072
8588 -2436 -416 -10264 -1445 824
-240 -3916 -3424 -5638 2632 1341
-1932 -4628 -2992 294 3803 3342
4524 -6156 -1856 6025 -5508 7085
16296 -3428 -540 10745 1289 16852
32767 -12392 3564 11666 2763 15444
32767 1604 -4852 8612 -10441 2849
26752 6100 -1280 11378 -8809 -9925
12080 5876 -5120 11235 7117 -13295
5328 4968 -4620 7076 6610 -11339
-480 5408 -4144 103 2981 -7379
2452 6920 -4160 -8873 -370 -7008
11888 9612 -1800 -14616 2431 -8672
32767 13532 8040 -16734 -4385 -6165
32767 9468 10656 -15601 -4 -3225
25380 -1772 6264 -12388 -268 -5436
7504 -5880 128 -7588 -4510 -5769
784 -5768 -3944 -3738 -252 -1052
-1292 -6348 -2812 749 -1839 2774
4612 -7804 -644 5812 -4671 5400
10992 -8180 -1556 13177 -523 9776
32767 9328 1932 18536 10024 5120
32767 12876 -1176 23971 -7733 5932
25164 8144 -5312 16434 5441 -3397
9584 7332 -4688 12779 366 -5849
2908 6216 -4476 7749 3837 -1332
-2080 5948 -5516 -1182 7749 -54
3156 9880 -2504 -10131 -874 -2092
17640 16484 3676 -18873 -6513 1218
28424 10908 5032 -15454 -32768 1428
32767 6400 -1516 -12271 -2616 3836
18152 -992 -3564 -11674 5392 121
2400 -6788 -4920 -3826 3817 -3188
716 -7708 -1608 2203 280 949
1088 -8368 -1104 5477 3382 8220
7956 -5996 -1540 8610 888 13612
24276 -10724 -3336 12625 -342 18638
32767 3548 -3388 9787 1662 10011
29812 7260 -7920 11551 -17433 -3335
18868 8280 -2648 7867 -496 -18911
6888 7108 -4156 5375 10763 -17579
-1516 8808 -6424 -429 3220 -13344
3608 10940 -7900 -6440 3099 -13079
10184 11408 -2764 -11211 2151 -10451
32767 9840 2876 -12107 -1571 -9210
32767 9960 10800 -9168 -7041 2460
23940 4888 5160 -11287 4167 2732
12616 -3264 3240 -5609 -8200 3582
1212 -3972 -872 -3564 -10033 5481
1384 -4296 -3312 825 87 10040
5536 -3388 -2100 6208 -2124 13848
18728 -1600 -2448 12573 -440 21716
32767 -288 -672 12405 4809 11865
32767 6232 -4192 10606 -7552 1903
25268 6552 -2752 11907 -1025 -11051
10792 9776 -3380 11197 4984 -18909
3724 8696 -2784 5376 2912 -14160
-968 3596 -3048 -1642 4609 -9362
7028 2788 -5864 -9433 -897 -6810
9476 5232 -1920 -11682 6418 1414
32767 4824 6912 -13807 -1634 -7199
32767 16932 14692 -6113 1346 -796
20492 5424 5160 -10050 -5128 -6635
10856 -9756 -2396 -6825 -5453 -4031
1684 -10172 -484 -454 1915 5181
1668 -7916 -1592 1859 712 12395
10100 -4544 -1608 6235 -2545 19272
21724 -3608 -756 9395 -2985 27213
32767 2212 824 5591 -1544 16065
32767 6288 -1468 7675 -11299 1373
22592 6460 -4404 8342 -7043 -13154
8228 4648 -2616 13062 2935 -15727
1988 3240 -3772 9303 2247 -12705
704 4148 -3304 3350 -1026 -9081
6128 9452 -2296 -5512 -1779 -7196
22532 14220 2372 -13454 -671 -3283
32767 13080 6188 -16146 -5657 1025
32767 6032 7136 -11983 13124 10751
14664 -2516 -220 -13301 8222 7724
-896 -5000 -3928 -9435 -1273 6814
-1860 -6544 -4308 -3220 621 6593
-1324 -5388 3596 2785 -2157 8838
6648 -6248 -4808 8810 2767 16360
29720 -14288 3232 10239 145 17026
32767 -1412 3032 9777 5123 4059
28848 4492 1036 17881 -22523 -6514
15216 8584 -64 17147 -4888 -17083
3292 8560 -2988 9546 7422 -16428
-604 6204 -3676 1609 713 -12450
3616 8036 -3232 -7807 -3987 -12557
17588 13508 2388 -15438 -7944 -6459
32767 16316 10004 -16106 -64 -4203
32767 5764 10588 -12473 8852 1187
21768 -5940 3804 -10889 -11033 -3600
7096 -8632 -2812 -4051 -1337 -3948
-132 -6272 -1056 842 -537 638
1264 -6568 -1560 4130 -1322 5952
6216 -4680 108 9257 -6907 12627
27960 -2604 1712 13535 -2132 23593
32767 8592 460 6816 14325 21344
30144 5708 -3636 6766 19031 5427
11772 3416 -1876 18737 17394 -6523
928 3856 -112 19316 -13310 -13184
5696 5704 -2560 8557 -21712 -14196
4496 5968 -3440 615 -1632 -8851
3708 8748 -1604 -8717 1069 -6089
22584 14364 3772 -17718 -473 -6010
32767 16816 7136 -19363 -20050 -4691
32767 7584 5256 -12981 917 -2051
17936 -6092 1892 -10526 -4000 -2069
4704 -8140 -848 -5808 -508 2521
-4132 -7900 -1904 -1558 2016 8193
248 -6520 -856 2264 437 10920
10480 -4260 1016 6966 -3505 16790
21036 -7420 6436 9776 -1994 17885
32767 8336 3328 10154 -2924 9078
30920 7952 -1396 13094 -6769 -2744
14116 4924 -2432 14036 1560 -12060
5460 5056 -2052 11997 3127 -13678
1316 4372 -3732 6001 3789 -10579
1012 5088 -4584 -1298 -2884 -8602
5296 10176 -2520 -8624 -67 -7338
32628 18452 2568 -18190 -5328 -5039
32767 16092 11080 -17087 -17339 -1749
32767 6620 7628 -11291 6166 2881
16624 -3988 3112 -7687 -4198 955
964 -6468 -1768 -4694 822 3747
-5320 -5584 -2724 -2022 822 6235
-3612 -5888 -1476 313 -3963 5102
9100 -3172 1508 5976 -4102 10805
32767 -9492 4004 10908 2317 11545
32767 8400 896 10655 -5937 11427
31544 6256 316 15715 -6714 -1014
15104 5312 -4296 13996 5313 -7606
2696 6216 -4460 11242 2180 -6591
-116 4320 -4992 3763 9229 -5216
-3064 4572 -5116 -3369 -1853 -7059
5220 8232 -3888 -8604 -1161 -7842
27980 11952 5520 -13004 -3137 -11088
32767 17556 9448 -14453 -16596 -3274
32767 6144 10692 -13974 -886 -3259
18440 -4192 2972 -9510 -3823 -2762
2152 -5944 -1552 -4886 1000 308
-5352 -6444 -3980 484 3206 5323
-1424 -5252 -1932 4255 -4255 5152
7316 -2996 332 8254 -4701 8972
22660 -1484 3692 11253 5255 12087
32767 11544 3860 9291 -4910 2779
32767 12824 -116 12724 -6153 -836
17100 7116 -3636 13537 9110 -5889
4468 6292 -3892 10650 8646 -4731
-992 4520 -6100 2566 8966 -3437
-1776 5456 -5084 -5636 -2860 -5211
1816 10052 -4248 -10489 -5640 -7412
23116 13596 5576 -13949 -5655 -12418
32767 25448 7456 -15351 -21534 -4057
31336 12040 6428 -17325 3310 -1653
17188 -6392 1204 -13072 -7148 -4930
4136 -10192 -188 -6766 -981 496
-6512 -7832 -1144 -1842 2064 6415
-416 -3952 -1972 1147 -4957 7258
9168 404 2372 4517 -2882 9547
30644 296 7960 6342 3260 4978
32767 18344 2076 6201 -7992 499
32400 15132 1480 8226 -5405 -4732
10568 8404 -2644 9869 9949 -9886
3496 6544 -4880 6033 2579 -7973
-84 5240 -5984 -1247 364 -6434
508 5460 -6500 -8965 -8053 -5042
976 8632 -5656 -14138 -9032 -4363
21296 15780 7712 -25297 -9204 -13849
32767 26200 17440 -20104 -18758 -893
26720 13576 11808 -21814 9229 -3307
19016 -40 5476 -16897 -11007 -8215
5428 -4636 876 -9353 -16558 -7306
2960 -4992 -2124 -9969 -14461 -4301
3248 -4348 536 -7821 -7842 -130
12024 1428 5832 -5955 -2986 7401
32767 1476 12940 -1751 4794 8916
32767 15516 7004 4378 2160 8416
27104 11608 7948 13553 6613 5579
13568 6516 -1456 14761 -4313 654
7152 9928 -4016 6113 -646 1955
-3144 6336 -7032 -1948 9686 3703
-2128 9468 -5268 -8462 -524 -2148
5004 16016 -2120 -10966 -4283 -6333
32767 11044 10192 -14036 2745 -18127
32767 8564 8208 -10221 -19767 -9961
26276 3016 6084 -11174 -5564 -6985
15512 -2208 4032 -9550 -3350 -7882
1380 -4540 -664 -7039 -6765 -5121
1412 -6784 396 -2317 -3518 1470
6516 -2640 2116 2242 2228 5238
18012 2144 2584 5293 1271 13541
32767 10256 3580 8502 7841 9710
32767 12556 -880 12797 -1464 7912
22252 4396 -3884 14012 3941 3517
7676 5204 -2392 11123 7281 2206
-2428 9780 -4036 4998 8937 4648
-2740 13208 -5072 -5917 9407 -1701
4836 17872 -2864 -12412 -8072 -4841
30056 14660 404 -16260 -17450 -5014
32767 10820 4032 -14697 -15315 -6334
31048 3740 3428 -12800 10345 -3097
8868 -6164 -1784 -7054 -9588 -7046
4492 -7836 -396 -6889 -3925 -3318
580 -8828 -1940 -2366 1000 2407
3224 -7472 1168 5177 -322 9055
21404 -5580 760 12400 1171 18805
32767 5904 4592 11693 6656 14408
32767 13144 -1944 11391 -1439 6081
20392 9392 -2440 10869 -1652 -8321
7316 6644 -4372 10774 5109 -12002
2072 6736 -3048 5065 2538 -8715
144 5488 -4488 -2313 4757 -6380
4304 8544 -3272 -8960 2432 -6118
30604 12076 4316 -14481 -3573 -5536
32767 14936 9944 -10280 -17740 1516
25500 8048 9500 -8827 12893 1680
8152 -1916 2772 -5064 6220 -3887
2380 -3368 -1012 -6299 -12978 -5166
4092 -4736 -1732 -3367 -5923 2961
7472 -6896 -832 2208 367 10625
21312 -3504 2744 5983 1011 22979
32767 -5856 4284 9558 -2939 20736
32767 4616 -2076 11161 -15308 4167
24168 7028 -2576 11850 -1398 -9647
3016 5216 -4688 13599 9997 -15604
1996 7596 -4000 7323 6328 -13771
1184 8428 -2852 -1334 -3609 -10415
11880 11704 -2552 -7917 -53 -4011
32428 14912 3364 -16882 -17153 11951
32767 5732 4432 -14786 -18159 11541
25256 -428 2728 -9109 2775 5856
10088 -3760 2852 -9297 -2858 -1903
-4 -3988 -2088 -6864 1537 -3874
-1008 -4628 -2380 -810 2575 2646
5088 -6244 -2248 3797 -241 6012
15672 -6828 -1748 10328 -3786 14465
32767 -5360 -2452 14286 5786 11278
32767 2796 -1144 18169 271 862
18568 4580 -2172 14917 2041 -16865
8104 8636 -2960 11982 4380 -20650
4932 6612 -3208 5265 4655 -12809
4356 6908 -4880 -1364 2047 -5671
8628 9496 -3728 -7878 -4091 -206
15364 15664 2680 -14419 -8392 9360
32767 8084 1424 -16386 3622 1552
32767 6972 9376 -7002 3332 3667
12792 -2048 1748 -6145 4737 236
2648 -3932 -1044 -7064 -6330 -3579
824 -3788 -1480 -4349 -6201 -139
2108 -7596 828 1840 -3044 5962
11656 -5748 1048 9355 -5374 11947
27856 -10832 -1132 16627 1839 16818
32767 1160 -3744 14827 4118 4278
25008 8584 -4480 14764 -5686 -7534
9920 8448 -4144 10138 -2843 -17658
4160 9208 -3760 5385 2923 -14581
1704 10968 -3340 -1567 3691 -8455
6120 11368 -3920 -9912 467 -3674
16416 15312 1956 -15971 -6531 6572
32767 6500 1420 -16749 2299 376
32767 1748 6936 -7894 -6811 -1076
17820 -3608 2852 -4958 -8638 -2749
8500 -4976 1888 -2926 -5119 -2961
20 -5640 -676 -28 2985 1643
3188 -5212 -968 5016 -2041 6584
14720 -2880 488 9820 1932 14348
32460 -172 1352 13099 2642 13216
32767 7416 -4580 11238 -899 2241
26164 10980 -5176 8960 -7011 -9869
10132 7432 -4940 9867 10229 -16119
2624 7468 -2256 7325 5787 -12006
976 7040 -3256 1289 -701 -6030
5264 7728 -4120 -6258 -1069 -1534
14524 14584 1672 -12065 -831 5186
32767 10848 1788 -13644 -1610 3824
32767 8596 9028 -10903 -2884 4297
23708 -2016 2612 -8837 -1356 278
7876 -5404 1544 -5314 -7268 -2452
2144 -5324 -988 -2102 -7223 1247
1108 -4464 -352 1846 3319 7502
7016 -3600 1204 5588 -1336 12621
19772 -404 1040 8477 1267 18175
32767 3808 112 7200 -1078 3022
29556 6224 -4036 14096 -23726 -6678
16536 6808 -4700 9874 5169 -17276
2876 9352 -4132 7723 7723 -16461
2872 7504 -4972 834 2506 -12917
1280 8136 -4728 -6494 4905 -10124
6952 13376 -4560 -12248 -6663 -5314
31164 20880 -2736 -20860 -11752 -6550
32588 20592 10568 -14091 -29372 2957
31132 12112 5880 -18961 14808 3498
13088 -2320 1000 -18229 -8739 -3140
3552 -5632 -688 -12785 -11636 -1874
760 -8164 -1368 -7840 -10673 1573
3324 -5444 1540 -3176 -5268 4637
13740 2064 3468 -2973 -5388 10478
32767 11172 9200 -5373 14375 2589
32767 11244 7004 5735 -5552 1566
20080 7416 2020 7982 -1583 -5304
7896 7076 -1632 7210 -10140 -9325
3264 7808 -5248 251 2670 -4541
-452 6984 -4568 -7862 -527 -2615
1904 10016 -4616 -14999 -6319 -1630
28016 19452 -84 -22458 -10846 -882
32767 15984 2788 -20562 -17147 1080
32767 7268 6208 -17305 2954 -242
17088 -5208 2928 -14505 -2115 -3325
1188 -6996 -1364 -11599 -2459 -1801
-2268 -7124 -1448 -6422 -1966 3634
3344 -5424 96 -1808 -4532 8177
15420 -1172 3792 5673 -49 12227
32767 4364 2804 9390 8982 8430
32767 11772 1360 13957 2096 4052
23732 8868 -2420 11114 2354 -5545
7272 6848 -2464 11265 3821 -9439
1008 5312 -5204 4955 5426 -5759
-1712 4204 -4704 -2478 1198 -5741
1196 7428 -4048 -9984 -4539 -7045
12592 11968 -184 -14182 -7287 -5077
32767 15664 3364 -14461 -10682 -3237
32767 14492 8340 -10659 -1378 3259
21212 1324 4584 -10482 -2357 1019
7448 -2516 1444 -6916 -1972 -1165
-1116 -5136 -1172 -3993 3856 2382
-484 -4824 -2600 1150 -375 5087
8036 -3652 -1004 7780 -5158 9061
18240 -2276 -1032 13048 -5142 12618
32767 5804 -2520 13934 4510 3715
32767 11280 -5192 12638 2401 275
19252 8312 -5432 10262 707 -7276
6220 7032 -4504 9127 5123 -9262
2844 6640 -5172 4946 7226 -5665
-364 6312 -4900 -1382 5320 -2656
-660 6500 -4752 -7533 -2215 -3557
11664 9524 576 -12283 -8931 -2711
32767 14324 9028 -13028 -890 -3392
32767 12560 14796 -8468 7196 -1657
21556 3092 7456 -12479 1567 -3944
6032 -4136 220 -8724 -6232 -4630
2696 -6276 -2732 -2855 -8071 2281
3960 -5776 -2104 3306 -6956 7442
13880 -2620 -140 9595 15 15184
24412 -2448 588 13578 657 21294
32767 8696 -2808 10855 -8075 9983
32767 11680 -5612 10834 -2812 -613
18592 6244 -3796 12763 9329 -6287
4372 5952 -3292 10292 12955 -6134
-1272 5224 -3192 4353 4200 -4070
-1544 4916 -3668 -2751 977 -4879
1988 7596 -4136 -9864 -6173 -4914
26932 7524 4984 -14680 -8881 -6560
32767 13280 8396 -14198 -10459 575
32104 6516 11616 -11666 8794 141
14820 -3288 3464 -8891 -3637 -2563
2728 -4684 -2956 -6083 -8849 -4105
-432 -4880 -2592 -2007 -78 1026
-364 -5308 -1452 2869 -2896 2944
12748 -3320 8 9155 -4894 9224
32767 -5480 3044 14089 2971 9893
32767 9600 -2876 15189 -6352 3937
28460 9484 -1408 16436 -5470 -4015
12880 6124 -4536 15872 9216 -10079
2696 5712 -3716 10744 7333 -7498
-284 5040 -4304 3242 5475 -3878
1072 7836 -4104 -5663 -69 -4404
10804 14128 -1580 -11493 -3062 1150
32767 15148 428 -19696 -425 -1647
32767 9416 8920 -14898 -10314 3255
26876 932 4116 -12688 -3503 -755
12440 -4004 492 -8438 -4584 -2693
-104 -5012 -2964 -3545 1186 -1213
-2456 -6336 -2052 1967 275 2195
5984 -5900 12 6760 -5069 6288
18492 -1132 1236 12570 -1761 14974
32767 -6040 -184 16845 4553 11183
32767 7480 -5592 17946 -4131 2951
28128 9116 -3852 14433 1001 -5998
7900 6000 -5204 12871 13041 -9927
1988 7856 -4024 6358 5770 -8098
-520 8588 -5176 -1488 3229 -4944
4936 9380 -4856 -10302 -3462 -5302
11560 12028 816 -16516 -11735 -7
32767 5400 816 -18314 -8176 -3565
32767 4984 7028 -11280 -8054 -305
24644 -1348 4092 -10219 871 -2609
7720 -3868 864 -8508 -1569 -4944
2500 -5228 -1564 -4649 -2952 -1416
1460 -5520 -1088 1787 986 3734
9120 -3168 -64 8056 -4965 10435
24924 -3648 -2952 14762 -2329 13986
32767 7096 -5352 15458 -1743 3542
32767 9600 -5100 15856 -377 -6991
13232 6712 -6368 14623 13152 -15050
3856 9008 -3820 12783 7444 -12669
1536 7852 -5204 4512 3525 -5327
2848 9588 -4624 -5831 -3238 -2853
11908 14024 -3080 -12144 -6271 5734
32767 11964 1864 -18303 -4378 6214
32767 8512 7496 -16958 -4528 8533
24536 -1928 1048 -15269 3522 2433
7856 -5840 -640 -9192 -6847 -1740
56 -4816 -2044 -3186 -1129 -159
-2060 -4012 -1220 1419 927 4080
7008 -4608 -676 5568 -5920 7877
23140 -5724 -720 12606 881 15455
32767 -72 -1044 16534 1401 9508
30788 1976 -3624 21302 -6618 309
18716 4736 -3484 15318 -956 -13157
7292 8620 -5020 11243 5440 -12979
1816 9020 -5320 4259 6278 -5832
1080 9172 -5608 -6446 3194 -3503
9908 12584 -4852 -13727 -5364 2535
32767 6456 -144 -20425 -5716 -1291
32767 3588 6652 -14807 -10154 1980
28180 -1912 3420 -13771 2398 -2201
10048 -3832 612 -10531 -1198 -9169
708 -4452 -2780 -2267 711 -11888
-1032 -3424 -228 5819 -1935 -2036
6252 -5056 -836 7584 -1813 6440
21612 -3720 -160 8963 1505 13214
32767 1728 -2764 10557 3552 7311
32767 11424 -4824 16375 -11484 2131
19484 6856 -5284 11983 536 -7678
3492 7904 -4208 9326 7743 -8355
872 7400 -4884 5586 7876 -4973
1232 7880 -2976 -1468 5197 -4159
13044 15444 -976 -10675 -3638 2751
32767 10704 -1012 -16432 -185 1411
32767 12476 3216 -17670 -1064 4969
23332 -524 748 -16800 1860 -250
9876 -5032 -1064 -10920 -8094 -3877
-164 -6904 -2952 -2768 -7072 -4357
-1908 -5744 -588 5274 -1604 880
9156 -4580 1432 10613 457 7182
19436 -3360 -424 12135 3331 14265
32767 1024 -3948 12646 6487 6261
32452 7140 -5736 18100 -7836 -591
17140 6380 -3664 16525 -788 -11627
4796 6228 -5588 13400 3387 -12890
1012 5260 -4736 6553 5743 -7752
1300 7524 -5060 -2797 2798 -4795
8152 14300 -4540 -11367 -246 -759
32767 13160 -7956 -15727 2746 -7682
32767 18808 13104 -15392 -18376 -3639
27760 4764 7544 -17969 -7997 -4944
9152 -3536 432 -12596 -2768 -4445
3596 -7228 -2184 -7435 -3075 333
4896 -6196 -2488 -468 -3064 5263
13300 -3172 -1156 8372 -2466 14288
26188 -3464 -2496 15010 2844 16822
32767 8636 -4496 14967 4952 8510
32767 13192 -5360 14035 -2697 1090
12488 7604 -7900 13693 -3434 -4346
5532 8116 -4536 10843 2491 -2425
-5564 5900 -8248 6064 2615 1070
6848 9248 -592 -4059 -19040 5041
18012 11688 -1880 -12888 -10827 18395
29436 -952 -12260 -23295 -2883 8160
32767 4948 -2036 -12630 -7388 1378
16704 -2968 -5580 -10105 10239 -5529
5300 -4652 -2856 -4845 10113 -9705
216 -8200 -4820 -1237 -14179 -3724
9232 -7820 -1208 8773 3043 2652
12188 -5948 -4580 19493 4014 10098
32767 -6868 -8472 18763 14164 10133
32767 5644 -12708 13909 -4207 -465
23052 7164 -6692 12658 5368 -11280
7996 6240 -4672 10723 16036 -15244
-36 4948 -4360 5862 9716 -8803
52 4732 -6620 -1451 -328 -6237
4424 12928 -7380 -9132 308 -7326
19924 24676 -5964 -10169 -14247 -5318
32767 23560 6972 -5519 -9028 -12743
32767 5636 2608 -15006 11773 -7170
22772 -1972 -64 -19285 -10781 -1816
7096 -6664 1228 -14965 -4338 1529
232 -8500 -2688 -8644 -2116 7484
2828 -6460 -388 -1665 -1791 13365
11516 -2056 -628 6963 -1757 22822
29328 -4024 -1060 15525 5092 24801
32767 8828 -4176 18919 -13783 8796
32328 8628 -6412 17247 2087 -1004
15560 6504 -5644 15336 -4331 -11915
5684 6360 -4468 8963 1602 -12884
2356 7280 -4384 2912 525 -7323
4976 7268 -3512 -5160 -3013 -2577
14060 11816 -3072 -10838 -721 4069
32767 2720 -5448 -17071 10153 -417
32767 2968 5264 -14216 -865 -766
25160 -1392 4048 -13363 -2695 -7172
10908 -3052 2124 -12088 -6148 -8929
6316 -4124 -1212 -8274 -7756 -1321
2552 -5940 -1936 -462 3303 6811
10464 -3832 -616 9446 -168 13564
25792 -4256 -540 15519 5295 16065
30792 -2236 -5700 16699 -9073 7211
32767 4680 -8368 15094 -10415 -7449
16784 6392 -8040 16835 2060 -11770
4920 8384 -4168 15967 7017 -6032
1112 7968 -4592 6422 -291 312
5340 9788 -5328 -5491 -1900 5071
10604 13612 -4468 -11505 -1937 10688
32767 -1144 -2224 -24705 17806 3704
32767 -3668 5052 -17427 2393 -2395
22832 -4316 3228 -12089 -5585 -7929
8200 -4188 -1000 -10345 -11949 -11102
10332 -2544 -2264 -7193 -2962 -1633
812 -5456 -2220 449 2361 5502
9276 -5572 -1800 8916 -1575 11186
19032 -4908 -2912 17154 501 15323
32767 -8732 -7096 17203 -4725 5220
32767 3660 -10812 15929 -7021 -6635
14524 5040 -6620 14822 -169 -12612
7844 9968 -5384 11358 7042 -9647
2740 9604 -5944 3577 2895 -1234
4408 9956 -7164 -7361 336 2629
14764 11536 76 -14921 237 7281
32767 -1440 -4972 -22368 -160 965
32767 -1248 6616 -16000 1779 -1983
18416 -5376 -228 -15087 1334 -7437
6944 -3316 -464 -12750 -1722 -10067
2884 -3948 -3632 -7078 1568 -2845
4612 -5660 -1040 1985 -489 3408
14296 -5608 -804 11077 2008 10525
32767 -3372 -3056 16581 2194 6581
32767 308 -5836 18238 -8584 80
28016 4784 -6332 16421 3015 -8808
14520 6944 -4908 16073 4988 -10469
5724 7096 -4452 13318 7990 -1401
-564 7620 -5096 4200 4007 4994
3236 10796 -5820 -7279 -2904 6312
12688 13244 -1300 -14063 -3280 9119
32767 3808 -1432 -21704 -2280 -821
32480 4468 10048 -13077 2049 -2331
16292 -2856 1380 -13000 2392 -8748
3580 -2852 -572 -12434 -7429 -9902
3852 -4244 -2700 -7213 -4868 -1382
3760 -8568 -1492 891 960 3043
12700 -7212 -2196 9659 -6012 9938
31944 -9324 -6440 20765 -1370 13524
32767 284 -11968 18631 -11465 2173
30004 7452 -8348 17098 1455 -6745
12588 4660 -8384 15551 10960 -11722
1016 5720 -4712 13271 14725 -5996
1224 6324 -4568 4848 4053 -1868
6968 13080 -4944 -7349 -4203 1305
26660 16356 -2572 -16519 -7849 6297
32767 6308 -1208 -19709 -6775 3373
32268 -632 2724 -17056 -1204 -2305
13876 -5616 -1228 -14212 -3065 -5766
3304 -5128 -2356 -10691 -250 -4624
-284 -5136 -2832 -6327 2226 -1387
3544 -6556 -1076 812 -2127 2601
14864 -5268 -300 10674 -2691 11067
32767 -8024 -3552 17197 3094 11313
32767 4848 -9804 16724 -6797 -2030
30504 8364 -5552 16473 -9827 -11901
11072 6900 -4336 15748 15958 -15024
1684 7284 -3192 11943 13957 -6183
-832 6452 -5004 -1118 6967 -189
6020 10348 -7148 -14536 -2138 1902
17856 13024 12 -22023 -6455 5567
32767 7372 -1116 -22105 -11289 1408
32767 5912 5096 -15885 119 75
15500 -5152 -96 -13998 -1519 -4864
3964 -6892 -2148 -9663 -5312 -3752
504 -7452 -1976 -2572 417 -201
3776 -8972 -152 6021 -2011 5823
18764 -4516 -736 15395 1186 13812
32767 884 -3112 19923 7026 6485
32767 6396 -7160 18950 -7865 -1915
24052 5472 -6604 14200 -3000 -9084
6876 5304 -3544 12530 4644 -8192
1212 4748 -4112 7711 7964 -3210
2260 5128 -3184 -292 -78 343
13560 11192 -5368 -8120 -5163 8764
32368 2704 -1240 -14661 517 9222
32767 10112 3924 -15873 -440 6008
30232 -924 -1188 -19467 -5733 -5023
13568 -6192 -2944 -16692 -4977 -6549
1436 -1704 -2232 -13457 -805 -3606
-256 -2592 -2988 -9948 4935 -2388
6384 -14368 -64 5368 142 4713
15312 -8768 2424 20637 5470 9498
32767 26736 -13752 18269 6954 -2872
25236 20136 -3696 16271 12590 -4443
-1508 12156 -5920 6818 2783 -3820
-1188 3732 -5964 -1025 6645 -4078
-2888 3636 -6056 -10436 -1755 -2781
5084 1348 -5092 -15869 -2772 1286
12904 -6132 5764 -15440 -1176 2366
32767 2444 10124 -4593 -23174 3716
32767 640 8480 -2753 7127 1564
12496 -3920 1544 -2797 8440 -1747
4148 -3536 -2236 -312 -5644 -6476
1596 -2792 -2868 5202 -4672 -1724
4736 -3264 -1752 11127 -2134 3273
10196 -3764 -1852 16660 889 8509
32767 -8396 -3988 19433 9294 -2454
32767 12340 -8188 21758 -15595 -5128
30588 15980 -7188 16363 5968 -14194
12768 11964 -4496 12096 1487 -7394
4236 6812 -5460 5348 10068 968
-2720 5592 -3764 -4725 4548 3634
2232 8448 -4472 -13791 -5962 4735
23612 9812 1428 -19897 -2794 7460
32767 11012 -3848 -23122 -11596 -237
32372 2660 4060 -12104 -7126 -800
11004 -6368 -1400 -8230 -2860 -747
888 -7284 -1732 -3047 4745 1436
-528 -7420 -1260 2029 7871 2651
5452 -6492 -1800 9232 -316 9100
24840 -7376 -1904 15969 3024 13708
32767 10992 -6324 13430 -5037 4919
32767 12076 -8448 11096 -9288 -1924
13512 5508 -5972 10260 4983 -7785
3868 4808 -4896 7698 8298 -6483
-1816 4904 -3212 3250 4641 -3693
1100 6616 -3040 -4232 -1106 -5196
16928 13944 -3092 -9256 -6844 -1521
32767 14092 -36 -15008 -5195 -2182
32767 14416 3444 -17938 2291 460
15640 -2372 540 -16624 -2598 -3950
7184 -4816 -332 -11803 -4872 -2447
-1048 -5800 -3064 -6258 7880 2629
700 -5444 -2560 -509 1710 4718
10260 -2132 764 6661 -254 9467
32476 -5644 1872 13724 -3249 7033
32767 15016 -6964 13411 -16215 -1299
31816 12752 -3644 12045 -5636 -6555
10804 8496 -4060 8728 6772 -9561
2912 7148 -3552 2374 8934 -4962
-432 4148 -4360 -4072 6986 -1311
-964 2180 -5152 -8825 3086 -3
888 2244 -3632 -10123 744 -663
6308 4796 5376 -14667 -537 -4885
32767 18148 -2000 -2870 -14550 -15964
29852 16120 7716 10071 -20650 -7870
15492 15884 -1268 -4120 2644 -16899
12408 12196 -5700 -1443 710 -23631
10100 14248 -2452 61 6608 -28524
9336 15480 -4328 1538 12721 -26080
8944 12468 -2380 3900 20082 -14938
1996 12264 -3064 4075 12198 -1515
6560 26308 -1528 4439 1790 2412
4476 18656 -2712 2978 2580 4522
5832 13536 -928 4214 3550 8566
5240 13396 -1868 4367 4580 9539
5236 15972 -3492 2333 5720 5634
4448 16096 -3848 -318 226 1979
5572 15224 -3820 5 -2143 -1431
5988 14720 -2828 1609 1370 -3049
6172 15764 -2460 2771 4975 -4482
5940 16236 -2688 2431 6451 -4917
5356 16968 -2668 1460 4664 -5318
5592 16212 -2300 537 1920 -4840
5948 15856 -2540 151 2536 -3529
4856 16348 -2560 -161 1820 -2414
5064 15812 -2284 -990 -1832 -1956
5764 15864 -2248 -1388 -2376 -1407
5592 16048 -2720 -2027 -3108 -394
5748 15912 -2324 -2329 -2792 377
5368 16660 -2252 -2845 -3783 752
5488 15408 -1896 -2883 -5252 1463
5388 15308 -1644 -2279 -5401 2323
5484 15060 -880 -1429 -4843 3377
6192 15356 -456 -342 -1327 3501
5880 15644 496 139 3625 3107
5080 15432 316 -502 4743 2710
4448 15476 496 -807 3004 1844
3988 15664 580 -1612 -591 409
4476 14768 532 -2086 -3807 -967
5360 14704 500 -2831 -4831 -2008
5816 14556 312 -2771 -6636 -2667
