6 372 -15220 151 759 204
-11272 264 -14580 163 -810 114
-12124 376 -13596 636 -447 186
-11688 160 -13152 274 295 118
-10364 -328 -13236 -1238 -1972 1050
-11548 1036 -15384 -1058 -2827 1034
-14396 2444 -13784 1570 -3121 1105
-12188 712 -12100 954 -4124 1306
-11456 1300 -9944 2847 882 2477
-11920 1748 -10896 1108 1300 220
-12848 1364 -14708 3155 2453 -1507
-11304 -2124 -13956 2779 2072 -2300
-17592 1564 -12740 3324 4700 -828
-10876 -3588 -14052 -803 1444 592
-12412 -396 -14792 296 924 1437
-11320 1224 -13592 -373 1343 1348
-10960 544 -13284 1659 1006 329
-11964 -724 -14088 1511 596 -92
-11132 -628 -14696 577 161 167
-11832 -48 -14048 204 604 431
-11644 -328 -14332 185 -23 162
-11288 -228 -14492 88 -793 100
-11560 -356 -14304 17 -1168 312
-11756 -100 -13836 143 -1331 365
-11892 -264 -13588 82 -1148 333
-12044 -56 -13412 -25 -829 169
-12016 -200 -13768 196 -559 125
-12036 -228 -13864 159 -443 242
-12104 -12 -13428 118 -169 221
-12092 -80 -13504 313 172 128
-12000 -72 -13812 291 359 100
-11916 40 -13784 268 358 98
-11908 -116 -13844 356 316 153
-12052 -220 -13596 176 472 -1
-11620 -556 -13744 -394 935 -220
-11408 -108 -13852 -162 2073 -33
-10864 -216 -14152 -461 1558 -208
-11888 -80 -14180 -727 2492 -186
-11332 48 -14608 -410 3375 -229
-12288 -612 -14864 509 3398 -560
-10672 -752 -14884 -374 6235 267
-10612 884 -17788 835 3204 578
-8944 -2620 -17608 -1509 1696 867
-9096 1052 -16764 -843 1571 962
-9648 1756 -16508 1236 -513 1166
-9636 556 -15572 2326 -2490 1282
-10160 -420 -15608 815 -1316 311
-10980 -288 -16992 -755 -665 -46
-9304 280 -15708 -1567 -2091 -11
-11152 -856 -15960 -3565 -4853 -278
-6196 -3128 -14656 -10646 -11031 360
-15308 7360 -14580 5135 -10581 -869
-14392 19328 -22152 7480 -12276 -3956
-14996 6772 -16064 -10595 -3677 5831
-19444 12304 -18972 17154 -14809 -5013
-12400 11004 -5336 14843 -142 -9854
-7004 7332 -5044 934 1624 -3127
-11036 -3488 -9136 -3330 7391 2651
-13732 -9372 -11140 -5519 9458 4930
-11212 -11584 -8660 -7403 4031 5060
-7560 -12100 -5868 -9537 1440 -294
-15244 -12536 -1348 -55 10825 -6247
-6684 -14940 -14256 10179 8573 -4824
-32768 -2704 -5612 5013 10142 1190
-9448 148 -13940 1155 11393 2265
-13556 -1080 -11852 476 20080 5658
-5780 4424 -20080 -619 17349 312
-5304 1840 -22680 898 -2957 -211
-7228 416 -16812 703 -11687 -75
-9428 1504 -13684 2330 -11673 -919
-12524 588 -12092 438 -7138 914
-14692 216 -11588 -1534 -4719 1175
-11800 464 -10728 -3061 2818 1853
-10464 4540 -13592 -89 1399 1463
-19200 8492 -16776 4755 -3817 205
-16084 20056 -20992 6782 -32768 -9962
-12612 19228 -4504 -4554 -29727 6881
-23968 2848 -4760 1112 -903 -2741
-9220 576 -9284 10406 -5233 -9599
-10776 4660 -4896 5953 1383 -7187
-9408 -552 -5888 1135 5359 -1269
-12860 -3628 -7176 3418 12823 5315
-13860 -4920 -6612 -4674 15903 6978
-8764 -7648 -4576 -11717 16811 8155
660 -10504 4600 -17930 13086 12019
-17876 -25828 -21076 -31269 -300 -25898
-13992 -12072 -17280 8934 8452 -6422
-32768 15160 -32768 25230 2541 -3179
-2204 -6324 -13416 3447 -820 2621
-17452 -796 -9352 -5119 9401 1896
-9540 2428 -16136 -1095 6315 241
-8100 -228 -15156 -67 8371 -474
-10396 868 -16128 -1877 8688 370
-6392 1600 -19472 2120 10188 -62
-6960 -464 -18428 2754 5801 517
-6196 -748 -20352 664 2192 1463
-5652 -500 -17892 370 -2468 2022
-8072 1416 -14288 2558 -3521 1152
-7996 -1440 -19920 -612 2220 545
-5728 144 -16640 -2047 -773 751
-9416 -568 -18176 -1657 144 382
-6036 -1452 -17044 -6221 -3983 468
-7848 8584 -16456 628 -2647 971
-8496 5140 -14144 1393 -17324 3441
-18288 5884 -23212 801 -22296 2481
-21700 11572 -16092 2465 -20448 5080
-8668 13412 -14508 12343 -24952 -5621
-12692 9308 -11096 8287 -4018 -2880
-1796 1392 -5900 2343 -3175 -3607
-16956 1788 -5700 4380 -5744 -3007
-11376 -3716 -6412 1216 -3715 2121
-13360 -4476 -7996 -1915 7028 3498
-14508 -5104 -7596 -3700 8221 4208
-7936 -3284 -7188 -2046 9740 3070
-6804 -5080 -8460 289 24266 3432
-12036 -3504 -11652 -7220 5898 2480
-9104 9268 -2860 -11738 936 -4976
-14476 -10336 -7680 -627 -1949 -5318
-13864 -6284 -19936 -1968 8864 -991
-820 -3304 -5500 4411 -1664 -1152
-22924 -3324 -16952 -2572 19098 -1285
-8224 -1020 -13480 -3903 9325 -779
-6892 1428 -15384 -4670 6092 -1015
-9832 -504 -19620 -2341 1912 550
-4624 2848 -14532 1136 -591 1316
-11540 1012 -19988 792 2056 -893
-7552 -876 -17648 891 -2742 458
-7956 -136 -17020 -190 944 675
-6332 -504 -14772 -156 5373 -35
-9340 116 -18392 -86 5783 -291
-6608 -128 -19676 -2483 1177 1478
-8400 1224 -19416 -2698 -9055 802
-5076 -648 -15920 -2848 -11687 -119
-9836 3276 -14396 3931 -12116 237
-10768 11656 -19096 5779 -18631 10
-16852 10104 -16632 -3483 -15331 3077
-16360 7084 -16680 7609 -16994 -2131
-5440 6652 -5188 11437 -7566 -5228
-9224 4540 -6792 10976 -5938 -3229
-6876 1928 -8668 3649 1529 1701
-12412 -3436 -8640 -3017 7720 7722
-12352 -5980 -14220 -1910 12142 6151
-12064 -8224 -12600 -4673 9461 1382
-13068 -6148 -8108 -5556 10009 -2044
-5512 -1164 -12860 -17033 8302 -2707
460 -10648 -18468 1051 5987 -11963
-29452 3192 -24152 7217 12987 -2314
-1044 -13888 -15312 3354 1787 4141
-14544 1036 -14136 -2379 9070 891
-6068 1368 -13136 -1828 7466 -605
-9964 -1192 -16804 -1876 7165 -3080
-5836 -616 -14720 -2063 5560 128
-6688 -224 -18864 -676 7118 1225
-7364 -96 -20016 806 4396 49
-7132 -1008 -18660 398 2284 239
-8152 -936 -17424 -440 2421 6
-5944 -588 -20032 -182 901 1147
-6288 1280 -16568 -410 -6139 2652
-8964 544 -17792 -2940 -8836 2561
-11356 688 -15488 -2412 -12352 2106
-14212 5236 -17280 -844 -11287 5318
-13908 11364 -17772 -6550 -13304 7451
-13936 10956 -15904 3175 -9094 9437
-26708 15736 -8544 12424 -20703 -479
-3892 11556 -15664 11642 -12747 -7882
-9168 8328 -6252 6997 -4912 -10656
-6440 3924 -8860 8537 -1465 -7022
-12896 1480 -10308 -2388 9390 -1368
-11248 -4952 -11040 -5870 16668 4572
-10340 -9280 -16108 -9801 6216 3804
-2600 -11352 -5884 -12690 -1966 7430
-32768 -18344 -10884 19235 32767 9295
-932 -23140 7396 19469 8754 -4280
-32768 15844 -3716 3754 25274 -7052
-11224 -844 -20152 2128 923 2739
-16940 7100 -8756 1542 3345 858
-6752 300 -15932 1661 6129 -568
-10448 -588 -12836 -1761 6093 -499
-13836 2100 -18868 -590 4853 -318
-6900 -860 -16820 -1742 5838 -220
-8936 900 -19456 -2404 730 851
-10000 1400 -15844 -112 -1761 314
-9740 424 -17224 -999 -1547 -401
-8772 1272 -14796 337 -806 -408
-10588 400 -13264 -1050 6137 -1083
-8996 120 -16852 -3330 4678 -669
-8944 420 -19644 -5451 -139 1535
-10712 6528 -17260 -285 -4945 2321
-12420 10740 -11192 7593 -1056 613
-11380 16964 -27128 2198 -10125 362
-27868 15944 -22392 1114 -16574 5514
-7040 6204 -15936 13072 -23616 -5399
-9852 8060 -4184 12692 -8922 -5518
-9940 2792 -4572 7718 -5736 -573
-11404 -3304 -4524 6969 -4234 3183
-11960 -6180 -7332 2023 10196 5114
-14304 -7636 -5372 -5510 7374 5066
-7636 -7324 -6032 -9305 7253 2009
-7972 -6652 -9960 -12376 10665 4486
-32768 -10160 -32768 -119 1220 -2838
-14164 -8836 -23076 1284 16509 -9493
1108 -5868 -512 -7835 8998 -12592
-25080 20680 -13344 2659 13549 -7024
-260 -6128 -15740 4640 -3318 1376
-19284 392 -11152 -3475 7188 -308
-11940 568 -18216 -2207 3377 -279
-7280 -2512 -14036 -1646 -3579 550
-12112 -1584 -16548 -943 -3343 999
-11908 -520 -12872 -2252 -996 1470
-8752 2908 -13256 796 3211 51
-9804 380 -17956 974 5214 -268
-8100 -1456 -19056 -823 -1847 1755
-8876 728 -14712 -462 -8125 2680
-14028 132 -10780 -3193 -5011 1399
-10436 1104 -11836 -5606 413 -584
-14448 6864 -20536 -1493 248 3061
-9264 8544 -13876 6562 -7613 840
-15060 13720 -18832 -2463 -6295 3754
-26504 14828 -26068 4784 -10312 1907
-3768 5468 -11296 10067 -19002 -6843
-12112 7972 -9508 8926 -5218 -6091
-13108 7988 -8476 -285 -3750 -6540
-11132 3928 -9092 -2226 1854 -3303
-11160 2176 -6820 -11143 12127 -117
-16264 -5908 -14760 -20946 8839 -3601
-8512 -2068 -14040 -23266 3811 -11098
-1404 -5884 -19044 -27105 620 -13565
-748 120 -12716 -31475 -5103 -10793
6392 2324 -15496 -32768 -2449 5545
-14644 -32768 -32768 32767 -3327 -107
-24052 -15140 -32768 12083 3519 -1987
-1972 -10268 -7452 -1947 -6021 -122
-17576 780 -8352 -4972 24202 1787
-7884 -984 -13952 -1015 4440 -1967
-11156 3600 -15736 -2270 2800 781
-10012 1780 -13488 499 2861 3138
-10972 1292 -14632 4065 428 607
-5772 -808 -17640 -852 -1886 -192
-12780 1836 -13364 -291 -216 153
-11620 1624 -14588 308 1051 504
-7272 1860 -15668 -1477 1621 -31
-11136 1856 -19344 -377 -2918 -5
-8576 2024 -17788 206 -7245 1120
-11116 -648 -12052 -2552 -5974 375
-13092 1676 -12128 -1633 -2764 1217
-10976 4280 -12236 3365 864 -390
-12136 10740 -20064 6343 -5873 -3346
-17400 8564 -19872 -875 -8398 -656
-10920 8900 -9164 2646 -16656 -3463
-12012 10920 -7004 7500 -2990 -6860
-12800 7224 -10236 2050 -1648 -6610
-11268 3096 -9876 -1997 173 -4475
-8204 -2092 -13496 -7035 2845 36
-7380 -4464 -16400 -8491 9181 2123
-5592 -5356 -13200 -11956 5979 868
-1048 -6952 -10236 -14454 15113 2348
-5124 -2680 -18512 -31112 3820 -12465
-19652 -29988 -30348 10101 17900 -10712
-17192 24392 -21600 4203 7159 6397
-5512 -1492 -14208 4150 -7394 2934
-12272 1812 -11772 -4239 12403 246
-7272 3020 -19836 -3067 4367 411
-7836 768 -18684 -1225 -10887 -5
-12540 2396 -12368 -190 -7935 -1680
-9696 656 -15184 520 -148 -1139
-10736 508 -13420 -177 -2050 743
-11180 972 -18508 -3549 -2160 -331
-7076 -104 -14280 -374 -2088 -2243
-10252 808 -15420 212 -1260 -562
-11488 1232 -13672 13 -1626 781
-10808 832 -12744 -1654 -1972 -37
-14240 6164 -18744 -2644 -5140 97
-8984 14220 -12080 11611 -16927 -3934
-16628 16788 -17864 -545 -12386 3920
-9460 11392 -9492 5000 3347 2515
-12748 8048 -6324 15814 -5442 -3682
-5336 7288 -4892 9671 -1657 -4535
-13164 4596 -7776 -31 4297 -2815
-12944 -2792 -8456 -5737 11208 2568
-12504 -7776 -10336 -8081 6701 3783
-8660 -3340 -14612 -9231 4871 4970
-2192 -5716 -1280 -20332 -9479 8231
-26720 7464 -6804 -20795 -17920 2698
1844 -9860 -12020 -2112 9444 -6359
-21396 -5688 -16572 9963 10405 -9580
-32768 32160 -11404 11118 15049 -5064
-18644 1948 -16788 3095 2538 -1573
-9100 1192 -18020 -2133 7781 525
-12668 2096 -18336 -3622 -2665 3156
-7224 3672 -12216 654 -10037 -26
-14472 1608 -17352 1505 -9401 -36
-9852 256 -13876 911 -2805 833
-11868 364 -12776 983 -1447 1582
-10204 924 -11724 -138 -1493 58
-11704 1188 -14656 -84 -2785 1585
-10964 1292 -10320 -202 -2546 522
-13420 2216 -10568 -377 2347 -163
-13760 1732 -13056 -3836 3257 -362
-12768 8168 -14464 4700 1421 -2904
-16840 11108 -24956 6423 -13245 -7549
-19696 13272 -23640 603 -15129 1010
-17544 11008 -14988 3844 -5209 -2344
-11768 1716 -4816 11202 -9482 -2249
-9776 3844 -4200 10424 1355 -692
-12000 -2260 -8012 6086 3038 4571
-10636 -4336 -6612 1892 4247 6082
-13008 -7512 -2296 -3434 12461 9159
-7972 -8848 -8996 -7898 7729 5276
-12212 -792 -5912 -12385 3821 2907
-30728 -6964 -32768 -689 12766 -14861
-3356 -6256 -4660 -4769 8650 -11290
-15648 436 -32768 -3787 9095 -13577
1992 -1624 -13612 -6457 -5630 -325
-10672 -10136 -32768 9932 3801 14969
-5556 -1820 -11292 -1100 190 -905
-11284 2112 -16796 -955 1906 -1571
-10972 -1696 -16240 -1072 2224 792
-9904 -480 -14184 -824 4918 2383
-9128 80 -16284 399 13 605
-8204 2492 -15624 999 252 550
-10988 48 -17844 -827 -2056 165
-6668 -412 -22276 2336 -3855 -159
-7888 -376 -9972 1404 -3980 5367
-10528 1836 -13368 1677 -5542 -544
-9708 -200 -13988 -1448 -3519 1120
-8324 152 -10040 -3321 -7514 2427
-15024 9468 -13460 -3256 -6955 1281
-10052 8168 -17632 409 -3827 2080
-14864 11616 -13844 -6633 299 4313
-22980 13452 -21020 9791 -13704 141
-17784 14200 -12348 7647 -6795 -4481
-14148 6204 -9192 7514 -4767 -5815
-13420 1776 -8372 7829 -3087 -3735
-7424 -3568 -11980 3600 4731 1772
-10140 -9732 -10460 -3764 5530 5426
-5600 -10636 -6192 -6640 2912 4854
-1916 -6188 -644 -9976 2531 7609
-32768 -17072 -32768 -1455 -8034 473
-14468 -11268 -32768 -3055 -3936 -19660
-32768 13920 -10216 7367 21572 -5799
-6048 -7732 -15256 2997 9698 1282
-18500 1604 -8796 -695 12459 1113
-15008 1328 -15240 928 11173 -3710
-7032 -1916 -17640 588 10511 -2213
-6320 -2364 -17724 -2184 5176 287
-7900 808 -18560 -2448 3596 1283
-7116 1084 -14932 -123 5172 801
-5940 680 -21132 -107 3611 398
-4828 -952 -20548 -92 -4880 591
-7236 72 -18740 -1211 -11458 2590
-10040 816 -16372 738 -9077 2966
-12444 -2244 -14500 -1856 -4623 684
-8224 1364 -17508 -2595 -5081 1288
-11404 9000 -11196 4546 -4549 2694
-13296 9472 -18100 2870 -16523 3311
-13816 6728 -18856 -4182 -17575 3230
-13140 12172 -14804 5942 -15191 -4763
-10728 7072 -12152 12301 -5879 -7320
-11984 8640 -10648 6350 -7667 -6681
-9184 2500 -8612 2657 -1613 -3315
-12556 -808 -9992 -2492 8696 2364
-9928 -7916 -7992 -4691 7047 5688
-11888 -8284 -14996 -4562 11649 5691
-9596 -7364 -8892 -7715 9905 3611
-4940 -7620 -3956 -4668 5213 3122
-20556 -13996 -7808 13350 12279 -826
-19464 -2628 -32768 2370 -10450 -15662
-13944 17236 -23052 9501 6425 8795
-5176 -14504 -18068 -3790 11696 3551
-12148 -3004 -8384 -7641 12283 4746
-11000 2644 -13952 -2702 10855 -1502
-7812 2960 -21448 865 9941 604
-7964 -92 -18296 550 1879 486
-7520 604 -15200 -1631 5155 1438
-6388 1188 -19876 -1376 2999 1826
-6904 2716 -20068 -31 -6450 1094
-7012 1060 -17524 -51 -11118 -229
-8356 1760 -17184 -1152 -8326 -62
-10352 1648 -17392 -2531 -9205 912
-10468 1532 -12072 1542 -7016 949
-11756 1656 -14120 -1748 -1109 -76
-10628 1252 -16060 -1845 538 -701
-9860 1836 -17972 610 -5417 273
-16432 7100 -9044 7025 -9693 -1081
-17292 18376 -21152 1237 -9068 -2703
-18856 14760 -10600 -1883 -6188 -1746
-22080 11348 -10948 5614 -7437 -3499
-13172 6760 -11800 9066 -1979 -3000
-10856 2644 -10032 9586 1920 -1198
-10080 100 -7136 7000 5228 1221
-9040 -5500 -5004 492 7861 4814
-8960 -10008 -3704 -4898 8246 7374
-2904 -9884 -1992 -10412 6990 6618
-30820 -30344 -32768 29759 32767 -6615
-4764 -12736 -9020 753 20646 -8084
-15840 1700 -11092 364 -6889 -539
-11376 -2208 -18636 -1270 13231 -516
-8528 976 -15272 -3349 12591 -425
-6356 720 -21976 -1054 7343 -331
-5528 504 -18184 -1187 7260 569
-6088 -2020 -19688 -834 6458 577
-6944 96 -20664 -5314 4967 683
-1156 2240 -21348 -5104 4711 1844
-3784 3496 -20608 -1475 -2960 511
-4328 1752 -21012 3318 -6999 -260
-5964 1512 -19788 3615 -10745 232
-5704 1532 -16964 722 -11313 709
-1904 -1132 -8928 -3157 -9969 924
-18320 5720 -16024 621 -6332 2652
-17932 9620 -21768 -1454 10607 5088
-8028 5428 -29572 -15155 4250 6881
-14096 12756 -12168 -1664 -5890 5753
-688 13848 -26716 19526 -32768 -7829
-6584 15988 -11552 16737 -9514 -8390
-2136 13128 -11964 12450 -20355 -10370
-8568 6396 -6716 1559 -5451 -6906
-12252 -1896 -7276 5158 -1381 -4266
-11916 -5668 -9352 -459 14529 1625
-13256 -13672 -10812 -8857 5407 1857
-8204 -13164 -4656 -11841 3771 1469
-7852 -11392 -5836 -9446 5222 6686
-21308 -1848 -27484 -27828 -1782 43
-9892 -4248 -18916 7168 6047 -10921
-15596 -4720 -20804 739 2729 -37
-4980 -5404 -6988 -2378 -10167 -6246
-16592 616 -20536 7090 17183 1633
-6720 -3608 -17768 -583 9419 -906
-6900 -2100 -19236 328 3215 365
-10716 -264 -15756 885 -2350 -1
-9888 -796 -14976 -435 1355 212
-7804 -324 -15208 -1976 2681 810
-11232 284 -20576 -3064 2298 607
-6392 -304 -16864 -2437 2489 -321
-8524 992 -16220 -452 1146 -69
-11724 -396 -20204 -3991 2301 1175
-9712 -472 -23576 -5182 2747 1863
-4656 3552 -16220 -2362 -5708 2119
-11448 8236 -15312 5015 -19258 2001
-10592 16904 -20552 117 -15041 3550
-15748 11388 -23536 2543 -15574 -542
-14432 12344 -12332 11212 -12585 -5296
-9400 8548 -8188 12277 -8680 -2871
-8880 6456 -6424 10128 -4394 -661
-10624 312 -7372 -529 9071 5541
-13756 -4960 -9396 -406 9534 5550
-11888 -6988 -12100 -5821 8797 3913
-6996 -8280 -8348 -7279 4090 5700
-32056 23344 27004 -14647 12762 -4749
-5364 -44 9076 2636 21335 -1388
-20804 -22736 -31468 8087 459 -1284
-1484 -13568 -6056 -1928 -9430 679
-18528 3272 -9776 640 6563 1919
-7052 -120 -20028 -392 12642 -1077
-10240 132 -18024 -3305 6963 137
-9060 3208 -16212 1628 -1591 1
-11048 -1348 -12712 -138 1591 -1155
-6784 -148 -12604 -3118 14436 -975
-6248 1072 -24024 1388 15125 -113
-4212 540 -23144 1729 3082 2339
-7372 208 -20656 -101 -3187 1319
-7548 -592 -18440 274 -5677 1442
-6100 2796 -15024 1831 -7530 775
-10772 1044 -15876 -793 -4473 717
-7144 1176 -15984 -391 -805 1507
-6940 1408 -16828 -1180 -1719 1195
-11132 3704 -18052 2826 -7011 508
-12608 11056 -22008 420 -12880 2894
-16264 14468 -21540 -667 -18395 -164
-2804 10808 -14612 7017 -21175 -1986
-9800 10524 -12524 9161 -3247 -3170
-12560 4864 -7876 10295 -2075 -571
-11060 2692 -7628 11054 -2194 706
-10084 -2204 -6452 4184 5221 4444
-13492 -6984 -9064 -3070 12576 6533
-13312 -9084 -12252 -5590 12978 -223
-4020 -8544 -7588 -9668 1218 -1486
7220 -10148 3300 -11337 3043 4761
-10084 -20860 -17536 -2550 -1002 -12802
-26292 608 -24528 6237 1245 -2099
1260 -7748 -9772 229 218 530
-12512 -1196 -14580 2213 7786 -81
-9944 -3620 -15180 -1061 4182 -131
-10276 -816 -16944 -220 1714 526
-8292 -228 -14008 -886 -550 1765
-11604 768 -15284 -848 2702 1464
-9944 1264 -15896 425 1185 1457
-10808 1428 -16468 1463 2359 -442
-8740 -1324 -17604 -1245 -231 538
-9972 -160 -15628 951 -975 1143
-10328 2904 -15180 -249 709 17
-9488 -516 -16148 -1708 7675 -1151
-4600 -20 -16284 -3529 5270 834
-5468 5556 -23160 -2339 -1915 1132
-8680 9832 -16932 5125 -9259 -343
-12380 8272 -20604 -11328 -7588 2917
-10744 3944 -11184 9779 5404 5412
-2272 10580 -12016 7765 -8865 -1321
-12768 10616 -13264 5553 -12810 -2853
-11948 7508 -9428 10714 -8977 -3996
-12228 5224 -9308 8841 -5957 -4814
-11648 -1088 -7808 1058 -4398 804
-11268 -4400 -13560 -1912 2291 5011
-12324 -7840 -13432 -5275 2896 5962
-6620 -8872 -10364 -7025 4694 5335
-400 -8340 -2176 -11528 4620 7699
-32768 -24488 -32768 7411 32213 -1070
4116 -9880 -7104 -2407 10429 -10508
-32768 29208 -25432 24331 18911 -11747
-15580 -3268 -17068 -2160 5454 -2577
-14712 1384 -12384 -4498 10724 1470
-9948 5408 -15748 2104 8754 287
-6228 200 -17528 554 3288 -545
-9064 -1196 -17432 -1240 1938 -212
-8952 -192 -15988 -2111 1875 696
-10708 1456 -17376 -2169 803 1012
-5992 2056 -16856 -146 1171 425
-9212 1244 -17020 932 3128 58
-7016 556 -19156 -64 1046 587
-7696 -560 -17992 -222 -5307 1173
-10512 36 -17060 754 -5451 1396
-8440 1296 -15636 -2628 -6890 385
-7916 5348 -12820 412 -2484 -870
-16152 11040 -17676 9272 -11798 -5570
-7492 13644 -25872 -8158 -5976 8421
-22612 8868 -17368 3032 -17260 -1522
-7900 7748 -5124 12549 -11804 -6174
-15932 6188 -10284 8485 1363 -2762
-7908 1848 -10252 9071 -4147 -1333
-10176 -1192 -7996 3187 5599 4524
-6980 -5948 -6708 790 6439 6136
-10336 -5460 -7404 -8560 6023 7184
-1512 -6740 -996 -15283 5672 8797
-32768 -9536 -32768 -10747 3509 3756
-20668 -24876 -32768 5975 13614 -23439
-15500 -3616 -23336 -3138 -10463 -17924
-2296 -5444 -25772 6089 -7970 4602
-15096 -1096 -16496 3161 -98 15757
-18200 3476 -3320 4845 578 2095
-11616 192 -15340 -1352 3252 -4756
-4052 -1224 -20104 663 -3786 3409
-12860 1564 -12352 62 34 3
-12048 680 -15152 -442 1275 -1262
-7616 752 -16448 -916 -394 939
-11256 1116 -17240 -290 -2880 1130
-10616 784 -14464 400 -4177 178
-13320 -544 -16260 -92 -4389 -338
-8536 1124 -13748 -690 -1555 927
-12524 1960 -14028 -1055 -3603 457
-12876 7652 -18704 6998 -4748 -2022
-18080 14416 -24276 5768 -14691 -2731
-19868 15224 -17140 -1950 -7039 -2695
-12748 4248 -9592 8972 -2520 -3736
-12656 5760 -6588 12159 -8487 -5049
-6484 3340 -3352 9174 -1371 -4073
-11396 -1768 -6712 3161 3613 1555
-8940 -5112 -7868 -2074 4964 5914
-9692 -7536 -7728 -5821 9431 7925
-4412 -10036 -7192 -11442 5031 6317
-6460 -5804 -4384 -12397 2972 7858
-32768 -32768 -7028 32767 32767 13699
-2796 -12516 -17708 8654 47 -4236
-13176 10656 -3732 -360 -12983 1352
-19428 3512 -11400 552 19259 -2540
-12052 -1188 -14192 448 7300 -1448
-8992 -532 -15992 658 4307 -961
-11600 -896 -16320 -1547 3261 1612
-10964 228 -14740 995 1315 1174
-11216 -812 -15116 -806 956 1051
-9436 -504 -16336 687 -2936 1162
-11836 632 -13720 569 -1932 1322
-12224 -352 -14180 -9 -1342 1116
-12520 804 -15388 127 -2025 913
-11784 -1184 -15044 -691 -2803 681
-14440 3428 -13500 -778 -1718 1629
-11016 -1236 -10880 -2282 -3546 1322
-13544 2280 -11368 -801 -2438 705
-16740 10552 -12040 722 1918 1330
-12184 11344 -15760 -17419 1973 3091
-20168 14160 -19736 1459 4564 4691
-13068 18208 -8768 11282 -19780 -2992
-9536 15636 -12872 11091 -19897 -12030
-8936 7304 -7036 5675 -6220 -8333
-12300 1976 -5572 9361 -5400 -2862
-15460 -7700 -6372 3162 -6665 5018
-9108 -13504 -10036 -714 -2694 5750
-13424 -9564 -4292 -2819 11148 5940
-11164 -7076 -2632 -5289 12601 7488
-4120 -1884 -5236 -9377 13577 8020
-32768 -14888 -21892 23691 32767 1968
2984 -15796 -9504 7798 6968 -22327
-32768 5320 -13364 3001 12600 -2842
-1216 -8452 -9556 3113 -10195 5210
-20612 1024 -7788 -3324 15111 -1555
-11636 1916 -14600 -1379 7414 -2701
-10268 -104 -18284 2060 622 -1540
-10416 -3808 -15572 -541 3265 -687
-12360 -1128 -16652 -1056 4370 -769
-5436 1796 -14500 116 4881 1849
-9932 -1964 -14644 -738 5508 627
-8340 -900 -16124 -1279 3563 140
-6280 -580 -19296 388 1922 1233
-10016 -2108 -18120 -790 -1958 1431
-9972 -1416 -17028 -615 -2054 1271
-8200 2112 -15636 1412 -1271 1097
-10736 -476 -15568 -1458 2005 597
-7748 -2728 -16440 -2744 3684 1293
-9872 212 -21580 -1934 -224 3780
-8008 1872 -17828 2877 -11005 4236
-13320 11472 -18392 -1020 -27271 4948
-14868 13508 -21240 5567 -6170 7190
-17304 13808 -14760 4639 -4371 696
-13032 15960 -16708 9315 873 -6396
-10284 7016 -12008 4951 220 -4832
-5624 4124 -7976 6133 -643 -2926
-9780 -2676 -11112 -6591 8786 2710
-8256 -7808 -11132 -7092 7942 3387
-6828 -13372 -11192 -15826 7531 4719
-32768 -12880 -32768 -29394 -22803 -8529
-4504 -17744 -3328 -2231 -2079 -13053
-30032 14980 -32768 32767 14738 2717
-120 -5720 -10608 -1936 -9539 1862
-20024 2996 -7840 -2561 13214 -2756
-9028 1604 -15420 -610 8952 -1015
-8112 -2048 -18840 -3420 4757 -19
-7612 660 -17532 1049 -711 564
-9808 384 -15560 -2000 -464 911
-9700 1996 -15948 1151 71 116
-8384 772 -14452 -115 920 126
-10340 1420 -19284 44 3171 109
-8352 744 -16588 -1492 1464 907
-8860 948 -17164 -511 -1396 1597
-10508 1432 -15824 -1015 -4417 849
-8692 1432 -15676 -1909 -5150 1335
-9796 6588 -11792 6769 -2519 -565
-13288 13152 -23180 8315 -13301 -3978
-9232 19932 -26132 -16934 -9766 3411
-15036 6576 -14136 10587 -21814 -1849
-13292 6308 -10768 8956 1762 -7850
-11560 4624 -9796 8429 -5595 -8720
-6920 4416 -7560 4965 1098 -6218
-8984 -1348 -12000 -3095 5501 -37
-8512 -5472 -11880 -4661 10695 5091
-10508 -6604 -10828 -7707 9404 7564
-5344 -9468 -4984 -13730 4038 7599
-19204 -32768 -31756 32767 31287 2603
-4828 -20580 -23196 -3824 4067 -7617
-32768 25896 -20368 2289 4535 -4169
-760 -292 -16072 9610 6157 -627
-12492 -1968 -12920 -8324 16689 1129
-10148 1796 -19672 1549 2614 96
-7984 -1456 -17764 550 -1200 804
-11088 436 -19252 -1640 -498 -121
-7052 -1804 -16468 -652 1617 439
-7680 1644 -17024 1354 -2107 1276
-10812 -900 -16224 200 -4859 762
-10796 -716 -15856 -673 -2306 986
-11420 -340 -16340 -1807 216 1280
-8596 1064 -14928 1754 -1379 1144
-13544 260 -15128 -2267 1433 191
-5600 -1672 -15032 -2629 1580 46
-8600 4812 -12904 5973 -884 579
-10664 9208 -21580 648 -5173 -1547
-22496 12396 -27896 -2097 -11489 -385
-13500 7536 -19536 1076 -12481 -287
-12308 8896 -13964 5661 -17066 -306
-11788 8616 -14664 6847 -1756 885
-11516 -100 -7884 6548 -3948 1104
-7680 -1152 -11508 7728 7138 2629
-8028 -7336 -10024 -3561 11886 5054
-10196 -12460 -6736 -6835 8591 3791
-3812 -11116 -1696 -8542 164 3623
-32768 -32100 -32768 915 -32768 -7829
7292 -11644 -16368 -6645 6046 -10411
-9232 -11928 -8084 -1460 -17484 2944
-17156 -2076 -13012 766 16437 3524
-11264 656 -14792 -176 5177 -1471
-7124 996 -17552 -2801 4694 741
-8776 92 -16544 -647 3980 1219
-8036 1840 -14760 -806 6841 643
-9980 840 -16852 -905 2327 -831
-9844 516 -16400 440 3686 64
-9132 856 -15656 1076 8075 -1480
-3060 -768 -21936 945 9979 164
-5320 772 -17484 -106 -1783 3079
-9376 60 -18284 -313 -7253 453
-8184 1160 -16108 -151 -4537 297
-6208 132 -16876 -2778 -2474 308
-7176 104 -16908 -2524 -1124 2033
-8948 4764 -12852 444 -3078 1109
-14528 15192 -17564 6237 -11558 -1443
-9136 18488 -31852 -5223 -7148 7318
-10748 10316 -14564 11415 -19339 2382
-9684 13188 -12352 12806 -7443 -1986
-12904 6148 -10404 6340 -3040 -2503
-10716 -1504 -12064 516 3362 -494
-10536 -8084 -11700 -5136 4647 743
-9156 -9392 -11344 -7168 6276 -57
-5876 -10892 -11328 -6459 3833 -1917
-108 -9872 -3876 -8577 3258 584
-32768 -21364 -32768 -11856 -29159 -6767
416 -12244 -21484 3864 11516 -10398
-32344 25136 -7484 2469 3163 -7689
-10988 -9604 -17624 -1475 -6282 5626
-12320 -844 -11488 154 -2574 1569
-10844 2152 -13328 -1360 4127 -925
-7884 12 -16052 105 4538 -1099
-8508 -1884 -18888 -1065 2690 515
-9484 52 -15460 -436 1405 705
-10908 228 -19264 302 -187 36
-7384 -508 -15344 298 -82 814
-8296 -68 -15468 40 1319 318
-10288 316 -18396 -262 4566 235
-6488 84 -17352 -952 1648 1209
-11360 -848 -17736 -779 -2247 628
-8644 -564 -16132 -2954 -2898 711
-7828 3244 -15920 4048 -4723 1197
-8616 4540 -15680 2195 1130 642
-10344 8076 -19048 99 -3633 454
-12160 13748 -19636 1680 -13850 -2028
-10836 8156 -23776 8990 -11403 -1980
-14860 5092 -12700 6675 -12862 -605
-9344 3620 -8484 14363 -6372 -1604
-12340 4580 -5112 9627 777 1017
-7416 -1028 -7436 3636 5061 4174
-14332 -3064 -10408 -5276 6200 4740
-10204 -5684 -11980 -10426 12914 3003
-9740 -11764 -11648 -8125 7106 1053
-1348 -7408 -6608 -11387 -2893 -84
-32768 -9760 -32768 -8714 -32624 -3157
4052 -6340 -6124 -4238 19962 -13727
-20140 -5236 -23220 -9276 -4300 6967
-656 -2628 -13792 3783 5456 5739
-9136 3680 -14960 -2562 7022 364
-8340 -1484 -15560 34 4993 -1796
-6240 -3020 -20148 -777 -489 -343
-8348 -1140 -17172 -582 -843 895
-9452 -464 -16632 -1358 2779 823
-8556 -20 -16764 -916 3514 -146
-6580 -496 -18540 71 4244 5
-5896 28 -19116 400 1021 637
-5500 -40 -16056 1264 -4780 2427
-11560 1460 -16348 1727 -7989 1206
-10472 -84 -17016 23 -5749 1144
-8416 -1628 -15208 -1789 1301 2242
-10628 840 -21624 -3575 -1519 2434
-15772 14864 -19444 -5487 -32768 6430
-5424 11776 -15768 -3178 -13312 7349
-5084 12640 -13272 6147 -21096 3622
-9624 12556 -9448 9716 -7839 -7518
-9328 7012 -7924 10104 -4012 -7340
-8464 2808 -8080 5290 605 -2536
-13168 -3636 -12136 -1305 9173 4759
-17212 -7916 -9860 -7895 11335 6276
-13540 -9380 -10740 -10901 6998 3006
-7328 -9280 -8848 -9272 8290 1011
-32768 -5444 -32768 -18216 -9207 -2184
-5780 -10000 -18476 -4471 9428 -8649
-18044 -1680 -20804 8913 -587 -2542
3292 -1228 -7820 6340 -20228 4368
-12188 -11568 -16940 -977 13681 1135
-7416 -1840 -13416 -3876 3376 482
-8628 1580 -18368 -2202 1157 530
-9736 260 -17040 28 180 583
-10248 772 -14444 756 3327 4
-10292 232 -18056 -996 5066 -652
-7320 -1308 -18812 -962 5053 -603
-8032 1064 -17760 811 2878 384
-8516 -360 -15588 -1254 3780 -369
-8536 440 -18336 -816 3153 73
-7000 2060 -19760 54 2304 489
-6704 -492 -18652 -1179 -5505 940
-9088 348 -18660 -445 -10767 1304
-9000 11160 -12676 6942 -13386 851
-8816 12704 -19788 -151 -6526 7016
-12056 10640 -8996 704 -10245 6851
-7196 11980 -14992 11372 -10104 -2206
-9100 8072 -10152 10713 -7999 -5318
-12208 3704 -7948 5316 -7356 -3405
-9932 -1608 -7340 -956 570 906
-12852 -5872 -11900 -8784 11088 4607
-8852 -9080 -9580 -10141 6590 2583
8764 1756 -2296 -21484 15501 -1933
2596 -20908 -12808 15470 14923 -5741
-256 -14804 -19004 4027 8164 -8207
-32768 27836 -32768 19618 8250 -1282
-8672 -4660 -15440 704 -2714 3977
-17352 4064 -10144 -3977 12111 658
-8376 1064 -12412 1172 7147 174
-9340 -980 -18328 -182 6871 38
-9492 -2088 -17208 -1546 3874 804
-6736 328 -19380 -1904 2812 1323
-7400 -300 -18580 2533 -347 1451
-13228 32 -18580 4504 -1881 -1495
-5756 1808 -15456 927 1378 1238
-8544 144 -20984 1098 -971 1203
-8620 -1300 -17248 -356 -4348 1853
-9872 -116 -16192 492 -866 757
-8868 1020 -17684 -784 -293 956
-6980 -304 -14996 -2381 -5433 2461
-9580 7960 -13152 4221 -8214 2044
-17424 14080 -19088 -1126 -23464 4324
-20040 17528 -21740 2175 -22299 6294
-10600 10844 -10944 9417 -21851 -3757
-8612 6756 -9700 11199 -511 -5894
-10700 4336 -11696 4281 -1991 -5388
-10172 556 -8724 3203 3740 -3112
-9112 -6000 -9236 -2993 11043 2335
-13576 -8988 -7332 -5571 14075 2592
-10516 -7236 -5444 -8099 945 1390
-1720 -7068 28 -13737 893 6694
-32768 -9276 -4644 14477 9652 -5087
-4224 -14384 -12232 3014 1249 -4496
-32768 25520 -17868 6760 4160 -8818
-14436 -8104 -13680 -227 11174 -701
-14164 2272 -11824 -391 13302 -59
-10064 160 -17176 385 8252 -299
-9376 -1352 -16624 598 4297 360
-10472 -908 -15128 -741 1357 1158
-10032 -488 -15784 237 1694 269
-10392 -1440 -15860 -641 1314 844
-7704 -644 -14196 -454 1885 297
-10704 808 -18740 -588 850 -206
-7020 1796 -16440 1826 1740 -234
-12136 -4688 -18532 -3734 -3324 -197
-5376 1540 -16236 -433 -716 989
-8868 1384 -16512 -192 -5279 1414
-8084 7692 -9152 3163 -5569 589
-12404 9224 -20752 3707 -13483 800
-22056 10248 -21520 -4125 -15355 2225
-9184 5664 -10448 7442 -23222 955
-15728 4068 -11280 8749 -11582 -3176
-13048 4848 -5608 9748 -9641 -5897
-11684 2464 -6120 6027 4840 -3435
-10000 -4136 -5044 -1329 8001 1726
-9312 -7272 -7152 -5610 20457 4826
-11228 -10848 -10424 -9421 4845 3001
-4316 -8856 -10168 -13707 2694 873
-3180 -6784 800 -13708 3578 3584
-16508 -16704 -9208 -6476 -5659 -19544
-32768 9816 -32768 16466 1190 13972
1580 -7368 -9056 5415 5088 -135
-17280 -3612 -12044 -2644 15649 -1240
-11520 1120 -16768 -2256 14921 -452
-7024 -992 -17648 1507 10532 -607
-6744 -728 -20396 -97 6379 469
-7292 -992 -17712 -2128 6395 1130
-9576 648 -19056 -1669 4941 1151
-2820 -972 -21316 -667 -5581 192
-5168 2668 -17416 538 -9978 956
-9864 -776 -14912 -37 -9645 -220
-9424 -824 -15760 128 -6465 487
-6744 -900 -17408 -416 -2238 1010
-8816 1164 -16260 -1562 -1426 1121
-12956 1488 -10660 299 -2742 536
-10064 10892 -13756 6073 -6899 -4601
-11700 2048 -19400 -1288 -6378 2823
-21020 12248 -22408 2427 -13806 -697
-19644 6484 -9668 118 -9400 -3468
-10884 4680 -12888 9565 -7376 -4571
-13644 5420 -10872 7908 -293 -2484
-12736 2656 -6984 3501 2760 -187
-8956 -1264 -7704 -1220 9633 1923
-9024 -5028 -5628 -5746 10358 5949
-4508 -6592 -9096 -10683 18222 7715
-3580 -4316 -6908 -25881 13933 7278
-3820 -28856 -16616 7547 9617 -13800
-18540 -15404 -26968 8764 -336 -3032
-15408 22008 -8408 -122 -5907 -3101
-13092 -4416 -15608 -136 12282 -1424
-4352 448 -18732 -1830 12739 -223
-6784 -2504 -18776 -1187 -1203 1146
-9064 976 -16276 236 -3093 933
-8556 -220 -16176 69 2462 -146
-7344 -2648 -19372 -153 2040 42
-6776 -240 -15504 447 3204 543
-9228 -104 -20464 -156 4571 -311
-5476 -552 -18956 -418 4382 -729
-5300 -684 -19212 -334 229 551
-6056 -32 -18260 199 -2502 1222
-7528 968 -17172 -1338 -4504 1177
-10028 -1000 -17168 -405 -5058 1048
-6756 404 -16348 -431 -4413 899
-10696 320 -18316 1647 -7118 1499
-13372 13596 -12684 5014 -16295 1620
-18108 5472 -18060 -4742 -25765 9558
-20128 14400 -18984 7188 -7887 5463
-16752 4492 -13192 10237 -11899 -7286
-10652 5868 -9664 11668 -256 -6339
-9140 1296 -6056 2025 -173 -5127
-8328 -568 -6548 -2371 5545 -2668
-10120 -7116 -10516 -8497 5516 2334
-6972 -8432 -9180 -6707 8579 3418
-4812 -7272 -4196 -11806 6104 5695
-32768 -24788 -32768 10678 -15239 4735
-10756 -21532 -19316 -5747 -5189 -6890
-25264 13344 -25400 9838 28474 -4610
-9356 -9148 -13140 -428 9912 2873
-15960 84 -11720 -697 7461 4033
-11468 596 -11800 -587 9163 -2396
-4324 -104 -22216 -745 13965 -323
-4860 -1436 -20020 -775 3283 571
-6868 -552 -16360 -545 430 717
-8116 -524 -16652 -596 6435 159
-6356 -460 -19144 -537 9085 498
-4684 -468 -20804 -233 4452 -38
-4976 -648 -19368 220 -4614 426
-7424 12 -17940 639 -914 297
-6156 -1332 -19736 157 -997 1011
-6532 -1408 -19460 349 -6215 638
-7440 -672 -15976 -776 -6624 590
-8556 -736 -16776 -1891 -463 1736
-7092 8320 -11080 4163 2205 -1281
-14000 12304 -29592 4423 -21341 4221
-29396 18956 -15000 -13852 -32768 433
-6664 3660 -13224 7165 -28960 -3081
-13508 6156 -11712 5536 -10872 -5841
-12436 4644 -8052 2932 -666 -8600
-7116 3064 -9116 -4616 423 -7548
-6164 -708 -11192 -12230 7788 -4367
-8024 -1984 -15536 -15588 10094 -3963
-7408 -4424 -15788 -19016 6085 -5353
-9236 -5732 -16744 -23366 5629 -8459
-1552 -5656 -9308 -24142 -3611 -12854
40 -2776 -7000 -27500 -5599 -7443
-29364 -20244 -32768 5709 4316 -11933
1200 -12736 -16196 3528 14990 -4410
-32768 5520 -644 2628 -13238 -17424
-3112 -5896 -17056 2357 13494 1595
-10308 -1120 -13380 -2747 9858 3374
-9588 2508 -20060 874 5123 849
-8752 228 -18004 451 -3751 584
-11816 -2012 -12672 -1039 -8934 -758
-10324 768 -14900 -766 -582 -74
-8616 -836 -15844 674 5415 -544
-7924 -1000 -17748 -284 5100 -108
-8916 -724 -17172 -858 -54 775
-9764 244 -16692 632 -3378 844
-10956 16 -14008 -1416 1349 377
-7804 -144 -15360 -2388 6707 -237
-9728 2164 -21712 -1221 4997 450
-8248 8564 -17756 168 -1982 -1461
-6000 11648 -23704 2101 -16189 1636
-15200 10748 -18604 74 -21612 -1171
-13840 8336 -9652 4147 -12656 -2832
-8260 6028 -13404 7521 -9272 -5176
-10212 3340 -11116 -6456 -944 -5006
-7128 -1904 -14516 -6233 2972 -4046
-6076 -5492 -19208 -12800 12791 -3558
-15056 -8792 -16720 -10748 1938 -2288
-9228 -4056 -5016 -10562 886 -3468
1160 -5460 -940 -16402 2317 2690
-10044 -9280 12524 -2285 10211 -634
-4532 -11372 -21036 7101 2394 3526
-5852 5668 -14496 -5135 -10807 3054
-12732 -2280 -14244 3368 8102 -691
-8020 1272 -18544 -1272 9594 700
-8508 -1196 -19072 -585 1518 -343
-8640 -448 -17460 -474 -5157 522
-8680 836 -13920 -1218 -1287 34
-10440 636 -17752 -1401 -605 105
-8840 1144 -15412 500 1760 716
-10620 -168 -19108 -1158 286 -29
-6796 -24 -18384 -685 1001 -772
-9808 296 -17040 -680 -1583 193
-10968 312 -15912 -79 273 1460
-8316 1108 -14076 -2115 3337 62
-5908 1892 -18960 -1804 4696 580
-7320 1708 -16300 -1132 -1557 897
-8024 6296 -16968 6262 -4368 -2157
-7880 14132 -20668 797 -6438 12
-26236 11776 -15728 -3328 -11399 487
-12468 9688 -12976 7223 -15133 -2515
-10192 5972 -12920 8111 -13172 -3312
-8100 2956 -8504 3023 -6936 -691
-11076 -1088 -11524 -2667 848 3259
-12592 -2524 -16056 -7473 2831 3293
-11520 -4644 -10756 -9260 -819 887
-3676 -6924 -6464 -8860 2195 2271
-32768 -14972 -32768 -14320 -8869 4266
-2984 -8928 -7540 8146 7272 -9095
-18044 -3724 -21480 4233 6139 -7533
-336 -5416 -6120 144 2867 -981
-13668 -132 -17008 -475 13785 1512
-8648 1132 -13320 -2088 11854 -1067
-7468 752 -20048 28 10278 -2617
-5552 -2656 -20360 -2537 4255 333
-8156 -1280 -20900 -1327 -2398 1148
-6476 1748 -13728 -485 -551 1153
-5736 3084 -19988 -581 337 469
-9644 1144 -18876 256 1401 365
-8844 640 -17248 410 1369 17
-5152 928 -17304 729 381 258
-9128 228 -19404 807 -1778 1379
-8536 276 -15208 11 2072 -905
-7752 1824 -20060 215 -389 254
-5416 20 -17192 -604 -2802 699
-5372 4728 -13396 -35 -3741 754
-6392 6232 -14004 2514 -2642 386
-19496 9240 -28776 3709 -5380 -3783
-21008 4764 -30812 -472 -19765 2970
-14084 7580 -16500 11117 -22763 -2679
-12344 9788 -9104 11401 -12359 -3399
-10324 5232 -6384 5858 -2454 -1607
-11020 1044 -12076 1168 2506 1031
-10388 -4272 -16792 -5157 6835 2630
-8176 -7424 -13452 -3812 7958 1502
-2148 -11128 -2852 -6727 6284 1709
-824 -9656 -1072 -12662 9924 4608
-32768 -20632 -22512 30261 32767 10470
-18320 4948 -29540 11625 -85 12620
2244 -5336 -11308 -279 -1936 5329
-16636 2956 -14396 3429 10072 3732
-4288 -592 -15300 1431 11795 -2630
-8856 -2516 -19336 -738 5416 -200
-7372 488 -17088 -1772 -2458 1495
-11024 1584 -16996 509 -246 750
-8352 1856 -14708 -328 3949 -198
-7016 864 -17812 -250 7928 -579
-5760 104 -19920 -225 7291 17
-6720 -188 -19928 -512 -2268 1631
-9680 1744 -17408 311 -4152 1013
-7156 1136 -14336 -1742 -837 -538
-3340 -1420 -14688 -5249 -3780 -333
-7848 2904 -16848 -492 -4259 -35
-14688 10300 -13936 4516 685 1071
-5796 12644 -23120 -8113 -4336 6403
-10140 8100 -17356 -2153 -4883 1020
872 11524 -18784 8377 -24584 -2732
-13668 13316 -10628 14043 -11599 -7422
-9168 7152 -9008 6335 -12772 -2960
-3220 868 -10116 5976 -447 3273
-12044 -6212 -11524 -2686 12576 8420
-12388 -8716 -13820 -5469 15042 7368
-8228 -10252 -8792 -7715 10055 2951
-25108 -11384 -32768 -10572 -1976 -3472
-13332 -7208 -10976 529 2195 -11471
-20056 -7556 -29468 4491 3723 -7877
-11520 1484 -15368 -11024 -9212 3
-1876 -1152 -11468 264 -1233 6589
-9576 1328 -12976 -1667 2383 55
-9720 812 -16604 329 7330 -426
-7548 -212 -17772 -715 1985 1080
-8524 -600 -18884 -3289 -4556 789
-9064 1860 -15244 -1350 -3770 1233
-11300 1964 -17032 152 1640 205
-8504 1124 -16624 339 1493 389
-9648 592 -17028 -576 -1286 1089
-9152 1748 -17056 -141 -2871 1025
-8404 596 -12616 -1224 -4810 1800
-10764 84 -15844 -5919 -14460 -2208
-11908 3396 -22436 -3401 -1410 3852
-12216 7388 -7728 4986 729 -2661
-12880 7984 -11864 9731 -1834 -1316
-14660 18956 -32768 -3245 4368 1618
-13772 1124 -12276 9628 -20138 -5528
-13532 11592 -13620 10685 -10607 -5669
-8120 8092 -4372 13948 -6704 -9901
-8864 4772 -6364 7802 -4773 -4991
-4980 -3912 -6148 1886 1442 2309
-8112 -7700 -10480 -2016 13971 7643
-11016 -7576 -8264 -7077 14843 6986
-7792 -9396 -8916 -10743 6781 3594
-5612 -6540 -6920 -11860 11570 3847
-25852 -7204 -32768 -7575 9298 -10804
4176 -9204 -13948 1692 4267 -16368
-21944 -1884 -32768 10418 8456 -919
-10116 -12956 -16032 2208 -17917 2601
-13576 1448 -17576 -4018 20824 -851
-6824 -1892 -16916 -4099 3248 -239
-8124 -132 -24656 -4580 -4341 1165
-7804 1720 -16272 4032 -4158 756
-8788 4688 -13584 589 1295 -337
-7664 -2116 -17604 14 2903 403
-6864 676 -15756 841 2140 727
-9376 116 -16968 -241 1822 241
-8476 -264 -19040 -449 -2415 1170
-9120 752 -15660 -941 -2989 1383
-9532 332 -15784 -1666 -1521 498
-7860 568 -16296 -1264 -1567 2108
-8432 9660 -12404 3179 -510 3023
-16956 11112 -17068 1319 -14234 1081
-23720 16008 -26948 -1839 -16396 6511
-15940 15736 -14520 4670 -22044 -3106
-13948 10032 -11668 3635 -6477 -7749
-7872 4824 -10236 -359 -3852 -8117
-7020 1408 -12920 -7204 2690 -4822
-8976 -1440 -15400 -13618 8360 -3248
-9972 -2476 -19056 -15765 13046 -5275
-9572 -5768 -18932 -17985 7390 -8612
-4556 -9664 -11072 -14541 2157 -9899
484 -6728 -4144 -19635 -1519 -5582
-21924 -32768 -15508 15976 20819 -12149
-12936 -7920 -20724 4064 4884 2140
-4072 -13172 -13428 -6660 -10168 -1443
-10180 268 -18324 1958 10399 8808
-5836 3224 -16392 -1374 5089 -1725
-9232 72 -18088 -2600 2802 -1172
-7636 1024 -15064 -382 -4886 1057
-11652 3240 -13860 -105 1112 830
-7104 1664 -14660 -946 7521 -2253
-6540 1740 -22292 -977 9734 -1091
-4256 340 -22532 1656 -3889 674
-10644 1880 -14704 1071 -6530 254
-10456 2540 -17304 -2368 -7003 201
-5992 916 -15720 -567 -2962 57
-9816 2976 -14144 -1441 -2652 1085
-11144 5524 -13552 5174 -1373 -275
-7404 11612 -18292 2141 -14897 -2370
-11876 6936 -15340 -9354 -8966 1751
-22456 15548 -27988 2345 -17991 -4510
-7112 8752 -7812 7461 -16278 -9973
-10360 6840 -9224 1780 -3140 -8879
-7668 4488 -10196 -1732 2762 -7989
-11580 -576 -12096 -5419 1467 -5158
-8212 -1552 -12452 -10328 9369 -1531
-10712 -4984 -12480 -14951 7012 -363
-10060 -6728 -9276 -14663 5236 -2362
-8860 -5488 -3148 -12907 -1344 -3586
-25296 -9824 -32768 -17624 -13171 -5219
-9544 -24420 -14332 4374 -87 -2262
-32768 18020 -15840 7354 8561 -10304
-16028 -1316 -22360 -3046 15558 1388
-13696 1328 -12076 -690 17078 3159
-9356 1804 -15560 -857 6055 -187
-7524 92 -18612 353 -4593 224
-13168 88 -14988 -790 -2804 600
-8116 2520 -15512 473 -288 1427
-7108 2768 -15668 1813 -2316 1330
-11816 912 -15408 1975 -9608 1666
-14180 2252 -10992 650 -7065 -75
-12276 928 -14248 -312 2530 935
-11948 1508 -14844 746 416 332
-12052 1340 -13728 -1043 -965 986
-10416 1380 -10048 -1058 1311 63
-13232 3652 -15984 -551 3234 182
-12656 7776 -16440 1039 -9137 -2223
-11980 10824 -22524 415 5666 -1669
-17588 7804 -18528 4103 -11902 -4248
-13376 11936 -15232 4504 -10905 -6496
-8708 5140 -12072 7924 -7705 -7511
-9348 4232 -8576 4006 6546 -4176
-9096 -3140 -8508 976 5361 -1630
-8772 -3832 -10560 -5550 8305 -988
-6444 -8316 -6644 -11837 7984 351
-7568 -7412 -10032 -13520 5487 611
-2120 -14880 -744 -11148 -1374 4503
-10856 -13392 -22580 -12046 -8276 -12828
-32768 4820 -32768 3992 -9252 3986
-16480 -2376 -15336 750 1566 5556
-12104 5748 -10840 936 11952 1553
-10576 2620 -16488 1090 7027 -911
-7944 160 -17392 1157 -1401 860
-7804 -556 -17168 370 -4004 1122
-12456 1856 -14956 -579 -1353 229
-9944 252 -15268 320 -1244 116
-10612 652 -16384 90 381 189
-11352 308 -15620 90 4551 271
-8944 2440 -15988 10 6973 362
-8412 1076 -15028 -372 5340 -22
-9672 1460 -18332 255 1088 310
-7992 1208 -16168 -464 -610 663
-7680 1312 -14448 -536 -3368 447
-10704 6092 -15940 4609 -8233 -1939
-13224 11072 -17352 -1633 -9065 986
-12352 21260 -30776 502 10778 623
-7232 9240 -16704 403 -10664 -4542
-5312 8548 -12532 13049 -15051 -4699
-9664 4568 -8464 8072 -9032 -3511
-7764 1716 -11464 5527 -714 906
-9316 -5052 -11076 -2076 6915 7409
-11184 -5292 -14828 -4122 7739 8053
-11304 -7644 -9332 -3299 4365 6393
-9164 -1612 -2068 -7488 4244 4737
-31728 -14764 -11872 7202 17074 4083
-4324 -11508 -7224 5685 -5647 -10538
-18940 -4960 -20464 4789 2645 -5534
-8008 -1604 -30896 3491 -1409 -3199
-8092 -13860 -8716 -2367 12145 -2762
-7236 -788 -5212 3084 10820 2232
-24232 -108 -32768 -298 -8291 6276
2796 -3788 -16296 -1297 447 869
-6660 -2324 -18092 -1956 7309 1234
-9780 1236 -16252 -2267 3712 -832
-6580 780 -17544 -2394 6900 -724
-5336 4376 -19740 -1942 6602 1603
-5808 2100 -21576 1833 -2322 768
-5916 -1032 -20620 -543 -11179 1566
-8244 940 -14888 -731 -10121 985
-7412 -256 -14696 -3072 -3989 336
-9356 2516 -17468 -680 -6543 1551
-9260 8520 -12984 1372 -4550 -635
-16312 12604 -24988 -3839 -2458 343
-19192 12892 -22068 -18626 -9279 3252
-1024 11520 -10776 8985 -18077 -3190
-6468 11932 -8808 12723 -8526 -10928
-6024 10464 -8704 5156 -5099 -7068
-8616 1592 -10256 3158 -1862 -887
-13076 -2040 -13080 923 5753 2226
-15540 -3596 -15412 -1914 7116 3046
-11176 -7148 -9184 -4229 5661 2525
-6672 -9196 -10544 -5715 10952 2753
3036 -9264 1288 -7247 6689 110
-14696 -9936 -22268 -5099 128 -10201
-13720 -13528 -29892 1466 -1010 -4621
-9748 -8148 -10096 3503 -12019 2716
-15488 -1868 -16256 -1812 20873 -849
-5300 -1148 -19888 -1520 8977 73
-5436 1872 -20580 -43 -7154 1287
-9708 -836 -12264 -7 -6983 239
-9616 1892 -14456 -1835 1382 -690
-6572 2692 -15068 648 5976 426
-11472 1256 -19668 9 5723 484
-7280 604 -18256 -387 2010 209
-9928 656 -20660 -1438 -2339 1507
-6672 1964 -13900 1679 -2483 1007
-9492 828 -16956 -134 -4872 655
-8536 2100 -15220 -667 -3305 609
-9416 10180 -11348 3886 -577 -341
-12756 11648 -18136 1759 -9526 -2632
-19124 13676 -29532 -8477 -4016 975
-4600 8732 -11772 5042 -23417 -3377
-12036 9320 -12704 8964 -8423 -4364
-7820 3840 -6720 8340 -2928 -2930
-11128 1052 -12012 5405 -988 -1807
-8952 -784 -10428 -856 2942 2195
-12216 -5560 -8940 -4491 5425 3569
-6136 -7384 -4772 -9385 606 5882
7968 -2140 -4156 -18058 11434 -91
-4236 -24428 -6276 6720 16964 -8768
-4172 -9296 -27616 5654 16181 -5394
-3604 6964 -17860 -1915 -4039 1829
-6300 -64 -13896 3773 312 -353
-10980 -1624 -15412 -2210 7162 1161
-9288 -440 -16776 -330 996 885
-10852 0 -16748 1059 -2386 2171
-9168 28 -13016 1095 1384 1415
-10872 0 -17688 -472 2260 623
-10012 -324 -17208 935 -1374 797
-10536 -112 -16308 674 628 -23
-9936 1060 -16536 -93 -1800 303
-10684 -696 -14988 378 -1592 697
-16632 884 -14344 -361 999 -923
-2852 168 -15460 167 -806 -227
-6804 580 -13688 -920 -2701 2463
-10932 5456 -14624 30 -8486 1152
-12236 6236 -12904 -2561 -5592 3796
-18296 8968 -20616 -4283 2071 1675
-14244 12392 -22232 4635 -7871 4172
-9364 9024 -11168 9143 -9637 -4637
-10444 10148 -10304 12084 -1161 -6959
-7764 7080 -8988 7074 998 -6152
-8856 1880 -12016 4784 1429 -4764
-6796 -3420 -11920 -1999 11248 670
-13364 -9132 -11964 -6798 8728 3238
-6572 -11096 -10964 -11258 9683 4095
-6652 -8452 -9016 -15285 4427 4244
-32768 -3716 -32768 -15507 -28488 6004
192 -20948 -17692 3769 9284 -13189
-32768 16876 -32768 6211 -3141 -583
-6532 -7132 -23884 8657 -4811 -1211
-6820 -1848 -12028 132 10376 1968
-11452 -1088 -13320 -1487 830 877
-8092 824 -15208 -170 619 557
-8376 -1468 -17216 -215 -1196 1759
-9112 -1632 -14956 -371 1262 1135
-4292 4092 -15216 660 6661 -997
-11484 376 -16760 -927 411 -1618
-8068 1292 -17812 1055 2414 -524
-8236 -2232 -19000 -380 -584 1084
-10992 232 -16712 -1660 -2698 1787
-7956 436 -14940 -623 -2584 396
-6348 -956 -15004 -5092 -1515 1128
-16456 4140 -26684 -4933 -4751 2867
-7440 12860 -16400 9870 -12551 2413
-19820 20504 -21836 -11213 2200 908
-12544 12344 -14308 7192 -16726 -169
-8292 12728 -10552 13357 -5626 -6209
-6832 10980 -15000 10506 -3494 -7053
-6248 1948 -9108 4578 -6011 -2457
-8644 -1868 -15316 -1562 12366 3063
-12828 -7716 -14908 -775 18902 2041
-11728 -13772 -18088 -10985 10773 539
-2864 -14636 -7848 -1767 11809 -665
-6548 -12644 -8248 -1644 7095 -349
-11796 -23604 -12464 254 6968 -23020
-6136 -588 -32768 6776 -7075 -1068
-7924 -568 -8656 -5602 -10788 15380
-12988 7348 -12748 429 11507 -2473
-4052 -1924 -20212 2670 5014 -302
-8760 1260 -17612 -325 -3571 1118
-7388 224 -14716 1521 -21 -216
-8052 316 -17176 1697 -972 -636
-9168 -576 -15764 -2912 2223 997
-7960 1252 -15520 604 2608 405
-7992 1616 -18140 703 3054 308
-7744 -200 -18956 -2148 -58 1486
-8060 1568 -14784 568 2245 1779
-6944 2016 -17368 -616 474 -413
-6412 652 -17316 712 -1026 1608
-9200 1800 -15236 2717 -3200 614
-10868 7344 -14848 5704 -153 -2218
-18004 15168 -27668 -5759 -9457 841
-10848 13188 -19692 457 -12879 -727
-9432 12236 -22172 5021 -20453 -225
-3896 4188 -10124 3715 -19316 -1341
-11992 8020 -15448 9196 -15802 -108
-13536 3120 -8872 8058 3865 3762
-11652 -3568 -12848 5986 3733 5220
-12104 -4456 -11408 -1011 8022 5091
-11252 -9476 -5424 -5868 5994 897
-6652 -10440 -5356 -9797 5497 -520
-2500 -22360 -5016 -9814 740 1790
-4684 -15016 -14372 -4710 -5004 -21793
-14488 7176 -8716 -1211 8102 -10241
-29940 17168 -31204 4801 -3837 -2492
-3012 -7432 -13844 4837 5179 2345
-17512 176 -15940 -1782 8169 -779
-8800 -984 -14440 203 2395 -2360
-8116 -1912 -17796 -1292 6740 -21
-8396 24 -15776 20 6225 558
-10336 -564 -17056 -1231 4863 313
-7880 -764 -18024 -100 1894 160
-6976 -276 -17512 -871 1126 581
-8836 -516 -21904 -965 -4913 1170
-8656 -468 -15784 37 -4294 1414
-9284 2692 -14468 485 -5399 -8
-7756 -32 -16716 -1328 -2357 592
-7456 -1864 -13468 -1983 -3187 1302
-13952 7212 -13908 -940 -4881 2186
-11980 9920 -11936 580 -4244 4154
-20884 8000 -20840 -3780 -3666 4396
-4048 13536 -2748 1914 -9065 4137
-10284 13276 -16924 8815 -15406 -4435
-11304 8456 -10336 5265 -7218 -5146
-10164 1640 -11452 5134 -3996 -3636
-9732 -1000 -5136 2200 -712 72
-11256 -5572 -12964 -4518 13113 5998
-14572 -8484 -13712 -4897 11800 3715
-9332 -9468 -9104 -6024 10551 904
-11452 -13044 13028 21367 9161 11706
-12704 -21756 -13788 13011 6530 -638
-16724 -11008 -27728 5814 4391 -3698
6240 -16148 -8488 184 -13750 4469
-23272 -536 -10056 -2191 11447 812
-10228 -1092 -17416 1729 3324 -2293
-10884 236 -15324 423 7945 611
-10412 -412 -15172 1015 3882 -526
-11192 -2268 -14940 -594 4216 -586
-9812 -1648 -17056 -597 4207 211
-10608 216 -16056 -1312 1594 303
-11048 1164 -15128 -687 278 -22
-7304 1760 -16432 -386 1263 -431
-8640 -1672 -17020 -211 1602 734
-11280 2360 -16372 1114 39 357
-10576 -216 -18012 -354 139 1127
-6952 -1268 -13760 -217 -1089 1069
-8436 -880 -16000 -3783 -4074 2329
-15352 9748 -14724 -1230 -6429 3320
-15592 18544 -14252 3122 -11671 6498
-11048 12656 -18384 -4376 -6557 6392
-8880 10372 -14316 6396 -13715 3680
-7116 11928 -9740 11764 -7656 -7191
-10616 8288 -10636 3827 424 -6645
-6072 -1892 -10712 -1935 -1812 -3682
-12132 -2036 -16520 -5052 10548 3317
-13896 -4728 -15528 -13244 3557 1173
-14972 -13760 -11980 -18201 3731 -4020
21740 -32768 -32768 -5939 1133 3592
-15864 1464 8040 11638 13062 4465
-20624 17824 4488 8003 7052 -13048
-16864 3656 -4468 -824 4522 1242
-17684 -4848 -16768 -565 18575 -3212
-7100 -1152 -15272 1869 1012 -1448
-8216 -1656 -15428 -268 5745 775
-11032 -504 -14808 820 2340 372
-10036 -1056 -16140 -1185 7183 -152
-8948 -172 -15820 42 3984 -83
-7776 -992 -17040 -104 4450 -161
-7600 -740 -17832 34 3007 -382
-6920 -1016 -18744 393 2851 -118
-5988 -1704 -18488 -206 492 901
-8264 -936 -17568 388 -3084 1936
-9288 -648 -15808 -67 -3406 1554
-8120 -736 -17424 -682 -1712 1429
-7616 1356 -17736 874 -1870 2296
-8668 3476 -16416 -225 -5643 2259
-12596 5400 -15820 3136 -7609 2640
-3732 9280 -15492 5683 -10547 2615
-17376 10892 -23672 507 -14263 3865
-17504 10136 -15280 8896 -11759 -2628
-13816 6808 -11292 5487 -1826 -2602
-10604 836 -11808 2617 3597 -2550
-12872 -5672 -11144 1378 1204 -2031
-6448 -4712 -11904 -10764 5890 1838
-4684 -9484 -10616 -16667 1238 -291
-32768 -7648 -32768 2440 7890 -1196
-10244 -10060 136 -2646 3845 -279
-3756 -11872 -20088 3238 2901 -7904
-9456 9768 -17764 -1442 -4126 -5891
-10356 -8472 -15240 834 12214 140
-7200 -3496 -15412 1425 4047 -1577
-7448 -1140 -17964 940 2066 343
-9856 -1944 -13508 253 1304 502
-10140 -1916 -14816 1320 3862 -594
-8012 -940 -15236 -789 7348 -688
-10140 -1900 -20080 91 4427 -819
-8148 -2032 -18004 -228 3132 588
-6788 -1284 -19068 1253 1131 1020
-9256 52 -15044 658 -3039 1879
-11808 -1888 -15144 -882 1147 -52
-6588 -600 -15772 -1225 5418 1593
-4700 -1736 -17808 -2665 -2 2921
-10176 5632 -15384 10 -9265 7349
-9900 11192 -13580 -1872 -18243 9092
-13704 11236 -19576 1007 -6908 4911
-8248 10784 -16476 5922 -14217 -2508
-12432 11244 -11736 4817 -9850 -5218
-8368 7864 -13424 4888 -6739 -8009
-11292 2344 -12880 -591 2323 -2982
-12860 -3028 -15712 -324 6854 2129
-15964 -4884 -12496 -5892 7257 4987
-6564 -10388 -5432 -21565 -418 382
-22200 -20240 -32768 -9334 9188 8126
-32768 -21796 -32768 20538 7576 -5189
-21792 -25116 -32768 -959 -13632 -8689
-3888 -4904 -15132 5613 -2819 -6863
-3148 -11668 -8608 2124 -5943 1354
-19616 -92 -12676 -1834 10041 -1222
-10192 996 -17372 1594 4899 -1913
-12704 -1396 -15876 -134 7580 962
-9620 48 -15460 968 3148 270
-11812 -892 -16528 -161 2103 491
-9272 432 -15220 462 2770 349
-9384 -712 -16156 -178 3790 430
-10396 80 -17940 -118 2684 319
-7468 -792 -17080 128 2231 401
-7100 -1220 -18324 40 -146 1713
-8412 -508 -17088 787 -3160 1716
-10692 -1008 -15928 1213 843 2889
-9488 184 -15060 -1015 22 248
-6964 -648 -16204 -1604 -374 1633
-11004 4808 -13992 -473 -4428 2497
-10708 9816 -13676 3600 -17534 6123
-15832 8908 -13560 -2865 -12964 5776
-19964 12044 -16716 5735 -3870 2914
-2208 18976 -7900 7688 -4400 -366
-9608 10860 -15552 4273 -11049 -6102
-1304 3044 -9496 8270 -2225 -4322
-11884 -4920 -9196 1807 13513 2266
-8200 -4932 -7980 -2930 16163 3971
-28148 -32768 32767 32767 32767 27989
-32408 -25468 -32768 -22023 -32768 -17822
-7016 -9008 -10528 -15366 6707 -7035
-18700 7616 -32768 17799 -1407 2173
1644 -10164 -9560 4316 3151 2285
-12484 -1996 -15604 -2094 8073 -2052
-8432 3764 -20264 331 999 -228
-8640 -1376 -17112 2187 -835 372
-10032 -2608 -15228 -1202 2597 -553
-6348 -772 -16588 699 2516 86
-8908 -996 -19556 -1111 3420 161
-6616 -428 -16004 -542 2719 -277
-7596 -344 -18380 -667 4389 -786
-6132 -816 -19352 -160 2849 1190
-7596 36 -19356 567 -647 964
-7100 -784 -17280 -1061 -2992 1012
-9200 -268 -17204 -1297 -1318 789
-8348 196 -17408 -334 -412 136
-5008 756 -17340 -301 -1942 2103
-8720 5440 -15284 5952 -4699 974
-11532 10104 -17368 2051 -12784 2108
-15456 14976 -25024 -2313 -9081 3490
-6588 11036 -18672 7066 -15260 453
-8384 10220 -11108 6052 -9775 -3636
-11532 7872 -10544 4554 -7971 -1600
-8148 828 -14676 -1643 1180 6173
-14976 -4968 -11796 -11714 5568 3143
-11652 -9396 -13096 -16205 4287 -1491
-7276 -11296 -4316 -9627 1389 -512
8652 -18436 -764 8757 -6206 -1102
-9904 -16976 -6056 -673 -809 -9091
-24336 5748 -12536 -277 2340 -7430
-11068 -15668 -7824 3723 -10431 21
-21780 -796 -14132 -1586 18001 -270
-9624 600 -20060 2512 3711 -814
-10908 -2928 -15016 699 4703 1735
-10444 -648 -15104 166 6450 220
-8872 -1164 -17868 -901 6871 267
-7716 0 -17096 277 3956 260
-7368 -32 -15512 -415 2678 -203
-8020 -1764 -18060 -670 1185 17
-3616 -1028 -17628 -186 250 339
-7164 -1092 -17636 -506 -1628 1669
-9216 516 -15448 145 -3501 1013
-7900 1824 -14484 -345 -4225 726
-5836 -1080 -14356 -3128 -7449 1807
-11688 2496 -16076 -1806 -12754 2902
-11132 7004 -7484 -1049 -8785 2821
-11156 12504 -21716 -6194 530 1671
-18460 10476 -16904 -952 -5378 2101
-10504 13764 -15792 11233 -21106 -4923
-9104 10156 -9028 8263 -14101 -6384
-16072 2000 -12284 2943 -3922 -4914
-12728 -1456 -8616 5789 -838 1291
-13760 -2712 -9760 -3530 16839 6085
-12024 -11228 -6804 -11067 1011 8123
-32768 -896 -32768 -16503 -402 7759
6956 -32768 -16840 19417 13746 -5818
-12860 -12752 -28944 10994 6527 -4559
-32768 32767 -32768 10909 -4640 -468
-8180 -11684 -8728 1946 18837 -1772
-12524 260 -12892 -1587 9678 -3431
-5412 3124 -20700 -704 7506 -921
-7436 -2696 -14080 -105 5142 464
-10272 -1316 -18484 -1624 3351 -241
-6620 -1224 -18236 -275 2877 -77
-6496 948 -18744 195 3657 507
-7052 -448 -19248 542 106 829
-5932 -1780 -18116 862 -3811 858
-9908 -820 -17188 -165 -3559 1261
-7992 -528 -17448 665 -2812 834
-8000 -784 -16264 -1065 -2185 2192
-7180 764 -16056 -704 -4234 1259
-8832 -108 -16120 -3903 -3955 1706
-13216 2748 -21092 1663 -7453 3222
-9912 5724 -13444 -870 -11893 3989
-11508 14464 -23500 700 -5640 3227
-21400 12400 -15248 1095 -9425 3293
-11600 15184 -15568 13744 -15993 -8895
-8360 6516 -7388 8407 3908 -9058
-8928 1840 -8504 6220 -1500 -3863
-5132 -4072 -8676 2428 3593 2196
-9252 -8072 -13144 -5500 12664 7420
-10612 -10000 -10648 -5908 12897 5422
-7152 -11012 -4632 -8567 4280 3144
-6892 -5256 -19476 -23749 6106 -804
-3748 -20812 -18540 -7011 4118 -20415
-32768 9896 -3040 -10991 -16725 -25654
-8724 -5072 -14484 2858 8172 1556
-9196 -444 -13584 -3373 11079 968
-8136 2292 -19228 240 3945 -594
-8212 -1872 -16676 1987 -194 -992
-6536 -544 -18632 -692 7065 -283
-7952 -48 -19420 -189 5466 -157
-3728 -1184 -22268 1169 2643 -38
-4316 -888 -17972 1197 -828 148
-6752 -852 -18156 973 394 83
-6872 -292 -17192 -792 1418 299
-6096 1612 -19276 755 -173 1524
-5148 -2068 -17460 -3351 -3073 3436
-1452 -1692 -18340 -2373 -3889 2727
-10820 8456 -19252 -3557 -12000 6902
-7344 6884 -18260 -7597 -5865 3759
-11092 10100 -21004 -10019 -3105 7604
-9412 11960 -12896 -1657 -10915 32
-4084 18108 -14188 10710 -21219 -9715
-5336 10356 -11280 7996 -11726 -8458
-8264 5232 -12784 8021 -11010 -6270
-10752 1880 -8516 7928 -340 -2159
-13272 -5348 -9172 3110 12112 3699
-15596 -5672 -11324 -3175 7811 3485
-13904 -10480 -7572 -11271 580 1683
-5092 -10948 -1288 -12102 -1183 1785
4056 -11976 7640 -22623 3436 3800
-4280 -17900 -24368 -5838 12092 -32768
-21160 15684 -27992 5499 13238 -633
3952 -30880 3452 246 -5213 -136
-28180 9280 -14488 -3848 23120 -634
-11068 -2432 -16496 -992 5027 336
-5232 -724 -19140 -559 2141 791
-9184 1484 -19840 483 1816 -1062
-7740 -2712 -18920 -124 -573 293
-4900 1012 -18012 841 -2903 1268
-11516 -328 -17644 898 -2925 1581
-11080 -2128 -14596 869 -2224 59
-7688 -860 -15448 -1547 4779 944
-5016 8 -17460 -237 2335 1497
-5196 -788 -15120 -2773 -6086 1717
-12744 8528 -19752 610 -19261 4590
-14448 8220 -17872 -8194 -7859 6088
-11060 10468 -11252 690 -7174 6250
-8804 9664 -15272 5300 -10244 3307
-13028 12396 -19356 7260 -15298 -5973
-13924 9032 -7644 8477 -11704 -10321
-8904 4424 -6500 10544 -2820 -7476
-11912 600 -8980 3000 6197 -1374
-10044 -3260 -12512 -342 11473 2673
-10060 -6912 -12788 -7494 10205 5371
-5224 -7284 -4956 -10368 10723 5285
8740 -15864 11208 -14739 -2419 4821
-9944 -24372 -16008 -8118 -1394 -25342
-18788 -1696 -17952 2138 6175 -11275
3708 -900 -9760 545 -12633 -986
-7520 -7396 -14184 963 11024 -69
-8084 -2276 -16036 -2686 12694 -1318
-6208 -2256 -17512 -1110 5876 -965
-8156 -3220 -18052 -2580 1366 -155
-10596 -440 -18172 -1849 931 1078
-6776 3152 -16832 2211 -5048 905
-8872 -308 -14920 70 1166 143
-9232 -2356 -18776 -477 2104 704
-6988 820 -15308 -176 994 525
-12220 -452 -17628 -1013 2221 -190
-4836 -2736 -18736 -2537 2575 1286
-7388 672 -14872 -208 -1657 2319
-2860 844 -11632 -2072 -2465 113
-16800 5112 -23212 -2552 -5670 4498
-16912 6964 -24292 -10796 -5001 7366
-3136 6848 -24436 -5416 -4865 12305
-20480 17176 -16168 1778 -16586 1302
-14136 18624 -13556 15299 -17594 -10024
-4860 17396 -9060 13746 -11119 -12996
-8756 11928 -9152 7163 -9559 -9096
-15116 -1544 -8468 12094 -1686 -4066
-13872 -2432 -13164 2435 13947 1224
-13556 -7112 -9424 -3333 11453 2399
-10312 -10068 -6104 -9802 4032 3115
2284 -9776 5912 -19117 -4055 8416
920 1176 5196 -32768 6126 -7362
-10756 -12104 -24212 17858 -2743 -747
-4812 7096 -23204 3579 -10477 -4246
-10156 -7712 -13124 -2565 5796 -2292
-10800 4264 -10600 -2972 8537 -2138
-9052 1996 -19716 -861 6876 -639
-8876 -884 -16228 607 -1074 641
-9232 432 -16136 -1659 1890 -175
-7736 996 -16704 -374 1152 300
-8328 -176 -13668 11 488 849
-11512 348 -17584 -1184 5537 146
-6920 -52 -16636 224 4409 874
-8332 600 -19884 467 2645 567
-7580 -820 -18144 -794 -33 1141
-6580 -628 -16324 -854 -4637 952
-12104 -944 -12992 -2610 -6915 2939
-12988 8284 -15512 1885 -15200 1719
-15912 17996 -15468 -3349 -15279 4883
-16160 10160 -24044 -1943 -12105 -767
-1872 7872 -12028 5942 -15267 -8540
-8880 9220 -9564 3821 -4766 -9686
-2868 5956 -4292 5273 -11419 -7588
-11340 2160 -8196 4140 -3590 -2332
-12824 -4116 -9324 2570 5466 3735
-12208 -6124 -8972 2601 13395 5209
-5832 -10776 -3860 -3537 20332 10125
-1040 -10332 5488 -14851 11673 13862
-23028 -2304 -15712 -17905 -7076 -32196
-6512 -8244 -13080 18889 6610 -409
-11740 -5180 -12744 1385 -5945 259
-10992 -2472 -14596 -958 11308 1115
-11588 1712 -12812 58 5255 -643
-8380 2284 -17048 380 2856 -604
-12732 -1668 -18152 -2335 5201 1039
-8788 -412 -13768 812 -992 510
-9716 1560 -18356 -2233 856 632
-9040 124 -18124 1385 2703 619
-7548 -1440 -15704 -318 1577 783
-7536 440 -16604 -439 1757 269
-7916 -856 -18500 -1434 532 613
-8240 552 -16068 805 -2147 1161
-8316 1468 -13960 -1966 -2342 54
-10816 6760 -14616 1565 -3197 1784
-10804 6632 -18372 1547 -3273 1160
-11084 7028 -19592 -4356 -6867 5592
-10300 10272 -16640 -2420 -11352 314
-8940 9860 -17104 5701 -14011 -1559
-14140 5800 -11044 3552 -12764 -2949
-13192 6036 -10500 9782 -11307 -5416
-10776 6232 -8092 5803 -153 -3344
-11340 472 -10128 3056 6672 103
-9988 -1256 -9636 -2382 8565 3518
-14600 -5236 -9888 -10541 5879 4935
-5192 -11072 -8544 -29346 12166 -756
29500 11300 32767 -14161 2151 -1860
-32768 1892 -28100 13016 16142 -8976
-32768 -9428 -21124 -4191 -4063 3766
-21212 3664 -12960 1632 14909 -2802
-4184 -1780 -17552 3726 8158 -1941
-9328 -1904 -24336 3718 560 -337
-9464 -1344 -14356 -1821 3077 1156
-11548 -400 -19976 -225 6941 -704
-7144 -372 -18456 -164 5425 426
-7580 364 -18648 777 2434 646
-6952 -76 -17208 -485 1608 323
-7704 -220 -17712 -73 -147 503
-7284 -112 -18588 151 -3398 1127
-8268 -516 -15956 -553 -3555 1340
-9028 756 -18424 1054 -3342 1126
-7084 -780 -13376 -710 -3669 1991
-8316 -496 -14280 -1752 -7100 3050
-12688 13388 -11404 1618 -8383 3052
-12892 9788 -10008 325 -5351 3285
-11996 9852 -22064 -5275 -4752 3052
-10840 8672 -16496 1762 -11276 1610
-1304 5868 -18048 13244 -29819 -13338
-7944 7676 -5412 4412 -11331 -8450
-9836 3036 -6652 2160 -819 -4069
-10204 -3664 -8840 -100 8392 1792
-10892 -6724 -9584 -3290 8618 3937
-7512 -9644 -7540 -8273 4649 4684
-1776 -7936 -3424 -11958 9116 6270
-32768 -3656 -2816 13466 27766 3788
-4484 -11460 -19660 5707 -389 1751
-8092 -15444 -11028 751 -11824 1516
-10080 -2036 -15332 4129 15990 2102
-9520 36 -13648 -948 13154 -763
-7952 -836 -14940 -255 5653 -3500
-8888 -2368 -17828 -1167 3576 -656
-9784 -1540 -16376 -1810 2532 848
-8076 -200 -15992 -910 -3 725
-7764 -492 -17744 -686 -6939 983
-13156 712 -17280 28 -3355 185
-11080 -1320 -15432 -664 802 821
-9372 -136 -16128 -187 319 1054
-12332 -880 -13904 -987 2541 1097
-8840 -476 -13876 -3031 4670 583
-9524 2092 -19836 -2431 3667 1313
-11584 10104 -13680 7650 -3209 -2244
-8004 10896 -13868 -2292 -12594 2856
-26912 13724 -32768 3609 -21476 -2511
-2932 12668 -12732 6807 -11343 -4060
-13164 3648 -13656 9444 -8864 -3220
-8628 5308 -8700 9947 -8190 -4552
-13928 4136 -9656 4521 -3538 -4375
-10216 -1044 -8756 897 10655 681
-8396 -8296 -13208 -4881 11828 7496
-7472 -7772 -2900 -11817 11895 6066
-1244 -12024 -6080 -27514 10697 1520
-7872 -30956 -22948 -4797 7577 -8992
-23220 -1864 -32768 6975 -944 -7150
172 -10328 -12268 -348 -10195 3361
-13652 -1108 -19364 7705 12422 6545
-9268 776 -16308 2061 1822 -430
-8572 -392 -15956 2554 1738 -1406
-10280 -2868 -17008 417 6625 -1251
-6596 -1524 -14488 -3335 10689 -643
-7992 244 -19296 -2635 13228 740
-5072 1136 -19968 1407 7500 -249
-4612 -1400 -19492 1249 3843 150
-5596 -440 -19532 -93 -1766 232
-5284 248 -18380 140 -3632 858
-6360 -1156 -19092 72 -6403 1009
-7664 -2072 -13332 -1307 -7289 542
-10248 -660 -21916 -5638 6179 4794
-13368 9500 -22420 846 3272 4525
-8464 8808 -15452 -7228 -9454 3906
-6236 7212 -23184 -5790 -6047 4535
-13604 17860 -27156 6845 -21655 -2268
-1048 13364 -15220 11482 -14737 -7364
-5632 12408 -11356 7215 -17361 -7827
-5728 6712 -14364 5535 -5680 -4255
-8740 1744 -11084 2537 7175 1400
-12684 -6700 -13072 -2088 13792 7482
-9876 -10228 -12908 -8075 16655 6801
-4024 -10632 7996 -14949 17409 35
-3696 -13112 -14176 -9132 -1512 -15234
-11856 -6324 -20816 -14161 -6189 -5894
-11392 -4060 -19664 5732 -1036 -2692
-18668 14280 -32768 3317 -2552 6148
-2424 -2056 -6452 387 -8567 3119
-13636 2348 -12680 1714 5124 1653
-7092 252 -12868 25 8522 -1821
-9860 2072 -20316 -2015 6782 -2223
-7292 176 -18180 -1325 4323 1615
-5596 1048 -17480 407 6286 -1730
-6100 220 -20144 342 1963 47
-6712 916 -17316 1512 -1900 366
-7080 260 -16236 3037 388 -430
-6132 -492 -18976 1419 2503 -353
-6336 -404 -18536 -677 -1543 450
-6876 548 -16836 -224 -2219 369
-7508 208 -18172 552 -289 354
-7220 144 -18120 1178 11 169
-7564 -348 -17396 577 841 -70
-7400 -204 -17580 416 1813 -183
-7288 -400 -17988 1083 1111 -232
-6884 -1060 -19920 1306 -176 234
-6912 -768 -17868 -56 -1512 548
-7788 -284 -17448 -269 -446 297
-7452 -400 -18092 15 86 123
-7024 -660 -17716 -75 -444 515
-7520 -380 -17840 48 -1070 364
-7268 -420 -17412 -166 -793 276
-7552 -364 -17992 -150 -1495 284
-8064 -260 -16976 -213 -1473 491
-7544 -276 -16820 131 -763 276
-7972 -108 -17160 363 -563 69
-7600 -300 -17368 446 -570 84
-8012 -288 -17300 568 -278 50
-8140 -376 -17484 483 -117 -45
-8104 -416 -17408 591 85 64
-8144 -412 -17056 570 -376 131
-8172 -380 -17652 733 -420 97
-7940 -628 -17768 262 -393 290
-8220 -884 -17588 -170 -927 322
-7960 -488 -17168 -1333 -682 500
-8304 372 -16892 -1056 -1004 118
-8808 192 -16500 -10 -1242 -398
-8548 -64 -16988 1100 -1194 -349
-8704 -520 -16496 92 -360 227
-9172 20 -16464 146 487 202
-9100 76 -17552 409 1516 -101
-7828 -452 -16704 10 1292 -283
-8028 -388 -17872 484 593 -39
-8308 -296 -17476 220 -806 450
-8668 -316 -17012 316 -832 157
-8404 -300 -17004 170 189 53
-8328 -308 -16964 233 341 54
-8240 -364 -17412 461 283 72
-8316 -276 -17112 159 -286 169
-8536 -352 -17296 282 -385 93
-8168 -156 -16860 117 -183 179
-8456 -392 -17384 260 -60 273
