914 -4522 -777 0 1921796 2147658
4560 7468 -17200 -995 -1443 553
4020 9664 -16336 1684 1862 1106
4312 9732 -16788 1376 4245 3006
1840 9704 -17436 -904 1735 1185
5668 11024 -16992 -1124 2292 -2099
6264 9528 -16116 -1378 3157 -1912
4188 7024 -15212 590 2479 -412
5732 10288 -15724 414 1599 -503
5300 10112 -15788 2035 1281 -321
5360 10284 -15860 1015 682 813
6560 9088 -15720 -502 1027 579
6028 9768 -16152 1413 885 487
5536 9724 -16348 266 -166 686
6012 8892 -16308 311 -203 518
5896 9344 -16216 653 -197 305
5608 9076 -16568 125 -100 270
5196 9820 -16800 817 -161 282
5048 9340 -16276 -600 234 478
5140 9108 -16516 592 375 129
5576 9100 -16468 321 280 254
5884 9320 -16332 424 260 152
5968 9088 -16540 286 213 78
5680 9232 -16364 445 333 35
5500 9212 -16416 512 192 55
5456 8980 -16328 847 273 178
5180 9448 -16344 823 304 696
5096 9332 -16268 701 205 576
4892 9304 -16652 1359 454 810
5688 9872 -16808 2018 1231 160
6136 12076 -16756 2360 1677 1576
7140 8468 -18036 -4872 2477 5641
10800 9296 -15496 -3744 3595 6475
9156 10848 -12724 -4853 2128 5148
5664 4864 -14492 -10340 2153 3400
9136 12556 -12452 -4703 -1482 2453
9456 10588 -12120 -7774 -2175 2286
8008 9432 -11776 -7993 -3823 276
7376 9972 -10836 -6456 -6808 -1615
7256 7444 -12696 -2059 -11742 -2204
7800 11216 -8968 93 -12449 -2697
11868 13860 -25216 -1897 -12645 -2541
4772 12944 -16164 3203 2131 -1910
-4836 7412 -14432 6967 -2780 -8800
2512 16032 -19276 9045 -2062 -9715
-388 11436 -12588 -1769 240 -4298
-1168 10852 -17456 -3934 -2833 -5181
2308 7988 -16204 3825 -1408 -4913
932 11828 -15928 1553 1406 -4669
236 10440 -14612 -889 3808 -3417
1148 10252 -14860 -516 6188 -2162
3024 12336 -14428 -2212 8451 95
3184 9012 -16428 -3207 10088 1817
536 10284 -17212 -1186 9207 2867
1348 9296 -15828 4518 6069 577
-548 11492 -15020 9023 4181 1067
-3820 14800 -12228 10380 -3663 -1994
8288 14720 -19936 2234 3087 -1609
10600 10840 -20648 -2191 7838 8103
6108 8832 -16028 2452 6649 11310
5504 7520 -15252 -2675 4342 9603
10576 5656 -15180 -4454 3216 5769
10284 7960 -14456 -2333 4093 4491
6436 6664 -11884 -1056 1082 2879
8600 11532 -12616 -5073 -607 -525
8676 6884 -12484 -11881 -2123 1458
8840 13292 -11516 -8600 -4974 611
8384 7772 -11556 -7070 -6740 -1715
11016 8720 -13036 -2957 -9387 -356
7404 10404 -10140 -2380 -11492 -142
12560 17376 -27108 -8807 -14871 -2258
6516 16568 -14968 13227 3471 -420
-96 10604 -19396 2306 -963 -7277
4644 9400 -14196 6990 -2130 -10152
3496 11244 -14128 3643 -971 -8111
2736 13004 -16244 710 -2076 -8673
2424 5332 -15076 -5386 752 -4141
532 9660 -17208 8157 1166 -2192
3808 14480 -13772 -2416 7819 -778
4060 7860 -15468 -2079 11922 -54
3472 10564 -15772 1297 13926 1905
3076 12192 -16072 1500 11934 2590
1004 11792 -15960 3245 6163 2016
412 13456 -13580 5001 -215 376
-4344 7388 -14836 3161 -9667 -2903
17276 17876 -22924 -5081 -5561 4151
9680 11376 -17452 6116 1118 6774
6748 5980 -14996 1096 5321 10411
5188 11056 -11268 -1331 4324 10641
10288 8744 -14508 -8740 3120 8003
11256 8792 -13896 -709 -293 5979
12132 11008 -11212 -6666 1821 6360
5584 8192 -9600 -11026 2443 621
1864 5984 -12512 -9635 -5968 -4011
8872 10200 -12588 -9057 -10977 -4930
9100 8740 -14664 -3500 -10194 -2653
9720 7552 -8424 298 -5770 -2520
10540 13056 -32028 -3884 -6357 -3807
8864 19508 -17200 10695 9071 3835
3476 8768 -15308 5378 3471 -5500
4136 12788 -14680 1357 -2746 -7625
3556 8188 -15548 1349 -5789 -4129
6176 10936 -14840 6287 -4267 -11817
204 11336 -15544 -3035 -221 -3696
1160 10100 -14680 5829 -1523 -4911
3440 11084 -16520 -3564 3687 -1602
3124 9692 -15032 1111 8001 -3378
2480 10904 -14872 832 9283 -639
4228 12396 -14568 587 9293 74
3584 9664 -14768 -2137 10289 1839
3384 9908 -14376 4834 6838 1224
-3016 11628 -12296 8090 1361 11
-10512 10160 -14412 10509 -13031 -6901
17620 17864 -22828 -7328 -6114 5834
8524 6508 -18152 4686 4215 9278
4860 8116 -14356 -3182 6003 9953
7812 8452 -15296 172 5414 7958
11260 6988 -15104 -5886 4235 5942
7380 4696 -15488 -1842 876 2183
8756 8664 -13216 -1260 240 2808
7440 8380 -11420 -12329 552 1604
6736 8100 -13192 -10593 -5007 1750
5508 9488 -12024 -6918 -6783 -1692
10936 8096 -12456 -2605 -9907 -3132
11648 8916 -12992 2381 -5035 -918
13936 14396 -25012 -1340 -2573 -3186
11488 5612 -8732 4005 6502 5412
4560 12280 -15692 7247 1486 -523
5616 9824 -16616 6009 2123 -5681
5128 10848 -17360 4317 -5063 -5015
4196 9916 -14780 1217 -8618 -12474
5448 11712 -14964 4972 -4487 -7687
2036 12664 -15200 -306 -4162 -9799
2256 6008 -14264 -4183 -2011 -3999
4004 11828 -16048 -2029 1780 -347
1984 8368 -15440 -3998 8448 -1513
1776 11736 -16412 658 9849 -539
588 10356 -14360 -1823 8803 2343
3676 8456 -14400 5792 7329 727
3384 11092 -16400 332 7865 4337
-1080 12784 -23544 11913 -2934 3907
9288 22648 -19216 14695 -17098 -8943
9636 4468 -26096 -5606 -4566 4948
7792 12112 -18288 1091 372 4634
6804 5580 -15964 1694 5033 8696
6124 11384 -15268 -1430 8059 11760
6808 6336 -13328 -4564 3763 7192
7484 8220 -14888 -5739 2018 6080
7312 6084 -13264 -3160 1428 2348
3316 9724 -12988 -13906 -1095 128
5536 7232 -15208 -5900 -6962 -2107
9988 10076 -13416 -7637 -5065 561
8044 8012 -15312 -3593 -3548 -845
9392 10836 -11700 1785 -5630 -518
6244 7268 -10680 2405 -13088 -4658
12104 2680 -15800 9509 5456 6469
2816 11656 -16992 4379 4144 -5015
360 13044 -17284 -462 891 -7238
3388 6876 -16136 6105 -4596 -6256
4024 13596 -13404 2214 -2623 -8532
5140 11380 -15740 -807 1002 -4334
3424 9948 -13744 2815 1909 -4914
3120 9968 -16036 3516 4271 -5279
1900 11888 -15388 -2696 8102 -2879
3692 10580 -15676 -4639 10845 -547
2376 8904 -16920 1817 10342 -1252
900 8604 -14248 -490 9338 1592
2004 11308 -13796 352 6950 6087
5900 14228 -27980 8480 -1127 2947
8924 14496 -23448 13878 -15265 -8271
14596 13576 -22704 -63 -990 5076
10456 11556 -15664 -5467 2918 7792
7860 7440 -13544 4623 1630 9622
8288 10268 -13172 -5611 2906 9564
9948 6260 -14400 -1603 1257 4859
8328 9140 -13300 -3540 242 2673
8400 9044 -13316 -4587 -836 -472
6252 5368 -13596 -13529 -464 1528
7892 8352 -13580 -4717 -4046 -251
7200 10152 -12328 -7722 -6984 614
8304 8588 -13940 -5873 -8884 -90
7912 10376 -12212 -2553 -10385 -1065
11288 9184 -12964 4371 -11369 -661
11444 15588 -21616 -4171 -7644 785
15152 15240 -16772 11047 9097 8134
-152 10272 -22656 3801 8683 -3527
1260 13092 -16480 2634 752 -10691
2600 7220 -15664 -209 -8891 -13614
2868 10056 -14072 9334 -5080 -11327
3756 14152 -15016 2199 -1173 -4435
1380 7540 -16252 -8137 4245 -1855
3976 9724 -16168 5590 6607 -2696
3248 15816 -14368 -2105 11233 849
3240 9248 -14932 -8174 13547 3425
2140 10816 -13596 -374 11938 1513
792 9112 -14080 4770 6607 1356
796 13236 -18380 4274 -411 2750
-2004 14960 -19952 8886 -10505 -6372
12536 19132 -22668 4895 -10965 -255
12712 10088 -22128 -12605 1730 10749
5740 6636 -16828 12548 2247 9231
7800 14968 -13860 -8836 5989 10505
10164 2216 -13716 -3097 4886 6734
8808 9316 -11872 2159 3761 4474
3852 12008 -12356 -7948 3574 -2132
6612 4996 -12084 -7642 -3625 -99
3656 9732 -11476 -6087 -8867 -1106
10660 10436 -15876 -5859 -7833 -1646
11180 8620 -14208 -775 -3974 -986
8800 10280 -12536 1030 -5423 -1803
13768 18048 -29464 -7426 -8344 66
6664 11008 -10156 12864 2629 -1516
2272 12880 -15252 6709 -2052 -6953
6176 9288 -17020 3639 -3524 -4663
6148 8984 -14448 4345 -1916 -6204
3724 12484 -15976 -792 -477 -8270
2204 9728 -14540 -683 489 -6498
2844 9840 -14332 3540 -1333 -4805
-28 10684 -17176 -1399 3412 -2127
3340 12028 -14196 625 5899 -2911
3032 7572 -16776 -6682 8725 1044
1764 10456 -14552 -535 7686 -3
3816 7500 -15864 4307 7839 1388
1284 9992 -13564 2740 5616 2122
-15352 6404 -4424 7526 -15352 -746
11180 25136 -18400 -769 -12456 76
8532 9772 -23620 3863 -3480 1578
5484 10884 -22916 -2186 2882 5282
6596 10116 -16820 4022 6505 11750
3880 12128 -15984 -6438 10545 11099
6764 5440 -12684 3634 5662 9498
8672 9900 -12380 -5230 2258 6678
4972 7832 -12060 -5937 866 472
6388 7088 -12920 -6762 -3872 387
8040 12912 -12652 -9683 -6815 525
5800 12416 -11284 -12175 -7561 422
9148 7088 -12356 -7466 -8974 -2223
10284 8500 -12588 -932 -6257 -1166
8924 8572 -10100 1093 -9935 -3517
7196 23612 -22636 21517 9557 6315
724 14360 -17404 8193 -1347 -5366
932 9680 -14588 979 -8527 -10823
5676 9280 -15176 3153 -4631 -5320
476 12496 -14148 4722 -2193 -4877
1744 12504 -15408 -3847 1740 -3001
2456 7516 -16340 1667 2704 -2690
2476 13656 -15260 2051 6288 -3726
4304 5416 -16104 -6068 12785 312
3740 13460 -16968 -1420 14869 318
3736 7364 -16664 49 13855 1006
1748 12912 -12300 6690 7201 1181
-3180 8168 -12452 3189 66 2037
-8872 9416 -10120 11066 -16526 -5626
13588 19952 -25604 3255 -8512 1368
14104 8820 -21356 -2101 32 5583
3900 8108 -18704 4513 2426 8937
6904 14376 -13068 -1876 6268 12000
3896 3804 -14652 -11662 7571 9941
7804 5584 -13676 3730 -423 2157
9848 9832 -14000 -7744 132 2765
8276 5036 -13096 -3044 -825 1338
6500 10888 -12116 -9137 -3491 1398
3872 3980 -15340 -10975 -6552 -343
10712 12164 -12084 -3851 -4128 1938
11676 11252 -14272 -943 -1948 1070
7716 8404 -14056 -609 -10986 -1446
18072 17732 -27688 -5977 -11011 2728
11604 12596 -16544 7934 2558 2487
1976 10508 -16432 5445 -3227 -10407
2220 8860 -16600 2443 -6845 -12255
3464 10924 -16784 2900 -5239 -11864
1020 11808 -12632 5491 -3202 -5871
992 9136 -14008 -3542 -1425 -2054
3508 9576 -16788 -1341 1255 -3088
2320 11316 -16200 -1681 6546 -688
296 12340 -17288 3188 5505 -4265
3184 7268 -15908 -8055 12894 1684
2024 12640 -14172 -2570 13377 4107
2736 10532 -13864 309 11405 4056
3484 6212 -12448 4968 7454 2701
1412 13008 -18976 8167 -1446 1778
-1104 12940 -16808 20738 -14218 -15095
13636 15860 -28168 -8343 -12919 3287
11724 4832 -18040 -9005 856 12933
3664 10544 -16768 19003 1780 7000
7752 13056 -13160 -14289 6482 12292
7280 2796 -17136 -12333 3341 1949
9492 3980 -16604 6203 1175 5567
8700 9032 -10816 -6368 1197 -157
5616 7016 -12332 -4499 -3388 -3579
7632 10472 -13324 -12540 -4409 4377
8488 6972 -13872 -7762 -1798 1832
10620 9108 -12020 -2733 -2775 -822
10116 6852 -7780 -417 -5396 -1908
5548 7912 -12716 2396 -13305 -4270
14564 18140 -17452 7192 3113 2945
2372 11204 -14604 5759 -3888 -6199
3296 10808 -16792 4341 -3973 -9710
4712 7072 -13148 2155 -4167 -5382
1652 12272 -12812 4945 -1368 -8434
3588 12112 -16188 -589 1825 -4832
4324 10928 -16176 3004 5096 -3576
2504 9700 -15076 -4061 12002 -3966
3140 9472 -15344 2755 15197 -4434
3940 11048 -16260 -7587 17803 865
2940 8900 -14820 4553 11079 566
1612 8780 -11748 3187 4898 2473
-1064 12000 -11560 2993 -3793 3978
-4532 8160 -23624 12316 -13248 -9703
20604 20840 -25468 -5891 -6156 6481
6864 9344 -17968 -2807 6066 11883
4648 6908 -15016 5165 2452 8564
10956 10756 -13248 -2553 5222 9715
8004 6584 -15344 -8323 1477 6600
9944 4064 -14060 819 -1802 2628
7576 9136 -12464 -5302 -1660 746
3112 7384 -13496 -9494 -6503 -2103
2704 4968 -14020 -7628 -13836 -1134
13148 10324 -16968 -8915 -9960 -1384
10516 8576 -13316 2039 -5792 826
6112 9344 -9356 -641 -8940 -499
10272 1732 -20772 6284 6295 815
2572 11728 -21500 7601 5408 -4984
-1400 10324 -15256 3178 -1298 -10924
4388 10564 -17488 1316 -1900 -6225
4768 9868 -14396 -197 341 -7983
3076 8848 -15908 1398 2931 -8422
1916 9840 -15044 2372 4835 -3365
4100 11432 -16576 529 8219 -2672
5824 11720 -12928 -3661 13088 -866
4084 7176 -12936 -12131 14108 6225
2576 10808 -17820 3493 8319 3994
2924 10348 -12716 5732 1925 2178
-12268 7084 -12224 6983 -22043 6176
18584 24112 -22880 20612 -19987 -8423
11200 3476 -22888 -5183 287 4232
5804 9292 -18684 3796 897 4850
4456 13600 -14512 10422 363 3836
6352 9068 -16240 -13772 5818 9906
6956 3304 -16104 1431 4273 6381
8824 10112 -14200 -478 2570 6513
9712 8240 -12208 -5686 438 3341
6488 10892 -11140 -9189 -3824 18
5968 6620 -13068 -7643 -4717 -651
4364 13220 -12928 -10112 -7741 -1975
8448 8288 -15132 -6580 -7743 -3994
9452 8140 -14192 -1334 -4388 -1524
7488 7788 -7024 2417 -9848 -3411
8148 644 -20704 4316 7280 2525
4448 14304 -15384 8194 2408 -7683
-3252 13268 -17468 3244 -6391 -13318
4464 4896 -12252 8520 -8665 -6128
5568 13784 -15436 1932 161 -5621
2736 11608 -16804 -1686 3123 -10847
1696 4036 -16104 -5591 5756 -2136
900 10756 -16860 7491 6321 -5101
-296 11224 -15676 -2790 11772 -4908
3496 10320 -16232 734 11842 -4415
920 11048 -16492 -4859 11382 -944
1364 9844 -14960 -278 7331 429
484 9848 -13800 7933 3630 -2566
-8048 14960 -14000 -128 -12378 4860
7088 17776 -27916 32767 11370 -12276
8428 6316 -23308 -10580 -16019 2068
9508 9260 -21224 12380 -4778 10472
4296 11124 -17708 -4198 14724 11923
6260 4588 -15076 -992 8443 8626
8540 5500 -14132 -5638 4265 7502
9080 5972 -13236 -4559 -70 5399
6480 8832 -12452 -1343 -3454 539
7236 8916 -14628 -20324 -8367 1821
5896 10836 -14636 -11600 -8531 914
6576 6528 -14040 -11381 -10610 -95
10676 9812 -12784 -790 -9468 731
5448 7480 -8964 -750 -14570 -5122
16824 6964 -24832 5015 -125 6337
6580 15228 -12936 6467 2671 -5865
-4636 12560 -17932 7225 -5617 -11480
5188 9180 -13952 5204 -3114 -4648
2804 11856 -15680 -2797 701 -3089
-1200 9360 -16728 4932 -415 -12994
1516 9300 -16076 -4316 1956 -1122
-520 6880 -16644 3434 3654 -3559
536 14388 -17624 -572 6030 -6787
1600 8136 -14788 -10917 10037 -2172
876 9136 -16872 2284 6989 -1990
1908 14880 -15608 -7532 10106 -1863
172 5912 -15148 576 9195 -2679
2504 12132 -12676 2606 6596 -345
-2248 11940 -29496 11189 6564 -3
5524 16276 -23636 32767 17799 -9709
16848 16432 -13964 -20932 -20131 9183
-304 2320 -18092 1347 11858 14004
3100 12176 -14224 7989 1597 7469
6648 10252 -16844 -10478 6346 11751
5788 6792 -15072 -10294 2121 13806
6020 6424 -12808 -2645 -1537 9576
8892 6096 -12908 -5237 -1217 7981
10052 19776 -12232 -11011 -6719 -2911
8292 -584 -16556 -11905 -5673 -673
5532 7804 -12460 -11520 -3077 259
6036 4396 -12024 -5505 -6207 30
6880 11356 -11616 4012 -8958 2714
8236 8244 -11860 3793 -11892 -2402
5784 11224 -26260 13542 7590 2750
-164 9636 -18976 4202 -436 -9484
2044 14036 -16156 6209 -6504 -10187
3844 7208 -14816 3564 -4969 -7726
2876 11364 -19124 315 -3642 -12267
2384 9932 -15968 136 -503 -9358
1832 4908 -15180 -752 3380 -2127
-560 12220 -16392 3609 3792 -2127
292 11676 -14548 -1573 6562 -2822
1436 8964 -15428 -10191 8732 1594
1816 12396 -14044 -4793 8326 -611
-68 6840 -15672 -1607 6436 264
2508 10452 -14116 82 4063 386
-18384 8252 -10584 15428 -29488 -6530
17748 22536 -31940 7675 -12006 5470
4164 9320 -21828 -1522 1150 8510
4256 9896 -19140 14205 2580 5093
2028 13004 -17208 -4117 13905 12356
5800 5236 -15580 -7924 8683 9393
8800 6672 -14248 -5533 11089 11823
7924 4384 -11504 3258 -173 226
4656 15824 -11732 -12957 -2850 826
5192 3112 -13692 -8702 -7026 -2267
4068 12192 -15200 -7428 -12323 -3136
7112 7392 -14532 -6808 -12116 656
12524 9716 -14132 3184 -7787 4636
10188 6272 -24992 -1223 -11287 -6531
7936 22440 -32092 20528 9345 1341
-3056 9444 -14884 8054 -2466 -12362
-44 9820 -17936 4078 -5826 -10010
4684 10944 -16080 606 -588 -4940
2448 6184 -14384 -3029 -5210 -4214
-3764 9352 -19384 -3332 -1958 -4762
1688 7772 -16144 -1486 3472 -1296
-440 10276 -16156 5566 1095 -6894
340 10816 -15392 -10182 10814 -2204
-324 9876 -17344 -5291 8016 -3333
6096 7804 -17416 -626 15548 -3643
-3448 9220 -15456 8558 -2391 -7654
-1604 16236 -25984 9676 16869 2374
-6136 292 -8188 19666 -11432 -11793
26616 14388 -17632 -17971 3873 10217
-8232 6032 -27892 534 -21851 8728
-2376 15640 -23320 16042 23630 4468
7640 8020 -19244 -12887 2807 7579
3492 4016 -15376 -5618 10862 11761
2684 9556 -13860 4886 3535 8388
6748 9800 -11816 -5742 2616 8201
4960 13508 -11692 -9589 -7635 1890
6488 2136 -16260 -16384 -10894 2668
6036 11472 -14652 -7704 -7603 2883
6548 6556 -14628 -6473 -6585 671
6728 8844 -13056 371 -5031 707
4004 7052 -7288 1685 -10294 -2049
22296 17864 -32768 6432 -5126 4421
5644 13100 -13200 3081 4068 -4631
-2236 10156 -19084 3301 353 -6647
1408 9408 -15240 6709 -5267 -9193
1180 9188 -17324 5302 2968 -2785
1480 11284 -13940 2636 -1768 -5816
-2284 10184 -18084 -5170 -3178 -2929
-104 7636 -16244 1229 7306 -4422
2204 8708 -16548 5570 2055 -5178
-1348 13176 -17060 -3296 5193 -4713
-88 11364 -15112 -10079 11360 -1493
2416 11472 -15260 -4616 10500 1078
-1496 9140 -15404 -16716 10781 6556
2520 5584 -12764 6911 7208 -878
660 11340 -13332 19390 10160 -4117
-10016 11940 -20716 12255 -32768 -18233
30636 25760 -32768 -3227 32767 12575
-1384 7796 -25260 -1852 -10758 2893
1232 7728 -14904 14418 22698 9366
10848 10300 -10896 -10405 2441 9909
1060 6872 -16884 -2061 -1894 4573
11936 7032 -15580 -1928 6053 8560
9228 8344 -13072 -693 -4773 1641
5172 11320 -14628 -13609 -2203 -1445
2536 10264 -12680 -12496 -9510 -4987
2768 5004 -16464 -14155 -9631 -2265
10032 8840 -13636 -4993 -7781 -229
8620 7160 -14240 -277 -5804 1590
4364 5684 -7940 8575 -12502 -5434
-672 5316 -11656 1667 9968 12988
1144 12268 -14208 4229 573 -7154
-1184 11124 -18612 5706 -2580 -10116
5484 9816 -13928 8675 -2858 -4844
2928 10972 -17348 5890 -1855 -6935
-160 12440 -16120 2251 -1003 -8708
-444 7492 -17568 -2435 -5550 -160
2552 10752 -14900 5760 8240 -3777
532 12188 -17016 -9994 2034 -2579
1056 4512 -16152 -6626 11306 -1040
4060 12060 -18052 4013 8807 -1952
-208 8356 -15248 -8771 6964 3932
1788 8036 -11564 2719 6845 1393
-164 9016 -13576 7133 1726 751
-7392 8360 -14704 8319 -32768 -12351
22432 22488 -32768 11850 26782 7113
2696 11840 -23152 -181 -2864 5151
4828 5884 -18028 2871 9370 11350
6616 12016 -14048 4406 11491 9255
5824 9188 -15352 -12248 526 8838
7208 2408 -13972 -7641 1925 3844
9432 6936 -13316 4306 -1767 2942
9444 8944 -13064 -5636 -1660 -1617
8896 15184 -14792 -12248 -5233 -789
7048 8432 -13876 -16729 -2085 -2109
7312 8676 -10572 -9033 -2472 396
7280 5800 -11644 -900 -3776 -2264
3820 4784 -5676 4682 -7349 -3475
32767 20920 -32768 -5135 9834 7656
8236 14980 -11612 7566 7538 1646
-3968 12796 -16000 11642 -20138 -15526
7536 5600 -14720 8669 -18541 -5063
5660 8316 -16140 1425 -6990 -3761
-644 9604 -16368 1125 -9092 -5524
-3416 9624 -16900 -5862 -2267 -3566
6120 5520 -15688 -4706 8524 -3276
348 8860 -16540 5171 3340 -6034
588 12944 -16424 -4826 16482 -2987
-1100 8756 -17084 -13734 5328 1491
-248 9760 -14576 4139 11249 -2538
-108 7900 -11740 2435 8964 1491
-13384 12644 -23260 6216 -18049 6294
3540 11596 -21780 32767 32096 -1835
16560 11472 -11820 -6760 -24399 2904
-2712 3044 -13084 -4325 -351 5543
6996 9168 -16044 10098 20239 8623
6068 11104 -16288 -6166 5898 7055
8516 3484 -15264 -6673 1808 4959
9456 6176 -14552 3043 3039 5525
6280 9356 -13340 895 1209 980
6776 10008 -14200 -10519 -3831 -2011
6964 7792 -14204 -14218 -7776 -873
4568 8288 -14712 -8693 -8406 -388
6456 12432 -14400 -9879 -13414 1225
3448 5644 -12404 -7259 -21583 -2902
10040 10288 -12288 2403 -12987 -473
6092 7572 -5724 4764 -9176 -1918
3736 15764 -21480 -5031 13745 142
-328 10668 -18704 10829 574 -9247
-4060 8468 -15116 13409 -11534 -16976
7556 9852 -15828 1249 -6144 -3888
-3904 8880 -17808 -308 -8439 -5300
-848 12264 -17872 4011 4957 -5545
72 5556 -15844 784 1882 -6488
2816 10336 -16632 4269 6096 -5018
-1876 11008 -16148 -3387 13600 -4571
1072 9020 -14104 -11601 10542 2494
508 12160 -16700 1703 10298 -1630
68 7780 -14820 -4961 10639 764
-840 10336 -14092 8713 8022 1854
-13352 12796 -16744 2107 -28922 4543
10772 13792 -29708 32767 32767 9932
15096 9824 -24524 -1708 -22913 913
-1376 2556 -16332 -2485 13234 11352
6684 8488 -15796 15505 4966 5407
7964 10052 -15508 -14035 7341 11529
8832 2552 -17180 -5291 3008 -529
7712 4804 -13156 5426 4504 2338
6508 10712 -13820 -7606 -2150 -1841
6392 11200 -15068 -13701 -3232 1594
7076 3884 -15012 -12228 -2732 2845
12428 6828 -10200 -8782 -1991 2081
8200 6300 -12112 -2288 -5525 -2678
6840 9780 -9336 1413 -9018 -2465
6468 5920 -9536 6738 -16244 -7398
9804 5792 -14520 4321 6663 8148
-456 9632 -13344 5569 345 -5109
1356 11540 -14740 10564 -12802 -11878
6192 11488 -17756 6003 -8464 -4234
2332 6680 -18020 1481 -9094 -5123
1396 8852 -16364 4653 3333 -6009
-420 7908 -17884 -5289 -1041 -4458
-1468 6400 -17940 -2294 7290 -3550
4508 9128 -13988 2057 10765 -4209
-1856 13400 -17428 -9814 5376 -1199
396 7356 -17408 -9037 6490 -449
-1440 6232 -10860 2945 3669 146
2524 9676 -15540 2205 -311 2287
-14564 12804 -32768 12022 -2025 3081
-860 13564 -26860 26603 27288 -421
6744 11052 -27472 757 -10010 599
-856 7984 -21488 2904 9786 8544
4752 8356 -15888 6726 14281 10173
7084 10732 -17180 -2192 6284 8224
4568 4632 -13072 -18264 2965 7097
8836 2360 -13948 1218 2183 4695
10324 7164 -15484 5975 2242 5843
2676 18788 -13224 -7104 -8137 -4984
5856 2088 -13556 -19121 -10033 -210
1232 12408 -15496 -13350 -16429 -1501
6260 3252 -13012 -3357 -14055 -4374
10104 13040 -16736 6307 -11205 -2642
11168 8568 -22776 5568 -6512 -8658
-3392 6632 -17904 8127 32767 20349
1500 9404 -11444 9759 -6416 -11230
-2856 11240 -18692 6283 -7686 -11343
3812 8396 -16524 5940 -9530 -2844
-232 10508 -16248 3501 -5740 -8631
-4384 7848 -15304 -3170 -12700 1697
-440 8064 -17528 4402 3441 -3067
116 10532 -15656 -4337 -4018 -877
-2312 7916 -15204 630 13932 -1876
-392 13796 -19180 -7322 1687 -1029
460 8264 -15056 -8260 17183 4233
-1528 5908 -17384 -3431 7935 3994
1760 11004 -13656 8859 11594 -1107
-1540 7096 -24852 4969 1748 3147
-6652 5824 -17056 28266 -16306 -16050
26416 25440 -25068 -3280 1798 11645
2888 7684 -19732 -21070 -6735 13384
-556 1088 -15020 3392 9294 6917
9504 8676 -17216 4576 12421 11560
10188 9236 -15660 -10543 1443 4146
5072 3712 -15056 -4681 -792 3126
7932 11032 -14296 -3639 3197 2770
7040 9416 -15448 -18609 -11463 -1500
2276 7048 -13424 -12712 -13484 -2645
5816 10104 -17052 -6813 -13033 -1881
6908 9564 -15360 -106 -11609 -3239
4044 3556 -7352 -3137 -11059 -3334
6220 8088 -32768 17417 5777 -4548
-3492 17544 -18888 11507 32767 25385
-1260 5612 -15948 14578 -7848 -14047
2724 14076 -18224 9641 -2097 -10724
2068 5968 -13900 2965 -4036 3503
-800 11036 -16756 7188 -3754 -12209
-2976 7840 -18136 -2394 -5708 -1989
2112 8556 -16036 3043 4838 -3037
-348 8784 -15532 -1598 3311 -4233
-272 10104 -16216 -2769 9756 -6446
-172 7148 -15512 -9007 3810 523
1816 8300 -17412 -3357 11615 2715
-1592 6464 -16796 750 5608 1949
948 10956 -14816 10280 16249 810
284 13272 -32768 13352 8711 -3550
-6908 9800 -15560 12408 2476 -7850
32767 9340 -12296 -18161 -4927 1374
-480 4292 -21744 -1966 -15796 11465
4 8204 -15480 7296 23007 8700
10568 8140 -15380 -4111 4659 7714
4232 6200 -14392 -10362 -167 4474
9216 2712 -16028 -2547 3447 5308
7000 6876 -15132 -546 -3894 3434
7640 15896 -17908 -15628 -11245 -3645
5340 6156 -15488 -21634 -10687 5487
5704 9240 -14196 -12308 -11008 -1078
8040 5200 -12700 -4466 -10000 -493
3764 5804 -7816 -414 -10441 -159
14148 21492 -32768 9670 4223 -3108
3056 13848 -20476 9490 32767 7088
-2096 9356 -19948 11883 -24958 -13724
4568 11932 -15312 10910 -6128 -3731
4204 8744 -15468 5416 -8796 -2543
4408 9504 -17012 6323 -3293 -8216
540 9812 -17604 27 -2920 -1546
-888 4588 -13312 -7207 -7300 -2669
-3064 7952 -15472 4515 9533 -2451
5664 10388 -18324 -1145 4020 -1852
-3204 9128 -14144 -9719 -1138 -316
3072 7456 -16220 -4800 16890 1765
-1780 7156 -14696 -4266 -3698 1323
-516 7468 -17088 2885 14672 6504
-3928 9396 -16676 14376 -6043 -2944
-292 7048 -12980 -401 -24130 -4953
22104 15764 -23976 2123 -2205 10601
-152 9440 -15228 2232 6582 11181
3432 6232 -16896 325 6630 9618
5896 10848 -17144 1961 8491 11174
7704 8404 -15352 -8576 3791 10546
9892 4364 -15112 -5188 4594 8963
8908 6936 -13168 -3715 -2449 6887
8680 7532 -14464 -2960 864 5525
6680 12236 -14956 -9323 -7902 533
7460 7268 -15500 -17997 -8885 5900
4864 7432 -16660 -17037 -10788 7111
2576 1956 -14056 -15149 -11995 4466
13168 10264 -11732 -2041 -5985 2812
6036 4480 -3304 10045 -14182 -3655
21712 21940 -32768 6775 -20863 9442
14236 7080 -7284 4889 5443 6190
-19580 17832 -23960 2049 -27731 -15195
10808 2764 -15004 7817 5922 -3993
5944 10112 -18524 8807 -18934 -2135
-5076 10752 -17900 -3913 -14127 -2110
-3044 9372 -16660 -9982 9216 2493
5632 2688 -18492 -2975 9266 -630
-3404 11732 -15600 4728 2776 -6774
-432 10976 -18476 -19704 11591 4069
-5620 3328 -13976 -1218 -205 2640
-3260 13072 -15728 10418 10822 618
-7444 11124 -31560 6528 -3150 -2289
1788 12232 -26700 14580 5663 -2738
4156 9800 -18656 9287 10353 17717
5908 9936 -18152 3962 902 8443
1184 9096 -14728 1380 7314 10231
9296 9624 -16996 -3272 8774 15351
7096 7480 -16080 -5401 -180 9033
6916 7060 -14456 -3495 1169 9245
4620 5760 -14924 -8130 -6503 5185
5728 3756 -14792 -6057 162 5141
9164 12916 -15076 -4024 -13645 -2413
3976 9068 -14836 -17093 -16878 -1736
3000 12128 -15152 -8554 -18211 -1682
9632 12648 -15076 -1678 -14087 -1312
9932 -612 2696 -1401 -4372 -351
23712 11168 -32768 21866 32767 4511
-3412 20296 -14004 8287 1450 -8913
-7856 7740 -17716 -8840 -21228 -10909
6924 8240 -14212 8850 478 -9279
-3440 12248 -18204 -5996 -1372 -1644
592 6492 -18776 -9018 1369 -1611
-1088 3412 -14288 -497 -6532 973
-1784 11056 -17356 7682 13586 -3557
756 15064 -15952 -5807 5225 -4821
900 8676 -16512 -16076 10563 2130
-864 8612 -14952 -3712 6375 1685
-1896 8640 -10228 3901 7462 -1865
-3440 4660 -18396 14094 -2275 -2300
1072 12292 -17164 27480 5463 -14194
13416 10688 -21348 -15463 1311 4521
712 444 -16844 -136 -7334 7245
180 10388 -15856 10469 14359 7075
13836 8788 -17860 -2897 10598 4871
10392 2704 -17260 -10539 -5033 1252
5908 2744 -14504 3990 5103 3744
5232 8632 -13916 2966 2505 1134
5212 15720 -16344 -17281 -9167 -406
6232 2880 -15308 -13136 -6239 868
4476 14876 -14464 -9502 -9624 2048
7924 4360 -15344 -11459 -12667 -679
6244 11440 -10964 -6287 -12579 3412
7136 5492 -13892 7399 -13755 -4617
15772 16004 -24984 6123 -5519 20820
3284 15240 -19064 12074 -7921 -9166
-6908 9972 -20304 6090 -6600 -13023
4672 10116 -17120 6322 -9757 -6087
2100 9168 -15440 4681 -7304 -13137
-1520 9524 -17008 -3770 -8183 -8978
-496 4380 -15936 3022 -9479 -5061
-2708 6864 -15660 2863 -6725 -1946
2672 10624 -15320 -521 19083 451
2460 9644 -17584 -3423 218 -3071
-2540 11088 -18036 -9024 10941 604
-2128 11812 -14196 -11312 10027 -597
-4036 5996 -14532 -4377 3473 -2269
584 8756 -16900 5689 19923 607
-17016 7548 -24244 12090 -32768 -9126
32767 31524 -32768 32767 19844 17343
4660 11912 -23152 -5069 10765 14286
2792 1556 -15432 -2526 -550 8942
4392 8704 -16660 11515 17814 13253
7336 11024 -16708 -5667 2466 11933
7980 5400 -16776 -5839 6396 8866
5904 4620 -12640 -3612 -2717 5923
5572 4012 -14768 -3035 -1066 2051
3676 14400 -17676 -10522 -10754 -3063
5880 7100 -17376 -24531 -12734 13
5884 10788 -14864 -8507 -8550 -2374
8872 1656 -11224 -11716 -4632 185
5288 8640 -8200 3073 -11704 -1866
4836 5396 -9784 13121 -7775 -3925
23480 30508 -32768 5060 -2442 15613
5456 11304 -7536 13781 -6653 -18068
-8712 5684 -23608 1131 -32768 -12254
4988 8712 -16956 7105 -452 -5513
632 10416 -15088 6351 -1623 -10737
1268 10900 -16436 -5197 -1698 -7823
1180 6284 -16172 1206 3251 -3738
1448 9388 -16912 -122 2819 -6940
-5204 10832 -17212 -8546 1897 -6426
1084 6500 -16168 -7961 14549 2022
1536 6032 -16728 -10426 -780 680
2376 5120 -11972 2605 14468 112
-292 4032 -14296 16506 -1134 3149
-15532 17880 -31268 23368 13379 -2705
9340 11972 -32768 2606 2111 8890
3044 6880 -23084 7710 7233 10216
4740 10128 -17344 2017 6781 8119
6448 8848 -17952 -6693 17462 10764
5852 5932 -14512 -5362 5003 9457
7796 4116 -14160 -4068 5944 5231
7272 5096 -14380 2384 332 4071
7004 11564 -15636 -4041 -1328 -2420
7520 6876 -13904 -17918 -5939 -58
7876 6376 -13704 -12386 -2813 3353
7176 10276 -13312 -16125 5231 1058
11752 2708 -9636 -9426 -544 -1726
6544 11064 -10960 -2607 -9258 -2874
10368 6088 -7468 14484 -9842 -2942
14080 18228 -32768 21168 31768 -1410
1440 17720 -8880 20581 -20557 -11777
-6024 8196 -21420 11147 -20881 -11146
9996 7076 -16452 15380 5086 665
2772 12732 -19996 10584 -25948 -13058
-3552 7416 -15428 -11008 -10835 -3727
-1328 5028 -18148 -5560 -3922 -2707
408 7540 -15456 2090 2335 -3120
988 8916 -17228 478 7899 -2772
-1328 12092 -17880 -7518 5285 -3716
-40 5568 -15692 -11397 6327 -542
-2760 9044 -13704 9545 5172 -15075
-6736 7360 -21460 3970 4258 7143
-4348 1576 -13824 20448 -29700 -14054
4060 10568 -24492 -11762 10732 9350
4732 8380 -20360 2865 7416 10085
1532 6244 -14004 455 5247 7069
6776 7820 -18416 3859 21047 9432
8668 6284 -16032 -5692 296 4034
6616 5132 -16280 -1873 6349 7006
5912 6764 -12536 5533 -1730 3021
3888 13100 -13548 -2512 -2875 3165
5340 10432 -16804 -22099 -8652 -2011
4728 7748 -13752 -10066 -8735 1103
6200 5640 -14208 -13850 -5643 4337
8876 4980 -12432 -3104 -1559 1092
6768 7112 -9916 9185 -10784 -5676
17312 18920 -32768 4690 10120 -53
5868 14428 -11612 -4238 16622 10780
-1428 7992 -22656 11851 -31280 -21978
-360 8672 -16232 12931 1534 890
4372 6592 -15572 7707 -9092 -7338
-5680 11480 -18368 2019 -3085 -6927
196 7268 -16016 -7210 -4664 -5761
-88 3072 -17172 -2436 701 -3956
568 6848 -15980 3085 5383 -3111
-972 12184 -18516 -2916 8781 -2523
-2948 10772 -16236 -13101 7409 52
-1300 6644 -15840 -4091 8089 -4850
-224 7468 -12604 2451 13722 2940
-3412 11868 -13092 9655 757 -1381
-15624 14288 -26604 970 -7331 -4085
12580 19120 -28436 5957 -78 6990
8028 16376 -22876 14595 32767 16703
336 7680 -14308 -1370 -4279 11223
5332 8324 -15668 -1858 22040 11945
10908 4180 -12052 -8449 5836 8565
6324 5320 -13712 -2378 -9322 7833
3728 7620 -15244 2283 -5857 5659
7040 11264 -17940 -11193 -12992 8313
5456 7280 -17396 -18026 -9562 10133
3880 8568 -15856 -14368 -13100 7739
7472 5284 -16008 -12023 1505 6760
8088 10352 -12360 -2233 -10631 -3521
6412 7032 -8092 4515 -14386 -1604
9408 3940 -14096 -7033 -9130 3086
-392 12680 -11204 9889 -7070 902
-6020 11700 -14688 11052 -17215 -6705
5284 8452 -15808 34 -15224 789
2632 7556 -17408 12261 -7970 -1888
-6908 14048 -18696 -3883 -4504 2749
-948 6004 -17184 -6079 -5314 562
152 5472 -15152 2706 -5670 3146
-3396 13616 -15728 16 275 255
-1916 11048 -16172 -5583 4654 -458
-1600 8436 -15344 -5761 6330 2777
-3384 13572 -17908 -5488 8653 2175
-4244 8724 -17404 -8465 3154 3941
-1300 4564 -15244 4475 10653 2380
-6944 12936 -28868 15114 2925 -1978
-5376 14216 -17260 11670 14376 -8102
5204 6000 -21172 -20049 3555 2220
6600 9232 -17796 -4642 4746 9138
4224 6832 -15508 4401 16219 18783
8288 8756 -16068 -1648 -2079 9402
8816 6352 -13444 269 3757 7153
8112 7800 -14708 -228 -1099 8095
4756 9688 -15188 -2850 -7797 9097
7788 10964 -16304 -13264 -11320 7025
6024 8300 -14716 -17474 -10801 11318
5456 9748 -14244 -14381 -9756 9364
6904 2340 -11808 -14716 -19699 -179
5864 11276 -13448 -4898 -15270 187
4156 2440 -1640 8068 -12013 -9522
15724 30824 -32768 -2991 21730 11573
6524 16164 -12760 -6856 -7781 12566
-8948 9016 -25548 -3496 -32768 -27817
-416 1416 -11592 16043 1653 2757
1204 9400 -18704 16842 -4469 -3852
-1072 15076 -19536 -11073 -4803 902
284 6400 -17020 -5870 -962 -2060
-660 7516 -16180 1659 4380 -3820
-3284 10816 -14048 -1995 7855 -1101
136 11592 -18984 -6998 11811 385
-3180 7868 -15968 -5625 398 -1471
-3816 5788 -13828 1222 7626 1398
-1440 10168 -10276 17998 5673 -3477
-12092 13240 -26084 5056 -1780 8531
3832 11344 -25632 13745 26379 3743
10936 7980 -21516 4557 19233 16550
4016 8124 -13428 2020 1736 3018
568 6808 -12072 -5527 12085 9732
7920 4244 -13856 368 6467 3245
9432 6256 -15904 5776 -64 4056
4988 14272 -16024 -3001 -5349 2309
4028 9456 -14964 -21437 -13090 3038
884 8132 -16696 -16079 -16544 2513
4004 7472 -14820 -17309 -17573 2271
12060 9780 -12156 -8145 -2886 1894
7320 4876 -9384 5823 -10390 -5860
13144 16660 -32768 5251 16168 -180
11580 14868 -10672 579 2560 2392
-2312 6808 -19492 6373 -25365 -18273
3116 9808 -16688 9616 -1631 2525
-3456 12128 -14000 -2426 -14102 -6645
-552 9932 -17236 -3829 -1693 -1386
-704 6756 -13740 -1963 276 -2183
348 8948 -16076 4127 6616 -2993
-3604 12748 -17060 -3522 4933 -3561
-392 10344 -16968 -7556 2231 -1629
-504 8224 -17760 -8887 12284 1381
-1088 8484 -15284 -2437 5232 907
-4688 5548 -12564 -2032 8307 -1561
-4932 9664 -19384 17593 16509 -4868
-4976 6412 -13064 15332 -32768 -15344
11140 16412 -15220 21741 15701 8565
6108 8068 -16600 -10095 1055 7409
528 2016 -15032 -2605 919 11297
7108 8544 -19308 9805 13982 12606
8240 9704 -16268 -665 -1025 3493
5912 6652 -16148 -5805 -266 4430
4864 5224 -14972 -1166 -3228 3348
6232 14828 -15772 -2128 -5983 371
3504 3820 -15652 -29222 -8818 7561
5784 12652 -13896 -9226 135 7410
7292 4260 -10936 -4231 -5339 -3672
7196 6728 -8536 5676 -8829 -1489
6500 11404 -27772 13738 -14301 -4466
2468 14568 -22548 6321 32558 14216
1216 15024 -14736 16427 -30648 -22521
-6548 7244 -13408 617 -17580 -15067
1000 10188 -22320 6934 16808 -3278
1132 8112 -20060 1607 -16097 -7828
-3900 10148 -16868 4028 886 3672
1036 7920 -16196 -2580 848 -2319
556 9324 -16288 -2043 5202 -3833
-1892 10712 -15612 -8725 7912 -2528
268 10048 -16940 -11176 13983 3274
-2248 9452 -17216 -5070 -140 -2512
-5488 6200 -8136 626 5623 1353
-16112 7880 -31836 18281 8314 -2047
10564 29812 -32768 -959 -14588 -767
2360 6408 -22432 5927 14175 9671
2692 8732 -17744 5306 2838 3785
5108 8768 -16520 1834 12906 5890
8312 8776 -14536 2951 11073 10172
6076 6096 -13180 -6289 -2551 3464
1964 4996 -16052 -3129 -5138 5221
3560 7100 -16916 -4769 -2320 3084
7308 10744 -15804 -11286 -11744 1928
3424 12632 -18912 -19356 -9545 6363
6104 4576 -11496 -6185 -17195 -3902
8992 9568 -13868 4999 -7346 818
3596 10908 -24316 12817 -8014 -8921
4556 8544 -19032 8237 23879 18843
1308 13416 -16464 8073 -1681 -16551
-2608 5020 -21864 2104 -23974 -10647
-1908 7056 -13472 7591 -5897 -675
1804 10148 -15240 6904 -4025 -15374
-2680 10672 -16880 -4332 -2841 -2873
-592 9752 -16732 2480 2402 -4445
-1084 8148 -15448 -3572 811 -4117
-1852 8780 -14880 -6035 -1007 -3705
-3712 12980 -16684 3678 5765 -7432
2396 15724 -14524 -12055 18078 -5601
-968 4964 -16392 -31348 -3053 -33
-6788 864 -12064 -6917 1346 -3037
-3228 7028 -15772 12962 15194 -2897
-17052 11656 -28128 13155 -11559 -1184
3932 32767 -32768 5758 -25550 -10593
768 11520 -20000 6588 7094 12540
44 8300 -16836 3058 8262 12211
3424 6996 -17212 10448 16746 14664
5692 10456 -15312 1206 9397 11690
3168 6228 -13188 -9954 -294 4499
3568 2572 -14976 -1874 -1582 3918
5888 7344 -16312 7407 830 1045
6060 17084 -16780 -18731 -8980 1554
3824 2760 -16684 -5999 -5909 -731
4784 9868 -12768 -10188 -4589 5869
4880 6048 -16464 -9957 -10938 8648
7224 5420 -8632 277 -10459 838
7056 15512 -29080 17834 -24873 -14398
4364 21108 -17180 2889 24992 18528
-2680 9580 -15840 16353 -17179 -23373
-2720 8864 -17272 6885 -17469 -7731
2092 8540 -15580 7794 -8238 -814
-4780 11356 -13280 2415 -1154 -17568
-1592 8852 -15324 -4067 1746 1985
832 6220 -18556 -3707 -154 -3755
-3976 8212 -16148 -258 -818 -3966
-4388 11888 -14824 -4124 10917 -5071
1484 10320 -18532 -14245 15393 3517
-3528 6596 -16480 -11542 -2306 -356
-1548 4476 -8488 -1853 13575 -4395
-8980 8912 -30532 9121 6725 -3420
-6924 15984 -19672 992 552 -18078
7296 14200 -24056 12424 3594 9115
-2064 10268 -16124 2514 12837 4627
-788 8512 -18368 10033 13124 14617
7140 11448 -19564 1312 13566 11908
2932 7516 -16048 -6804 5967 10047
2448 3440 -13200 -4563 1220 4095
4228 4668 -14692 7075 -266 1359
4852 14656 -17360 -6351 -2068 7249
4484 9284 -16208 -15181 -11260 2425
3868 8200 -15292 -14375 -8787 5835
5188 7000 -14904 -10936 -7302 1686
4432 4748 -13220 -5377 -7624 -2864
5684 13144 -19368 9192 -168 -2084
8024 -992 -11616 -3457 32767 7837
3276 24952 -18436 7915 -5954 -827
3820 9600 -19540 10309 -3913 -14306
4640 5020 -18596 7385 -21109 -10077
-2048 6232 -17488 7059 -29680 -6125
-4192 12648 -12376 6622 -4718 -16277
-2848 9528 -15428 -9826 -2171 -1248
2504 5600 -16600 -2970 11202 -142
-656 7764 -18396 652 -958 -4309
-7500 11888 -15404 -7455 1655 -489
-2456 10496 -15256 -10619 9232 2408
-1684 6092 -16604 -9455 1883 4455
-3768 6028 -11816 5504 3623 3778
-11076 7268 -24544 10034 -285 3693
-8140 14412 -19664 20088 -4145 -20512
-2012 17424 -30060 -5864 8139 11904
3044 3700 -22280 -2803 3312 14403
3756 4800 -20356 9572 10504 6811
2992 9648 -14832 8019 7101 9947
2820 7844 -14908 -5766 -322 4948
5852 4420 -16488 -2179 901 3543
5672 6740 -17260 -1950 -3325 1395
4384 14336 -16340 -9968 -4593 8117
2724 6432 -18556 -19511 -7066 6523
3280 5000 -14160 -10641 -2289 7942
6264 4584 -14420 -4861 -7193 2239
5436 228 -5620 4950 -14010 -2155
3700 14604 -32768 12664 -2188 -8543
11848 15020 -12592 -5979 20142 30889
860 14748 -14960 16671 -32202 -32768
-5308 6348 -19108 9221 -21665 -12154
5316 9340 -14224 7084 4579 -4051
-2296 8680 -17364 -11930 -12248 -8878
-6712 6868 -15716 -323 -3510 -5769
-7676 8608 -14148 -4926 3607 -5555
-5240 9692 -17492 -77 11847 -5708
96 10108 -15976 -8197 12064 -2286
-2348 8080 -18232 -9237 1623 -4754
-5400 8268 -17040 -8188 1043 -2776
-4284 7500 -14560 -8129 8324 -6531
-7232 5540 -13920 6079 2437 2293
-9952 4408 -18764 4420 -5234 -9849
-3024 11764 -14920 13192 11642 -4073
4272 17460 -26148 12266 9969 16963
-3684 2392 -16272 5069 3814 17218
48 5860 -17820 9480 15370 7657
4208 9320 -19368 -1367 11086 11650
3372 5224 -16928 -8493 3669 7010
612 3748 -16216 -2013 -2123 2794
2504 5156 -13400 -1100 -1981 860
6904 12176 -17416 -5812 -3542 3488
1600 12160 -18100 -13959 -6282 6307
5048 9360 -14768 -9507 -4299 2488
3632 4440 -15360 -7592 -8973 2040
5528 6684 -12408 806 -1265 -6
6888 8324 -23684 8209 1112 -402
7040 3380 -18356 9477 12052 1070
-3364 11624 -18736 10263 -4252 -11490
12 9064 -20212 7892 -22776 -12278
1196 7132 -13432 1547 -17883 -3981
-1064 7092 -19128 6752 3014 -6259
-3252 10592 -16660 1342 -4352 -5677
-3184 8328 -16708 1448 4435 -5639
508 8584 -19920 -584 7805 -9667
-2796 8916 -14692 -9973 5005 -1785
-2984 7320 -16152 -12060 13964 -2179
-296 4528 -14848 -6758 3617 1767
-7992 4748 -14172 61 -1609 4131
-14804 1664 -13792 10820 -32768 -8707
6680 19020 -28688 32767 -11076 8826
-884 6768 -20912 2187 3781 9404
-2268 4416 -21012 9573 11091 6042
152 7652 -18892 6847 12114 2704
-1224 7964 -18212 -2291 5589 9062
2952 5612 -17136 -4705 9401 4557
4020 3472 -17168 -6338 -620 2329
2680 7004 -13560 3053 -2491 2526
1980 18200 -17288 -10838 -5551 12850
984 5372 -18296 -16870 -2701 7285
1648 5256 -14312 -14062 -15113 5738
2600 8556 -16308 -6817 -6504 7307
6920 -988 -5820 -1135 -4125 -3692
12612 15876 -32768 5455 32767 10278
5644 17520 -27576 9149 -2234 3305
-7932 12584 -22640 16974 -14498 -21474
6816 4768 -16936 4564 -18400 -8385
2552 9180 -18216 6461 -12606 -10302
-1040 8616 -17920 1153 -8985 -5473
-5512 4364 -16392 -5331 -14659 149
-7948 6076 -15132 -2794 -1117 -4893
-4444 6828 -17200 -1557 10889 -7343
-3156 7016 -16936 -4698 5828 -5676
-5448 7388 -16920 -4303 7722 -3713
-4928 9072 -15688 -5541 8987 -3874
-5200 7844 -17716 -9622 3734 -745
-1120 4624 -12016 -3763 6342 -2256
-23032 5624 -25820 16792 -14470 -2078
-6540 20880 -18844 -12347 923 -5767
-1088 10784 -22132 24494 4094 11379
-2884 4200 -20540 2957 6520 3796
-3232 6244 -16824 15526 15458 5505
132 8868 -18072 4430 14238 8012
1544 5852 -19612 -7702 3371 7720
1604 3492 -16816 -4695 -1644 2894
2228 4268 -16628 1051 2739 5143
2020 11892 -19340 -4117 -10501 8732
-10492 17832 -23944 -19733 -16274 27242
3932 -5012 -17052 -16731 -3789 6785
9908 5904 -17212 -5293 5363 19443
6960 1360 -5496 7135 -6004 -14692
-340 3244 -22592 15702 -6456 -7886
1072 11064 -17648 -20645 32767 28643
1060 13496 -14348 13699 -13553 -28059
-4688 6160 -22144 13341 -27046 -32768
-96 5984 -14512 266 22 11727
2720 8676 -17336 6197 3734 -9336
-5840 8180 -19748 -3213 -15533 -15947
-8660 4492 -15716 -684 -13761 -315
-7044 3956 -13940 4562 11663 -6911
-1600 7904 -16720 473 12130 -10335
40 8784 -19496 -5685 -997 1394
-7904 5636 -16356 -28590 -7805 99
-988 3168 -12504 1510 7851 8847
-7164 -6320 -14056 3424 -2595 -2217
-7600 10892 -19528 12354 -9673 -30988
-8668 17064 -18412 -14092 -6165 -9112
-9080 3972 -29036 -4754 4069 14431
-1024 -832 -14048 7350 19029 9840
-436 4996 -18396 20778 19109 4930
900 10052 -21324 -1390 8839 5255
404 5812 -16076 -6468 2734 8728
468 2668 -16260 -10592 -65 7950
1796 6892 -15976 -5578 -4242 7550
-1068 12008 -19676 -16940 -5382 11372
3584 2816 -17420 -9005 -1768 6325
3596 3128 -14948 -9465 -4572 4932
3292 8964 -18032 -961 -3643 3057
4936 556 -5948 1301 -1399 -3343
11084 16160 -32768 17485 10746 5557
13464 11456 -9652 -16995 24756 19085
4868 5176 -19400 20361 -4465 -25870
416 5636 -20036 7144 -13877 -5710
1668 7416 -16392 6093 -13756 -7715
364 7508 -16444 5753 -15773 -14986
-1884 5112 -18040 347 -10894 -12187
-4880 3288 -15760 3951 -3927 -6969
-6848 7012 -18012 -498 3065 -17250
-6628 7008 -16892 -9511 2607 -2282
-5496 7292 -18548 -17499 535 -685
-4588 4576 -17852 -9487 2593 -990
-3708 3768 -16180 -12468 -932 3031
-10368 -296 -12548 4807 700 -3765
-18568 3104 -20456 12602 -30585 -4926
-2900 12348 -14408 19989 1015 8145
-8496 10516 -25708 -3 -2766 7871
-7968 -10408 -18152 21940 11227 -3170
-1780 10716 -14584 21943 13906 1106
-3344 3520 -22888 5503 8365 7081
-248 -968 -18608 -7372 2449 3586
-2728 -1936 -16044 6974 10980 -272
-1984 2052 -20956 11050 11289 8278
-4284 -12 -20772 -7402 11877 9051
-1352 -3012 -18556 -9184 11830 6527
4164 -4904 -16608 -6921 9962 4292
6208 988 -14628 2413 5977 4409
4312 -304 -15784 1881 -11553 1601
10540 -1240 -32768 1946 7463 -7959
8532 -2132 -22292 9397 9438 -2926
-5680 -6364 -23512 18123 -28529 -3965
-1488 784 -22296 14835 -31937 -1601
2556 -1768 -18212 5353 -25905 1827
-3628 -3372 -18108 6961 -20219 -3458
-7740 -7476 -15672 13160 -21958 -3083
-10740 -5844 -12252 9385 -15744 -4330
-12316 -7088 -8244 -6909 -2219 -8721
-10952 -5776 -14524 -7243 8046 -11100
-7992 -7484 -17284 -6796 -6778 -749
-6300 -7820 -13116 -944 3901 -1451
-5380 -8172 -8040 -3499 7081 -2505
-20000 -20256 -10892 12079 -21585 -17126
-12952 -11200 -2912 16248 -1059 4203
-7536 -12100 -14192 -15916 8150 -7030
-676 -13752 -17264 6877 19981 -32768
68 -12748 -16464 -4386 13130 -10525
-4060 -12600 -15992 -7794 3637 3617
-2160 -9404 -11828 -7854 10647 -771
1940 -11560 -11760 -3910 21633 -8767
5240 -7748 -16096 -5199 12017 -1973
5484 -8216 -18112 -3409 3945 3214
-1628 -7184 -21772 -1337 23698 10458
2840 -12416 -13772 -18222 11171 -1367
11660 -9580 -10256 -15460 4600 -1904
9948 -2048 -12296 -10241 3317 1119
7396 -2640 -10728 5055 -15167 12738
23820 -13412 -14716 -17061 24044 -27684
-2532 -10308 -21656 23707 -22010 9831
8272 -14784 -19572 31550 -7916 24262
1760 -7892 -12564 13996 -32768 20915
-860 -12460 -14024 23850 -6458 14947
-2208 -10332 -13708 7186 -10905 9617
-3832 -12664 -9132 3568 -6785 5452
-6100 -14240 -8832 2404 -746 4368
-9000 -11496 -7108 -7189 -915 136
-2176 -10600 -14312 -14315 2413 -4560
-4 -10784 -15336 -3521 2219 120
-3312 -14784 -9572 -7177 246 -4654
-8632 -11936 -4892 -3306 -2165 -7054
-10812 -12472 -9492 2266 -4316 -14119
-7420 -26112 -10800 32767 -618 -6895
-1252 -9480 -5092 -7791 5448 -9642
5896 -23100 -9756 -712 6757 -28201
3904 -11772 -14184 -5664 5507 -5973
-3592 -15168 -13784 -5808 425 -4276
2396 -12612 -9472 -4223 9448 -9274
4736 -14032 -9048 -11114 5391 -9261
9104 -11040 -11720 -8700 8934 -7938
9904 -11396 -13796 -5400 5442 -3085
9036 -11060 -13172 -2857 7555 5807
-2056 -11664 -17552 -7979 25971 -1564
10644 -11888 -8400 -17318 14367 -10540
13444 -7644 -7784 -12271 -7249 1776
5688 -4160 -6252 -6652 -8145 3634
12704 -8644 -16828 8221 -9146 15934
25108 -9692 -21460 -9862 7187 -32768
-1464 -20668 -17660 21753 -6197 32767
1828 -17092 -15864 18202 -32768 31706
1060 -15116 -12704 11767 -12391 22102
3400 -17064 -9372 8498 -13163 29747
-4044 -9204 -9404 -2677 -17012 9905
-160 -14152 -4084 -641 4289 -7630
-3924 -13724 -9400 -7575 193 -7268
-1400 -15740 -15788 -410 -2502 -5080
-40 -15416 -10764 -4396 2984 -2123
-3224 -14760 -4080 -6407 567 3680
-6024 -11228 -4156 -10298 -2939 -4636
-7552 -10044 -5984 -13153 -7218 -10093
-3688 -32332 -8296 32767 -3396 -8833
-5440 -7276 3260 -15913 -6402 6152
8648 -27412 -15672 -6926 1313 -24047
9824 -13760 -14368 -10436 11040 -7236
1336 -18428 -16088 -13060 -12828 -2225
2120 -13880 -12916 -4494 9803 -9199
4216 -12228 -6928 -7773 4838 -6072
6700 -11716 -9368 -9874 4777 -7689
7772 -11080 -12456 -549 3593 2985
1164 -14972 -17600 1361 13008 8390
4844 -15272 -14928 -17544 14576 -12000
16244 -8292 -7276 -18349 1437 -11090
7828 -2024 -6112 -5992 -12995 14820
11580 -11400 -17316 15566 -8494 17127
13004 -11844 -15524 -12512 6575 -28082
1356 -17140 -14192 24171 -3498 23586
4140 -17328 -13612 24686 -20147 19738
3528 -9844 -10104 6485 -10514 13097
-152 -14580 -11260 8356 -3123 14932
-392 -16616 -8508 8621 -8568 8745
-3260 -13140 -4484 2623 -583 8378
-5304 -13460 -6720 -3323 238 3615
-4532 -12960 -10072 -10152 283 -1582
2444 -13144 -19228 1013 5062 1487
-704 -14652 -12468 -10207 1011 417
-4560 -15344 -6724 -8558 -1071 -3848
-4288 -7988 -4656 -10731 -1681 -9110
-15340 -25248 -12424 28288 -13598 -14428
-4732 -8100 -5100 29490 -8128 18412
4348 -21524 -9992 -7193 1044 -20699
8976 -20072 -8768 -9545 13620 -20865
372 -14088 -12976 -3789 -399 -6674
-828 -14664 -10668 -5869 596 -4596
1812 -13824 -5952 -9751 4568 -9399
6216 -12480 -10604 -8444 8198 -9118
6808 -10104 -12696 -6665 1873 -4665
8896 -11872 -13040 -4309 3376 -2784
8568 -11788 -15300 -5889 5905 474
-2416 -10896 -18268 -12197 19059 -7232
9076 -12444 -5928 -15615 6519 -7420
12220 -8824 -6168 -6785 1132 20
10044 -6196 -9808 -5329 5474 -111
9512 -2616 -9924 1045 -18723 14114
32508 -9760 -13148 -3345 18711 -22384
5012 -15048 -14876 15712 1188 15926
9488 -16088 -15512 29131 -11595 26061
4688 -7760 -10728 11763 -27861 24385
3688 -12152 -12104 16435 -11446 21821
-1548 -14100 -8816 11282 -12477 12288
-5228 -12288 -4736 -188 166 5758
-5396 -13464 -6932 -6080 -2156 -4378
-1528 -14848 -9952 -12468 -2199 -14994
7612 -15112 -22040 -2379 -844 -6698
4592 -12964 -8100 -11809 -2222 -9688
1056 -17284 -4456 -8905 -3256 -9356
-6544 -9352 -6008 -2735 -6435 4428
-17304 -32768 -9344 32767 -18051 -16397
-6740 -7040 -6108 10495 -3580 16606
10080 -24872 -23732 -5149 15990 -32768
11868 -13992 -20292 -12359 11336 -7882
4420 -12808 -11108 -8156 -5166 3788
2300 -13772 -9992 -2872 3262 -11576
7384 -13656 -6648 -8413 3309 -5306
7964 -10948 -10016 -7803 2591 -5818
10580 -11812 -13464 -4435 7259 -2439
6612 -12280 -14132 -3408 11781 2705
5072 -15212 -12936 -15430 14026 -12183
10832 -9240 -6056 -15484 -1059 -3520
9256 -6712 -5504 -4440 -3552 7959
12232 -8084 -11820 1734 2349 10293
28224 -15108 -14816 544 7374 -1967
22632 -8876 -14572 -1469 -1710 -6309
-100 -18192 -17792 11516 13966 -1982
12812 -8152 -12144 23946 -15421 16572
8668 -10096 -11820 12759 -19234 20995
3632 -15720 -11624 18659 -17433 29791
-1400 -14448 -7984 11428 -12438 18086
-2604 -13040 -5880 -1286 -1953 13743
-5468 -13996 -6892 -4660 250 -2517
-864 -16012 -7680 -6268 -64 -4543
5036 -16848 -16980 6322 5820 5010
-60 -11732 -7340 -5652 209 2735
-5108 -15836 -6344 -4687 -1471 -5921
-4040 -7736 -4784 -3728 -2454 -4416
-12872 -24668 -7704 12977 -5286 -22586
-2784 -16140 -4616 23974 843 17744
-240 -10804 -8244 -13845 10965 -19990
14928 -27748 -20440 -13917 13891 -13558
2116 -7744 -9088 -4890 3191 -3775
6176 -14256 -7940 -5646 1300 -8679
7836 -15316 -10236 -780 -1144 -3358
5860 -11708 -9164 -2198 963 -1495
7216 -13656 -11248 -4293 5234 -5869
7324 -12300 -15908 -5252 9990 -23
732 -13136 -17440 -13505 27188 -9451
9840 -11692 -5020 -17508 4376 -7785
12648 -5484 -5364 -11177 -4322 967
9124 -2912 -8680 -989 -5882 13793
31580 -18828 -22352 5832 12101 -519
22220 -11348 -18456 -731 -762 -12843
3784 -20776 -15532 23288 12161 8873
5140 -8968 -10756 23702 -32768 32767
5168 -12596 -7284 7060 -9957 32767
-3460 -16000 -10256 14677 -1179 3298
-2844 -12932 -4604 6516 -7508 5625
-2368 -14852 -8712 -10897 278 -1133
2372 -15292 -15928 -7221 211 -13198
4768 -15888 -12160 3003 943 6257
2108 -15824 -7540 -10907 3381 2623
-7960 -10008 -3520 -10165 -4848 256
-3736 -11064 -4628 519 -843 -8958
-5256 -27784 -7348 32767 -7267 -2966
-8648 -10836 -5300 -4011 -1904 -1009
6664 -26120 -12420 -1090 4899 -14863
4200 -14208 -10608 -737 6157 -7094
2312 -13372 -10156 -10935 5177 -10184
4628 -15284 -9024 -5672 4749 -11073
5232 -12220 -7224 -6515 2016 -7221
7596 -12192 -9996 -2395 2109 -4574
6660 -12956 -10764 -1322 4210 3131
3944 -14236 -11364 -4199 12247 1075
6040 -13840 -8412 -14737 16691 -9045
10576 -9192 -4664 -12142 3013 -3430
4560 -2324 -6632 2555 -11275 14700
26300 -14960 -10236 -13627 4539 -32768
16652 -7456 -17128 11316 -2774 6182
1268 -19996 -14224 32767 -8610 32767
-1212 -15324 -5732 20672 -20325 25211
-48 -16752 -6544 7442 -8730 9109
-3420 -13404 -1980 8555 -630 11731
-2816 -11664 -3276 -7722 1033 1045
-1424 -15424 -7880 -11283 -2183 -5444
4588 -17280 -17404 -1654 1234 -4472
3924 -14984 -8992 -4067 -898 1973
144 -11628 -2344 -14831 -2337 1916
-2948 -12040 -1664 -10259 -3754 -15435
-7928 -28064 -7992 22542 -8628 -5747
-2836 -16512 5064 18358 4883 29441
4348 -12152 -9160 -7294 7654 -23863
9800 -23212 -6232 -13012 9536 -28003
-144 -13956 -11792 -2844 -5890 4515
956 -13256 -9624 -8639 2836 -9117
4016 -14788 -4236 -6623 4459 -8632
5724 -11232 -6104 -9522 5102 -6979
9732 -12748 -10048 -6790 6376 -5509
10760 -12620 -14816 -10190 13349 -7533
804 -12048 -15540 -16026 23220 -14214
12740 -9760 -6488 -15664 3079 -11963
11408 -4452 -5552 -8583 -6400 1931
11952 -4656 -7932 -364 -2819 9357
7816 -4696 -10804 3735 -13776 15617
26848 -9808 -6296 -4097 2570 -26773
11572 -13144 -16252 21035 -3991 29589
9940 -14748 -10960 24449 -5042 20302
7280 -11460 -11896 19520 -20309 26602
3800 -14348 -10256 13161 -5088 27335
176 -15920 -7212 12267 -9465 9486
-936 -13040 -3852 1144 -2965 10955
-2720 -14820 -4960 -4779 -474 4317
-4576 -17048 -7664 -7656 -3391 -10796
3548 -15860 -14676 -3307 -1150 -2341
3976 -14488 -8540 -4898 -640 2907
-3612 -15164 -6620 -5397 -1664 8507
-5908 -8204 -4044 -10720 -8739 -7840
-14024 -25960 -4700 21530 -12607 -5350
-1000 -11852 7696 10528 2269 21080
2912 -19700 -9480 -3428 4623 -22243
6360 -20292 -5392 -6754 15768 -27777
-840 -15620 -11192 -9029 -5343 -323
996 -13860 -6820 -6997 5955 -12635
5240 -14732 -2568 -14805 4543 -20023
9260 -11284 -6800 -12977 2929 -13341
12644 -9588 -10400 -8783 4531 -11688
11996 -10612 -13980 -6960 5170 -7083
3980 -13404 -14092 -15842 14487 -15323
10800 -8584 -5844 -10625 -2749 -1287
13340 -6324 -5024 -5404 -4415 3378
11104 -6552 -8256 406 -195 6011
8936 -4428 -8316 5323 -8076 13780
32767 -20116 -23548 -2109 18138 -6963
14820 -10024 -15364 987 -8157 3877
2196 -20508 -9980 25916 3298 26773
7704 -15808 -7784 22418 -15604 19745
7056 -16140 -9384 15525 -13601 28435
-2172 -12620 -6836 10123 -2793 25068
-2144 -12828 -6648 2554 -3720 3245
-2220 -13268 -3412 -4174 -161 5994
-3320 -14892 -4636 -8912 346 -887
1260 -15232 -12500 -7888 -1278 -10074
2644 -16348 -12216 4024 -1223 3316
-236 -15544 -5980 -8042 -1034 574
-6064 -13128 -1924 -7860 -4645 332
-4676 -13168 -2492 -2327 -1992 -12432
-5948 -30704 -1716 32767 -7225 2191
-6012 -9364 -4884 -11190 -7953 5971
5744 -18804 -11692 3686 1749 -15460
9924 -18404 -7640 -9755 8891 -18444
840 -16572 -9836 -3715 -5214 -3193
2908 -15736 -9056 -9378 2936 -12892
6420 -15060 -7032 -14112 4880 -16305
7964 -10868 -9752 -6009 6361 -9252
7836 -10968 -12220 -6647 1873 -6887
8080 -9832 -12868 -4463 2703 -1154
-1404 -15096 -14168 -5431 14676 1520
7228 -14864 -7828 -12924 6523 2287
12760 -9572 -5332 -16338 -1280 -4638
14948 -5024 -8208 -7768 4053 -1672
3616 -2356 -6332 6065 -8025 16585
15248 -19352 -20636 18620 667 25257
18972 -23356 -11388 -8878 -2319 -24906
-5820 -18236 -11764 32767 3484 32767
1288 -17164 -13748 14511 -18692 25927
3076 -12520 -5880 5584 -9746 13203
-2944 -15360 -3276 10477 -5514 12144
-3104 -12148 -2744 -7600 -3700 6500
-2412 -13748 -4700 -5104 742 -2838
-1740 -14816 -7708 -12631 -5043 -9461
5912 -15868 -18900 130 -711 -9400
3360 -14636 -8592 -211 -1615 4105
-5588 -15888 -4928 -8912 -3108 6070
-6104 -3384 -6096 -12965 -7864 -6819
-13244 -32768 -2012 32767 -16884 -20861
-6652 -9264 676 -3880 -6746 21869
4800 -20420 -8964 429 5979 -26232
8312 -18968 -7960 -10445 13103 -11874
88 -11296 -12508 -15057 71 -2973
5384 -15092 -8604 -8910 5208 -21767
8328 -13364 -4536 -9354 1179 -5541
7604 -10536 -9372 -10326 3250 -7263
9620 -10440 -12000 -5156 1687 -7510
9980 -10664 -10796 112 4272 1112
5920 -14036 -12620 -1450 8412 1784
3704 -13156 -14824 -14741 17516 -13088
12828 -7724 -4564 -10538 -951 -380
14456 -5564 -6032 -7092 -311 2374
7960 -4108 -10240 2753 -3208 14327
16916 -19836 -22156 11971 6109 16461
19580 -9020 -10344 -3990 -7294 -16728
3072 -16892 -7500 32767 -5358 32767
-940 -17856 -9372 10878 -30063 32767
1904 -7596 -6520 1276 -4187 5987
-6684 -16204 -4608 19564 -2575 17614
-5468 -12168 356 -11280 2838 7232
-2396 -14456 -7144 -13446 382 -2667
3144 -14460 -13036 -4330 1631 -8351
4956 -14044 -16164 7305 5998 5896
-280 -17256 -9300 -6826 2827 2758
-6376 -15812 -3340 -9620 -966 562
-6448 -7948 -2568 -10892 -2300 -13446
-11744 -22660 -4620 8331 -6417 -16035
-3636 -12700 -144 21803 1745 14816
6480 -18432 -6828 -12644 15140 -32768
9644 -18200 -19032 -17546 13585 -5712
1664 -10812 -11328 -15711 2237 -5955
5376 -13696 -8068 -18236 8950 -11115
10324 -12324 -10280 -11439 3523 -11768
10260 -9112 -11716 -9441 1419 -8782
9604 -8364 -14508 -3932 4957 -1071
9424 -10276 -14072 1239 7218 7595
-1368 -20664 -19212 -16160 32767 -6507
14376 -13168 -9428 -24239 21611 -21754
18004 -9628 -2000 -17064 -6332 5462
14232 -3340 -3228 -17485 -9517 17156
10168 2612 -2960 -6867 -12647 23893
18228 -6060 -17976 28462 -12152 32767
13516 -23312 -10072 4338 18093 -9885
-3120 -15552 -12056 29128 -14138 32767
-120 -12292 -10644 599 -17199 32767
-920 -13812 -9776 13017 5378 3321
1776 -19400 -4328 8547 -6445 10369
3140 -13772 -6056 -9115 5341 -2951
120 -15608 -8768 -5148 424 -1158
628 -18096 -21628 1254 -965 598
3944 -14060 -8228 -11901 459 1358
-2012 -16164 -1684 -15534 -875 6675
-4528 -13660 -3280 -7017 -5454 572
-3236 -8696 -8032 -4457 -3013 -14683
-7144 -32768 -10200 27885 -1687 -12958
-12388 -12176 -10284 23760 -2454 17572
11984 -22760 -16788 6572 18377 -16421
2204 -15436 -6036 -12558 13692 -11041
1796 -10356 -6504 -16884 134 -10631
10400 -15380 -9176 -9721 1619 -14161
8452 -12560 -10620 -6079 4782 -3221
7020 -11456 -11016 -4518 3852 -3748
7920 -12788 -12672 -4178 9524 -2943
136 -17452 -16616 -10625 25713 -8290
9956 -13436 -9580 -20476 6865 -14027
14660 -8760 -4096 -12795 -6701 1435
8116 -1188 -3088 -8315 -2529 -3858
9628 568 -10208 9711 -20742 23735
26952 -14440 -10200 -13263 5185 -32768
572 -21712 -18488 25416 -7497 26770
5832 -19580 -9724 27869 -23635 32767
5388 -12416 -7024 -1117 -16131 13976
1640 -16472 -6800 19118 -5574 21261
-2436 -13500 -3972 6460 -1930 6746
-1120 -12644 -6412 -1822 867 -526
380 -15140 -8096 -7343 -856 -5602
5408 -17952 -20340 -6521 -3438 -10988
8808 -12820 -8308 -6092 -3301 23
1508 -15396 -904 -22369 1856 4593
-5364 -4992 -5320 -18715 -7755 14728
-15012 -20788 -5144 17902 -15850 -23782
3636 -23888 -6880 32767 6806 27730
588 -15784 -11288 -8941 11014 -20313
8260 -26048 -1012 633 28357 -27543
1132 -11076 -7296 -11466 -7947 6794
1620 -14344 -9660 -6696 5177 -14326
6296 -17380 -7124 -5808 -232 -5250
7280 -11368 -10948 -9128 2326 -7835
7340 -12092 -10916 -7013 1106 -5428
9368 -12444 -11568 -6783 3295 -5270
7632 -13064 -11796 -4759 7355 -583
-3848 -13168 -14948 -12917 17120 -4837
9700 -11932 -8068 -11696 3694 -3498
12584 -7420 -8160 -7788 2921 1468
11580 -5012 -12888 -655 3925 4244
6132 -4660 -9664 5335 -6821 15869
32767 -23664 -28044 3986 15499 2093
19052 -12056 -19944 680 -4810 -8982
2060 -18472 -5152 32767 -14471 32767
-1368 -11696 -10824 13434 -19357 29216
-3584 -9176 -9808 -7858 567 6878
-2692 -17260 -8148 13363 -11455 4127
-1164 -15808 1572 -299 -380 4346
-2844 -14132 -4392 -8005 -939 3839
-2952 -13344 -8436 -7745 -3559 -6028
3380 -19236 -20128 11936 570 -4744
3808 -14508 -8168 -2426 -709 -640
-3476 -14388 -3180 -8384 -5259 710
-5220 -6364 -5160 -14022 -7085 -11969
-7604 -32768 -5712 28113 -12959 -10074
-13072 -7996 196 -4852 -9416 18020
2936 -18356 -7228 7607 5260 -8884
7156 -22580 -4972 -5031 7924 -24584
4584 -16144 -11324 -10631 1352 -6934
4520 -14440 -10380 -14407 -755 -12568
4288 -15308 -10632 -8323 2591 -7405
3124 -11484 -8600 -7254 2990 -1748
4736 -11420 -11264 -5679 537 -5700
9012 -12852 -12788 -4448 7951 -3704
4208 -12392 -12720 -2961 7693 3444
-2140 -11420 -12196 -12833 16820 -7873
10996 -12668 -7116 -10252 5880 -1529
14252 -4988 -9376 -9032 867 -712
8248 -2876 -12060 -405 -8756 23272
21732 -8320 -6568 -11774 482 -32209
11124 -14208 -11580 28906 -4828 25916
-3576 -19896 -5788 32767 -22418 32767
-2300 -11692 -6100 132 -8034 16788
-1732 -13788 -7100 7704 -879 10119
-4620 -15032 -1932 9160 -432 9748
-3404 -13092 -4144 -9869 852 4192
-1668 -14996 -8644 -11956 -1658 -4895
4128 -18652 -15392 9858 2679 467
1288 -14648 -7908 7163 4397 7361
-2144 -16180 -3096 -4414 1217 3612
-5612 -9036 -376 -12671 -4906 -8523
-2544 -11428 -2988 -4730 -2774 -9149
-6144 -32768 428 23269 -13319 -6152
-2972 -6084 -2112 -9541 -3236 -2622
8236 -22004 -11112 -13249 3291 -30749
2072 -12480 -10372 -5519 -2059 -2908
-2156 -14292 -11344 -12121 1900 -7032
2336 -13488 -8400 -9461 5438 -8962
5824 -14068 -9028 -10065 6246 -8944
8280 -11728 -11864 -7218 3844 -3765
8240 -11628 -11396 -2835 3867 -1797
12312 -13856 -14332 -3206 8930 -108
2168 -12136 -14668 -9715 17909 -4416
5512 -12248 -9424 -14826 11122 -8274
12628 -8808 -7268 -9072 -266 2437
12092 -5316 -7484 -839 -589 7017
7840 -3756 -10720 4059 -6100 13056
32767 -32768 -32768 2646 15734 -8284
14016 -9500 -12660 5995 -10322 -1952
-2716 -21348 -2636 32767 -13007 32767
-1580 -13496 -9316 13402 -25317 12854
6416 -11708 -10372 747 -6887 13334
-3300 -15316 -7576 13640 -10140 13083
-1872 -13688 -2764 2028 -1678 4186
-1232 -14372 -3820 -699 -1413 4304
-1560 -15144 -5468 -6227 505 -109
-852 -16316 -11648 -172 -821 -4000
2252 -17000 -11528 11435 4609 6254
-60 -12252 -6260 -8116 4850 -1594
-2580 -13324 -2140 -12992 -1046 -3237
-4624 -13652 -2388 -4619 -3182 -5711
-3048 -10360 -5592 115 -1479 -7407
524 -32768 784 32767 -1406 11730
520 -15164 -8240 -8321 2608 -14466
10584 -23204 -8520 -13657 12253 -32768
2744 -13744 -10052 -7570 -3238 -911
1336 -11624 -9304 -9150 -1402 -3869
2828 -15312 -5120 -5458 913 -7823
6900 -12224 -8320 -8229 5346 -7064
9764 -12144 -11848 -8079 3061 -8493
11216 -10388 -12368 -1397 4980 2967
7640 -13488 -12404 -2960 10245 3575
-816 -11552 -14500 -14489 18624 -10487
10168 -11196 -6616 -11514 3701 -2481
10120 -6068 -8672 -4207 51 9265
4904 -6632 -10540 2319 -8902 18810
26232 -25616 -23872 10007 5786 9486
20504 -13276 -8556 -7742 -1660 -21485
3736 -19360 -3836 32767 -11063 32767
-9456 -11624 -11452 12202 -13388 19303
5688 -9480 -11052 786 -5539 12187
-800 -16380 -7272 15270 -2014 13812
-2700 -15508 -3212 2457 526 10742
-3372 -14452 -4436 -1154 -4734 6560
-6564 -14448 -4784 -7568 -785 1878
-2920 -13648 -13472 -7132 -235 -4158
2220 -15548 -9260 8576 6772 -614
-3752 -16168 -4120 -3680 -236 -1903
-1220 -10308 -2824 -6673 -859 -2473
-5432 -8652 -1896 -6414 -4207 -13622
-5804 -32768 648 32767 -21401 -9935
-6568 -7344 -6760 -14652 -12529 4642
7484 -22176 -14108 -3421 11160 -32768
5168 -16648 -11164 -12976 795 -2466
3252 -10932 -10712 -12299 1051 -4226
5980 -16300 -7160 -8673 5362 -20115
8444 -11372 -8164 -4911 1995 -5322
8164 -13344 -9876 -798 1091 -1225
8324 -13208 -10516 -2135 3190 -1108
7108 -13820 -10596 -1493 5877 2827
96 -14196 -13164 -3371 13750 -1016
4676 -13720 -8092 -14258 12476 -7847
10276 -8076 -4036 -10865 -3249 267
10016 -2284 -9268 1932 -4602 13020
15392 -19412 -17372 16790 17 19095
21144 -12812 -13488 -13393 -2976 -32768
6076 -16832 -5936 32767 -8886 32767
-6092 -15764 -6572 21745 -14817 22186
4900 -10612 -7668 -3532 -13907 5807
872 -16912 -4296 18173 -7599 13061
-604 -15644 -332 4421 246 8573
-1600 -13292 -1216 -2954 -3684 4101
-2468 -14796 -3908 -8929 -2347 -149
-128 -17532 -11084 -301 -1957 -8866
1704 -14596 -4800 -1920 427 2333
-3232 -13684 -2124 -7480 -5501 3138
-2464 -9356 -2264 -8862 -1386 -7421
-4968 -25488 -6464 27 -6152 -25362
2496 -13420 -4412 8856 6828 19846
-9032 -8604 -3952 -773 -7224 -2803
6468 -22076 -12792 1165 12110 -21597
7992 -11764 -8156 -5661 7336 -9126
7220 -14204 -6556 -4101 -989 -3305
4884 -15276 -6864 2162 -2568 2080
3176 -15900 -5628 3146 -626 3631
5028 -15916 -6140 -1647 2970 -1950
5664 -15944 -6820 -760 2268 -823
5768 -15420 -7632 718 814 448
4436 -15672 -6576 799 693 -92
4664 -15268 -7012 753 1059 405
3724 -15128 -6180 1787 604 1807
3928 -15548 -6232 1572 -36 1943
4012 -15952 -6204 1606 528 2008
3852 -15960 -5712 1259 -6 1858
4100 -16156 -5752 1021 115 1282
3536 -16320 -5296 1328 -17 1416
3268 -16264 -5392 1122 -98 1164
2936 -16092 -5132 934 -219 1047
3020 -16028 -5512 805 -145 739
2828 -16184 -5088 448 -113 592
2592 -16024 -5428 332 -91 648
2728 -16024 -5304 180 -129 573
2728 -16248 -5064 202 -131 484
2340 -16208 -5468 256 -183 834
2488 -16152 -5268 124 132 486
2504 -15904 -5464 -171 23 322
2620 -16152 -5400 7 64 437
2388 -16180 -5352 13 5 319
2268 -16028 -5296 -36 5 362
2624 -16264 -5532 115 29 238
2580 -16076 -5356 -44 26 117
2448 -16200 -5452 68 -148 182
2472 -16276 -5520 22 -94 58
2464 -15996 -5804 -118 -272 181
2540 -16296 -5680 -182 -202 228
2660 -16016 -5352 -57 -96 239
3008 -16060 -5672 204 -47 -65
