-908 433 136 10 0 1475914
3188 15980 -1052 381 4 -5
3212 16024 -1032 436 125 -10
3084 15992 -1260 435 92 56
3252 16072 -940 481 159 156
2988 16084 -1016 367 71 306
3296 15904 -1116 468 183 304
3044 15968 -1204 462 90 389
2640 15828 -1000 263 -250 698
4220 16264 -372 1160 62 554
3664 16020 -928 2130 556 -212
3932 16116 -1524 1862 931 316
3680 16360 -1784 2282 464 -1469
2472 15872 -2084 2219 795 -1341
2732 15688 -2012 2345 738 -698
2468 15764 -2376 2992 1271 641
2444 15860 -2368 2840 382 1640
3344 16528 -3360 2948 189 736
3816 16536 -3492 2545 -460 -473
3040 16772 -3844 2755 -675 -1967
2152 17660 -4712 964 -1073 -1517
4480 20376 -440 2418 -2563 1586
12632 21032 7104 956 -3106 4318
10400 14728 9444 -8962 -5357 10178
6360 10544 5748 -12475 -2114 12994
5664 11416 4056 -11472 -128 10070
5008 10204 888 -11535 4672 6736
10432 14128 1040 -10554 2937 3909
8756 13772 -692 -7478 10856 3124
8540 17388 -344 -4101 10849 -545
5260 15808 -1692 -1559 10759 -4061
1820 17352 -2108 674 8357 -5527
2220 19304 -156 239 4405 -5655
832 16316 -2520 1954 -1566 -2901
-912 15328 -4456 4822 -3888 -1078
6924 18720 4332 5022 -11786 -2563
8720 14588 9020 6884 1912 -1008
7296 13652 1472 5799 -8039 -1225
5748 16000 1692 8185 -2246 -4906
2848 15668 164 7961 -606 -4047
2700 16128 -872 5176 -1718 -1973
3228 15688 -996 3525 -927 371
3356 15832 -544 2566 -3369 -178
4484 15592 -892 4319 -1416 7
2108 16032 -1920 5302 1636 562
2932 16388 -2600 4130 2040 502
4520 16580 -2832 3748 639 261
3452 17004 -3412 4730 -212 -1402
572 18380 -3824 -337 -2042 3892
9928 18708 2308 6768 -3430 4033
17216 16432 16964 -3437 6969 4136
9780 11432 9004 -13294 4995 11721
6912 9388 4256 -15228 -1025 10639
7756 11992 3268 -15493 1592 9185
6276 13920 520 -11066 6283 5541
5472 17448 -2084 -7455 13558 -2825
4140 21536 -3808 -435 2681 -7920
5504 13480 -844 -2130 5494 -4797
4992 12896 2088 -334 10644 -4443
3700 12204 1576 354 4421 -4434
3208 15128 44 468 -1537 -4197
-928 14732 -696 2640 -7365 -2774
-308 17164 -4112 6129 -2945 -2375
2292 16160 480 10037 -8480 -1756
11112 19420 6588 6761 1213 1162
8132 10668 1880 8069 -6511 -947
2460 16992 100 8836 854 -2793
2248 15376 0 7492 -1990 -630
2476 16380 -1076 4314 -1741 1564
4464 15692 -1804 3176 -2433 3496
4744 15304 -356 4948 701 2919
4868 16452 -1776 6015 481 -497
3700 15804 -2380 4069 -592 -54
3152 15816 -3800 3446 -1767 -1876
5052 15924 -2968 4110 -246 -349
5632 16244 -3212 3034 -1873 -2338
4036 17816 -3868 3978 -5366 -4693
4192 28368 -1156 6064 -4817 -2406
8020 15140 5444 4844 13169 447
1152 13036 2784 -6230 -3071 2611
7432 14256 4676 -10702 5024 8299
7088 12876 3320 -15799 5606 12884
7960 9912 3028 -15793 3123 11657
7152 12404 -104 -15277 386 5915
5452 15228 -564 -12561 5828 -1377
6392 16576 -2496 -6611 -703 -4870
6016 17688 392 -2545 3741 -4182
4080 17464 -3812 -859 7674 669
1968 18248 396 -419 3593 273
112 17736 -4480 2958 2587 -593
-3568 14312 -6780 7482 -3332 -2817
3280 26236 10964 6750 -11577 4343
7176 18484 -2080 9126 2140 4597
6520 15136 2312 3959 -4987 -2116
5184 14072 2336 7885 -894 -3668
5824 14904 312 8364 -1987 -3133
4576 16092 -1104 6916 -2196 -2521
4412 16016 -1452 5383 -741 739
5224 15200 -1340 3954 -368 1793
5592 15516 -1420 6442 144 -888
5260 16288 -3100 5103 -1060 -1949
4460 15532 -4244 4418 -583 1680
6036 15960 -4452 5264 -1537 -1411
5760 15988 -4192 6376 -3087 -3446
4196 18332 -3444 8270 -1823 -2773
7448 31096 -5644 8342 -4035 3547
7096 13464 6952 3855 -280 6369
13600 10880 13304 -11772 10892 13161
7916 9468 6748 -18757 6444 14508
6612 10344 1916 -20125 4364 10069
8684 12880 -804 -17486 4096 4838
7712 17008 -868 -12427 8747 -3453
10036 16580 -3476 -6225 8023 -7258
7152 17336 -1692 -4047 5090 -8988
5552 17292 -2856 -1924 7776 -9874
3428 17528 -660 662 2326 -7970
2000 16544 -3196 2465 4509 -5389
-308 12904 -5272 5857 -1746 -2301
-176 21520 7392 7037 -11607 -814
2236 19544 5760 7492 -511 2035
8568 14544 2152 5453 -3837 55
2960 15540 1516 7439 -300 79
6524 14428 1004 7901 -1185 -524
4540 16192 -404 5604 -2928 -1025
4072 15932 -544 5508 -484 -458
4112 15688 -980 5567 528 -296
4424 15740 -1556 5982 617 -204
4172 16492 -2324 3464 224 1644
4404 15760 -3888 -795 -3580 1836
4924 14904 -840 3878 -744 371
4876 15016 -3444 5235 -129 -1050
4476 16952 -4776 4604 -1053 -1835
4532 20280 -2152 5071 -4585 -2099
11736 27792 1780 7274 -6965 1956
17824 12732 13196 -4419 3663 9869
10444 10628 10924 -16272 14594 17097
5360 8828 2976 -18280 5311 11188
5808 12424 2368 -15863 -1180 4914
6248 16168 -280 -11917 5312 -2242
9708 17792 -2592 -7005 7957 -6298
6444 18924 -1708 -5288 7078 -9396
4916 14744 -3452 -2692 532 -7518
3580 15864 -4064 -748 3315 -8216
2264 17264 872 1423 4318 -6954
1448 17968 -1472 3848 1074 -2970
60 13796 -88 7284 1827 -2578
-2480 15272 -2976 7235 -6269 -211
6096 14932 8728 7759 -1964 490
76 23772 3032 6478 -1461 1839
4612 14596 736 5801 356 -227
3004 13596 2420 7858 -889 -389
3740 17228 -2504 8357 -1077 -2736
2160 17004 -1100 7215 1021 -1207
2516 16520 -1920 5440 548 -380
2428 16568 -2336 5023 181 -1053
1880 16144 -3088 4024 -777 -321
1920 15348 -3224 3482 -270 1105
3144 16016 -3664 3039 -1537 -742
3596 15936 -4988 4602 -2485 -1345
1508 17460 -5428 1265 -2211 2284
2020 19564 -3048 3351 -2313 5883
7224 22092 1188 4766 -3258 5706
14172 17484 6048 -545 1129 2909
10172 13672 10012 -8113 3959 10421
6296 9520 6928 -13907 6724 12295
5352 10060 3684 -15858 6226 8762
6664 11600 524 -14029 6273 3450
7748 15616 196 -11190 7128 -2675
5812 20668 -3256 -7270 1934 -7707
4764 18256 -4192 -2412 -12755 -7602
3520 17000 -1188 -2610 -1584 -9553
3296 16240 -536 -1699 4471 -8113
4168 14580 88 -1396 2721 -4826
1736 15120 -2196 681 3165 -3079
-96 15908 -3528 5244 6438 -570
-2768 20460 5632 4388 -6751 -1303
3824 16700 2768 7974 -713 2096
1400 14496 1552 7029 -1533 95
4616 15448 1952 7615 468 -397
2572 16160 -868 6916 1497 -439
3128 16196 -92 6602 1124 686
3748 15932 -1120 5414 -648 21
2964 15952 -972 6239 1566 271
1860 16044 -2636 5679 3359 139
3512 16472 -3528 4781 3949 1019
2956 16760 -4376 2617 631 2985
3104 15564 -4340 4403 -214 4839
1976 16044 -2252 5781 941 7296
5624 16676 -4148 5028 -1983 6710
7860 26936 -2656 4680 -7643 3252
6228 21664 7748 -7643 -4367 7421
776 16364 10176 -16729 -3462 6294
-784 11316 4288 -20330 -6042 967
-552 12232 -128 -19431 -12959 -7456
3180 13652 -972 -17474 -18123 -12943
2784 14720 -888 -14899 -14805 -15925
3036 18228 -896 -12599 -5146 -18311
744 19480 -2300 -10760 -3576 -17870
-1516 18572 -2888 -4387 -4503 -12500
-872 12920 -2656 -699 -6076 -6489
2740 11460 -10244 7047 -4074 -492
324 32767 19828 1306 -13290 5109
4104 15652 -744 13214 8234 5332
5012 15788 4744 9202 -1637 428
1748 15064 2068 9866 -447 874
3004 16272 -296 6699 787 2138
2004 17032 -664 4717 -2333 523
488 15788 148 6149 -1265 47
2540 16380 -1484 6371 -1367 494
1928 16664 -1892 5756 -836 610
2784 16408 -2120 6063 -356 1845
2316 16344 -3924 5339 -887 3457
1968 16912 -3924 4967 -1644 5387
3352 16304 -3184 3657 -1901 5076
3272 15416 -4836 3919 -1790 4361
5816 14644 -4932 3552 -1789 6205
3932 17132 -5912 3805 -1839 7421
7120 20484 -5276 4595 -5913 13576
3232 26820 1348 -3065 -10581 11585
1876 16628 11596 -12650 -7297 5351
3768 10388 12128 -17792 3016 1608
5808 8348 4780 -21910 986 -3446
8560 10792 2124 -20188 1971 -8358
10276 15104 -1564 -17949 1163 -11599
7052 17572 -4472 -12476 2445 -15102
4936 18816 -3744 -8103 -9935 -14755
2604 19316 -2092 -5802 -2433 -10663
2680 20016 -144 -3196 3211 -6184
1252 13292 -1624 279 6521 354
-2520 12412 -6544 5312 -894 4291
-1664 25016 21588 -439 -22785 2631
4252 9012 6492 9652 4318 4419
4108 14732 2972 7772 61 2686
2928 13916 3168 6244 -419 3076
5960 14768 3436 7038 -1790 -1290
3232 14780 2160 7774 -946 -1492
4496 15788 436 7469 -1197 -1326
3320 15904 -248 5289 -3120 548
5276 14696 -300 4173 -1536 3804
4484 16196 -732 6603 1021 1460
4368 16228 -1816 5205 -1199 663
3620 15440 -3400 2740 -1283 2481
5216 15656 -3944 4522 -866 854
5156 16180 -3244 6079 -1594 47
5512 16688 -3236 6922 -4709 -4891
4368 17464 -3416 9588 -3521 -7091
4568 27540 -2500 11167 7850 -1687
-512 20284 2740 3507 10373 -5127
8144 14048 13288 -10797 6025 3675
5928 12512 7592 -18989 6496 5120
5416 12404 3632 -22412 441 2776
4928 14620 56 -21040 -3159 869
3952 14180 -4964 -15859 -1956 -4030
3616 15852 -5344 -9457 -6816 -6171
952 17864 -5724 -1566 -6091 -12408
2760 21180 -1056 3990 -3046 -9628
-380 18748 -632 1986 -11848 3656
-1416 13540 4 3187 3895 1136
-920 15268 -5540 9023 852 1065
11588 27240 6844 4953 -4475 -1070
6376 13196 2408 6891 -2573 974
2532 16592 880 9019 1868 -2558
2168 15784 -620 6641 -1479 -796
2856 15884 -1608 5257 -2433 7
2460 15936 -1316 4409 -1905 1192
2732 16344 -2080 3801 -665 2272
3664 15928 -1724 4308 -410 544
2692 15976 -3492 3303 -1381 460
4920 16360 -2460 3448 46 238
4036 16276 -3836 3776 -1532 -889
3216 16872 -4264 4253 -2550 -1305
2728 16928 -3372 2676 -3330 -923
2060 22636 -2704 8361 -1908 2900
11132 26480 1008 8132 -2063 2240
9440 16776 17240 -4202 3104 5556
7948 10188 8636 -14147 10095 12122
6468 9108 4804 -17920 4551 10670
9092 11928 2348 -20179 5822 8169
7984 14720 -432 -17847 5832 4697
5820 15464 -1940 -12664 4989 -2034
4824 16940 -3284 -7370 3695 -7796
3856 18956 -952 -2588 3182 -11128
2360 17436 -1368 1154 935 -10349
1672 14220 -848 320 2096 -7186
-1152 15988 -1200 2196 -2249 -5874
-2600 13544 -4120 5992 2409 -7260
10672 32767 11224 4773 -11395 -14
1756 17360 792 6565 1193 1496
1936 16168 3020 5553 -1446 3096
6032 14844 3068 5221 2278 1128
1596 14380 2284 6275 982 402
3352 15372 992 6028 -360 372
3084 15672 1300 6078 -539 -322
3700 15684 -60 6541 683 -140
2376 15232 -1164 6361 1416 364
2508 17092 -2332 4536 271 2067
3232 15996 -2996 2635 -1337 3427
3808 15908 -1328 3396 -442 665
2676 15012 -1792 3342 -76 -69
4372 16996 -3316 3576 -3051 -1705
2696 18592 -932 1214 -2301 4364
6660 24624 3292 4231 -8824 -1021
15896 15200 17524 -4641 4497 9605
9052 10184 12604 -17216 12489 15678
4400 9460 4780 -18496 7766 10510
6636 10200 2372 -14877 -2341 4121
7212 13228 1680 -11208 5749 -2292
9848 17808 1876 -6737 721 -3281
6628 16924 -356 -5262 8443 -4852
4452 17924 248 -2801 6274 -6740
3392 16208 1132 -1349 76 -7319
1208 12708 -1788 -144 -7381 -2705
1372 14908 1644 568 -138 -584
1360 13828 -556 5370 310 -1453
-1480 14604 296 9129 -3503 -1463
9632 26916 2364 6838 -5549 -356
2972 9864 4984 5286 -7025 382
6968 14840 3172 6922 -1719 -19
5696 14716 3416 7264 -848 -2940
3468 15180 1720 6055 -1846 -2287
4740 14932 1120 1946 -7611 -768
5480 15124 512 4766 -1046 201
4864 15116 1024 5994 884 -670
4432 16136 -836 5538 1037 -487
4860 15828 -252 3476 88 -396
4580 15888 -1572 3977 513 208
4988 15408 -580 6842 2285 717
4624 16280 -2672 7224 1405 -156
3788 16276 -3516 6918 385 -1243
3288 15100 -4512 3804 -2545 -5165
5576 17060 -3876 8081 -2041 -7279
-1304 22028 -5872 7152 -151 -6224
204 24800 6192 839 4782 -1142
16644 15396 20424 -8305 6000 7111
11496 11056 16744 -21741 13266 16594
2936 7836 3408 -21793 5960 9257
3556 12980 -2628 -18673 7377 -3529
6316 21448 -4152 -15969 5445 -10142
3320 19564 -1576 -7882 3361 -7314
-1316 18596 -1256 -3940 4373 -4345
2236 16772 -3512 -3341 -3419 -1014
-1384 13324 -4596 3662 -6385 -947
-636 10952 -11760 12174 -127 -1995
13872 -4856 9292 10115 -4808 2865
3132 14464 3216 8516 4416 259
5328 13936 3748 7179 -3551 -2846
2760 15780 2000 7611 -1165 -1662
2584 15180 2024 7091 601 -1498
2564 15088 848 6763 681 -1052
1976 16544 -224 6092 469 -356
2376 15948 -660 5052 -886 235
2136 16468 -1272 4068 -354 1456
3740 16324 -1388 3222 -899 1019
2828 16216 -1196 3740 -1856 -60
2552 15968 -1760 4310 -432 1169
3244 16248 -2140 5997 130 602
4208 16748 -2780 6334 -4044 -3335
-128 21652 -4048 2680 -12451 -612
20464 29428 5644 7819 -5740 8306
14700 13168 11796 -8815 15892 19966
1600 7584 6692 -16934 8520 20107
912 6724 3220 -17005 2324 9862
7060 11208 4156 -15375 -2203 4291
8692 14248 1852 -15019 1490 -153
8644 18420 912 -12980 1676 -5352
8260 18328 -2428 -5604 1750 -7249
7084 16404 -1004 -2022 7804 -7665
3064 15236 36 -560 13765 -8582
2876 15444 -980 684 5397 -6437
2656 13916 -1964 2756 -3074 -4941
1160 16496 628 6292 -6956 -1994
-3688 32767 -912 2441 -1385 6414
9280 11556 6920 6665 1429 4153
8944 10552 5600 6945 -3806 -1800
4948 14900 4564 7194 -643 -1047
5852 14880 2564 6631 -95 -2137
4068 14600 2172 8539 530 -1853
4276 15572 292 8867 -647 -2618
3824 16080 -248 7589 -1320 -3662
3068 15904 -1124 6537 -1714 -3373
1616 16044 -2112 5737 -525 -2711
2476 16072 -2692 4980 437 -1233
4296 15012 -96 7285 -317 1393
892 16676 -4764 7780 -1088 -555
4160 16196 -3500 6869 -2977 -2940
1344 18640 -5704 6130 -4001 -5367
1184 28036 -1620 6743 -1097 -1252
9372 19612 14140 -1135 6654 4924
9488 12548 9672 -11031 12385 11731
6808 9756 6844 -16637 7333 11016
6636 11152 2752 -17779 377 6547
6072 15084 1196 -17822 -1778 2322
6056 21324 -252 -14125 -4675 708
3856 19156 -1344 -10987 -2865 760
2616 16744 -4824 -6238 1142 -3009
3576 16352 -2868 -4630 2832 -5055
2424 17852 -1784 -3183 6622 -6199
1292 16216 -2932 1052 -3044 -3179
8 14076 -1820 6253 -7695 -3458
3720 12336 1760 11568 -7892 -4283
-2880 19620 5376 5223 -7709 -2463
5556 19560 8020 5946 -5762 -760
4280 12580 2264 9010 3731 -1204
5608 11752 4164 8811 6669 -5027
3552 15604 508 8193 1048 -2174
2640 16468 -2520 5638 409 -1670
2508 15776 -1876 6082 80 -1509
2064 17060 -2692 4457 -2589 -1921
2180 15588 -2600 3537 -5741 -3870
2052 16412 -4296 4097 -2692 -3369
1888 16900 -2752 4783 -3994 -1457
4332 18512 -2760 5672 -704 -5097
-1212 19148 -3300 4455 -6459 -10209
-3112 22692 1480 1114 -9146 -704
16376 15816 7412 -4578 13643 5546
12640 12804 8664 -12635 18027 20958
5812 13860 5176 -17578 18443 18814
5356 12376 3504 -14352 6492 12378
6048 13600 608 -13896 4744 5382
2476 14468 -2328 -9520 3622 -2396
4088 18784 40 -5770 3150 -9884
5140 18252 -3780 -3803 -3610 -10401
2360 14448 -3640 -3220 -7074 -4152
184 15292 480 -484 -2971 -2302
1268 15144 1796 464 -758 -1402
-56 16952 -2276 4343 -11922 2546
-2740 14920 3796 8499 9718 -7402
1460 13748 8876 13635 -1214 -2941
4036 18716 2212 8014 -5248 -2092
1164 15264 1340 8350 -178 -1378
3024 15608 -260 7278 -103 -1305
3504 15284 812 6922 -997 -1582
2576 15832 -1208 4607 -2823 -422
1976 15480 -1504 4341 -867 856
3864 16292 -1748 4839 2185 1019
3776 16336 -2172 4941 1435 -421
2900 16380 -2816 3350 -2 -341
2824 15780 -3200 3597 -1049 -4
2308 16224 -2996 3966 -603 1159
2884 16204 -4020 4218 -2290 -2099
4104 16912 -4848 5404 -5140 -6582
588 20820 -4304 3924 -7997 -6924
5180 22152 2972 4654 -6563 -1591
17852 10276 13344 -8784 7317 8612
11492 11868 9944 -15686 14626 17336
7944 13512 4452 -17142 5552 15313
5452 14812 -256 -15562 4509 9022
4696 19656 -612 -13877 4165 1068
2144 20152 -2972 -9523 2815 -4654
2532 17956 -2408 -7139 1717 -4259
2804 16564 -1300 -4424 4258 -2685
592 15136 -4892 -2526 6370 -2469
-1188 15872 -3284 1936 -929 -1316
-1556 16448 -4320 7191 -4570 -2042
1192 30856 10624 9858 -10990 528
8108 16948 -4532 12728 12332 901
6752 15480 3444 9098 5179 -3339
5088 14740 3416 8245 1576 -2628
3272 16440 -384 6710 151 -1807
3648 15676 1148 6630 497 -131
2920 16684 -1056 5605 -372 -1195
2060 15456 -2408 4777 911 618
3852 17348 -1728 2963 -2182 2398
3008 16484 -1684 3431 -695 -125
3948 16004 -2148 2692 947 -1049
2652 16292 -3012 4432 -100 -1094
3612 17240 -3764 5392 -2172 -2556
532 16828 -2804 5436 -3087 1444
2264 24840 100 5626 -4476 3321
10524 19424 10376 3188 4971 48
14412 12328 11444 -8510 10100 7468
8940 11164 7400 -16263 9468 11306
6856 11728 3956 -18667 3572 8795
6544 13500 2316 -17453 -241 3668
5660 15464 488 -14792 -1510 -1589
4144 18268 -880 -11578 3367 -6238
3068 17668 -3832 -5765 933 -4896
-536 17116 -4104 -3684 -2341 -4431
-52 18900 -3956 -1697 -4026 -4072
-620 15844 -3272 5639 2026 -3281
-4544 13448 -3420 9588 3134 -1554
4632 17128 7672 9755 -5362 -439
3340 17192 -1808 8804 4439 1964
5716 16308 2476 3015 -2624 3261
6624 14012 5196 5943 -121 -1139
2628 15032 1116 7470 -2884 -3971
2912 15308 -84 6380 -1992 -2730
4996 15616 -368 4817 -642 -3816
3668 16900 -1028 3161 3475 -965
5144 15460 72 3347 -1696 -1150
3868 16072 -1660 3851 -1263 -129
3520 15928 -1508 5593 -126 -299
2656 15748 -2456 6454 1535 163
3040 16892 -4740 5927 1358 2372
4448 16880 -4020 6364 -2544 -2329
4500 17104 -3804 5218 -4264 -4973
1392 20112 -4176 3824 -8608 -7635
8216 27576 3832 3387 -5407 1460
17740 9552 12808 -7432 12436 9847
8204 11728 8688 -16524 12325 16590
7408 10484 3284 -17481 7349 12369
6456 12228 2264 -14863 2843 7025
6200 16396 700 -13848 1665 -241
6276 19200 -1544 -10320 4780 -6057
3940 16748 -3116 -7312 86 -5673
2636 16400 -2660 -4624 -2162 -2989
2392 19320 -548 -573 652 -2693
-532 15128 -236 1547 2594 -4293
-992 10820 2204 3517 3675 -3395
-1212 13184 256 5719 -1807 -2801
284 17856 -3376 8528 -4581 -4931
7336 18576 14376 5115 -16706 -1938
2148 8032 3636 9326 -6309 421
1896 18488 1268 7067 -2112 -2508
2572 15212 928 7257 445 -893
4916 15896 -236 7376 753 -1163
2928 16152 -404 5904 -708 47
3688 16248 -1752 5166 -38 -197
2792 16476 -1180 4897 -1207 -1046
2412 16344 -2988 4356 -1219 -955
2520 15600 -1740 5453 872 1843
1788 16672 -4728 6521 423 1812
4412 16472 -4276 4478 -4569 -3720
3388 17800 -4828 4291 -5720 -6684
1892 28296 -932 5455 -8516 -5839
10016 17984 11872 848 2804 3178
11704 10928 8392 -9701 15259 14050
7200 8696 7028 -15397 12501 13753
6772 12056 3440 -16083 1025 9653
7548 15348 1284 -15411 2823 5797
5296 17492 -1608 -12423 1648 -206
6424 15700 -2984 -7788 4758 -2025
2416 18804 -4012 -2732 6344 -6202
1620 20192 -1340 -3662 4278 -9632
416 16880 -3244 -2016 -2049 -5208
408 13804 -1440 -21 -4287 -590
-1008 12664 -1524 3680 -6008 2355
-8820 23356 -3160 8350 -518 -64
6292 9752 7552 12340 243 -1901
2408 15628 1188 6218 -3069 -1868
4744 16228 1784 6304 875 -1854
4760 14952 2644 7268 1881 30
3068 15972 168 6540 1630 66
3620 15968 -568 5740 -2457 241
2892 16632 -980 6769 -1847 -777
3248 15568 -2192 5655 -2870 -2241
3352 16200 -2952 4127 -1413 -105
2744 15740 -2220 3282 -86 3632
3052 15748 -3104 5154 -1839 1592
2620 15716 -3536 4988 -2816 1259
5312 16336 -4212 5237 -2844 -864
2532 16268 -5664 4886 -3403 -1503
4232 17212 -6384 1691 -2760 -2620
2984 17236 -4368 1042 -3425 1398
12512 24632 -4164 2696 -6648 3224
20556 12104 13684 -4058 4469 7003
13820 11468 9032 -10947 14576 14456
8992 10340 6264 -15297 9038 13550
7512 11592 3384 -15528 5587 8599
6996 14952 964 -14247 9128 1958
8176 18252 -264 -12385 7358 -3404
6480 19092 -2648 -8815 5338 -7649
3748 18012 -4160 -4396 3410 -7324
3236 16792 -4592 -1836 -4503 -5372
1556 16276 -10968 7474 -1789 -6833
-15940 32767 1704 6290 -356 -2999
14628 10656 2588 11326 2238 2280
4544 18988 240 7217 -3386 -3927
5052 15272 2244 7452 -1504 -1432
5100 15452 760 6435 -835 -2708
1996 16380 -648 6189 -458 -3013
4100 15356 -544 4495 -1077 -1674
4056 15448 -684 4856 -510 -471
3636 16204 -1324 6026 1820 -1072
3348 16456 -2716 5555 601 -1549
2712 16252 -3356 3801 -1098 -466
2268 16080 -3896 2552 -2175 -428
4188 16152 -3412 4610 -1473 -2324
2396 16276 -4284 4579 -1609 -2342
2976 17428 -4856 4569 -4496 -7458
-448 18736 -4056 5137 -4049 -2169
5404 25684 -4464 5422 -4543 433
12944 14936 8324 -183 6843 3771
9412 11304 5924 -9443 8062 13116
7376 12324 4576 -14083 1967 13156
6436 12420 3008 -15691 -977 11159
6152 14136 -16 -14759 4386 5737
6052 18832 112 -11831 4159 -444
5008 18376 -2568 -9754 4002 -3628
4336 18288 -3736 -7665 5396 -4932
1952 18028 -2544 -3473 3781 -4773
1728 17240 -948 -899 4981 -5340
308 13868 -1312 1307 1990 -3990
-1912 15156 -3376 4230 -6879 -2557
820 12488 -6168 8570 -1993 -4029
1000 21308 5868 4905 -7139 -2215
3496 13488 6104 8014 1615 -1328
2932 14912 -464 8072 6849 58
760 15432 1988 7799 1180 -2141
2736 17508 -1168 7612 1672 458
2228 16152 -492 6441 -711 550
2364 15664 -2432 6110 -648 1176
2752 16628 -2756 4209 -1386 1244
1944 16616 -2904 3900 -563 -695
3124 16332 -2372 2757 92 45
1848 16260 -4676 5433 -1953 -1259
3252 17440 -4028 4908 -3603 -415
1776 16720 -2968 5373 -4045 310
2704 26076 -2028 8140 -5993 -1245
16796 19460 4368 -4145 -3197 -117
12320 12016 8612 -9125 7365 11944
6908 9476 6060 -14427 10626 15285
6768 10888 4288 -15758 6208 11676
8268 13820 3368 -15274 4165 9728
8456 15836 1144 -13287 6013 5159
5944 17692 -624 -8865 3376 -613
5932 19612 -988 -5771 2537 -7147
3932 18664 -2216 -2705 327 -6585
3868 16984 -2616 -842 651 -5010
348 15332 -2236 294 260 -2299
-768 14508 -2856 4665 -2895 -575
2880 21416 8448 5397 5870 -3524
8620 3796 3824 8857 -8451 -3656
-2016 18360 1248 6679 174 -669
5576 14176 3228 7618 2040 -3030
3304 14860 840 7979 792 -3114
2864 15468 76 7301 -7 -1167
3756 16600 -464 5714 -3440 -2408
2884 16440 -1456 4372 -2148 -1546
2576 16284 -1492 3491 -140 358
3304 16256 -1360 3693 149 -803
2160 16512 -2700 1691 -1894 -1180
3260 16244 -2212 2119 -873 1174
3700 16652 -1724 3685 -248 2180
2056 15456 -3224 4892 87 -743
3576 16372 -3704 5765 -1524 -4472
1020 17984 -3732 4678 -2291 -660
4812 22096 -556 7833 626 -524
14612 23704 7384 1783 13416 5474
16268 11592 5048 -4860 21785 13275
7620 9152 3612 -10724 8925 12995
6076 9348 4752 -16674 773 8654
8160 12676 1940 -16684 -299 4967
7372 16600 -1724 -13000 1934 1157
5276 17028 -1048 -8023 -5087 -3831
3544 15956 2036 -5834 -3279 -8796
4280 16096 1304 -7081 -1737 -9413
3128 15008 584 -6008 -3310 -6684
1764 16224 864 -3798 838 -4724
460 14760 -2120 -1981 4900 -6657
68 10464 -4316 2734 -1062 -4265
-1536 13780 -4568 8656 -3704 -3867
1352 32767 27156 598 -10357 -2619
6704 10020 780 10058 2196 -3136
1492 15644 2104 6869 -1936 -399
1964 14768 2020 7500 -127 1286
2640 16412 -800 6608 -1181 -1167
1980 16512 -320 6082 -667 62
3372 16204 -828 5478 309 -453
2304 16076 -1476 5353 954 647
2448 16736 -2632 4328 -468 301
1624 16136 -2628 4702 -612 148
2128 16308 -3604 4703 -1033 140
2948 16752 -4784 5136 -1672 -1644
3352 16832 -4044 4682 -6968 -6308
3120 18088 -3444 7316 -5512 -12474
-2452 25244 -3180 7971 -8666 -11382
5504 17832 -2712 2721 -827 1301
13668 11548 6528 -4038 8701 12284
9468 11248 9036 -10345 9314 16980
7028 14096 4448 -14363 6208 16099
6292 15952 2172 -14244 5575 13234
4768 17828 -1348 -14893 7250 7756
4656 20576 -892 -14216 8654 1007
2016 18244 -3444 -9902 3962 -3797
-612 20008 -6992 -4234 -366 -10006
-4012 14380 -9768 2370 -6889 -6086
-3628 14848 -11388 9064 8984 -6136
6620 1760 7904 12810 -7657 -1138
480 18108 -2548 8197 1829 -2453
3568 16312 604 7126 -468 1247
4824 14996 692 6733 439 -2432
1492 15872 84 6244 -52 -1286
3112 16000 -1404 5828 178 -667
2744 16056 -1436 4647 28 305
1700 16360 -2912 3164 23 1578
4012 16112 -1896 3537 80 781
3524 16560 -3420 3074 -759 -551
3372 15708 -3908 3229 -1511 -1805
2240 15996 -3964 4365 -2445 -2111
3524 16372 -3216 6153 -3756 -3349
1572 16652 -5916 4708 -3737 -7092
492 21404 -6480 7768 -5031 -12573
4744 26384 -1312 4682 -5152 -931
3504 18140 14400 -4825 5799 11759
8900 10324 10900 -15464 9287 17439
6880 9348 4264 -17692 8635 14198
10008 13960 2612 -17469 651 12263
6740 15488 -1100 -13339 4751 7964
6816 18932 -756 -13331 5428 322
3896 18328 -2612 -9793 1161 -3469
3468 17480 -3276 -7265 -3296 -2183
1400 17528 -3268 -2484 -1037 -1790
680 19708 -4372 1371 284 -1700
-1276 16056 -3688 6338 -90 -4148
-9316 22268 11220 4556 -2340 -6052
5168 9820 7784 9458 -7626 -3403
3772 19464 152 8952 1579 -1929
5228 17560 888 6801 -731 -1851
3180 15060 1572 6894 -536 -4569
3828 15764 0 5944 -2465 -2676
2828 16532 -1436 5477 -386 -1979
2932 16124 -1216 4655 75 -1435
2492 16060 -2616 3585 1843 41
2792 15708 -1464 3147 1687 3694
4072 16492 -2384 2844 -231 615
3476 16228 -2504 2802 -1519 -230
3128 15008 -1360 5575 -1023 -2526
4408 15404 -2816 4883 -2936 -2811
2976 16392 -4848 4775 -4224 -3603
1424 17720 -4392 5214 -272 3123
5712 24040 -1608 3979 -4993 -3167
14032 20696 5184 3269 -3888 -184
12692 12576 7500 -8581 21134 11675
6380 10356 3548 -12700 13962 14793
5636 12040 3556 -14111 7309 9455
5728 14948 2008 -14071 3225 4052
4468 14096 -2064 -12578 3407 1031
4408 15348 -92 -9977 3434 -1428
3520 18548 -112 -6698 3936 -8080
3740 18628 -1328 -5109 -159 -8161
2208 19596 -304 -3142 -3231 -7115
-732 17652 -3888 967 -271 -5637
-956 13812 -5008 5009 -1089 -4261
-2216 32767 12404 5540 1425 -6
8720 8708 4784 11383 2087 -95
-116 17680 1936 7350 -2886 -1447
1620 14796 1928 7977 1250 -510
3612 15900 -808 6461 134 -1735
816 15716 -16 6725 -723 -948
1824 16308 -1472 6255 212 942
1700 16208 -1320 5288 -796 1097
2164 16264 -2768 5060 670 1295
2648 16184 -2440 5496 -199 502
2540 16412 -4304 3006 -1210 199
2608 15860 -3460 3348 -277 -735
2044 15632 -3600 4235 -1022 -1001
2048 16092 -5312 5164 -3379 -1853
2856 17192 -5744 5701 -4860 -5027
-76 17316 -5356 5116 -4725 -2977
3952 27660 -2892 5505 -4140 3292
7920 17784 616 1335 590 3275
13732 12848 8904 -8592 11661 11959
6660 11196 7192 -15556 7265 12518
6340 11988 4416 -17727 -27 10563
7140 14240 808 -15808 -2214 10428
5052 15492 -1548 -13903 5795 5167
7516 18592 308 -11075 5595 -1701
4092 17584 -1188 -9301 6900 -6406
2376 18788 -2200 -7023 2987 -6763
2124 15588 -3036 -4258 -1582 -5544
-208 15752 -6632 -141 2511 -5565
-1176 15452 -8560 7943 1320 -5722
4840 32767 9604 7129 -3833 -808
4204 16076 372 12634 5202 -25
2828 17448 3904 6109 -2112 -3644
3604 16268 1396 6214 1774 -1071
2104 16100 1760 5065 2276 -1386
2652 16060 1540 6706 2976 -2693
1932 13892 2048 8834 -1639 -5433
2092 16964 -2680 6533 -2097 -1812
324 16252 -1508 4559 -645 1240
1304 16304 -2384 4679 493 -527
1132 16616 -3040 4255 -19 -297
324 16196 -2960 4854 -1262 -3891
680 16496 -3808 4682 -124 236
1016 16664 -3804 1950 -535 8524
1944 20620 -1384 4767 -2166 8369
5704 22372 2804 6343 -3589 5260
16856 15116 10224 -6708 7847 9793
8644 11592 6752 -14847 8960 14358
4816 7972 2512 -15597 2949 11330
6284 10604 1512 -14477 2384 5482
6180 14428 2768 -11861 566 -1117
4480 15496 820 -8959 2049 -9518
8208 18984 244 -6032 -4011 -10860
4720 17772 1140 -5788 -469 -6930
1596 15856 -384 -3981 1504 -5700
724 16560 -3176 -1685 6497 -5218
-332 17404 -5260 2832 1679 -3117
-5988 16432 -6972 9402 12965 -4624
8380 -4744 6348 12782 -3182 411
2756 16292 844 9959 3002 789
916 15768 1568 7152 1474 929
3040 15180 1052 4898 -174 791
1920 15740 824 5761 -1245 361
2240 15896 -308 5124 -1601 5
1736 15860 -1348 5224 -1807 1330
3068 15800 -316 4509 772 1209
3072 16392 -2144 4380 -525 -571
2240 16112 -2172 3921 -429 -1447
2056 15336 -2384 3564 -716 -1710
1724 16036 -3704 3838 -1373 -1100
2680 16784 -4664 5228 -2359 -2499
2316 16736 -3000 5662 -3520 -5328
892 18936 -4980 6063 -5492 -7308
-1144 30676 -1408 5984 -5793 -2864
4788 16968 7216 -1338 774 5412
10556 13020 6848 -10203 10803 14330
6180 8732 6556 -12797 6574 13771
7588 11028 5520 -15807 6412 12728
7596 14016 2956 -15295 3484 10483
6440 14604 -172 -13342 2859 5382
5216 16540 -512 -11568 1678 -1436
3608 18420 -2108 -8832 641 -5435
2632 16620 -3408 -4225 -7094 -3518
528 20860 -2352 -448 -2898 -7651
-4824 13544 -5876 4463 804 -8138
-7176 13004 -13940 11427 5820 -9790
2340 32767 12056 9407 -5553 -1088
4828 19176 -200 8245 3404 797
3680 14800 1204 7478 105 -1831
3116 15712 864 7792 -312 -1915
2112 16092 -324 6759 -344 -1586
1948 16236 -1644 4796 67 1622
3180 16444 -1384 4088 865 3082
3100 16336 -1780 3633 -7 2563
3776 15940 -1864 3041 -777 1253
3556 16436 -2156 2952 -1322 -531
3048 15656 -2124 3398 -2062 -441
3540 15740 -2928 3881 -2061 -685
3036 16072 -3884 3473 -3615 -2191
3408 16848 -4212 3999 -7345 -7327
2332 18436 -2928 5750 -7235 -7288
220 26708 -2920 6364 -4841 -1116
11664 17672 6760 -188 -1006 4944
13476 10264 8184 -8922 10156 14009
7296 7940 7384 -13089 7724 16196
7036 10572 5476 -14077 4607 12358
7124 13284 1876 -12435 4395 6888
7072 18552 712 -9370 3294 297
6276 20068 -1296 -7690 10731 -7134
3388 20700 -3720 -6820 6501 -9874
304 18108 -4920 -5047 2367 -7901
-900 14224 -6352 -1286 -926 -6466
-1092 13244 -10632 5203 -1253 -5849
-1428 32767 9892 6644 -18684 -2264
-500 21108 -444 10834 11445 3159
6448 15644 2452 6830 381 -540
2500 16124 1084 7952 1377 -1463
1148 15360 400 7004 888 -577
2288 16192 -208 6472 435 858
2176 16324 -956 4702 -408 647
2036 16076 -1984 4038 -513 948
2056 16536 -2188 3388 -931 1077
2056 16788 -2212 3094 -1060 722
1692 15568 -2396 1987 -506 2107
3116 16716 -3644 1598 626 4954
320 14896 -4388 1222 1038 12912
4276 18720 336 4883 -3170 6412
8024 28552 9668 -2813 -4061 996
1960 20060 10612 -12220 -9318 4197
-948 10648 5476 -15934 -5948 -775
-56 10552 3740 -17067 -10877 -3510
88 12148 292 -15450 -14256 -10258
1780 13684 -388 -11938 -17950 -12840
1084 18764 -808 -9700 -12744 -15395
1520 18268 -976 -7047 -8256 -13102
1104 14932 -3116 -3965 -10200 -8994
-88 13924 -6912 2928 -4920 -3555
-14476 32767 1520 2163 -10326 1852
5432 16112 2124 16081 8653 4409
6640 17464 1420 9178 -312 914
3512 15844 384 10577 422 1166
2828 17028 -1072 10308 1546 3961
3572 17592 -1792 5503 -2299 974
1568 15412 -1808 3813 -2689 345
2456 15804 -2868 4860 -1838 1235
2620 16688 -3052 5215 -3312 -59
2460 16224 -4040 4663 -3078 1394
3240 16744 -3768 4209 -101 3437
4368 15804 -4880 3688 -226 3462
4200 16620 -4852 3510 -1078 1384
3124 15668 -4684 4345 -2080 453
5900 15944 -5872 5276 -383 -851
4512 16720 -7824 4066 -3233 3230
5456 20136 -4760 6174 -1546 6018
5800 27196 -3584 5711 -7900 8170
9384 17032 6460 -1944 7762 6242
3876 13264 11452 -17322 6325 8918
3912 10836 6400 -22311 7145 5994
6552 11856 3740 -22408 4706 188
7648 15628 2880 -21414 -461 -5503
8260 15776 -1944 -16967 -6209 -8856
4876 17004 -2480 -15050 -3509 -13111
4672 18288 -4272 -8302 -1061 -15139
2640 18728 -1360 -3250 674 -15303
1080 15164 -1976 56 440 -10719
252 14724 -8 1677 1879 -7596
-144 13340 -160 4755 -738 -2836
1932 16740 -4496 8095 94 1824
10668 24364 6536 5875 -6794 5042
-424 13432 1756 6662 -84 3698
2872 13608 5188 7462 -869 103
1224 16088 1384 7714 2881 460
1204 15572 504 6682 3972 1954
800 14568 1656 8283 3429 2536
3916 16736 -192 6199 -325 2454
2864 16676 -1428 6052 -853 766
2688 16128 -1712 4538 -2151 1552
1732 16348 -2576 3657 -892 3002
3464 15804 -1972 3669 -1380 2091
3848 15932 -2636 4875 -2057 2173
4564 16840 -4216 5905 -4436 -1329
2384 17624 -3736 4954 -5808 -405
3308 20368 -3200 2258 -4336 6613
8904 20048 2844 6175 -4874 4706
14424 14152 14612 -7191 4232 7664
7104 11236 9364 -14939 6403 12298
6248 10368 4156 -17780 5186 7294
6584 12584 2776 -17375 -489 4542
5608 13844 -420 -13826 2364 -1837
7432 18336 764 -10030 -4029 -7930
5632 17868 -1872 -7879 -1984 -9339
5024 17792 -3208 -5519 2698 -9643
3552 17872 -2144 -1639 3762 -9054
376 13704 -6088 471 3808 -4211
-1168 12448 -5636 7814 8509 -4221
4296 9804 6892 8528 -16675 -286
1908 18852 -856 8605 6842 1616
4972 15028 3416 5709 -4895 -298
3840 15060 2720 7748 2497 -1580
2392 15296 1004 7378 1350 -1323
1212 16012 -544 6672 252 -457
2304 15964 -128 5248 -2223 96
3732 15796 -588 4041 -1424 847
3264 16272 -1240 4048 223 227
3180 16588 -2080 3331 -287 553
2964 15960 -1328 3790 -599 -207
3140 15968 -1736 4612 17 695
2980 16920 -3752 5324 -297 239
3824 17004 -2992 6994 -73 -1943
2528 18572 -3568 5704 -3638 -2130
1912 26036 -2300 6413 -5013 -2977
9136 18864 11824 1445 4498 7013
11992 13876 9388 -10212 18310 14823
5880 9968 6248 -14787 6308 12869
6040 11856 6148 -17120 5015 9118
7760 11464 1732 -15505 1627 5878
6892 14888 1988 -15411 621 -38
6328 17012 -524 -10022 492 -6391
5944 17956 -496 -6982 -701 -9335
4044 15832 -2196 -3595 -37 -9754
2488 17444 -920 -1884 1110 -8705
-144 15320 -3240 848 119 -6322
-2276 13264 -5004 6535 -2782 -2925
-3292 26540 13728 5200 -1591 -1742
7764 8600 5212 8379 -3446 184
2004 14924 2884 7794 -703 -501
3896 14116 540 6780 -1573 -208
5076 16168 2604 6515 -1708 -1317
2592 15256 960 6489 369 -935
3968 15756 -248 4444 -1906 749
4028 16032 -896 4392 -379 1937
4492 15816 -172 3982 -613 350
4844 16392 -1380 3479 -179 329
4636 15876 -1488 2870 -338 833
3368 15240 -2588 4130 97 311
4864 16128 -1600 4857 -28 166
3876 16084 -1944 5701 -286 -732
4108 16952 -3076 5617 -2366 -4681
2280 17636 -4512 5905 -3679 -5827
2796 23180 -3400 3287 -5677 -1473
8892 17216 3240 3825 171 3270
15324 12000 13516 -8262 9667 9555
10248 10704 8868 -15030 13797 14723
6756 9332 3824 -16431 5299 11100
7244 11820 3524 -17130 -1290 6331
6736 15284 2256 -15144 3381 725
7364 18720 -2032 -10733 -2005 -6129
5672 18916 -1488 -7806 -3209 -8410
1252 16568 -4824 -3417 -181 -8477
2280 17196 -4020 -94 -1828 -8073
-2236 16248 -5124 5078 -313 -6471
-8100 13048 -6612 11652 9125 -9060
5476 4548 9696 14407 -6070 -3348
3408 16476 1228 7031 -71 495
6136 15204 1692 6916 341 -2603
2656 15652 416 7440 255 -2239
2216 15756 268 6002 -822 47
2660 15696 -472 5584 -793 -403
2592 15752 -1068 4979 257 635
2580 16468 -2080 4864 816 381
2028 15992 -2304 4249 159 61
2872 16560 -3228 2491 -1219 -897
2968 16128 -3104 2749 -1153 -643
2400 16032 -2488 3364 -1351 411
1248 16636 -3860 4189 -1473 817
3384 17984 -2148 6969 376 4811
8736 29408 -2016 7878 -114 -1001
9736 18724 8916 2310 4140 3042
13480 10972 6120 -7683 14888 15108
5984 8852 7540 -13276 13040 14470
7536 10880 5596 -15678 7437 12291
7464 12716 3172 -16785 4804 7942
7052 14560 1504 -15193 29 1805
6256 17188 -832 -12530 -309 -6695
7632 20236 -656 -7650 -4797 -10966
3992 16604 -2780 -5911 -4070 -11608
3388 15984 -4536 -1525 1066 -11249
-368 17856 -4992 3494 -1152 -9543
-2628 12864 -9532 10886 -1758 -9851
3940 20424 13296 11254 -7227 -3499
2428 16504 -140 7830 389 1808
7044 14324 3092 7510 -821 -2568
2628 15704 268 7316 -383 -2477
3920 16008 472 6927 -57 -1654
2536 16140 -1404 6112 -753 -1623
2492 16100 -1156 4847 -857 12
3360 16272 -1692 4122 -506 978
2924 16004 -2412 4466 150 367
3328 16244 -2656 4399 273 707
3164 16260 -3096 3370 -138 824
3088 15996 -2988 3349 -855 -568
2668 15900 -5084 3944 -1691 -709
2752 17368 -5096 2611 -2696 2141
4228 17604 -2092 3246 964 9142
6020 27584 1924 10045 1229 1897
11596 19584 9332 -4466 3549 3653
2508 14540 7436 -15262 298 7642
1016 8648 2656 -17999 -2112 1065
1500 10844 2840 -18490 -12814 -3447
2188 15008 2412 -17698 -15375 -6104
2600 16724 -1904 -16309 -19423 -9823
2936 20464 -2232 -15593 -15100 -12989
2184 21104 -256 -13891 -12828 -13327
-432 14656 -784 -9640 -4857 -10685
1040 13324 700 -4089 -2399 -10174
64 10928 -124 1386 -8486 -5119
-836 12484 -2116 8883 -2165 -1160
3252 31148 8616 7930 -9686 -774
3440 12936 1584 15735 6661 1656
2824 16980 2660 8283 125 3794
3784 14504 2088 7909 -830 -102
2064 15084 1576 7755 1337 -1851
1064 16248 -4 7677 -361 -266
3488 16528 -92 7187 -66 -857
2948 15960 -972 6607 -769 196
1944 15992 -2168 5930 -526 1875
2824 16420 -3384 5863 -92 2266
3104 16108 -3260 4745 -965 1814
2804 15892 -4068 5230 -1950 1977
1624 15844 -5024 5315 -2742 3273
2508 16452 -4184 5497 -4136 6053
4292 18548 -6136 5957 -1800 9979
5168 24936 -3992 4610 -332 15572
8508 19520 3748 3821 8487 11049
8232 18012 7392 -7573 12254 4878
9192 12832 7444 -15684 11845 4046
7096 9184 1604 -16136 10198 -3019
7904 12164 2656 -16677 3530 -7953
7192 10044 -2380 -13409 -207 -10412
8180 11668 -3032 -11994 -3827 -14444
6168 15044 -3604 -11318 -1948 -19634
6056 15884 -4372 -6093 -11993 -18192
5084 18152 -760 -2760 -11008 -16245
24 14920 3628 1048 -10641 -9952
1144 11204 3616 2101 -3864 -4763
-496 13700 2140 4499 -684 -2293
-5996 24280 368 4961 8687 -1211
6356 5700 7632 8074 -5671 -1112
-3488 15400 2340 7270 -312 3034
1232 15712 3180 6907 394 794
136 14892 2480 7311 450 766
1964 16084 1012 6031 464 2528
1776 16120 932 5702 1490 2879
2216 15964 328 5968 2038 1949
2088 16100 -304 5781 660 1039
1864 16188 -1740 3866 -523 2265
3688 16320 -1292 3319 -1599 2158
2148 15200 -828 4532 -689 1804
3224 17392 -3272 4876 -1360 2932
3668 16372 -1572 4747 -2489 3756
3924 21788 228 7231 -6811 -839
9400 22164 -800 5667 -4360 2778
7088 12516 -1848 889 699 7559
11240 10228 5252 -8576 13980 9933
5876 9728 5656 -10190 5776 10086
8096 9880 4884 -12599 6320 6671
5520 10632 5088 -14508 7387 3020
5560 12612 1128 -12253 2758 -2152
6832 18064 1352 -10682 -330 -8873
4024 16284 -2060 -8007 -6792 -10681
4164 17780 -3080 -5144 -8428 -10062
2308 19756 -3688 -1079 -4151 -8372
-2756 16076 -4724 5412 479 -3810
-5484 6612 7288 8805 -7306 -2603
9068 13332 3304 11616 8579 2097
1532 13664 1744 7251 -4429 -1844
4676 16124 1384 7745 1639 -510
3472 14980 548 6194 -2010 -2639
3324 15488 272 6828 1305 -683
2600 15860 -932 5283 -888 -11
2580 16044 -1196 5041 -653 632
2368 15960 -1996 4047 -1209 1870
3620 15836 -2432 3719 -1302 2469
4516 16424 -2836 2599 -1832 625
2604 15820 -3616 3214 -1320 1029
4096 15344 -3208 4415 -877 773
4304 16384 -4156 5088 -2365 -1901
3896 17272 -3928 4932 -4024 -4042
2616 18248 -4296 3246 -4026 -2969
7120 25548 -2252 4435 -2690 1997
15292 15480 9908 -2334 6307 8921
10688 11636 6692 -11680 12381 14340
6784 8164 5352 -13198 5802 11247
8608 10380 3312 -13112 8598 8413
6504 13044 2440 -13482 4343 3718
6748 15164 -236 -12327 -2050 -1309
6596 18364 52 -10808 -6133 -6443
5048 17972 -2188 -8219 -7566 -8395
3960 18008 -2224 -3965 -2408 -9255
2316 19672 -4192 -1686 3095 -8749
-2784 14836 -5528 3974 138 -6354
1776 16900 -8164 9878 13942 -9995
9056 9928 3720 9430 -6800 -5334
3240 15860 1548 8071 2587 41
3112 16244 1032 7218 2172 -1182
2364 15664 1296 6943 1510 -1010
2504 16976 -392 6880 2972 -1403
2148 16044 -516 5574 1068 -129
2396 16400 -1796 4708 585 1628
2260 16140 -2096 4153 -284 90
2132 16584 -2584 3306 -1511 -170
2452 16452 -2780 2770 -806 -732
1556 15392 -2300 3123 -361 -2
2088 15428 -3296 4979 -255 145
1684 15624 -2868 6723 -935 -982
1928 16384 -4820 6096 -2821 2851
3612 20844 -3560 8156 -2729 873
7464 26736 -2084 4652 -4089 -674
11444 12948 8348 -5799 9720 11563
11492 9404 9448 -16536 12954 17417
5812 10256 8132 -19248 9479 14707
8092 12444 5360 -19662 3784 11424
7532 15172 1936 -16287 1625 6045
6172 16500 -704 -12489 -3244 -2943
4952 18288 -2828 -9858 1542 -13253
5100 18952 -5036 -5913 -2996 -14536
4084 19140 -4432 -1355 -5102 -9758
-1708 15348 -4892 4424 -142 -4312
1684 17840 8 8998 16768 -6298
7536 4552 7912 13080 -8216 -3561
2956 20560 -668 6964 5041 1122
5716 14800 4312 6547 1316 -1076
4648 15600 436 8177 -1518 -1899
2056 15184 944 6680 -2393 502
3532 16136 -588 5725 -1850 -237
4696 15772 -252 4307 -3157 815
3848 15252 -260 4489 -2701 -223
3408 17044 -2796 4365 963 2114
5024 15888 -1440 3842 -458 1482
5384 15820 -1796 2779 -1731 158
4148 15516 -2084 3918 -828 62
4528 15112 -2092 5156 -749 -668
4844 16016 -3380 5340 -1348 -2214
4588 17248 -4992 4944 -3973 -6785
1444 17132 -5360 3526 -3725 -2931
-1940 24428 -824 7388 4070 -162
5124 21932 6408 2628 6290 -1284
16028 13536 9524 -7079 12117 4256
11476 11912 7956 -14795 17606 12865
8092 11800 2944 -18159 14661 10041
8908 12328 716 -15060 4190 6961
8560 14600 -652 -15909 5830 2049
6020 16732 -1508 -12286 -3308 -2505
2884 14304 -2416 -7799 -8706 -4782
2924 15492 -448 -5012 -68 -11406
1744 20476 604 -1972 -1426 -16135
2060 17704 -1708 1300 -5693 -10299
-3288 13268 -1468 5225 -13327 -4078
-2792 30824 14432 4578 7439 -6602
5124 10172 4000 9330 2972 -4757
-868 14572 2568 8755 1135 -2798
1116 14356 2012 7979 1999 3081
1968 15772 848 6872 177 1332
988 15484 -192 5782 -1131 1667
2516 16200 -840 4954 -618 1832
3020 15852 -760 4568 -807 492
2572 16292 -1764 4453 -724 419
1480 16124 -2192 4432 -165 829
2708 16236 -2220 4058 -963 439
2388 16532 -3292 4722 -924 245
2808 16828 -3480 5132 -1785 -622
3384 16948 -2812 5050 -2836 -2141
656 17732 -5412 4098 -2252 364
3560 29832 676 6383 222 494
12988 20380 10628 1406 6451 5258
13300 12368 8472 -8925 19128 15510
5352 7440 6760 -14475 10987 13725
6912 10412 3952 -16650 2428 9224
7124 13848 2804 -15863 148 4838
7960 17936 1368 -12826 -1641 -1023
4684 17188 -3016 -11449 -2837 -5251
3212 18720 -2000 -8213 -4198 -6605
1856 19736 -1832 -4118 -5296 -9701
928 17264 -3420 -815 2655 -6885
232 13756 -3080 2900 3001 -3378
-3200 13680 -5384 8581 5103 -4559
324 25952 6348 9920 -2276 -2584
3304 16160 2484 7795 -953 -1968
3664 14924 2496 8090 1743 -2586
3984 15660 1092 6719 -352 -2084
3156 16108 688 6414 350 -726
4728 16256 -292 4794 -1812 -1565
1908 15800 -1244 4587 724 287
3444 16032 -1328 3150 149 3039
4516 15668 -1952 3842 -241 441
2996 16532 -2708 3467 -177 758
4508 15916 -1496 2847 28 245
3492 15568 -2040 4265 -777 -194
3628 15872 -3892 4750 -1842 -223
4084 16728 -3868 5153 -2948 -3613
1044 17172 -3636 2167 -4313 1665
6352 23556 -1360 5792 -1573 -1264
6484 20412 5832 4624 12503 -1423
17212 12128 8468 -5398 21387 4725
9700 11560 8376 -11501 14204 10883
4872 10408 5660 -15501 7899 7813
4432 12172 4236 -15457 4785 2193
5032 13568 1772 -15679 -3529 -1808
4660 16028 928 -12244 -7763 -2726
4004 19212 -972 -8324 -2946 -7986
2544 17044 -3516 -4822 -8009 -7289
2380 18204 -2112 -3481 -5287 -5068
704 17648 -4712 -15 3338 -2465
-1664 14388 -6740 6375 7852 176
15488 21760 22924 4588 9046 1454
8440 8504 -680 10700 3963 2308
4168 15508 4288 7525 -458 -2084
2576 15528 960 8610 1132 -1169
2932 15056 908 6145 -3308 -1445
4004 15732 -48 5569 -1775 -458
2060 16104 -620 5432 1465 362
4932 15988 -832 4426 226 1531
2780 15820 -1812 4845 778 650
4008 15848 -1824 4654 275 403
3348 16472 -3064 3788 -860 -400
3428 15380 -2380 4125 -1436 -43
872 15548 -2916 4891 -1807 -1068
4120 16376 -3296 4130 -5903 -3455
2664 20536 -1348 6581 -2812 294
5900 25680 436 8140 287 -949
13236 15196 10872 -4745 6763 4830
6540 10880 6808 -11278 7570 12360
5952 8328 3484 -13581 4446 9623
6916 11668 4740 -13526 2511 5125
7024 14120 2648 -13149 3652 1308
7308 17452 520 -12159 -66 -2462
6120 19408 -200 -10782 -236 -4406
3180 18272 -1732 -8179 -5039 -5208
1032 16428 -3744 -5088 -6054 -6930
1648 16896 -3336 -2849 -2192 -7342
-1452 13816 -2064 482 -703 -5434
-2360 12040 -4052 6323 -884 -4445
23636 30484 25028 5337 8342 -2316
12204 200 4420 9497 -901 -454
1740 16860 1872 8423 2389 -328
3352 14612 1080 6601 -674 -935
3508 15876 1148 8036 2574 -470
340 15208 -448 6394 830 -391
2444 16004 -952 5923 564 1414
3520 16196 -928 4954 -1016 787
2064 16284 -2040 5489 -103 275
2036 16036 -1980 4908 790 983
2368 15576 -3276 3709 -895 -301
2924 15924 -3432 4604 -875 467
2952 16840 -4604 5230 -2489 -253
3816 17276 -3068 7346 -2022 -2349
1928 17492 -4736 6202 -7442 -7958
-108 26696 -3472 8429 1720 -2111
6876 18360 3600 3055 5698 4094
16244 13916 12208 -8463 16731 14382
7380 11860 9308 -18040 18598 16874
5412 11212 4180 -19990 9158 11488
6052 13804 3208 -19729 1712 4584
6368 17904 -244 -18556 -3543 -3713
6880 20188 -2900 -15425 -4453 -9931
5876 18400 -6552 -8599 -7896 -11076
2232 17404 -5520 -1823 -4805 -9273
800 15928 -4132 2512 -646 -5651
-4852 14228 -5176 7138 1171 -2561
-6268 32767 13920 10765 -7960 -3892
3280 18980 -4044 11029 10128 753
2508 16684 2744 5133 -5501 -1525
5396 15960 1864 6523 3206 -2014
1396 14132 1132 5435 -1448 -2196
3272 15440 496 5939 104 -1220
3828 15952 224 4253 -828 -1121
2384 16072 -1412 4646 875 -355
3492 15948 -1116 4520 1207 -785
2420 15892 -1764 4445 1778 884
2452 16516 -2456 3882 1621 -37
2848 16072 -2708 1720 -1102 953
3500 16212 -2616 4677 95 -914
3200 16628 -3784 4959 -1865 -1457
2580 16684 -2652 4697 -2515 2025
4804 23724 -392 6648 -8613 -2736
15148 17236 4940 1220 5941 9096
14028 13940 8908 -10144 23779 17465
3236 9412 4092 -14403 12281 14405
5304 11096 3328 -15591 4390 7173
4632 13528 3092 -14864 -182 -266
5764 17032 992 -13132 -4400 -7025
5788 19328 -424 -9485 -5295 -10877
5964 17028 -2588 -8124 -4847 -9425
2948 17348 -1960 -4669 -1348 -7559
2116 16012 -1748 -1391 2364 -6973
2016 13348 -1460 2339 403 -4254
-892 13008 -1032 6206 -1508 -281
4592 16996 1564 9003 13158 -4809
10044 3924 5256 10471 -3555 -3295
2612 16512 2008 8671 4665 -1194
2580 15240 2100 7406 3459 -1707
4948 15068 1992 7245 3595 -717
2112 16096 -168 8256 4630 -1897
1480 15704 -1584 6201 365 -660
2048 16176 -1520 5083 -424 359
2684 16168 -1264 4757 -555 -330
1660 16276 -2960 3699 -676 638
2228 16704 -2788 3137 -1832 -122
2612 16924 -2108 3987 -1588 1135
992 14704 -4912 3114 -1430 4149
2528 16576 -4324 5904 -2683 -740
1424 17520 -2848 6636 -4039 3182
7664 26752 2196 5107 -3696 170
12892 14828 7144 -4822 7860 6686
10232 10188 6460 -12800 9012 13787
6880 7748 3656 -14036 8596 13517
7228 9708 4060 -12580 6995 9121
5808 14192 2796 -12285 3365 1917
6304 18100 268 -10389 -2104 -2872
3644 19112 1112 -10338 679 -8781
1648 17824 -2516 -5966 -2168 -11008
2496 19284 -4220 -4808 -3246 -10313
-1284 15844 -9752 190 -2475 -6270
8748 22132 2212 7482 16268 -6691
10936 612 5136 14809 4153 391
1728 15292 1364 9230 -3332 -1781
4160 14472 200 7793 2246 -723
3144 18476 24 6142 2618 -297
2272 15204 2032 5481 -50 -2426
2100 15896 -256 5983 -44 -1822
3972 16808 -464 6124 -193 -863
1720 16252 -1628 4769 -1201 -867
2772 16924 -1624 4383 -909 598
1076 15524 -2532 4789 -32 -72
1948 16216 -3428 5226 838 53
2028 16136 -3040 4986 -1002 436
2840 16304 -4260 4615 -2095 522
2900 16576 -5128 4038 -2392 -1567
1708 17188 -3444 4865 -1891 3956
3044 29468 -4084 7220 -3185 -2857
10704 16188 8684 1066 5121 645
11612 12612 7008 -7807 15672 10469
7400 8484 5248 -13285 11601 11638
7756 10868 3980 -15460 6288 9694
7624 14528 3088 -16389 3838 6681
7612 18396 2040 -15337 6245 1358
4364 18992 -1652 -12488 854 -3490
2912 19212 -4628 -9097 -7313 -8027
1108 16868 -4056 -3808 -10947 -8205
2244 18452 -1928 -1003 -3149 -7365
-3664 20912 -12940 5494 4755 -4924
1228 6452 3920 5269 -12580 -2316
5664 17016 3240 9963 7732 -123
2820 18832 -308 6001 -3997 -3724
3444 16364 1792 6678 -1308 -737
4540 15832 -16 5335 -3031 -2155
3012 16328 -72 6029 -431 -1068
4288 15424 152 5485 -1724 -728
2884 16500 -1632 4242 -1496 -68
3644 16172 -1984 3503 -999 1378
5176 15700 -2012 3597 -285 -198
3916 16012 -2676 3207 -228 356
4128 16076 -2068 3347 -535 -1789
2660 16280 -3664 4019 -509 -1487
3492 15760 -3820 4598 -736 -1415
2872 15928 -3892 4624 -2064 -2836
2216 16516 -4640 5765 -937 -5034
1668 18440 -4740 5043 -3335 -4842
3732 24388 -3304 9358 -2 -6254
5804 15988 1900 2623 4681 -1225
14348 14164 2720 -7544 12612 7886
8340 12980 3904 -13345 13437 13951
8904 13080 2464 -16912 8825 13353
8380 14028 1980 -16589 6338 11309
7672 16136 176 -15562 3330 6882
6132 16992 568 -13526 -412 3759
3260 15516 -1980 -9298 -2395 -48
3948 16876 -1452 -4320 1524 -4728
2080 20068 -448 -3189 3988 -9459
164 13788 -3880 588 -166 -6134
-1188 14152 -2732 3914 -942 -7348
672 16684 -9168 8460 7714 -9435
3128 6660 6844 8866 -14721 -3789
3536 19648 1028 8313 7753 2465
4796 15120 2804 6370 353 -2384
1908 14908 2436 8628 1930 -3179
256 16596 -516 7586 -812 -1857
1340 15784 -1064 6133 777 924
2988 16180 -1012 4922 -747 181
1296 16180 -1828 4749 143 593
2348 16368 -1968 3629 -438 -850
2312 16452 -3112 4818 -2493 -1101
2680 16688 -3648 7001 -9 -1221
1684 16748 -3344 6491 -2111 -2368
1096 17120 -5012 4119 -5171 -3509
1836 18692 -4176 4524 -3551 -2354
2716 27352 -960 5184 -3982 -954
12008 14712 9136 -2472 5099 4042
10664 12960 6952 -10303 12772 14395
5264 10732 5268 -14888 6202 12641
7632 12116 2860 -15084 2800 10267
6392 15268 2768 -14921 5072 4511
5976 16116 -132 -12821 -1562 1781
3716 16552 -1700 -11778 -4633 -2421
3492 17956 -516 -8321 -9552 -3652
2540 18524 -816 -5368 -235 -7308
348 15320 -3316 -778 1185 -7012
-4228 14644 -6692 5455 6971 -7061
26864 32767 18460 5447 -4100 -955
8480 8392 -4556 12953 7845 -8001
-6072 20692 612 6454 241 -1809
2848 15696 2548 8115 3825 5293
2548 15800 280 5578 -1371 -2873
1000 16076 -676 6852 1538 -581
1324 16188 -924 5073 1251 1200
2356 16180 -2196 5233 221 400
788 16120 -2076 4477 741 616
2232 16072 -2772 2776 -316 3161
1140 15644 -2828 2124 -812 2204
2644 16572 -2952 4033 -922 -143
2312 15764 -3968 5588 -1852 -1009
1632 15972 -4712 4080 -3041 -1482
1604 16304 -4424 4862 -5263 -3718
1324 19844 -3584 4901 -7059 -2603
12288 22372 108 4245 -1300 2576
15800 12472 10992 -7224 13439 12317
7544 11340 7376 -14635 15047 16972
6668 12552 4852 -17181 6964 11936
6196 14480 2592 -16860 3030 7250
6264 16560 640 -14680 -1100 1578
5208 18120 -300 -12118 -3672 -2734
4712 18092 -2544 -8606 1499 -5620
3264 17304 -848 -4567 468 -5639
880 18112 -3116 -945 4774 -7707
-1340 14664 -2904 1482 2272 -6272
-856 13572 -1864 4990 1822 -4252
1936 15228 -7952 8354 1762 -2975
-5508 20988 7452 9952 -7937 2680
2584 22616 540 8151 5287 4796
5284 16644 2428 6470 -2992 -1906
1604 15156 1496 9032 -384 -1754
2904 16400 -548 8019 392 -938
1996 15652 -1300 6156 -3471 -1042
4048 15848 -960 5600 107 573
3452 16164 -1688 4540 2539 3422
3368 16388 -2228 4215 -354 2111
2728 16400 -2596 2505 -2422 -126
4404 15276 -1820 2735 -1281 1148
3080 16292 -3580 4340 -3206 -751
2280 15764 -3096 6116 -5391 -2554
1424 17568 -4300 5083 -9959 -3760
2584 22028 -3404 4762 -9085 2855
13908 21036 8460 2061 -224 1327
14804 13644 12524 -8494 8302 11056
7532 11584 5516 -15033 14756 16060
5840 10372 2920 -15469 7753 12238
6960 12400 1516 -14316 4479 5988
7280 15668 1212 -12181 3887 -962
8008 18284 -528 -9871 -867 -5654
6892 16864 -2924 -8839 1811 -6407
4048 18456 -2148 -4425 339 -6708
2220 19428 -1652 -425 2884 -7583
-2020 13996 -4188 1349 -262 -5269
-12520 9940 -9212 9175 1720 -12570
-18996 32767 26852 10709 4919 -4180
-3360 22884 648 6925 5761 572
2608 14940 2876 4797 -1092 2819
2536 15136 -200 5816 673 2282
3628 15576 1912 5738 -2455 202
2732 15952 -48 4963 -2257 1
2876 16068 -556 5231 -503 -419
2220 15924 -1516 4381 -78 175
3488 16408 -1164 4089 144 -282
3032 16268 -1308 4067 -23 -1045
1796 15752 -1904 4488 -437 -873
1352 15740 -3388 4798 -717 -969
3140 16780 -3104 5457 -1059 -1757
3104 18584 -3016 4985 -3858 -5231
-296 19804 -3456 4111 -6613 -4879
5288 25784 -1104 6356 -4211 -1155
12960 12848 12816 -3771 4986 6489
13764 11916 9056 -11551 12737 19806
5812 11228 5868 -16548 10577 18875
5144 13820 5552 -17036 411 13136
4548 15504 2168 -14209 734 5193
6260 21360 1452 -12875 -3384 -2667
5584 19412 -1208 -10073 2293 -4774
3604 17644 -2520 -5289 -303 -5056
2132 17408 -2744 -3502 7022 -6194
-1380 14076 -5068 757 1255 -4548
-3976 11292 -6692 6859 803 -8420
-9088 32767 14284 4491 17176 6799
2892 17420 -412 10442 -280 123
2680 16324 1812 8255 -233 -665
2408 14684 2184 9290 -178 -1996
1532 15992 -1136 6829 -2592 -1193
2512 16108 -720 5841 -2132 -853
3844 15932 -500 5867 -2855 -1385
2264 17184 -2116 6692 312 -1056
1628 15904 -2168 5064 -1207 757
3592 16624 -2868 4801 -2298 -1505
2432 16484 -3712 4946 -386 -201
2472 16004 -4608 4801 -2399 279
2876 16948 -3900 6264 -2117 -838
368 16904 -5792 6539 -2668 -4008
1824 16476 -6448 4757 -5363 -2557
760 22876 -5396 8188 -2922 -2253
2428 22532 -2892 3603 4002 2541
11300 15880 6064 -4640 4327 7715
12288 11544 9668 -12789 12345 14408
8044 11016 8272 -18631 10121 15951
6984 11904 5676 -20343 5515 12825
7108 16772 2228 -19575 6394 5975
7136 19976 72 -16259 7656 -1496
6992 20288 -2364 -9742 2223 -7161
4596 16344 -2720 -5495 -4690 -7491
2380 15600 -1688 -2516 40 -9112
1504 17116 -2512 2471 6504 -9593
-5180 13328 -6904 7907 -1420 -6260
9432 32767 28284 5200 -6209 -4853
4172 18008 -2088 9835 3395 -4982
-1448 15956 2784 8962 -1948 920
2316 16352 -160 7249 665 2013
1972 15956 576 7712 1257 -1135
2088 16644 -1212 5462 561 792
996 15628 -1084 4712 -961 1557
1464 16080 -1280 4622 -629 1061
2492 16208 -2376 3900 -1028 1258
1700 16564 -2996 3286 -1774 1909
2528 16064 -2804 3035 -817 1603
1872 16048 -3784 2498 -448 3125
3424 16220 -4344 4534 -2611 1423
3900 16484 -4788 4980 -3148 -469
2688 17516 -4272 3517 -3770 -1896
2568 18544 -4524 552 -820 4678
6464 23928 4264 217 -3186 6236
13488 14424 14604 -11657 7007 10560
15044 8208 9304 -15241 15133 13712
7396 6972 6168 -13588 11134 10890
8988 9880 4876 -13814 3070 6545
8688 12952 1368 -12130 514 3284
7024 14556 1696 -8996 -7285 -1904
5288 16932 -1028 -7295 913 -11246
6432 19116 -404 -5342 -4155 -11467
4392 18356 -992 -4678 -3908 -7681
148 15948 -2420 557 4913 -4946
-2588 12716 -2608 4683 5924 -4045
-736 9996 -9472 11565 6383 -6953
3564 -3956 6064 13350 -7137 -4301
5144 13384 2460 9816 2805 -2531
4960 15272 1252 7769 -1329 -365
3632 15636 1928 8452 364 -1357
4704 15656 228 6362 -1985 -1419
3956 16096 -416 5318 -3302 -2270
2712 15480 -1020 4870 -1539 -1675
1636 15860 -2004 2897 524 1668
3880 16064 -2148 2300 193 1331
4812 15752 -1548 3130 -113 978
3404 15760 -1936 2864 -316 1442
2740 15004 -1988 3889 -553 1149
2388 15760 -3308 5047 678 1135
4512 16348 -4808 3946 -1872 -1923
2876 16104 -4524 5817 -336 -1011
5108 17760 -3244 9894 -576 -4317
2380 20180 -6716 5207 -6698 -7730
9812 25048 -956 3086 -6728 116
19324 12532 8876 -8535 12469 10824
9296 9116 10908 -16147 23172 19084
3584 8672 4452 -18919 15738 12145
5420 10384 1596 -16018 5069 5343
6600 16252 896 -14158 -4440 -2492
8028 19456 -308 -11791 -5350 -7630
5168 18420 -1268 -8719 -2565 -10594
4632 18936 -2952 -4379 770 -11578
480 16648 -2584 -2609 406 -8795
-512 11556 -4816 2137 4832 -4018
-1632 14268 -10308 9620 19309 -2041
-4048 32767 10008 3025 -13067 -4323
1668 17348 740 8603 2697 3821
1512 14904 3684 6606 -897 2887
3660 15452 2464 6809 541 -391
1112 16088 1252 6532 1585 75
2728 16508 408 5847 -168 1454
1372 16036 368 6220 745 1500
2212 16032 -524 4563 -732 748
1684 15808 -1268 4743 724 2063
2920 16580 -1340 4172 -191 721
2812 16124 -2460 3902 -1265 546
2004 15628 -2472 2542 -2631 1377
4356 16492 -2676 6998 770 3392
4712 16980 -3016 6554 -4338 -1651
2044 17352 -4192 6482 -5278 -2747
3692 22596 -5624 5062 -5436 3244
8028 21988 884 7095 -1407 2487
15128 10604 10296 -5943 5278 7613
9736 11924 9348 -15201 13299 13870
4956 10416 5028 -18330 4841 10243
7100 11384 2080 -15270 -833 5231
7236 15364 2268 -14836 -1656 -131
8612 15360 -1364 -10942 -3511 -2004
6848 17756 -1936 -9204 -1385 -4405
3656 18332 -2116 -6326 -3287 -5611
964 18228 -2880 -532 3044 -9498
-1348 16076 -4532 3290 3135 -12102
-1896 11156 -8240 7022 -1466 -9185
18132 31816 28996 518 11056 -4870
8152 -1708 936 10478 4816 970
2912 16796 484 8735 3859 -955
524 15860 140 6820 1850 -2483
3028 16432 -816 6188 4022 -950
744 15884 -76 5227 758 -868
1300 15380 -1728 5126 632 -937
1768 16072 -1340 4384 -176 -514
1804 15712 -2008 4611 185 -267
996 16068 -2824 5504 1095 -373
1784 17076 -3700 4362 -235 -1446
1080 15900 -4020 3988 -922 1014
2568 15496 -3976 5574 -2483 2656
1996 16260 -3904 8946 -6699 -4608
1992 17556 -6472 9094 -1303 -6665
-1060 23216 -6236 5328 950 190
5316 24220 -364 -1226 -7370 7259
19996 11004 12308 -9691 16542 16209
7872 10652 9872 -17253 21183 18422
5560 10840 5640 -19206 12902 12035
6016 12800 2832 -18628 3538 4974
6444 17000 560 -17516 1366 -2791
5936 19264 -3616 -13995 3782 -11082
4328 20068 -6764 -5670 -3267 -13874
1632 19032 -5020 -1036 -9412 -10359
1524 16940 -4240 518 -5570 -4037
-816 15456 -1824 3923 -2126 -671
-1184 13304 -4872 10462 8589 -2145
2484 25348 8988 7672 -12466 -138
5432 15764 296 9137 1739 640
4932 15776 1592 8035 2515 -2143
3360 16136 2724 8564 1162 1272
5108 16516 156 6359 -1092 -1491
2540 15968 52 6246 -1558 -2271
2364 16724 -1656 5701 -767 -239
2748 16448 -1524 4678 -2431 -360
2688 16208 -2192 4463 -1240 570
3940 16660 -2996 3649 -1039 809
3068 16548 -3136 3816 -624 -120
3048 16108 -3420 2533 -633 -33
2760 15996 -2652 3554 -1197 -685
2740 16016 -3204 4454 -1159 -521
-312 17352 -5756 5166 582 1966
4932 16840 -3604 6447 -3696 -946
2848 23156 -4444 8217 -4584 -3907
5952 20840 -1360 3732 -1793 204
10976 13200 7888 -5444 5089 4895
6592 12188 6248 -11671 8753 10591
6064 11992 3036 -15463 7156 7754
6776 13568 2312 -18150 -1003 6985
5948 16708 680 -17370 2849 3458
6156 18736 -2264 -13500 -1095 -929
3528 18272 -2680 -9397 284 -5104
3100 17836 -2612 -3807 370 -7717
1780 15752 -3960 -2126 67 -5234
1436 16312 -5076 1699 1052 -3921
-1172 12588 -4944 7614 3665 -3938
348 32767 14860 3526 -1123 -2346
1888 16068 -2416 12973 14052 583
2148 14576 2736 7208 -952 -2330
1712 15996 180 6390 877 715
2248 15664 -356 5400 1185 -608
1760 15616 -840 4943 -1739 -86
1676 16736 -1648 3887 -1582 -579
1820 16016 -2020 2686 -780 1539
1980 16296 -2300 3065 -716 270
1780 16528 -2584 3199 -250 176
2540 16380 -2280 2656 -757 121
1272 16000 -3024 3077 -239 -474
1676 16172 -4036 2599 282 3474
2208 15384 -3008 3532 809 5855
3612 16084 -3252 7280 -1457 1186
3636 16332 -4940 6806 -2628 959
4220 16168 -6236 6310 -1865 -2950
2976 15652 -6632 3589 -2765 -2701
1352 15452 -5772 5484 -1411 -2214
4820 15620 -7856 4453 349 -2973
1348 16812 -7732 3322 -2627 -5016
684 19560 -8712 1781 -499 -3390
880 23124 -6276 -1922 -4062 2949
7640 15268 4128 -7361 4185 7349
9864 14068 4476 -14104 11190 12422
4936 11444 1108 -15873 8345 11028
4468 12880 -472 -15613 1823 5602
3812 16152 -2568 -12910 -526 481
3128 18392 -3852 -9094 -2200 -3431
780 17376 -5476 -4102 -5785 -7483
-852 15076 -5896 1036 -4726 -9857
1708 14800 -5112 5574 4189 -11114
-9584 32452 2808 3243 -7196 -7753
1348 11824 652 3927 4558 917
2872 17216 -1156 1763 -542 960
1272 16120 -352 1294 -442 -736
1240 16144 -140 1898 476 -578
1056 16356 -1196 1499 844 -869
1248 15828 -308 1561 130 238
996 15668 -644 1342 202 660
996 16056 -1132 1200 471 561
1264 16208 -1104 861 272 612
1008 16148 -1100 562 404 959
1344 16084 -1072 426 382 795
1432 16256 -1272 259 227 589
1320 16040 -1060 18 321 1190
1572 16136 -1084 -368 23 1301
1952 16212 -884 -592 66 1552
1888 16248 -636 -243 326 1549
1976 16088 -940 -367 -275 1292
2240 16120 -856 -509 -351 1748
2648 16284 -808 -441 -344 1352
2376 15960 -384 -651 -733 1019
2216 15900 -932 -635 -652 1251
2856 15796 -564 -553 -1186 664
3104 15976 -392 -365 -189 474
2644 15944 -516 -658 -549 663
2824 15792 -200 -794 -415 813
3112 15904 -240 -684 -527 913
3444 15788 300 -770 -895 890
2540 15884 -132 -776 -1006 728
