5 0 -1215452624 5 1561348 1787210
-1456 16076 -4604 644 -383 154
-1624 15892 -4384 413 -402 186
-1684 16064 -4472 43 -329 374
-1616 16132 -4752 453 -605 206
-1964 16052 -4468 165 -453 300
-1416 16024 -4532 249 -200 278
-1552 16496 -4652 -7 -576 145
-1732 15944 -4140 465 161 -149
-2080 16100 -5056 428 -622 -57
-2208 16048 -4916 -107 -514 130
-1704 16088 -4448 20 -612 159
-1852 15936 -4192 -465 -366 234
-2004 15732 -4340 107 -346 -63
-1956 15412 -4312 807 -525 -259
-2280 15948 -4108 424 429 135
-3116 16300 -2840 -844 -1056 57
-2104 16668 -2660 -837 -2070 -1074
-2324 15528 -1644 -1776 -488 249
-104 18324 -3300 629 -1922 1772
-2344 14896 -3396 -700 -1045 1799
-1948 16016 -2768 -456 -2805 1021
-932 15372 -2852 -269 -1731 981
-992 15308 -2108 -267 -2098 492
-1292 14772 -2464 463 -2789 -884
-1380 15464 -2456 666 -5651 -2230
-320 15000 -2836 -122 -5771 -2401
12 15140 -1900 728 -2938 -2283
-140 13896 -460 -1721 -2739 -784
136 16904 220 -3792 -2493 553
1168 20252 -3080 1334 -190 12462
-4968 17072 -188 8619 5036 -114
-7972 21328 -5464 -7227 -6662 -4255
2576 15532 -3148 -2590 2343 -4085
-632 14884 -2564 -2231 3658 -4407
-2716 15500 -7604 1220 2489 -1869
-2804 13628 -2704 2769 6179 1352
-2032 13552 -2368 2739 1395 2283
-4084 14152 -3196 731 288 2131
-3792 16384 -3068 1150 1281 2838
-1428 15876 -1260 687 1253 1869
-2644 15096 -2724 -189 -339 1514
-2508 13864 -1752 -918 -2868 1970
-2100 14980 644 -3611 -4757 254
-1604 16760 1788 -2460 1709 -2505
-76 18548 -5132 2838 4282 -4741
-2128 20964 -4668 -190 6819 2266
-3960 19024 -5104 495 2948 4431
-2316 15548 -4088 3846 -2014 3678
-2764 12992 -4152 1022 -3143 101
-2052 13444 -4472 325 -6566 -2446
-1284 13740 -4540 609 -6218 -4939
-700 14564 -2820 -103 -3423 -3544
-1348 15864 -1472 507 -2760 -4558
-988 17528 -1008 1788 -4666 -2155
-8 16836 -3796 1255 -1889 -154
-904 15144 -84 -607 -533 1923
-1588 15472 -300 -2312 1184 5375
4272 19232 -2876 1253 -517 11356
-4208 11972 -2916 -2733 5769 2456
-10640 22868 -7696 -2679 -1236 -2820
1720 15532 -5752 299 2587 -3418
-1564 15828 -4456 1178 4582 -3518
-1844 13836 -3004 1463 3242 -2301
-2724 14460 -4296 562 6001 -655
-3756 14220 -3016 1080 5325 -272
-2828 14032 -2228 -112 2161 1327
-2832 14356 -3236 1767 1303 1418
-2512 16040 -1884 322 435 1729
-3232 15784 -2268 1121 2424 1371
-3384 15436 -2340 -746 -920 555
-2336 14756 -1128 -805 -1132 -798
-1668 12804 520 -1601 -664 485
-4456 21292 1536 -2004 3780 -4630
-1848 20048 -8852 3518 3333 -1022
-6884 24012 -8652 -1825 -2299 3986
-2392 16708 -3064 4169 2292 5129
-1876 14080 -2428 2229 -2562 3881
-2636 13004 -5620 968 -7508 502
-1804 13600 -4060 -581 -6160 -2380
-284 14016 -4344 1291 -4263 -2887
-640 14128 -3332 639 -758 -2226
-800 17356 -2560 1119 -2039 -3567
-568 15928 -2196 1914 -1513 -2248
-1584 14668 -1740 -1747 -3460 -1087
-1260 17492 -2580 -468 480 -460
1096 14532 1696 -1217 1987 1251
-116 25492 -1312 8132 -1402 9820
-7632 16408 -5312 -4549 5671 5193
-4176 19532 -9280 717 -5275 -2449
152 15176 -4424 1347 3547 -2475
-1568 13876 -3872 90 4613 -2488
-2532 15252 -6396 -1121 2941 -1514
-1168 14392 -4180 471 4768 -85
-3600 14260 -3804 760 3946 346
-3896 14492 -3804 724 1381 -44
-3912 15528 -2980 613 373 75
-4296 16172 -956 -950 -42 -4412
-2264 16460 -2540 -2104 2191 -4726
-2316 13388 -176 -3336 -648 -3187
-1932 11348 -904 -1531 1303 1300
-4368 13748 3252 -3848 -29 1650
-8464 24256 -8320 822 10203 -1320
-7736 26588 -11756 -1086 4204 1814
-1096 15808 -1212 5702 1067 2681
-3736 15392 -4756 5461 -4080 3485
-4508 13960 -5536 1881 -7410 1996
-1256 14604 -4892 -491 -7715 168
-512 13808 -3376 -374 -4182 1111
-1692 13540 -2472 873 -1530 -1156
-2072 16788 -4364 4921 -3534 -579
-1224 15312 -136 -1682 -7404 -1796
-516 17284 -1988 1252 -5798 819
2840 14524 -1144 -276 -3041 1140
1344 22772 -580 9326 2288 7957
-1432 16908 -6136 -4796 8173 8844
-12116 21336 -12016 1462 -2447 -3588
-776 15280 -4332 -3113 -829 -2615
912 12780 -4672 3375 5428 -4822
-4416 15800 -5008 923 7633 -3950
-572 12772 -5304 10 4689 -1714
-1544 14492 -5968 19 6975 835
-4320 13100 -5092 -2693 3154 810
-4720 15116 -4820 277 1595 1814
-2384 15344 -2188 90 1671 1282
-1848 15456 -1752 -219 568 671
-2684 16796 -1420 -991 152 -310
-1840 15004 -1164 -1108 -1253 382
-5308 18444 -496 -2733 2383 -2610
-4260 12848 -400 -7838 -4014 -5738
1452 22680 -7040 2971 -822 88
-6400 22308 -9644 239 -2427 4199
-4412 16400 -3860 1997 657 5204
-2260 13744 -3048 2105 -3906 2715
-2620 13864 -5312 1325 -7278 -513
-1600 14260 -4920 -1435 -5088 -71
-1080 14192 -3788 -6 -3260 -1688
-1492 14712 -3544 1454 -1388 -2186
-1356 15644 -744 -957 -3773 -1295
-340 17032 -1816 2095 -5391 -1343
-1152 15740 -1852 -1246 -4419 755
1116 15288 -600 -737 -1989 -247
200 20508 816 3348 526 5826
2272 14980 -160 -1306 2924 9048
-9292 18820 -5588 2819 1491 -2849
-4012 19984 -9864 -1949 577 -987
2712 13640 -3352 3336 9551 -608
-1160 14300 -3340 1697 4317 -727
-3004 15544 -6384 -1670 5447 -523
-1824 15000 -4768 -872 5949 41
-2496 14660 -4336 -618 7023 373
-2908 14728 -3460 -1762 2674 -132
-2476 15408 -1868 502 2538 -338
-2244 14780 -1252 -248 2569 -607
-3216 15712 -1916 -2701 1682 -902
-3144 15540 148 -2896 -2991 -569
-1116 14008 2104 -2173 68 -376
-3844 15064 2820 -128 5497 403
-6352 16296 -6308 -3294 215 -3810
-2676 22656 -6584 1515 551 783
-3348 16756 -5296 5259 -4944 3546
-3548 15932 -2796 4170 -3620 4001
-2928 13488 -4916 704 -5536 1660
-3420 15320 -4500 818 -8286 -470
-2564 14560 -5272 1796 -7361 -1862
-1780 13464 -3100 1329 -6754 -3164
-464 14736 -4852 1105 3455 -3444
-4184 16168 1216 2843 -6619 -3965
-1604 16208 -2696 503 -5316 1613
-1364 14456 -712 -1264 -3837 346
80 16716 -1524 2108 -545 2494
640 19368 -4200 -352 -3171 10274
-5152 11404 -3492 -1571 1567 2389
-9544 22344 -9016 386 -3176 -1844
2696 14156 -1564 524 5686 -955
-1484 15104 -4360 2090 5496 -3270
-1888 16984 -5060 -1245 5966 -1579
-380 12804 -4036 744 6378 652
-2728 14920 -3924 2317 5959 1267
-3472 14436 -5044 1505 5778 3441
-2336 13800 -1040 643 2938 2014
-2608 16676 -3360 2309 4796 691
-2932 15884 -584 -262 4899 600
-5544 16648 -3500 -1715 3283 -3879
-4832 15620 -2976 -4417 -3051 -6829
-1876 14352 -16 -6810 -6183 -4668
-1780 13440 -1644 -4978 -1197 -2807
-3456 23944 -6828 471 -921 5212
-8248 20152 -7508 1745 -1835 6641
-3884 15092 -2972 4657 -5928 4625
-3796 12620 -2988 3351 -7027 2187
-4860 13036 -4068 1888 -12877 -3449
-2256 13432 -4096 1858 -12203 -4439
-1704 14924 -4108 4138 -8583 -5401
-3232 17292 -2096 2228 -10273 -1550
-3056 16212 -1576 933 -14132 1127
-2904 15160 -820 1380 -13761 -458
-12 17620 -564 -1028 -5767 3792
524 13728 2600 -317 -5292 3615
592 20904 -472 4241 -4851 10192
-4440 14972 -4644 564 -241 -911
-6620 22936 -11740 137 -7506 -3666
1416 14052 -3488 4177 453 -3000
-904 14920 -1456 1840 -156 -2327
-4140 14816 -5868 1856 3573 -1998
-3516 14032 -5392 2262 1317 1383
-2564 14304 -3152 3488 2551 1022
-3748 15140 -3344 4026 -334 484
-4616 15208 -3536 2566 2285 -123
-2940 14572 -2804 2441 -1793 299
-4936 17436 -4564 2118 61 -1651
-3644 17612 -7792 -2181 -8760 -5836
-480 15228 -3660 -3437 -4116 -4726
-2728 12848 324 -5764 -3578 -5979
-5988 13696 3248 -2485 -7608 -2704
-1952 22964 -10656 6289 -7982 2054
-10504 17736 -11140 3847 -9754 6349
-4448 12964 1296 5955 -3684 6602
-4444 15276 -6300 -650 -6447 5387
-3448 13704 -3780 1855 -12450 1535
-2752 13472 -3816 22 -12727 -294
-2140 13160 -3884 544 -12673 -1946
-2420 15096 -3228 109 -9731 -2059
-2788 14980 -3120 5188 -11292 -379
-2084 11904 -288 2753 -15045 -1116
-668 13460 804 -2453 -17394 -1640
292 16304 -460 1986 -5262 1850
-1616 12276 3568 803 590 -2369
-2240 27904 -10056 3582 -2272 3203
-3188 20644 -5556 1931 2257 200
-1336 15416 -4768 790 2993 -351
204 14340 -4948 1456 6776 -2065
-1636 15808 -4996 -1014 3406 -2657
-1148 14136 -3968 -1034 3408 -465
-2284 14588 -3376 -673 2770 -645
-4032 14492 -2524 -133 -976 -1291
-3364 13828 -1296 -2701 -3885 371
-788 12600 -1604 -4260 -5465 70
-2924 16088 84 -5574 -2209 1836
-8 16368 3668 -5637 -5470 2239
2288 12048 5336 2777 5095 -76
-5768 19476 -5980 5998 8821 3707
-12040 25416 -5984 -1060 5457 2332
2780 11952 2904 4076 1859 2472
-3412 16776 -6100 3440 -5979 -1155
-3848 14268 -2724 1088 -3663 -850
-2508 14096 -3804 -137 -8666 -3069
-2028 15680 -4340 1202 -8813 -2882
-676 15172 -2484 -404 -4698 -617
-1448 15112 -1428 -182 -5279 -2105
-1456 14492 -1588 -1758 -6419 -2091
-680 15784 -228 172 -8541 1848
608 17240 724 -836 1393 4495
272 15380 1796 -2656 1906 960
420 18128 440 458 -128 5709
-2108 18472 -3440 1272 3869 4908
-3152 21660 -5556 -806 3788 2128
-1124 17364 -2184 2443 6136 -83
-2992 14756 -1468 928 5206 -3030
-2500 15916 -4020 -1568 5343 -1237
-244 13680 -3184 673 5466 -263
-3816 13664 -1984 933 4875 -1093
-6020 14252 -1896 -652 -1257 -301
-3176 15148 -700 53 -809 163
120 14844 760 -1542 -3681 79
-1876 13992 596 -2084 -3344 442
-3340 16108 3348 -2701 -2157 53
496 15188 732 1335 -697 359
244 14212 4440 82 73 -1943
-2772 17580 -2504 4298 2330 -2885
-3620 17660 -3800 -144 10603 4032
-6816 17464 388 849 1643 2040
-1784 15820 -3980 4923 1268 2269
-2888 14712 -3908 2029 -3691 -392
-3460 14824 -3704 801 -5691 -369
-2440 14844 -4336 1890 -7094 1111
-2540 14468 -2676 -383 -5159 -1238
-3076 15312 -1344 -299 -5890 -2317
-1160 13468 176 1221 -8164 -2286
-152 14736 716 -5675 -14790 70
644 19512 -4004 -976 4752 2998
2388 16072 4720 -4101 2833 2667
-1440 14924 3064 1994 -859 -2465
-1768 20056 -1364 5418 -2183 258
1328 17956 -1480 80 -2397 980
-3012 20036 -476 -557 3603 922
-4620 17076 -2076 935 6153 127
-408 14080 -1256 545 4092 -1314
-1496 14452 -2776 1381 6154 -532
-3284 14380 -2756 2090 4684 98
-3348 14580 -2072 2363 2791 2221
-2252 14048 -2644 1916 2072 1796
-2720 15740 -1692 175 921 1502
-2700 14940 1820 -3643 399 -616
-3148 17632 76 -3805 1500 -1270
-1620 16064 1112 -2451 -2626 -5
1452 12364 4836 -2180 -1084 -3129
-4940 17184 28 3766 6540 -3262
-6944 20496 -3228 -1061 5882 602
-8880 17516 -2620 -3719 5899 -1123
-976 15196 -376 3111 -2719 1332
-2056 16468 -4120 4836 2226 4603
-4572 15064 -2168 2727 -2029 358
-2156 15020 -2136 1998 -4938 72
-2464 14124 -1324 1448 -5824 525
-1820 14912 -1348 1280 -6085 107
-460 16036 -348 2389 -8333 513
-1832 15692 -1512 3892 -7947 2546
-708 15496 -1976 -1421 -2973 3787
1668 15996 1228 214 1391 3246
2468 13808 3736 -1528 -154 -924
1128 14972 968 -1845 -2191 -3541
-2152 23856 -8344 663 -1900 668
-2984 18440 -3852 428 2705 649
-1164 17244 -2392 1909 7681 -603
532 13552 -2048 -1626 5242 -474
-3680 15180 -3268 -1484 4219 -1655
-1880 14420 -2920 -4330 8656 -2221
-2388 13516 -2316 553 7158 -657
-3364 14756 -848 222 3169 -1391
-2320 14248 172 -1633 -214 1578
-3228 15856 284 -1187 -400 1723
-3000 15076 2400 -2689 -3712 534
-140 15700 2888 -1356 -2500 333
2224 10792 7104 1089 750 -2195
-8252 25516 -6292 5131 10264 -3281
-7260 19808 -7644 -2485 8717 -1594
-1452 14216 1768 2138 310 862
-2940 15504 -3172 4117 -1008 2789
-3560 14880 -3408 1187 -7625 -418
-3268 14904 -4452 68 -8247 -1104
-1884 14092 -2608 521 -8789 -1720
-1012 15388 -2452 272 -6400 -1084
-756 15520 -1344 -223 -5889 225
-1092 20680 216 -2594 -9423 715
380 16596 -564 1539 -4547 3683
1580 13860 5092 -1980 121 2582
3176 11156 4508 -3734 1943 -4762
1156 23120 -1836 876 -6761 5600
-12816 18980 -7652 3542 6257 1023
2320 13744 352 994 5926 321
-2568 15476 -3040 4077 5660 -634
-1980 14448 -2300 3313 5030 -1092
-636 14444 -3728 2629 6357 1079
-2900 13904 -3544 3140 9130 1662
-3508 14776 -4232 1481 4459 1857
-2100 15920 -3752 2584 3649 2722
-1644 16044 -708 1618 1639 704
-1860 15056 -892 2216 1946 239
-1372 14924 -2896 -2333 1047 -1143
-1792 13156 1660 -8665 -1346 2512
816 22912 9484 -4077 1424 -4426
-3296 19008 -3000 7034 3910 -2983
-5652 24816 -11584 1943 7216 -2003
-5168 13556 -1260 -2960 -6799 4103
-3016 15604 -4328 2787 -4449 903
-3516 14136 -4760 899 -4265 -1717
-3408 15200 -3860 1269 -8794 -4483
-160 15368 -4352 2401 -7520 -962
-344 14396 -4104 339 -3226 1234
-1256 15032 -2700 -56 -3047 -319
-1188 17148 -1644 1255 -3779 -1958
-1368 15500 -3152 -775 -9448 1188
-496 15124 656 -2805 -2986 2177
-612 16908 -520 -2562 -1469 2081
2724 14804 2692 -337 37 1927
-884 13384 408 -2350 1998 -6518
-892 26700 -9164 7004 -4369 5797
-548 14812 -3292 2879 10346 4290
-1572 17392 -2996 1573 6756 2490
-1400 14748 -3056 -285 5207 -15
-2468 15764 -4500 204 4563 -1563
-1584 15168 -3184 -1185 3818 -835
-496 15668 -3404 232 3128 -1591
-3408 14052 -3276 565 1639 -1850
-2064 15464 -2372 192 -916 205
-1676 14304 -652 -810 1302 328
-2176 12888 1664 -4253 -328 637
-1392 16696 552 -2662 -5157 1618
1048 16204 5060 -413 -888 -1590
208 14948 -3528 7399 5623 -1598
-11756 21452 -7428 1548 8586 -6426
-4836 15632 672 1520 -2121 -444
-2660 17180 -5012 2400 -2845 -184
-3976 17584 -3900 2559 -4629 1007
-4956 15376 -4164 243 -3562 103
-1992 15604 -3512 -400 -4844 484
-1820 13424 -3652 1862 -5399 120
-1204 12584 -3832 1503 -5162 822
-2164 14496 -1176 -2367 -1578 -633
-2236 15568 420 -3658 -11095 -1255
1032 16804 1520 -762 -9177 1388
468 15984 3336 -1603 -1339 794
2548 12052 2468 -1157 -1589 -3849
-4048 25944 -3980 5383 -4439 4003
-676 14108 -3244 292 6134 9933
-1916 18876 -5572 4994 9642 4954
-912 15576 -396 1942 5485 1914
-1568 15964 -3796 1230 5168 -823
-712 15064 -3404 552 7225 -572
-772 15076 -3004 -449 3584 -187
-1696 15332 -3728 -841 4389 -515
-2768 14808 -2748 -493 -567 -245
-2480 14664 -1084 -1752 1072 131
616 15024 -744 -1529 1477 1414
252 15088 916 -1856 1825 1614
-488 15100 2568 -3441 -2894 3804
1424 15836 5548 -865 1952 -557
-1884 16388 -1724 5014 8522 -955
-5764 17984 -3600 1097 3943 -4020
-9372 19888 -1792 -2916 5480 -5912
-392 13856 -1680 17 7261 -3278
-1116 16588 -760 2106 -1651 304
-1960 17356 -4432 2089 -3863 1433
-1888 16584 -4012 2660 -1600 2343
-3332 15200 -3436 897 -4428 1383
-1240 14140 -2880 52 -6379 767
-156 12612 -2652 3124 -5310 -837
-544 17088 -1864 -2481 -7344 -911
48 17020 2820 -5113 -4221 1086
-400 16920 4948 132 -5583 -188
5008 11504 96 1972 -4531 -3284
-772 15404 892 6519 -148 -10306
-8200 27248 -11256 12638 -1279 3934
4568 12048 -1452 6220 9172 10434
-5296 17280 -3108 935 2635 4505
-256 16688 -4036 -3602 3524 763
-2052 13912 -4400 -2541 2277 -2757
-1936 14948 -3924 -4129 3981 -3069
-3072 16228 -3348 -2498 4065 -4034
-2280 15348 -1860 -2443 1692 -2501
-2328 14808 -1832 -1189 1469 -1932
-2864 14628 -2560 53 148 -734
-1880 11292 1160 -3514 -2769 -1757
-2300 16400 -1688 227 1634 1077
1140 16208 3580 -1271 3250 2486
-916 13484 5084 -1234 3328 2276
-3676 17332 -5460 6192 8247 4297
-7872 18140 -2472 -2530 10895 -2357
-6832 18176 728 -225 3331 6198
-1100 17216 -3680 5754 -4170 1729
-2600 15000 -3300 2853 -3010 735
-2988 14528 -2464 1372 -5441 -1564
-772 14896 -4568 1163 -6758 -1278
-820 14728 -3508 -382 -4540 -391
-524 14444 -2184 -2447 -1345 2523
732 18436 424 -3851 -3124 1361
-864 12964 940 507 -5477 416
-1664 16460 284 -1722 -3337 780
288 14420 3232 155 -1024 -207
1084 15680 4780 344 -7188 4250
3732 10084 2108 -465 -1084 -5184
-7744 17564 -5400 -5294 -9089 -7524
1776 24716 -7764 4322 -2247 735
1692 18196 -3412 5674 7819 1827
-2644 15280 -1508 2761 6911 251
-2276 14904 -3240 -1064 6138 -1021
-824 15548 -1736 29 2912 -649
-1580 15716 -2592 1600 3492 -1622
-5604 15672 -4468 4195 2014 -4590
-1904 13512 -184 3485 1943 -1514
-1876 14144 -120 2026 -235 -1257
-2416 16168 -1280 519 380 -308
-3924 15956 -1316 -2691 1447 -1473
-1392 14212 2356 -2247 106 -1728
-3104 15956 212 -3505 -2532 -1161
1472 11320 6336 -4946 -922 799
-2780 24504 -10772 1918 12669 2418
-7704 20316 -5228 -4579 9009 5958
-3612 15116 -372 840 -3491 2707
-2608 16204 -4340 3552 -3641 2894
-2780 15472 -3696 2649 -4423 153
-2964 15060 -2536 815 -5230 573
-1088 14628 -2752 509 -5361 507
-1272 15332 -2068 154 -4605 -344
-884 15276 -292 -950 -5574 -898
-20 16008 -472 -2237 -7873 -1316
168 18240 828 -659 -3291 1797
776 18320 1756 1330 -510 3868
948 15348 2032 2449 905 1743
2276 11920 2800 1351 -4691 -6958
-6508 22356 -7524 8112 4116 5275
-1896 18528 -5080 1633 9622 5366
-1920 19116 -3976 3208 9369 3390
-1332 14968 -1120 203 6930 -551
-2264 15252 -4752 -778 3970 -2804
-2672 13796 -4684 -1692 5030 -728
-1120 15024 -4152 -204 5451 411
-3200 13500 -2792 962 1807 -407
-4152 15176 -3428 344 619 -599
-1344 15200 -580 -811 748 725
1356 13752 1000 -2304 -576 94
-2572 13924 -784 -2886 -627 2306
2124 18916 1712 -5002 1031 -2269
2056 12508 -4 -31 -1716 2131
720 20820 -5612 6149 12872 2248
-5828 22084 -2560 522 4901 -2840
-3580 17684 -5000 -2075 -325 2174
-144 15064 -3080 3644 -2465 337
-3564 14832 -2176 2157 -3778 -569
-2276 14672 -2408 882 -8923 -2056
-1368 14548 -2668 692 -8824 -2261
-1420 14888 -3368 769 -9302 -3502
-1984 15816 -2028 744 -7787 -5102
-504 16672 -1104 2110 -6991 -2606
-1376 17604 -1516 850 -7906 -1807
-700 17916 -1848 1373 -3157 1936
780 13264 936 -1251 -654 1934
84 19600 -820 -249 -2833 6724
1096 15892 -3052 -5337 5898 9760
-6432 18132 -6284 -1412 505 4001
208 19324 -2152 258 5145 -438
484 16132 -3564 470 7453 -1381
-1428 15600 -3676 669 6586 -2302
-844 15048 -4744 1044 6865 -1263
-1268 13868 -3292 1162 7269 1118
-1912 15992 -2456 1661 4353 1752
-2248 13620 -828 2602 2123 1789
-1496 13508 -2292 909 5075 788
-1336 16524 -1444 902 7313 920
-996 17668 2548 1599 3772 2059
-3416 16696 1420 104 1071 209
24 13996 2420 -16 4916 1358
-3080 15012 3156 -6411 5099 -3625
1900 24076 -5908 -848 349 -4385
-3060 18168 -5780 -298 -1008 3233
-3772 16760 -3220 1967 -2607 190
-1852 15624 -4224 2784 -6042 -678
-1936 15940 -3976 2079 -7649 -1336
-1824 15364 -3912 70 -7292 -559
220 14484 -4452 -87 -7266 -210
268 14088 -3260 -566 -440 767
-1708 12068 1536 -6106 -1740 -1523
260 17756 268 -1163 -5732 -457
2672 18508 968 865 -1446 6770
448 15376 1956 2184 280 4830
-960 11780 -1396 2856 -1188 -1240
-3548 19456 -4548 4052 -9025 -8663
4356 20196 -6652 3694 267 2530
236 18956 -164 476 5070 4051
-1176 17300 -412 -2811 2977 474
-1404 18396 -3868 -4525 5064 -3264
-1220 14256 -2044 -4810 4244 -2206
-560 13124 -1312 -2723 2963 -2684
-1808 13744 -1880 -610 2675 -1885
-3128 14560 -704 -1181 1737 -277
-2748 12192 1124 -2459 -138 906
-1840 14636 248 -3673 -3598 2019
608 17584 4356 -6773 -5344 3945
1992 14812 7604 1593 7108 3444
-1608 15224 104 3959 10200 4162
-6784 22588 -4784 644 8426 -4855
-10192 19944 820 -1218 6958 -157
1052 14104 260 3437 2642 998
-176 17504 -2204 4112 -5318 41
-2900 15592 -2584 2507 -4227 449
-1592 16056 -2504 2231 -7132 740
-900 14068 -2104 3544 -7366 -1612
-3260 15640 -2812 972 -4675 -4235
-776 14532 384 -2023 -10458 -2977
-136 17048 1528 -1505 -12066 1021
2540 16440 -952 -875 -873 3629
1532 15380 3564 -726 2928 2857
2404 15280 3308 -25 1569 -1643
-968 19404 -1976 4254 -2499 3725
-8284 18476 -2536 3062 -1361 -53
-504 17300 -4080 1085 5283 987
312 15936 -3884 2618 7137 143
-1244 14164 -3064 3362 3699 -1170
-1488 14848 -5028 1179 7207 -1284
-1672 16484 -2448 -1903 4665 -1408
-3168 14432 -2568 -1579 1710 -293
-3664 14524 -2132 -947 794 -517
-2796 14852 -2492 -460 -1098 376
-1688 12664 652 -2406 -1280 404
-1320 14708 2948 -5408 -5133 -5
4228 16356 3300 -3369 222 1333
-1832 12520 3820 -475 12379 -1863
-6132 22724 -11128 8000 13070 1418
-8636 15600 -1976 -8363 9905 -5443
-3056 14640 1180 3424 1770 2999
-1732 15424 -3468 5490 -4852 2231
-4200 16604 -2132 4473 -3268 2871
-3616 16152 -3176 1884 -10152 -57
-2188 13724 -3032 1911 -12262 -481
-572 13592 -3244 2080 -10366 -93
-608 14344 -2776 -1186 -6275 -3150
-60 14416 4380 -3360 -13572 -6470
-580 15728 -2004 -3218 -5233 -1662
3016 14348 5768 -182 407 1936
-1260 25812 2292 7109 -809 7496
-2332 12972 -3212 592 5590 6166
-14132 22524 -7848 -5081 1369 -3065
1568 15608 -2360 -1665 1129 -941
-780 14320 -3880 2772 6596 -597
-3528 13820 -296 1188 5122 -749
-3840 15592 -1764 -770 2136 -55
-3208 14228 -876 -1457 1631 774
-3752 14588 -1004 -756 -59 -491
-3476 14320 -84 31 -1431 -1316
-2308 14716 -336 -330 -957 348
-832 14380 1004 -490 7 -113
-576 13960 652 -1565 -1087 624
-2348 15752 3108 -1946 -936 1697
-352 13668 3804 2284 3507 1597
1460 10004 396 7030 11108 5773
-7092 20656 -1304 6563 5400 115
-15820 18852 -3608 -1624 11339 -9629
-848 16688 -2508 -916 9749 -5459
-5344 15556 -4452 2318 8791 -476
-6956 14084 -3608 1202 3063 1613
-2916 20148 -3172 5641 -6550 2424
-3532 16848 -3128 7 -14194 1824
-2964 14072 -3712 1946 -15657 2189
-1640 13724 -3496 187 -10285 2017
-1748 15920 748 -907 -10522 1546
-244 13876 1852 1165 -14552 -1563
2084 18256 3184 835 -10755 3317
5128 7908 2204 -4960 -4676 -2228
-2720 27788 -5436 6550 -2834 3972
-12224 21544 -5012 612 2697 1897
-1660 17224 -2760 -1181 2360 658
856 14800 -4360 1146 7444 -303
-2176 14284 -2640 2574 6552 -1869
-2464 15976 -2316 1478 4696 -619
-1324 14680 -1844 -101 5290 -285
-3680 13244 -1972 -765 1934 103
-3788 14864 -2476 203 1445 1287
-1928 14980 -676 -62 1440 -249
-972 13448 1196 -1053 -43 3181
-1472 13484 2448 -6883 -5863 2097
292 16296 3808 -8564 -8034 -1456
-116 12112 8028 -1942 791 144
-7448 20192 -8800 4634 14746 1450
-5736 18036 -708 -3332 6969 -7951
-4272 14960 3808 1341 430 1400
-824 15352 -3524 6017 -5426 476
480 15120 -1084 4840 -2688 2599
-3632 13256 -2012 3297 -2880 650
-2748 14608 -2288 1272 -4785 -423
-680 14308 -2092 2080 -4846 -816
-684 14880 -836 -550 -4000 -1409
-356 14716 444 -1457 -7413 -1857
-168 10992 1388 -277 -9113 -3936
-4 16160 1784 -1952 -1635 316
356 16804 4188 -642 500 -259
788 22228 2048 3329 3437 5014
-2732 19336 -3144 2068 1623 5106
-7144 18008 -1400 -3954 -993 -1700
-188 14980 -4316 -288 4217 1954
-2384 15656 -2836 1821 6405 121
-3940 15256 -944 954 5875 -304
-508 13524 -1684 -58 3369 831
-1356 15444 -1548 426 4177 -1579
-4612 13628 -1368 2004 3691 -2218
-2860 14380 -132 116 717 861
-1856 16000 4 2 -312 -659
-836 13764 888 -681 1008 638
-1248 14232 832 -1057 539 2362
-3068 15396 3560 -2626 516 1911
496 12180 6948 -1276 -2143 1742
-1780 10968 4640 -2782 6283 4838
-6504 27068 -8804 368 3281 2333
104 18108 628 3780 614 2395
-2976 13492 -1884 2928 -3183 -381
-480 13936 -1960 2661 -4218 648
-2620 13804 -3176 2506 -8717 -2726
-1980 14540 -2892 1296 -5863 -1928
24 15916 -1444 133 -3432 -1397
-980 16780 1152 -549 -6922 -564
908 15116 172 -2721 -8883 -2333
1584 17124 -1652 3251 -2932 1382
3088 15508 1504 3382 4647 2080
1816 12196 3580 -216 3262 -1232
1920 17356 1696 -149 4707 347
-188 22556 -3420 1167 4145 7055
-8188 20332 -5108 -1141 6715 100
948 16396 -1320 -608 6773 1153
496 15232 -3536 392 6163 -1894
-3364 16344 -908 -1513 5518 -1825
-1804 14740 -1852 -2686 3692 -1574
-2384 13692 -1464 -181 4259 -3747
-4172 12404 -2740 2097 2257 -4914
-3212 13284 1636 1794 674 -303
-2268 13240 1528 376 839 151
-2104 16816 1016 -338 938 1315
-2460 14780 2564 -1562 2168 942
-908 14996 4040 -2660 1216 2343
2420 16044 2840 673 6523 3418
-6548 21064 468 2439 14479 -715
-10476 22984 -3924 -3360 4820 -2291
-3704 17540 1572 1447 -3057 2291
-3944 16200 -2512 4614 -3771 3215
-1920 14700 -2200 3724 -3390 2989
-3576 14820 -2476 689 -7261 -620
-2276 14980 -2644 262 -9587 -1264
-712 14132 -2980 2361 -8855 -584
-400 15120 -1592 1555 -5689 493
668 14068 136 566 -8968 -1304
-1504 15304 1300 -3124 -6959 -719
2684 18448 1676 -1401 -4257 2904
1004 15316 4200 331 281 -522
2592 10884 4128 351 1384 -4759
-5624 29172 -4216 5888 -6481 -4278
-3304 14372 -2936 -344 383 595
-4372 18152 -2904 3046 8476 -119
-1988 14076 -2176 2592 7096 -1430
-2976 13844 -2112 528 3417 -798
-2404 14564 -3124 795 6454 159
-3248 15548 -2220 497 4676 475
-3428 13984 -2532 365 5794 -557
-3364 15352 -1932 1583 3759 -1422
-3932 15644 -840 -664 1004 -3261
-2384 14760 -628 -2117 81 187
-1724 17572 -640 -3270 778 -90
-3100 15312 908 -5074 1519 1374
-2088 13804 2824 -428 379 2858
600 11124 1948 3635 7699 2465
-7504 19144 -7560 1529 5965 -1684
-13384 21036 116 -3515 -915 935
-372 17752 -3700 5356 -2574 3513
-592 17372 -4788 4661 -5598 2244
-2680 14844 -3172 1583 -3835 2848
-1164 14304 -1400 -711 -7817 4167
-796 15168 -3680 -1575 -7366 4193
-1652 14696 -3172 -1173 -7899 1339
-536 13808 -1140 -2288 -8916 -2063
-452 14076 -2252 -4040 -5521 -4594
756 16904 -1612 -912 -5582 -3025
1316 16736 2544 3151 3620 913
1176 15084 3296 535 -858 -136
3132 10840 3788 -3198 -698 509
-5240 25756 -848 -1467 -5574 1662
-4012 21068 -10952 1524 4938 7219
-3012 17964 -852 2374 7500 -1122
-840 15844 -2628 332 5906 -365
-1040 14640 -4356 -339 3138 -2268
-1952 13984 -2508 -806 5792 -749
-1628 14072 -2028 -835 4350 -1515
-3012 16060 -3276 1479 2873 -540
-2508 15260 -1084 2271 1711 -537
-1996 12080 428 5108 2432 -868
-260 15016 -828 2211 4906 895
-1976 13680 -220 -3070 2443 -2276
-1124 14720 4228 -799 688 -1598
-928 12740 6824 -4702 3655 1737
-7964 19808 -1704 -8563 3728 -4958
-5984 26692 -13996 768 6819 5527
-7224 17660 -2284 937 -1719 3278
-3736 14136 -1472 3508 -3952 3613
-1976 14000 -3344 1419 -5925 -863
-1860 15124 -3308 1346 -9713 -3275
-1472 14588 -2672 -17 -8569 -1415
-476 15532 76 -985 -8737 -2824
-624 14408 836 920 -5258 121
-708 16816 1388 -87 -5915 -844
2028 11808 2180 -1484 -1821 -861
-2672 24636 1816 5710 888 5880
1984 15492 1492 -3522 2219 11631
-5132 14240 -616 -957 1377 4620
-7580 20160 -2000 -4729 -658 -1491
-84 18932 -7200 -156 5895 -2604
-1712 14920 -1192 3155 6854 -3783
-2396 15416 -484 -694 5587 -3561
-2236 14560 -1540 -928 6638 -3286
-3252 14460 -2328 334 6384 -1482
-2940 13312 -512 355 4374 -214
-4512 13764 -564 3388 2439 -24
-3112 15096 412 2402 267 728
-2316 15180 1068 1923 976 594
-2748 14924 1120 225 4216 -602
-4060 14436 536 -2271 2543 -648
-2980 15292 2808 -4477 184 -2470
104 11616 4488 -704 6515 -967
-3320 13120 3240 -3516 11283 1146
-5360 24500 -6920 -531 12760 12822
-10472 21280 -3872 1982 -6894 5192
-1664 16276 -4404 4678 -6425 3305
-1160 13400 -3700 2980 -6486 2545
-1652 11712 -2532 404 -8117 1221
-344 14656 -3648 -61 -7527 1310
-648 15492 -3560 1374 -5112 -299
-1568 16536 -1540 4081 -6514 -3194
-440 15092 -916 1589 -7913 -2814
-1072 13848 704 1058 -10911 -2858
-768 16200 -152 36 -6471 -617
1088 15960 1528 -1225 -1120 2041
2512 12892 3168 -42 -1599 -13
-6508 19032 -3996 -148 -385 -1669
828 25524 -6976 4494 2092 4181
528 18988 -388 -3066 7314 1995
-1884 17932 -3476 293 3853 253
-888 14164 -4236 -2537 5633 -1400
-2368 14624 -3496 -1675 4107 -2492
-2724 14912 -2856 -1035 2785 -2321
-1536 14068 -2220 899 1986 -1601
-3436 14044 -1660 1486 1300 -1826
-2976 14948 -420 -1417 1740 428
-1948 14508 -84 -1605 489 -42
-644 15608 428 -391 -82 444
-2904 16024 1988 -2909 1686 1973
928 12408 4148 -1067 1462 1480
480 11660 4040 -1232 5951 3626
-7428 22564 -7296 -4654 8483 -4653
-12616 19428 -3800 674 4365 3444
-1260 14028 -992 3758 78 -2676
-1092 15688 -2556 5148 -833 -224
-3132 15676 -2992 2866 -4785 845
-3892 15136 -3596 456 -8237 -107
-3464 15328 -4212 1607 -10938 -67
-616 13408 -3264 4277 -12983 -1359
-2596 14648 708 1643 -10221 -332
-2280 13796 12 -347 -7998 -3348
760 15640 1608 -1245 -4284 -840
1476 16632 1020 2218 5868 -3374
-856 19628 -2352 2349 3144 9246
-1508 10936 588 -5359 2892 7250
-10300 19540 -5860 -3565 306 1677
1636 18324 -3616 -1895 4137 3739
-1792 15840 -2076 3118 7114 -878
-2764 15464 -1376 681 3532 -1079
-1344 15684 -3300 424 4164 -1307
-1020 15148 -2888 275 4195 -1118
-3048 14828 -2864 344 4509 -562
-2700 14940 -2500 1425 2450 45
-2776 14704 -1624 545 1053 -1368
-1812 15160 -772 1599 3043 -1196
-1380 15084 -784 44 2512 -690
-2284 14448 512 -1074 820 -1148
-3312 15288 2672 -2080 -3344 -725
-1156 12752 4120 -1290 -2526 -454
-5260 20444 -5472 4570 8027 401
-8756 19792 -7052 -5722 6295 -5450
-6916 19272 -1860 1332 -6922 3668
-3484 16856 -4836 3663 -4319 2587
-3288 13396 -3088 3159 -5162 2114
-2760 14948 -2364 341 -8224 838
-1176 15332 -3428 1700 -7012 1544
-1828 14896 -2516 1299 -7174 625
-1748 14984 -332 3356 -7966 55
-184 16828 -2008 2621 -7444 2057
24 15120 2032 -419 -6866 1287
-744 13116 5228 -5710 -9208 466
1788 14308 2924 638 -3518 -2471
-4288 27848 -8844 9106 -1992 -452
-3312 15996 -6052 12 -4242 3533
-2264 17396 -3376 6244 1969 89
-124 13820 -1652 2004 894 -698
-1768 15980 -5716 1539 -1211 -1203
-1828 15284 -3980 -522 1102 -339
-3408 14816 -4176 309 1440 -1370
-2328 14928 -4004 1479 -400 -306
-3272 14720 -2988 1787 1602 -1151
-3724 14576 -2132 2421 157 -364
-2392 14568 -1300 3694 -391 203
-4616 12584 480 -504 -380 -1422
-6140 19656 -412 2874 -4539 -4958
-1804 16164 -1728 -4218 -3265 -6425
-4052 15532 276 -5343 -9536 -10934
-2312 20768 -8480 1237 -11654 -5349
-6744 22492 -10064 695 -3697 7737
-3660 14464 -2600 6446 -6924 7164
-3796 12496 -3828 2707 -8735 4582
-5208 13956 -3524 2584 -11890 1199
-3952 13356 -4744 1975 -17149 -3828
-2068 14932 -4848 -1025 -12466 -4889
-1460 14448 -3884 1058 -2627 -3932
-4632 14408 -104 856 -2190 -5934
-6384 15588 836 705 -12077 -2625
-3316 15004 564 1900 -14620 2829
-1352 14772 3312 3045 -5792 2013
-40 24116 -116 12907 318 16461
-5384 18700 -3368 5237 -172 6843
-4520 18032 -8596 -3411 -4891 199
-1072 17656 -4372 1099 5871 102
464 14776 -4008 411 2342 -2268
-1884 15432 -5708 -1206 1763 -3312
-144 14312 -3664 -21 1828 -1678
-2268 14452 -4360 -69 1523 -1964
-4304 14788 -3612 -615 -1020 -2660
-4152 14748 -2080 -231 -2962 -1729
-3576 15240 -1612 -72 -3544 -2044
-2056 15308 -1812 -743 -2039 -1045
-3852 16916 -548 -2894 -1346 -1350
-3000 16744 288 212 -4103 846
1636 11476 7568 -939 -367 -4081
-7100 16648 -4164 5789 12307 219
-10644 19948 -9828 -6008 6795 1181
-10240 20404 -1260 1827 1170 1429
-4072 18160 -3252 4109 -8088 2456
-3776 16172 -5676 1900 -7026 4029
-5008 14808 -3044 325 -7476 2423
-2024 14400 -2676 -379 -9413 1876
-2224 14612 -3492 843 -7576 2881
-2396 17024 -3612 276 -6182 4210
-1188 14556 -268 45 -8570 2142
308 14788 -1040 4052 -7908 231
-1648 15048 1264 1881 -9233 -1110
2588 15568 2488 -147 -7206 -547
3612 10484 2476 -4682 -6201 -902
-6360 19124 -2420 -1686 2734 -2975
352 26228 -11372 2304 -6830 7113
-1496 16156 -6732 8229 7364 1452
-3536 15216 -1388 -1249 4631 -1396
-2320 15288 -3964 -2471 3408 -3171
-2816 15260 -3600 -2487 4454 -4390
-2808 14028 -5916 688 4159 -3733
-1640 13032 -1876 3012 3602 -2310
-4956 13948 -756 1142 3500 -2968
-4484 14424 -1556 -1413 -975 -1518
-2788 15076 -380 -2190 -1245 -241
-1472 14272 368 -4101 -5436 246
-1128 13252 2996 -1826 -183 539
-456 14196 5172 -691 -1584 1037
-3624 20468 -12328 6828 10160 2199
-12988 16256 240 -8355 15856 -1834
-10160 12976 2512 -5855 794 -6097
-576 15480 -5244 -2408 4282 3421
-2372 15584 -1628 4483 -4785 896
-7740 17060 -3536 1698 -2711 2959
-4600 14328 -2136 1247 -5704 2537
-3572 13852 -2884 2295 -6097 2780
-2988 14288 -3532 3797 -6717 1195
-1576 17204 -1660 2823 -6824 4230
356 15484 948 674 -6802 2643
328 16048 2452 -1368 -3206 3133
968 13356 2224 -1206 -1867 1129
-2128 10836 -2052 -2341 2122 -6106
-4508 18992 -4380 688 -7918 -5517
3276 21616 -5500 8620 5132 6133
-1092 7728 1476 2933 3901 6776
-3464 16864 -5416 168 5949 2247
-1244 17292 -3948 -1504 10113 863
-1764 15396 -2816 -1728 6133 -2082
-1604 14800 -3212 -317 3225 -1832
-2448 14288 -1468 792 346 -2262
-4564 14884 -1276 -853 -1096 -3310
-4436 13452 -296 -4922 -4826 -3114
-1116 15944 -44 -3656 -3047 1238
1988 12928 3760 -4235 -1219 2530
-128 13576 6308 507 3567 3884
-2540 15920 -732 7969 7090 2939
-5068 23900 -9064 5391 14131 2610
-12372 16336 -1840 -9174 6214 -5229
-3120 16396 -1812 629 4057 737
196 18460 -1560 2433 -9657 -241
-4144 16708 -3152 2896 -11149 427
-3616 16796 -5360 1341 -5804 3070
-2400 14208 -2504 2205 -4876 -1173
-2392 14704 -3360 6688 -7804 -457
-1260 15312 -4568 2736 -5577 2344
472 15100 840 -345 -2671 2207
-236 15972 -40 1030 -5563 1446
340 14884 2056 -341 -4816 1069
1720 14360 676 -1995 -1617 469
2592 11460 2032 -3381 -1681 -1525
-4396 17832 -1644 -1975 -2849 -6288
1448 23188 -7836 8003 2207 4112
1540 18660 -4168 6957 8254 4290
-4228 16348 -1640 483 3796 -392
-5076 14752 -3652 -1859 5863 -410
1420 14240 -4084 -2598 7255 -8
-760 15252 -4208 -1515 3065 715
-2424 14932 -4140 670 4132 -1687
-2536 13364 -1828 2704 991 -55
-2384 16564 -1028 1366 3891 -754
-1064 15416 696 -297 4404 -2407
-2640 12600 400 -3956 -1029 598
1668 12172 2092 -5809 -2284 1950
-1228 18092 3748 -9012 3572 -5272
-2128 15452 2444 -8018 1603 -2524
-224 26016 -12412 6370 -1087 3913
-5368 19396 -4360 3886 3265 7234
-6484 14000 840 1959 -4864 1928
-532 13584 -3156 3967 -7600 705
-1536 13552 -3440 3311 -9576 -4393
-3136 13228 -1500 1052 -10733 -6280
420 13340 -2136 -2123 -7956 -6822
-696 14960 -2032 437 -3953 -5194
-1380 16612 236 -144 -6882 -5657
-3212 14876 3232 -3061 -8829 -5050
-732 18096 976 -119 -2300 -1144
2844 22876 -128 6719 -363 10517
-2100 13832 1628 3345 3725 4706
-5336 15260 3224 -2151 1996 2076
-4192 19072 -4476 -728 -2151 1246
-2088 16468 -1796 -902 7464 -1639
-4976 16576 -3948 1168 6101 -2705
-824 13632 -1112 -604 4964 -1247
-3004 14916 -2024 -1478 6298 -2671
-1368 15424 -5100 131 6569 -315
-3600 13668 -988 164 4404 918
-5840 15380 -1896 2069 4041 1710
-5156 14892 -500 972 2576 1324
-3060 14428 424 72 622 -988
-2024 14864 1120 -3261 685 -470
-2916 15196 3240 -5272 -1922 -1121
636 14816 3484 1006 2784 2905
80 11252 4796 2396 7250 5863
-7528 22492 -5564 597 4716 -4578
-10724 16868 -4760 -5020 1773 -1303
-4176 16928 -1464 301 -4169 -113
-1308 16492 -2388 4534 -5939 949
-3500 15136 -3684 5286 -5820 2630
-3792 15256 -2460 954 -8142 63
-1796 13780 -2884 1684 -7949 -114
-1612 14884 -1944 1986 -7138 -528
-1180 15684 368 1161 -4242 -221
-1264 16016 1172 560 -8008 -1459
-1360 14284 2640 1090 -10611 -1679
2272 14724 4696 -1969 -3840 945
1044 21476 276 1711 2875 4714
-5524 21808 -5456 -212 -3631 7057
-5120 16356 -4968 -1405 -2946 1927
-4136 17924 -1492 1424 4551 -1197
-524 14148 -2264 507 4701 -2385
-2228 14856 -3504 1322 3157 -1292
-1528 14560 -3080 1124 4013 -94
-2552 14916 -2376 1276 2935 990
-3448 15460 -2296 2527 1524 769
-3040 15672 -1416 3606 1133 633
-2724 15404 -1644 2552 817 -2336
-1616 14812 -64 1959 763 -938
-2640 14144 2292 577 -1719 -2749
-2780 15160 -68 -1514 -854 -623
-1492 13584 3968 -731 -1117 -1512
-7392 15268 -1972 -1217 5698 1360
-8992 18188 -8532 -5301 4498 -5194
-10708 16448 -2512 -139 -4302 -1638
-3832 17416 -2860 6125 -10859 -1798
-3500 17348 -5272 4728 -6727 1873
-5224 16104 -2496 3474 -12287 237
-4560 15848 -2964 -539 -14351 805
-2820 13832 -1432 -311 -12264 -1024
-4200 14644 -1472 2215 -14491 -3881
-4600 16160 -460 2725 -13918 -606
-4076 14796 1472 6193 -14597 2482
-2936 14144 2352 3174 -14558 3366
-1408 13120 2108 3390 -10574 345
-6292 17104 -1580 2296 -16359 -659
1196 24236 -11648 120 -8569 9129
2448 21684 -4700 8231 401 10232
-288 18544 -6340 2903 4247 2196
-376 16136 -4200 680 8881 -1459
1524 15592 -5648 -3617 3726 -3294
-140 15112 -4092 -2031 3254 -3460
-1284 15100 -4176 -890 857 -2652
-680 15384 -2296 -596 15 -2902
-3024 13896 -1368 -160 -2177 -2402
-1652 14472 -2200 1579 -1082 -1582
-2096 14956 -1920 74 -3523 -250
-404 14132 896 -2701 -759 839
-2268 14368 1040 -1112 -3631 -1313
-2604 17124 6676 -1779 2082 -5580
-3892 17360 -4304 999 -817 -7592
-624 26280 -14464 -683 13994 5166
-11036 17124 -2496 -1506 -6345 2693
-4060 15612 -2232 5155 -3738 2910
-1860 14900 -3524 1074 -9787 -987
-3456 13968 -3384 356 -12092 -3381
-2608 14644 -3368 287 -13298 -4776
-2532 13552 -2104 2113 -8294 -2280
-2788 16732 -348 262 -9965 -1751
-1708 12180 1404 597 -11148 -892
-2220 14448 1044 5876 -9395 -364
-888 16128 1784 1140 -3877 1878
1904 18764 884 -1569 496 3818
-512 16120 -3268 4190 -1443 6204
-9704 21804 -7404 1434 -3421 -848
-1640 15760 -900 -4598 -156 1146
-440 14924 -4520 1511 6806 -2927
-728 13580 -2284 -235 2977 364
-1568 15396 -2392 1006 3174 -1240
-2844 13800 -1044 1119 2881 -814
-3052 13740 -1568 150 1710 1961
-1572 14472 -736 1374 1689 1679
-2788 16572 -420 67 1305 475
-1356 15804 -1052 535 3023 381
-1300 14044 220 -399 216 937
-1264 17060 976 -983 -672 1382
208 15452 6344 -632 -2518 -1946
1208 13600 5668 527 530 681
-5828 20308 -10536 2894 1013 359
-9956 18044 -4860 -8063 4191 -2361
-2848 13048 -948 4819 -4847 -128
2752 15632 -4676 3006 -4370 1602
-3296 16640 -4128 -1037 -1291 1786
-4240 15424 -3720 -696 -5080 848
-584 14232 -4260 3779 -4676 447
-2208 15112 -3492 -222 -2555 -2274
-2644 16016 -764 942 -4123 -3758
-1320 13368 -168 -2115 -11605 -5267
-920 15868 -1076 -1 -2915 -869
508 15556 380 1446 4519 1399
1984 18608 3204 -2454 6600 4429
-556 17280 780 187 -3960 6316
-7140 19488 -6404 2670 -3910 -678
-3964 19872 -5392 338 493 1666
1328 13816 776 3418 9679 -759
-2896 14896 -280 -184 2564 -2879
-3584 15256 -4320 -1892 4841 -1844
-492 13364 -2860 -1363 4887 -1112
-3340 13888 -2920 659 2054 -2649
-6344 16100 -1972 1633 -2727 -2251
-3120 14700 -2620 2865 839 -672
-1616 13472 -416 710 -512 797
-1388 15288 -1832 -182 1150 3117
-2632 16408 1096 -1488 -2287 1360
-436 14964 4896 -1736 -1032 -746
740 14700 1572 -38 4124 -802
-6276 21688 -15720 3696 9639 -533
-9308 14740 -1000 -12287 10600 -4429
-7648 17548 -748 1199 -3696 1846
-532 18296 -3120 4768 -4972 3158
-5024 16240 -5588 5174 -4855 4522
-4116 13748 -2444 -540 -5673 3222
-2824 13136 -2760 364 -7526 904
-2308 15024 -4224 1764 -7978 214
-520 14956 -3280 522 -2207 859
-1884 14064 1208 -3651 -4310 -3041
-2036 16196 392 -1678 -4574 -4999
-364 18044 1892 -545 -2951 666
1720 15752 3376 -607 -2085 809
1188 18456 -192 5990 3740 4279
-4800 20304 -5692 -721 -137 6303
-5220 19476 -5700 2171 288 2834
-640 15808 -1328 442 8559 906
-1656 15404 -2080 -2309 6308 -1250
-2736 15236 -3496 -4120 4871 -1999
-828 14852 -3660 -3301 2049 -473
-840 14440 -2844 175 4719 904
-3768 14608 -2852 1350 2577 -296
-3628 13728 -536 641 1696 887
-2424 15080 -880 1394 2462 -236
-456 16260 16 -369 2539 1643
-1044 17504 2284 -943 -312 2725
-888 15228 5820 -2299 -920 -55
2340 13516 6932 -2083 -3278 -1621
-6968 24824 -6956 4828 18123 -4250
-10860 14916 -8980 -9555 8983 -11499
-2632 13904 -164 2330 -6449 -6446
-4992 13780 -4952 -961 1556 -3214
-4968 12500 -2304 3930 -6163 2385
-4756 19696 -5128 6386 -5159 6456
-3208 15212 -2408 3616 -7753 4434
-3472 13168 -2948 2285 -9149 1324
-2336 14100 -2836 2621 -12608 1401
564 13524 828 -3438 -9942 -3386
1204 12860 3076 -3021 -7310 -3985
-1680 21720 3572 5394 -1233 4735
-1128 18628 -40 1160 390 11746
1240 13416 1680 -1456 3784 9802
-15964 21392 -6928 3792 6785 -3408
164 19680 -3356 -847 3813 1613
1156 13892 -3008 4194 8731 -1989
-2368 15328 -3460 771 3499 -2689
-5004 17432 -2808 467 3797 -1381
-1004 14204 -3220 1040 3050 -1119
-1976 13940 -3140 1306 4097 -2074
-3716 15040 -2512 1960 1568 -116
-3304 15812 -1592 1019 1310 -902
-1632 15292 -536 -963 1428 -19
-1008 14536 196 -3523 707 664
-2372 16872 1624 -5625 -1533 -124
840 13036 3556 -2647 645 -2007
1104 13328 3256 3071 8562 -134
-11268 24940 -7968 -1217 6429 -4060
-8708 17872 -4344 -11049 8300 1824
-3440 16720 -1928 6316 -6471 4247
-2812 15012 -3820 4145 -1578 4234
-3432 13472 -1564 1731 -2267 2686
-3380 15872 -2680 1008 -7488 -1076
-1592 14692 -2932 894 -7044 429
-2964 15640 -4036 820 -6960 -234
-780 16288 -1584 978 -5969 1686
-40 14752 776 63 -8516 1193
-820 17408 1156 1197 -7721 2135
376 16560 1544 2729 -4871 4670
4184 13000 560 43 -904 5672
560 11104 1772 -4593 3051 -3540
-6316 21684 -7528 -1173 -877 -3064
7764 18996 -3520 6984 4572 2282
-828 20240 -1440 -2893 11046 225
-3928 16060 -1224 -77 4694 -1134
-212 15068 -5540 220 5852 202
-64 14752 -1936 -933 5121 -738
-3120 14856 -2312 -554 3816 -842
-2224 15592 -2520 747 2866 1094
-1756 15996 -1348 1092 3526 -1567
-1788 12688 232 3561 3624 1359
-240 14348 -1928 2253 2231 2790
92 14964 -2124 -4325 7269 -2025
-10368 28892 7288 -1168 5594 -5508
-712 13584 1060 -4421 305 1999
1624 21492 -7956 -541 5575 -610
-9528 19208 -9652 -3161 3454 5040
-1912 17004 -2228 2321 -4093 4504
-1140 15420 -2488 2929 -2058 -451
-3604 13912 -4028 3109 -5945 -3590
-568 13324 -2676 1869 -7490 -1047
-1380 14824 -2528 -353 -6701 -1068
-2176 15108 -2028 -313 -5119 -3010
-1016 15252 -712 -1823 -5559 -3340
-1920 15520 332 -2588 -8099 -5589
-484 16080 -1288 861 -7296 -659
-752 17576 -568 -103 1278 3467
336 22400 196 4715 2722 10767
1056 14032 4716 -1323 4084 8942
-8624 16424 -5440 -3052 329 -32
-2032 21932 -8416 -2613 -2227 2215
-680 16260 -3892 4913 9563 -1040
-1696 14608 -996 -1420 5835 -1618
-1076 16192 -4180 -302 4871 -3123
-972 14244 -3072 1087 5727 -3804
-3252 15584 -3160 952 2668 -984
-3036 14036 -2480 1556 1881 1850
-2612 14672 -1744 1308 255 1094
-3412 16408 -2056 878 -401 911
-2064 14292 -1044 729 3889 -152
-612 13684 -24 -1752 -962 469
-324 17784 516 1034 -340 -223
-4176 16264 5152 -3382 -249 -761
-4520 15488 244 -2424 1950 -718
-420 22292 -7828 -612 2737 -909
-5140 17664 -3704 -1246 2109 5918
-4176 16456 -2628 3985 -5027 4572
-616 14400 -3308 2315 -2924 3701
-2848 13416 -1620 1063 -5877 -254
-2112 14992 -1112 21 -8627 -1876
-1116 16288 -2092 968 -6126 -3506
-300 16404 -1644 739 -7503 -3989
-1464 14104 -900 171 -8388 -3085
-1488 15904 -328 -405 -10912 -4650
-864 14028 68 1309 -8923 -3167
-204 15492 76 -368 1479 -767
1056 24540 1708 4514 1751 8199
-908 12692 1276 -4785 -1363 6898
-8260 19208 -6268 374 4102 997
-2892 19660 -6724 -3826 1095 2521
1028 15876 -1764 915 7264 -545
-4888 15272 1384 -1521 2908 -3977
-1804 15260 -2276 -2318 3347 -1082
-1136 14324 -2788 424 4170 -2968
-2384 12952 -1140 1753 6292 -3370
-2716 13836 -1540 1188 4061 -179
-4476 15272 -680 2422 4680 -1351
-3784 14324 600 1357 5758 -1640
-3504 16100 -440 160 3692 3
-3544 14728 1244 -1506 1211 332
-1260 13848 3788 32 358 2963
2332 12524 3092 2330 2335 2897
-11352 19816 -11060 1032 10827 3782
-12180 17232 -4964 -14671 -136 -4540
-2540 15732 -2240 7080 -5390 3570
-340 16744 -4680 4570 -6412 2157
-5832 13624 -3468 3631 -3699 3124
-3304 14280 -2176 807 -9444 968
-1088 14952 -3596 2215 -8828 318
-1892 15112 -3912 2631 -6566 1337
-1688 15820 -1668 -371 -6549 484
-1440 14240 -620 803 -9591 -1484
-1588 15752 88 638 -11097 -892
1044 17076 1804 20 -834 1437
2428 13604 3624 -3167 -2307 -12
-500 14828 -100 -4556 7916 -1660
-4164 22748 -9572 5142 1806 6316
-1080 15280 -4060 3039 6873 3165
-4260 17120 -2460 -596 5430 -1167
-2620 15028 -3668 -485 5758 798
-1224 13740 -4088 -1463 4137 7
-2024 14704 -3320 -1236 3818 710
-2692 16000 -4128 2870 4134 1292
-1664 15296 -1324 1508 2574 295
-1668 15692 -876 811 2853 -423
-536 14136 200 -1005 2314 388
-1600 14120 -208 -3934 916 1866
512 15380 4652 -5761 51 1242
-1804 17588 5816 -5662 3414 3466
-1256 22916 -6356 -923 -1016 172
-3444 21464 -10056 -3045 8784 7556
-1084 16052 1128 -49 -1499 4716
-1376 12952 -1180 1450 -4159 4435
-1064 12412 -2504 807 -4631 -425
-1156 13992 -1500 756 -10684 -5845
852 14904 -2140 469 -9071 -5151
28 15060 -1908 774 -5220 -3650
-836 14616 40 584 -7289 -3272
-816 14904 768 434 -11270 -5446
528 15088 232 -1492 -8390 -4957
1344 16232 3280 -226 -978 230
3568 12324 5080 -951 1067 -2056
1068 19364 -516 6482 3855 6617
-11856 20096 -4948 989 391 -2662
-1164 19596 -3460 688 784 2240
776 14312 -3576 4763 11666 985
-2068 14556 -2256 1681 7061 -792
-2948 15768 -2816 -334 3283 87
-324 15880 -3320 1618 6304 541
-2620 15064 -1396 706 3885 -1166
-3712 15836 -3584 2542 3844 -642
-1708 13248 -1352 1869 4020 -495
-824 12040 -380 3254 -628 2375
1280 12344 212 1538 -501 2135
-1884 16548 2192 -2328 -3308 2349
-2488 21916 2752 -2942 2621 4044
-3156 12884 -3204 -1755 8413 -783
-2608 22852 -10928 2230 3202 -4734
-9344 17568 -4108 -5758 -3535 3252
-276 18108 -1468 5511 -5239 -514
-812 12144 -6500 323 690 2057
-2596 15276 -4032 -795 -5273 -744
-2024 15184 -2868 85 -7379 -1373
-1256 14584 -3340 124 -5830 -1300
-116 12864 -2640 -740 -2528 -15
-860 17036 -80 -1995 -4223 -3231
-812 16412 1692 -257 -5211 -4796
1492 16348 -88 2858 -1249 -101
1556 18980 -148 648 5677 3990
1236 18116 2444 2902 -212 10040
-4332 14056 -3728 996 1424 -2360
-12180 23276 -11080 -1518 -5395 1798
2768 13908 -3196 2778 9697 708
-2376 14240 -2132 -717 5970 -1501
-2476 16952 -4672 -1814 3682 -144
348 15360 -3636 338 5905 695
-1288 14268 -2968 -528 3996 256
-3840 15452 -2384 422 892 -889
-2144 14420 -2272 576 3460 -501
-1064 15600 -116 -279 1651 -1731
-800 14980 -1032 -857 2559 -97
-1944 14808 516 -2825 2104 -635
-2984 14488 2016 -2774 -1578 645
4408 11640 5564 367 1689 2085
-3028 18696 -4384 2279 6140 7746
-11728 21028 -6492 -8968 6808 -1644
1804 16152 292 3407 -2400 1697
-2684 16304 -5660 4469 -4596 32
-3756 15144 -3196 3940 -3904 -1906
-2684 15576 -3964 2071 -8910 -2087
-740 14580 -4748 839 -7596 -1141
-1632 13912 -4528 506 -5483 1646
-2632 16384 -3356 3033 -6022 -1460
-1068 16240 -304 -96 -8488 -2738
-840 13556 1028 802 -12706 -1767
-2296 17808 -1940 1891 2114 -165
1728 16936 -508 752 1343 1183
1816 14096 2320 50 -1096 -281
-2384 20364 -2668 4872 3654 655
-4608 20752 -8636 -1690 -2218 5313
784 17980 -2760 -1847 855 1039
-5840 17584 -2896 611 11029 -1563
-2648 14508 -2960 -1469 6663 -3021
-908 14992 -4048 -3157 2780 72
-1888 12824 -1888 -2759 3675 -553
-4776 15336 -3060 -194 1258 -1175
-3328 14980 -3248 1821 3815 1912
-1748 12724 -272 363 3526 -77
-2820 13088 904 -2309 -762 1357
-1660 16016 1304 -3897 -3790 7413
816 15488 4212 -3579 -1146 2706
-5892 19908 9120 -6594 4711 -6548
-1136 21920 -12880 3046 -7085 -1226
-4040 21124 -8960 -1859 5797 1074
-5604 11124 -1120 1874 2264 1847
-836 16224 -2964 5532 -437 2363
-1676 15056 -3816 1168 -2146 -512
-3932 14860 -2704 578 -6242 -271
-2656 13960 -1904 266 -7779 -729
-2288 16072 -560 -2317 -8856 -4429
-624 12524 -1868 -3099 -11356 -5983
-3180 16172 332 -2332 -3736 -4616
1784 15648 1796 2006 8037 848
504 20476 -532 6951 3583 12824
-1832 15716 3352 -288 1526 5416
-1188 13480 1292 -2435 -622 7259
-9192 21588 -7704 3408 -175 -875
2116 17420 888 -4413 349 -27
-576 14788 -940 1037 6704 -2002
-1756 14136 -104 -4322 5518 -6125
-3892 16156 -3256 -2255 2877 -1708
-1484 15272 -1100 -979 4181 -1976
-2832 14316 -428 572 2542 -2623
-3668 14092 -1748 2222 2578 -696
-2936 12992 572 1951 748 -931
-3704 14896 772 974 394 -742
-1884 15752 276 1112 1755 627
-3140 13568 1140 -796 1995 911
-2248 14972 2204 -862 -2428 2001
1084 14212 3840 1438 2792 1043
-1292 16992 -11572 11942 14866 3039
-14884 21696 -2336 -8542 14495 -5192
-11040 10964 1444 -32 8412 -2424
-3456 17780 -3928 3355 -3937 349
-4992 17320 -3688 3041 -3875 3724
-4860 14264 -2584 1957 -5730 2886
-2952 14488 -2780 502 -7514 1979
-2896 14328 -3080 598 -6382 1920
-1724 15720 -3016 2226 -5336 1626
-2196 16732 -1932 1335 -4936 1293
-1620 15980 -784 -303 -12863 1818
1124 14452 -2324 4102 -7084 2417
-1304 16340 212 801 -419 2318
500 13520 3136 -1618 -1016 -3496
2576 16424 -604 -4070 -6509 -1511
-5064 18508 -5652 -2149 9025 -2345
-1284 23888 -8208 834 -6948 5353
-392 13312 -1556 983 10049 -458
-6348 16496 -1604 -3653 6846 -2545
-3424 14920 -4204 -3445 4283 -2880
-1172 13324 -2472 -4852 2976 -2096
-3060 14756 -1440 -1926 4241 -2488
-4284 13348 -1684 -364 2309 -415
-3644 13484 -304 -1087 1825 1516
-1520 14304 212 503 1408 -11
-2964 16264 1088 -262 1228 2249
-2312 13860 2760 -971 1209 2669
-1072 15880 4436 -1067 790 2490
-1452 13588 2384 5426 7823 1922
-9812 18132 -6036 -1663 8806 1960
-9316 15448 3176 -7964 9241 5013
-472 16040 -2056 6543 -5356 -424
-828 15712 -4192 5085 -4634 935
-4308 14452 -1304 2559 -4960 399
-1728 16008 -2768 463 -9064 172
-880 15136 -3992 414 -7222 654
-1988 14764 -2180 1031 -7109 83
824 18484 -1608 3563 -9085 1221
1396 14796 528 2501 -5845 1331
-1228 16112 920 1922 -1452 1926
140 14972 -436 70 -2491 411
2652 14212 1232 -1362 499 1227
3200 13752 2920 -1894 -1646 -3543
-5788 13264 772 -8620 -3056 -9271
-3956 31184 -14592 10076 1496 2444
2896 16864 -3640 200 6366 5100
-5060 19216 -256 -418 2449 -485
-4664 15320 -3112 -1500 4164 -3074
472 13992 -2964 -2375 2645 -2328
80 12768 -1396 -1743 3533 -3099
-3768 14552 -2124 758 3040 -3036
-3268 15284 -1708 554 2782 -39
-2124 15300 -380 974 2144 -546
-2196 14116 64 -414 3683 -884
-2056 15592 252 -1686 1671 1476
-1976 14872 1676 -1853 -928 1184
772 14044 3212 -1380 2304 -1140
-988 16272 -1464 4060 11558 2155
-5936 19064 -1280 -2368 14393 612
-12132 11852 -6580 -14500 11828 -6764
-6060 19528 -1340 6284 -4273 5209
-4992 16308 -4232 4989 -5691 2118
-4932 11736 -2996 5620 -7212 1407
-3440 14308 -2748 -379 -9266 1314
-1068 13912 -3640 1414 -9422 -1969
-360 16176 -3796 1928 -5427 -1147
-1276 15572 -652 711 -6516 -890
-708 13744 412 1108 -12248 -945
-1848 15008 1348 1049 -5647 1063
2436 17540 224 1846 1882 1663
2076 19132 1064 -968 6179 6952
-2532 18216 -5612 -2054 2541 7012
-8292 18952 -6796 -3303 -3475 -557
320 14728 -2684 -1229 9197 663
-1092 15912 -3140 -314 9599 -887
-3920 15404 -2412 -1220 5001 -2443
-1268 14684 -2900 -2786 6002 -903
-2420 13540 -1468 -1197 4530 -2850
-3608 15012 -1600 -528 1354 -667
-3472 14328 -508 2156 1548 1304
-4188 15648 1060 1879 667 -1639
-1552 14820 52 3412 1154 -565
380 14848 360 -112 -829 1455
-4292 16316 -1236 -1962 -1939 -5104
-648 16432 6768 2710 -127 3091
-376 10520 260 7639 12840 10779
-11888 22348 -5596 -3527 1794 -9152
-7584 15084 -3360 -2452 753 3186
1412 14980 -4004 -770 -7461 424
-2504 16344 -4004 2754 -3310 2371
-3820 14340 -2356 1465 -6859 341
-2616 14732 -3224 -374 -7200 -6
-1960 14368 -3220 1090 -8472 -1724
-1368 16736 -2756 776 -7055 -1060
-248 15440 -1796 1460 -6290 -633
-1068 13872 -896 2101 -8868 -2768
-560 13384 968 -93 -5731 -310
1884 13156 3308 884 -2312 -3799
-1096 28284 -5040 10192 3833 4754
-3680 10868 -2448 -8441 648 6977
-10312 23924 -11920 5211 -5177 22
1500 12688 -4392 -3388 8649 654
-2748 14616 -3100 2203 9773 -2455
-3368 16804 -4240 -3335 4946 -347
-92 14096 -5528 -474 6641 470
-2276 14628 -1404 -3072 3347 -50
-4816 16056 -4556 2798 2806 6
-1836 14444 -1952 -371 1788 67
-3268 14800 -2364 60 2857 -2054
-1328 14844 -264 -1974 2230 -1412
-176 14464 88 -3942 2400 1412
-960 15428 4708 -4444 351 2624
3244 11144 5948 -770 7436 7837
-5320 24508 -8340 1552 9968 -812
-10448 20088 -8620 -8117 7039 -4991
-4232 17104 -1232 -1708 2642 -4283
-1244 16056 -2864 3175 -5167 -2463
-2560 17312 -4716 5681 -8331 189
-3476 16804 -3820 3003 -8739 1484
-3752 14712 -2592 545 -10884 1217
-2588 14508 -3200 1218 -8909 1202
-2128 15736 -2460 1655 -8963 1218
-944 14764 416 2531 -9259 1095
-448 13544 1808 857 -8432 -1784
-692 14832 3428 -705 -7139 -831
3096 12356 2404 -1256 -4206 -3518
-5984 15816 -1860 -2281 -3084 -7571
3984 19268 -9640 8417 -4548 5844
-424 16528 -7396 1720 9816 2601
-5540 17284 -84 1285 5337 2114
-3048 16836 -4600 -1545 6432 -1316
-2504 14032 -2820 -3434 4054 -1668
-164 14524 -3760 -388 5958 -1382
-1068 14864 -2280 67 3196 -992
-4616 15828 -2084 433 802 -1281
-2076 14880 -1348 -559 1810 619
-1072 14972 -1708 -1127 1701 -1732
-368 14508 -1528 209 1640 -230
-2112 14772 1392 -1412 2243 731
-956 14096 2720 -2410 132 2428
3000 12736 2612 1316 2559 3746
-12184 27000 -7896 2506 14389 -7907
-16424 17272 -1280 -6681 3339 6882
3040 16204 -2796 4050 -6593 38
-3164 15180 -4936 6415 -4530 1807
-4340 15360 -1152 1507 -3408 349
-3232 15056 -3344 -1652 -10340 -1105
-1020 15644 -4700 960 -6724 -2522
-2480 14828 -3800 -103 -4936 -1316
-432 16164 -1652 1581 -3940 -682
-1900 16324 -932 1911 -6004 -196
-940 14884 -96 1968 -4899 1781
2036 17680 -724 915 -2629 4964
2604 12424 3740 -4120 84 3604
-2404 14044 1048 -6062 1908 -5631
-4908 21064 -13368 -1276 -4217 1559
-2400 20744 -4712 2552 6159 -1445
-2508 12628 -364 -1980 6409 -2031
-2280 15208 -3684 2260 3594 -96
-1864 13972 -2568 -369 5341 563
-2528 14628 -1728 -682 4481 -105
-3028 15272 -1360 -791 4253 1262
-1720 15200 -2524 520 3069 462
-4196 14780 100 -1119 1551 -1617
-3736 16132 -2084 1018 1261 -361
-576 13868 -2300 11 5478 -2941
-1884 11884 684 -3253 5845 -2535
-3780 20052 1448 -88 1196 -922
1680 13292 6512 -1000 4130 2942
-1872 19920 -11756 4291 8757 3444
-15240 22392 -10332 -6403 17575 3868
-9848 16512 304 7510 364 5648
4148 14980 -4344 6822 -6179 442
-4152 15460 -6516 2656 -6741 199
-3984 14608 -2368 -2143 -9685 656
-984 12696 -4252 -1418 -10962 -330
-1052 15880 -5384 -456 -8109 -381
-1168 15388 -1080 569 -8762 -160
-928 16324 -2436 1520 -6860 -558
-1056 15472 100 -1383 -10114 -94
368 15360 884 482 -4674 3870
2364 13668 3276 -563 -2359 4514
1236 12100 1984 -944 -687 -275
-5436 25024 -6688 3107 4014 559
2328 19940 -8776 5451 -503 3542
-596 19712 -4036 3314 8392 -467
-2140 14392 -1304 -349 4965 -4238
-2836 15768 -6200 -1287 3795 -2289
-2064 14812 -4424 -1827 2122 -2213
-1884 13932 -2604 -1814 1229 -1795
-1980 15160 -3308 572 184 -573
-2264 14976 -1936 -867 1050 377
-1024 14796 -820 -683 3193 -108
-2068 15292 -992 1918 4792 -1238
-2468 15796 2180 306 1524 -1128
-688 14960 2572 -1477 -679 -2979
-1628 12152 2740 -3152 838 686
-6504 22956 -9956 -3501 8897 -5922
-10820 22564 -5016 -3191 4903 4878
-664 13336 -2996 1084 -1993 3424
-1932 15388 -3200 480 -468 3879
-4524 14016 -4028 3025 -5886 566
-2620 15576 -3372 -534 -7621 -496
-1304 14608 -2808 453 -6094 -970
-1756 14880 -1780 317 -5624 -1137
-1628 15668 -644 1224 -7103 -1753
-1492 15316 -272 -75 -10069 -3379
-1172 14300 -68 -682 -13395 -3318
-672 13804 1488 -777 1546 -3652
560 15036 6280 -4123 -1094 -4455
-3856 23480 -1064 5411 579 3781
-2192 17336 -5120 -74 3587 5725
-7900 22692 -8400 -2637 2591 1139
-2372 15280 -4440 2415 7410 4826
-296 14564 -2376 2037 9988 -145
-4880 17104 -2156 481 6738 -1515
-1872 13996 -3824 -2292 3180 -704
-2292 14940 -368 -1373 557 -1747
-5352 14628 -3836 2416 -247 -1753
-3164 14144 -1480 862 894 -713
-340 13668 376 580 8 -898
-1728 13348 -1668 1512 -484 -398
-2740 17112 -2564 3100 419 437
2716 12780 6108 -108 885 517
-1864 14192 1408 318 5837 2688
-1028 20488 -15792 10297 21435 8825
-12368 19084 -5416 -8659 2083 -11314
-11604 17280 -1368 -1997 995 1859
6296 16536 -2300 2895 -7615 1164
-5100 14648 -4904 427 -2895 2868
-6144 14940 -880 -294 -9133 -228
-928 13532 -4476 2583 -11809 92
-980 15472 -5932 1059 -7521 -165
-2528 15652 -2180 625 -5056 -740
-2484 14532 -572 -109 -10240 -2789
-1276 15152 -684 -2701 -11364 -1537
-748 16312 -1928 1777 -140 2034
-432 17324 3808 391 -2841 3210
3452 19580 -1660 2551 2852 6323
-188 15496 -1920 -2200 138 5408
-6304 19388 -9104 -1028 -1561 100
-3084 17272 -3920 690 9137 -1229
-1324 17028 -2748 2293 9979 -2019
-2128 13752 -3944 -348 6003 -1600
-1488 13456 -3152 -1473 5121 373
-3724 15808 -3532 540 4020 -982
-2688 15024 -3020 1175 4153 -353
-2412 14864 -1844 1580 2852 370
-1648 14036 -1420 103 4783 -404
-952 13968 -612 976 4564 49
-856 15472 592 -2021 -1850 1341
652 15388 4788 -3172 -399 2459
2264 11544 4648 -1181 6249 5461
-7584 24696 -13300 -852 3120 -3820
-13488 19108 -12544 -5407 4071 -470
5480 11680 6700 4598 4573 2203
-1076 15976 -2284 1062 -2275 739
-4972 15272 -3324 1701 -2498 -1064
-2972 16008 -3500 -256 -8037 -1282
-1500 13892 -4128 2084 -10171 -939
-2496 13968 -4092 1710 -7546 -770
-1576 14324 -2588 435 -6637 -993
-1556 13048 12 2270 -9684 -3633
-1992 15400 596 -159 -9847 -2392
908 16504 116 2644 -281 1477
4480 13244 4356 -298 1046 1786
2596 23524 -2424 7393 755 10900
-8476 17356 -4788 -1254 1957 1650
-6200 22744 -12036 -1962 4222 261
2744 14260 -2856 -82 7970 -1602
-844 14892 -3052 -2908 7215 -1405
-5912 16144 -5084 -4031 3368 -1142
-1796 14476 -6008 -898 5871 -1683
-2808 12856 -3344 -1909 6686 -3069
-4460 16080 -1040 177 914 -1486
-3280 14188 8 54 661 133
-3712 16456 -1192 145 -1355 -1820
-136 14116 288 -1864 -495 -612
332 15600 1060 -1196 1546 910
-484 11716 3644 -469 3388 257
-3868 16252 -7720 8331 7635 7294
-14260 23352 -3932 -4323 11800 -3914
-19512 14232 -492 800 -191 923
6024 20252 32 5911 -8932 -3080
-4460 16020 -7052 1199 -1988 2331
-4664 15752 -2576 325 -2532 3544
-2484 16148 -3888 822 -8696 2454
-1868 13548 -4964 956 -5576 3558
-3292 14324 -4696 974 -3100 1919
-1244 15836 -2180 1452 -4130 2961
332 15724 1616 4732 -7025 1919
-940 15788 -2660 2689 -6735 2952
120 14076 -1600 -137 -1201 -344
1352 13652 472 -1608 -2337 -1827
636 9464 368 -3341 -2183 -11170
-10128 30936 -11432 8091 -932 -723
4156 23768 -5208 171 -295 10909
-1232 15228 -3916 642 8291 -1400
-9616 18516 -4004 -3661 1361 -3593
-1468 14308 -5180 -2984 5692 -3913
-604 13504 -2600 -4251 3340 -3919
-3580 13792 -5776 465 5453 -1903
-4488 14460 -4184 -373 2718 5
-4516 14528 -2708 -917 784 349
-4040 15628 -1492 -328 813 1132
-3624 15320 -1476 144 1345 -1446
-2992 14196 -1796 -1077 -710 -1620
-2688 16400 -700 267 277 -1037
-624 12848 920 -1614 -1187 897
-2808 13280 -1380 -549 -2136 5339
-2564 21528 -7288 8502 8419 3133
-10808 14136 -5684 1168 -582 -2227
-5560 16908 -5304 -449 -1018 -615
-1916 15556 -4936 1555 -1589 -1831
-5824 15084 -4444 2212 543 -2857
-5420 15868 -5208 2424 -496 -2300
-4640 14588 -5032 2549 -277 -2327
-5180 15148 -5060 1864 1215 -1686
-4780 14808 -5204 1094 977 -485
-4116 15184 -5320 456 1114 278
-5288 17088 -6176 1538 2189 -112
-5416 15144 -6376 790 2406 329
-4756 15224 -5992 -174 2142 475
-4812 15404 -5328 -30 1804 248
-4856 15112 -5932 -422 2834 562
-4480 14836 -5128 -1090 2341 1067
-4352 15604 -5672 -838 2033 1205
-5780 14240 -5688 -1312 1041 745
-3824 15740 -5668 -465 406 723
-3640 15000 -5008 -595 790 740
-4580 15432 -5076 -760 1373 728
-4080 15420 -4992 -652 952 1039
-4036 15544 -4832 -436 490 275
-3792 15548 -4924 -863 289 579
-3208 15812 -5136 -792 -93 435
-3676 15276 -5044 -738 -592 510
