3228 336 -337 -489 0 2909514
3228 336 -337 -489 0 2909514
4940 -3576 12996 844 622 907
4940 -3576 12996 844 622 907
4024 -3792 13288 415 -808 75
4024 -3792 13288 415 -808 75
6036 -3472 12716 689 -542 412
6036 -3472 12716 689 -542 412
5000 -3824 13176 567 -782 339
5000 -3824 13176 567 -782 339
5596 -3684 12956 641 337 384
5596 -3684 12956 641 337 384
5108 -3552 13044 397 -506 -232
5108 -3552 13044 397 -506 -232
5236 -3836 12972 420 -65 -334
5236 -3836 12972 420 -65 -334
5052 -3608 13112 423 259 -298
5052 -3608 13112 423 259 -298
5384 -3672 12852 530 551 -154
5384 -3672 12852 530 551 -154
4796 -3748 12988 494 745 15
4796 -3748 12988 494 745 15
4700 -3652 13132 503 604 68
4700 -3652 13132 503 604 68
4652 -3692 13084 456 32 -21
4652 -3692 13084 456 32 -21
4840 -3716 13096 554 80 183
4840 -3716 13096 554 80 183
4828 -3624 13152 513 -460 10
4828 -3624 13152 513 -460 10
5044 -3724 13028 618 -196 250
5044 -3724 13028 618 -196 250
4880 -3636 13048 474 -918 -334
4880 -3636 13048 474 -918 -334
4336 -3424 13116 381 -991 -369
4336 -3424 13116 381 -991 -369
5308 -3752 12876 72 -1213 -1318
5308 -3752 12876 72 -1213 -1318
5912 -3708 12680 189 -264 -1130
5912 -3708 12680 189 -264 -1130
7128 -3524 12464 608 242 -838
7128 -3524 12464 608 242 -838
4804 -3508 13124 162 1839 -1415
4804 -3508 13124 162 1839 -1415
5488 -2780 12220 -910 5013 -2291
5488 -2780 12220 -910 5013 -2291
4192 -4068 12372 -713 5674 -974
4192 -4068 12372 -713 5674 -974
4404 -4172 13240 1058 -1568 -678
4404 -4172 13240 1058 -1568 -678
4312 -4052 13352 647 506 587
4312 -4052 13352 647 506 587
3464 -4444 13316 -1170 3843 2178
3464 -4444 13316 -1170 3843 2178
2968 -8484 16912 -2044 1961 3838
2968 -8484 16912 -2044 1961 3838
1428 -11064 20976 -1194 -7586 -3553
1428 -11064 20976 -1194 -7586 -3553
160 -10276 14540 804 17 763
160 -10276 14540 804 17 763
1452 -12296 7624 5139 13010 4883
1452 -12296 7624 5139 13010 4883
632 -11008 6256 6725 12622 -1029
632 -11008 6256 6725 12622 -1029
2688 -4896 7708 6006 12258 -1657
2688 -4896 7708 6006 12258 -1657
2928 -52 9480 7072 12888 -3692
2928 -52 9480 7072 12888 -3692
360 5580 12484 5016 5870 -1222
360 5580 12484 5016 5870 -1222
2760 7116 12560 7731 6073 727
2760 7116 12560 7731 6073 727
-1876 8796 13920 6345 -1108 -1296
-1876 8796 13920 6345 -1108 -1296
1632 6808 15728 5056 -3138 -168
1632 6808 15728 5056 -3138 -168
-7876 -2516 8780 -3502 -5768 -3463
-7876 -2516 8780 -3502 -5768 -3463
-7136 -3812 13756 -419 -1558 484
-7136 -3812 13756 -419 -1558 484
-2412 -172 12584 700 -2695 2507
-2412 -172 12584 700 -2695 2507
-1728 720 12752 -358 614 5031
-1728 720 12752 -358 614 5031
-272 -596 14452 -1151 1041 4414
-272 -596 14452 -1151 1041 4414
-4504 -2116 15032 -400 3158 6430
-4504 -2116 15032 -400 3158 6430
-9616 -896 13352 1853 572 9346
-9616 -896 13352 1853 572 9346
3356 -620 12080 -6947 -176 10228
3356 -620 12080 -6947 -176 10228
-3084 -5116 9688 -12386 6520 6844
-3084 -5116 9688 -12386 6520 6844
-5344 -6224 12312 -12263 7060 -1671
-5344 -6224 12312 -12263 7060 -1671
-3068 -3144 6960 -6089 -3505 -7388
-3068 -3144 6960 -6089 -3505 -7388
2580 -464 9480 3870 -9373 -3056
2580 -464 9480 3870 -9373 -3056
-1420 -6148 624 8007 -8339 5790
-1420 -6148 624 8007 -8339 5790
-2016 -2892 9892 -877 4372 1755
-2016 -2892 9892 -877 4372 1755
1932 -3548 13064 1671 -4867 -350
1932 -3548 13064 1671 -4867 -350
-2488 -4784 13800 715 -3286 812
-2488 -4784 13800 715 -3286 812
-2312 -4228 12820 2721 -12599 807
-2312 -4228 12820 2721 -12599 807
5860 -3588 13216 1302 -4763 1296
5860 -3588 13216 1302 -4763 1296
4260 -3684 13364 905 -379 3249
4260 -3684 13364 905 -379 3249
2164 -5336 13320 534 -4043 289
2164 -5336 13320 534 -4043 289
-1692 -3472 15048 -138 -6268 -445
-1692 -3472 15048 -138 -6268 -445
3548 -3552 13200 -198 -3583 413
3548 -3552 13200 -198 -3583 413
3360 -4592 12560 -194 -7497 -2383
3360 -4592 12560 -194 -7497 -2383
4008 -4436 13248 -894 -6240 -1156
4008 -4436 13248 -894 -6240 -1156
6160 -4276 11536 -404 -7353 -464
6160 -4276 11536 -404 -7353 -464
7096 -4768 12148 -916 -9074 -3395
7096 -4768 12148 -916 -9074 -3395
6232 -3704 12680 -262 -6502 -848
6232 -3704 12680 -262 -6502 -848
6200 -6844 10868 -78 -3937 -1765
6200 -6844 10868 -78 -3937 -1765
-488 -8456 25448 1321 1942 8388
-488 -8456 25448 1321 1942 8388
5664 2696 10488 15684 3753 7389
5664 2696 10488 15684 3753 7389
16752 -5628 13032 12660 2183 1243
16752 -5628 13032 12660 2183 1243
4952 1048 10060 11038 3519 -11735
4952 1048 10060 11038 3519 -11735
3996 -2944 13964 13250 1581 -8850
3996 -2944 13964 13250 1581 -8850
896 6748 14984 10104 6757 -1775
896 6748 14984 10104 6757 -1775
11368 -876 10800 10447 1783 -5552
11368 -876 10800 10447 1783 -5552
8576 3968 9096 3516 492 -8882
8576 3968 9096 3516 492 -8882
3036 5068 13828 2915 4566 -11789
3036 5068 13828 2915 4566 -11789
-100 6292 11404 2240 1055 -6373
-100 6292 11404 2240 1055 -6373
2336 1996 13960 5804 1373 -835
2336 1996 13960 5804 1373 -835
4532 6212 11860 1697 2177 485
4532 6212 11860 1697 2177 485
1200 7428 12644 -500 -1617 -1879
1200 7428 12644 -500 -1617 -1879
-2796 3616 17128 -5745 -8912 759
-2796 3616 17128 -5745 -8912 759
-5412 500 16860 -10256 -11186 -8170
-5412 500 16860 -10256 -11186 -8170
-3664 -6384 21616 -16380 4768 -1846
-3664 -6384 21616 -16380 4768 -1846
-4196 -9196 12620 -21583 14996 5048
-4196 -9196 12620 -21583 14996 5048
1080 -11504 13368 -15662 13063 3851
1080 -11504 13368 -15662 13063 3851
4764 -10320 15836 -3578 15267 -2474
4764 -10320 15836 -3578 15267 -2474
1840 -4140 13712 1849 -2679 -10917
1840 -4140 13712 1849 -2679 -10917
3332 1620 14264 4955 11622 -950
3332 1620 14264 4955 11622 -950
6364 3248 11012 3906 4269 708
6364 3248 11012 3906 4269 708
-608 1372 11056 861 8715 4824
-608 1372 11056 861 8715 4824
524 2144 9492 1803 7335 3619
524 2144 9492 1803 7335 3619
-3392 1652 8444 -248 4958 1939
-3392 1652 8444 -248 4958 1939
-720 4872 9544 408 4579 667
-720 4872 9544 408 4579 667
-4768 7424 10828 64 -1968 -2692
-4768 7424 10828 64 -1968 -2692
-3536 8128 13224 4696 -3820 998
-3536 8128 13224 4696 -3820 998
-9636 -3604 13172 -2788 -14296 -83
-9636 -3604 13172 -2788 -14296 -83
-4244 -7748 15748 -6240 -15647 -569
-4244 -7748 15748 -6240 -15647 -569
1352 -5064 13060 -737 -11451 1505
1352 -5064 13060 -737 -11451 1505
2992 -2972 13236 271 -5506 570
2992 -2972 13236 271 -5506 570
-2284 -5812 13060 -68 -7181 21
-2284 -5812 13060 -68 -7181 21
3176 -3880 13452 563 -481 -281
3176 -3880 13452 563 -481 -281
-196 -4064 13540 490 1 469
-196 -4064 13540 490 1 469
-140 -4308 13660 378 -3778 -450
-140 -4308 13660 378 -3778 -450
1284 -4172 13412 823 -926 -985
1284 -4172 13412 823 -926 -985
1456 -4128 14228 53 587 475
1456 -4128 14228 53 587 475
516 -4200 13560 419 1212 259
516 -4200 13560 419 1212 259
808 -3908 12952 522 -1703 -507
808 -3908 12952 522 -1703 -507
-2612 -4588 13140 342 -935 509
-2612 -4588 13140 342 -935 509
300 -3796 13600 499 -7333 89
300 -3796 13600 499 -7333 89
756 -4832 13360 836 -7112 1476
756 -4832 13360 836 -7112 1476
2168 -3804 13236 1596 -4250 3140
2168 -3804 13236 1596 -4250 3140
7660 -3592 13024 1116 -1228 2184
7660 -3592 13024 1116 -1228 2184
4372 -3864 12664 1149 -392 3756
4372 -3864 12664 1149 -392 3756
3688 -4212 13176 479 -4474 947
3688 -4212 13176 479 -4474 947
4580 -5140 12980 249 -6855 27
4580 -5140 12980 249 -6855 27
5952 -4808 12508 99 -14489 -2870
5952 -4808 12508 99 -14489 -2870
-544 -4228 14448 -97 -13852 -1476
-544 -4228 14448 -97 -13852 -1476
10608 -2868 11852 -362 -4588 659
10608 -2868 11852 -362 -4588 659
10984 -3156 10660 -1225 -6381 -1722
10984 -3156 10660 -1225 -6381 -1722
10092 -3772 11140 -2039 -6921 -2355
10092 -3772 11140 -2039 -6921 -2355
6084 -6312 11896 -2801 -3730 -1111
6084 -6312 11896 -2801 -3730 -1111
8420 -7628 10132 -3000 -3184 -2691
8420 -7628 10132 -3000 -3184 -2691
16300 416 9648 -418 -1690 646
16300 416 9648 -418 -1690 646
4240 1480 13376 -3276 -3292 1976
4240 1480 13376 -3276 -3292 1976
19916 -19860 2988 -644 833 7131
19916 -19860 2988 -644 833 7131
8724 -3248 16436 7695 14398 6661
8724 -3248 16436 7695 14398 6661
10144 -5488 12608 9755 -1094 -6984
10144 -5488 12608 9755 -1094 -6984
10320 -5760 9036 11516 3871 -9935
10320 -5760 9036 11516 3871 -9935
8660 -964 9024 13360 5291 -7845
8660 -964 9024 13360 5291 -7845
9052 632 11628 13009 8375 -10936
9052 632 11628 13009 8375 -10936
7308 1412 15356 10982 11129 -4032
7308 1412 15356 10982 11129 -4032
4968 1564 7064 8760 5762 -8594
4968 1564 7064 8760 5762 -8594
5092 604 13904 4556 2388 -11442
5092 604 13904 4556 2388 -11442
6328 7368 14916 4192 6449 -11086
6328 7368 14916 4192 6449 -11086
680 3000 13108 4749 3009 -12807
680 3000 13108 4749 3009 -12807
-176 7000 10144 2665 1647 -12417
-176 7000 10144 2665 1647 -12417
-1088 7960 10760 -1093 3364 -2355
-1088 7960 10760 -1093 3364 -2355
-188 6108 13140 -4385 -1040 -2460
-188 6108 13140 -4385 -1040 -2460
-5428 3852 11916 -5290 -8300 3716
-5428 3852 11916 -5290 -8300 3716
1924 788 20788 -8147 -10787 2401
1924 788 20788 -8147 -10787 2401
4480 -4040 21448 -6782 1094 7784
4480 -4040 21448 -6782 1094 7784
-1512 -5136 16196 -12290 4996 8634
-1512 -5136 16196 -12290 4996 8634
1916 -8316 13728 -10872 11393 9392
1916 -8316 13728 -10872 11393 9392
3468 -7920 15484 -6308 6315 5571
3468 -7920 15484 -6308 6315 5571
4888 -5912 13108 546 10853 3805
4888 -5912 13108 546 10853 3805
9600 -1728 13408 3569 1408 646
9600 -1728 13408 3569 1408 646
2708 -688 12292 2968 12634 7612
2708 -688 12292 2968 12634 7612
-1184 484 10196 3843 9314 3781
-1184 484 10196 3843 9314 3781
-2192 2144 9500 1976 3440 1025
-2192 2144 9500 1976 3440 1025
-2660 716 8380 1210 5440 884
-2660 716 8380 1210 5440 884
-4288 932 9148 2161 -841 -859
-4288 932 9148 2161 -841 -859
-216 2048 7796 -2584 6822 3435
-216 2048 7796 -2584 6822 3435
-2236 2384 8656 -4563 2098 -88
-2236 2384 8656 -4563 2098 -88
-4588 4860 8868 -92 1874 1574
-4588 4860 8868 -92 1874 1574
-3800 5956 13016 2724 337 2328
-3800 5956 13016 2724 337 2328
-4948 9396 11292 5472 -1038 1680
-4948 9396 11292 5472 -1038 1680
-16028 -2252 -3824 -13380 -19075 -3174
-16028 -2252 -3824 -13380 -19075 -3174
-9620 -6336 14352 -9456 -10875 2343
-9620 -6336 14352 -9456 -10875 2343
-3396 -4548 15212 -7087 1232 8294
-3396 -4548 15212 -7087 1232 8294
-4184 -3120 11684 -4647 -8287 1312
-4184 -3120 11684 -4647 -8287 1312
-5148 -7304 17924 -738 -15459 546
-5148 -7304 17924 -738 -15459 546
6444 -5640 12136 460 -324 404
6444 -5640 12136 460 -324 404
-1300 -3612 13132 243 -635 -51
-1300 -3612 13132 243 -635 -51
488 -4608 12892 673 -2059 575
488 -4608 12892 673 -2059 575
-716 -3848 12932 581 1147 -968
-716 -3848 12932 581 1147 -968
80 -4004 12788 444 2105 111
80 -4004 12788 444 2105 111
-4 -5024 13532 424 -257 -350
-4 -5024 13532 424 -257 -350
-5432 -4896 13468 491 -3455 410
-5432 -4896 13468 491 -3455 410
-3916 -4168 13112 505 -9117 1229
-3916 -4168 13112 505 -9117 1229
6316 -3832 12864 653 -8325 2158
6316 -3832 12864 653 -8325 2158
1792 -4800 13612 305 -2966 3522
1792 -4800 13612 305 -2966 3522
6456 -3628 12296 389 -1785 2006
6456 -3628 12296 389 -1785 2006
-3140 -4728 13384 852 -1735 1681
-3140 -4728 13384 852 -1735 1681
4352 -4624 12792 853 -2958 2727
4352 -4624 12792 853 -2958 2727
732 -4764 13308 186 -10676 -873
732 -4764 13308 186 -10676 -873
-1000 -6068 14412 -608 -5803 -256
-1000 -6068 14412 -608 -5803 -256
6220 -3484 11944 120 -3562 1835
6220 -3484 11944 120 -3562 1835
12660 -5488 10168 389 -10176 -2300
12660 -5488 10168 389 -10176 -2300
2268 -4956 14172 -457 -11571 -3225
2268 -4956 14172 -457 -11571 -3225
4120 -4716 13184 554 -4724 363
4120 -4716 13184 554 -4724 363
7576 -4220 11148 248 -4833 29
7576 -4220 11148 248 -4833 29
8016 -6304 11700 -597 -5565 -2110
8016 -6304 11700 -597 -5565 -2110
3668 -8052 12556 -1230 -4500 -3851
3668 -8052 12556 -1230 -4500 -3851
10560 -1504 9892 -592 -488 -509
10560 -1504 9892 -592 -488 -509
9164 16 12208 -1769 -3629 -1464
9164 16 12208 -1769 -3629 -1464
10780 -7496 9812 1661 736 443
10780 -7496 9812 1661 736 443
5500 -4552 12284 2429 6347 1409
5500 -4552 12284 2429 6347 1409
10020 -5088 13184 273 6413 -652
10020 -5088 13184 273 6413 -652
13284 -8136 12228 3625 13155 -3230
13284 -8136 12228 3625 13155 -3230
3876 -6856 12988 8049 8762 -13000
3876 -6856 12988 8049 8762 -13000
-2320 -2768 21220 15413 11744 -4561
-2320 -2768 21220 15413 11744 -4561
9824 -2052 12024 18193 8708 -5957
9824 -2052 12024 18193 8708 -5957
4688 76 11388 14089 4038 -6701
4688 76 11388 14089 4038 -6701
1384 6748 10404 10771 3021 -9790
1384 6748 10404 10771 3021 -9790
-2568 5044 8988 4785 -3602 -9251
-2568 5044 8988 4785 -3602 -9251
-440 7020 13884 179 4326 -1385
-440 7020 13884 179 4326 -1385
-2108 3324 12564 -3289 -12384 -3452
-2108 3324 12564 -3289 -12384 -3452
-2844 3240 17992 -4585 -4767 3698
-2844 3240 17992 -4585 -4767 3698
-1224 -2824 16484 -9145 1931 5437
-1224 -2824 16484 -9145 1931 5437
-2364 -4440 14140 -9819 -779 -977
-2364 -4440 14140 -9819 -779 -977
408 -3536 12924 -7538 9376 1331
408 -3536 12924 -7538 9376 1331
3384 -5464 16804 -3579 2993 -3042
3384 -5464 16804 -3579 2993 -3042
2724 -2996 16752 68 6837 -1206
2724 -2996 16752 68 6837 -1206
3280 -3352 12576 -342 3991 678
3280 -3352 12576 -342 3991 678
956 -4300 14380 -1376 6274 -721
956 -4300 14380 -1376 6274 -721
7456 -2796 10872 36 5605 1957
7456 -2796 10872 36 5605 1957
1380 -4524 9384 -214 9179 4330
1380 -4524 9384 -214 9179 4330
-428 -500 11956 -1527 6984 1937
-428 -500 11956 -1527 6984 1937
-492 12 8552 -1332 1819 1523
-492 12 8552 -1332 1819 1523
-6288 1164 6224 -2277 4644 1808
-6288 1164 6224 -2277 4644 1808
4848 1008 10000 -4141 11086 3615
4848 1008 10000 -4141 11086 3615
-3656 8196 9948 4325 -1524 1195
-3656 8196 9948 4325 -1524 1195
-5408 12108 15596 5442 2044 2227
-5408 12108 15596 5442 2044 2227
-2300 5044 32767 -4188 -29263 -9249
-2300 5044 32767 -4188 -29263 -9249
1072 -9004 12440 -7800 -12546 -2806
1072 -9004 12440 -7800 -12546 -2806
-9424 -7432 18420 -2473 -3849 1264
-9424 -7432 18420 -2473 -3849 1264
808 -3020 13016 -444 -4705 2053
808 -3020 13016 -444 -4705 2053
2708 -4712 14180 399 -3747 -1985
2708 -4712 14180 399 -3747 -1985
-6544 -4248 12800 -9 1575 1090
-6544 -4248 12800 -9 1575 1090
1408 -3384 12848 901 -3015 80
1408 -3384 12848 901 -3015 80
-1000 -4480 13168 163 -1243 -159
-1000 -4480 13168 163 -1243 -159
-928 -4208 13368 751 -1916 299
-928 -4208 13368 751 -1916 299
-3348 -4456 13848 629 -3168 143
-3348 -4456 13848 629 -3168 143
632 -4012 13220 640 -2274 -1019
632 -4012 13220 640 -2274 -1019
-200 -4060 13176 602 -3217 -693
-200 -4060 13176 602 -3217 -693
-2248 -5036 13648 149 -2964 -78
-2248 -5036 13648 149 -2964 -78
2516 -4136 12832 640 -5209 41
2516 -4136 12832 640 -5209 41
-76 -3476 13136 352 -7878 422
-76 -3476 13136 352 -7878 422
5844 -1528 11796 -157 243 3684
5844 -1528 11796 -157 243 3684
4696 -4288 13560 236 -1234 1170
4696 -4288 13560 236 -1234 1170
-1756 -4796 13676 257 -4330 426
-1756 -4796 13676 257 -4330 426
5332 -4212 11948 1065 -5340 2628
5332 -4212 11948 1065 -5340 2628
5416 -3948 12684 1602 -9181 838
5416 -3948 12684 1602 -9181 838
4944 -4532 13256 623 -7632 -74
4944 -4532 13256 623 -7632 -74
8364 -4000 11628 1435 -3637 2734
8364 -4000 11628 1435 -3637 2734
1700 -4428 13692 -404 -11393 -2682
1700 -4428 13692 -404 -11393 -2682
9208 -3504 11812 -396 -3114 1150
9208 -3504 11812 -396 -3114 1150
10740 -3580 10844 196 -6889 -469
10740 -3580 10844 196 -6889 -469
9216 -5448 11520 -398 -10197 -3672
9216 -5448 11520 -398 -10197 -3672
5312 -5748 12608 -472 -4293 -2234
5312 -5748 12608 -472 -4293 -2234
10540 -1572 11260 -65 2193 150
10540 -1572 11260 -65 2193 150
16072 -1112 8048 -1533 -2401 -974
16072 -1112 8048 -1533 -2401 -974
10232 -8932 10900 -3596 -9075 -3193
10232 -8932 10900 -3596 -9075 -3193
6604 -2996 13192 2963 5283 1393
6604 -2996 13192 2963 5283 1393
11088 -2492 11032 1019 3474 1609
11088 -2492 11032 1019 3474 1609
6556 -6176 11064 319 3347 -817
6556 -6176 11064 319 3347 -817
9080 -6144 10328 613 1209 -720
9080 -6144 10328 613 1209 -720
6712 -5396 12044 492 380 -2097
6712 -5396 12044 492 380 -2097
8000 -4224 11900 1088 4541 1967
8000 -4224 11900 1088 4541 1967
8376 -3392 11716 348 -648 -2002
8376 -3392 11716 348 -648 -2002
6512 -4428 12556 -418 1384 -744
6512 -4428 12556 -418 1384 -744
7680 -5828 10964 671 557 -475
7680 -5828 10964 671 557 -475
6248 -3196 12380 1084 -640 72
6248 -3196 12380 1084 -640 72
7252 -4700 11572 -1088 -1497 -727
7252 -4700 11572 -1088 -1497 -727
11616 -5772 10768 221 -3280 -683
11616 -5772 10768 221 -3280 -683
9456 -3924 13644 763 -1346 -2808
9456 -3924 13644 763 -1346 -2808
9492 -5808 17144 8691 3976 -253
9492 -5808 17144 8691 3976 -253
9680 -6484 11536 14587 3330 -2458
9680 -6484 11536 14587 3330 -2458
3608 -5324 17240 18568 1190 -7017
3608 -5324 17240 18568 1190 -7017
2772 1484 18092 10384 -8965 -14199
2772 1484 18092 10384 -8965 -14199
2076 3688 17456 8408 6067 -4822
2076 3688 17456 8408 6067 -4822
6544 -5052 14628 -7870 12499 -5957
6544 -5052 14628 -7870 12499 -5957
4400 -4628 11660 -12808 17915 -6653
4400 -4628 11660 -12808 17915 -6653
1640 -5064 9080 -7585 13746 -5527
1640 -5064 9080 -7585 13746 -5527
1756 -6120 11012 -1125 11711 524
1756 -6120 11012 -1125 11711 524
9396 -1444 9192 3989 9922 4147
9396 -1444 9192 3989 9922 4147
2156 -548 13900 4306 3336 1650
2156 -548 13900 4306 3336 1650
3212 2600 12992 2337 13832 7455
3212 2600 12992 2337 13832 7455
-744 5912 8228 2024 3496 3277
-744 5912 8228 2024 3496 3277
-1184 5364 12256 -3789 6102 3758
-1184 5364 12256 -3789 6102 3758
-4040 2340 8728 -7716 5017 3663
-4040 2340 8728 -7716 5017 3663
-496 2496 10968 -7200 13720 2792
-496 2496 10968 -7200 13720 2792
-872 5248 9984 -2914 6014 -6008
-872 5248 9984 -2914 6014 -6008
-3460 12952 8156 -2469 -7490 -8223
-3460 12952 8156 -2469 -7490 -8223
504 4212 13336 -4305 -32768 -14183
504 4212 13336 -4305 -32768 -14183
164 -12292 -8452 3363 -30432 7378
164 -12292 -8452 3363 -30432 7378
10432 -1544 11576 -1726 -10418 -693
10432 -1544 11576 -1726 -10418 -693
836 -3612 9624 -850 3177 5299
836 -3612 9624 -850 3177 5299
-3952 -5664 14104 509 -8726 1204
-3952 -5664 14104 509 -8726 1204
5568 -3420 12752 667 -4532 1187
5568 -3420 12752 667 -4532 1187
3480 -4100 12948 473 -750 779
3480 -4100 12948 473 -750 779
4660 -4572 13272 619 -372 886
4660 -4572 13272 619 -372 886
504 -5212 13636 978 -1382 78
504 -5212 13636 978 -1382 78
3188 -4592 13400 808 -808 -4
3188 -4592 13400 808 -808 -4
2776 -4200 13152 324 2371 602
2776 -4200 13152 324 2371 602
3960 -4600 13336 930 574 -1193
3960 -4600 13336 930 574 -1193
-36 -4828 13640 870 -1930 -88
-36 -4828 13640 870 -1930 -88
944 -4664 13548 539 -1743 70
944 -4664 13548 539 -1743 70
2208 -4244 13460 182 -1029 -230
2208 -4244 13460 182 -1029 -230
4684 -4400 12824 402 -1645 -163
4684 -4400 12824 402 -1645 -163
1616 -5320 13376 666 -2313 548
1616 -5320 13376 666 -2313 548
2456 -3652 13432 1182 -138 2382
2456 -3652 13432 1182 -138 2382
4204 -4276 12984 588 -3230 1398
4204 -4276 12984 588 -3230 1398
4064 -3964 12460 90 -5141 -837
4064 -3964 12460 90 -5141 -837
2080 -5188 13724 -142 -2199 960
2080 -5188 13724 -142 -2199 960
4968 -4788 12772 789 -12295 -1423
4968 -4788 12772 789 -12295 -1423
3880 -4740 12816 351 -8520 662
3880 -4740 12816 351 -8520 662
10176 -3936 11268 96 -1099 2259
10176 -3936 11268 96 -1099 2259
8516 -4932 11476 -941 -7702 -1713
8516 -4932 11476 -941 -7702 -1713
7024 -4624 12112 261 -9234 -1707
7024 -4624 12112 261 -9234 -1707
8700 -4380 11120 -298 -4389 -896
8700 -4380 11120 -298 -4389 -896
13260 -2680 9428 -363 -2797 -1024
13260 -2680 9428 -363 -2797 -1024
9396 -7092 9472 193 -2761 -626
9396 -7092 9472 193 -2761 -626
9360 -4792 10596 318 -2084 -1881
9360 -4792 10596 318 -2084 -1881
10176 -2312 11904 449 1596 1150
10176 -2312 11904 449 1596 1150
9312 -3392 11180 -990 280 -1692
9312 -3392 11180 -990 280 -1692
8428 -7892 8428 -1469 -1542 -2915
8428 -7892 8428 -1469 -1542 -2915
8744 -4812 10472 -497 3943 -433
8744 -4812 10472 -497 3943 -433
19788 -6244 10368 113 18577 1784
19788 -6244 10368 113 18577 1784
7508 -3324 16156 9339 8404 -15978
7508 -3324 16156 9339 8404 -15978
5364 -9088 15740 15534 9837 -15569
5364 -9088 15740 15534 9837 -15569
-1880 -968 13292 15105 10915 -4389
-1880 -968 13292 15105 10915 -4389
4616 40 8936 13291 7305 -2019
4616 40 8936 13291 7305 -2019
6852 4408 9584 6815 6671 -3939
6852 4408 9584 6815 6671 -3939
1664 7296 11588 3362 2773 -8813
1664 7296 11588 3362 2773 -8813
376 3452 14084 4383 6228 -4398
376 3452 14084 4383 6228 -4398
4552 2572 14348 4714 2389 -3471
4552 2572 14348 4714 2389 -3471
-2744 5156 11620 3180 1525 -870
-2744 5156 11620 3180 1525 -870
-1392 5620 12420 1427 -2571 2757
-1392 5620 12420 1427 -2571 2757
1800 4768 14864 -792 -6076 3699
1800 4768 14864 -792 -6076 3699
4240 3728 15936 1456 -8280 -453
4240 3728 15936 1456 -8280 -453
5824 2336 13216 336 -13396 -2708
5824 2336 13216 336 -13396 -2708
-288 -1544 18664 -11447 -1927 1519
-288 -1544 18664 -11447 -1927 1519
1284 -5784 17160 -13062 3533 809
1284 -5784 17160 -13062 3533 809
2296 -6152 13232 -11050 2597 2495
2296 -6152 13232 -11050 2597 2495
3768 -9032 11816 -8100 5093 4013
3768 -9032 11816 -8100 5093 4013
6824 -8164 10916 -3158 12833 8802
6824 -8164 10916 -3158 12833 8802
4676 -6888 11224 -530 6857 7249
4676 -6888 11224 -530 6857 7249
5612 -2388 14764 838 8531 4706
5612 -2388 14764 838 8531 4706
7672 -432 11376 1591 12411 4683
7672 -432 11376 1591 12411 4683
-1504 3280 9168 1082 -359 196
-1504 3280 9168 1082 -359 196
-392 4544 10532 -457 10262 4703
-392 4544 10532 -457 10262 4703
-76 444 6816 -568 9008 5477
-76 444 6816 -568 9008 5477
-1072 3560 9300 103 4580 1068
-1072 3560 9300 103 4580 1068
-3124 13504 12184 9280 -878 -612
-3124 13504 12184 9280 -878 -612
-12708 15040 32767 -29467 -32768 -31156
-12708 15040 32767 -29467 -32768 -31156
-5608 -6368 10756 -2669 -16212 -4866
-5608 -6368 10756 -2669 -16212 -4866
-5488 -3756 13368 -112 -5045 4953
-5488 -3756 13368 -112 -5045 4953
-876 -716 12368 -431 -1737 8053
-876 -716 12368 -431 -1737 8053
-448 -1872 14628 -3254 -2585 5947
-448 -1872 14628 -3254 -2585 5947
-4200 -3528 13376 -3752 -3227 7994
-4200 -3528 13376 -3752 -3227 7994
4696 -780 12476 -2886 -4620 3328
4696 -780 12476 -2886 -4620 3328
1556 -3344 13796 -5739 -6780 -3148
1556 -3344 13796 -5739 -6780 -3148
-11192 -5532 14496 -414 -6520 1854
-11192 -5532 14496 -414 -6520 1854
4360 -2808 12420 146 -2197 1029
4360 -2808 12420 146 -2197 1029
-92 -3348 13464 -104 -2612 1386
-92 -3348 13464 -104 -2612 1386
5568 -3832 13064 512 -673 981
5568 -3832 13064 512 -673 981
-464 -4584 14188 2110 -4686 2838
-464 -4584 14188 2110 -4686 2838
2032 -3736 13364 659 643 -397
2032 -3736 13364 659 643 -397
1096 -4104 13848 96 2360 387
1096 -4104 13848 96 2360 387
-1320 -3692 13620 538 -2074 874
-1320 -3692 13620 538 -2074 874
2004 -4136 13060 1708 -9028 388
2004 -4136 13060 1708 -9028 388
1840 -3472 13556 1525 -6647 1027
1840 -3472 13556 1525 -6647 1027
4896 -3104 12692 682 -5480 2065
4896 -3104 12692 682 -5480 2065
5200 -3792 13068 93 -6352 -290
5200 -3792 13068 93 -6352 -290
4580 -3776 12500 147 -2404 1
4580 -3776 12500 147 -2404 1
8636 -4400 12464 540 -2450 330
8636 -4400 12464 540 -2450 330
5336 -5488 12868 499 -5045 405
5336 -5488 12868 499 -5045 405
4120 -2916 13172 202 -4259 695
4120 -2916 13172 202 -4259 695
5704 -3088 12584 -297 -7246 -474
5704 -3088 12584 -297 -7246 -474
7880 -3904 11788 -321 -5108 230
7880 -3904 11788 -321 -5108 230
9324 -4696 10904 -239 -7796 -1309
9324 -4696 10904 -239 -7796 -1309
8604 -4572 11896 -267 -6413 -1111
8604 -4572 11896 -267 -6413 -1111
7228 -4436 11420 -1031 -6561 -1996
7228 -4436 11420 -1031 -6561 -1996
8560 -2536 11568 -1347 -7965 -2393
8560 -2536 11568 -1347 -7965 -2393
10424 -5716 10720 -1413 -4372 -671
10424 -5716 10720 -1413 -4372 -671
19840 -7992 6904 3922 8017 -3520
19840 -7992 6904 3922 8017 -3520
17140 -6924 22960 17584 16058 -4208
17140 -6924 22960 17584 16058 -4208
7944 -4136 18016 21202 4810 -11569
7944 -4136 18016 21202 4810 -11569
2284 816 -1200 13024 951 -12533
2284 816 -1200 13024 951 -12533
9068 2624 12300 7816 624 -8875
9068 2624 12300 7816 624 -8875
6392 6184 10064 4967 6660 -8830
6392 6184 10064 4967 6660 -8830
4332 3652 9856 5022 -144 -10952
4332 3652 9856 5022 -144 -10952
3108 6452 17052 3828 9510 -6506
3108 6452 17052 3828 9510 -6506
8260 6948 10088 4956 9719 -7485
8260 6948 10088 4956 9719 -7485
1280 4952 10740 3710 4285 -5926
1280 4952 10740 3710 4285 -5926
692 7708 13504 3171 3586 -5513
692 7708 13504 3171 3586 -5513
1212 7096 11260 2303 3455 -2289
1212 7096 11260 2303 3455 -2289
-2588 8112 10632 1130 -3329 -2684
-2588 8112 10632 1130 -3329 -2684
-500 7420 12976 1454 -1997 535
-500 7420 12976 1454 -1997 535
1328 8504 12556 174 -1994 1293
1328 8504 12556 174 -1994 1293
-1856 7636 11224 -1262 -5259 3757
-1856 7636 11224 -1262 -5259 3757
3328 6604 15760 -513 -11081 1263
3328 6604 15760 -513 -11081 1263
4476 6208 12640 63 -9184 2173
4476 6208 12640 63 -9184 2173
2708 4052 15952 -8624 -8055 4826
2708 4052 15952 -8624 -8055 4826
4764 -2480 16068 -11720 5336 1946
4764 -2480 16068 -11720 5336 1946
3480 -1964 16344 -8821 1728 -4111
3480 -1964 16344 -8821 1728 -4111
276 -3228 13004 -7319 10169 312
276 -3228 13004 -7319 10169 312
5012 -1940 12384 -7032 14197 2836
5012 -1940 12384 -7032 14197 2836
4224 -2996 12692 -4430 6773 1749
4224 -2996 12692 -4430 6773 1749
5408 -220 13400 -2649 9150 3045
5408 -220 13400 -2649 9150 3045
5300 924 12716 -924 7103 1928
5300 924 12716 -924 7103 1928
1640 1468 14392 678 12584 3728
1640 1468 14392 678 12584 3728
2156 2860 11664 -3045 9501 5010
2156 2860 11664 -3045 9501 5010
-2512 -260 7652 -8200 8329 4857
-2512 -260 7652 -8200 8329 4857
60 2336 11148 -7093 7527 2887
60 2336 11148 -7093 7527 2887
-1552 3288 11136 -3130 1494 3059
-1552 3288 11136 -3130 1494 3059
-4680 6064 11064 1422 1850 5764
-4680 6064 11064 1422 1850 5764
-2628 8788 7392 3595 5229 6327
-2628 8788 7392 3595 5229 6327
10892 32767 32767 -32768 32767 21115
10892 32767 32767 -32768 32767 21115
428 -18444 29228 -10308 -29497 -18040
428 -18444 29228 -10308 -29497 -18040
3276 -3020 18072 -4461 -8756 3223
3276 -3020 18072 -4461 -8756 3223
416 -4020 14356 -158 -6668 1691
416 -4020 14356 -158 -6668 1691
0 -4556 13604 -580 2055 3157
0 -4556 13604 -580 2055 3157
-2784 -3084 12008 228 -318 1046
-2784 -3084 12008 228 -318 1046
-880 -3696 13328 207 -2203 545
-880 -3696 13328 207 -2203 545
488 -4376 14700 254 -2941 96
488 -4376 14700 254 -2941 96
-2440 -3828 13372 -221 -4203 -562
-2440 -3828 13372 -221 -4203 -562
868 -3728 13264 572 -2481 -141
868 -3728 13264 572 -2481 -141
-1468 -3852 13440 380 -3881 1243
-1468 -3852 13440 380 -3881 1243
2928 -4164 13764 748 -2608 -514
2928 -4164 13764 748 -2608 -514
1400 -4128 13408 365 1376 130
1400 -4128 13408 365 1376 130
-1792 -3896 13616 840 -2362 293
-1792 -3896 13616 840 -2362 293
-48 -3984 13312 994 -7390 1121
-48 -3984 13312 994 -7390 1121
1304 -4712 13160 2246 -17819 1072
1304 -4712 13160 2246 -17819 1072
12764 -2284 12032 1267 -3897 1681
12764 -2284 12032 1267 -3897 1681
4720 -3708 12932 2842 4590 4934
4720 -3708 12932 2842 4590 4934
2116 -3492 13384 1029 -1576 1340
2116 -3492 13384 1029 -1576 1340
1888 -4172 13452 814 -7648 -297
1888 -4172 13452 814 -7648 -297
7284 -2976 12796 77 -1943 2052
7284 -2976 12796 77 -1943 2052
9936 -2408 10756 276 -13224 -1886
9936 -2408 10756 276 -13224 -1886
3576 -4172 13240 -123 -9789 -667
3576 -4172 13240 -123 -9789 -667
6908 -3964 12136 353 -6293 -356
6908 -3964 12136 353 -6293 -356
5148 -3276 12924 263 -983 180
5148 -3276 12924 263 -983 180
8572 -3556 11752 297 -2998 309
8572 -3556 11752 297 -2998 309
7148 -3752 11728 -1017 -6218 -1842
7148 -3752 11728 -1017 -6218 -1842
9492 -3748 11164 -321 -5742 -2003
9492 -3748 11164 -321 -5742 -2003
10436 -2664 11116 463 -4580 363
10436 -2664 11116 463 -4580 363
8020 -5284 10408 -1248 -5103 -2900
8020 -5284 10408 -1248 -5103 -2900
6960 -7592 13688 1705 1112 -1860
6960 -7592 13688 1705 1112 -1860
8372 -5448 13600 6611 15535 5760
8372 -5448 13600 6611 15535 5760
21952 -6860 14296 8421 3156 -8830
21952 -6860 14296 8421 3156 -8830
-2068 -1776 16060 11879 9556 -13386
-2068 -1776 16060 11879 9556 -13386
6068 -1184 12568 10252 2244 -11297
6068 -1184 12568 10252 2244 -11297
4160 3412 10448 9366 6066 -3828
4160 3412 10448 9366 6066 -3828
8784 2044 11148 8239 6985 -5112
8784 2044 11148 8239 6985 -5112
4296 3592 13984 6385 1146 -9135
4296 3592 13984 6385 1146 -9135
1996 5908 13316 5228 9439 -4250
1996 5908 13316 5228 9439 -4250
2484 6680 11324 4787 2309 -3494
2484 6680 11324 4787 2309 -3494
1948 6060 11720 1877 -109 -3960
1948 6060 11720 1877 -109 -3960
244 7768 10940 -793 -1202 -1731
244 7768 10940 -793 -1202 -1731
280 5904 13524 -3632 -6403 -1908
280 5904 13524 -3632 -6403 -1908
-112 4668 14924 -4521 -9098 -1172
-112 4668 14924 -4521 -9098 -1172
8904 -2252 13332 -4286 -7934 1844
8904 -2252 13332 -4286 -7934 1844
1092 -3292 16712 -11865 -5205 3317
1092 -3292 16712 -11865 -5205 3317
2876 -1356 18572 -15187 2789 5710
2876 -1356 18572 -15187 2789 5710
2216 -2892 17668 -12916 4750 966
2216 -2892 17668 -12916 4750 966
4716 -4332 13504 -8158 8089 -1986
4716 -4332 13504 -8158 8089 -1986
4104 -6756 11712 -1418 8554 -1526
4104 -6756 11712 -1418 8554 -1526
5576 -4616 13340 620 7919 2351
5576 -4616 13340 620 7919 2351
6828 -5396 9452 -817 10259 5616
6828 -5396 9452 -817 10259 5616
2372 -5256 9704 695 7682 2817
2372 -5256 9704 695 7682 2817
3340 -2028 12328 951 10812 4025
3340 -2028 12328 951 10812 4025
964 -964 11800 909 6286 1631
964 -964 11800 909 6286 1631
-648 -784 12808 1118 6744 2219
-648 -784 12808 1118 6744 2219
-2548 -1292 3944 -2729 6434 2630
-2548 -1292 3944 -2729 6434 2630
4320 -1536 8044 1987 -60 -2513
4320 -1536 8044 1987 -60 -2513
-2036 9100 7696 12774 -3269 -2959
-2036 9100 7696 12774 -3269 -2959
-14020 32767 32767 21233 22934 8213
-14020 32767 32767 21233 22934 8213
2184 9040 29428 -6938 -20831 -2840
2184 9040 29428 -6938 -20831 -2840
4208 -2652 17068 1740 5881 11513
4208 -2652 17068 1740 5881 11513
-3028 1492 9060 571 1308 7505
-3028 1492 9060 571 1308 7505
-1880 1892 10704 -6144 -1239 3879
-1880 1892 10704 -6144 -1239 3879
-1428 -656 13568 -7660 -7436 -472
-1428 -656 13568 -7660 -7436 -472
-5128 -5504 15016 -6065 -4102 3493
-5128 -5504 15016 -6065 -4102 3493
-680 -4312 15616 -3068 -3613 4735
-680 -4312 15616 -3068 -3613 4735
-196 -2848 12168 -1721 -4963 1774
-196 -2848 12168 -1721 -4963 1774
-584 -4944 14792 -1347 -5097 85
-584 -4944 14792 -1347 -5097 85
1508 -4512 12752 669 -4328 -293
1508 -4512 12752 669 -4328 -293
-3504 -3952 12960 -185 -925 189
-3504 -3952 12960 -185 -925 189
2148 -3128 12920 847 -3611 113
2148 -3128 12920 847 -3611 113
2496 -4612 13432 749 -2218 -93
2496 -4612 13432 749 -2218 -93
-3248 -4248 13688 343 -43 1054
-3248 -4248 13688 343 -43 1054
1792 -3356 13064 358 1329 468
1792 -3356 13064 358 1329 468
612 -3504 13368 711 -724 258
612 -3504 13368 711 -724 258
420 -4608 13536 642 -2002 28
420 -4608 13536 642 -2002 28
-1332 -4808 13692 1211 -9159 -699
-1332 -4808 13692 1211 -9159 -699
6748 -2432 12704 1464 -3810 2832
6748 -2432 12704 1464 -3810 2832
4644 -3164 9312 1670 -5012 4686
4644 -3164 9312 1670 -5012 4686
8000 -4072 13160 611 -5078 339
8000 -4072 13160 611 -5078 339
-3992 -3396 13984 224 -1607 2254
-3992 -3396 13984 224 -1607 2254
10512 -3868 12364 858 -6939 1543
10512 -3868 12364 858 -6939 1543
4032 -4216 13864 705 -8134 -226
4032 -4216 13864 705 -8134 -226
2556 -5040 12908 481 -2520 1938
2556 -5040 12908 481 -2520 1938
7132 -3952 12676 -31 -8378 -1524
7132 -3952 12676 -31 -8378 -1524
3484 -4200 13872 -439 -5353 677
3484 -4200 13872 -439 -5353 677
9388 -4460 10804 312 -6125 -1086
9388 -4460 10804 312 -6125 -1086
13508 -2652 9864 14 -7375 -1576
13508 -2652 9864 14 -7375 -1576
7532 -4224 12244 488 -2402 471
7532 -4224 12244 488 -2402 471
9496 -3416 12284 -2146 -2836 -1508
9496 -3416 12284 -2146 -2836 -1508
9280 -4304 11016 -239 -361 -889
9280 -4304 11016 -239 -361 -889
13912 -7388 13336 2760 7906 -6000
13912 -7388 13336 2760 7906 -6000
3864 3672 11424 8802 7531 -5366
3864 3672 11424 8802 7531 -5366
13696 -7196 10956 9640 1728 -3006
13696 -7196 10956 9640 1728 -3006
5288 -572 16616 12660 10332 -6873
5288 -572 16616 12660 10332 -6873
4608 -2652 9252 12108 7494 -5604
4608 -2652 9252 12108 7494 -5604
4192 3796 14080 9194 3854 -3915
4192 3796 14080 9194 3854 -3915
4288 5240 11756 7374 9369 -4083
4288 5240 11756 7374 9369 -4083
7192 3088 11392 5540 2327 -5039
7192 3088 11392 5540 2327 -5039
2060 4088 14424 4342 4721 -7743
2060 4088 14424 4342 4721 -7743
6496 3688 10584 6309 3369 -7413
6496 3688 10584 6309 3369 -7413
-2320 5636 14804 6991 3652 -8553
-2320 5636 14804 6991 3652 -8553
-4784 8696 12064 5238 -2592 -11134
-4784 8696 12064 5238 -2592 -11134
-464 5124 11384 4849 4480 -631
-464 5124 11384 4849 4480 -631
-3876 7776 8456 1713 -449 1653
-3876 7776 8456 1713 -449 1653
-1064 8220 9624 -2611 -6114 1336
-1064 8220 9624 -2611 -6114 1336
984 7168 13156 -5998 -10233 -238
984 7168 13156 -5998 -10233 -238
6080 4860 16396 -4814 -17545 -5469
6080 4860 16396 -4814 -17545 -5469
3664 1784 18948 -6794 -6647 -1839
3664 1784 18948 -6794 -6647 -1839
3052 -1564 18312 -13413 4454 2328
3052 -1564 18312 -13413 4454 2328
980 -4456 15136 -11574 3734 -2276
980 -4456 15136 -11574 3734 -2276
2384 -5968 13568 -7020 4860 -2720
2384 -5968 13568 -7020 4860 -2720
2640 -5764 12500 -3680 10290 -822
2640 -5764 12500 -3680 10290 -822
4512 -4728 13028 -360 8147 3212
4512 -4728 13028 -360 8147 3212
6012 -3396 11948 -159 15506 7463
6012 -3396 11948 -159 15506 7463
1632 -3328 9852 318 9037 5304
1632 -3328 9852 318 9037 5304
2480 -336 9200 -229 15570 7968
2480 -336 9200 -229 15570 7968
1084 -144 5496 -3238 12424 7540
1084 -144 5496 -3238 12424 7540
976 2796 6044 -6959 11271 7538
976 2796 6044 -6959 11271 7538
-1364 8444 8480 2265 4071 5484
-1364 8444 8480 2265 4071 5484
452 15704 7476 7141 622 5663
452 15704 7476 7141 622 5663
-10920 32767 32767 -32768 32767 3342
-10920 32767 32767 -32768 32767 3342
-9044 -13524 20600 -10358 -32768 -11906
-9044 -13524 20600 -10358 -32768 -11906
2864 -2696 15760 -4868 -12957 3153
2864 -2696 15760 -4868 -12957 3153
2680 -6404 15956 -1240 -8684 4009
2680 -6404 15956 -1240 -8684 4009
-1772 -3636 13496 116 -1078 6015
-1772 -3636 13496 116 -1078 6015
2152 68 10880 299 -4171 483
2152 68 10880 299 -4171 483
-612 -6212 16908 -2029 1591 -564
-612 -6212 16908 -2029 1591 -564
-428 -2456 12592 -757 5688 -989
-428 -2456 12592 -757 5688 -989
-5032 -3568 12948 853 -2790 1023
-5032 -3568 12948 853 -2790 1023
2488 -2572 12808 898 522 1230
2488 -2572 12808 898 522 1230
-1568 -2932 12868 500 -143 1072
-1568 -2932 12868 500 -143 1072
-708 -4372 14468 810 -5654 1685
-708 -4372 14468 810 -5654 1685
-2884 -3964 14200 -769 -2779 -213
-2884 -3964 14200 -769 -2779 -213
3616 -2220 12720 29 -1291 2362
3616 -2220 12720 29 -1291 2362
-712 -4764 14128 77 -6921 -1856
-712 -4764 14128 77 -6921 -1856
940 -2184 13800 -1273 -5255 1730
940 -2184 13800 -1273 -5255 1730
5504 -4036 13444 561 -15636 -387
5504 -4036 13444 561 -15636 -387
5228 -3560 12752 413 -3159 -420
5228 -3560 12752 413 -3159 -420
6456 -3756 12152 1180 -3084 -35
6456 -3756 12152 1180 -3084 -35
2596 -3228 13148 482 -143 730
2596 -3228 13148 482 -143 730
5544 -3052 13360 422 1393 321
5544 -3052 13360 422 1393 321
6268 -3552 12928 354 1109 -122
6268 -3552 12928 354 1109 -122
3600 -3656 13616 1145 -2445 1118
3600 -3656 13616 1145 -2445 1118
2460 -2648 13476 503 -7605 -444
2460 -2648 13476 503 -7605 -444
5688 -3156 12116 -797 -2760 1258
5688 -3156 12116 -797 -2760 1258
8004 -3660 12552 -205 -487 1245
8004 -3660 12552 -205 -487 1245
7668 -3180 12232 440 -2016 1113
7668 -3180 12232 440 -2016 1113
5876 -3980 12556 426 -7747 -1893
5876 -3980 12556 426 -7747 -1893
6604 -3784 12404 -294 -6247 -1829
6604 -3784 12404 -294 -6247 -1829
8148 -3164 11896 -251 -1224 572
8148 -3164 11896 -251 -1224 572
8140 -3420 11988 -659 -3492 1238
8140 -3420 11988 -659 -3492 1238
9916 -4872 10000 -3180 -5707 -1936
9916 -4872 10000 -3180 -5707 -1936
10184 -5792 11256 -985 -4563 -2624
10184 -5792 11256 -985 -4563 -2624
19356 -11040 19444 9280 23326 -6545
19356 -11040 19444 9280 23326 -6545
10032 -6216 13072 20041 3357 -22127
10032 -6216 13072 20041 3357 -22127
4884 -5028 17044 19088 8290 -13363
4884 -5028 17044 19088 8290 -13363
-1384 6060 1772 14676 8650 -6559
-1384 6060 1772 14676 8650 -6559
5276 7904 10792 6121 3619 -11134
5276 7904 10792 6121 3619 -11134
4420 6004 10332 2616 3033 -6088
4420 6004 10332 2616 3033 -6088
764 8076 11740 -567 2946 -7594
764 8076 11740 -567 2946 -7594
2288 4228 12352 1560 453 -3787
2288 4228 12352 1560 453 -3787
-64 8300 11820 772 -109 -4836
-64 8300 11820 772 -109 -4836
3632 6856 11896 -450 321 -1754
3632 6856 11896 -450 321 -1754
1536 5868 14184 -1220 -709 -3985
1536 5868 14184 -1220 -709 -3985
3440 4560 14260 482 -4412 -5804
3440 4560 14260 482 -4412 -5804
1636 6936 11880 937 -1538 -2972
1636 6936 11880 937 -1538 -2972
464 6576 13108 1637 -295 -576
464 6576 13108 1637 -295 -576
2396 6140 12552 1172 -1130 189
2396 6140 12552 1172 -1130 189
2120 6844 11992 780 -1579 214
2120 6844 11992 780 -1579 214
3372 6600 11704 -784 -1466 -388
3372 6600 11704 -784 -1466 -388
4268 6012 13448 98 -551 85
4268 6012 13448 98 -551 85
2756 6172 13304 905 -1346 -2303
2756 6172 13304 905 -1346 -2303
3716 6232 12372 1188 -666 -2375
3716 6232 12372 1188 -666 -2375
2708 7188 11876 540 8 -2923
2708 7188 11876 540 8 -2923
2064 7528 11824 -1049 -2865 -3859
2064 7528 11824 -1049 -2865 -3859
2656 7124 12516 -2638 -4805 -3493
2656 7124 12516 -2638 -4805 -3493
3256 7116 15472 -5531 -948 -1961
3256 7116 15472 -5531 -948 -1961
2404 5004 15928 -7632 -1487 -1681
2404 5004 15928 -7632 -1487 -1681
2660 3164 14904 -7372 535 -1041
2660 3164 14904 -7372 535 -1041
3048 2336 13752 -6708 2093 -812
3048 2336 13752 -6708 2093 -812
3528 1840 12896 -5061 1594 -89
3528 1840 12896 -5061 1594 -89
3148 1428 11564 -4763 1983 363
3148 1428 11564 -4763 1983 363
2952 1880 12308 -3387 3236 635
2952 1880 12308 -3387 3236 635
3908 1720 13196 -2065 847 -494
3908 1720 13196 -2065 847 -494
3288 1164 13436 -346 3603 -1474
3288 1164 13436 -346 3603 -1474
1252 720 13960 2091 1174 -3445
1252 720 13960 2091 1174 -3445
364 -1332 13844 3497 1575 -2694
364 -1332 13844 3497 1575 -2694
-1756 -1040 13080 2857 -712 -76
-1756 -1040 13080 2857 -712 -76
-1268 -1044 11976 29 542 3622
-1268 -1044 11976 29 542 3622
984 -1936 11432 -2074 -266 5154
984 -1936 11432 -2074 -266 5154
1732 -1200 11740 -4101 -2967 5606
1732 -1200 11740 -4101 -2967 5606
4012 -624 13172 -4715 -1388 6971
4012 -624 13172 -4715 -1388 6971
3100 900 13124 -4548 -3445 6738
3100 900 13124 -4548 -3445 6738
5636 832 16060 -2089 -3220 3749
5636 832 16060 -2089 -3220 3749
4372 2176 16832 -19 -2096 1976
4372 2176 16832 -19 -2096 1976
4952 316 16668 3021 1719 1694
4952 316 16668 3021 1719 1694
3132 48 15200 7413 681 -150
3132 48 15200 7413 681 -150
112 1012 16204 7895 7230 -865
112 1012 16204 7895 7230 -865
2572 1676 15612 6494 3275 -2144
2572 1676 15612 6494 3275 -2144
2544 2324 16960 4124 2253 -2973
2544 2324 16960 4124 2253 -2973
1616 2700 16836 2220 3023 -3747
1616 2700 16836 2220 3023 -3747
-200 4096 14900 3112 3295 -4714
-200 4096 14900 3112 3295 -4714
2024 4420 13004 2826 3961 -2823
2024 4420 13004 2826 3961 -2823
-300 4684 12172 38 9536 -3187
-300 4684 12172 38 9536 -3187
1308 3124 10196 -1417 4639 -4702
1308 3124 10196 -1417 4639 -4702
-52 1604 10252 -2275 2271 -5705
-52 1604 10252 -2275 2271 -5705
-876 12 10672 -1268 -1468 -5574
-876 12 10672 -1268 -1468 -5574
-1396 -752 11820 1407 -2673 -3161
-1396 -752 11820 1407 -2673 -3161
-928 692 12648 2203 -1056 45
-928 692 12648 2203 -1056 45
-1944 1276 14144 2077 -2759 485
