64 16252 -3312 19 -26 126
968 16252 -3268 203 75 57
952 16288 -3488 344 -71 39
828 16228 -3344 362 -89 175
928 16344 -3408 396 -3 190
1020 16384 -3476 402 -45 231
964 16268 -3448 318 -61 247
1020 16324 -3232 284 10 180
1068 16260 -3380 420 46 192
1148 16420 -3528 374 153 -26
888 16312 -3508 317 56 61
1016 16288 -3528 319 153 78
944 16200 -3440 352 84 6
988 16292 -3528 353 159 50
912 16216 -3500 354 24 30
860 16356 -3528 370 18 72
944 16244 -3760 422 -1 106
968 16208 -3540 385 -31 80
980 16216 -3556 364 101 63
1012 16180 -3796 504 256 -97
780 16364 -3700 282 531 -492
516 16276 -2936 231 80 106
684 16328 -3736 1037 -184 404
704 16508 -3604 825 -543 449
944 16192 -4088 754 -284 87
824 16228 -3796 492 -148 214
1040 16360 -4112 464 -158 188
908 16220 -4004 302 184 -9
916 16348 -3912 266 54 -38
880 16204 -3808 54 169 -29
800 16380 -3904 47 255 61
812 16460 -3880 -75 120 167
772 16232 -3588 130 79 248
888 16412 -3752 204 -150 251
936 16292 -3980 225 -188 166
940 16332 -3564 215 -152 111
892 16276 -3744 168 -75 19
860 16284 -3776 140 -66 41
904 16256 -3752 132 26 29
852 16308 -3708 151 50 -80
796 16312 -3840 253 -20 -40
804 16344 -3624 228 -20 37
740 16232 -3664 279 -6 97
672 16292 -3720 316 7 111
788 16312 -3748 257 12 89
764 16336 -3908 258 -42 191
748 16336 -3632 274 -20 190
804 16276 -3616 260 67 135
772 16276 -3668 359 83 159
672 16208 -3808 401 44 306
676 16400 -3704 388 55 292
856 16376 -3644 422 50 246
896 16296 -3824 479 25 184
724 16276 -3620 426 -101 277
868 16388 -3876 525 -235 350
996 16256 -4016 369 57 180
908 16272 -4008 27 127 27
832 16348 -3964 -50 113 -91
600 16112 -3544 42 -31 95
880 16328 -3528 32 -206 129
1072 16360 -3860 146 204 19
676 16296 -3828 -353 21 171
1012 16604 -3988 -748 -128 69
1000 16468 -3536 -1041 44 -469
956 16240 -3360 -1283 91 -852
948 16192 -3420 -1040 1013 -1455
1488 16536 -2484 -915 3489 -1782
2084 18852 -2916 -1710 3572 -1422
680 19688 -3808 1020 95 -6950
2444 18344 -3592 1576 -3608 -7852
6740 14060 -1100 -340 -1185 -2348
6460 13396 -876 -267 -159 3266
5256 14972 -1740 -466 1493 10264
4568 16800 -2052 -549 2089 12421
3220 17628 -2588 -3055 3590 14897
3900 15712 -2448 -3023 2246 13624
-1660 16908 -2320 -4379 2031 12390
-616 14800 -2836 -2519 -334 7871
1004 15320 -2220 -2260 -2362 6323
1856 14600 -2924 -689 -3283 2788
1552 15420 -2536 2133 1 -1191
14208 18948 -2852 8860 -4959 -15348
3512 16296 -5556 -1578 212 -9290
3936 15236 -1712 1097 3311 -6453
4424 16624 164 3701 -511 -6774
1456 18328 -4020 1755 800 -2705
3072 16076 -4136 1525 -103 -1124
2132 16484 -2624 1323 -729 -856
2872 16368 -3332 1360 -688 -1062
1556 17252 -2764 1349 -1462 -1118
2236 16180 -2512 1640 -1149 -1056
2696 16620 -4032 1859 -1422 -1492
3272 16064 -4084 1423 -866 -2124
2052 16220 -4116 1704 201 -2117
1640 16376 -3972 1505 220 -960
1452 16404 -4492 1475 -152 -1003
1748 16652 -4112 1579 -766 -1361
1416 16404 -4924 1089 -1118 -1623
2504 16128 -6568 1300 95 -2492
1032 15104 -5176 1870 1707 -2113
716 16788 -4676 3043 2472 -2052
688 16932 -4252 1955 1007 -1767
-136 16344 -5916 1180 1445 -3189
-576 16832 -4916 2096 216 -2956
-536 16788 -6664 932 -364 -5084
972 18808 -6052 -794 -2295 -5170
132 19176 -4456 -767 -1725 -8763
-612 18384 -4876 -3223 -2794 -10623
-1920 15956 -5228 945 -4326 -14464
-4240 21092 -7860 2759 -3490 -18228
-6624 19448 -4776 7051 -7694 -19240
-668 15044 -4560 -4178 -6936 -233
5780 8148 -152 -2818 586 4596
2536 9528 -1536 -849 1700 16459
2712 12800 -2112 -2252 411 24595
188 19780 -4352 -1604 2332 26985
-524 21576 -4776 -2052 6693 23552
-1088 23528 -5728 -4055 6561 16933
-8028 25692 -7588 -7187 4844 20270
-4448 18796 -3464 -4591 1778 19079
-7600 14416 -4380 -1600 -1189 7857
572 14628 -2780 283 -2433 416
3176 13216 -2104 1320 -2295 1450
3496 14028 -2700 631 -1069 -430
1640 14544 -1892 2383 4814 -2742
148 15884 -1268 5650 4682 -7336
19368 14812 -176 3940 -17171 -29534
-3852 14848 -1968 5240 -8690 -13420
5660 20136 -15220 184 3817 -1551
2596 16320 -2608 -402 1 -2933
1688 16584 -1692 2909 2917 -1613
2056 16168 -3064 1961 -586 16
5364 15976 -5360 1016 -245 -1328
3944 16120 -4972 906 -1848 -3281
4816 15504 -5624 244 444 -6147
-1552 17020 1036 -1447 4789 -5105
272 17052 -2492 1290 -312 -3666
548 15604 -3504 1045 -619 -1942
1424 16176 -4740 1415 54 -967
2696 16300 -5748 1289 1242 -1789
648 16424 -3868 1221 1450 -2354
-104 16232 -3644 1106 1606 -2452
-160 16224 -4564 1232 223 -2226
-908 15632 -3736 1735 -1398 -934
-172 15904 -5176 1398 -1262 -1241
-40 16504 -5448 1585 -654 -2683
-272 16684 -5584 862 -135 -3844
-672 17172 -5872 298 -415 -5205
-8 19536 -4756 289 -2167 -6422
600 19088 -4380 785 -2043 -10272
-988 19696 -5604 365 -4392 -11592
-1728 17092 -5480 2325 -8106 -16737
-2276 20096 -6772 7347 -7526 -22013
-8488 15548 -5524 -1194 -5976 -14483
8020 9340 1140 -2656 -11747 6984
3452 9316 -1440 -1203 -5168 16606
-112 12256 -1808 810 -207 24332
-312 18480 -3004 2460 6109 25831
-3348 18820 -4068 -240 9756 21797
-1716 20280 -4328 -4246 6133 13902
-3064 19124 -3504 -1904 3781 10445
-2528 21456 -7444 -1390 5037 19189
-1964 19704 -2540 -4551 4477 18834
-4172 15692 -3596 -3793 1180 13106
-2848 15516 -3388 -426 -5058 1987
4468 13212 -1144 1606 -2215 -3628
7340 13052 -1896 497 1284 -323
6184 13308 -1868 454 1476 1993
2272 14712 -1528 1239 76 646
-516 16692 -3388 2802 2541 -3298
16528 21808 1152 4146 -11483 -32768
-3984 20700 -3088 -1015 876 -2053
4400 14400 -3404 829 1128 -1295
7256 16152 -4988 2366 -1389 -3070
3416 15364 -1868 1735 576 -2546
4288 15940 -3084 2163 548 -2052
4268 15920 -3824 2280 656 -1989
4348 16152 -4816 1857 1642 -3000
2712 16832 -2664 1733 2495 -2805
1928 16476 -3108 1528 2429 -2282
2264 16224 -3824 1324 1704 -2006
2372 16292 -4048 1565 1595 -2172
1604 16336 -3792 1412 1013 -1974
2024 16268 -4584 1356 1132 -2242
1164 16888 -4700 917 259 -670
2692 16272 -4684 782 -257 -1572
432 15956 -3188 1325 -1333 -1626
2224 17204 -5704 1423 642 -2921
820 16700 -4380 1081 -772 -3834
1000 17696 -5272 1218 -1392 -3644
1092 19004 -3880 -937 -3321 -5834
612 18000 -4192 312 -2468 -8354
1132 17364 -4732 -44 -2945 -10716
-2148 15956 -3860 1973 -4202 -11749
-1384 20320 -5580 2438 -3753 -12643
-1628 20672 -6740 5891 -5856 -16964
1664 14416 -2916 2236 -1901 -2315
-564 12356 -3016 -417 -8796 3717
-60 11796 -2040 -3800 -11466 11051
1036 13324 -1316 -2723 -4467 17182
-584 17536 -1412 1870 4262 19023
552 19028 -4128 -1031 7092 17506
2720 18956 -3936 -2006 5595 13487
1576 20480 -4332 -3168 6217 12775
-2832 20900 -5964 -5214 6168 17094
-44 19496 -5200 -3375 4367 16767
-3972 16720 -4112 -1758 867 11517
-2716 15480 -4432 377 -3395 5280
980 14580 -2156 1419 -3332 -952
5252 12748 -1276 2647 1302 -1600
5940 13524 -1280 2508 2736 88
5160 15344 -1828 2792 -641 145
5380 15144 -1716 1230 -1932 -879
2116 15500 -1360 3556 765 -2787
-980 16544 1032 8594 3691 -8991
-6336 18568 -8868 -9861 -7867 -27948
-2084 17576 -3576 2134 938 -4145
604 15364 -960 1539 -377 -2009
6176 16424 -5420 957 -280 -2175
3872 15860 -3628 1870 -21 -2225
3100 15944 -3244 2023 1478 -2048
1472 16504 -2292 2334 373 -1711
2848 16016 -3664 1709 -475 -1800
2288 16168 -3044 2514 -1547 -1746
2912 16836 -4280 723 -1527 -2016
2388 16348 -3636 499 -600 -1807
2152 16676 -5024 898 -499 -1292
1744 15956 -4488 1769 -654 -1867
2004 15944 -5520 1727 -97 -2345
1164 16188 -4640 1723 162 -2059
1600 16632 -5752 2081 -10 -2254
608 16356 -4948 1472 203 -3062
304 16808 -5328 1776 94 -3212
-148 15628 -6220 1362 1101 -3324
-432 15912 -5344 1830 1352 -3310
112 16448 -5688 2231 279 -2976
-48 17412 -6808 607 320 -5292
-252 18384 -5708 1299 -1278 -6749
256 18192 -4564 470 -1507 -9335
-1396 18204 -4352 685 -3729 -11548
-1412 17308 -4604 4560 -8192 -15879
-7156 18088 -8552 7113 -6429 -18262
-480 13288 -7136 -1920 -9040 -4683
4888 11272 -2808 -2219 -2639 5169
-920 12532 -3048 -2403 -1152 13127
-1828 14636 -3260 -2984 -711 15515
-1636 17092 -4820 -2641 487 19263
-904 18116 -4884 -2006 3886 17676
-944 18600 -5592 -2082 6593 16639
148 18852 -6488 -1756 4867 13103
-2672 18932 -4616 -3704 6283 14919
-1864 18460 -4672 -2479 1763 13125
-3960 17224 -3436 -4622 2681 11210
-2364 15716 -2780 -1205 -2313 8007
3140 15260 -2084 -234 -3307 1432
5944 14528 -1572 -147 -3177 1192
3216 14588 -2616 997 711 62
2152 14640 -2180 2859 5361 -4782
32532 15432 4376 8865 -7692 -10864
-260 17736 -3860 -4 -2821 -9931
3880 16232 -6480 2370 3845 -3438
4612 15836 -4036 -110 201 -3149
5932 16092 -3460 2099 2343 -2939
2892 14796 -2612 2150 3353 -2721
3252 16588 -1492 1683 1506 -1932
3320 15948 -4224 714 266 -2166
3256 16192 -3172 900 1196 -2326
3132 16268 -3780 820 888 -2375
2984 16092 -3684 1352 119 -2222
2648 16000 -3728 1363 -399 -2331
2260 16480 -3916 1579 -323 -2556
920 15988 -3340 911 -1247 -2063
1336 16068 -5000 1201 -1155 -1092
1464 16172 -3860 1385 -1081 -584
1424 16168 -4484 552 -118 -1523
1528 16312 -4628 796 200 -1750
1160 16540 -4864 837 293 -2183
440 16576 -4176 739 -128 -2776
356 16260 -5088 291 -973 -3697
424 16884 -4040 936 -1153 -3921
700 18352 -3948 231 -862 -5586
124 17792 -4176 310 -1244 -7865
-8 16240 -3932 574 -481 -9505
-1652 16672 -4680 1285 -2033 -10833
-2640 16620 -3612 1988 -4218 -13084
-4120 17212 -3532 6105 -4439 -16179
-8620 18460 -6836 6599 -2665 -16321
-1084 11708 -4952 -207 -9336 674
3268 10788 -4160 -3833 -13336 6021
576 12652 -2572 -3081 -4819 15715
-388 15336 -2464 -512 7809 19638
-2316 17836 -4148 1341 7960 20481
-1908 18704 -4076 -1450 2919 17154
1464 17352 -2808 -1434 2531 13569
36 18984 -4228 -266 10294 9426
-6272 20212 -6448 -327 12554 17556
-2324 18136 -7076 -3450 1440 12327
240 16524 -4960 -3398 -6121 11029
1864 15432 -3964 -1319 -4294 8193
2784 14680 -3332 -358 -2035 5436
4180 13656 -2536 -598 -1656 4822
1224 13920 -2312 1068 -108 2100
-2016 15732 -1828 3843 3660 -4495
32767 23232 -12396 3633 -17684 9500
27908 25176 11872 -1049 -6 -8564
2688 17184 -3312 1186 2523 -5872
4088 15120 -5152 959 1037 -3087
3892 16596 -3276 66 1944 -3167
2740 16436 -3112 1632 453 -1940
3856 15968 -3784 1075 -168 -1556
3892 15960 -3380 1104 -365 -1316
3824 16108 -3172 1197 -1166 -1589
3076 16296 -3656 1094 -570 -1352
2968 16036 -3596 924 -761 -626
4508 15864 -5028 827 -522 -217
4096 16124 -5600 675 -229 -505
4528 15724 -6284 1163 523 -2136
508 16256 -2728 3290 82 -2197
3412 16512 -5476 1726 1370 -3025
808 15592 -3264 2838 605 -2678
1760 16588 -5244 1722 742 -2689
1440 16260 -5264 1157 -114 -3084
900 16532 -4672 1195 -257 -3068
480 16312 -5132 1066 -270 -3349
592 16596 -5580 345 -173 -4299
912 17068 -6636 2 -1236 -5403
1224 19580 -3988 -844 -3342 -9072
-104 18356 -3780 457 -3624 -13078
-2244 15484 -1568 3088 -6601 -12557
-3340 16732 -3524 5864 -8355 -14047
-7340 20704 -7404 7959 -7522 -13086
4384 15104 -6444 -4343 -4989 -2081
2176 8856 -2900 -5031 -6088 6711
1796 11348 -3204 -1823 -2607 16900
920 15720 -3468 -1702 4514 21258
784 19432 -5448 68 8008 21681
1112 19640 -4440 -1555 7966 19347
3636 20700 -4876 -2255 6916 11633
-5132 23916 -7880 -1278 5096 10890
-1100 16876 -2876 -6559 1375 18829
-3184 18212 -4476 -2516 -825 11606
-1320 16012 -2480 188 -2192 4384
-132 14160 -2276 1128 2522 -1858
4696 13788 -2084 2019 4647 -3143
5836 12660 -2088 1842 2786 1615
3116 14332 -3672 475 -3042 3257
1388 15376 -2976 1423 -2837 193
1660 14720 -1616 4849 4469 -6399
-14420 21548 -12600 576 649 -13611
2360 18308 -5372 709 -1699 -5031
2844 14640 -2980 2041 -729 -4242
3076 17016 -3128 2550 -1295 -1356
3360 16344 -3152 283 -503 -968
4912 16064 -4320 897 -1516 -1019
4140 15872 -3772 1517 113 -1283
3788 16172 -4100 1201 -774 -1769
3560 16116 -3844 1535 -1242 -1683
3056 16172 -4416 1456 -198 -308
3264 15672 -4048 1544 -141 359
3692 15940 -6104 1425 -278 -844
4360 16060 -5240 1967 167 -2630
3652 16224 -6256 1686 974 -3303
3004 16256 -5228 1832 1238 -4604
2964 15824 -6128 700 2775 -4664
-92 16812 -1972 3198 1328 -2539
1284 16540 -6656 948 -167 -3679
836 16740 -5536 2021 -618 -4277
-4 16096 -5952 789 -1105 -4508
920 15828 -6600 1358 -615 -5211
-2108 16208 -4892 930 55 -4051
-848 16912 -5400 1382 -1754 -3770
692 19912 -7000 -456 -3536 -6650
-796 18704 -3240 -1675 -5068 -10080
2024 18684 -3664 23 -2466 -14553
-6064 17876 -9352 7831 -4934 -14795
4740 14040 -3808 -2922 -8212 -654
4000 10616 -2644 -4433 -8824 5312
2536 11516 -2544 -1491 -2751 13718
-1092 16796 -4520 374 1644 17405
-1276 18504 -4936 -160 2877 15850
380 16604 -3472 -206 8019 15357
4104 17872 -4964 -281 10852 13720
1660 19516 -5208 -3481 10017 11712
-2068 22004 -8636 -2659 7929 18200
-3132 18788 -5936 -5599 2498 14629
-4452 16424 -4880 -1872 -4250 8413
-2232 14520 -2204 453 -6596 1038
3580 14940 -1484 1797 -1561 -2468
7612 13848 -1732 648 5355 -1635
5696 14880 -3504 2171 6480 1583
1172 15760 -3648 1804 739 -32
3736 16468 -1148 4832 -1152 -6325
-5892 21036 -3184 -2764 235 -7019
6448 14676 -3828 2470 -7478 -10060
3240 18332 -8008 218 7352 -5806
496 16920 64 -341 2913 -4170
2336 16844 -2480 1612 1332 -590
2348 16360 -2772 1863 -128 21
3216 16144 -3556 887 -573 -995
3180 16216 -4232 1422 451 -1277
2632 16280 -3620 1179 472 -1633
2624 16308 -4036 787 66 -1385
2620 16288 -4224 664 -619 -1373
2420 16332 -4068 848 -26 -1470
2228 15928 -4032 1102 294 -1612
2336 16244 -4224 873 4 -1951
1832 16256 -4200 858 972 -2879
1284 16356 -4596 715 -99 -3046
1148 16336 -4600 556 -299 -3452
228 16416 -4412 522 -467 -3945
-16 16436 -4532 371 -1151 -4680
-476 17252 -4388 187 -2330 -5093
-1524 16868 -2196 95 -2507 -5039
-100 18396 -4352 -942 -281 -8667
-1552 17916 -2460 1155 -771 -9457
-1040 16024 -6872 -1213 -1802 -13397
-4136 16424 -4580 1689 -6206 -15332
-5456 18600 -5132 1026 -8742 -17093
-7712 16336 -3924 3874 -11817 -20316
-2884 11924 -1060 1424 -6030 -2624
-1584 8616 -1048 3682 1856 9251
8 10164 -472 3776 -3123 21016
1288 14344 -2352 1270 -411 24389
580 18584 -3272 1146 6163 25830
2444 19988 -3340 1064 12587 23713
2952 22544 -5660 -959 11950 17213
-2900 24228 -10576 362 10505 11607
-6100 16432 -3704 -10037 7222 16596
-4904 17268 -5676 -2176 -1793 12733
-988 15376 -3136 -494 -3407 4516
2840 13900 -1204 1816 -1400 -99
5212 14108 -1488 1671 919 1596
2540 14924 -2136 1797 3922 2180
692 16548 -3468 2318 2813 -1569
7036 16368 -1260 6093 -2275 -6648
-1964 22868 -4188 -4884 -256 -4969
6352 14616 364 2022 1596 -5090
3860 14236 -708 4410 143 -5783
5044 18252 -908 3777 1809 -1960
1596 16872 -4204 595 941 -366
5276 15716 -4444 1268 909 -198
5608 15960 -5480 1084 341 -2079
3012 16148 -2952 1288 1512 -2307
2752 16776 -3396 1147 -304 -1718
3120 15740 -3812 1148 773 -1924
2768 16644 -4248 1148 500 -1468
2308 15908 -3512 1926 -1092 -1804
2832 16216 -4824 1830 -434 -1759
2652 16224 -4728 1570 -208 -1953
1908 16296 -4640 1396 22 -1954
1592 16216 -5048 1189 20 -1957
1460 16272 -5220 863 43 -2150
1272 16308 -5264 1038 -489 -2108
932 16228 -4752 1178 -970 -2286
860 16228 -4996 1004 -378 -2810
424 16304 -5724 1699 104 -2917
240 16244 -5600 1146 305 -2870
-396 16732 -5128 732 -140 -3280
-428 16740 -5048 214 -1254 -3254
828 18112 -7328 531 -753 -4914
108 18064 -5408 52 -497 -7640
-640 18432 -5380 -863 -3150 -9635
-308 17528 -4484 2653 -4677 -13909
-6536 17612 -4824 6285 -6162 -16826
-4104 21004 -10880 4811 -7176 -14804
5024 11636 -3404 -3981 -11561 -2179
3896 7768 -1520 -4160 -6665 6757
1284 11876 -2748 205 768 15756
40 16056 -3184 -538 5218 19532
-984 18604 -5072 -1056 8219 18137
556 18908 -5520 -1785 8358 19029
636 20168 -5352 -3666 7246 14408
-356 22208 -6708 -3828 6059 13084
-3160 20392 -5100 -8639 6051 18055
-3296 18340 -5408 -1633 -1058 16191
-5452 16896 -5060 578 -7077 6947
-600 14040 -3396 1705 -9211 -2267
6292 13900 -2148 3257 -7676 -3747
6028 13980 -1404 -466 2410 2073
2560 15920 -3328 1309 8016 2008
-1188 15308 -3952 2855 5655 -2323
17908 16736 -5192 4842 -10279 -22969
2704 16392 -4192 -275 2698 -8156
2592 14320 32 196 3473 -4206
4576 16528 -2816 1756 -253 -2025
1644 15576 -696 2126 1078 -1100
4472 16304 -3216 890 -342 -253
4792 15912 -4376 1426 -627 -525
5424 15984 -5936 1760 -455 -1432
4348 16316 -4248 2234 -1552 -2906
3568 16160 -3300 2045 -1085 -2141
3316 15980 -4112 1877 454 -1922
2896 16096 -3916 1972 -80 -1175
3048 15896 -4824 1376 167 -1000
3748 16156 -5996 1335 954 -1685
3716 15944 -6348 1392 1682 -2588
1636 16584 -3124 1705 1208 -2026
1884 16104 -5384 1199 263 -1944
1748 16260 -5224 1260 174 -2242
1644 16328 -5564 1601 27 -2502
580 16368 -5272 1220 -325 -2781
780 16492 -5080 1341 -736 -3078
540 16788 -6052 1090 -479 -3824
1080 18112 -5496 832 -1199 -4792
924 17996 -5068 -402 -1584 -7986
48 17592 -4960 199 -1481 -9117
-604 17432 -5516 193 -3906 -11000
2968 19180 -6112 1691 -4966 -14615
-6892 18328 -5476 5331 -8066 -18073
-4112 17452 -10492 1357 -11746 -8062
4056 9536 -692 -7683 -13533 245
4040 7996 16 -547 -3855 11483
528 13508 -1564 2922 3785 18788
-2100 17844 -3064 2881 4608 20842
-388 19664 -5400 -1156 6168 18542
1496 19384 -5008 -853 8331 15679
1012 19836 -5212 -2433 8177 10642
-4944 23560 -7580 -5548 7750 15786
-2440 18688 -4516 -4391 3313 17776
-2152 17184 -5628 -2916 155 9960
-808 15360 -4220 313 -3271 3213
3184 13592 -3200 2642 -1761 -50
5888 13544 -2596 2663 1568 108
4924 14108 -2204 1854 2608 2216
4852 13632 -1260 702 -45 1744
3900 16120 -804 3403 980 -322
16980 21048 -856 7669 -7154 -7875
4904 14700 -2308 -1159 -2788 -11811
4028 15776 -3616 642 5437 -6632
1496 17340 -5292 2676 3156 -2849
2472 16484 -2952 -277 509 -1547
3384 17212 -5052 753 36 -683
3296 16340 -3736 569 -196 -1287
3612 15740 -3400 1738 73 -1368
3608 16052 -4076 617 -69 -1862
2820 16208 -3916 1158 429 -1856
3116 16124 -4280 985 1220 -2029
2972 16236 -4328 1377 1528 -2142
2292 16380 -4200 1177 915 -2093
2136 16380 -4452 871 220 -2238
1716 16360 -4528 891 0 -2458
1072 16264 -4192 631 -297 -2944
1520 16420 -5368 6 -326 -3234
588 16308 -4456 370 -614 -3177
188 16036 -4784 513 -76 -3722
-492 15908 -4484 901 -112 -3378
-624 16416 -4720 942 -621 -3435
356 17764 -5060 490 -1813 -3904
1012 19852 -3808 296 -1268 -5893
636 18816 -3660 97 -2439 -10069
-3016 17940 -3884 1592 -3988 -11367
-2088 18192 -4016 2300 -6510 -12539
-4468 19160 -5928 7858 -9760 -16257
3716 13896 -5424 -323 -10271 -6633
5384 8832 -1492 -3851 -4560 4386
4148 10004 -3404 461 -823 16076
720 14908 -3084 43 421 20667
776 19508 -4112 1990 5469 21698
-960 20516 -4692 1033 6531 18350
1020 20388 -4076 -1263 6290 13644
-4524 21628 -6048 -3901 9435 17519
840 18892 -4676 -2832 5807 15691
-544 18428 -4864 -4707 6683 11274
-560 16100 -4844 -437 3586 8160
-548 14672 -3952 824 -466 3590
2820 14368 -2024 2212 -2824 -147
6132 14248 -1904 1960 1577 -1135
6184 13668 -2604 2867 5470 224
4416 14832 -2756 2690 -168 382
3776 14836 -3256 1263 -3269 -1753
10828 11060 4584 7948 3999 -7570
-6988 22128 -5648 4348 19383 -5946
3556 13872 -236 -238 2214 -7035
400 22824 -11012 5253 2303 -1543
4100 15444 -1900 -2507 -1816 -2296
3792 16320 -4732 950 -1404 -1679
2728 16356 -1824 2922 -1862 -1234
3704 15856 -3400 901 -1075 -1585
3856 15976 -6132 2114 -95 -407
4404 16168 -7084 1499 -729 -787
3492 16324 -5036 1175 118 -1824
1632 16320 -3572 1097 -176 -785
1816 16524 -3708 1684 -1957 -774
2156 16048 -4720 1039 -516 -718
2756 16196 -5280 1154 -680 -1152
2172 15796 -5176 1106 497 -1658
1844 16392 -5156 1685 219 -1837
1776 15912 -5148 2507 -756 -2038
1572 16528 -6168 2702 2 -3194
880 15724 -5388 2199 -373 -2725
1680 16380 -6332 2915 72 -2666
848 16436 -6300 1905 -500 -2211
1376 17088 -7172 1963 -1685 -2740
1216 17364 -5616 2100 -1380 -4724
1480 18588 -5736 968 -1734 -8598
-160 17756 -4736 1005 -2168 -10859
484 18480 -5364 1762 -2723 -14082
-6804 20092 -8244 9326 -8075 -17526
-912 17096 -10196 2259 -17876 -5713
6788 10300 -2320 -8337 -16015 3662
4800 10068 -2020 -1679 -5246 10855
-156 15964 -2988 -777 4558 17628
-856 17904 -5588 -746 6698 19409
-408 19144 -6804 -4162 6676 19567
1608 19336 -6940 -2306 6103 16956
992 18168 -5352 -1969 3565 9225
-3492 24132 -6276 -7481 6148 15615
-2084 16532 -4172 -4072 -1314 15133
-1376 16044 -3120 -2113 -1288 8915
-304 15244 -2336 420 983 3158
3188 14344 -2500 287 -738 296
5416 14448 -2636 307 -3374 1838
3332 15280 -2896 597 -2414 1661
1760 15520 -3212 891 686 -844
-1972 15000 -2908 3099 3020 -4343
32767 25492 -1928 -6875 -23184 -28432
1312 12540 1892 -2161 -6874 -8228
2696 15628 -3748 1670 1311 -5083
5568 15612 -5100 2694 2669 -2553
5572 15976 -5664 -343 3109 -2681
6272 15080 -5680 -123 2959 -3812
1344 16176 -348 1019 3175 -2049
2528 16284 -2520 1621 1215 -1699
3576 15844 -4812 1453 1507 -1897
3044 16008 -3664 1787 1632 -1954
2048 16520 -2880 1096 -394 -1853
1980 15948 -4164 1079 -752 -1567
2296 16076 -3664 1713 -828 -207
3120 16484 -5720 968 -428 -868
2656 16240 -4132 931 -410 -1501
3088 16544 -5572 872 -450 -2111
2184 16232 -4800 418 -39 -2904
1504 16252 -4584 726 295 -2965
1772 16472 -4528 1073 424 -3641
972 16556 -4848 1152 -61 -4079
-224 17012 -5116 933 -1211 -5252
-340 16844 -4160 942 -1039 -4698
-392 17392 -4380 385 -836 -5410
544 18080 -4360 -453 -998 -7192
-1468 17176 -3760 131 -2059 -10137
-2492 17260 -2668 3708 -5987 -10433
-76 18416 -4348 4707 -12111 -16099
-3452 19508 -9016 6894 -6775 -19011
-4516 14256 -7724 -2098 -8343 -9721
3500 9000 -1956 -1552 -6727 2136
-164 9400 -2048 -654 -2052 15825
228 15236 -3136 -576 3289 19825
-3924 18600 -3612 1904 7799 20348
-4236 20600 -6688 -1695 9497 15037
-2664 16828 -6284 -2439 11776 16784
688 16252 -5716 -2707 11796 15560
1088 18404 -7008 -1300 9003 11837
-1008 20244 -6116 -3807 5905 14095
-1376 19692 -5108 -4838 1767 12141
-2168 15608 -2872 -2765 -1734 9486
912 15480 -968 -585 -5338 3197
5160 14880 -800 -45 -1374 601
2400 14704 -1980 110 562 71
1076 16076 -4168 390 1412 -3345
12652 16220 416 3721 -7083 -3985
4940 19356 -6304 -3021 -5080 -6281
6388 16988 -4928 2040 562 -7917
2772 16008 -1520 -62 2982 -4792
344 17096 -1904 1846 300 -1610
4104 15752 -3668 933 261 -698
4928 16472 -5756 1831 -171 -1061
5616 15772 -6644 1316 635 -2364
2888 16176 -2788 823 2134 -2115
2260 16432 -1944 272 956 -2025
3456 16292 -4504 588 542 -3102
1948 16132 -3224 1140 1140 -2492
1956 16056 -3524 1589 139 -1711
2428 16332 -4164 1419 985 -1827
1816 16300 -4300 1146 1438 -2387
1440 16232 -3964 1137 1200 -2303
1660 16560 -5000 652 1132 -2412
1064 16360 -4392 552 142 -1876
796 16396 -4524 676 167 -2772
644 16376 -4396 817 -413 -3236
-776 16248 -3860 775 -64 -3655
-436 16600 -4752 778 -714 -4415
1932 19812 -4128 602 -2312 -4364
380 18796 -3936 -999 -1268 -7999
-496 17148 -3764 -687 -2942 -10590
-1952 16804 -3568 1822 -3486 -11329
-4092 18556 -3584 3613 -8395 -12162
-5984 18744 -7232 6181 -7486 -14829
-5484 14236 -6852 -2000 -5464 -8320
2940 9848 -2028 -2228 -7402 1359
80 10076 -1944 -208 -294 10137
-1148 13108 -2128 1421 2527 15759
-1352 16648 -3280 1225 2912 18540
-732 17492 -4232 -587 4916 18032
620 19104 -4076 518 7899 16642
2140 19248 -5164 -1245 7216 12844
-3900 18464 -5016 -3646 8015 15855
1556 19408 -4108 -1844 4053 15501
76 18476 -3628 -4516 3105 13587
-484 16308 -3708 -2159 639 9016
-396 14756 -3108 -774 -1684 2978
3192 13736 -1956 421 -2556 -208
4852 13428 -1604 883 -1424 -835
4804 14560 -2312 1251 -287 165
4068 14476 -2956 548 -1351 -617
2380 15600 -3372 1956 -179 -3261
15308 18920 -5756 7461 -11082 -19562
516 15340 -264 -160 -4875 -9865
4064 15688 -3436 188 1064 -5005
5076 16396 -5628 1466 1753 -3618
2412 16344 -3560 1710 2242 -3147
3276 16364 -3856 819 -425 -1496
3568 15476 -3176 1022 691 -1894
2108 17036 -2836 428 -1087 -1027
3620 15696 -3760 720 -863 -1844
3424 16240 -4412 1358 -500 -2002
2924 16244 -4652 1596 173 -1764
2576 16132 -4256 845 470 -1623
2788 16320 -4816 1007 1271 -1890
1948 16368 -4408 954 1693 -1764
2368 16460 -4552 1030 2349 -1715
1392 16216 -4064 1205 1858 -1547
1276 16184 -4404 680 892 -2115
972 16424 -4660 442 -203 -2315
704 16208 -4640 559 -341 -2331
1056 16588 -5304 865 -889 -2335
136 16152 -4436 818 75 -2724
316 16604 -4312 925 97 -2934
472 17284 -5456 443 301 -3778
844 17856 -4296 322 -593 -5063
276 18176 -4116 -307 -1743 -6876
-1192 16360 -4264 -634 -1998 -8297
-1668 16288 -3708 1252 -2742 -8694
-2156 17332 -3976 1907 -4411 -12743
-3908 18532 -4424 5170 -5901 -16117
-4916 17200 -4512 5920 -5090 -19084
-4592 13872 -7892 -2593 -5062 -5041
6468 7672 -988 -2613 -14701 9226
2664 10244 -984 -1037 -4155 17724
-240 15296 -2968 959 3499 22750
56 18848 -3820 1924 9783 22773
1456 19176 -4172 -609 9649 20611
3556 20904 -4120 -1390 6825 17275
-4224 23604 -8532 -2452 8742 17375
-3860 18596 -4168 -5782 2556 18161
-7024 16520 -4144 -2893 -5523 10319
-3104 14584 -2800 -1003 -8270 1872
-1432 15136 -2172 1520 -1736 -5528
6460 14560 -1892 2809 2162 -5772
4156 14368 -2408 165 587 -319
7636 17200 -4824 3088 -5906 -2450
316 19656 -3000 -6570 1453 -5093
3852 17392 -2056 1454 5244 -4451
2964 16080 -1900 1718 -717 -3200
4440 15904 -2852 2034 -123 -3210
2792 16532 -3040 1825 -406 -2000
3100 16620 -3148 789 -167 -1237
3368 16024 -2036 1659 -484 -553
3880 16516 -4676 1655 -739 -294
3704 16108 -4752 2059 -74 -309
3496 16272 -4576 1439 -746 -387
3024 16328 -4148 1088 -953 -545
3140 16196 -3916 830 -1510 -937
2696 15864 -4608 861 -1614 -860
3620 16040 -5096 1217 -1119 -1223
2764 16228 -4492 1174 -894 -1135
3180 16460 -5632 -49 867 -2297
2080 16300 -3912 640 570 -855
3372 15552 -6700 536 1052 -1475
1836 16376 -3752 918 783 -1226
1756 16272 -4428 956 187 -1420
1652 16348 -4512 938 257 -1817
1256 16360 -4444 1092 -305 -1406
932 16328 -5340 302 -530 -1528
916 16312 -4952 427 -434 -1993
1512 16964 -5240 337 -487 -2746
1300 17308 -4768 -94 -819 -4620
-16 18808 -4020 211 -3213 -4408
1124 16888 -5048 547 -3190 -7505
184 17192 -5028 3288 -3386 -9524
-1372 18332 -8044 4993 -7115 -11219
-3552 17688 -10004 8455 -18254 -10072
844 13932 -5820 5814 -32768 2541
7636 10812 -2064 155 -32768 8949
7360 13532 752 4995 -22004 13729
3612 16708 2740 9980 -9601 18010
3616 19280 2580 3472 -5054 17459
3448 21408 1836 -1758 -6135 17670
3016 20348 3036 -3895 -7056 19877
348 19020 1248 -4997 -4479 13573
-2152 16496 528 -5295 -2773 8581
1020 14628 -2748 -2175 -245 3518
3368 13556 -3436 -2287 -1394 -624
5280 12240 -1904 -1255 -2431 498
4632 14644 -2972 -1013 -1598 656
2524 14660 -3792 -141 -2643 -682
616 14548 -4548 1499 -2182 -4456
-11196 22164 1924 -1507 -7315 -24509
224 16196 2948 -2735 1811 -8568
412 17464 -4740 2357 -2291 -2683
3924 17056 -3244 1644 517 -216
4128 16260 -3888 526 -412 2
5368 16276 -4976 2810 473 -679
5560 15956 -5520 1195 -188 -1785
2600 16412 -2504 1870 -23 -2807
4256 16284 -3868 852 8 -2128
5364 15656 -7688 -42 2264 -3663
308 15964 -388 4597 660 -1533
4468 16912 -7072 1240 358 -1396
2572 16176 -3132 1571 1688 -1697
2036 15936 -3672 1713 196 -1190
2408 16396 -4580 1430 -419 -1191
2076 15940 -4960 1650 -54 -1615
3116 16676 -6024 1755 583 -1754
2280 16392 -5340 1798 941 -2702
1084 16404 -4096 2201 166 -2267
1796 16572 -6100 959 678 -3318
1072 16772 -6416 1670 411 -3481
132 16340 -5580 1857 -416 -2971
1200 17796 -5896 1549 -938 -3144
1392 18448 -6048 1124 -1114 -6076
808 18912 -7184 2241 -1225 -7852
-192 18448 -4176 3566 -4459 -10652
-1104 19360 -1388 2758 -4598 -13493
-6420 21068 -8452 13150 -12334 -18255
-2680 14728 -10884 2441 -15645 -7081
4244 8576 -1320 -8419 -15672 1683
5600 6592 -2160 -5546 -10946 13407
3320 13568 -3232 -2109 -1350 21055
-60 19660 -4328 3642 6726 23836
-716 19920 -5680 -2909 11777 21341
3036 22624 -5740 -780 8991 16339
-5116 24476 -8660 -5588 13743 17852
-172 18600 -5556 -4990 3939 18091
-1240 19500 -4416 -4914 1874 12032
-1836 14904 -3556 -1995 -3267 5400
1956 14108 -2408 654 -1915 -60
4360 12704 -1560 1414 -238 -956
5692 14920 -2328 944 2232 -831
5192 14344 -1900 981 2304 -1039
2776 14976 -2412 2469 683 -1564
2876 16064 -688 5795 -4751 -4743
5512 18564 -9168 -5976 -23641 -19580
4940 13896 -1084 303 -16921 -11734
4096 20128 -8636 172 5978 -6648
1184 15856 -1956 730 -163 -2814
3696 16192 -3220 1248 -266 -697
3432 16416 -4268 2136 -1064 -332
3548 15904 -3236 -1 -2222 -1321
3360 16392 -3620 1057 -1037 -443
4444 15780 -4668 1208 -165 -528
3576 15960 -4344 1526 -117 -678
3232 16116 -4328 1353 -520 -109
4148 15788 -5644 1073 -584 -670
2988 16472 -4392 1377 -129 -1036
3204 16064 -4736 980 -129 -1079
3836 16104 -5504 887 194 -1715
4000 15956 -6368 1081 844 -2942
2468 16260 -5464 1358 2021 -3773
876 16092 -3688 1935 561 -4155
1284 16056 -5100 1404 565 -3837
152 16492 -4896 1306 77 -3722
1148 16924 -5660 726 687 -4384
1964 18400 -5828 691 -881 -4966
1464 18848 -3752 -799 -1012 -8270
388 19472 -4424 354 -770 -10042
-236 16328 -2440 -1720 -3921 -11683
-936 18388 -3828 1501 -4191 -15871
-5424 20156 -6408 7099 -4079 -18097
332 14976 -8724 854 -2842 -5364
3432 9604 -2504 -5189 -710 3436
2880 10148 -3788 -3297 -2110 15707
1744 16032 -4728 -1001 749 22588
1956 19780 -4508 -422 5399 24023
1320 20756 -5404 -712 9096 20564
2888 21916 -5272 -2684 8243 13590
-3444 22892 -8368 -5912 10090 19535
324 18272 -5576 -3706 4030 13630
-1932 16332 -3612 -3281 1781 10276
-100 13644 -1524 -1429 -222 6031
3220 14164 -1976 -297 220 2500
4740 14056 -1500 559 4023 1336
4292 14728 -2044 660 4022 2666
292 15160 -3060 1682 -1383 1437
976 15676 -4392 6710 -6522 -6967
-4496 18596 -4400 -634 -3429 -13085
4984 15596 -1892 2826 -3357 -7231
4724 16672 -5428 2008 -496 -5156
4452 16740 -3948 2585 1720 -2474
2820 16632 -2352 2132 -636 -922
4876 15952 -3760 2539 -355 -190
4296 16036 -3680 1922 -1334 125
5740 15580 -5052 1394 -1295 -573
5332 16016 -5528 1998 -1112 -1764
4276 15968 -3884 1775 -928 -1744
4728 15928 -4972 1776 -499 -1702
2988 15980 -3700 1795 490 -1785
3944 16324 -4484 891 286 -995
3584 15572 -4504 1458 311 -1074
3988 16144 -5296 1707 44 -1388
3608 16084 -5464 1386 123 -1992
3620 16028 -5500 937 217 -2539
3240 16248 -5812 1789 -273 -2790
3180 16036 -7008 2224 757 -3340
3244 16372 -7604 1778 1968 -4669
820 16300 -4412 1534 993 -4443
800 16792 -6104 228 -383 -4781
2708 18980 -4576 927 -2387 -4670
1912 18824 -4404 611 -2237 -7994
1428 18896 -5952 656 -2108 -11352
-260 16824 -3036 -1241 -4859 -13735
-736 17328 -572 5818 -4360 -16067
-6132 20848 -6048 8789 7156 -20608
3340 14120 -7560 -1693 -2243 -1708
4848 12228 -7124 -8686 -10484 7451
5780 9224 -5180 -10676 -12679 16216
4252 14588 -5236 -3950 -3405 21464
1220 19904 -5564 743 7011 22757
788 21036 -7900 393 9879 19520
1484 20264 -6368 -984 5213 11640
-6040 23544 -7640 -5867 3332 12837
-544 17976 -2244 -2535 -4223 16942
-864 17132 -1664 -3913 1146 11579
-336 15744 -1768 -725 4264 5584
4672 14928 -2664 34 3459 1842
5324 13780 -3464 18 305 3180
3056 14304 -3064 -142 -954 3643
-1908 15364 -3996 3113 2042 -954
21292 19208 5248 8131 -1535 -1147
14904 22516 -3676 -263 3575 -4648
5336 13432 -1512 2139 1291 -4944
6480 15360 -3952 2906 -3158 -3613
7000 14672 -2476 2334 95 -5589
4452 16928 -6120 1943 2937 -3806
4208 17132 -5228 276 80 -3092
2556 16312 -2100 -1199 -381 -3291
2296 17152 -2136 1414 -947 -2264
3152 15804 -3876 1689 -180 -1844
3924 16352 -4340 1453 753 -1773
2396 16368 -3280 1450 1376 -1414
2884 16096 -4072 1274 1823 -1488
2312 16220 -3484 1350 -39 -871
2696 16204 -4688 1096 587 -1402
2180 16124 -4476 1072 14 -1688
2168 16532 -4840 816 -132 -2503
1988 16436 -4428 792 -71 -3267
1284 15944 -4500 1124 -385 -3350
564 16648 -4648 1254 -518 -3614
968 17048 -4428 1116 -206 -3844
756 17052 -4444 1159 -523 -5066
1076 17988 -4556 943 -1223 -6414
888 18848 -2956 782 -1533 -10289
-268 16864 -3808 1969 -2464 -14019
-3724 16048 -2708 2305 -7027 -13494
-2476 18676 -4124 6658 -6890 -15889
-3096 18152 -8700 6196 -7231 -13984
6092 11832 -4828 -4113 -14006 -115
3756 7112 -1716 -5225 -9083 8910
-524 13268 -3772 2694 -2033 18442
-2184 16128 -2576 3583 4244 19824
-1348 19268 -4576 208 3710 20717
620 19424 -4240 -2395 5332 18588
3268 21144 -4224 -1596 7142 13964
544 21156 -5356 -3177 9219 20067
-284 20824 -4900 -4255 7909 15450
-4156 15928 -4044 -3269 2949 12618
552 15696 -3896 -1212 -4767 4307
4340 13888 -1324 -363 -3624 2008
6228 13480 -1488 134 840 3095
4028 13632 -2096 393 4052 3837
2992 14864 -2836 1396 1793 2082
2516 15328 -3052 1367 -989 -1847
3400 16920 -3300 3414 2824 -5841
8948 18604 -5536 4400 -8726 -29118
1668 17120 -3776 1169 749 -5819
6032 15664 -6700 2603 7549 -5884
1356 17176 -2440 2426 591 -5817
3116 16316 -1920 635 -2321 -2306
4784 16576 -3840 1897 -2573 -1933
3460 16324 -2644 2306 -208 -1470
4996 16908 -4556 1320 -904 -1935
4788 16232 -5516 1442 284 -2224
4176 16080 -4416 1937 -46 -2977
3220 16144 -3928 2161 908 -2989
3572 15876 -4572 2706 884 -2382
2592 15684 -4356 1867 1682 -1950
1960 15988 -4276 2039 479 -693
2516 16468 -4804 2185 -635 94
2836 16396 -5532 1730 -207 -981
2504 16364 -5160 1648 532 -1372
1932 16332 -5436 1155 -430 -1790
2104 16176 -5384 1693 -935 -2237
1504 16140 -4896 1595 -413 -2925
1168 16452 -6444 2277 -12 -3374
456 16200 -5468 1702 -22 -4141
688 17956 -5536 1489 -657 -4026
1596 18168 -7044 1437 -897 -5745
1616 19028 -5892 1005 -1810 -9302
-540 18232 -3664 -79 -3344 -11924
236 15088 -2640 3656 -7540 -16003
560 20220 -7784 6841 673 -21638
-8892 21136 -10740 10053 -2369 -18866
5156 14188 -5720 -8847 -6790 3623
1484 7188 -3212 -8541 -9575 12369
2996 10644 -4588 -4897 -6488 20787
1568 18224 -4324 -1501 313 27385
-104 21220 -6500 -381 8903 24565
-572 22428 -7248 -2229 8864 20176
1460 20636 -4544 -958 5848 13125
-4084 23984 -7240 -8060 6118 16016
-2652 16828 -3260 -4079 -592 14806
-556 15856 -3440 -2000 -605 8174
1888 13704 -1424 -1128 324 2708
2744 13468 -1008 -83 -18 1792
3148 15608 -2692 145 -1826 1591
1648 15700 -4712 271 -2421 -2232
21892 18988 2268 7520 -6954 -6274
7464 15776 -6176 -1168 -2763 -10270
4828 17200 -4388 -686 5995 -6871
3468 14604 -856 2127 371 -5929
4052 16728 -3160 1364 2409 -3040
2320 16636 -2740 1034 183 -1583
4188 15932 -2852 1275 305 -772
4112 16340 -4208 1673 739 -1053
3412 16080 -2984 1681 1243 -1067
3848 15980 -3664 917 196 -1804
3568 16264 -4252 1279 312 -2111
2964 17064 -3792 1721 -392 -1179
3252 15892 -4124 1264 -656 -446
2188 16560 -3744 1652 -96 20
3164 16172 -4420 1259 -614 -1142
2140 15964 -2976 1753 -1210 -1482
3380 16176 -5552 1089 -714 -2244
2444 16100 -5068 1210 -389 -2570
2104 16276 -5000 1135 -81 -3788
2060 15904 -4392 1486 1185 -3993
548 16256 -4488 1595 999 -4427
1236 17108 -5528 1391 775 -4971
660 17736 -5108 769 -1054 -4934
1416 18452 -5660 553 -1458 -7427
900 18660 -4548 1013 -1360 -10754
-2132 17060 -4236 885 -3208 -13043
-3172 16456 -4008 2383 -6623 -13134
-5060 19952 -4168 6648 -5150 -16566
-1660 19076 -7968 10236 -8388 -16506
6928 11188 -2292 -2214 -8413 1801
2964 7548 -1476 -6623 -9674 10906
1760 13356 -2972 -2541 -719 18610
-396 15708 -2528 1086 7009 22341
-1576 20380 -5944 71 10094 22248
-712 20480 -6788 -3219 6973 18264
1704 20976 -6796 -2921 6108 10658
-4984 20292 -8856 -1737 8327 16461
-352 16012 -5412 -1158 2972 15793
-1980 17528 -3796 -3489 367 11644
764 16028 -3704 -937 -343 6358
2856 14276 -1700 275 -916 3783
5724 14204 -1736 839 958 2734
4256 14372 -1576 508 2395 2883
1336 14644 -2868 2407 1493 -1350
26560 17920 5956 8252 -3874 -4267
6232 14728 -2716 -1031 -2754 -12563
3928 17720 -5152 2070 2979 -6378
2752 17172 -4152 1242 1076 -2467
4860 15832 -2840 693 301 -963
6172 16080 -6548 1890 1196 -2458
4320 16644 -4384 1376 1016 -2176
1400 18352 -2696 -1111 1729 -1385
3708 17156 -2824 1623 -853 -1272
4232 15632 -3876 1699 -954 -1225
4680 16528 -5564 1591 -462 -1645
3664 16020 -4252 1860 159 -1377
2948 16000 -4140 1480 104 -1625
2656 16072 -4060 1887 -310 -1557
3100 15912 -5128 1285 -208 -1616
3292 16396 -4844 1317 14 -1851
2600 16300 -5392 1155 556 -2388
1780 16404 -4488 963 -96 -2808
1860 16228 -5080 587 -272 -3123
1676 16364 -5008 870 -846 -3260
756 16092 -4656 1910 -385 -2695
1424 16816 -6172 1357 -978 -2704
1060 16840 -5004 1283 -1123 -3332
456 16748 -6236 164 -993 -4857
1424 18796 -5688 801 -1924 -6747
1432 18144 -4216 1568 -1242 -10357
-296 18024 -4336 2744 -5530 -12773
-772 19464 -5376 3833 -5898 -15101
-7580 20216 -7416 8336 -6395 -16985
4016 13372 -6820 -1305 -8279 -4693
4272 9576 -2256 -5412 -7338 4668
4780 10760 -2304 -1512 -1588 14238
1204 15812 -3412 -697 4357 19719
-940 19680 -5124 -148 5889 21170
-944 19004 -5992 -2399 7091 18387
2248 19576 -6752 -1697 5610 13170
-4112 20264 -7000 -1641 7234 14761
-468 19552 -6600 -2837 4553 18450
-1724 18632 -3896 -4313 1584 15124
-2644 14744 -2756 -2316 651 8313
928 15144 -3748 -364 -615 1937
5748 13508 -2308 -108 -1851 91
7052 14076 -2916 -126 -2310 3138
2960 14772 -3272 605 -1632 2803
1220 14984 -2308 2787 1654 -2529
26760 16820 1328 8127 -9515 -23354
32 15996 -2400 -1833 -1951 -15985
2752 16736 -4160 3311 4696 -8474
4276 16452 -7588 3843 -426 -7252
76 17132 -1292 137 1307 -2087
2004 16148 -2584 1446 -880 -600
3716 15812 -3904 828 -439 212
3412 16076 -4420 1632 -1183 -291
4608 15788 -5564 357 -740 -2003
3168 16120 -4156 1010 -835 -2644
2380 16000 -2996 764 514 -2452
1936 16264 -3212 1717 -782 -1680
1916 16036 -4644 1195 -729 -1607
2064 16444 -4288 1778 -1051 -941
1916 15968 -5184 1087 -885 -1342
2220 16220 -5688 661 467 -1774
1112 16048 -4988 847 791 -1894
2060 16116 -6024 899 1374 -2625
1184 16412 -5308 1673 1549 -2488
528 16760 -4684 1711 1495 -2925
612 16496 -5900 2023 1079 -3093
92 16624 -5204 1429 748 -4084
-104 17228 -5404 1942 -667 -4218
164 17592 -5864 777 -1436 -5333
1104 17920 -5544 694 -1326 -8154
852 19616 -5348 608 -3565 -10898
540 19204 -4752 678 -6881 -14265
-6092 17304 -10020 10506 -12268 -15747
-2556 14564 -4040 -8830 -28150 -2275
8216 6312 2328 -9320 -18357 4608
2892 10260 1832 5932 6102 17880
344 17688 -1252 9993 12772 21843
72 21728 -7332 643 8429 19937
1600 20164 -4988 -4409 2034 16357
2272 21492 -6592 -2737 3660 7745
-1332 20728 -6680 -4665 8232 18410
-452 18704 -6468 -1959 9953 15602
-800 16740 -4464 -2889 5222 12237
-188 15764 -3988 -82 -17 7389
1996 14004 -1648 606 -2660 2681
5292 14132 -788 1040 -1430 1383
7104 13824 -1088 1896 3539 1292
5540 14052 -1320 1147 4257 1490
5528 15608 -2372 822 922 780
5244 15380 -2484 1131 -2827 818
3052 15288 -2844 2048 -1583 -2739
19884 18264 3472 8345 -3305 -17076
3280 16520 -3040 512 1385 -12449
3048 16668 -5768 2611 8110 -6502
2424 18004 -3592 1853 -1901 -3920
4240 16232 -3236 -1157 -1067 -1694
4512 14844 -2804 2185 -718 -1485
3364 16244 -1944 2216 -442 -1357
4632 16024 -3996 1746 -463 -1495
3992 15976 -3796 1848 453 -1738
3612 16112 -3644 1386 1035 -2506
2672 16308 -3488 1509 1301 -2398
2248 15952 -3520 1467 1162 -1778
2264 16156 -3920 1639 1609 -1512
1944 16608 -4244 1793 1065 -742
2300 16276 -4320 1336 943 -1019
2556 16392 -4628 1271 733 -1913
2568 16704 -5452 1060 127 -3132
2184 16412 -4936 713 -1192 -3748
152 15928 -3560 1301 -1439 -3911
1040 16108 -5284 1359 -579 -4405
-640 16984 -4072 1347 -1280 -3942
892 17280 -5144 889 -1697 -4918
728 18496 -3912 446 -2179 -7621
168 18108 -4164 1900 -2074 -10269
-572 16340 -4432 3005 -3608 -11945
-1768 19488 -5112 4683 -6691 -13851
-3608 19012 -7056 7875 -12147 -17737
-1556 12820 -8180 -1741 -13800 -4797
5436 9576 -1216 -4360 -10227 4505
2372 11696 -2400 1264 -1568 16385
44 16380 -2732 1689 2354 22473
52 19528 -3544 664 5154 22866
-512 20924 -5008 -942 6684 20028
2220 19240 -4588 -1225 8231 14182
-1956 21640 -8096 -116 9189 9883
-1372 18476 -2988 -5943 7563 19382
-920 18288 -5228 -4270 5870 12867
-1436 16504 -4556 -708 -2351 6381
3072 14628 -2108 196 -3933 1570
5436 13696 -1524 775 -406 588
6092 13736 -1548 903 3713 1727
3708 14908 -3052 1150 3730 1861
3444 14716 -3136 992 -947 -194
1432 15352 -3452 1622 -3500 -2357
29924 15532 2352 7556 -10783 -10767
2876 16660 -4652 -409 94 -11254
2732 15256 -2488 885 7398 -5919
4652 15852 -4892 4511 -4059 -4973
2736 16180 -3036 1349 1178 -1781
5256 15688 -3940 1425 106 -1468
3804 16092 -3652 2293 -440 -1227
4116 16124 -3696 1501 -1186 -383
3844 16644 -4116 763 -952 -565
3728 16472 -3728 1771 -189 -581
4252 15412 -4196 1015 -350 -704
3768 15756 -4416 967 -702 -652
3924 15928 -5032 1930 -833 -739
4288 15660 -5828 2620 -1431 -1699
3588 16328 -4728 1675 -900 -1600
3808 16184 -6012 1202 270 -2155
2648 16184 -5084 1148 -263 -1998
2580 16180 -5576 800 -133 -2403
2000 16376 -5432 1874 67 -2880
1364 16408 -5552 2476 390 -3838
924 16128 -5904 2384 -209 -4049
1240 15928 -6392 1236 -103 -3951
972 16176 -6616 1179 -573 -2611
320 16436 -6024 1298 -1188 -2881
1396 17920 -5768 1603 -1710 -4668
2404 18852 -6320 43 -1775 -8990
1720 19104 -3980 -190 -4154 -14034
-36 18508 -4872 1347 744 -19553
-8412 20816 -9804 7936 -430 -16973
11032 12804 -1760 -2323 -15527 2902
10188 8052 -1072 -8093 -12628 9566
5744 11096 -1180 -98 -1449 20037
2008 18196 -3004 568 7831 22734
-508 23116 -7572 -2831 10901 22768
788 19444 -7148 -2830 9240 14567
-4384 22140 -9092 -2359 12519 13855
-1308 17252 -6480 -4580 4896 16568
-2204 18384 -6776 -3783 2069 11556
-2400 15712 -5208 -1703 -2192 7802
2564 15268 -3316 857 -5055 2011
6600 14004 -1872 94 -1293 1529
5244 14408 -2352 1358 3589 2345
3572 14492 -1736 881 2624 2381
2400 15164 -2116 1631 166 -1412
7676 16352 -3196 4185 -2799 -4978
-1844 22480 -5048 -751 2549 -7757
3328 16736 -3244 2121 7148 -8368
3848 17044 -4904 1272 1446 -4234
5044 15672 -3024 2002 994 -2564
3728 16604 -2676 1601 -156 -1826
4244 15956 -3424 1499 357 -1085
2912 16064 -3332 1946 74 -1108
4560 15872 -4348 585 -1136 -2068
3016 16044 -2752 1906 -1139 -1784
4052 16272 -4868 1375 -953 -1739
3704 16292 -5184 1494 -86 -1457
2840 16076 -4412 1828 636 -1847
3340 16564 -5356 1327 440 -1835
2744 16360 -5228 1252 976 -2556
1608 16436 -3932 1697 884 -2766
2048 16180 -5612 1210 764 -2860
1460 16288 -5204 1128 361 -3395
1368 16400 -5568 1305 534 -3581
120 17128 -5140 907 -982 -4070
272 16616 -5212 1250 -114 -4557
1420 17912 -5668 2202 -1871 -3870
1320 18484 -6456 748 -1325 -6353
1076 18428 -4836 504 -1636 -9923
-368 19188 -4340 1159 -3457 -12004
876 19964 -4300 2861 -6883 -14465
-3180 18096 -6872 6147 -11294 -19026
-2384 14112 -9284 -2514 -17921 -9202
7248 8176 -2152 -7712 -21312 2870
2520 10604 -1264 2623 -5779 14432
436 13528 -208 5725 3290 20813
28 18432 -3552 4583 7545 21824
1248 20372 -6788 -1651 10155 19882
2764 20264 -6584 1248 10513 17815
-4640 23028 -7732 -1706 12413 22151
-560 23072 -7416 -2986 7117 19033
-4228 17732 -4480 -2980 1190 10399
-2232 16440 -3624 312 -1461 4327
2428 14784 -2040 2067 3782 -1926
4940 13476 -2376 2880 6795 -993
4196 14064 -3324 1041 3109 882
4096 14332 -2892 754 -2616 1553
5628 14648 -2984 19 -4965 778
5748 14004 -2300 369 -2804 192
27928 12712 11124 6873 -3417 -5150
5064 15532 -7260 -1449 4518 -13257
3012 17492 -5216 426 7966 -7273
2148 16568 -4660 3795 -643 -4600
3508 15672 -2664 -937 1499 -2506
6364 15524 -5168 1521 197 -2251
2892 16640 -3280 2137 2754 -1572
3996 16296 -3220 1561 1963 -1041
3536 16288 -3480 1407 1164 -1268
3072 16300 -2900 559 1463 -1546
3156 16304 -3660 1105 1253 -1644
2828 16072 -3492 1414 1026 -1618
2896 16092 -4300 1098 759 -2162
3460 16284 -4656 1304 922 -2460
2220 16148 -3996 1255 54 -2413
1676 16332 -4176 1084 672 -3216
1528 16384 -4524 1174 256 -3804
904 16108 -4620 1267 72 -4153
724 16256 -4956 1497 -296 -4314
-276 16020 -5232 1827 -660 -4314
524 17172 -5604 1290 -1195 -3863
412 17800 -4600 720 -2024 -4327
52 18576 -4328 1158 -1592 -5825
916 18904 -4732 908 -3122 -8745
-1168 16760 -4096 1941 -5363 -12134
-7736 16600 -3184 5524 -9894 -10426
-2604 19436 -6960 11381 -12606 -14659
-3716 14956 -8364 -1952 -9384 -7788
4760 10416 -2220 -4931 -12231 945
1924 10552 -3052 -1194 -2549 8840
816 13240 -1848 1235 1996 17714
288 17080 -2296 686 2432 22073
2008 19344 -3992 -2294 3174 19902
3696 19912 -3204 -1621 7105 17887
1664 22988 -6180 -2124 12222 12151
-400 18996 -4936 -5646 13844 19282
-2556 18624 -5560 -3549 10972 14480
-1852 17044 -4980 -892 4681 7905
2264 15064 -2952 412 4139 3507
4636 14420 -2016 730 6475 3484
4156 14288 -2756 1183 8522 4130
3852 14688 -1956 2230 9469 3084
3756 14300 -1028 2546 9382 1807
5008 15304 -948 2822 7600 956
6100 15184 -372 2783 6965 189
5576 15312 -212 2886 4896 128
4364 14320 -828 4206 7190 -241
13892 14040 8728 11241 11326 -5497
3096 17000 -1796 3851 7066 -7789
2620 17156 -3836 4407 3235 -5659
1052 18532 -3120 4060 -1601 -2424
3380 15428 -344 2710 -2501 -1126
6100 16392 -6324 1542 -929 -1558
1804 15904 832 2421 276 -161
4228 15988 -3956 2118 -779 -278
3392 16496 -2860 1913 134 -1151
3064 15928 -2748 2362 432 -1313
2584 16232 -2048 1821 448 -1138
2496 16740 -4084 1863 -148 -564
3540 16136 -4700 1629 1088 -474
2712 16464 -4164 2190 1832 -1206
2396 16376 -3832 1860 1853 -1725
2208 16304 -3968 1268 1605 -2188
1560 16656 -4312 328 1630 -2670
1888 16360 -4020 210 1237 -2558
980 16152 -4204 21 1184 -2622
852 16028 -3888 -210 808 -2669
760 16692 -4244 -356 1172 -3219
736 16520 -4492 -1373 858 -4338
-816 16720 -3904 -1686 155 -5409
-20 16920 -3428 -2275 -61 -5111
1228 21100 -2148 -1696 -1318 -7605
952 18644 -660 -1132 -671 -10864
-1816 16992 -1312 -1537 -879 -11960
-516 19712 -3396 -1450 483 -14005
-3944 19032 -3448 -5174 10165 -16100
6728 12304 -776 -4573 21175 -3308
1460 11280 -5440 -3942 18186 3608
-2100 11480 -6808 -6957 5855 9743
1540 12540 -3948 -3653 2995 15414
488 19916 -4328 527 4415 19761
636 21060 -5188 -2204 1606 19069
3500 21848 -4288 -4889 1558 15027
3228 21092 -3992 -3907 4934 16519
3096 20192 -5192 -6279 11335 19845
-292 19128 -7980 -5585 9930 14648
-3264 16864 -8212 -292 488 9551
376 14588 -5196 1377 -4182 4015
3432 13700 -3472 2302 -3443 1550
4832 13160 -1904 3069 1167 2088
4048 15068 -1416 3388 5451 1569
3748 14812 -52 3440 4764 -332
4932 15148 -400 3229 1060 -1881
5704 16096 -624 1117 -2073 -2390
8212 15928 764 6531 -282 -5460
-7548 22176 -3856 1414 9290 -7713
4908 14980 -2300 4455 2348 -9154
3648 17324 -5624 1735 1837 -7310
3028 16400 -840 -2112 1889 -3045
912 16152 -52 2970 -1775 -2161
2480 16664 -2508 1571 -987 -1492
4464 16404 -5668 1987 -60 -1556
3128 16280 -3416 1774 900 -2041
3004 16184 -3848 2388 200 -1846
2332 16040 -3880 2326 261 -1691
1684 16448 -3532 2345 -23 -1331
1736 16472 -3992 2522 -117 -701
2956 16436 -5020 2207 877 -1411
2412 16224 -5076 2532 1630 -1671
1676 16980 -4940 2170 746 -2219
1740 16388 -5148 1629 269 -2827
716 16424 -5080 2087 -597 -2978
484 16236 -5788 2015 -1603 -2656
240 16180 -5432 1906 -988 -2684
164 16904 -7128 1953 -869 -3618
-200 16896 -5364 1366 -775 -4261
-156 17480 -6276 1893 -1519 -5041
716 18844 -6644 1650 -1542 -8333
-1140 16832 -5040 1842 -1799 -10176
-5492 16076 -3348 1550 -4388 -9290
-1464 16892 -5744 5134 -3778 -13941
-7700 20676 -9612 4594 2588 -18167
-968 13300 -8984 -1830 -5831 -8244
3812 11420 -4484 -7924 -14890 3404
3576 10272 -3356 -3838 -9071 13750
844 16416 -3316 785 232 21066
-800 18280 -3824 982 3951 22815
-732 19452 -5252 -2311 4973 20145
1352 18904 -5028 261 3765 17082
-1560 21688 -5436 -5117 1671 11067
-4824 20724 -5780 -4006 4252 20906
608 18668 -3556 -2095 2458 15972
-4144 16388 -3988 -2325 6132 10386
-2860 15076 -4316 439 2548 2131
2868 14264 -3368 630 469 -1499
5508 13092 -1488 -23 -361 1057
1912 14972 -4376 720 -930 4074
-3396 15600 -5200 2788 -1927 -2247
9588 16952 -3352 867 -12329 -32768
-4064 16496 2368 41 -1940 -7499
6424 16928 -9172 1266 1082 -6770
2980 17748 -5152 1502 2499 -3245
4064 16384 -3388 286 742 -2432
3624 15608 -3024 1886 2680 -1015
2724 16264 -2196 1312 904 -2077
3076 16656 -3852 1200 289 -1538
3848 15584 -3772 1753 1580 -1764
2888 16464 -4160 1716 1600 -1836
2444 16160 -3796 1734 1319 -1824
2156 16068 -3976 1302 1074 -1680
1848 16120 -3996 952 1329 -1991
2180 16068 -4848 1361 1107 -2324
1828 16244 -4192 1372 865 -2258
1856 16092 -4736 1311 935 -2678
1396 16288 -4788 1437 982 -3444
364 16292 -4452 1519 361 -3519
260 16232 -5100 1368 -221 -3430
888 16700 -5124 1252 -841 -3379
-760 16416 -6064 842 -1251 -3483
-156 18264 -3092 1549 -2843 -2671
904 19096 -5280 -346 -2575 -7235
-1056 17308 -3640 1066 -3218 -8768
-3376 16436 -5868 -473 -2036 -9620
-4288 15380 -4856 482 -3445 -9969
-5612 15912 -3840 753 -4740 -11913
-3996 18148 -5464 3691 -6664 -13486
-7240 16712 -6840 7855 -6665 -12449
4496 14296 -3444 1697 -11117 1212
3756 9992 -1972 -3447 -8019 8285
3808 12368 -1928 -478 -3126 19160
1136 16420 -2300 1137 2782 23168
236 21604 -4008 1659 4784 24158
-168 20328 -4744 -1077 7659 19494
484 20832 -4984 -1595 8378 12702
-4828 21976 -6332 -5257 10468 22319
-1104 19436 -5412 -3439 5331 15176
-3100 16148 -3924 -2809 489 9800
944 14712 -2860 -767 -1734 2891
3624 13976 -2032 -87 -1082 2265
3816 14556 -2676 457 -11 3101
1720 14924 -3220 855 454 1913
3052 16900 -736 5069 358 -4403
-404 19828 -7308 3778 -6199 -20544
6268 14024 -856 1204 -417 -8787
2112 17200 -3184 3148 1995 -5335
6160 16500 -6272 3007 -2225 -5131
4076 16188 -3732 1119 3247 -3539
2824 16408 -3852 2346 554 -1943
2512 15860 -1916 1663 2343 -915
3096 16196 -3484 1243 -1176 -799
3088 16068 -3988 1044 -1774 -944
3976 15796 -4188 1038 -850 -1281
3256 16276 -4168 1396 -1136 -1773
3420 16236 -5020 1378 -1174 -1919
2732 16592 -4936 1689 -1163 -2277
2912 16236 -5392 1401 93 -2471
1608 16184 -4008 989 1290 -2739
1496 16224 -4876 1889 657 -2236
1108 15804 -4844 1622 652 -2202
1384 16280 -4876 -421 1743 -2641
1132 16232 -5272 553 405 -2175
572 16172 -5352 859 843 -2367
148 16560 -5148 1805 661 -2285
252 16344 -5560 2245 -871 -2650
452 17136 -5592 3047 -1503 -4145
700 17444 -5832 2265 -2230 -5402
1352 18972 -6728 1107 -1896 -9555
-1464 20236 -4696 1725 -5240 -13165
-1000 17120 -1856 639 -7643 -16019
-7700 17568 -4872 7260 -5999 -17606
-2100 12920 -11916 2710 -9890 -8034
2020 11424 -4252 -5593 -6994 1990
1048 9676 -3836 -5111 -2224 8855
-1116 12608 -3964 -1880 1918 15244
-1852 17412 -6440 -916 4309 19134
-524 18152 -6100 -1843 4149 19782
4 20132 -6352 -1355 6672 18181
2352 19568 -5764 -2117 5030 14373
-4868 21088 -6168 -4471 4327 14257
2224 19264 -3924 -3389 3079 16049
-1412 17536 -3784 -3453 4447 12109
336 16044 -3304 -863 -1694 6008
2704 15180 -2900 -428 -2105 1833
5432 13400 -2368 505 -124 1405
4852 13616 -3208 322 1686 2739
6224 13116 -3144 -776 -673 3738
2768 14952 -3204 1036 -4127 3843
2612 15236 -2612 2776 -1797 -4577
32767 21024 -3416 5065 -11022 -8153
3468 14084 -1288 -2515 4064 -12385
2432 17004 -2344 3525 2551 -5714
4432 16472 -5876 3520 -2977 -5262
3532 16816 -3320 407 199 -1789
5360 15864 -5056 904 1245 -1600
4428 15832 -4024 2773 -7 -2222
3628 16192 -3456 899 -43 -1340
3752 15940 -3796 924 -1025 -1134
3964 15836 -4768 973 -118 -1257
3908 16156 -4900 1620 174 -1130
3504 15856 -4244 1225 -590 -1677
2600 16352 -4304 1410 -676 -1843
3004 16196 -4980 1791 -19 -2259
3224 15956 -5664 1705 287 -2494
2508 16128 -5164 1624 227 -3384
2276 16512 -5740 1889 97 -3228
896 16004 -4900 1414 107 -4159
1336 15884 -5004 2149 -287 -3304
1124 16516 -7368 1786 -514 -5096
308 17444 -5312 1101 -1252 -4963
464 17384 -6512 175 -1189 -6759
1000 18888 -6196 985 -2556 -8636
-296 18668 -3284 174 -4249 -11956
-76 17900 -3320 876 -5346 -14649
-3616 17944 -6964 5635 -3637 -18443
-7536 15196 -10644 137 -8895 -9962
2052 10916 -4988 -5956 -14294 2362
3072 7680 -1720 -5416 -13146 9429
-88 12368 -1596 4384 -1669 16498
-388 17812 -2752 3528 4161 18573
1156 18644 -3972 244 5747 18614
1752 19000 -4776 -703 8286 17725
3416 20576 -5680 -1691 8045 11356
-2452 24008 -8068 -1560 9621 9350
-3744 17148 -4724 -6846 7699 16571
-952 17256 -5908 -933 1673 11883
732 15836 -3600 -48 391 6562
3364 15112 -3056 1479 -816 3301
5064 13524 -2216 167 998 3825
5008 13796 -2200 156 2903 5079
3720 14056 -2600 1653 3172 4479
3772 15320 -2112 1584 -1997 1807
3828 15736 -2440 1172 -2658 -992
16392 17052 632 6849 -1840 -4504
8548 17756 -3892 970 1073 -9539
4752 16680 -5184 1637 5619 -6701
3492 15196 -2172 2395 -1641 -6729
4568 17620 -5984 3070 1418 -5325
2628 16656 -2680 1787 -722 -1558
4660 15640 -4268 1563 200 -637
4268 15780 -4376 1491 -793 -1262
3472 16184 -3640 1362 -475 -1047
3548 16108 -4484 1237 -1369 -1367
3172 16204 -4004 1338 -511 -1291
3584 15876 -4492 887 -68 -1226
4044 15516 -5204 1720 -220 -876
4012 15960 -5624 1683 210 -1805
2164 16216 -4156 2533 708 -1677
2868 16172 -5228 1141 343 -1419
2732 16284 -5760 1655 -107 -1726
2376 16220 -5468 2182 -11 -2965
1868 16352 -5904 1743 -199 -3232
860 15832 -5776 2543 676 -3472
1736 16308 -5344 2637 144 -3769
896 17256 -6204 2041 -88 -6649
92 17368 -5800 1155 -1852 -6280
2308 20248 -5696 -385 -3637 -9636
396 19976 -5340 909 -4750 -13103
-2520 14908 -2956 145 -5580 -15597
-7096 19036 -9800 6850 -12888 -14672
4616 9996 -2992 4613 -13707 -1124
4560 8572 -2572 -2940 -8271 5842
1064 10432 -2032 566 969 13573
-1620 16260 -5504 13 5818 16729
-2224 19064 -6204 -1796 7689 16847
-1516 18612 -7464 -2679 9539 15056
1456 20224 -8152 -3103 7407 10869
-1660 19932 -6220 -3696 4146 9269
-1796 18800 -6640 -3965 3803 17832
916 19828 -4296 -2171 2866 15519
160 17028 -3812 -3793 4937 11949
-328 16948 -4184 -265 130 5931
2788 13980 -2888 383 -887 1127
4420 14200 -1716 1242 489 -358
7344 13616 -2220 759 2415 701
5696 14244 -2664 633 2202 2844
5016 14268 -2196 854 -1396 2119
1644 15080 -3144 1127 -1875 595
10132 16536 184 5092 -2279 -4589
2692 23212 -1260 -938 1777 -3832
6200 16140 -3772 2224 3023 -6918
5760 15588 -5448 1462 199 -6319
5352 17240 -9088 3103 1854 -5858
1568 16544 -2732 -1384 1850 -3005
3292 15168 -2776 1581 2204 -802
2448 16664 -3316 2138 688 -877
3068 16020 -2672 1449 -633 -1160
3008 16636 -4152 1242 -1666 -1495
3756 16248 -4920 1952 -1875 -1448
3896 15740 -5224 1900 -1772 -1184
3600 15800 -4704 1385 -1351 -1693
2828 15816 -5180 1438 298 -2580
2504 16008 -4824 1122 1918 -3404
1500 16412 -3996 1563 1430 -3112
1708 16416 -5164 1003 800 -3314
784 16184 -4508 1327 -396 -2917
912 16284 -5828 1783 -366 -2875
1084 16252 -6324 1938 566 -2531
-136 16488 -5456 1359 240 -3188
1076 17064 -6912 1803 -319 -3539
-272 16444 -5180 753 -902 -4278
472 18660 -6444 465 -1611 -5863
692 18040 -4812 648 -1381 -9415
-768 17588 -4164 1140 -4609 -11240
-444 17072 -3364 674 -3573 -14228
-6876 17468 -7848 6044 -5020 -13891
5728 13740 -2328 3376 -7275 3063
5828 9756 -3976 -6983 -9614 8154
4108 10464 -2140 -5449 -7971 14848
3384 15448 -2980 84 2106 18525
948 20896 -4288 942 4523 19216
1516 18764 -4224 -1052 1563 17210
5020 20216 -2000 -3849 1002 7279
-6576 24856 -10148 -2257 10885 12324
-100 17296 -4816 -5974 11478 18463
-4296 17064 -7276 -3284 6330 12944
-3536 15756 -6240 207 -4761 6238
416 14520 -4252 2631 -4268 -913
6692 15504 -3552 3524 -351 -3044
6796 14752 -3580 1567 6186 -614
5372 13168 -2284 1951 6581 1973
4476 13448 -2540 1822 -654 2147
8252 13136 -2056 1769 -6911 2053
7700 14764 -1932 1724 -6531 3674
5036 14684 -528 1437 -1941 756
14168 18204 -4328 5376 -6665 -5604
8248 17832 -496 -2203 1613 -10470
1880 16392 -2252 378 1076 -7504
4408 17188 -9228 1522 -1805 -5833
3556 16784 -4772 -1006 -1175 -2557
3892 15988 -4372 514 -509 -1838
4200 15956 -4772 1346 -1234 -1551
3860 16216 -5108 834 -1502 -1068
4536 15908 -6236 1493 -1499 -1371
2492 15704 -4100 1579 -210 -1779
2912 15816 -4500 1569 904 -1355
2292 15684 -4960 1676 1183 -2158
2584 16712 -4068 1602 -147 -1069
3144 16712 -6480 513 1362 -1975
2284 16780 -5512 740 1281 -2060
1416 16200 -4752 1460 1180 -2251
1836 15876 -6936 1107 94 -2758
1512 15880 -5556 2295 -1013 -2815
308 15236 -5976 3307 -584 -2447
1284 15872 -7532 3379 1310 -2540
1800 16860 -7916 2649 2030 -3507
200 17260 -5680 1591 -516 -4184
-360 17560 -5312 1274 -1755 -5287
868 18248 -7368 -279 -3231 -8405
-816 18120 -5952 -1059 -2174 -9977
-60 17308 -3676 91 -5754 -12736
-4968 20928 -6164 7139 -2605 -15112
-1952 18360 -6568 2720 429 -12009
6864 9836 -1608 -6431 -7442 1496
2652 10064 -3948 -9507 -8407 12164
2280 15392 -5052 -3835 -2461 18048
-272 18004 -5392 260 5075 20604
-800 20136 -7016 110 5597 17906
928 18904 -5796 -1405 2158 13942
-336 19476 -6256 -2275 2956 8175
-2984 18460 -4928 -5026 2087 18897
-1028 19132 -4288 -2075 1813 14971
-2352 17156 -5244 -3044 4196 11445
-2228 16224 -4876 -93 485 3785
3176 14644 -2960 973 -1535 -1179
6500 14168 -2664 919 608 255
5716 13908 -2284 543 2112 3801
1396 15164 -3068 1401 209 1862
-1236 16244 -1480 5272 1368 -5860
11248 17192 -6416 -2157 -18561 -26584
1816 17736 -2424 -277 -1980 -9546
2220 16596 -4536 2452 -1113 -4773
4948 15856 -5328 1606 644 -1435
3160 16324 -1992 1989 -278 -25
6760 15680 -6156 434 -113 -1336
6396 15616 -288 -439 191 -4476
5428 18096 -5100 1429 6757 -5660
-352 11092 -9152 272 11545 -3301
-968 14192 -6244 1579 -1319 60
6044 19044 372 6364 -785 4086
3196 15592 -10544 -661 -2005 3272
-5048 18868 -1876 -6475 -19116 4870
30268 7508 -2148 -4111 -17378 -6067
3464 17724 -6268 2185 2129 -8609
2016 16524 -2164 -471 -500 -2015
4360 14040 -8072 2469 1023 -1584
3504 16488 -4700 1122 -123 -1738
1380 16508 -4624 1256 -529 -681
2856 15776 -6340 1131 610 -2088
1552 16236 -4544 1566 987 -1598
2312 15492 -6464 367 956 -1819
1068 16708 -4852 808 1853 -1608
1264 15792 -3452 323 1325 -2558
1012 16784 -5592 1499 727 -2960
664 16280 -4048 2710 -1352 -2077
892 16412 -6780 1007 -1858 -3897
484 17472 -5740 871 -2957 -4027
3092 21248 -6396 -1670 -4077 -9100
-12 18400 -2156 -920 -4543 -13320
3496 15852 -2176 -435 -5147 -17363
-5748 20344 -8648 1415 33 -20592
8212 13036 -4000 -4812 4310 -8795
6756 10868 -3392 -3414 6741 5160
4812 11244 -4524 -3443 3923 16472
3948 16880 -5572 -5322 2476 23977
2112 21028 -5888 -1093 6634 24105
3332 21972 -5744 -1012 7204 19440
-6952 27156 -8664 -3382 11410 17971
1128 22060 -6808 -6345 4102 22141
-3104 18620 -4648 -4338 483 14713
-4840 16168 -5524 -2051 -3011 5638
228 14032 -3928 2330 1157 -3029
4200 13836 -2732 3307 4584 -4008
5860 12904 -1848 1416 5458 -1679
4816 13556 -2016 700 3123 1190
4280 14880 -3272 1173 -2633 690
2264 15196 -2956 1813 -5718 -1782
7856 18388 -2436 9560 -2602 -5757
-21224 22348 -6784 3087 9294 -5947
2100 18580 -2112 1242 1738 -6606
2492 18024 -7500 3103 -2147 -3435
4340 14920 -2844 2487 1512 -2048
2624 16276 -3348 1515 -462 -1329
5184 15624 -5292 605 1102 -1861
3256 16304 -3312 1935 -1396 -2244
2620 15900 -3524 1501 -1010 -1387
3048 16088 -3396 1158 -257 -1507
3168 16100 -4916 1284 -1222 -542
3148 15576 -5128 1820 -119 -602
3132 16452 -5036 1376 -1559 -937
3448 16204 -5452 421 -566 -1473
2400 15976 -4720 1106 -13 -2061
2328 15832 -5680 2107 900 -3163
1580 16444 -5220 3041 366 -3789
2564 16196 -5932 3560 -121 -3772
1240 16428 -6172 3675 37 -4250
220 16420 -4848 2856 -194 -3823
-768 16700 -6488 1696 -321 -4784
508 17028 -7360 1335 -1252 -5017
1776 19352 -8200 2011 -1276 -6954
1264 18760 -5652 470 -2777 -11695
740 21600 -3936 1627 -6174 -15794
-1704 18988 -5880 2126 -989 -22900
-4700 15776 -7404 -1593 -2104 -14842
5008 8988 -2644 -4329 -5353 992
1164 9048 -3720 -3015 -2813 10349
-1528 13304 -3920 -2180 -848 16854
-1816 15268 -3652 -412 1139 21022
-876 19196 -6184 -1971 2474 18502
480 18984 -5812 -2557 2841 17603
1384 20576 -6376 -3004 2321 14934
-676 20244 -5252 -4513 1840 12326
-2096 19376 -5688 -3985 2958 19576
-1456 18700 -4596 -4098 4225 12934
-444 16052 -4328 -1488 1418 6686
944 14744 -3404 223 -1448 1072
4796 14012 -2952 1110 -1778 -409
4896 13900 -2652 364 937 1193
3064 14196 -2596 1345 2280 885
-536 15256 -3608 2224 1980 -2859
32767 21244 3500 5008 -12506 4794
10056 16104 -5912 -4190 -4845 -8171
4100 17500 -788 1095 2455 -5736
3200 16564 -9136 4192 -1322 -3968
4052 16268 -3404 -11 2149 -1147
4156 15924 -2784 560 301 -170
4364 16060 -4612 1814 1140 55
5148 16564 -5556 1398 -732 -449
4880 15884 -5556 1470 -1504 -1181
5000 15848 -5800 1620 -1173 -2503
3416 16252 -3912 2042 -1357 -1689
4184 15872 -5204 1129 -660 -1527
3684 15708 -5068 879 -137 -2906
2844 16240 -4580 1180 -76 -1786
5876 16064 -8492 -371 2172 -4274
2044 16372 -4712 1118 3324 -4413
2184 17024 -6008 866 3976 -3551
968 16360 -5384 1385 2502 -3685
304 16532 -4684 1488 689 -3647
24 16044 -4684 1347 -224 -3710
-112 16000 -5644 1309 184 -3910
-412 16628 -5392 941 -349 -4095
1068 18516 -5896 1372 -1630 -4898
1936 20020 -5076 391 -2864 -8859
2136 20656 -6552 792 -4182 -10236
560 16396 -3612 1170 -9426 -16032
-1996 20708 -10880 10293 -15810 -16726
6300 14224 -3836 -4593 -5552 -1161
2276 9212 -3660 -1865 -2052 6020
216 12608 -4228 549 864 13766
-160 14676 -3156 -380 2671 17550
-124 18312 -4656 198 4608 18982
1632 17984 -4948 -1706 6248 18174
2132 21288 -5372 -2381 6104 12756
-2176 22084 -6488 -3586 5936 11392
-5088 18532 -5160 -4954 4082 15858
-4416 17380 -3484 -1909 929 11203
304 15600 -3072 -77 -3203 3428
2792 14404 -1352 1239 -2907 -1154
6276 14320 -1804 723 -487 -849
5916 13780 -1812 -264 4742 2430
4216 14676 -3744 -539 2347 3950
2268 14720 -4240 -428 -2056 3210
1360 17156 -3308 3177 -2846 -2490
32056 21592 1376 3472 -14610 -1372
6332 13512 -2256 -1602 -6368 -10998
4016 19052 -7740 2135 5937 -7431
2736 15932 -4188 -352 1163 -4383
3180 16404 -3168 1440 -245 -2134
3428 16236 -4724 1625 -46 -1140
3604 14616 -3460 1702 167 -1280
2536 16488 -3528 406 -1516 -1092
3040 16272 -4252 476 -1590 -1544
3000 15948 -4204 1292 -841 -1471
2852 16224 -4340 1307 -954 -1473
3064 16252 -5284 1039 -190 -1648
2716 16604 -5072 1076 303 -1147
2820 16036 -5276 1162 550 -1717
1968 16172 -5052 1235 786 -1840
1668 16244 -4256 1342 1288 -2047
1696 16260 -5364 1087 1129 -2675
1568 16344 -5768 1046 1090 -3007
688 16124 -4956 1590 1144 -3606
564 16264 -5360 1225 370 -3487
60 16104 -5620 886 473 -3350
-668 16376 -5048 585 -729 -3106
-168 16596 -5772 492 -617 -3173
1136 18728 -7456 351 -1183 -4887
596 18040 -4296 -92 -944 -7518
-1576 18368 -5596 -752 -2581 -8454
-3108 14732 -4668 1327 -5942 -10179
-2164 18456 -5776 1934 -4975 -12402
-5516 18280 -8344 2473 -6817 -11170
4536 13572 -2200 -3334 -8858 -866
4940 10092 -2240 -4424 -6357 5368
3432 12560 -2040 2993 3342 14741
-104 16388 -4376 1376 7442 17190
-660 19480 -5084 -578 5644 17197
-276 17808 -5076 -1596 5464 15431
1836 18680 -5752 -971 5651 12340
-1240 19640 -5296 -585 5361 10365
-3280 19932 -6252 -3742 6170 18428
-184 18832 -3736 -1956 3714 15449
-5384 15476 -5312 -3145 3593 8287
2116 14592 -3172 2448 400 314
3460 14484 -3088 903 -2390 2550
3776 15492 -3400 336 -4552 2574
1256 15240 -3680 127 -3625 276
11304 17008 -1244 5255 126 -4344
2032 19820 -5188 -1249 9004 -8308
5376 15608 -2920 3837 8326 -9013
2820 15524 -3104 2395 3760 -7543
1856 20244 -7392 1806 2735 -4501
2040 14888 -1156 -1266 166 -1402
3392 16148 -3984 1234 1091 -1335
3152 16708 -3628 1433 682 -1585
2332 16452 -3836 1883 -853 -1219
4040 16460 -5472 1055 -629 -1917
2168 16112 -3836 1449 384 -2002
2260 16168 -4596 1018 942 -1887
1624 16292 -4072 1273 1099 -1834
1660 15860 -4280 1109 1420 -1943
976 16216 -3916 1363 1711 -1973
572 16276 -3632 1654 -279 -2078
696 16008 -4760 1486 -97 -2193
844 16544 -4672 1307 -1077 -2015
580 16464 -5004 1550 -1865 -1644
348 15788 -5204 1662 -1605 -1667
428 16500 -5608 1248 76 -2779
-144 16884 -4828 925 -52 -2870
-408 17016 -4996 689 -740 -3510
104 17944 -5240 -7 -1305 -5030
-888 16996 -4160 887 -1630 -7490
-1692 16608 -5212 1381 -2832 -8643
-3772 16724 -3784 3343 -6254 -9283
-2512 17840 -4768 3224 -8588 -11422
-4724 18216 -10528 5950 -9358 -13321
-5824 12096 -6384 -4377 -13484 -4177
4624 9900 -1164 -5495 -15414 4066
3384 9896 -732 3774 -339 14596
2240 15736 -668 5218 3195 18843
2076 19760 -3320 1196 2233 20605
4000 19324 -2992 -386 6407 17813
2084 21496 -4976 895 10551 14719
-5320 22356 -9324 -3793 12996 15628
-2092 18660 -6188 -4213 10812 16073
-3952 18968 -6584 -3972 5318 10943
-2276 16680 -5292 -370 -3245 6990
1672 14908 -3428 627 -5263 46
5780 12980 -732 1166 -2652 -273
4472 13692 -1960 239 1196 1378
1088 15180 -2740 1727 604 -706
7588 16492 -388 4479 -3135 -3901
-2476 21724 -5012 -1085 -4902 -6406
3640 18196 -3892 3378 1693 -7406
4168 16552 -5768 505 2615 -2658
4704 15596 -5484 2370 1091 -2478
2384 16092 -2368 1732 1296 -1420
3520 16244 -4068 678 -334 -772
3160 16168 -3868 1040 -1119 -635
4080 16120 -4900 1359 -1196 -458
4788 15964 -5688 1683 -1658 -1398
3708 16008 -5000 1248 -1030 -2500
3164 16012 -3904 1541 -359 -2080
3648 15960 -5772 1394 448 -2035
2192 16416 -3864 1390 1078 -2119
2380 16136 -4788 1194 854 -2020
2136 16220 -4824 1446 1178 -2223
2300 16448 -5648 1019 1446 -2230
1776 16312 -5700 912 1059 -2624
924 16080 -5480 849 514 -3193
860 16176 -5068 1233 39 -2842
376 16236 -5880 1236 -152 -2620
732 16760 -6428 364 -962 -2610
1060 17232 -6204 -489 -1658 -3170
1052 17932 -4652 -1060 -2412 -5236
96 18104 -5292 -131 -2552 -7128
-740 16268 -4908 -28 -5083 -8506
-1304 17488 -6020 290 -6228 -9901
-436 18160 -8656 5914 -15737 -12889
-4336 17564 -11328 6117 -25892 -3379
7616 11116 -1924 213 -30881 4973
5416 8832 3476 6737 -18830 11457
2824 14396 4600 11399 -8827 16408
2604 18528 1356 3038 -8545 18055
3220 20016 472 -1381 -7868 16488
3740 20028 892 -396 -3602 20163
-432 22596 -2620 -5875 3468 14739
-220 16996 -748 -2537 -264 11647
232 15964 -2176 -2813 -5228 5681
3440 14892 -2248 -2090 -10008 3032
4964 14528 -2060 -1614 -8403 2152
5048 13916 -1644 -1288 -2835 2037
4056 14756 -3760 -495 -1822 1545
3232 14424 -3648 -180 -3587 -943
2220 14424 -4124 1126 -707 -5778
29004 15668 -5932 9714 -10567 -28804
236 16312 -2780 -2449 1943 -12287
2528 17540 -448 -1581 5098 -1485
5400 15516 -3924 2593 21 -1383
6272 16492 -6336 1032 707 -2743
2256 17400 -1600 279 1731 -2252
4072 17460 -4192 2087 1452 -1468
3796 16300 -3932 2153 358 -1315
3728 16032 -3876 1467 348 -1357
3516 15828 -3724 1678 787 -2050
3116 16252 -4084 1489 203 -1705
2160 15988 -4024 1248 -14 -1746
2252 16336 -4436 1353 -1045 -1275
2164 15996 -4808 1499 -1148 -1590
2056 16056 -5124 1235 -665 -1795
2224 16968 -4884 1287 -428 -1875
2608 15816 -5336 1241 -2274 -1188
1220 15796 -4496 670 -1471 -1402
2916 16272 -5148 2012 29 -1671
1600 16360 -5848 784 -451 -2965
3752 19668 -5252 1223 -1948 -5483
1576 18476 -3964 1597 -1950 -8286
-636 16120 -4592 1458 -4725 -10046
-768 16340 -3272 2680 -2491 -10584
-2988 16116 -4680 3095 -4661 -11973
-192 20304 -4960 8336 -12314 -15092
-7064 21916 -7516 13714 -12331 -17988
6544 17048 -9164 2536 -9588 -73
3424 8328 -2616 -8591 -11078 4341
2064 9168 -2256 -1724 -5049 15768
224 14448 -2684 -1001 -218 23353
-2316 20196 -4468 1560 5454 24791
-2092 21040 -5968 -1350 7185 20439
956 20004 -5836 -2412 5541 15153
-3156 21064 -6884 -2298 8139 12472
1904 17832 -3120 -1979 3321 17052
636 19200 -4440 -4156 3330 10627
-1656 15936 -3860 -2039 759 6670
852 14908 -3308 73 -1827 1950
3296 13172 -1936 -121 -1245 466
4896 14248 -2624 -12 -836 1064
2288 15308 -3208 1125 -1245 -125
7144 17700 -3364 4983 -4457 -6418
-5096 21688 -1120 -654 2539 -5816
6212 15768 -2092 4933 8109 -8607
1492 20092 -7840 3213 860 -2540
6120 14356 -3500 904 1378 -3173
3088 15496 -2228 1506 -203 -2007
3536 16760 -4840 247 -626 -878
2092 16596 -1160 911 596 -601
2996 16440 -2496 1058 -951 462
4832 15564 -5580 896 -533 383
5376 15752 -6352 1576 -830 -473
4432 15488 -5796 2453 -799 -2256
3592 16304 -4500 2525 -240 -2149
4400 15808 -5888 1951 1168 -2627
2584 15568 -4208 1314 1588 -3053
2148 16244 -3672 753 2040 -3546
2036 15896 -5596 750 2135 -3743
1004 14652 -4784 839 2744 -4818
420 16392 -4368 677 844 -4297
924 15944 -4792 1703 -509 -3547
532 16480 -5148 1684 -1397 -3518
-820 16368 -4516 2129 -1842 -2776
1304 17796 -6400 2016 -3078 -2350
1300 19140 -6456 -392 -3177 -7268
-800 17480 -4400 1092 -4240 -9714
312 17080 -5952 19 -7014 -10591
-988 16648 -5768 2503 -6196 -13850
-5288 19044 -7212 4350 -5205 -16413
-4092 16280 -8156 3512 -7337 -16348
6700 11128 -1720 -2362 -7150 1792
4124 9756 -1768 -2480 -4417 12031
2760 12692 -2264 1652 1071 21443
-728 18112 -3380 1257 5761 23443
-1020 20204 -5092 -576 7671 20948
-932 19288 -4924 -1570 6781 15951
-660 20104 -6672 -774 7215 12735
-3404 19204 -5384 -4332 5059 15818
1572 18032 -3616 -2974 2942 13158
144 16020 -3016 -4468 3442 10941
532 16248 -3816 -2039 1832 6441
2264 14604 -3188 -1090 -1367 2263
4752 13652 -2388 -381 -2852 1336
2568 14492 -3580 36 -780 1410
-440 14548 -4292 2476 659 -2772
26248 17816 4048 9231 -5946 359
13216 19616 -1644 -1304 -3201 -6967
7936 18244 -8412 4811 -2246 -7375
2720 15548 -2596 1703 1061 -3233
4224 16284 -3488 968 880 -1836
5240 15836 -6048 1831 664 -1632
6312 15948 -6592 1504 -17 -3223
3668 16188 -3660 1835 2087 -1344
2920 15632 -2596 -504 733 -1631
3076 16028 -3164 1188 -439 -1023
3244 15920 -4224 1566 -701 -1017
3472 16164 -4020 573 -832 -1323
2660 16272 -4684 1585 -2302 -1931
4196 16424 -6028 1236 -923 -2164
3052 16264 -5080 1463 -370 -2644
2872 16048 -5640 1201 -32 -3347
2252 16340 -5432 857 1005 -3925
1252 16316 -4900 372 973 -4338
1376 16600 -5460 264 129 -4360
468 16160 -4648 702 -466 -3940
-84 16056 -5236 961 -251 -3433
-40 16724 -5552 614 -626 -3803
104 17436 -5396 46 -1427 -5051
1124 19128 -5940 200 -1550 -8026
884 18624 -4004 1961 -419 -11698
-544 18752 -4704 1262 -6183 -11380
-1636 17600 -3316 3922 -6969 -19017
-7884 20556 -10224 8109 -8699 -16153
8380 9840 -2308 2795 -3381 941
-2196 9884 -5612 1243 -6366 10131
-188 12512 -5276 -3392 -10394 17924
1564 14692 -3504 -3475 -3120 19571
1104 18632 -3692 1457 8765 21146
-416 19912 -6760 1478 14433 16808
1988 18672 -5716 258 11586 11275
-2636 22576 -9668 1236 6458 9056
-3780 17948 -4216 -7276 4281 17915
-1932 18880 -5364 -3605 2126 14742
-5216 16260 -3176 -456 2203 11244
-32 16488 -3416 358 3176 127
7088 14724 -3216 1199 1125 -3952
8456 14300 -2700 -420 -45 955
4876 14516 -3948 271 -1718 4589
1976 13804 -3884 2209 -957 929
2664 15608 -3040 5816 -1515 -5409
-7516 25996 -2448 743 4469 514
7756 13664 -2616 1227 866 -6301
4928 15404 -6036 4094 -147 -5487
3528 17120 -4844 1882 1694 -3842
4288 16504 -4032 957 -414 -2368
5680 16044 -5924 1042 580 -2952
3952 15768 -3596 1449 226 -2177
3564 15700 -3688 1964 -331 -2001
3924 15916 -4900 1455 -519 -2224
3244 16020 -4248 1193 734 -2633
2952 16240 -4556 1541 660 -2422
2308 15732 -4296 1486 1007 -2323
2496 16192 -4412 1436 303 -1997
1720 16124 -5076 1622 29 -1616
1956 16320 -5244 1698 -375 -1690
2104 16276 -5488 1495 -1022 -1576
1692 16120 -5592 1406 -710 -2298
1680 16840 -6184 1596 -922 -2507
636 15992 -5648 1544 -1177 -2469
488 16100 -5980 1406 -1593 -2264
560 16840 -5544 1218 -897 -3093
336 16664 -6268 916 -1242 -3804
-192 16744 -6372 355 -1259 -5127
604 18576 -6540 356 -2253 -7250
-252 18236 -4908 28 -2067 -9623
-2116 16884 -5428 -113 -2361 -9316
-4156 15404 -4556 2351 -5884 -10217
-1224 20912 -7856 5935 -5776 -13122
-8608 17864 -8840 5088 -4259 -14973
3756 14064 -4236 -757 -5317 -909
2044 11040 -3924 -5612 -8499 4258
-472 10720 -2744 -1091 -4002 12995
-324 15064 -3180 -2298 2160 16247
-1340 17596 -4608 592 4651 19492
-472 18192 -6052 -2573 6521 17523
-600 19748 -5856 -2153 8409 16848
3196 19116 -5328 -2054 9322 15560
848 21016 -6308 -3008 8223 10717
-360 18816 -4736 -5133 5245 18818
-600 18736 -5392 -5309 1683 13090
-2104 15624 -4832 -2425 -3295 7080
1408 14968 -2608 250 -2195 703
4960 13380 -1848 720 1482 -514
5780 13764 -2556 615 3050 29
4420 14700 -3244 1514 203 744
2008 15684 -2792 1414 -2437 -1852
4304 16620 1060 2788 -797 -6340
-7476 23760 -8416 588 -2297 -5603
8788 13852 -7092 1431 3293 -3488
7944 13496 -3692 1453 2078 -4699
5568 15960 -4084 3858 282 -4439
3892 15916 -4348 2494 1708 -2533
3404 15688 -2096 2526 -353 -2364
6020 15656 -4896 1299 142 -2093
4332 15492 -3956 992 -679 -2919
2540 16664 -3680 1526 -516 -2746
3052 16176 -3696 1510 -1738 -2422
3740 15616 -4740 1062 -117 -1620
3636 16016 -5032 1622 205 -1271
2988 16120 -5068 1547 10 -937
3040 16196 -5228 1666 173 -1187
2640 16112 -5284 1439 380 -1251
2772 16084 -5212 1354 -181 -951
3068 16148 -5788 846 -39 -1508
2320 16248 -5720 941 83 -2127
2480 16208 -6680 617 569 -3274
1596 16092 -5432 620 -338 -3713
1384 16136 -5572 1296 -581 -3323
1232 16396 -6672 1567 -207 -4082
824 17000 -5044 862 -236 -4057
744 17836 -5416 505 -1498 -4952
880 17920 -5908 116 -1212 -8188
-528 16372 -5284 784 -1682 -10556
-1452 17776 -5004 108 -1526 -10062
-916 17064 -5540 1195 -3781 -13669
-932 18984 -7212 3985 -4847 -18776
-9588 16844 -8824 3150 -3792 -14789
4816 12016 -4216 -6618 -21105 2730
4240 8028 -336 -2744 -11282 14812
-336 16240 -2308 5329 3328 23808
-2508 19100 -3616 3465 7890 21456
-1608 19284 -5572 -1437 5582 17547
196 17788 -5136 -573 7578 15129
-388 19252 -6052 619 7775 13459
-3192 18588 -5216 -3430 4755 16358
492 19796 -4844 -1435 3120 16023
-1216 18060 -4144 -4591 4393 12043
-276 15216 -3804 -867 -1120 6882
2732 14580 -3112 -486 -2466 1322
6348 13316 -2192 -166 -1021 35
6820 14592 -3320 413 989 1703
4108 14940 -3288 619 -566 1048
2076 15232 -2872 1563 1379 -2948
21556 15624 -2788 7229 -4221 -1789
6172 19424 -4160 -2566 1188 -5882
6880 14064 -1384 2464 3311 -5257
3884 15436 -1768 2450 -2618 -5095
5992 16216 -2904 2078 385 -4446
3952 15604 -4384 2607 -906 -4521
3356 16016 -4744 2909 2055 -2835
3696 16700 -4672 2108 -283 -1098
6640 16128 -7800 1369 159 -2306
2916 15348 -3324 3233 -20 -2575
3500 16648 -3932 1825 -1330 -1509
1784 16040 -3836 417 220 -1964
3172 16152 -3892 1487 -590 -2342
1884 16044 -4436 1189 -956 -1947
2676 16076 -5784 1386 165 -2066
1956 16236 -4844 1472 222 -2011
2584 16204 -6164 1660 272 -2214
2280 16040 -5980 1480 1075 -3164
968 16252 -5400 2476 1072 -4199
968 16464 -6100 1606 925 -4988
420 16292 -6332 1969 -4 -4430
152 17248 -6760 1687 682 -5253
-192 17008 -5728 794 -1093 -6096
-1144 16736 -5968 959 -992 -7045
-1736 17044 -4884 1184 -2003 -7291
316 17844 -6232 2047 -2185 -9792
-2832 18000 -4012 383 -7701 -11375
-5616 16992 -7056 2222 -5246 -17397
-5688 15836 -7672 2493 -7041 -13913
6172 12832 -4580 -888 -5763 588
2156 10720 -3272 -5103 -6804 6920
-1400 12576 -2664 1623 400 14658
-2176 15088 -4772 128 2188 16237
-2272 17064 -5036 -528 2044 17659
-1028 19288 -6380 -1607 3866 15337
224 17892 -5392 -1295 8600 16194
1732 17596 -5872 88 7133 15317
1480 18664 -6116 -1594 4905 11298
2080 17144 -5344 -2317 2272 17107
1348 16504 -3476 -2988 4275 11356
-1036 16756 -4872 -1946 1878 2834
-4412 15968 -5644 -982 169 5675
1352 15552 -4668 -1540 -4625 2644
3040 17308 -3220 4540 -2767 -2688
6668 20064 -5836 2705 -7296 -12955
5112 15940 -4440 360 3283 -4853
4660 15000 -3800 1045 1412 -3812
5072 16092 -2604 619 250 -2288
4048 15428 -1372 1142 1921 -1224
5676 16196 -4120 857 1 -1216
5612 16032 -4396 1937 1535 -1821
5756 15796 -4512 2517 1903 -1918
4580 15912 -4696 2176 2056 -1756
3380 16296 -2796 2334 434 -1389
4080 16040 -4732 1743 -461 -1164
3884 15548 -4320 1419 -306 -1584
3648 15764 -4632 1443 -248 -1863
3656 16000 -4120 1567 -1238 -1255
3504 16160 -4800 1532 -1369 -1638
2816 16240 -5324 1914 -761 -1281
3676 16428 -5516 1396 -610 -1695
2840 16128 -5472 1404 -746 -2339
2820 16144 -5652 1597 -343 -2852
2536 16296 -6376 1049 393 -3636
1980 16344 -6372 1071 -588 -4148
860 15928 -6060 1373 -1391 -4043
1340 16784 -6444 1250 -2922 -4034
544 17212 -5120 712 -2097 -4855
1504 18676 -6796 675 -2710 -7609
1228 18140 -5732 678 -3505 -11522
-1464 18540 -4672 156 -5913 -11154
724 16352 -3732 4621 -10421 -15761
-4440 18936 -5884 5736 -6770 -18029
1048 16572 -11084 -1033 -12838 -2649
4624 10096 -3100 -6863 -13617 5483
3856 11564 -2940 -1293 -4133 15664
608 13380 -3292 1069 5099 20158
-1204 19304 -5836 2749 8417 21590
-348 19212 -6548 136 10597 17063
3188 18776 -5460 -21 10462 12001
68 21256 -6580 1556 11016 10528
-1928 19756 -6188 -4456 7923 16906
644 17976 -4744 -3222 4496 14353
-1836 16128 -4240 -1883 3041 10372
-72 15452 -4100 -935 -1993 4662
5436 14384 -2368 82 -973 2296
5888 13328 -2548 -447 3550 3489
3532 15144 -4672 1367 2363 2667
2808 16808 200 2085 5342 -10021
-6820 24752 -5712 2354 108 -6973
9644 16580 -9220 3147 4487 -7621
5212 14792 -4224 1049 4491 -6272
3200 15772 -1332 668 2724 -3949
3080 15848 -2740 912 -406 -1713
4168 16020 -2748 1781 75 -1245
4140 16084 -3460 2297 -74 -1420
4784 16092 -4128 1715 506 -1982
4052 15996 -3820 1990 611 -1602
4104 16216 -4412 1417 1268 -2296
3012 16028 -3744 1499 1112 -2481
3784 16028 -4736 1412 -286 -2480
2500 16672 -4052 918 -216 -1578
1740 15744 -3872 1442 -629 -1357
2332 16024 -4668 1161 -322 -1757
2076 16496 -4420 1945 -1822 -1712
2028 15692 -6132 1266 -219 -3029
832 16564 -4320 1538 -1326 -3206
1644 16488 -5580 1600 -919 -4025
112 15932 -4896 1840 -1379 -4024
476 16896 -6268 810 -4371 -4106
-900 17056 -1456 1531 -4690 -3391
1972 19496 -5416 1229 -2735 -8211
404 17404 -5572 81 -2261 -10379
-2428 14940 -4584 -383 -2551 -10208
-2508 16468 -5456 1710 -6409 -12404
-2224 19856 -3948 5121 -7153 -16726
-10852 21064 -10420 7833 -10936 -18524
1376 12240 -5864 1668 -7319 -802
1580 6616 -1984 -362 -174 9395
588 11276 -2392 472 -175 19479
-156 14932 -1944 -229 3151 23949
28 19608 -5296 -1789 6769 24288
1096 20652 -5244 -2474 9500 21065
3728 22184 -6216 -2541 8019 15404
-6252 24184 -9076 -5747 7973 16227
-380 18748 -4344 -3329 903 17821
-2752 17560 -4876 -4441 777 10497
724 15588 -3796 -174 -1620 3553
4048 13900 -2320 243 385 128
5872 14044 -2288 406 651 1211
4732 13936 -3092 -266 389 3029
2484 15152 -4416 928 -2539 1832
6468 17188 -2552 3251 -3198 -8191
3240 21252 -5140 -1277 -2739 -11937
4284 15332 -672 1415 9562 -6333
880 16440 -1312 1248 1259 -4675
6300 16124 -6208 3040 821 -4942
2796 16464 -5020 2332 1264 -3064
3488 16740 -3996 1823 437 -1676
3552 15572 -3020 1992 860 -1747
3076 16156 -3108 997 -1711 -1250
3484 15984 -4244 1071 -508 -1396
3424 16132 -4540 1557 -336 -2122
2904 16284 -4420 1218 201 -2817
2272 16252 -4672 1233 301 -2499
2008 16332 -4288 331 -1197 -598
2128 16332 -4476 1318 -105 -1976
1940 16260 -5068 1412 660 -2668
1588 16132 -4576 1650 1126 -3187
944 16276 -5116 1554 1151 -3557
876 16560 -5824 1460 874 -3675
400 16344 -5692 1239 232 -3866
-1268 14980 -4972 1407 -305 -4505
132 17080 -6768 1784 80 -4714
-744 17284 -4900 984 -1555 -5356
304 19180 -6408 691 -1985 -6846
-640 17956 -4812 382 -3160 -10017
-1216 17404 -3364 1768 -3705 -11956
-6244 17272 -5952 3339 -1652 -17204
-7676 18388 -8328 4335 638 -15715
2844 10260 -588 1608 786 -950
-1152 8924 -3184 -2402 -7780 7777
584 12264 -5004 -5914 -9660 15493
112 15568 -3504 -3489 -2375 18493
-1764 18068 -4540 356 5649 19028
-104 18964 -5428 -1632 7281 16841
1424 18328 -5740 -1571 5953 15798
768 20292 -5696 -3288 3988 11901
872 18196 -4108 -2960 2595 15642
420 20028 -5528 -3219 2992 14843
356 16884 -4200 -3204 2699 11849
-640 15420 -4764 -1252 -2019 5490
3396 14608 -3936 1 -4010 2171
5592 13824 -2828 711 -889 1059
4552 13804 -2332 465 3649 1986
1400 14916 -3664 1510 3525 805
-1588 16868 -5436 3961 753 -3122
32767 16312 9836 7054 -15704 -7382
6040 15652 328 -5730 -4459 -6773
10568 15364 -9112 1060 2289 -4683
8160 14108 -4108 2774 -1213 -8535
-32 18036 -3504 3841 3714 -5507
3052 16672 -3976 855 -461 -859
8432 15712 -9160 2399 -1148 -848
4316 16396 -5468 1043 -1675 -3016
4468 15420 -4660 1817 -685 -3803
3452 15988 -4380 1398 -377 -3517
3704 15624 -4968 1235 1780 -3143
2832 16448 -4120 671 1299 -3320
2392 16328 -4312 852 1010 -3118
2296 16104 -5188 1105 402 -2948
1640 16068 -5020 1206 162 -2838
1624 16552 -5200 1049 -457 -2820
1112 16320 -5832 1137 -618 -3308
860 16472 -5620 302 -395 -3745
-228 16292 -5224 706 -1855 -3522
-108 16352 -5328 1155 -1769 -3740
-676 16116 -4696 428 -900 -3745
-996 16488 -5864 376 -399 -4070
-1048 16760 -5464 127 -943 -4384
-592 17524 -4716 -36 -977 -6267
-596 17432 -5328 172 -1691 -8276
-2908 16684 -2692 411 -5972 -8446
-3924 16344 -2096 2178 -9639 -9951
-6520 13704 -4972 2864 -7792 -10203
-4456 15620 -7304 4777 -3859 -6707
2928 13604 -4536 -2866 -148 6415
3532 12760 -6132 -3013 -4150 10479
2572 13496 -5056 -5771 -4211 12403
1576 15872 -4876 48 3991 14647
328 18200 -6480 1043 7576 15817
-76 18752 -6692 -53 5457 14500
2420 19924 -5660 -1143 2717 12450
-568 21100 -4660 -838 3835 13384
1196 18436 -4700 -583 4814 15974
1084 18856 -4420 -1947 6247 12940
924 16740 -4600 -1333 6372 9750
904 15368 -4256 101 2871 5489
3720 14164 -3456 1286 -1413 2902
6332 14456 -2372 -161 -2648 3101
3308 13872 -2112 973 214 3597
2256 15876 -3096 7461 3446 -5889
5340 16792 -5052 2055 -8127 -21887
4688 14292 -2676 1174 2524 -10097
2440 16972 -3528 1848 8291 -5449
5152 16796 -6816 3398 1919 -5040
1948 16424 -1660 -440 284 -2374
3720 16320 -4368 322 943 -2383
4260 15984 -4656 1632 632 -2150
2744 15900 -2976 1727 607 -1550
2736 15948 -3100 1065 -1004 -1513
4200 16652 -4136 1251 -1544 -1935
2804 15728 -4736 784 -1264 -1492
3284 16068 -5208 996 -808 -972
3952 15788 -6064 1370 -1252 -1442
2880 15536 -6068 1600 -887 -2296
1908 16296 -4908 2752 -1711 -2033
2680 16344 -5164 2364 -150 -1101
2616 16000 -6240 1848 727 -2494
900 16424 -3872 1963 1177 -2306
2028 16464 -7188 1639 584 -3454
1484 16524 -6076 1715 3 -4737
400 16652 -4888 2249 -201 -4574
680 16764 -6552 1367 -851 -5532
-96 16704 -6832 284 -1477 -6070
-440 17452 -7016 654 -2326 -7165
-1040 17628 -5836 1016 -2354 -8677
-2324 17892 -3196 371 -4820 -9283
-740 18516 -8768 3709 -4915 -15344
-4732 20484 -9112 514 -486 -17192
-5692 16564 -7556 -3558 -14179 -4697
8420 8808 16 -10726 -19064 2733
3184 8536 -364 -71 -1017 15140
1812 14312 -2460 4767 7799 19882
-912 19048 -6664 1168 7076 21121
1268 18920 -5984 -3125 5782 18142
2540 18896 -5776 846 9398 15983
1340 19092 -5664 1822 8401 9177
-5256 22684 -9040 -1614 10594 16630
-1972 18300 -4880 -5275 296 15836
-6340 15816 -4852 -2991 -3727 11271
428 15964 -4104 1845 -6768 2745
3596 15356 -3104 274 -1539 -1280
3856 14340 -1852 266 1452 416
-2020 16728 -3556 3216 4326 -4906
9788 18452 -4164 4758 -5268 -10298
4000 15680 -5572 354 -1273 -3366
6596 16212 -6008 -1227 -881 -1909
4612 14804 444 501 -2545 -882
7220 16096 -5400 -381 1289 -1598
6408 15812 -4412 1480 33 -1341
5524 15360 -5156 3263 852 -1480
5200 15528 -4328 3992 -1025 -787
6512 16384 -6776 2074 -1245 -972
5744 16068 -6756 1383 -1232 -1206
5896 15720 -5696 1259 -410 -1485
5504 15556 -6316 1528 -1230 -2834
4340 16628 -5368 629 -144 -3480
3100 15968 -4636 925 1034 -2954
2496 17244 -4540 -55 987 -2200
3224 15924 -4604 568 292 -1249
4324 16064 -7240 1938 325 -2194
2684 15644 -5624 2063 168 -2486
3032 15824 -7112 1098 408 -2641
3352 15300 -7828 1587 1113 -3333
2088 16108 -6908 710 2476 -3640
1148 16420 -5700 282 1575 -3713
448 15776 -5092 449 -24 -2566
1088 17344 -7620 312 1212 -2493
592 16548 -6284 243 611 -3262
796 17044 -5572 5 -696 -4056
808 17976 -6220 -954 -1453 -6304
584 17712 -7340 -1291 -1736 -9038
-1364 17032 -4512 -604 -3846 -10370
-2512 17304 -3252 926 -3896 -11023
-4572 15808 -3312 735 -7982 -11979
-876 17096 -4384 7754 -8728 -14929
-5364 18504 -8960 1458 -2031 -10030
4604 12032 -3064 -1559 1670 5503
1380 11976 -4864 -2868 -2236 12853
3072 12764 -4280 -4464 -3359 19454
2568 18288 -5528 -1093 2479 22631
328 19628 -6556 -756 10841 20845
2076 20808 -7716 -1259 8761 18389
-4476 21424 -7244 -3318 7707 18792
1720 22736 -7252 -1342 3249 17925
-2336 18352 -5504 -4494 3873 11777
-1044 15784 -4220 -628 2147 5401
1816 14696 -3080 1110 3081 656
4120 14276 -2532 1571 1705 -297
5972 14040 -2576 692 512 748
5576 14468 -2840 -326 -917 1730
4756 14888 -3472 1028 -2681 253
5248 15092 -2416 1269 -1968 -2011
14356 15236 -3360 3756 -3264 -2081
5900 19000 -4832 -274 -772 -8848
4348 15368 -672 1349 542 -6985
4632 16036 -4404 1306 -1472 -4343
3328 16312 -3996 2017 495 -2523
4216 16180 -2900 1221 -1054 -1310
5128 16072 -4384 909 -832 -1110
5992 15892 -6288 1165 -659 -1667
5980 15484 -6644 1364 -541 -1978
4772 16012 -4832 1482 -242 -3010
3888 16100 -4028 1457 -1017 -2194
3920 15980 -5140 923 -502 -2139
3180 16080 -4824 1243 -532 -1712
3104 15772 -5056 905 -85 -1161
3648 15724 -5644 1225 548 -1556
2600 16300 -4380 1665 1122 -2397
3592 16460 -6160 1436 1451 -2148
3520 15516 -6992 1323 2767 -3953
1512 16140 -5680 1248 2744 -3949
1252 16456 -5228 543 846 -3293
544 16160 -4212 773 -703 -2607
1416 16704 -6316 370 -604 -3530
304 16496 -5812 -816 -1481 -4207
2196 19536 -5252 -1748 -3274 -5741
972 18736 -3316 -1016 -1578 -8735
-988 17500 -4336 -1422 -2722 -9691
-1844 15236 -4296 -307 -5845 -11177
-1036 18136 -4884 2805 -7700 -15106
-7204 21284 -9468 5244 -4297 -18500
-3748 16212 -4460 -5906 -4634 -8464
3616 10096 -2536 -3362 -1303 3611
460 11204 -2876 1068 3349 13879
352 14584 -3680 1431 3939 19129
232 19240 -4860 106 4046 21317
1388 18932 -4724 -429 6973 19003
772 21800 -5392 70 6844 18000
-1836 20076 -5424 -2120 4496 17010
-312 19372 -4376 -2409 3451 16553
-1892 17308 -3832 -5162 2955 11993
-5136 14692 -4076 -1713 1429 7497
-3948 15532 -4256 733 -1101 781
148 15680 -3088 1953 418 -5456
12028 16296 1056 7481 -2870 -858
-2500 23808 -1312 1356 -4615 -1025
7896 14796 -2940 222 -4024 -5149
2928 16084 -4652 1489 2127 -844
5888 16064 -4004 1259 293 -1448
4192 15452 -3436 1451 1289 -1447
5724 15544 -5576 2447 102 -2289
5140 15216 -4248 1947 816 -2983
3760 16748 -4440 1884 1302 -1520
3668 16416 -4420 -1300 2731 -2291
2648 16600 -3380 906 1394 -1731
2828 15772 -3956 1031 453 -1494
3280 16196 -4168 1588 -599 -1100
3120 15908 -4596 1484 -1309 -840
2980 16136 -4764 1271 -1070 -1095
3328 16148 -5352 1019 -504 -1665
2452 16244 -4716 1306 -589 -1901
2452 16152 -5408 1195 -706 -2013
2240 16160 -5468 1034 -289 -2225
1632 16432 -5676 833 -793 -2482
1092 15800 -4680 1440 -727 -2145
1440 16324 -6232 827 -234 -1757
1372 16512 -5796 619 -1152 -1729
3676 19864 -5780 878 -3060 -2958
1784 17740 -4476 404 -930 -5804
988 17432 -5928 -219 -1504 -7899
-692 16468 -4980 823 -2076 -8382
-1840 16784 -4996 1188 -4431 -8675
308 18928 -4136 2385 -9447 -12144
-3720 19396 -8380 8786 -9354 -14123
3484 15768 -7220 -122 -9478 -1804
3872 11124 -3444 -4246 -14069 5602
-296 10908 -2644 224 -5412 15460
-1800 15436 -1368 2608 5385 17097
-4372 17656 -3352 1253 13234 15079
-2368 17004 -4820 -2445 16689 11857
-6988 17632 -8532 -1780 12116 8797
-6732 17872 -8864 -2264 4617 4988
-4372 17488 -5236 -690 1895 1309
-3396 15376 -3584 1093 1696 -7027
-3380 17632 -7032 2788 -1195 -3799
2572 17436 -6148 -558 -2326 -178
-224 17044 -2996 -1021 619 -424
1040 16296 -2864 -683 -130 -175
352 16576 -3820 -175 69 907
1456 16644 -4156 -145 -1003 1220
1452 16276 -4012 -213 -1024 721
1652 16308 -3752 689 -611 212
1316 16312 -3752 89 -376 -258
1060 16180 -3832 328 -269 -106
1112 16464 -3532 442 -197 -77
1168 16140 -3788 504 -166 214
1416 16224 -4168 579 -100 217
1208 16252 -4048 577 -118 213
1264 16392 -3828 503 -124 206
1300 16240 -4072 570 -209 441
1268 16236 -4148 363 -203 449
1228 16248 -3900 393 -376 409
1572 16260 -3904 405 -370 406
1568 16388 -4316 393 -249 191
1368 16348 -4176 262 -128 114
1532 16352 -4152 321 -28 -19
1396 16248 -4232 315 5 -51
1316 16368 -3992 306 -57 28
1320 16244 -3908 284 -148 215
1416 16312 -4136 374 -107 239
1480 16280 -4172 398 185 110
1416 16124 -4316 418 191 32
1376 16196 -4060 377 341 16
1184 16316 -3924 263 178 133
1448 16236 -4484 344 67 149
1376 16404 -3952 254 -44 159
1276 16260 -4272 315 59 165
1452 16248 -4180 257 -20 186
1348 16340 -4132 322 -51 165
