7270624 7274498 -1216812496 5 2089732 2315594
0 7274498 -1216812496 5 2089732 2315594
5540 15472 -5588 197 -214 203
5512 15324 -5684 193 -104 227
5344 15520 -5756 142 -125 212
5476 15632 -5532 361 -155 183
5564 15524 -5760 124 87 191
5460 15628 -5560 406 121 177
5344 15636 -5532 374 57 226
5432 15540 -5440 398 -70 176
5632 15584 -5496 449 76 110
5660 15428 -5396 71 373 247
5484 15304 -5564 244 253 105
5452 15716 -5496 -30 195 333
5396 15512 -5676 314 -195 260
5436 15640 -5776 -41 -60 161
5368 15336 -5952 274 -156 106
5476 15792 -5556 459 74 326
5892 16312 -5348 -225 1048 338
5328 15208 -5268 840 1028 298
5284 15752 -5260 576 853 367
5300 15344 -5568 539 486 407
5480 15448 -5536 934 76 269
5592 15044 -6000 972 10 356
5292 15548 -5812 877 -134 549
5424 15416 -6216 1219 -260 399
5676 15284 -5984 827 -368 434
5668 15372 -6284 916 -375 438
5792 15508 -5948 709 -211 541
5552 15528 -6172 1151 -502 471
5876 15080 -6620 1391 -422 677
5516 14664 -6828 1712 -617 435
5088 15736 -6752 102 -64 452
6556 15228 -7968 2676 1062 -111
6048 16444 -5884 -690 2845 1410
6500 14816 -5540 1653 1310 872
6736 16456 -6036 -935 1155 1607
6968 14220 -6120 1364 750 2187
6512 16452 -4692 -2148 824 2558
6132 12988 -4668 1787 -749 709
6288 13476 -4532 725 -2312 -718
6332 15148 -4968 -378 -3268 -1650
7804 15500 -5348 1581 -3298 -1742
6504 15764 -5200 -796 -3022 -1102
8040 17452 -7884 233 -4026 -725
10048 15572 -7656 369 -6 2294
6448 17780 -6504 1374 1157 2887
7600 14128 -7640 -1935 867 1588
5352 14192 -8764 3113 -115 390
5164 14416 -9688 -2068 267 765
6004 14796 -10260 372 1330 -1495
4168 15760 -8700 4 1264 -1839
4160 15488 -8252 -3183 993 -1546
4568 16192 -7500 -1627 299 -2872
4268 15832 -7236 -3259 1063 -3094
5068 13840 -7448 -1920 983 -3035
4580 16012 -6192 -289 997 -3231
3660 14800 -5984 360 543 -3382
4684 15476 -5180 -907 1458 -2313
4704 14396 -4692 409 2860 -1126
4024 15828 -4480 1118 3183 514
3204 15288 -4432 133 2981 705
3540 16544 -3932 -1474 2193 1457
4712 15304 -3876 -1617 2160 1192
4112 14068 -4504 -773 3477 2491
3608 18420 -3344 2753 3703 1506
3656 15072 -3464 2708 3107 2428
2836 21392 -5072 5021 429 209
3988 16872 -5256 2238 -981 649
7172 18604 -4712 1883 1232 -1327
3956 13720 -5992 3958 947 -2007
3676 17320 -7776 -1628 -161 461
6476 16372 -8672 365 -354 1223
5896 12956 -8552 -3607 -261 2813
4596 16120 -6772 342 -1589 981
5020 15144 -6136 -4943 -1438 2246
6280 14800 -6148 -1850 -1485 1982
5568 14704 -5672 -588 -1261 2111
6036 15436 -5472 -1219 -986 1757
6476 15432 -5540 -1313 -1363 1274
6044 14312 -4972 -1378 -2267 1850
6416 13440 -4852 -484 -3082 1113
6292 14016 -4464 925 -3497 -339
6504 15040 -4788 -119 -3240 -1301
6364 16000 -5080 483 -2947 -957
7208 14816 -5436 862 -1806 -379
5392 15896 -3592 77 -2772 -604
6572 14152 -4792 1478 -2757 -1247
6948 15816 -4344 3422 -2133 -925
7612 17112 -4944 3024 -1879 -100
9748 18168 -7264 1457 2150 3258
5308 16172 -4328 -78 2257 3038
4032 13120 -8460 -3614 504 368
6504 17128 -9364 2875 49 -149
3736 14084 -8588 -4021 812 -731
5140 15116 -7540 125 -30 -1590
5144 15076 -7252 -2186 1434 -1724
5888 15032 -6948 -404 2926 -2759
4084 15520 -6396 -404 3184 -1973
3620 15700 -5760 -128 2156 -2117
3868 15952 -5220 2277 421 -2124
4504 15552 -5160 -511 1104 -1535
4036 15952 -5224 2238 1225 -783
4816 14868 -4652 -303 2404 650
3668 15244 -4944 1096 2544 256
3408 15916 -5204 -591 2238 1480
4472 15844 -4816 -346 2425 1459
4368 14716 -3820 2449 3011 878
3232 16716 -3544 2883 3178 1204
4224 15924 -3100 4277 1766 1793
4284 18216 -6332 4691 1746 1098
3556 16324 -5372 3698 -1386 -1730
5436 17120 -6072 3009 -2714 -4118
5920 14960 -9132 -667 597 -826
5036 13448 -9552 -1372 285 -5
4380 15992 -9196 -89 149 568
4584 15492 -8072 -4594 -271 1403
3880 15040 -7364 -2185 -1360 1010
4208 16056 -6964 -4533 -1856 1954
5164 15024 -6380 -3772 -2722 2445
5660 15524 -5936 -2619 -2887 3017
6232 14772 -5456 -155 -3139 2995
6120 14564 -5108 -1746 -2519 2838
6744 14616 -5080 1269 -2169 1559
7040 13640 -5024 419 -372 651
6628 14624 -4532 2354 653 -140
5584 15780 -4044 1022 584 135
5924 15384 -4000 624 -107 21
5284 15156 -3632 507 -1343 170
5132 14780 -3736 114 -2839 573
6568 15072 -4448 503 -3600 -21
6824 15016 -4272 2599 -3451 -626
6840 16640 -5808 1350 -3482 -806
10528 17176 -7276 2763 948 1947
5172 17388 -5884 3019 -498 1373
5744 13828 -7112 -2411 -1786 1441
7304 14232 -8640 815 -173 723
4796 14224 -8528 -584 756 634
4296 16028 -8448 -720 581 -553
4652 15836 -7536 -1982 1533 -819
5852 16364 -6800 -1499 1730 -2123
4528 14804 -6836 -1729 2370 -2952
4524 15036 -6176 -191 2115 -3121
4164 15232 -6096 805 1677 -2218
5056 16028 -5548 -1489 2421 -1586
4632 15268 -4988 223 2842 -1687
4368 15568 -5012 -1574 3773 -521
3900 15476 -4888 825 3774 -55
3428 16660 -4828 452 3453 1117
3368 15560 -4856 1286 1983 790
4048 15304 -4672 1633 1598 847
3532 15156 -4064 1261 1758 502
4284 16028 -3268 2141 2368 656
3816 16616 -3476 3021 2225 1839
4392 16064 -3728 3317 2252 2108
4148 19720 -4388 2221 30 -1109
3244 17216 -5480 1984 -2862 -3098
6028 16576 -7108 -337 -542 -1148
3708 13056 -8800 -824 188 -33
5836 14948 -9568 1334 -131 427
6164 17236 -8024 -1578 944 986
4456 14220 -7588 -1965 -60 2481
4560 17028 -6476 393 -1005 2068
3996 14280 -6400 -4322 -2986 3451
6288 14024 -6964 -966 -3815 2950
6956 14888 -6680 -2340 -2066 3352
6572 14748 -6224 882 -827 1360
5976 15704 -4712 -1521 -127 1421
6112 15228 -4112 -2700 -924 1470
6372 15300 -4416 -1741 -1818 1222
6460 15328 -4616 -1695 -2368 1173
6628 15576 -4500 -2063 -1774 796
7160 14784 -4056 -1073 -2358 690
6492 13840 -4108 -687 -1835 -331
6708 14620 -3888 -186 -2697 -291
7036 13640 -4076 217 -2326 -623
6560 15100 -3676 1507 -2496 -970
6896 15728 -3344 1601 -2559 -1144
7964 17232 -5792 4559 -2482 -1012
10240 17688 -5076 1937 1293 2387
5108 16356 -4700 1035 880 1870
6680 14888 -5900 -2158 823 510
5592 13456 -8796 2470 687 -375
3992 15888 -8432 1758 476 -1010
5216 14484 -7992 -227 609 -1032
5000 16480 -6640 1384 477 -2316
4068 15948 -6356 -3623 1653 -3162
4456 14192 -6440 64 357 -3369
4140 16452 -5840 -1084 41 -2643
4656 15352 -5772 -197 239 -2202
4788 15948 -5188 -468 918 -1963
4416 14944 -5188 -1019 2428 -1280
4872 15204 -5048 937 3579 -88
3468 16136 -4720 916 4262 315
3224 16116 -5044 -57 4102 414
2736 16596 -4912 687 2757 297
3376 14744 -4784 -358 2564 805
3920 15300 -4040 2337 2451 18
2616 15212 -3020 3140 1572 -1007
3152 16060 -3720 2960 758 -755
4792 15628 -5004 5871 1459 -2
2472 17508 -6700 4663 2207 677
2808 21152 -6836 2130 24 -895
4192 16348 -7188 5338 -2064 71
4896 16008 -7328 -2614 367 2200
3764 13832 -8044 -1167 -130 1808
4496 13148 -8564 -746 231 975
4784 15908 -7704 -1399 316 1014
4132 15584 -7448 -1346 -463 712
4916 16788 -6056 -2570 -1510 2434
5240 15324 -6656 -3848 -2412 3592
6628 14112 -7000 -1241 -2093 2536
5988 12908 -6376 -1131 -1213 2225
6076 14252 -6020 -114 -391 1779
5436 14756 -5864 -911 -643 1632
5548 14632 -4928 -161 -1445 1331
6000 15268 -4416 -819 -1695 975
5968 14548 -4660 -792 -2002 882
5720 14784 -4540 -822 -2906 69
6096 14496 -4904 217 -3377 -547
7224 15764 -3928 -456 -3249 -112
5664 15100 -4208 273 -4069 -625
7800 17880 -7532 4516 -4078 -386
8860 17656 -6896 -1986 1269 3149
6008 15584 -5808 5992 1090 1001
6396 14140 -5800 -1719 1713 1583
5136 15020 -7344 1922 844 851
4788 15212 -8512 58 1323 346
4676 14636 -7852 -968 238 -163
6056 15628 -7992 1163 -79 -1014
5680 14360 -7732 -1423 1453 -1073
5984 15732 -6600 -1016 3009 -2491
4268 13304 -6240 -918 2813 -2988
4060 15160 -5680 -1419 2148 -2286
5060 16512 -5704 -87 2113 -1773
4828 14284 -5612 480 2395 -1113
4832 16172 -4616 -235 2212 -888
4020 14736 -4604 803 1999 -343
4132 16128 -4780 812 1836 401
4556 16248 -4928 892 1733 146
4128 15120 -4984 669 1847 166
4368 15480 -4468 1114 2118 999
3336 15364 -4408 3184 1510 2025
5444 14964 -4108 2685 2590 1963
5824 17288 -3956 6038 3507 1903
4280 18472 -1708 5135 750 -27
3804 16564 -6036 2373 -1262 -1857
6776 16416 -6776 596 178 -1874
4876 14196 -6628 233 558 -1512
3396 15060 -8052 -2331 -929 -2078
6256 14552 -9292 -1223 -171 65
5120 16580 -8620 -1841 1 1261
4392 16100 -7288 -4038 -675 2631
4724 16684 -7024 -4708 -2600 3119
4600 14428 -6544 -5225 -3576 3112
6752 14880 -6252 -3863 -3878 3547
7204 12804 -6220 -1438 -2805 3026
6980 14244 -5780 90 -1056 1719
5708 16156 -4292 -475 -698 902
5728 14852 -3424 -2181 -2403 1557
6664 14996 -3620 -842 -3620 1082
7176 14464 -4232 -837 -3253 645
6796 14948 -4340 -379 -2250 351
6476 14632 -3180 631 -2810 283
6516 14564 -3208 -163 -3651 -337
6892 15164 -3232 1315 -3785 -1277
7372 15608 -2664 2448 -3324 -582
8808 17616 -6932 2993 -1919 525
10632 19188 -5648 2257 2836 2975
5680 15456 -3704 -122 2335 2287
6264 13360 -6096 1199 1512 -608
6040 14952 -8516 2787 1988 721
6060 15228 -7600 -485 2376 469
4852 15272 -7536 1355 1612 -243
5180 14180 -8248 -1396 1583 -434
5660 16896 -7740 2343 1296 -1858
4924 15132 -6804 107 862 -2455
5572 16596 -5816 1032 788 -3102
5076 14076 -5608 -415 134 -2422
5564 16376 -4800 -813 135 -2172
5596 15748 -4780 -35 1092 -2188
5704 15008 -4740 -19 2058 -1302
4648 15616 -4512 928 2520 -1059
4468 15056 -4124 -921 3230 -540
3556 15092 -3704 1296 2392 -374
3256 15516 -3396 113 2138 560
4592 15296 -3992 3743 870 270
4656 15964 -3876 1143 2337 749
4576 17436 -3204 5415 2524 642
4852 17972 -6560 6162 1855 -683
-308 21064 -7444 3774 -2423 -1384
6436 20064 -8776 171 -2234 -2539
5212 12472 -9180 -2682 -295 1366
5124 13848 -8516 707 -1488 774
6156 13288 -9092 -282 -485 424
5996 15300 -7772 -1942 -807 1565
3792 16908 -5716 -3854 -2506 3055
5404 14756 -6820 -2230 -4592 3026
7700 14952 -7900 -5394 -1148 3047
7636 12932 -6092 795 -538 1509
5636 15464 -5356 -2863 1852 2281
6420 13764 -4864 141 2217 1164
6548 15168 -4172 -427 2148 836
4504 14644 -3380 -2204 433 364
6396 14444 -3552 270 -1245 -239
6108 15736 -3672 -1032 -1847 383
6916 14772 -4344 483 -2288 849
6540 15456 -2512 -1165 -2761 1042
6144 14344 -3128 115 -4439 -232
7636 14396 -3580 1849 -4242 -500
7584 15176 -3768 3849 -3480 -450
8796 18744 -6712 4610 -2119 -73
8808 16216 -6884 4564 234 -434
7764 18160 -6276 5497 1038 81
4144 14520 -5604 -2036 141 1481
5960 15496 -7788 3659 -982 -577
4864 13492 -8684 360 643 -467
3852 16288 -7884 97 -151 -917
4460 14960 -7196 -2373 -708 -883
5000 16356 -7236 -1868 -790 -1686
6244 14796 -7284 -3723 1198 -1980
2800 16220 -7116 -2516 1607 -2747
4416 15772 -7444 -309 2380 -2403
4600 16008 -6760 497 2940 -1218
4592 16004 -5956 -856 3866 -993
3240 14304 -5252 1077 3582 -964
3892 14976 -4628 1337 3893 -454
3668 15508 -4876 482 3726 588
4028 15456 -4944 1354 3172 591
4628 14988 -4100 -131 3310 657
3992 16116 -3332 -1154 3646 966
4132 15992 -3124 1828 3140 1069
3144 16496 -3636 3710 1835 1864
4232 18736 -4696 3518 -1238 402
3932 16632 -4456 1400 -1810 -1338
3864 16540 -5264 4591 -1642 -677
5512 16452 -6540 1798 -403 -650
4784 16004 -6804 2846 -1596 -154
4760 14828 -8540 -3081 -1248 1497
6496 14488 -9484 -350 -1493 1288
5400 13904 -8776 -1253 -1270 1935
5960 16716 -7820 -3157 -392 2203
6240 14772 -6888 -1923 -849 2315
4276 15424 -6448 -3035 -1510 2544
6304 13864 -6060 -2461 -1578 1992
6356 13836 -6592 -1158 -152 1714
6300 15348 -5668 587 41 673
5936 14728 -5220 -743 1438 614
5948 15756 -3692 1370 462 371
5392 14744 -3900 -767 -532 625
6052 15580 -3700 -54 -1463 625
6048 14456 -3072 -1334 -1912 1054
5484 15468 -2504 -2188 -3841 747
6436 13420 -3656 -677 -4449 10
7508 14160 -3860 940 -3567 -1138
6996 16196 -3736 2343 -3904 -947
10060 22268 -7668 5063 -1650 1633
8312 14684 -4736 427 1579 2555
5352 17488 -3644 3976 -882 494
6808 12828 -6300 1198 -931 -492
5840 15920 -7600 2546 823 1535
5364 14552 -8140 -1365 481 670
5284 14380 -8432 -200 338 -1666
5840 15688 -7668 207 239 -1714
6580 14068 -7584 -2073 1950 -2052
5912 15512 -6924 474 2958 -3824
4424 14760 -6232 -1614 3524 -3683
3260 14136 -6288 391 2078 -2885
4384 15940 -5788 -115 1641 -1889
4696 15120 -4964 -626 1818 -1490
4476 15272 -4440 -397 2019 -1129
4108 16184 -4516 196 2770 -261
4112 15984 -3980 535 2950 -168
2976 15320 -4144 909 2749 344
3572 15408 -3952 1211 2110 605
3624 15724 -3908 2502 1461 706
3780 16072 -3712 2799 1124 1043
4172 15604 -3768 3244 1129 1623
3432 17644 -4904 3604 983 2063
3276 18072 -5956 1808 -2269 -1522
4956 17128 -6636 3122 -4023 -1745
5800 14784 -7332 -1166 -1207 304
2620 15464 -7992 -1873 -2361 839
4960 14856 -9148 -1549 -3803 677
5676 15684 -8052 -1921 -2567 1548
4536 16048 -7232 -3354 -2560 1912
5328 17748 -6576 -6726 -3324 2723
4120 13212 -5440 -8043 -2186 3653
6952 16552 -5360 -3333 -1484 2651
5312 11980 -4904 -2268 -925 2565
6116 14948 -4840 3654 -119 1380
7068 14280 -4808 1818 2326 585
7256 16012 -3932 2837 2774 913
6364 15544 -3516 450 2879 1381
4232 15404 -3268 1395 1853 720
5508 15384 -2164 940 -742 844
5644 14808 -1956 -345 -2778 538
6224 13664 -3352 438 -3963 -802
7384 14868 -3084 1880 -3835 -1178
6532 16140 -3224 2159 -4015 -1057
7264 16172 -4472 4505 -4723 -358
9928 18084 -9048 -353 -225 2892
4656 15856 -4496 5996 -1271 389
4344 13804 -6416 -3036 -2103 317
6952 16628 -7008 45 -146 568
5772 15124 -7744 -2175 2864 848
6272 16016 -7236 645 3587 -940
4540 14080 -7672 -1199 3362 -875
3132 18188 -7104 2177 1377 -2018
5704 15256 -6296 -3581 2076 -775
5748 15972 -5936 1638 1704 -2308
4928 15644 -5068 -1730 3563 -2460
4568 15292 -4916 1055 3282 -2671
3264 15780 -4988 1794 2288 -2835
3084 16756 -4568 -736 1558 -1805
4092 15272 -4440 386 1382 -998
3548 15372 -3964 373 1440 61
3228 14804 -3924 1237 1576 663
3132 16760 -4608 1900 552 533
4652 15836 -4292 379 639 -782
4896 16188 -4272 910 2277 -566
3596 17348 -2652 2504 4065 568
1536 15788 -2144 2591 3521 1742
2680 17684 -5612 4965 1794 2444
1424 15640 -5556 1537 -713 -287
5116 18676 -6812 2663 -1932 -2588
5620 14272 -8712 -2126 430 571
4400 14432 -9104 -1109 -1119 1136
5276 13800 -8824 -1912 -1090 1331
5192 15648 -6920 -2006 -548 1592
5864 16548 -6320 -3838 -910 1835
6108 14888 -6100 -1169 -553 2365
4736 16500 -5128 -3260 -1231 3057
5588 13800 -5232 -476 -2189 2625
6220 14924 -4664 -701 -1791 2545
4924 14236 -4820 -211 -2346 1941
6832 15224 -4288 1021 -2044 1430
6760 14788 -3984 207 -1472 1181
6500 15368 -4276 740 -1521 211
6124 14484 -4600 -1399 -2147 322
6300 15668 -3676 1228 -3395 799
6940 14176 -3896 -1657 -3318 1901
6280 14196 -3540 -371 -3717 541
7600 14332 -4428 2667 -3248 -413
7564 15780 -4216 2490 -2063 -624
7780 16548 -3492 2275 -2369 -856
9436 18928 -6672 3771 484 845
6976 14740 -6524 3462 2123 927
3876 17072 -4776 -3033 821 578
4748 13616 -9340 2009 -1218 1019
5120 14840 -8580 509 -855 1604
5648 13060 -9488 575 -143 -975
6884 16460 -8496 155 1608 -308
4228 14036 -6332 -2277 2112 -1149
5916 17604 -6548 -989 2407 -3618
5988 12752 -6504 -2504 4154 -2152
4988 15824 -6664 245 3678 -2596
4028 14080 -6424 1908 2786 -2886
4364 16604 -5660 1639 2469 -2364
3848 14848 -5192 1056 1801 -1790
4092 15936 -5408 787 1714 -1206
4468 15492 -4724 751 1690 -852
4668 15736 -4964 -1089 2273 -527
3768 16504 -4992 -1224 2055 208
4088 14752 -3372 -2246 2339 1864
4356 15568 -3632 329 2906 1544
3068 16216 -3288 3759 2253 1017
5448 17172 -2444 3649 2490 1211
3604 19108 -3996 2649 638 -960
2536 17536 -5380 61 -907 -1716
7164 19652 -5388 2374 -1957 -2854
4524 12660 -8104 -1085 934 -7
4588 15968 -8492 -841 367 15
5012 13788 -8828 -3832 2223 1856
4052 15724 -6868 -1907 820 2128
4084 16812 -6284 -5764 -711 2445
4064 12940 -5872 -2515 -2106 2925
7536 17804 -5456 281 -1440 1839
4484 14236 -5004 -2752 -1766 1969
6056 15916 -4296 1541 -3069 2159
6072 13664 -4764 -1411 -3118 1386
7056 15568 -4444 866 -2681 333
6764 15192 -4144 1108 -2735 1233
7380 15860 -3920 1554 -1361 1193
6372 15164 -3828 -107 -1013 1060
6668 14504 -3408 -34 -1800 1442
5916 12836 -3832 688 -3245 361
7472 17240 -3000 3547 -2860 -1141
5784 13952 -3600 1404 -3032 82
6480 14488 -3844 2225 -3767 -401
5812 15264 -3484 3167 -4796 -799
7804 20388 -10560 4027 -4013 -1
12452 18756 -5672 -661 2894 4234
4208 14504 -5276 88 1892 1609
3536 15228 -9200 -1125 881 -1326
4244 12976 -10512 -708 1498 209
4816 13816 -9608 762 462 -402
4948 16112 -8244 -320 1432 -2001
4604 13080 -8064 186 654 -2392
5372 15780 -6908 1362 623 -3114
3608 15236 -6836 -1820 1570 -1880
4660 16472 -6412 1611 564 -1042
5396 15124 -6068 -1250 1362 -962
4868 15400 -5096 -681 1608 -1239
4124 16396 -6044 125 2028 -537
4392 15616 -6372 -1287 1266 706
4500 16424 -5644 -1204 1111 22
5072 14544 -4848 -1408 2723 -690
4712 15012 -4752 190 3749 58
3880 15300 -3716 2115 3441 436
2780 15736 -4064 1860 1928 816
4136 16352 -4268 3568 357 1400
5472 16804 -4916 2396 1853 1596
3784 18980 -5840 2472 594 -405
2476 18432 -4468 905 -1995 -2908
7276 15944 -6260 679 -1062 -1970
3572 12456 -9032 -272 921 1214
4188 16512 -9016 1 -1179 58
5612 14560 -8720 -1645 -1039 1500
4700 15324 -7648 -1046 -1146 2440
4244 16264 -6552 -3011 -1400 1776
5060 15708 -6348 -3763 -1958 2419
5564 15892 -6632 -5345 -2016 2424
5564 13256 -7292 -2453 -1742 2410
6104 15108 -5828 -5 -970 2241
5188 14492 -5536 429 -1096 1262
6688 15016 -4420 854 -1123 421
6056 14536 -4328 1 -990 597
6332 15104 -5420 546 -1131 517
6120 14964 -4380 1267 21 -569
4940 15924 -3112 -820 -1832 415
5900 14736 -3688 -37 -3723 27
7056 14208 -4632 1939 -2963 -766
7060 15524 -4296 2405 -1899 -782
6624 15072 -3168 1658 -1808 -1047
7828 17448 -7900 3255 -1280 -900
10340 18008 -6984 5648 3243 5199
1912 16852 -4988 -4704 2165 3892
4300 10240 -10056 2470 -748 -1507
7764 16268 -8720 1573 2526 946
4408 14864 -8432 1477 1529 -2292
4984 16412 -8204 -1103 1743 -1874
5884 14540 -7004 -574 1968 -3223
5004 16424 -6600 -886 3029 -3967
3064 16452 -6980 -711 2478 -3545
4728 14452 -6544 -1783 1843 -2125
3716 16448 -5912 238 925 -2550
4120 14796 -5884 -1144 1373 -1683
4516 15196 -5152 186 1843 -1009
3124 15504 -4788 956 1616 86
3308 14320 -4688 -120 1436 9
4644 16004 -5408 1115 1606 188
3696 16248 -4004 1354 2041 549
3968 16864 -3728 700 2563 1245
3980 14892 -4132 2423 2579 1100
2792 16124 -2956 2147 2087 1057
3000 16812 -4196 5015 1548 748
1992 18424 -3612 6685 -3870 -1507
4560 19140 -7280 1090 -4389 -3771
5596 14860 -8392 946 -1719 -355
2068 14732 -9112 -1985 -2605 1506
6056 15312 -10404 -486 -3669 -212
4444 14536 -9140 -4185 -1933 3012
3228 15084 -8068 -2474 -1731 2629
4352 15056 -7064 -3169 -410 2684
4344 14452 -6904 -3009 113 1877
4992 14680 -6188 -961 677 1545
4356 16608 -5344 -1590 977 1883
4020 16448 -4872 -568 748 2024
4824 15944 -4428 625 -126 1728
5296 14696 -4236 1071 -1238 1416
5228 14208 -4036 1273 -1961 435
6048 14900 -4332 2304 -2538 -204
5792 15048 -4352 2359 -2723 -278
5872 15616 -4440 1220 -3110 16
7324 16572 -3232 2915 -4151 128
7780 20148 -11404 4611 -1585 2298
8940 17992 -7032 2026 1435 3780
3188 15020 -7440 -1840 -389 550
4488 11788 -8860 784 -2222 -831
3964 14208 -9936 -3144 -740 1697
4836 15068 -8916 797 -1223 -1129
4352 14768 -8208 -4437 432 -1081
5724 14720 -7528 -459 1335 -2616
3472 16332 -6972 -904 1567 -2524
4080 15664 -6376 -1492 1538 -1858
4596 14652 -6512 349 1152 -2275
4916 15848 -5748 -86 2250 -1779
3560 14784 -5404 6 2134 -1632
4248 15520 -4976 200 2214 -928
3500 15740 -4504 751 2168 -463
3372 15744 -4972 -339 1980 405
3816 15856 -4864 8 1325 -291
3628 15704 -4644 -1240 1853 -177
4224 15204 -4520 21 2790 405
3864 15456 -3992 2465 2802 1503
2344 16480 -3996 3005 1783 1791
4228 15804 -4008 4099 726 2072
4228 17364 -5956 2935 1363 1813
3724 17768 -5088 3745 -362 -906
3476 17616 -5588 4663 -1814 -1786
5164 16548 -6300 -1087 -917 -1240
2772 15104 -7748 672 -870 182
6976 15472 -8280 1681 -510 -685
4900 13836 -9632 -281 1175 942
4432 15268 -7624 -284 -12 1095
4228 15684 -7368 -2387 -337 1775
4972 14668 -6684 -2111 -1140 1925
5772 14372 -6760 -1576 -1268 2123
5672 15324 -5908 -2792 -217 1629
5492 14192 -6240 -1961 -178 2342
4876 16236 -5112 -1755 -151 1999
5088 15256 -5020 -1786 -918 2167
5760 13864 -5696 -323 -1582 1866
7064 15064 -5068 97 -1093 835
5664 15136 -4972 1370 -1202 471
7004 15456 -4772 -162 -974 685
6268 14704 -4556 910 -1422 492
6232 14780 -3344 -118 -2416 659
6744 15052 -3764 222 -3420 252
6276 13880 -4124 889 -3668 14
7732 15968 -3856 2516 -3749 -262
8044 17552 -5356 2214 -3625 -501
8992 17860 -6620 509 144 2133
6820 16260 -4400 2157 633 2153
5480 14368 -6352 -3147 1128 496
5268 14316 -9176 1871 1252 -787
5552 15012 -9196 648 1840 -933
4584 15304 -8816 -208 1674 -1649
4728 15056 -7652 60 1531 -1998
4904 15704 -6960 -556 1610 -1938
4792 15276 -7040 -1145 1804 -1832
4324 15804 -6316 -850 2013 -2117
3900 16032 -6336 -902 1523 -1668
4812 15980 -5880 281 1569 -1965
4996 14952 -5852 -1089 2977 -1952
3068 15668 -4856 1054 2143 -1176
3608 15036 -4508 84 1338 -107
3744 15976 -5112 577 593 280
4480 15720 -4924 -112 905 -544
4452 15808 -4704 -896 2036 68
4164 14732 -4232 755 2752 59
2968 15468 -3736 1592 2763 230
2444 15968 -3664 2339 1024 912
3716 15720 -3932 1806 218 1281
4732 17036 -3884 3064 563 1899
4884 18904 -6704 2827 202 387
2684 19072 -5764 618 -612 -1826
5020 17104 -5588 642 -128 -634
4104 13796 -6752 -949 762 514
3612 15132 -9180 570 -1012 -317
5908 15708 -9056 -1084 -614 99
4848 16040 -7760 -1146 -853 1189
4844 16356 -6188 -3227 -959 2689
4452 15416 -5412 -3023 -2124 2853
4424 15648 -5640 -4495 -3903 1989
3460 15024 -5472 -8032 -4729 2500
5908 14084 -5856 -469 -5430 1957
6420 14908 -5216 271 -4298 2337
7564 14448 -4856 2189 -1295 2027
6732 14568 -4488 434 366 885
6168 15184 -4060 3322 331 -912
5276 15228 -3792 882 402 -891
6440 16868 -5032 86 322 -127
6084 15468 -4300 -1281 -351 1109
6096 15124 -3744 408 -969 1120
6036 13992 -3916 -82 -2045 606
6188 13200 -5424 4136 -2224 -942
6192 15888 -4144 4368 -2261 -1518
7212 18840 -4880 2505 -2998 -972
7856 18412 -6480 1339 -325 3698
5772 15944 -5140 -166 -119 4260
3940 13672 -7012 -2226 -2226 1523
5652 14196 -8844 -333 -1192 906
5856 16176 -8108 -91 556 238
5600 14252 -8388 -1818 1891 -788
5744 15168 -7808 1044 2609 -1824
5316 15408 -7012 -562 3920 -1640
4988 15976 -6284 83 3512 -2235
4260 14160 -6524 -1241 3008 -2496
4632 16088 -6204 21 2573 -2259
4732 15352 -5852 -338 2505 -1929
5024 15884 -5484 2025 2889 -2196
3932 15196 -5212 326 3490 -1322
3456 14680 -4648 2974 2609 -930
3508 14988 -4416 -583 2144 -45
3848 17040 -3976 220 231 -287
4756 15600 -4540 -2411 588 -84
4392 14756 -4056 -1121 1758 -171
4732 15576 -4344 2220 2672 92
3620 15292 -4288 2770 3381 605
3672 17776 -3624 3297 2680 1260
3776 16256 -3000 3626 1484 1434
4328 19960 -4264 628 -1034 -682
2688 16484 -6424 1643 -2007 -1136
5508 17028 -7032 872 -467 366
4148 14464 -7628 125 -37 364
4760 15000 -8912 -1069 -783 1242
5392 15792 -7932 523 -233 1394
4340 15216 -7196 -1917 -589 2372
5156 16380 -6520 -3181 -1554 2511
5976 15020 -6980 -3427 -1615 2780
6384 15596 -6572 -3612 -339 2692
5808 13032 -6024 -1044 -278 2283
5936 15540 -5140 962 -718 1755
5516 14940 -4728 6 -918 1556
5972 15016 -4520 -375 -1809 820
6104 14344 -4304 -269 -2396 229
6804 14548 -4972 332 -1908 -215
7132 14728 -5920 433 -325 -744
5820 17364 -3420 942 -1814 100
4740 14960 -2388 -1772 -4579 580
8880 13964 -4884 -498 -3880 -1058
7356 15372 -3952 2675 -1683 -1003
5288 16388 -1940 -434 -3089 -47
7984 18636 -8524 2680 -2151 317
11252 16880 -6088 2771 4458 4996
688 18348 -7188 2385 2262 1102
3236 12816 -9840 -750 -387 -1911
6272 14228 -9244 2586 133 -790
5064 15720 -8044 522 622 -1772
3588 16776 -7332 -2078 484 -3109
5136 14840 -6440 -177 1223 -3908
5012 13676 -6696 -1583 2007 -3554
3788 17148 -6560 844 2260 -3060
2972 15708 -6340 2945 899 -3221
3816 15908 -6356 1088 906 -2148
3204 16024 -5416 53 813 -903
2908 16180 -5620 1113 608 -363
4200 16924 -5372 -692 1128 -276
3248 16416 -4568 -753 1775 -35
3176 15528 -4960 -1321 2743 471
3452 15160 -4412 -391 3274 768
2596 15624 -4444 1974 2710 1093
2296 14416 -4656 565 2145 1434
3280 16652 -4056 694 1820 1593
4920 15264 -4220 2232 2453 1669
4348 16124 -3700 3148 3976 1760
2240 20880 -8944 5045 1836 98
1152 18632 -6340 -213 -560 -969
5584 18100 -7684 528 -657 -2649
5748 12248 -8920 -2217 909 -123
4900 14512 -9076 -275 -722 203
5188 14824 -8732 -1372 -295 2219
4008 17600 -6932 -910 -1029 2882
4732 14900 -6088 -3402 -2245 3355
5444 16032 -5828 -3154 -3157 3460
5844 14632 -6336 -3399 -3066 3496
6976 15076 -5444 -1923 -1671 2803
5084 14120 -5092 -2610 -1776 1799
5696 14776 -4684 195 -3117 1051
5848 14164 -4968 -806 -3327 824
5992 15196 -4820 108 -2918 547
6372 17068 -3832 -92 -3784 804
4684 14436 -4016 -812 -4678 1258
7136 14740 -3792 408 -4246 -852
6304 13896 -4736 1120 -3647 -1928
6296 16252 -4340 1475 -3123 -2181
6440 14984 -4224 1923 -2963 -2177
8028 19492 -9324 4500 -2480 -329
7440 16128 -5756 1960 1954 2866
3504 17032 -5504 914 -204 1488
5808 14828 -8320 2248 -697 1067
5088 14800 -9168 -2819 1428 1228
4292 15388 -8324 480 -281 -785
3936 14956 -8936 -62 643 -909
5504 16160 -7440 79 1276 -1218
5276 14796 -7152 -726 2773 -2594
4852 15692 -6680 -463 3340 -2404
3932 15048 -6680 1071 2884 -2934
4576 15456 -5712 -258 2945 -2139
3760 16088 -5620 -105 2651 -2303
4520 15120 -5096 -1625 3158 -819
3448 15040 -4932 -192 2935 -236
3420 15144 -4780 -794 2492 328
3656 15460 -5088 -38 1751 558
3144 15664 -4304 1371 1379 258
3656 15492 -4012 -990 1418 583
3884 15168 -3876 1075 1365 507
4004 16460 -3580 2736 2094 1289
4368 16356 -4060 4431 2199 1983
3956 18616 -6536 4049 2226 1377
2508 18004 -5692 1626 -175 -1334
3652 17256 -5716 3377 -2955 -2370
5728 13792 -7156 -2135 471 1036
4480 15036 -8196 1924 -211 -1134
5036 14924 -9964 -2114 -276 -415
3972 15820 -7620 -127 -741 1301
3600 15732 -7624 -2315 -2221 1259
5148 15456 -7340 -1491 -2619 1948
5324 15204 -6748 -2303 -1517 3302
5480 16320 -6340 -2646 -1173 2965
4828 14296 -5196 -1417 -1056 2610
4920 15508 -6188 -1211 -946 2316
6744 14676 -5564 -905 164 1378
5644 14512 -5456 -307 693 975
5528 15240 -4904 -26 117 970
5364 14624 -4112 528 -397 563
4968 15436 -3512 -1115 -1739 907
4940 14568 -3208 -1546 -4585 -253
6264 14020 -4232 -643 -5698 -457
6936 15224 -4212 -396 -4976 -631
7128 15444 -3624 2192 -3324 -1213
8744 20244 -7596 3753 -2421 169
9532 19408 -5376 2087 2746 4437
2496 13620 -4724 375 453 400
6512 12968 -8792 1166 429 -1788
4620 18152 -8824 1260 2223 1470
3448 14704 -7920 -3870 1188 -1030
4368 14808 -7852 171 785 -1753
4516 16724 -6568 -2001 1718 -1727
4512 15024 -6732 458 1986 -2583
5360 16600 -6180 219 3338 -3072
4172 16332 -5772 -839 4374 -2898
3660 14892 -5552 -22 3964 -2389
3104 15452 -4920 -381 3404 -1842
2660 14836 -4516 229 2343 -912
3192 15788 -5072 -863 1640 739
3328 15268 -5208 1099 849 99
2996 17036 -4800 -170 1199 782
4196 15244 -4004 951 2178 1006
2768 14832 -3248 1063 2730 567
2716 14860 -3152 1358 2293 784
3288 15712 -3512 2688 1420 1920
4764 16164 -3312 4423 1510 2117
5600 16844 -2820 1797 3193 2514
4440 19452 -6472 2584 614 -1067
3420 17036 -5732 -633 -1083 -3061
5468 14032 -7492 -641 201 -545
2844 14384 -8544 -1777 -852 2016
5084 15028 -9568 565 -2245 1121
4656 16872 -6520 -1138 -1973 2116
4316 15716 -6412 -3542 -3210 2198
5184 16004 -5524 -3082 -4427 2119
4872 16440 -5208 -4807 -4868 2797
3496 13168 -5076 -2591 -7395 2467
6280 15724 -6400 -3762 -6306 2823
9048 14860 -6444 -840 -2833 2568
5580 14208 -4952 -1037 -340 1897
5676 13712 -4616 526 -889 412
6488 15180 -4296 1337 -1414 -188
7172 15376 -5144 1492 -379 -76
5404 15400 -3796 1120 -341 748
7168 15104 -3432 347 -387 1553
5284 13980 -2324 -350 -1012 1672
6260 15296 -2696 -9 -1997 -210
5256 13340 -3956 1450 -2823 -1723
7664 15920 -3972 2417 -1862 -1656
8084 15432 -5156 5535 -1598 -993
10004 20288 -7772 4773 2707 2179
5888 15688 -4648 2680 1737 2483
3744 14512 -6788 -1983 -1246 -820
6316 14136 -10596 2516 120 -916
3884 17256 -8536 1112 917 785
4540 13508 -8652 -2402 -77 -1030
4684 15608 -8160 1217 -182 -2548
5064 14000 -7580 -1783 590 -1384
3516 16932 -6888 -636 784 -2100
5248 15288 -6724 -1558 1641 -1722
4568 15024 -6072 -961 1917 -2055
3976 15976 -5936 456 2276 -2347
4580 15248 -4968 -550 2127 -1410
3768 15500 -4564 -287 2216 -1148
3764 15696 -4200 -664 2572 -15
3228 16252 -3964 -344 1781 3
3540 15436 -4284 -1458 1268 -17
4648 15192 -4176 9 1878 -42
3868 15376 -3436 1785 3249 -66
3380 14400 -3480 1039 3002 769
2540 16580 -3028 3719 1946 1523
4416 16928 -3676 4465 1394 2849
3780 18548 -9492 4818 1846 1237
-120 19392 -5500 2624 -3263 -3029
8048 16780 -7060 3196 -3038 -2501
3980 12040 -8836 -2236 1378 1274
6256 13464 -9264 1875 -174 -677
5972 14888 -9920 894 1145 1231
4008 16048 -7720 -1806 649 2559
4624 14708 -6932 -462 -1990 2742
4420 15940 -6908 -1272 -3302 3164
5052 16000 -6420 -1138 -3868 3128
5660 14176 -7100 -144 -3874 2726
6164 14812 -6720 118 -2342 2204
7184 14756 -6492 -527 -161 1605
6316 14820 -5456 -707 1160 534
4948 16060 -4948 -1830 526 219
6316 15168 -6288 -1922 0 508
5452 14440 -6140 -1019 -532 -159
4812 16164 -5108 -363 -2069 1059
5612 13696 -5160 -325 -3542 51
6600 14564 -5364 -250 -3398 -708
6936 14568 -5260 961 -2460 -1010
6484 14920 -4440 339 -1978 -1260
5576 15180 -3548 2102 -3136 -1379
8156 19928 -8948 4859 -460 511
7616 17788 -4492 808 3962 4763
2996 13640 -4288 1096 22 145
6988 16052 -9116 1433 553 1203
4928 13836 -9292 -717 1765 250
5000 15620 -8288 -98 1808 -2319
4312 15176 -8760 1156 1907 -2470
4868 14988 -7376 -368 2521 -2709
3728 15384 -6816 -963 2208 -2665
4020 15016 -6392 -1640 1776 -2263
4156 15840 -6424 -288 1621 -2098
4192 16220 -5616 -1002 1619 -1659
4264 16280 -5220 -833 2264 -1184
3256 15544 -5280 -2453 2909 157
2624 15888 -6096 -1225 2173 289
3332 16312 -5120 -1505 1432 171
5032 13440 -4768 -1102 2758 826
4216 17228 -3848 763 3816 337
3088 15624 -2792 2457 3204 726
3272 14808 -3188 402 1891 869
3428 15692 -3072 929 499 1525
5016 15796 -2700 2305 521 1560
5132 15284 -2948 2271 1740 2201
6308 20912 -1688 2220 1069 -646
2024 17692 -5196 4132 -1210 -2716
5444 20104 -5072 -345 -838 -3747
3020 12980 -8632 -775 -55 564
4876 17392 -8480 226 -1692 190
5720 14192 -8600 -1770 -104 1664
4212 15120 -7232 605 -434 1856
4420 16860 -6180 -2758 -288 2520
4624 14928 -6152 -704 -985 2469
4520 15648 -5824 -889 -1507 2684
5252 14480 -5716 -295 -1680 1933
5064 14840 -4756 -331 -1048 623
6076 14896 -5132 114 -1416 375
4800 15084 -4296 -714 -2651 965
5228 16040 -4468 -1621 -3087 941
5424 15188 -4904 -1388 -3616 1049
6592 15112 -4472 -1151 -2965 2086
5160 13860 -4164 -566 -3486 1107
5480 14384 -4320 -798 -4003 204
6504 14532 -4588 991 -3766 -877
6236 14760 -4400 1737 -3050 -1461
5784 15976 -4188 2657 -3508 -1066
10244 17888 -8380 3570 -575 272
7068 16416 -4732 4653 3442 3323
3568 15844 -5256 2375 -406 730
7624 14388 -8272 2219 -100 1022
4460 15548 -7820 970 1586 243
5500 13680 -8316 -1781 2146 -139
3360 15768 -8504 -1192 1966 -509
5328 14676 -8340 120 2254 -599
4644 14924 -7804 1465 3316 -2760
4852 14512 -7924 -411 3002 -2364
5108 14428 -7560 2437 3948 -2013
4788 15652 -6716 2231 4700 -1959
4620 15732 -5764 805 4676 -1849
3244 15488 -5040 213 4214 -1530
3540 15860 -4268 724 2900 -1047
3308 15512 -4844 -523 1684 12
3180 15908 -4548 -986 640 131
4020 15972 -4756 -990 139 -314
4744 14788 -4776 -830 1074 169
4408 15444 -4388 2174 1459 -10
3528 16540 -3924 3144 1156 1040
2196 18200 -4720 1995 554 1127
4588 17980 -4984 3070 -2451 -1536
4360 17184 -6252 1740 -2502 -467
4860 16636 -7356 870 -1626 -702
3664 13696 -9288 -2807 -1865 -184
4596 13468 -9516 1328 -2025 704
4364 16128 -8596 -1846 -1312 1539
4708 14672 -8172 -1194 -2144 1821
4684 16308 -7004 -2384 -1827 2852
5548 14460 -7140 -2369 -459 3741
6500 15132 -6708 -5275 700 3180
4960 14160 -5836 689 606 995
3800 15684 -6008 -1248 2 1558
6664 15056 -5672 -661 -364 1289
5188 14648 -4716 199 -413 613
5176 14492 -4828 -556 -1086 484
4452 16616 -3972 41 -2575 -98
4696 14544 -4956 -1940 -3525 -386
7192 14092 -4988 -271 -1638 -95
5708 16788 -3144 184 -2163 490
5408 15428 -4240 884 -3809 -371
8196 16280 -4756 3298 -2570 -716
6956 18896 -5828 4328 -391 1029
7156 17116 -5328 1332 1561 3074
4180 16408 -4832 1989 -562 1617
5480 15832 -8032 1004 -384 507
5328 14428 -8644 249 240 719
4412 13608 -8892 699 -605 -716
4224 16464 -9532 324 471 -1827
5132 15556 -8236 914 1089 -2263
5044 16100 -7268 -1051 1568 -1979
4420 14988 -7596 -960 2236 -2275
4532 14756 -6964 -366 2635 -2235
3276 16216 -6240 19 2425 -2396
3824 14996 -6160 -145 2426 -1808
3196 14592 -5704 -246 2272 -1041
3224 15732 -5112 -538 1941 -621
3084 15476 -5604 1204 1105 -374
3924 16468 -5056 -1524 1369 -106
4860 15212 -4852 -1485 2095 411
3812 15584 -3844 134 2734 -276
3080 15432 -4000 852 2438 86
2952 17388 -4104 2150 933 922
3596 16648 -3316 1688 349 1698
4512 18360 -5348 3098 -202 583
2276 16508 -4596 2192 -1449 -921
3320 17784 -5564 3591 -2623 -1991
4412 16180 -7848 -1417 -1119 -361
4584 12844 -10136 1017 -505 -481
4440 16536 -9796 390 1175 746
3824 14552 -8736 -1589 768 2150
5212 15648 -7536 -1204 187 1933
4164 15892 -6968 -1641 -304 2633
3656 16200 -6132 -2182 -1384 3163
5172 15008 -6188 -2957 -1375 3001
5104 15300 -5980 -1370 -1293 3068
5088 15368 -5556 -158 -1360 2319
5080 15024 -5516 -573 -1254 1860
5828 15156 -4676 -806 -1541 848
5932 14808 -4552 -499 -2149 602
5804 14968 -4788 -389 -2297 385
6484 15040 -5612 666 -1762 201
5636 15736 -4392 -88 -2385 1230
4784 14928 -3940 -14 -4106 290
6404 14256 -5368 1019 -4413 -864
7328 15696 -4868 2017 -2806 -875
7448 17456 -6416 3557 -1849 -303
8564 17044 -6500 2773 1831 2055
5260 16468 -5488 2558 1589 1263
6304 15172 -6508 506 920 272
6700 13940 -8076 3391 2343 1083
5340 15308 -6944 -1397 3197 573
4464 14416 -8460 -413 2392 -1287
4052 16344 -9344 -691 1760 -1587
4496 14364 -8188 -2033 1281 -1305
4004 15984 -8004 1985 311 -2723
4564 14880 -7616 -2537 1425 -2022
4048 15116 -6820 606 1231 -2642
4172 14628 -6684 -264 1429 -2021
3684 16492 -5564 1913 377 -2408
4520 14652 -5652 -528 1478 -1430
3984 15344 -4368 208 2005 -1059
3800 14840 -4932 421 2477 297
3784 16580 -4968 1503 2175 597
3000 16472 -6108 -699 2637 461
4744 16096 -4432 -895 5591 1156
5220 15188 -3464 3958 6361 295
1964 17784 -2852 4189 4600 1765
2444 20056 -6116 2651 -722 300
4264 17908 -6268 1833 -3185 -2787
5380 14304 -7116 -903 -44 247
2388 15412 -7744 -292 -235 151
5312 15160 -10056 330 -589 -1640
4336 14620 -9872 -179 -131 1342
3680 16624 -8064 -1172 -331 1931
4528 15776 -7472 -2524 -1712 2281
4420 15768 -6348 -2357 -2808 3422
5084 14884 -6376 -3377 -3177 3201
6224 14896 -5916 -2348 -2757 2664
4792 14428 -5700 -2072 -2109 2759
6276 15280 -5540 -617 -2011 1743
4996 14704 -5028 -1314 -1911 1563
6372 15704 -5136 -1239 -1615 1561
6344 14140 -5636 -1580 -1149 1240
7236 14496 -5884 552 277 691
5784 16180 -4200 -554 -655 1547
4560 14648 -3168 -1829 -3667 -20
8124 13472 -5068 -924 -3441 -879
6168 16012 -4396 2785 -1619 -1530
5364 14668 -3540 737 -2326 -683
5464 15344 -3256 165 -3567 -1044
6576 14592 -2960 362 -3718 -1492
9204 19324 -7468 3643 -1513 158
7512 17816 -4884 3968 3125 2656
2716 17400 -4680 948 1707 1929
5528 13552 -9292 2829 1221 -326
3136 17696 -8712 -1484 2298 1019
3848 14168 -7972 994 -12 -2098
5564 15728 -7900 -1096 1346 -2200
3788 15280 -7032 -36 1805 -3102
4356 16196 -6712 -1462 2481 -2648
4104 14792 -5952 -408 2620 -1970
4412 15572 -5964 560 2894 -1493
4232 13872 -5808 2429 3102 -884
4184 15848 -5272 252 3741 -222
3656 16792 -4836 457 3401 161
3348 15124 -5676 720 2104 400
3448 16440 -5700 420 965 240
4368 15032 -5024 39 953 -22
4576 15300 -4224 486 1851 258
4320 14644 -4144 2204 2793 181
3584 16308 -4140 4092 2763 795
3464 15968 -3868 2603 2339 2094
3844 17076 -4168 2870 1901 1890
4232 18916 -4712 -52 -210 -358
4152 17288 -5044 837 -1869 -2303
2560 18300 -7856 441 -1037 -3056
4428 15124 -9856 -3225 -649 -682
4896 14856 -10260 881 -1073 878
4260 15448 -8884 -2430 -217 1942
3856 16260 -6976 -2611 -1789 1113
4896 13976 -6872 -2521 -1477 1799
4748 16328 -5904 -1617 -1195 1150
5068 14188 -6248 -2780 -1873 2110
4280 16120 -5996 -683 -3250 2819
5168 15180 -6072 -2605 -4641 3751
6048 14680 -6724 -592 -4076 3428
5900 14404 -6120 -164 -2873 1724
6316 14468 -6032 589 -1880 593
5984 15460 -5716 484 -1582 516
6060 15480 -6040 -166 -885 646
5608 15860 -4712 1301 -777 634
5124 14352 -4368 -137 -2002 1162
5416 15424 -4348 350 -3505 -640
6500 14328 -5276 1287 -3112 -1083
6520 15484 -4676 589 -2196 -857
6384 14868 -4328 2034 -1814 -1273
5984 16248 -4704 2395 -2093 -1253
9320 20244 -7584 5434 -150 2254
6140 16284 -4680 819 1972 3469
4576 14848 -6656 184 -136 490
5900 14504 -11116 1510 1128 156
3428 16024 -9460 -557 1507 747
4968 13332 -8960 -1093 577 -1061
4448 16456 -8800 -609 1644 -2804
4248 14792 -8516 -288 2067 -3016
4140 15004 -7336 -327 1567 -2532
4632 15284 -7088 -1375 1758 -2411
3196 15320 -6388 161 1705 -2305
4436 15544 -5724 -1627 1619 -1552
3600 15640 -4860 -1253 2151 -1076
4152 14928 -5424 -789 2428 379
3212 15528 -5128 93 1903 744
4180 16496 -5240 -452 1918 302
4800 15292 -4924 207 3150 -226
3468 15648 -4044 589 4100 -322
3076 14848 -4016 2305 3912 140
2844 16140 -4104 3571 2858 1212
3656 16824 -4356 4065 2078 2119
5188 16600 -3364 3578 2803 2168
5328 19012 -2776 2697 901 -134
1936 15504 -5932 2911 -2797 -2594
4912 17984 -7848 -2915 -223 -541
4448 13692 -9376 1454 -792 -928
5000 17008 -9868 -954 -737 199
3608 14976 -8256 -829 -387 2030
4824 15424 -7900 -1731 -1101 2836
4744 13760 -7728 -2080 -1146 2646
5012 15480 -6856 -1557 -1611 2020
4880 14948 -6852 -1780 -1717 2300
5044 14640 -6888 -1964 -1961 2364
6092 15828 -6396 158 -1776 1777
6300 14908 -5816 -1857 -1190 2300
6308 15236 -5580 -642 -869 1357
6592 14636 -5516 -1082 -728 1401
5980 15448 -4928 -235 -905 1007
6388 14532 -4680 3 -1027 1383
6216 14996 -4252 -1518 -1233 1214
6384 15100 -4224 -413 -1904 139
6836 14156 -4508 383 -1635 -441
6808 14796 -4384 1703 -1772 -885
6644 15680 -3900 2102 -1939 -1525
5880 15556 -2588 2229 -2992 -1186
7600 17504 -7332 3749 -3322 -1128
11508 18532 -6796 2646 3887 4074
3212 14072 -4492 244 1587 2555
4356 13684 -7648 539 -1429 -189
5112 15024 -9664 782 -165 665
5468 14792 -8736 -563 -1152 -307
5496 15572 -8360 -843 -336 -1881
4712 15296 -8468 54 746 -2727
5140 14576 -6908 -244 1526 -2753
4380 15216 -6444 -1252 1469 -2596
5372 14660 -6772 -629 1855 -2714
4348 15892 -6272 -822 2330 -2084
4624 15348 -5904 1424 3001 -2580
3764 15404 -5384 587 3833 -1494
2952 16260 -4384 149 3550 -165
3040 15972 -5224 -205 2417 279
3864 15720 -5060 -336 1837 153
4248 14800 -4840 -291 2212 168
3680 16048 -3816 2301 3060 -184
3576 15340 -3204 2339 3420 787
3320 17156 -3820 5040 1861 1168
3808 17200 -4172 3723 1694 2277
4300 19000 -4424 3006 -1311 -69
3208 15736 -6672 2528 -3576 -38
6764 17472 -7944 -1736 -315 231
5232 15400 -7624 870 -18 -2171
4456 13764 -10096 -9 -12 -1254
4280 14280 -9536 -951 156 1010
4824 15824 -8328 -123 -201 1035
4204 15928 -7228 -1920 -406 1839
3632 15832 -6664 -2768 -1412 3156
5408 15148 -6724 -3194 -1675 2467
5928 13080 -7440 -2261 -1298 2398
5224 15600 -5976 -2593 -121 2051
5148 14216 -5368 -861 -1721 2048
5352 15340 -4608 -2628 -3149 1765
5620 14128 -5116 -668 -4219 979
6224 14268 -4616 -742 -3667 748
7140 15044 -4664 84 -2199 184
5960 15732 -4340 -291 -1452 112
5740 15696 -4328 -272 -1102 506
5596 14976 -3480 -884 -2365 451
6436 14152 -3828 685 -3018 -789
6332 14820 -4592 2157 -2507 -2244
6300 15904 -3456 3192 -1985 -1872
7272 16508 -6624 5111 -2410 -820
8340 20064 -6680 1381 3685 5123
1412 13140 -5508 2102 167 -576
3608 12844 -8648 -43 -1036 -749
5332 17580 -9560 505 -361 1401
3592 14412 -8580 -1113 -925 -1429
4412 16940 -7872 -815 281 -2997
3464 13512 -7740 -2197 1194 -1789
4316 16568 -7388 -484 1928 -2639
2640 14688 -7444 -241 2411 -2369
2744 15852 -6820 698 1479 -2205
3696 15404 -6752 275 1850 -2013
3208 15244 -6176 -297 2279 -353
2648 15884 -5780 1389 2338 200
3416 16580 -5936 206 1863 568
3608 15856 -6152 -1986 2211 208
4720 15064 -5708 -2142 4194 -642
2520 13792 -3784 312 5711 -1093
1668 15760 -3100 1406 4940 -453
1288 15308 -3372 2143 2710 1138
3092 16912 -4076 3378 1233 2627
3908 16132 -3644 4735 1337 2472
4700 19572 -4124 3195 -1140 -113
1020 17000 -8528 4497 -3722 -3701
8192 18480 -9968 -2669 1025 -1854
2316 13956 -10028 445 652 650
3900 16348 -8976 -337 -1078 475
5608 15296 -9028 -1487 -264 2371
3388 15036 -7772 -2207 -905 3934
3212 15444 -6764 -2358 -2826 3195
4328 15424 -6480 -4113 -3479 3300
4640 15700 -6680 -4402 -3601 3298
4484 15096 -6176 -4537 -4737 2817
5832 14028 -6732 -1998 -3980 2365
6120 14932 -6192 -2047 -2481 2181
5980 15276 -5696 -433 -1045 1048
5484 15088 -5564 -367 -1153 1467
6236 14880 -5108 -953 -355 1725
6044 14600 -3940 -651 269 896
4784 15712 -3632 -1129 -871 96
6136 15324 -3976 371 -1870 122
5788 14488 -3864 850 -2246 24
6720 14576 -4288 2992 -2794 -778
7248 14720 -4920 2399 -1477 -1250
7048 15388 -3728 3779 -511 -1530
5684 16064 -3112 3609 -1282 -1519
8824 22896 -9372 2952 -397 2520
5052 16236 -4948 -1452 1986 4248
3456 13476 -5596 1144 -1783 110
6568 15844 -9308 2527 -763 496
4772 14812 -8296 -613 424 -71
4772 13716 -7744 -282 -162 -1663
6300 15952 -7624 658 1029 -2190
3624 14344 -6692 -851 1525 -3312
4884 16352 -6772 -397 1565 -2641
4536 13944 -6644 -574 1373 -1476
5396 15616 -6184 497 1775 -2490
4300 15312 -5916 -924 3237 -1752
4088 15184 -5076 -367 4322 -978
3740 16316 -4828 -598 4219 -511
2792 14432 -5140 -29 3053 -806
3136 16444 -4996 37 1851 -570
4068 15600 -4140 -616 2876 -396
4576 15684 -3584 2197 3579 26
2576 15940 -3300 2386 3191 1075
3176 15844 -3256 3276 1657 1523
3520 16368 -3468 5248 1489 1488
3544 21296 -3964 2326 -943 -99
2208 18508 -6144 4259 -3685 -3098
7276 19176 -9052 34 565 -2071
4052 15032 -8420 -1617 4000 -377
4548 14236 -10164 2824 2621 -2145
3432 15188 -8824 -2248 2255 1851
3868 13736 -8624 -1763 562 1584
5064 14604 -7604 12 -824 1958
4900 15248 -7372 -1743 -139 1937
1972 14300 -7744 531 -2230 1617
4548 17304 -6808 -2363 -2877 2803
5672 14408 -7364 -838 -2279 3487
4808 14736 -5840 1434 -2449 2286
4452 14532 -6024 -326 -2461 1090
5228 14792 -5552 -6 -2678 283
5552 15504 -5940 250 -2528 -419
5928 15464 -6680 288 -1642 220
5456 16068 -5560 610 -1849 858
3900 15224 -4328 -909 -4209 1250
5548 14032 -5412 148 -5507 -260
6648 14292 -5772 1055 -4119 -608
6156 15788 -4472 802 -3547 -919
6504 17072 -9204 1703 -2818 -771
10148 18916 -9212 3250 2945 4119
620 14940 -6384 -366 1110 484
3412 12792 -9324 -1058 -536 -1157
6380 19116 -9684 1104 3259 722
2400 14004 -8096 -3533 2580 -928
4964 15952 -8588 178 2411 -1641
4020 15560 -7616 -1382 3631 -1459
4096 14920 -7668 -999 3198 -1512
3348 15912 -7276 -578 2301 -2048
4568 14484 -6664 -707 2413 -1906
2784 15784 -5676 -636 2075 -1681
2012 15728 -5236 -906 1579 -879
2904 15732 -4652 1244 883 -162
3056 15476 -5048 -291 125 1367
2952 15604 -5328 -98 -439 724
4612 15544 -5020 174 433 159
3484 14120 -4316 997 1548 524
1668 14712 -3564 4140 699 372
4252 16396 -4976 4778 625 1623
4512 16868 -4508 5039 1707 2530
3300 18692 -7744 4274 1516 721
480 19252 -6804 1475 -2965 -3202
5728 17496 -10588 1074 -2443 -3433
5804 12396 -11212 -2536 358 -536
3716 15048 -10492 176 -935 256
3384 15760 -9624 -1484 -126 2286
3340 15436 -7916 -2118 -1458 3619
4332 14660 -7736 -1841 -2430 2615
4840 14892 -7688 -2291 -2093 3180
4760 14844 -7828 -2264 -1972 3075
4964 13476 -8076 -1654 -1612 2703
5276 15100 -7008 -635 -1171 1739
6492 13880 -7312 317 -227 1293
6028 14876 -6084 -1093 1089 412
4944 12488 -5848 2936 -362 -1047
5436 16236 -5636 -1515 -210 -884
5152 15960 -5380 670 -1218 2
4888 14760 -5404 894 -2181 128
5772 15308 -5320 -822 -2636 41
5848 15600 -5116 1485 -2605 -324
5744 15324 -4556 464 -2609 -538
7528 18396 -9224 1771 -835 325
9636 17500 -8456 2712 6157 3447
1512 15264 -4644 2223 3112 1983
5192 12852 -9748 332 971 751
4580 16140 -9696 5395 2752 2643
3888 13560 -9264 212 -87 -735
5008 15848 -9748 1835 333 -2075
4112 14340 -8640 -893 1588 -1819
4536 15660 -8708 672 1304 -2157
4484 15676 -8084 -1808 1581 -1698
3328 15016 -7568 -1098 837 -2195
3888 14980 -7416 -2068 396 -1717
3988 15592 -7196 -445 156 -1642
4560 15208 -6692 -1217 1112 -1472
3900 15392 -6276 -1301 1197 -1773
2616 14780 -5864 -943 286 -1093
3780 15952 -5712 -500 503 -473
3904 15404 -5476 11 1165 221
3632 15828 -5836 -173 1550 125
3384 14976 -5600 -125 1639 434
3396 15648 -4932 442 1788 61
3684 15448 -4920 1086 1972 345
3444 16092 -4564 2847 2223 667
3056 15928 -4680 3711 1730 1123
3732 17184 -4104 2272 1339 1890
3184 16704 -6680 3285 358 1433
1592 17776 -5524 3047 -3527 -1942
4680 17456 -6004 617 -5982 -3023
4960 13288 -9132 -2479 -1642 1593
3576 12740 -9852 319 -1286 712
6808 18116 -9972 -372 9 -2052
3948 14952 -8780 -2223 2081 1584
2936 15820 -8256 -1325 1032 2122
4232 15052 -7128 -1517 -32 2761
5196 15236 -6824 -2204 145 3505
4676 14016 -7208 -1900 366 2990
5704 15100 -5920 133 877 1286
5396 15488 -5536 -1224 1355 1298
4600 14268 -4660 49 -74 696
5452 15832 -5320 -480 -1127 856
4988 15708 -5496 605 -1681 1062
5636 15988 -5432 -382 -2545 2161
5296 14792 -5520 -1721 -2689 2642
5056 14280 -4312 -1093 -3464 1649
5184 13828 -4560 282 -3807 -554
5664 14928 -4836 1596 -3889 -1533
6884 15612 -5060 1573 -3138 -1373
5788 15864 -4300 1728 -3137 -750
7464 17948 -8256 4533 -2782 -342
10588 15780 -8100 3545 3419 2234
4660 19240 -7112 5194 3728 2907
4380 13504 -9048 -3725 1855 1111
4144 12496 -11496 -386 840 -1407
3636 16640 -10764 1374 1826 -2775
5116 14428 -9884 -2027 2992 -1950
4136 13544 -8896 1987 2536 -1897
3788 16528 -7744 -597 2041 -2268
3464 14920 -7200 -2817 1062 -1975
4232 14512 -7264 17 147 -2200
4248 17452 -6436 505 165 -1271
3344 15932 -5144 -1044 376 -1067
3720 15768 -4832 -2016 -26 -366
3400 15100 -5380 -992 300 192
4000 16416 -5048 -1658 186 595
3840 15752 -4992 -1528 -25 99
4224 14764 -4492 -997 1361 -295
4216 14232 -4252 39 3346 531
2492 15940 -4268 3386 3484 270
2688 15780 -4232 3031 2043 1250
4344 18136 -4016 3929 1835 694
4336 19964 -4456 3902 266 -183
1392 15256 -4996 1078 -2204 -294
2792 18728 -6784 -188 -2340 -524
4556 14648 -9940 -1263 -2316 -836
5464 14268 -10556 -1322 -1025 969
2944 14464 -8588 486 -615 1130
4040 15168 -7376 -1599 -1916 1194
5040 15684 -7388 -1873 -1994 2592
5540 15772 -7652 -3268 -720 3739
5052 14528 -6616 -1953 -59 3767
5704 15152 -6012 -1946 891 2760
5160 13536 -5964 -275 1515 1014
5876 14856 -4972 35 1275 864
5136 14272 -4732 1644 503 -86
5452 16292 -4856 1284 -555 309
5236 17868 -5548 -1331 -1949 1882
5932 15224 -5032 -5445 -2807 3149
6432 12876 -3680 -1630 -2080 1549
6032 15036 -2608 79 -3045 -152
5448 13244 -4252 2513 -3853 -847
7460 15124 -4672 3356 -3750 -1039
6456 15248 -4356 3942 -3235 -1111
6628 16444 -6716 4287 -3610 -931
9048 21132 -8732 3875 -686 2740
6092 16048 -5344 2731 847 2389
4480 13372 -6624 -1501 -1119 -1201
6700 13496 -11252 1290 283 -766
3444 14980 -9684 448 246 1555
3668 14964 -9032 -1515 -777 -1026
5064 16104 -8068 -1372 -245 -1744
4556 14548 -7060 -2159 616 -2442
3484 14900 -7372 -1092 890 -2987
5232 14360 -8020 -793 2367 -2254
3764 16404 -6000 -33 2903 -2849
3172 15900 -6068 -1676 2508 -2778
2936 14884 -6204 378 2621 -1426
2752 15248 -5380 752 2023 272
3200 15316 -4968 1737 1772 107
3144 17008 -5092 -526 1527 -792
3720 16844 -5284 -1537 1997 -505
3384 14760 -4492 134 2620 190
3532 14544 -4344 692 3368 590
2384 16096 -3948 3389 2057 796
3456 16612 -4084 2809 1901 1994
4636 16928 -3680 3531 2830 1759
4240 21108 -3864 2058 -1408 -1832
-64 16620 -6624 2614 -4980 -4408
6544 16780 -9888 -1077 54 -438
2292 13352 -9012 -1119 669 1075
3552 17352 -9768 939 -2363 8
4928 15480 -8748 -2202 -1270 2729
3540 14312 -7944 -1089 -1102 2637
3792 16484 -7144 -1365 -1922 2712
4836 14896 -7324 -3076 -1447 3716
4780 15084 -7032 211 -987 2550
4356 14912 -6520 -913 -838 2337
4812 15780 -5780 -936 -604 1941
5676 14212 -5828 -1150 -245 1446
5572 15344 -5288 -155 -353 709
5028 15292 -5232 -1099 -1209 919
5316 15224 -5224 -118 -1704 888
4916 15184 -4960 -753 -2893 750
5212 14672 -5652 -1042 -3649 749
6248 15504 -5288 -700 -3235 655
5784 15260 -4492 585 -3232 -676
6588 14388 -4784 1432 -3103 -1690
6484 15480 -4088 3555 -1901 -1888
6412 16288 -6788 5341 -2397 -1159
8668 18128 -9120 6553 2749 2766
2292 14940 -5344 -635 669 2305
4144 13592 -8920 980 -1232 -1299
5636 15312 -10132 -2467 1759 -81
2704 15736 -9344 -260 588 -1069
3428 15164 -8764 -258 705 -2237
3672 14888 -8144 386 1325 -2874
3720 15332 -7688 430 2331 -3141
3676 14904 -7528 -264 3307 -2554
2876 14488 -7664 1128 2477 -2426
3000 16900 -6276 516 1707 -1397
2784 15184 -5832 -1164 1497 -1973
3496 16312 -5996 -677 1874 -961
3740 15660 -5612 -680 3149 381
3484 16052 -5616 -445 3694 169
2204 15412 -5660 -1469 3753 -47
3432 15664 -5600 809 3350 606
3128 14320 -4756 716 4150 1206
3540 14756 -4248 1792 4779 1641
2256 15132 -4404 3254 3786 2110
4248 16560 -4328 3993 3382 2955
2456 17300 -8440 5160 2234 2335
2076 18632 -6100 4324 -2805 -1922
6096 18212 -7132 889 -3846 -2431
4416 14716 -8648 -102 -368 13
1936 12768 -9476 -2829 -1757 240
4420 15568 -10208 974 -1968 -423
5196 14560 -10172 -1192 -124 1507
4152 15520 -8880 -1656 -245 1298
4132 17072 -7672 -366 -241 1538
4244 15804 -6956 -4593 -599 3625
5220 14024 -7500 -2953 -1647 3966
4920 14892 -6736 -2022 -1295 3112
4876 14520 -6272 -1287 -1582 2430
6216 14836 -6124 -748 -1793 1675
4060 14236 -5796 -434 -2268 1485
5788 15004 -6024 5 -2660 115
5644 16028 -5716 -1283 -2216 520
4428 15876 -4360 -1758 -3123 1390
4312 13452 -4484 -1381 -6050 467
8192 15480 -5376 -2257 -4305 420
6456 13916 -5176 -448 -2893 -407
6804 14788 -5816 2103 -2136 -1312
7108 15084 -5212 3721 -447 -1450
4736 15056 -3900 2902 -713 -1941
4980 16244 -5416 4144 -3205 -1766
10184 20412 -7860 2801 2046 3303
3932 16756 -5036 3997 2272 2563
3636 14956 -7816 -1957 -547 1014
6068 14848 -10712 1690 -128 880
3724 15400 -9620 -558 1386 -805
4728 13912 -9172 -1359 1460 -852
4864 15848 -8680 1251 1762 -1544
3876 16176 -8184 -2915 2453 -2616
3112 15432 -7592 -1891 1279 -3819
3156 14664 -7264 -2807 929 -3417
4236 14780 -7024 1098 666 -2710
4132 16124 -5960 -2580 2298 -949
3044 14864 -5356 526 2286 -1175
3248 15476 -5012 -1131 2908 616
2840 14988 -5408 1395 1812 597
3220 15672 -5468 -107 1740 327
3768 15456 -5428 729 2210 -733
4336 14732 -4772 516 4152 -22
2944 16404 -4176 3291 3971 460
2644 16680 -4636 3030 2992 1594
3864 16940 -4524 3552 2840 1466
4412 19448 -8012 5677 2005 -190
-340 17716 -7656 3427 -1730 -2408
6788 18728 -8168 2937 -960 -2044
3184 11968 -8880 -277 565 1398
5232 14976 -10560 1219 153 129
4968 14792 -9576 -1121 1324 1600
4048 16024 -8388 -1524 447 2281
4540 14624 -7156 -2946 -808 3475
5936 15876 -7864 -2551 -1694 3993
6000 13804 -7508 -1347 -1150 3931
4124 15052 -5812 -326 -1761 3720
4940 14512 -6340 -1620 -2653 3097
7368 14048 -6488 176 -1507 1252
6624 14580 -5488 -1125 192 345
5680 15584 -5316 -917 239 -1
5612 15060 -4908 -2236 -460 438
6228 14680 -5184 -542 -1398 393
5432 14000 -5332 -1434 -2678 423
6400 14996 -4360 -63 -4033 -418
6220 13976 -5188 -101 -4567 -1078
6500 16064 -4828 2697 -4539 -1585
6364 15124 -4256 2497 -4206 -1050
5952 16180 -3228 2496 -5137 -1257
12020 21624 -11008 6463 631 2340
8156 13704 -6340 -743 6227 4287
2712 13492 -5556 3022 2277 42
6024 17688 -9524 -55 2376 1363
2956 12372 -9880 -1359 1419 -145
4776 15816 -9116 -22 -124 -2527
6344 14692 -8652 -60 1280 -3750
3580 14776 -8084 -1280 2026 -3328
3536 15592 -7064 -10 978 -3267
4048 14968 -6880 -1024 352 -3102
5084 15188 -6516 -1281 1436 -2252
4288 16064 -6052 -2409 2685 -1309
3816 14524 -5136 -112 3139 -622
3356 15776 -5600 1235 3040 -301
3556 16208 -6108 528 2546 582
3476 16520 -5412 880 1715 -771
4068 15112 -4960 -103 2419 431
2288 12772 -4100 1367 2199 1170
4216 15464 -4176 5874 1772 317
3204 17880 -4932 4026 2600 1362
5332 17268 -4340 4181 2478 1621
5396 17244 -4808 2656 3381 1431
1040 18128 -6472 618 -2431 -4048
6180 15644 -6908 2674 -4965 -3695
1636 10944 -11008 -3191 128 -137
3804 17980 -11396 -403 -2371 -1610
3976 14920 -10732 -2385 -2100 1868
6240 16996 -9324 -505 616 3548
2208 14952 -6656 -4925 -1324 3973
4312 13544 -8128 -3105 -2777 4202
5304 15504 -7848 -3808 -1490 4328
5408 12912 -8124 -1319 -954 2847
4460 15424 -7012 -314 -895 1787
6208 15088 -5876 -871 -1219 1876
5544 15064 -4992 -153 -1547 1065
5432 14544 -5584 -1283 -1218 472
6304 15920 -5588 127 -677 166
4944 16184 -4360 -274 -565 1161
3628 15388 -4648 -2304 -2849 1859
6236 15188 -3608 -1478 -4187 1315
6288 13404 -4012 -192 -4560 829
6440 13984 -5328 1176 -4116 -1276
6496 15140 -5116 4900 -2852 -1824
7996 16664 -5396 4502 -2567 -1558
9412 17308 -7768 1523 2301 2039
5296 17364 -5256 6056 1194 2026
4464 14136 -7652 -4041 -1979 592
6748 15200 -10576 2469 -202 -84
4388 14512 -9876 -1010 1706 138
4136 13992 -8972 -26 1017 -1303
4044 16128 -8676 -335 1351 -2066
5008 14696 -7972 -1585 2057 -2387
3656 16132 -7428 -1758 1828 -3030
4332 15816 -7192 -1731 1612 -2298
4144 14304 -6640 -1306 1892 -2224
4352 16176 -6772 -928 3140 -2138
3112 14868 -5904 1060 3384 -1132
3204 15356 -5584 -580 2803 157
2148 15436 -5964 207 1458 310
3160 17208 -5416 -396 911 -235
4412 13788 -4848 -1369 2034 2
3952 15664 -3488 768 3336 -397
2972 15324 -4252 3231 3224 -561
3080 15392 -4516 2206 3205 717
2960 16556 -4720 3818 2474 1463
3224 18120 -6648 5302 1855 1245
-128 16952 -6052 1470 -1953 -603
4556 17080 -6816 3870 -4393 -1190
4224 15516 -7152 -1887 -866 1500
3540 15360 -8292 -301 -1296 -579
4360 15312 -10192 -1768 -479 -258
3948 15776 -9444 781 -250 1329
3664 15932 -8272 -2103 -830 1472
5172 16112 -8160 -2061 -1317 2870
5004 14872 -7328 -2386 -984 3880
4668 15100 -6916 -2297 -1083 3427
5540 14724 -5692 -1062 -481 3194
4160 16204 -6368 -1813 -1152 2736
4844 12608 -6760 -2109 -2208 2363
7124 14076 -6844 -72 -2501 636
7108 15724 -5664 -31 -735 1144
6212 15356 -5852 753 -545 976
5956 14648 -5180 -824 -464 1382
6316 14832 -4604 473 -666 989
6040 14548 -3944 -432 -1271 279
5080 13384 -4528 862 -2675 -21
7024 14660 -5152 674 -2672 -1142
6940 15344 -4872 2646 -2114 -1723
6512 15972 -3876 1429 -1925 -1575
7568 18276 -8360 3424 97 597
9968 18264 -7996 6504 3307 2112
1532 15416 -2268 761 1981 3216
5092 13112 -11052 1363 -343 -310
5984 15560 -10356 2176 1949 825
3748 14040 -9120 373 217 -2716
5500 16112 -8820 227 1771 -3328
4152 13716 -8292 347 2313 -3608
3132 16596 -8060 -737 1186 -3307
3564 14832 -7620 -980 -48 -2343
3540 15108 -7560 -222 -1243 -1614
4236 15560 -7120 -874 -1380 -1242
3480 14272 -6804 -1189 -761 -1009
3480 15256 -6240 -93 126 -632
3892 15952 -6648 -48 1087 35
4076 15836 -6828 -1002 2231 246
3340 15960 -6620 -402 3082 93
3196 14972 -5296 -10 3512 486
3776 15116 -5564 624 3080 1233
3532 15904 -4784 1772 3039 1602
2532 16092 -5376 2672 1897 1864
3372 20132 -8620 3410 152 1113
2216 18228 -6060 1253 -3406 -2018
7184 14956 -7100 2713 -2353 -1373
3684 14232 -7764 -2996 574 151
4460 13264 -9796 1222 -166 -2315
5156 14916 -10784 -767 1712 -447
2480 14864 -8828 -1600 1158 893
3224 14656 -8464 -52 -587 230
5828 17712 -8012 -2274 -879 2918
4696 13968 -7584 -1436 -556 3532
4460 15464 -6744 -1315 -319 3975
4512 14112 -6780 -2382 -741 3483
5500 14872 -6628 388 -1092 1522
4692 15048 -6016 -1121 -853 1114
6000 15020 -5772 64 -1271 880
5512 15492 -5576 75 -1496 841
5592 15352 -5780 204 -1512 1006
5340 15132 -5336 -1107 -1942 1469
5048 14944 -4664 -417 -3188 442
4124 14192 -4892 -283 -4939 -240
6412 14936 -6016 974 -5095 -399
7376 14660 -5916 1151 -3734 -1011
6024 16224 -4680 1745 -3341 -1722
7872 18708 -11708 4072 -1775 -844
8352 16652 -8668 4141 3418 2995
1528 16012 -4368 1884 1182 1717
5672 12672 -9000 -652 -341 33
6740 17236 -10464 3536 2571 1829
2360 14892 -9208 -1218 407 254
3624 14224 -9872 -441 -1528 -797
4796 14644 -9340 -874 -1037 -738
5592 14580 -9012 -1347 277 -677
5060 16116 -7748 -1769 1444 -2383
4572 14696 -7864 -1676 2729 -3134
3016 16056 -7396 -893 2908 -3384
4260 14704 -6924 323 3165 -2690
3736 15352 -6704 -66 3709 -1893
3248 15888 -5912 68 3681 -1046
3164 15348 -6064 1337 3075 -238
3468 16288 -6180 1007 2643 -392
3384 15740 -5720 -240 2262 -534
3556 15872 -5480 -783 2431 -654
3944 14396 -5020 980 2565 493
3328 15168 -4900 1083 2236 1305
3104 15064 -4772 2783 1509 1901
3512 16064 -4460 1187 1512 2359
6320 16872 -4320 45 2832 2308
5760 17456 -6536 2762 4806 1440
12 17680 -4736 2591 1567 -1789
5136 16896 -7128 2096 -301 -3070
5368 15068 -8120 547 2234 -1295
2432 14164 -9120 1333 21 -2385
6128 15740 -11056 1319 208 -734
4324 14388 -9288 181 164 2315
4568 16296 -8388 -804 -1358 2624
4976 14408 -8148 -2530 -2558 3454
5248 14764 -7476 -1285 -3538 3325
5016 14940 -7500 -2090 -3804 3123
6000 14080 -8100 -1702 -3946 2858
5756 15236 -7820 -1507 -3386 2573
5796 14348 -7516 556 -3150 2023
5780 13448 -8024 -2158 -2514 1848
6672 16692 -6668 2721 -2590 946
6380 13308 -8084 -1545 -970 1003
5740 15860 -5716 -1855 155 1224
5840 14580 -6252 -466 -569 145
6540 14684 -6616 -822 -111 -98
5904 14908 -6564 716 129 -724
6432 14896 -6716 495 400 -389
5760 14992 -6640 971 721 -376
5832 14924 -6400 1047 893 -685
5676 15640 -6592 1241 1207 -623
4768 15576 -6576 2060 303 -784
4528 15752 -6444 727 -932 -29
4380 15908 -6184 285 -2901 -12
5780 15700 -6232 -609 -3305 217
6724 15472 -6716 -130 -2189 44
6648 15380 -6560 -22 -461 -402
5568 16200 -6640 -681 664 -856
5240 15048 -6620 -3072 1470 -299
3788 15608 -6372 -519 902 -824
4684 15316 -6448 123 357 -238
5388 15164 -6576 1523 474 -213
5164 15592 -6680 2083 891 -192
4564 15752 -6596 1939 817 -432
4732 16032 -6364 1903 438 -326
3784 15832 -6888 747 -528 95
3456 16028 -6700 370 -2267 319
3832 16096 -7080 -326 -3410 505
4548 15304 -6844 -133 -3226 296
4640 15508 -7212 -15 -2345 189
4608 15628 -7436 -25 -1344 199
4992 15436 -7492 117 -630 79
5284 15340 -7272 -161 257 73
5780 15392 -7420 509 1844 -168
5756 15372 -7160 597 3184 -555
5092 15256 -7084 1106 4157 -302
3696 15844 -6552 1186 4090 -39
2892 15792 -6632 686 2564 -9
3256 15660 -6504 554 911 72
3840 15744 -6580 161 -42 219
4784 15548 -7088 213 -134 217
5068 15272 -7048 633 843 183
4880 15272 -7072 1026 1615 38
4180 15660 -6692 786 1589 143
3872 15696 -6752 606 569 229
3692 15632 -6560 -251 -729 503
4616 15556 -6988 -167 -1329 462
4764 15620 -6904 -19 -1132 463
4980 15576 -7016 117 -575 337
5144 15412 -7128 181 227 250
5028 15360 -6964 498 820 77
4872 15560 -6820 471 1085 82
4600 15484 -6916 395 1069 141
4396 15388 -6740 261 729 222
4332 15676 -6880 238 330 182
4340 15396 -7000 167 99 241
4568 15596 -6852 170 -78 216
4632 15436 -6932 209 -159 263
4588 15564 -6972 98 -315 310
4200 15608 -6844 81 -742 318
4296 15348 -6980 80 -1105 379
