0 10354690 -1216521680 5 1123076 1348938
4536 15704 -320 126 -174 183
4524 15672 -204 191 119 -71
4644 15540 -64 246 284 -104
4892 15564 -272 316 427 -132
4712 15560 -276 363 375 -87
4760 15456 -204 439 476 30
4668 15556 -280 431 469 70
4688 15568 -144 396 315 157
4536 15280 -128 308 119 278
4380 15272 -128 416 -99 171
4620 15488 -32 777 88 -138
4468 15756 144 1202 389 -521
4548 15408 236 1542 383 -372
4516 14864 380 1700 1226 -48
4448 15460 -228 1218 844 -305
4220 15400 -284 725 -754 47
4428 15448 -696 745 -919 570
4372 15008 -1032 1053 -1008 704
4540 15324 -1196 1343 -791 57
4688 15892 -1080 1396 -644 -768
4892 17044 -1148 1340 -454 -1263
5252 15980 -988 1593 544 -1019
5184 17004 -884 1571 2854 -1375
4784 16156 -936 859 882 -1503
5048 15860 -788 202 1457 -643
4368 15032 -1116 -861 -40 277
4208 14692 -1292 -1522 -949 763
4212 15128 -1476 -1759 -2025 -150
4752 15532 -1376 -1058 -2367 -1778
4920 16384 -1224 105 -1604 -3117
4664 21128 -1200 1000 -2992 -4919
6436 18728 -76 2087 -1706 -5206
3460 18428 748 2200 5872 -3390
1272 14496 332 -639 -811 -1155
1208 15112 72 -2926 -794 820
152 15528 -1640 -4066 -756 1919
208 15752 -1892 -3546 -2542 3471
512 15140 -1516 -2657 755 3258
748 15116 -216 -1443 2222 2170
2736 13944 328 -985 731 2094
2508 13808 888 -1110 2977 2472
1832 13632 728 -1213 -551 1664
3432 15836 228 -846 -932 1367
3052 14528 912 128 -1327 2556
3508 14724 108 572 -2135 2948
3636 14716 1228 1893 -2127 1987
4884 14648 796 2489 -1128 1272
4628 15520 936 2840 821 886
4704 16244 612 2932 1350 469
4672 16904 948 2714 -391 -101
4952 16712 1508 2974 -980 -510
5552 18180 1140 3429 -947 -1218
5796 19164 416 2671 4088 -2195
3832 17604 -1032 525 85 -36
4052 14972 -1732 -138 -1887 2955
4228 14540 -2236 113 641 4324
3960 15280 -3024 -205 2403 3622
3828 15516 -3064 -995 2215 1894
4108 15684 -2408 -2039 -1652 217
4740 15680 -2012 -2023 -2633 -263
5036 16132 -1852 -1153 -433 36
4780 16032 -1564 -79 1359 846
4464 15984 -1484 635 2503 894
4040 15168 -1416 958 1616 246
4560 14692 -1084 972 185 -849
5084 14616 -1324 808 -2293 -2092
5320 14868 -1156 1293 -4635 -2753
7088 14436 -1116 1508 -2475 -3131
6088 14524 -664 1323 915 -2725
6124 15904 -400 1179 -516 -2798
5828 15980 -272 1079 141 -2596
7276 17368 -32 -711 12435 -3280
4504 21948 1092 -575 14656 -982
2340 19500 284 329 -3341 -1752
2888 13224 972 8 -609 -981
-1492 14488 -516 -2231 -1264 258
-548 15960 -2416 -3369 -11156 -272
1072 14748 -420 -2546 -9435 545
2068 15736 -1484 -1786 355 717
1180 15564 -1564 -1478 789 955
2140 13904 -40 -1341 -1462 1924
3072 16156 -220 -1079 -466 1290
4068 16968 -2120 635 1091 1312
564 14524 1244 1971 2515 4061
3032 14220 704 130 -4684 1984
4212 13760 2400 370 -4173 446
6208 15456 1924 1161 -218 491
5140 15428 1044 990 2565 960
4552 14444 1092 1365 3397 1797
4372 15068 160 1098 1372 1802
4900 15132 88 1997 1646 1035
4764 14896 512 3043 3290 144
4356 15776 672 3124 1816 -893
4004 16004 592 3312 -161 -950
3944 17748 1672 3101 -4874 -407
6720 20488 144 2093 -2645 -2156
4116 17260 -1804 332 265 -361
3796 15436 -2120 -347 -1081 2818
3804 14356 -2692 -272 -1508 4241
4280 15388 -2792 -212 -369 3150
3836 15544 -3396 -461 1317 1337
3952 16180 -2548 -533 227 203
4788 15496 -2152 -430 888 -303
4788 15516 -1532 -518 2426 -170
4124 16168 -1968 -1016 1746 1082
3572 16600 -2336 -1420 -2534 2387
4576 15668 -2336 -367 -2927 2450
5100 14192 -1932 1412 -1600 228
5420 14304 -1584 2830 -948 -2595
6160 14816 -1908 2728 -3540 -3939
6912 15024 -1192 1762 -395 -3128
6328 15556 -312 1629 585 -2998
6808 15756 -116 1215 1576 -2641
5676 15688 -272 261 1380 -1469
5432 16004 -640 -1044 -1900 -676
5908 15492 -876 -1243 -3170 -1194
5632 16216 -1084 -626 -2765 -2388
6896 19996 -2416 298 2703 -4013
3036 19004 -1980 1867 6233 -2647
1444 15600 -836 1432 7318 -1293
-808 13992 -1148 -826 2680 -706
956 15148 -1700 -2729 -2562 -64
1340 16452 -1960 -3006 -2124 2627
1120 17744 -1784 -2380 -1128 3651
2408 14440 -956 -1715 -1320 2956
4052 14928 -1508 -1486 1800 3829
4016 15500 -1036 -925 4625 4966
3468 15388 -1056 -1035 3864 5089
4380 16140 -188 -1520 1870 5255
4012 15564 -332 -1324 -3756 4389
4084 14608 640 60 -1337 3750
4104 14572 1128 620 -2095 1188
3720 14620 944 115 -4132 -307
6028 14856 960 -1086 -10833 -462
6224 14912 -388 514 -19 -1791
6332 14616 -296 2413 3189 -3531
5440 14908 -132 3111 2910 -5545
4996 16048 528 3037 1392 -6428
4624 15920 200 2640 -4085 -5023
5320 16088 296 2303 -5965 -2829
5672 18572 644 2298 -2975 -2506
6144 18568 28 1769 -1324 -2323
5520 17380 -332 607 2971 -77
3976 14612 -1420 83 4026 4522
3644 15276 -2312 -208 3021 6796
3508 16244 -2800 -806 3355 6173
3248 16644 -3784 -1858 1828 4556
4108 15884 -2888 -1781 78 3064
4624 15484 -3140 -424 2334 2417
4592 15652 -2492 1005 4748 1914
3900 14908 -1528 1690 6883 1581
3260 14852 -1792 1121 3394 1306
3840 14820 -1856 310 -2445 285
4856 14972 -836 267 -4950 -1247
5444 15340 -1296 433 -7959 -3220
7204 15200 -1028 365 -8648 -4012
8236 15156 -220 641 -3143 -3988
7960 15828 -520 961 2218 -3153
6804 16228 -584 616 1794 -2402
6248 16396 -864 56 1218 -1751
9104 16360 -988 -407 12473 -1798
3076 18352 -1076 -290 14098 -1540
4500 17692 620 1043 116 -1125
2944 15944 -164 941 -239 -2141
616 15368 -624 -1082 -1837 -1408
-204 15500 -2108 -3822 -8704 492
808 15512 -1728 -3966 -8941 2301
2312 15096 -836 -2499 -3116 1363
1452 14812 -504 -1336 1112 7
1652 15072 220 -1734 384 13
2416 16008 308 -2096 -3188 -437
2532 16232 412 -1867 -4698 8
3696 15212 1044 -579 -2139 571
3360 14520 488 -33 571 1429
3112 14336 636 745 -138 1108
4184 14552 528 1573 617 535
4056 15400 528 2530 2946 307
4028 15424 1172 2938 4433 745
3376 15864 688 2863 6081 1402
2920 15824 756 2128 1614 1223
4348 14608 1360 2564 848 929
3236 14852 1836 2287 1656 -574
3232 15872 924 2393 -667 -1657
3944 16472 488 2300 -1492 -919
3904 16232 720 2581 -3083 42
5140 17968 308 2646 -3759 -442
5156 18120 -80 2146 21 -1167
4664 16636 -1028 522 218 765
3552 15256 -2472 -336 39 3667
4388 15760 -2812 -1098 1227 4715
2752 16176 -3284 -1940 1467 4104
3988 15912 -2796 -1754 331 3704
4544 15300 -2688 -1093 1688 3581
4104 15936 -2924 -723 1803 3180
4392 15568 -2684 -322 129 2713
4548 14792 -2572 383 1254 1648
4344 14732 -2596 537 557 590
4276 16064 -1748 635 -430 -1550
4696 15432 -1884 653 -3354 -3688
6788 16284 -1864 1192 -2411 -4177
5620 14916 -1092 1747 -1019 -3330
6160 15300 -848 2186 -452 -2660
5448 15396 -932 1635 -985 -3083
5968 15680 -548 1203 -2221 -4035
6136 16308 -44 982 -2061 -4855
6332 16344 -36 828 -199 -4520
5732 19656 724 -74 -729 -3666
3360 21296 -1124 -2318 -4525 -3951
2724 16412 -944 -3245 -5608 -4239
2068 12280 -68 -1711 4440 -120
-1508 13740 -3128 -3120 19 2031
1684 15752 -1724 -2650 -6946 2118
3168 16072 -256 -301 1362 2857
-80 15284 -944 -358 5132 2013
192 15172 -364 -852 3905 1626
1212 16188 -448 -170 3800 2275
652 16660 -292 492 6154 3098
460 15772 508 289 3296 3866
1940 14812 916 -382 294 3522
3444 14684 204 256 2607 3410
2616 15172 652 862 3341 2166
4124 16860 364 287 351 1303
2852 15316 1348 -314 -916 2362
3420 15044 444 -134 -3505 2526
4340 14456 552 829 -7009 2044
5832 13544 1032 1530 -5552 520
5576 13320 1452 2230 618 -1455
5172 16064 936 2572 1625 -3586
4840 16068 1072 2706 -412 -3095
5212 16808 1204 2633 -4845 -756
6460 19024 68 2260 -357 -553
5564 18132 -592 451 -2029 66
4728 15200 -1700 148 2815 2800
4136 15340 -2460 335 6388 4508
3084 16388 -3240 -539 4082 3443
3620 16488 -3552 -1332 -1299 2050
4260 15032 -2680 -933 -1108 1996
4624 15492 -2240 -21 1110 2088
4084 16068 -2256 80 1202 1257
4336 15588 -1904 -73 -607 489
4556 15108 -1872 177 -532 156
4280 15020 -1496 519 -562 -1035
5056 15696 -1364 635 -616 -2745
5052 16368 -1204 219 -1243 -4153
5468 16076 -1208 -56 -3108 -3785
6564 14956 -432 1167 -917 -2044
5680 15280 -468 1750 34 547
6220 14716 -612 912 -1334 1018
6040 14672 -824 464 -652 19
5808 15544 -876 858 -503 -1636
5464 16068 -740 1512 1513 -2566
5480 16916 -704 1604 3124 -3299
5260 21616 -1128 1820 3785 -5880
2952 17772 104 2125 5608 -4340
524 14932 -572 -929 -670 -2221
48 13600 -1584 -3585 -6066 -444
1568 14880 -1364 -3891 -7510 341
2864 15048 -1220 -2675 -2070 1041
1752 17928 -1936 -2347 -1247 1905
1844 15288 -1292 -1782 -4092 3443
3644 16244 -2044 -231 -253 4798
1492 15792 -1216 1610 3173 4902
512 15688 2724 621 714 1690
2884 15004 1800 -872 -657 658
3912 15244 220 -919 353 885
4020 15420 -1052 -971 -1505 923
4332 15656 -168 -417 -137 1138
3548 14440 516 -397 -3012 2057
5320 13856 84 543 -2676 2513
4832 14244 264 965 -3891 1226
6932 14000 720 1757 -1557 -895
6108 14660 824 2951 4050 -2101
4060 15992 820 2938 4116 -2454
4520 16284 1128 2805 606 -2170
4100 16292 1124 2728 -3036 -1679
7108 18176 852 2488 -3633 -2332
5768 18464 -616 1803 2386 -3045
5560 16744 -1132 565 1111 -134
3616 15028 -2860 -158 4017 2622
2860 15700 -2820 -656 3870 3172
2180 17516 -4032 -1259 665 3446
3016 16168 -3388 -946 485 3698
3176 15264 -2620 -90 1279 3738
3824 15120 -2116 146 1615 2912
3788 15140 -1972 -128 1016 1780
4196 15172 -2052 -328 -488 351
4780 15284 -2024 51 -379 -1087
5240 16120 -1712 589 813 -2047
4712 16764 -1496 565 51 -2477
5140 15364 -1496 690 -1565 -1620
5652 14820 -1136 1079 -1381 -753
5740 14900 -804 1095 -252 -624
5744 15472 -640 687 -985 -1312
6100 15732 -436 579 -1611 -1838
6332 15520 -132 1191 -512 -2045
5892 15780 -20 1411 1067 -2639
5296 19088 -660 619 -1154 -3348
5332 20540 -728 297 116 -3344
2576 16000 -636 390 2581 -1421
-224 13080 -1152 -1360 1645 -878
1520 15280 -1832 -3018 -4130 -910
968 16264 -1356 -2594 -872 565
732 16540 -1136 -2314 708 1636
52 15404 -900 -2869 -3517 1766
2016 14712 -296 -2710 -3298 790
3824 15508 -648 -1373 -147 1065
3680 15744 -80 174 5400 2228
2924 15968 -656 -191 356 2776
3396 15040 -48 -34 -4605 3307
5004 14648 1064 1541 -1011 3829
3752 14620 2232 2028 2079 2715
3432 16000 2256 478 -1505 1347
4684 15064 492 -557 2517 2036
4208 14632 -180 -178 431 2195
4728 14592 -244 1000 211 1290
5164 14856 48 1651 397 -687
4936 15156 392 2171 570 -1810
4712 15700 844 2656 -127 -2037
5216 15572 960 3041 -153 -2399
4876 16128 824 3426 -1025 -2388
5500 17908 132 3462 -919 -2203
5360 17264 -176 3062 819 -1721
4572 15884 -1432 1881 -586 383
5092 16188 -2076 775 1258 1757
3124 16200 -3372 51 1310 2346
3476 15740 -3240 -143 -734 3318
4156 17156 -3908 -175 992 3582
3632 15860 -3452 -202 1556 3504
4292 14912 -2804 83 1950 3197
3800 15108 -2704 157 2589 2145
3920 15184 -2368 -87 990 784
4504 15792 -2160 -388 82 -740
4760 15972 -2212 -736 -1972 -1448
5204 16228 -2096 -929 -3267 -1600
5636 16240 -1412 -8 -2575 -1634
5852 15496 -1264 592 -184 -2348
5552 15008 -908 726 -378 -2316
5528 14868 -1128 388 -629 -2170
5496 15188 -712 3 -1669 -2326
6336 15820 -504 140 -1107 -3044
6548 15928 -368 786 656 -3289
5332 16028 -292 922 2409 -3130
5104 18396 -420 255 5077 -4812
3136 19096 192 419 7136 -6598
2304 15844 1096 633 6057 -3789
-2152 13640 -1640 -2665 2884 -846
-1960 15240 -3160 -5490 -12866 1405
1352 15180 -2652 -3913 -14459 2370
2644 16472 -2160 -1486 -2711 2257
1080 16124 -1328 -596 716 2642
1576 15196 -56 -359 -865 2541
2168 16276 660 93 -121 1449
2648 15456 1220 740 3338 1242
1544 15556 1592 529 5472 930
1548 15184 824 -217 2685 513
2432 14728 840 -183 1285 670
2664 14732 872 505 2262 827
3040 14280 628 565 434 688
2756 14912 440 997 351 874
3380 15952 520 1557 -219 624
3332 15764 1404 2218 1555 -78
2800 15064 1404 2595 953 -731
3360 15908 1612 2828 1390 -526
2596 16496 1016 3189 -3028 934
4520 18976 356 3237 -525 -67
2976 18404 -204 2270 2105 -1069
2244 14988 -1656 456 -1138 1362
2924 16260 -2020 -706 -1819 2172
1984 15852 -3116 -1760 -2178 3040
1952 15928 -3980 -2186 -5124 3552
3280 16196 -3568 -1237 -3870 2989
3768 15808 -2992 67 109 2453
4332 16848 -2704 72 1176 1778
3604 16832 -2172 -310 1531 1551
4364 14096 -2184 -350 -577 3116
4240 15016 -1708 609 -2592 2772
4972 15792 -1620 1198 562 208
4964 15056 -1572 1058 -1866 -811
6176 15120 -1152 1255 -2075 -1468
6044 15608 -812 1601 875 -2037
5912 15620 -456 1610 679 -2258
5708 14912 -280 1217 448 -1893
5784 15312 -444 728 87 -1919
5932 15500 -456 338 -767 -2326
5960 16112 -744 330 -276 -2433
5916 16780 -696 644 565 -2757
5368 18036 -800 582 226 -3111
4816 17884 -736 315 -259 -3208
4704 17824 -600 503 3028 -2759
2348 15496 -816 -406 3976 -1820
528 13056 -948 -2125 723 883
-492 15728 -2084 -3777 -3538 2069
1716 16688 -1912 -3303 -3812 1803
1024 16300 -1644 -1648 1584 1926
428 15808 -1236 -948 780 1800
1704 15344 -852 -1024 -462 859
2628 15584 -464 -550 341 424
3076 15452 -264 107 2967 313
3044 15280 -352 249 3920 1131
2736 13968 596 1011 4745 2289
2668 15716 1576 716 4689 1764
1800 16680 1304 -202 1536 2074
4068 14696 296 -583 -1187 4500
4108 14308 -1192 1481 734 5545
3080 14672 96 3536 3429 1179
2384 15356 848 4795 729 -4008
4388 16632 1288 4048 -5551 -4887
5792 16596 1000 3751 -1926 -2995
3752 16608 1920 2736 -4222 -1480
7604 19960 236 1598 -3469 -1250
3868 18488 -2124 792 5743 501
2136 15980 -2648 -988 -358 3532
2180 14044 -3136 -1445 -3722 4146
3192 14752 -3080 -546 -2083 2986
2980 16924 -3872 -224 1544 1937
2588 17056 -3228 -762 388 1269
3516 15864 -2464 -584 -739 1292
3888 15532 -1968 -175 1480 1875
3852 15764 -1712 -625 1554 1355
4268 15668 -1648 -866 -607 777
4652 15556 -1672 -467 -215 169
4488 15216 -1728 -29 222 -125
4168 15324 -1708 140 241 -631
4728 15944 -1596 204 -1432 -1663
5496 15412 -1636 743 -959 -1945
5264 15412 -568 981 479 -1890
5084 15064 -572 792 -1025 -1668
5280 15312 -668 660 -1174 -1523
5084 16028 -688 467 -1772 -1784
5524 15908 -16 1063 -1557 -2535
5472 16588 -84 1286 -846 -2673
5524 18700 -308 564 269 -2426
4932 18068 -964 74 878 -231
3200 16164 -1256 -430 2155 1177
1704 15256 -1320 -1933 -1119 221
1244 15244 -1220 -2131 -407 623
1012 15968 -1528 -1715 471 779
1208 15708 -1144 -1612 1253 237
1992 15280 -1016 -1348 439 22
2116 15996 -1072 -1132 822 -11
2468 16236 -736 -933 1353 683
2256 16388 -564 -872 1287 1820
1692 15844 -4 -694 813 1827
2572 15480 708 -14 2610 1767
1296 14800 1044 -75 3629 1355
2244 14908 896 -138 1193 663
3936 14688 4 68 282 1747
2896 14756 628 -109 -120 2597
4136 15016 416 602 -2392 2221
5440 15784 1464 1454 -2250 1414
5632 14792 1984 1305 2094 777
3952 14872 1128 1835 6706 710
2976 15900 564 1785 6102 -757
2376 15668 832 2478 -2175 -967
3912 15416 1332 2539 -6381 -965
4988 15932 1580 1999 -8883 -1531
6992 17500 1244 2031 -4650 -1976
4872 17204 -476 1611 1775 -1977
3484 17548 -1132 687 -953 467
3844 15164 -1632 249 -404 3278
3792 15680 -2396 6 3991 3088
2828 17140 -2692 -810 1070 1660
4020 15768 -3068 -832 -1950 2283
4460 14520 -2300 99 1129 3450
3872 15144 -2364 432 1391 3309
4456 15816 -1904 381 1107 1994
4564 15588 -1648 546 698 779
4980 15872 -1868 170 184 397
4260 15856 -1492 9 -296 -156
4908 16240 -1180 290 -1962 -1664
5788 16324 -1280 344 -949 -2480
5476 14980 -460 414 -1327 -2470
5788 14264 -472 403 -1148 -2148
5456 14948 -608 -100 -1461 -2401
6108 15504 -568 124 -1392 -2942
5900 16700 -528 981 604 -3261
5480 16912 -160 1750 1466 -3529
4884 16316 -104 1651 173 -3016
4092 18344 -776 713 48 -3912
3640 16760 -684 -99 -1245 -4254
1480 16868 -940 -1309 2239 -1859
-1568 16328 -1400 -2909 -1850 2343
-328 14396 -912 -2999 -3316 2894
704 13552 -976 -2204 -19 919
1080 15564 -628 -1554 1360 -67
1060 15392 -384 -1596 207 -814
1980 15160 -48 -1272 18 -29
1760 14852 -204 -781 196 949
2112 15328 -360 -113 21 1394
2348 15356 560 312 -109 2722
1944 15700 1240 1054 -35 1783
2700 15536 1216 1473 1422 1283
2636 15424 1168 1811 1040 824
3628 14196 1104 2591 2683 102
3452 14284 1628 3218 4347 -407
3252 16492 1412 2700 3564 -1832
2584 16528 1600 2598 1707 -1847
2460 16332 180 2635 -625 -534
1788 19280 -720 3449 432 104
1768 20432 -1356 2175 590 -2465
-2008 17124 -3088 -953 -6297 -896
2448 14384 -1980 -1709 -9787 1293
-220 14624 -3368 -1476 -7193 1592
1700 15876 -3228 -1098 -4025 486
1756 15720 -3704 -743 -3623 1722
2628 15896 -2680 -390 -1357 2773
2492 15720 -2636 -67 -2790 3047
3740 16440 -1908 384 -1277 2173
4160 16332 -1668 1120 1091 1963
4600 16276 -1532 1788 5018 2149
3880 15944 -1396 1730 6329 2798
3520 15608 -520 1228 6557 2905
3328 15136 -348 782 3649 3260
4096 16228 -1272 177 390 1700
3940 16236 -804 -339 -824 -145
4832 15212 -792 100 -1302 -822
4768 15020 -712 350 115 -1124
5052 15548 -816 37 -1850 -1687
5160 15336 -748 -170 -3714 -2529
5984 15308 -744 205 -3065 -3206
5348 15840 -544 567 -1161 -3357
5128 16536 -484 285 -3490 -2942
4900 22912 -980 415 -448 -4518
5204 15916 1160 1231 1341 -3468
2036 13672 -388 496 8933 498
-1240 14368 -1492 -2826 -2425 751
1668 15532 -1736 -3399 -5186 540
1016 15452 -1552 -1978 1207 1818
-368 16056 -2076 -1822 -875 2041
884 16200 -1292 -1451 -1692 1338
1676 15516 -444 -549 -681 725
1928 15112 -392 -276 343 533
1820 16016 -160 -390 137 508
2284 15544 272 -69 -822 491
2852 15336 488 832 887 512
2592 15276 812 908 1345 318
2976 14464 768 1139 1055 374
3740 15036 708 1729 2142 363
3876 15760 788 1628 2216 170
4136 15216 544 1679 1694 797
3860 15444 404 1838 1965 1517
4008 15340 528 2065 1994 1301
4352 15792 588 2355 1889 678
4344 15940 456 2830 1842 -214
3560 16060 684 2905 1751 -1123
2792 17960 68 2489 -509 -1273
2648 18672 -716 1249 -340 -1340
1880 18712 -1224 94 -1388 475
2268 16040 -1656 -907 -3475 1821
2416 14184 -2132 -1114 -1614 2431
2200 16064 -3064 -1298 1158 1985
2080 16868 -3552 -1547 4 2089
2576 15984 -3348 -1308 28 2840
2560 15472 -3388 -918 -774 2721
3428 15440 -2408 -140 -1028 1796
4236 15876 -2276 408 583 1317
4048 15488 -1976 562 -192 1369
4604 15540 -1352 661 -315 976
4404 15188 -1224 686 -689 197
4884 15232 -808 873 -839 -741
5184 15232 -296 934 -397 -1712
5412 15196 -484 840 -580 -2285
5464 15704 -128 819 39 -2448
5820 15800 -168 969 1424 -2292
4996 16420 -384 485 1503 -1734
4560 16252 -424 -398 -2202 -1664
5340 15780 -436 8 -2427 -2221
5120 17536 -776 537 -2357 -3046
6376 19064 -16 1073 2700 -3636
4024 18452 -256 930 5739 -3192
808 14496 -924 -748 4107 -1298
-988 15260 -2700 -3531 -1761 773
-972 15636 -2740 -4101 -8040 2821
1832 15928 -1292 -2319 -2136 1986
1276 14580 -328 -362 3854 784
108 15244 -60 -187 5094 99
312 16032 -452 -866 1326 -216
856 15880 -160 -663 1284 151
764 15484 -68 -159 1685 95
1688 15344 168 331 1860 329
1228 15156 -104 1002 2060 603
1452 14560 384 1521 2255 347
1824 15964 220 1474 1849 908
1364 14816 336 1024 226 1347
2212 14932 1012 840 -1665 1515
3420 14148 1708 1369 408 1284
3756 14104 1784 1577 3681 924
4124 15724 1268 1063 4086 -6
2964 17192 1716 1439 3100 -966
2280 17244 1584 1770 -1880 -195
3308 20592 560 1202 -2848 -387
2196 16552 -268 355 -1957 875
880 16080 -1056 -623 -5268 2483
2096 17432 -2036 -1487 -6747 1456
2544 16172 -2344 -1070 -4875 1029
2316 14692 -2132 349 1391 1705
1720 15612 -2488 860 3181 1078
1840 16096 -2380 380 1108 1439
3116 15576 -1720 -68 -1289 1823
3700 15648 -1780 -16 -1351 2125
3788 15280 -1500 478 -1360 2674
3988 15912 -1632 1029 -29 2324
3508 15184 -1384 1379 -379 1612
4172 15268 -1424 1759 -1479 618
4896 16136 -1048 1994 82 -1640
4576 16572 -900 1331 -1140 -2707
5012 15848 -524 338 -3451 -2312
5412 15208 -348 -266 -2828 -1472
5284 14840 -648 -631 -2835 -1352
5704 14480 -928 -759 -3592 -1969
6188 16168 -804 -280 -2125 -2939
5432 17828 -540 -419 -2065 -3453
5628 22756 -824 91 -4073 -3426
6376 16008 1288 2612 6720 -461
1480 15100 -324 1723 15055 352
-1380 13956 -1832 -2164 -1894 -963
1196 15324 -2144 -2936 -3089 -805
52 16344 -2292 -2574 1720 1060
-980 16208 -2392 -2665 -1189 2852
-32 15764 -1208 -1904 -1458 2354
824 14884 -780 -986 147 1180
1432 15252 -476 -534 169 763
2108 16076 -536 -324 -1780 20
2608 15112 -216 526 -1059 -26
2988 15308 72 1520 1369 -321
2412 15352 120 1945 1574 -451
3176 15076 340 1938 1661 -648
3628 15788 80 2280 2400 170
3564 15512 644 2305 2915 877
3284 16112 352 2142 3621 1539
3032 15568 1072 1436 2213 915
3008 15256 1004 1123 1053 1014
3680 16256 704 1454 1372 1792
3688 16508 232 1802 -104 2340
3616 16268 -224 2036 -1869 1858
3392 18088 -516 2014 -447 -383
2484 17900 -1128 796 -1007 -1303
2896 16820 -1996 -768 -6222 40
3788 14796 -1808 -615 -2776 1741
3004 15824 -3136 -543 1784 2316
2592 16956 -3860 -1077 570 2079
3364 16172 -3844 -858 343 2391
3016 15660 -3688 -500 756 3166
3352 15460 -2860 -860 -1072 3083
3932 16392 -2488 -1319 -2333 2643
4228 16028 -2448 -1159 -4192 2641
5448 14868 -1724 197 -1046 1695
4784 14772 -1708 1379 2133 -360
5452 15648 -856 2059 2726 -2711
5600 15840 -752 2141 3936 -4573
4916 15464 -648 1699 2120 -4138
4960 15496 -624 727 727 -2476
5908 15480 208 -464 1247 -2730
4684 15740 -308 -1583 -2164 -2725
6104 16812 -636 -1319 -3292 -1454
5460 16980 -484 139 -152 67
4420 15772 -356 842 -88 375
4748 17800 -504 685 -947 -693
4196 18680 -740 858 -554 -2913
3276 15604 -928 1116 1761 -2426
-396 15520 -1076 -184 2871 -1629
552 15520 -1516 -1942 -2698 289
-200 15152 -1576 -1977 -1478 2471
920 15204 -1256 -1792 -933 1205
1132 15284 -1148 -1091 699 735
1392 16200 -792 -897 323 357
2116 15904 -600 -692 -970 389
2080 15968 -232 -162 902 1015
2148 15728 312 113 733 901
2128 15492 548 417 1524 672
2252 15216 952 672 3035 799
2008 14820 1120 722 3432 136
2944 15352 1020 1214 3329 37
2724 15176 280 1504 5062 -280
1980 15140 244 1240 1868 474
2532 14920 528 1280 -87 482
3092 14828 660 1941 577 139
2704 15920 544 2448 -71 -680
2772 16592 220 2638 -2690 -923
3456 20240 -152 2770 -1878 -1320
2932 18240 -816 1643 -1871 -702
2024 15920 -1296 179 -5516 1931
3224 14952 -1672 -190 -3036 2323
2468 15600 -2464 -55 1955 2331
2360 17684 -3252 -542 2468 1993
2116 16620 -3480 -964 949 2349
2344 15864 -3164 -831 1190 2302
2324 14640 -2556 -531 722 2313
3464 15900 -1972 -186 652 1961
4080 16600 -1680 98 1215 1634
4228 16168 -1568 273 1321 2390
3804 14924 -1672 130 269 3111
4048 14808 -1552 111 -493 2468
4156 15504 -1496 -17 -944 401
4496 14860 -1588 182 -2451 -1179
5428 14880 -1108 863 -682 -1934
5656 15172 -532 1299 135 -3106
6072 15816 -32 973 678 -4313
5568 15980 416 659 -169 -3959
5780 16360 452 901 -763 -2257
5104 15696 488 1145 -336 -2015
5404 20068 -480 910 -674 -2769
4784 19660 -748 1490 956 -3155
3876 15068 -628 1854 8810 -1329
-2084 14012 -1784 -1318 1855 341
-36 15528 -3200 -4045 -7947 1526
2056 16664 -2188 -2534 -2004 2349
-348 15708 -2176 -488 3943 2698
-372 15628 -1964 -806 -9 1538
948 15608 -688 -1060 -3022 450
2592 15848 -128 -750 -1496 248
2384 15368 136 -639 345 536
2524 15944 -208 -843 574 436
2772 15696 124 -478 557 476
2976 15256 56 -247 921 371
2840 14388 668 362 716 388
3276 15776 268 418 787 62
2808 15376 128 597 556 1172
2984 15056 528 1292 -350 1346
3468 14664 1324 2311 1473 -142
3268 15252 1200 2846 2200 -1734
3156 15988 708 2874 684 -1617
3112 16656 616 2651 -755 -1185
2812 16124 508 2614 -3899 -379
4640 19192 768 2892 -1245 -758
2840 18516 -516 1403 1129 -709
3124 16380 -700 -651 -3645 1404
1900 15084 -2480 -1607 2841 1460
1116 16496 -3468 -2293 301 1439
1220 16604 -4028 -2412 -2642 1494
1236 16568 -3864 -1666 -1597 1175
1048 15900 -3356 -540 -1201 899
1392 15896 -3108 11 -925 25
1772 15704 -2384 695 -567 -220
2008 15528 -2020 1112 -1362 -609
3608 15304 -1372 1100 -1245 -1114
3912 15616 -1440 1082 -1195 -769
4620 16336 -1264 1005 -1839 -351
5028 16216 -652 1751 276 -154
5420 15180 -680 1709 2173 1295
3432 15800 -440 1128 2474 2013
2800 15644 -444 146 -708 1455
3700 15720 -412 61 -1678 -350
3236 15712 -608 345 -1490 -2446
4656 16688 -600 660 -3128 -4045
3024 18456 -1028 689 -2134 -4536
4364 20804 -824 679 -877 -2976
2152 16928 -600 892 4019 -1596
932 13956 -1876 -1122 545 -359
-484 14548 -2456 -3214 -4111 1200
1532 15780 -1844 -3367 -6806 1932
624 16128 -1560 -2020 -1364 2733
144 14856 -528 -1104 719 1930
1352 14900 944 -1645 -348 883
604 15676 -284 -3885 -9193 1306
5600 15980 484 -3691 -10519 1712
3508 14592 1168 -1492 1268 2812
3488 14632 -308 -434 1990 2605
3056 15504 -116 388 3024 2022
3900 15120 -192 1235 557 2193
3428 14436 512 1844 1347 2842
4440 15156 628 2278 218 1899
4880 14568 1576 3146 1316 711
5652 14660 1544 3694 3753 -830
4796 15272 1308 3516 4493 -1687
4592 16100 1064 3326 3839 -1681
3724 15840 96 3426 1308 -502
5064 19820 -216 4184 3538 -1705
3132 18400 -1384 3282 4783 -2923
2240 17808 -1864 793 -1947 -768
2480 15468 -2940 -726 -2720 613
2832 15172 -2316 -874 -1866 1600
2452 16540 -3848 -1549 -370 1286
1996 16868 -3780 -1278 250 1425
2504 16508 -3304 -1002 901 1741
2444 15120 -3028 -722 -991 2040
3136 15600 -2392 -200 -1535 1488
4296 15788 -1940 500 1204 974
4216 15764 -1472 908 3040 1107
4264 15456 -1128 768 2035 1683
4676 14908 -1272 516 223 1401
5364 15440 -1264 566 1081 204
5064 15636 -868 904 869 -1124
4856 15040 -820 1116 1294 -888
4892 15560 -728 962 1462 -364
4084 16036 -496 135 -1038 -1059
5296 16220 -644 -443 -3525 -1875
5072 16012 -440 225 -2209 -2515
5272 16704 -648 950 -2758 -3157
5244 19400 -588 1080 -2276 -4217
4672 17304 -400 1552 2177 -3121
472 15252 -1024 126 4722 -2080
516 15280 -1440 -2292 -5392 -1153
1784 15740 -1776 -2495 -3444 1715
832 15152 -960 -1841 -295 2451
728 14312 -1324 -1747 -331 1836
1852 14924 -916 -1333 645 1136
2008 16292 -920 -842 1059 726
1936 16184 -892 -238 519 1169
1892 15572 -456 40 1043 1427
2044 15452 -396 434 720 1319
2456 15388 -120 595 681 947
2892 14928 112 1534 1525 714
2744 15676 340 1779 3392 916
2964 16144 -92 1415 2315 876
3132 15552 -64 1373 1202 1327
3344 15852 -84 1446 337 1126
3924 15404 36 1852 127 379
3840 15508 156 2533 1018 -196
3476 15908 -28 2629 202 -1294
3064 16640 -224 2703 -2052 -1319
3760 16472 -412 3095 -3121 -1238
4732 19344 -784 3216 513 -2326
3440 18464 -1172 1389 231 -838
3412 16508 -1992 -1039 -2400 848
2440 15568 -3076 -1619 3586 1558
1744 15896 -3324 -1752 1587 1102
1288 16436 -4264 -1967 1038 782
2060 16052 -3436 -1534 1778 1321
1556 16100 -3216 -1148 964 1798
2500 15068 -2408 -1016 -1435 1680
3464 16100 -2164 -1086 -1439 1452
3256 15436 -2016 -921 -1574 1252
4176 15312 -1852 -466 -1061 639
4288 14984 -1604 91 -20 229
4404 15924 -1472 694 1228 286
4336 15360 -1500 1030 -131 49
4988 16164 -1416 1533 353 -278
4908 15644 -1012 1755 1339 -566
4504 15272 -1100 1661 -246 -539
4544 15516 -1200 1595 -1614 -606
5172 16920 -260 2404 -81 -2039
4420 17452 248 1930 -1008 -3074
5048 20592 -652 41 -2370 -4914
5264 18056 104 -937 -1995 -6203
3488 15176 -900 91 10467 -1496
-1480 13276 -2296 -2826 1137 2192
460 14056 -2360 -3925 -8394 2624
2360 15972 -1984 -2425 -3858 2328
1096 15636 -1560 -849 1055 2950
1232 15720 -1032 -436 1292 2842
1312 15384 -380 -149 1058 2409
1484 16332 -48 -183 474 2266
2584 15620 -44 182 488 1987
2020 15396 -56 -27 -1317 1474
4028 15184 576 180 -731 1126
4424 15744 116 573 1679 1351
2900 15928 24 258 2752 1948
2376 16084 -400 46 -725 1479
3836 15292 -400 577 -3106 1181
5140 14880 48 1198 -987 -231
5100 14524 372 1935 717 -1178
5412 15388 220 2624 1925 -1283
3860 16528 468 2724 940 -1655
4176 15396 32 3172 55 -2930
2968 17264 68 3471 143 -4834
5760 19168 -1124 3024 2298 -5330
1408 17532 -1224 1793 1430 -2530
4112 16324 -1508 99 -1488 982
2584 16284 -2324 -1187 5107 2287
1304 16520 -2856 -2183 2258 2959
1912 15576 -2600 -2689 -662 2520
1936 15916 -2776 -2829 126 2482
1476 16704 -2448 -3225 -2440 2874
2296 15912 -2656 -2889 -4904 3950
3388 15472 -2492 -1632 -2103 4369
3456 16108 -2748 -483 -502 3794
3452 15584 -2428 638 341 3310
4064 14620 -2256 1566 -269 2596
4912 14864 -1720 2118 708 97
5132 15512 -1232 2689 -1020 -2821
6408 15812 -436 3217 -199 -4789
6368 15860 -332 3156 838 -4113
5208 15652 -80 2461 -758 -2014
5888 16024 204 1815 -1908 -1372
5844 16156 16 1230 -677 -1912
5556 16428 -72 473 -1096 -2340
5292 16056 -516 -112 -1920 -2167
4804 18828 -1220 -694 -3664 -2308
6096 16900 -956 167 -679 -1234
3428 15192 -1544 311 6610 -942
-720 15600 -2368 -1803 -1067 1
1384 17376 -2300 -2841 -1357 691
464 16076 -2192 -1748 2167 2701
-164 15172 -2624 -1859 992 1979
1124 15692 -1960 -2169 -2169 689
2044 15700 -1692 -1509 -1323 225
2860 15496 -1228 -660 1274 350
2952 15868 -1176 -106 1382 1276
3584 15600 -988 452 2240 2070
2688 15612 -584 1203 2786 2052
1844 14400 692 1293 1844 363
3212 15760 1984 116 -2948 -1521
5024 16524 -132 658 4914 608
3124 15540 -524 538 2058 2182
3652 16168 -860 857 -261 2007
4048 15228 552 1276 -2758 1573
5472 14024 920 1664 2128 460
4228 14456 -16 2250 6795 -1227
3496 15912 -652 2450 3207 -1591
3396 15816 -408 2603 -1599 -291
2656 16976 268 2110 -7528 315
6052 19852 -288 1744 -4690 -707
3040 18024 -684 438 -2437 -703
4016 15864 -1524 -623 -4141 908
3096 14044 -2776 -541 1304 1474
3488 16072 -2796 -133 5377 508
1976 16984 -4028 -873 2321 236
2800 16140 -3648 -891 1075 1016
2316 15380 -3300 -273 1059 2124
2836 15324 -2480 -84 517 1536
3008 15236 -2488 -182 -1135 1201
3800 16272 -1720 254 -1720 491
4492 16080 -1400 507 245 -123
3992 15516 -1056 450 277 272
4352 15568 -1416 -74 -671 148
4108 15308 -1436 -715 -1064 -464
4348 14724 -1480 -873 -2071 -699
4504 15848 -1896 -741 -2604 -413
5008 16068 -1372 -298 -3451 -893
5732 16252 -988 535 -1622 -1901
5564 16580 -364 1565 69 -2743
5228 16592 -132 2364 1359 -3173
4848 17492 -340 2640 1132 -3869
5008 18456 -152 2317 401 -4540
5028 17080 -444 2506 7301 -3223
172 16192 -1224 707 5398 -1554
724 14288 -1684 -2213 -1466 -626
-692 15768 -2660 -3584 -960 1278
-288 16336 -2044 -3695 -3829 3066
1084 15892 -1732 -3152 -563 3360
816 15764 -1196 -2655 -75 2681
1236 15256 -768 -2000 612 2383
1444 15132 -364 -1433 1449 1922
1840 15448 -316 -858 1892 1146
1944 15764 -136 -346 2054 1011
2108 15292 -236 152 1000 953
2248 14660 296 812 1970 226
2620 15520 220 1120 2032 461
2540 15248 416 760 1545 336
2612 15264 24 548 -296 1330
3132 15520 340 996 -1110 1584
3596 15372 488 2111 322 833
3964 15628 1040 3032 1880 24
3540 15956 676 3187 833 -301
3724 16200 492 3075 -1139 -328
3556 15780 608 3122 -2655 -184
3432 16040 700 3033 -4482 -576
5296 18700 308 2380 -3298 -1207
3156 17908 -524 1275 -1473 -63
3940 16760 -1176 -366 -2332 1027
2860 14828 -2596 -893 2143 922
2736 16840 -3148 -1216 3135 512
1656 16696 -4116 -1881 -948 794
2500 16248 -3352 -1855 -1179 1473
2188 15520 -2908 -1276 -1180 2139
2364 15968 -2884 -978 -1455 1425
2688 15464 -2400 -939 -2743 1024
3840 15776 -2096 -742 -2986 436
4148 15160 -1712 -36 -78 48
4264 15712 -1736 555 538 328
4568 16172 -1476 925 391 -428
4800 15368 -1280 1318 656 -994
4804 15388 -924 1273 1456 -693
4104 14380 -600 953 117 457
4888 15004 -48 333 -672 895
4624 15780 -364 -316 -2019 -282
5608 16740 -428 -236 -3409 -2272
6180 17132 208 953 -614 -3893
5436 17184 368 1551 243 -4151
5504 19300 40 1203 -21 -4085
4836 17036 -196 1571 1197 -3858
2668 16172 -520 1491 8320 -2997
-1152 14700 -2308 -1458 1273 -851
-1480 17092 -2892 -3638 -6150 1567
204 15180 -1628 -2942 -4857 2733
20 14456 -1416 -1595 32 1771
732 15156 -1272 -757 327 193
2056 15356 -896 448 3032 -202
1556 14900 -904 878 3515 33
1776 15964 -664 483 2582 497
1648 16512 -516 237 1305 1299
2152 15724 -204 474 1412 2367
1900 16240 -356 631 3320 2471
1956 16028 -176 760 2946 2113
2408 14976 -444 1209 3234 2674
2944 14144 -324 2227 4445 3138
2676 15140 -596 2878 4764 700
2924 15532 504 2942 602 -1019
3928 16008 640 2835 943 -954
3008 17684 76 2397 -502 -878
2768 15944 -68 1858 -5780 134
5388 19228 -648 1299 -5794 -1020
2268 19124 -1608 -202 -2762 -1129
3220 16564 -1796 -1616 -7476 742
2812 14800 -3224 -1134 2090 2221
1540 16344 -3220 -1178 2902 1550
1316 17320 -4424 -1570 -588 1152
1488 15996 -3932 -1049 851 1472
1280 15748 -3084 -859 298 1275
2032 16204 -2196 -1288 -1165 1084
2772 15780 -1464 -1195 -1050 1033
3584 15336 -1192 -765 854 475
3460 15196 -1104 -300 1452 635
3660 15584 -1320 -196 333 861
3980 15116 -1376 -145 -892 1313
4272 15192 -1424 175 -942 1430
4992 14972 -1876 918 9 446
8124 15676 -200 4513 17909 -1645
1776 16308 -1036 4269 14107 -1517
2236 16416 -804 1741 1972 -1080
2680 16552 716 784 -5511 88
3072 16588 1140 1147 -6927 -504
3180 16412 1044 778 -7802 -2402
6924 18596 172 1143 -4960 -5134
6604 17592 1204 2872 10065 -5900
2416 17680 -984 1149 11869 -3549
-3176 13176 -3624 -2627 2817 1226
-956 14608 -5068 -5474 -10805 2095
-284 16164 -3752 -4699 -13498 2572
2140 16572 -2848 -2910 -8721 2804
2984 15348 -1892 -1106 -2000 4399
3188 15948 -1396 244 2588 6553
3152 16096 -880 738 3402 6984
-552 16668 3068 -1652 -3032 3422
3100 15176 1492 -2161 -4248 857
5100 15116 -496 -1300 -294 614
4928 14216 -916 -320 166 846
5228 14172 2276 -35 -1433 2706
4632 15748 944 -1390 -4181 3526
4940 15184 600 -2091 -2030 2108
4220 14100 792 -1287 -2303 -554
4376 13868 692 -51 -4416 -2722
4988 14136 508 789 -2370 -5220
5372 14584 628 2175 -901 -6785
5504 15544 1120 3463 1110 -6752
4816 16508 1604 3939 1733 -5270
4504 17156 1076 3699 -212 -3145
4984 19416 432 3471 2220 -2066
3732 16740 -816 2708 2890 -508
2724 16844 -1692 1353 1042 810
2380 15376 -2272 223 -1471 970
1944 16248 -3076 -475 -397 1130
2000 16296 -3252 -406 739 2510
2324 15284 -2872 -306 2210 3398
2964 15492 -1864 -905 2080 3318
3008 15680 -1892 -2077 -137 3685
3424 15684 -2112 -2731 -3152 4745
4020 16124 -2396 -2314 -3083 4482
4296 16492 -2280 -1106 -1197 3316
4272 15256 -2308 353 456 2000
4428 15152 -1916 1574 1465 123
4500 14996 -1072 2279 1738 -2058
5168 14656 -792 2198 684 -2933
5108 15896 -172 1545 -335 -3726
6184 15516 8 1091 -1499 -3846
6096 16020 -96 874 -540 -3906
5928 15876 -296 710 -977 -3704
5836 16092 -592 1042 -1175 -3527
4804 16408 -240 1506 -1071 -3497
5976 18976 -340 888 -896 -3301
3028 19164 -1176 176 -2012 -3236
3460 15476 44 861 3419 -1310
-16 15156 -556 -579 6261 861
-1372 14988 -1628 -3008 -2371 1982
1248 14944 -1528 -2911 -1670 2413
320 16488 -2080 -2206 -939 2321
904 16016 -1888 -1478 242 2014
996 15844 -1216 -664 2131 1536
1412 15832 -904 -311 1208 1038
1876 15892 -216 -276 2085 779
1368 15760 40 -224 1225 975
2452 15188 -236 57 1667 1107
2108 15104 340 223 1604 643
2660 16392 -52 635 1050 422
2572 14756 464 1001 1883 1056
3112 15548 -72 1014 1047 536
3668 16416 -204 1220 696 792
3996 14912 324 2154 1198 1502
3760 14316 232 2711 2250 1604
4096 14924 416 2634 1963 374
4088 15356 516 2647 572 -23
3940 16948 720 2996 481 -751
2876 15884 992 3129 -1808 -1178
5356 19916 384 2738 963 -2404
2060 18976 -1100 1476 1986 -2313
1608 16804 -2472 -800 -3349 -234
2072 13612 -3332 -1297 -1582 1291
676 16680 -4240 -1447 1765 500
960 16844 -4652 -1600 -3168 454
1500 16760 -3932 -894 -2314 1160
1804 15560 -3192 32 -954 925
2316 14972 -2012 864 749 919
3188 15304 -1388 443 1453 49
3380 15924 -1324 -522 -518 44
4476 16472 -1684 -1586 -2279 2071
3744 16168 -1508 -1639 -2823 3457
3720 15952 -1760 -1398 -2367 3714
4316 16124 -1760 -236 -618 3307
4412 15812 -1876 1023 1753 2368
4480 15372 -1556 1805 2340 1292
3944 15348 -1168 1316 713 -563
4744 15000 -648 687 -2671 -1923
5860 15556 436 680 -1602 -2947
6088 16020 808 1001 229 -4040
5572 16212 372 951 997 -4911
3924 16916 -316 336 -3107 -4458
5284 20216 -960 112 -2171 -4974
4864 17748 -996 1028 1442 -3804
1148 14824 -1180 844 7258 -1041
-1540 14228 -1840 -2160 -1038 1662
-224 14748 -2060 -3734 -6609 2172
1784 15964 -1624 -2401 -2726 2703
604 16388 -1732 -1152 1584 2683
280 15940 -804 -1105 944 2004
452 16260 -648 -1251 -1331 1039
1248 15900 128 -757 347 430
1328 15424 252 -627 6 598
1256 14716 224 -349 1370 174
1948 14744 84 377 2090 -867
2804 15488 316 953 2202 -427
2680 15476 744 1664 2104 2
2616 15636 676 1366 1678 966
2724 13824 1068 1573 456 625
3340 14404 904 1784 1783 -225
3396 15736 536 2139 1359 -97
3880 16172 376 2483 1627 448
3244 16660 432 2734 379 1081
3192 16140 720 2821 -707 805
2912 17288 936 3009 -1221 583
2228 19620 -20 2223 639 -698
284 17148 -144 982 567 10
1936 15944 -1928 -629 -2111 246
2728 14836 -3024 -1345 838 569
1588 16476 -4452 -1623 -797 1024
2372 16924 -4312 -1309 -1861 1049
2424 15560 -3276 -335 -929 1538
1916 15676 -3216 -17 -114 2417
1648 15728 -3000 -229 -2911 2677
2928 15964 -2288 -269 -3375 1697
3276 15808 -2212 -255 -3307 1067
3896 16188 -1824 -24 -1373 832
4032 16428 -1836 216 -1422 340
4020 15696 -1948 428 -1563 548
4844 15292 -2192 945 -738 1072
4512 15544 -1704 1427 -245 277
4756 15212 -1512 1426 -528 -1211
4880 15404 -1116 1152 -1243 -2125
5248 15776 -1080 959 -1637 -1928
5092 15736 -908 954 -1555 -1806
5184 15644 -544 1149 -818 -2554
6092 16624 -280 1320 732 -3692
5112 17272 -64 1005 1068 -4127
4572 16244 -1028 -318 -3242 -2188
3868 19964 -1360 -689 -1167 -2776
4228 16824 -1544 -538 -816 -3542
1908 16384 -1048 217 8938 -240
-2344 15236 -2860 -2694 761 2634
-736 14388 -2196 -3742 -4622 4287
284 15708 -2644 -2895 -2741 3334
652 16560 -2528 -1868 1059 2409
292 15812 -1480 -580 1827 955
1096 15628 -1472 -278 1793 289
2156 16108 -824 52 1569 -161
2784 15808 -672 648 3328 348
1732 14972 -420 773 3429 919
1708 15256 -340 1032 2913 520
1968 16268 -276 1186 3398 463
2060 15836 -484 959 2316 1137
1860 15216 -596 922 279 1258
2740 14704 -408 1788 1439 733
2988 15056 -160 2687 2555 -863
2912 15644 -12 3026 1669 -843
3116 15984 52 3194 953 -348
3028 16468 -232 3188 -461 -462
3456 18108 -96 2595 -3257 -1034
3400 19348 -972 1711 -3388 -989
1896 17036 -560 1184 -4953 426
2848 15900 -1064 201 -7012 776
3600 15184 -1624 -521 -725 759
2216 16728 -2488 -868 5602 342
-424 17144 -4712 -2589 -860 34
2960 16808 -3988 -2375 -2527 1382
1816 14412 -3104 -1209 774 2174
1316 14420 -3376 -832 -252 2203
1672 15552 -2812 -1121 -1850 1199
2692 16032 -3140 -785 -3867 799
3352 15320 -2600 -57 -1236 662
3848 16792 -2668 6 -733 271
3704 16648 -2032 348 -1255 72
4716 16020 -1800 752 -482 -116
3872 14744 -1584 560 -277 189
4744 14092 -1164 374 -2002 955
4752 14288 -928 464 -1328 202
5224 15428 -1092 658 -534 -1370
5244 16744 -900 902 -1145 -3208
4576 18192 -452 1284 -3020 -4072
6244 21880 -364 1473 -1556 -6224
5016 19800 -588 1983 2051 -7252
2268 14460 124 2336 12860 -1749
-5124 15696 -3248 -2367 -850 1218
-356 15976 -3428 -3925 -8174 2542
-316 15336 -1668 -1600 2496 2657
-1844 14880 -1844 -852 3740 1880
-564 15076 -1900 -1592 1075 813
700 16420 -1128 -1851 -305 390
2096 15980 -1124 -1005 3073 801
1428 15372 -1264 -556 4385 1134
1360 17268 -704 -665 4530 1937
-3028 17000 -2584 -1196 -11281 3908
4468 13580 -232 1018 1709 3175
2212 14168 -960 2653 7175 2650
4216 14820 -336 3046 5299 1497
4040 14800 -608 2863 4053 1093
4684 15420 -696 3239 5796 2681
3388 15392 -344 4224 5545 3566
1624 15692 1112 3096 3740 1214
2540 16420 780 2432 1287 -2104
3892 16608 -564 2068 -1404 -1660
4796 18504 -1068 1496 -1833 -713
3764 17096 -1656 497 -2395 -1985
2108 17868 -2468 -1418 -5427 -2102
2196 16940 -4060 -2533 -6111 -810
3600 16800 -3552 -2294 -3655 1698
1208 16508 -4312 -2099 -1269 2297
620 16120 -3696 -2256 -3076 2237
2884 15476 -2704 -1952 -2322 2460
3804 15768 -2236 -1496 1858 1792
2016 16360 -2264 -1848 -974 2953
3984 15212 -2180 -1645 -3390 3960
4668 15272 -2144 -964 -197 4236
4116 15596 -1776 203 -383 2727
5480 15072 -1416 1215 424 273
5180 15116 -668 1557 807 -2056
2832 15596 1940 216 -3429 -2469
4468 16220 48 -2361 -11968 -3030
6500 14944 828 -2560 -6744 -2792
5444 15436 188 -2176 -3567 -2897
5844 16044 -1208 -2288 -3323 -4014
6228 17008 -1336 -867 -843 -5578
6076 17284 -1088 1054 3119 -5613
5496 19708 -1320 2308 5122 -4591
4528 17236 -488 3560 7986 -2154
960 14664 -84 3221 10684 -1553
-2096 12864 -292 409 817 135
-1772 15632 -1208 -1786 -4080 1996
-732 16196 -760 -1534 -2399 2240
-728 16228 -564 -868 749 1113
-364 15048 -336 -745 -574 356
776 15124 -172 -732 -711 -82
2392 15260 -224 -324 434 685
2356 15464 -156 144 2565 1113
1684 15548 -324 172 2261 1889
2192 14692 -136 428 1690 2079
2108 16192 32 959 1960 2386
2540 16132 312 1477 3288 1794
1744 15368 32 1346 3452 2111
1884 15824 108 1519 1516 1477
2916 14772 -288 2636 889 1107
3428 15044 -280 3649 3088 -53
3212 15660 -248 3813 3531 -1504
1712 16632 152 3481 769 -1227
1376 16604 -300 2919 -2609 -714
2864 19912 -760 2743 -2666 -1443
1168 17964 -1716 1880 -1665 -1432
916 19500 -2040 237 -2844 111
628 16592 -3972 -1867 -22 -135
-188 14628 -3680 -1815 -2633 583
436 15736 -4956 -1803 -3280 826
1188 15776 -4720 -1890 -1579 1711
1724 15388 -3220 -1717 -2275 2143
2076 16072 -3508 -1793 -3260 2099
2464 15228 -1844 -1158 -2692 2443
3864 16404 -1780 -472 1551 2011
4312 15768 -1524 -251 4047 2454
2964 15280 -1108 -335 3638 3043
3364 15588 -1448 -784 176 2194
4392 16512 -1864 -48 149 1408
4304 16180 -1716 1213 2650 1697
3936 15124 -1312 1949 3134 1991
4372 15308 -1368 1743 2774 1507
6180 16184 -1200 1894 2168 -1538
5156 14180 -752 2788 4452 -2225
4912 16064 -48 2594 3574 -816
4732 17040 -56 1474 1857 -679
2908 17444 448 633 -3910 -1309
4144 19176 44 -844 -10374 -3604
4544 17436 -760 -782 -4904 -4547
2404 15224 -1636 -889 3038 -3394
96 14484 -2204 -2817 -2859 -1171
1352 16532 -1924 -3633 -6044 -40
2592 15900 -1332 -2364 -1123 1024
-200 14552 -1652 -1769 784 2160
1036 15196 -1220 -1787 -1820 725
1436 15684 -1116 -1256 -1526 129
1812 15580 -580 -168 797 -925
1268 14904 -4 148 378 -1609
2032 16228 472 774 2184 -1082
2576 15692 212 1235 2959 -394
2452 15684 420 1431 2381 436
2916 15944 648 1703 3666 1087
1972 15084 204 1514 2004 1186
2352 15388 16 1487 1105 1096
2756 15472 276 2000 1637 1323
2828 14460 356 2627 2504 946
2752 15464 276 3050 3543 -301
2736 17084 348 3145 1564 -970
2484 16952 444 3108 275 -946
2308 17812 24 3252 510 -1399
1876 19480 -1156 2018 1562 -2725
-100 17444 -2276 -1107 -5779 -343
2232 14832 -2184 -1804 -7164 1264
1664 17096 -3416 -1424 2380 897
308 16608 -4208 -1688 79 1201
772 15488 -4308 -1564 -4129 2252
1052 15244 -3696 -767 23 2362
1168 15812 -3360 -443 -1378 2431
1684 16036 -2940 -469 -3187 1398
3220 15872 -2428 -261 -2113 1696
2736 15988 -1816 307 -348 1135
2720 15884 -1868 75 -341 1037
4024 15876 -1900 -179 -1041 1679
4116 16436 -2012 -81 -320 1524
4808 15496 -1404 611 1226 1231
4976 15800 -740 583 2956 884
3984 15560 -736 236 3700 1112
3656 15776 -508 95 -544 1183
4392 16376 -992 408 -1012 -674
4920 16152 -284 1013 -1368 -3900
4244 17192 -120 1199 -1738 -5962
3540 20336 -828 1243 294 -6805
2632 17056 -776 549 865 -4939
-788 15416 -1272 -1085 -836 -2495
-444 14272 -1780 -2736 -4543 -1439
-384 15548 -1700 -2620 -6079 -38
320 15104 -1200 -1625 -2143 317
52 14544 -920 -1118 -1943 147
640 15844 -468 -732 -915 15
576 15940 272 -483 -363 -201
1468 15900 1244 -289 1404 837
544 16076 1056 -609 2330 1777
908 15100 716 -1186 1350 2460
612 14648 880 -710 2426 1420
2276 15016 336 513 3001 1546
1524 15288 396 614 4317 1440
1792 15188 700 891 2950 1592
1440 14852 168 1661 3150 1380
1476 15148 304 2210 2725 538
2532 14736 832 3475 4390 452
2404 15328 456 4067 5645 -133
2200 17172 408 3352 2077 -609
1800 16868 -104 3079 -888 886
1980 17148 216 3319 -473 638
1208 17216 -248 2430 -178 -787
976 19324 -952 433 -3915 399
1924 17732 -2516 -1352 -2619 972
-212 15316 -2672 -1087 2196 1999
448 15432 -4112 -1810 -2182 1707
-304 15984 -4604 -1524 -4255 2079
1532 15872 -4452 -1490 -5902 2284
1288 16532 -3524 -1193 -4191 2214
1876 15812 -2296 -573 -4838 1188
3040 16416 -2140 447 -3119 206
3632 16604 -1564 1008 1607 -577
3240 15708 -1188 1185 2971 -293
3252 15816 -1192 716 2131 484
3116 16332 -1460 -30 431 152
4172 16424 -1568 -114 -613 548
3800 15704 -808 559 891 1114
3580 15212 -780 442 1722 1586
3680 15212 -872 -134 -1523 1488
4652 14996 -1016 -121 -1894 590
4372 15332 -884 436 -1657 -986
5040 15956 -488 1072 -1363 -3199
4376 17364 -392 1011 -3281 -4184
4856 20252 -48 738 -2834 -4710
4888 16824 148 1672 2802 -3343
504 14460 -916 748 9020 -1584
-1032 15856 -2184 -3219 -4519 -764
528 17348 -2340 -4015 -7848 827
904 15460 -1328 -1939 501 2215
-1316 15132 -1588 -1916 1633 1097
584 16220 -476 -1883 -1987 327
1152 15948 -392 -1226 21 373
1456 15556 224 -605 1651 247
1308 14784 504 -239 1927 -438
1480 14216 332 316 4578 -783
1044 14672 212 257 3662 -757
1876 15380 160 900 3022 455
1744 16244 -172 1012 2721 1293
1416 15560 424 1202 999 2136
2040 14092 676 1790 2412 1208
2248 15200 740 1776 1539 35
2608 16768 576 1882 -836 291
2872 15292 1096 3363 2075 433
1564 16012 836 3884 1528 -836
1612 17360 -88 4203 -831 -1420
2976 21384 -84 3434 2114 -2669
-484 18440 -1256 447 -482 184
576 15584 -2028 -1631 -7609 3071
800 13912 -2900 -1483 -2973 3599
680 15280 -3600 -1407 -151 2121
-208 14848 -4548 -1112 -1937 2430
672 16536 -4084 -921 -3105 2860
1832 17252 -3688 -798 -3914 2646
2668 16468 -2592 -93 -2671 2342
3476 16000 -1904 404 209 2560
2744 16364 -1492 824 983 1257
3652 16900 -1004 770 2618 -611
3792 16620 -1108 612 1901 -527
4344 16064 -916 556 1816 987
3768 15564 -884 435 2694 2859
3960 15408 -1112 357 1165 2768
4104 15088 -1060 172 675 1232
4260 14800 -1336 120 198 55
4444 14656 -1184 241 -1374 -345
4388 15696 -1264 153 -1855 -1317
4668 15920 -572 423 -3091 -2829
5356 16056 -280 1442 -1597 -3811
4588 16540 84 1767 -1885 -4108
5480 17428 -416 1167 -3236 -4114
4292 21408 -1208 896 -2629 -5102
4432 14456 -20 1932 4818 -3901
-1448 14880 -1840 -569 5756 -1283
-1340 16508 -2716 -4547 -10291 913
1708 15824 -1060 -3437 -5169 3062
-400 15424 -1796 -2161 957 2399
176 15700 -1332 -1814 -1498 1166
1588 15316 -1424 -845 1995 524
812 16192 -1180 -759 1552 802
1732 15808 -596 -672 -698 955
2480 14816 -248 357 1969 1119
1904 14524 -280 849 3407 1104
2152 14704 156 1093 3541 706
2492 16696 312 1100 2998 392
2980 15852 220 1468 2680 1510
2980 14888 100 1645 2512 2128
2956 14832 240 1851 2399 1260
3132 14888 380 2505 1801 371
2812 16008 284 2790 1655 -868
2356 16564 332 2949 -667 -869
2496 16276 -332 2936 -3249 -606
3596 20660 -564 3018 -824 -2288
1984 18328 -1668 1637 -291 -831
2452 15768 -1860 -344 -3887 1600
2348 14892 -2924 -1231 -2694 2017
2192 16288 -3420 -1569 433 1918
1040 17308 -4632 -2334 -1694 2828
2072 15956 -3544 -2183 -3577 3629
2704 16200 -2936 -1492 -2368 3791
3560 15396 -2608 -683 -971 3887
4604 16044 -1864 556 3494 2794
3892 16084 -1688 793 4879 1592
4020 15588 -1300 348 2868 991
4256 15496 -1084 203 1484 712
4528 15084 -1292 606 2477 160
4540 15784 -1492 861 3025 -909
3932 15460 -776 926 2412 -1931
4028 14896 -508 717 962 -1986
4000 15252 -656 40 -1590 -2171
4504 16000 -900 -146 -3970 -3012
4792 16152 -1000 747 -3410 -3719
4180 16784 -192 1885 -3370 -4080
6112 18688 -520 2276 -1913 -4901
4316 18628 -940 3287 3130 -4459
2128 16916 -308 2653 7803 -3172
-100 13976 -1412 -599 -161 -1534
60 14124 -2332 -3188 -4159 521
-428 17228 -2756 -3562 -5326 2810
344 16148 -1604 -2386 -2500 3783
-784 15556 -1328 -1698 1037 2921
-348 16108 -1088 -1775 -937 1583
1108 16388 -1008 -1412 -323 825
908 15628 -520 -826 604 520
1484 15340 -348 -526 537 92
1624 15376 36 -188 641 238
2028 14740 252 555 810 83
2548 15276 220 1244 2397 183
2280 15192 456 1450 2026 -72
3064 15696 300 1747 1756 330
3276 15412 164 2333 1424 1232
3076 14848 224 2803 1845 785
3124 14960 504 3376 2579 -175
3484 15844 532 3634 2844 -614
2264 16616 216 3176 693 -488
2180 16572 -320 2832 -1762 -120
2380 20100 -1192 2509 324 -1087
-440 18264 -2364 840 -1090 379
640 16244 -2988 -647 -8392 1867
2124 15476 -2692 -412 -3290 720
936 16504 -3112 -566 -1397 448
2000 16052 -3460 -1137 -2377 1055
1880 16080 -3228 -1163 -573 1141
1504 16156 -3548 -1205 -2 1147
1736 16396 -3372 -1213 -1113 1285
1620 16208 -3228 -1252 -1586 1727
2472 15752 -2588 -1152 -2686 1481
2324 16284 -2740 -1134 -3527 1647
3480 15636 -2000 -663 -2941 2017
4028 15816 -1900 -238 122 1632
3852 16192 -1904 -325 -320 1241
4028 15792 -1580 -565 -2347 1314
4288 15136 -1288 -679 -2992 1074
4808 15188 -1216 -289 -2379 -207
4980 15656 -1092 194 -1263 -2320
4860 14428 -436 591 -349 -3046
4936 14852 -160 771 -269 -2585
4972 16372 -280 413 -1485 -3381
5956 16436 252 667 -2120 -4187
5472 17716 124 459 -3202 -4030
4200 21260 -768 441 -2304 -5346
4172 19616 -728 1435 5796 -5706
-3048 15712 -1464 617 7420 -1185
-2736 13704 -2124 -2672 -2437 461
-1064 14540 -1844 -3444 -4217 -55
-600 14884 -1804 -1665 1263 369
-2076 15112 -1688 -1465 1723 243
-584 15504 -948 -1776 -880 563
856 15632 -508 -1640 211 1044
1620 14968 172 -1111 1475 1702
2520 14840 -120 -515 4487 2603
948 16112 580 -625 6707 2939
1100 16112 296 -1199 2509 4391
1344 15912 308 -632 3906 5529
412 15768 204 178 4910 4033
768 15560 212 957 4338 2578
1548 16104 364 1694 4639 1612
1288 15404 396 1954 4212 1028
1904 15772 332 1625 3493 358
1064 16024 -72 1194 754 1234
1928 16216 -332 828 -126 1807
2116 15700 -72 987 -370 1366
2420 15612 -504 972 -414 1113
2604 16036 -436 905 -809 1250
2788 15820 -468 924 -1280 1248
2720 16148 -660 1086 -1087 1491
2908 16160 -632 1062 -1861 1546
3452 16452 -456 964 -2477 1372
3828 16000 -108 655 -2712 1416
3992 15920 -228 -102 -2994 1505
4540 16100 -720 -70 -2630 1534
4672 16196 -724 -240 -1870 1053
4708 15780 -724 -382 -1862 554
4396 15868 -880 -329 -1444 522
4320 15796 -672 -703 -1905 14
4932 15504 -840 -502 -1106 -411
4832 15584 -1064 -352 -57 -622
4592 16104 -708 -513 -985 -349
4588 15320 -1028 -398 -2137 666
4384 15380 -508 190 -1053 1405
4448 15468 -1128 667 -1715 893
