-14968 -2672 -6688 650 -222 -61
-14916 -2472 -6636 388 -59 179
-14860 -2624 -6440 96 -60 176
-14912 -2516 -6444 195 -181 178
-14768 -2496 -6464 56 -226 161
-14572 -2004 -6372 -169 -163 47
-14760 -2144 -6324 -262 -279 -291
-14992 -2404 -6524 -169 -272 -405
-14872 -2564 -6316 41 -187 -272
-14912 -2668 -6432 112 -302 -82
-14904 -2644 -6204 261 -132 -3
-14776 -2476 -6472 249 -113 -13
-14932 -2432 -6276 217 -180 -21
-14868 -2588 -6344 249 -72 -46
-14792 -2492 -6696 205 -163 2
-14900 -2652 -6340 225 -196 37
-14920 -2572 -6340 153 -377 109
-14832 -2288 -6248 70 -432 110
-14968 -2300 -6144 158 -355 26
-14964 -2388 -6316 123 -280 -124
-14904 -2392 -6180 127 -303 -23
-15020 -2584 -6104 114 -568 198
-14804 -2228 -6020 180 -501 162
-14976 -2372 -5940 291 -175 -77
-14880 -2528 -6216 346 -114 -117
-14952 -2596 -6072 285 -263 -12
-14948 -2428 -6044 354 -360 78
-15036 -2344 -5804 378 -307 102
-14980 -2288 -6036 207 -322 42
-15000 -2272 -5896 116 -308 7
-15024 -2340 -5868 139 -333 -54
-15104 -2468 -5700 212 -329 29
-14940 -2408 -5784 364 -301 72
-15044 -2400 -5736 359 -334 129
-14924 -2312 -5852 330 -295 95
-15108 -2212 -5644 219 -360 101
-15108 -2428 -5644 320 -294 112
-14944 -2156 -5588 310 -143 -37
-14976 -2280 -5636 356 39 -125
-15100 -2524 -5684 338 -9 -137
-15104 -2272 -5640 324 -196 25
-15148 -2284 -5820 277 -164 -35
-15100 -2448 -5664 324 -165 -32
-15036 -2184 -5656 304 -250 -1
-15036 -2372 -5572 285 -353 -11
-15064 -2252 -5556 246 -407 12
-15072 -2228 -5352 170 -402 -126
-15428 -2068 -5924 97 -625 -88
-15196 -2400 -5440 26 -639 -132
-15312 -2548 -5548 181 -926 124
-15064 -2104 -5348 -153 -1102 -59
-15360 -2224 -4992 277 -1054 -78
-15280 -2364 -5080 111 -1288 -277
-15348 -2312 -4856 101 -1332 -151
-15348 -2348 -4768 159 -1405 -270
-15208 -2424 -4556 134 -1306 -329
-15224 -2764 -4280 221 -1344 -235
-15444 -3072 -4392 1523 -1326 -469
-16548 -5132 -5532 -84 -5454 3819
-21716 -6400 -7160 -2253 -6337 9793
-10892 -11824 -8108 -4432 -2077 4745
-8400 -9924 -5476 1500 6032 -4210
-11936 -5128 -3380 6288 9365 -10048
-15896 -440 -3772 6060 9093 -13310
-18060 1224 -2500 3253 6792 -12405
-17256 2020 -2640 2413 4321 -9108
-15344 1604 -2932 2574 2454 -4480
-14980 2684 -4060 4158 650 -193
-13004 1632 -4604 2522 103 2833
-12688 3612 -4120 2388 51 3708
-18556 -25452 -17568 4921 3334 468
-10804 -872 -8160 2935 -499 8069
-15792 -3092 -6028 1912 771 4822
-15460 -2420 -3376 -954 -639 3929
-14620 -1228 -5484 1210 129 2951
-15384 -2160 -5080 164 160 2195
-15412 -648 -5888 647 774 948
-14796 -1600 -4872 1004 1229 -176
-15508 -1388 -4808 1150 1796 -1133
-15360 -1168 -6080 -308 2341 -2112
-15208 -2636 -6972 -1387 1162 -2044
-14468 -3968 -6648 -1828 -312 157
-14728 -1572 -5924 -938 -197 452
-15028 -2004 -6428 -272 -416 520
-14796 -2556 -6680 -445 -1007 573
-14852 -2252 -6628 147 -955 590
-14704 -1932 -6336 1551 -1264 648
-16164 -1500 -4264 1004 -1716 542
-15100 -2376 -5916 392 -1078 932
-14984 -1852 -5676 140 -1158 1138
-15468 -1744 -5236 -220 -1593 1252
-15236 -1580 -5264 43 -2396 1773
-15544 -1112 -5116 0 -2141 2132
-15568 -572 -4240 -274 -2496 2352
-17288 -2468 -7344 83 -3517 2555
-17184 -436 -3868 -1300 -4279 3794
-19292 -1648 -2484 -2522 -2466 3900
-16968 -960 -4472 -2086 -1849 4353
-16028 864 -3504 -2170 -1477 3378
-15504 1128 -3928 -3391 -773 2277
-15196 1228 -3848 -2935 -993 2701
-16188 732 -3384 -1160 -2135 3570
-17556 2196 -3304 -3376 -4191 7154
-15004 -648 -3540 -5322 -2720 8356
-15276 -3352 -4996 -6347 -2482 5953
-14252 -4436 -4280 -5627 -2474 4104
-14596 -4980 -4600 -2403 -143 -157
-14912 -5616 -5764 1312 2984 -5217
-14872 -5388 -6088 2615 7205 -10713
-17360 -4736 -6104 2752 10063 -17023
-21080 -2892 -6456 4603 11565 -20270
-21888 -856 -6016 4416 11598 -21053
-21008 1600 -5376 4968 10591 -19367
-19608 4488 -3924 3965 8807 -15251
-16908 5312 -1624 3253 5799 -7812
-14888 6132 32 5249 2751 -3
-13192 4176 -1192 8101 41 5914
-13688 3468 -1792 6577 -2229 9962
-9964 -2652 -13188 10638 -502 11695
-24940 32767 -8216 3970 2081 7168
-10412 -2188 -6692 3648 385 7179
-12704 -5380 -5304 1654 2439 6970
-14244 -4972 -5320 -1639 -938 5561
-15796 -1268 -6104 3948 362 2036
-14888 -2376 -6004 -625 -459 1023
-14432 -3732 -6388 911 1162 -453
-14588 -3376 -6932 -212 173 -630
-14816 -3860 -5988 447 1029 -260
-14872 -4024 -6456 -906 523 689
-15028 -3408 -6300 -1646 456 1578
-14712 -2700 -7136 -1833 -169 1851
-14544 -2268 -7600 -1444 -85 1587
-14648 -3060 -6052 -840 -667 1381
-15136 -1436 -6264 -696 -539 704
-14824 -2736 -6748 -989 -559 877
-14848 -2592 -7376 -984 -1461 1881
-14816 -2188 -6672 -570 -1736 2386
-15172 -1600 -5716 -756 -2403 3090
-15288 -1536 -5976 -977 -2778 3639
-15572 -16 -5564 -1737 -2431 2816
-15176 -1240 -5512 -2150 -2327 2423
-15884 -472 -4904 -1466 -2702 2988
-18256 -1392 -3620 -2077 -3586 4287
-17448 -1900 -4444 -3613 -3528 5318
-17876 624 -5764 -2350 -2069 4740
-17388 -780 -5604 -3726 -1281 4239
-17184 -644 -3768 -3592 -1785 5534
-16864 888 -3332 -1115 -2370 7170
-16844 2484 -7192 1894 -3148 9567
-16892 3620 -3072 -377 -3798 12628
-17704 5948 -4088 -7227 -3969 11987
-11892 -4264 -6064 -8814 -1660 4348
-10664 -4264 -4252 -4076 -730 -1062
-10888 -4244 -4484 -1821 1090 -7189
-13700 -4392 -4964 1685 4444 -13144
-17104 -3484 -5544 7217 7555 -18181
-19996 -2788 -6496 8765 9744 -21240
-22224 -1132 -7588 6289 10225 -22104
-23080 72 -6068 3411 10097 -22323
-22324 1216 -4564 2231 9622 -19585
-19908 3264 -3556 2208 7919 -13834
-16820 4040 -2356 2080 5507 -8072
-13624 3888 -516 4499 3124 -2167
-12372 3836 -1664 6424 1482 1308
-13472 3628 -3780 3185 -669 4829
-15244 2272 -3384 2195 -2313 9893
-32768 -14040 -11868 -7239 12353 7128
-17800 -9232 164 2847 -1264 9669
-15740 -2908 -6560 1097 914 10291
-12796 -5112 -3888 -2956 -2057 9645
-14496 -1904 -5512 2260 -792 6577
-15256 -1728 -6200 227 -1972 4297
-15580 -1144 -4660 701 52 1517
-15228 -1720 -5632 407 1167 -29
-14916 -2676 -7240 -518 1250 -656
-14656 -2428 -8804 -804 -672 -1483
-14496 -4220 -5976 742 100 -68
-14440 -3052 -6836 232 17 1363
-15692 -1804 -4380 -1023 867 802
-14568 -2068 -7712 -1639 1225 226
-14856 -2880 -6764 -946 239 873
-14960 -2204 -6636 -821 -200 791
-15348 -3044 -7700 -1092 -1190 1751
-14324 -2556 -7736 -743 -1769 2413
-15076 -1132 -6436 -472 -2302 2397
-15244 -1336 -6020 -988 -2623 2815
-15396 -1204 -6276 -1379 -2754 3254
-15724 -428 -5812 -1463 -3173 4087
-16332 48 -5864 -1668 -3754 4528
-16644 460 -4536 -2493 -3693 4760
-16792 1504 -9116 -635 -2857 4899
-17284 552 -4360 -825 -2581 5400
-18932 408 -4224 -3613 -1624 5165
-17568 152 -5140 -4512 -1489 5542
-16728 684 -5844 -4538 -2390 7860
-17192 2188 -5344 -1401 -1884 11810
-15872 4732 -5320 -3029 -1618 13871
-16344 3468 -2160 -3580 -3577 13202
-15384 9072 -2092 -807 -3863 11762
-9964 -4936 -5728 3286 -2574 -211
-8304 -2920 -6064 3528 485 -7321
-11344 -948 -5016 3088 2149 -15273
-15484 -176 -6056 1694 3802 -20965
-19292 -880 -5276 3632 6915 -23194
-21188 -312 -5876 6344 8741 -22759
-21768 200 -7376 3729 8630 -22751
-21668 -676 -5496 608 7964 -20448
-20572 -120 -4588 2772 7623 -15833
-18176 176 -5784 4128 5767 -10429
-14544 -8 -4696 1493 3741 -5147
-12616 -1956 -4652 2197 2963 -1907
-11444 -2744 -4896 2271 2121 -338
-11592 -3800 -4964 2734 1498 460
-12580 -3500 -5480 3268 1159 1783
-13280 -3736 -4240 1791 -532 3302
-13752 -2832 -4824 4730 -2192 6407
-7288 -9616 8092 8475 -3494 14059
-22976 -13724 -11680 2717 -1619 10740
-16232 -1060 -4428 -2154 25 6706
-15236 -4148 -5072 1480 1523 2021
-14684 -4104 -8304 -569 760 988
-14988 -4568 -6228 1092 189 -90
-14100 -4828 -7740 -481 -445 361
-14272 -4844 -8176 0 -914 1147
-13948 -4972 -6756 790 -514 1802
-14568 -3676 -6372 858 -171 2167
-14740 -3916 -6288 112 -588 1957
-14940 -3016 -6264 -156 -195 1774
-14544 -3752 -6800 -665 -932 1946
-15096 -3052 -6156 -1074 -1522 1861
-14744 -3532 -6436 -1183 -1435 2545
-14756 -3360 -6684 -1045 -1177 3614
-15036 -3036 -6000 -1547 -1322 4442
-15228 -1632 -6504 -1523 -2445 5014
-15388 -1304 -5940 -1523 -4047 5380
-16072 -428 -4756 -2231 -4207 6234
-16272 208 -5588 -1993 -4148 6935
-19808 -1352 -5828 -710 -4336 6199
-19184 -936 -2188 -1093 -2984 8233
-18852 1680 -6624 -2894 -896 7432
-16076 136 -5472 -5591 161 5459
-15580 1476 -2464 -3637 -2086 7113
-14572 3060 -3012 450 -4258 9523
-14668 4196 -3820 1672 -4431 12541
-17576 4988 -4872 2445 -4826 13021
-8296 2392 -1440 -296 -248 2214
-10492 -4232 -4372 -3962 -1578 -1914
-11208 -2800 -3668 -1076 2361 -7072
-12488 -1956 -4592 -5387 3374 -14923
-17760 -2868 -4028 -6937 5128 -18091
-18712 -2304 -2916 -311 8218 -19385
-20628 -1336 -5012 3497 9943 -20861
-22100 -176 -5004 3570 9999 -20325
-21724 700 -4972 4415 9211 -20033
-20152 1100 -4588 4066 8523 -16593
-18536 5036 -3656 4911 7169 -11559
-15824 4788 -2212 4107 4456 -5198
-13676 4352 -1628 2566 2209 -445
-12284 480 -1304 3349 616 1654
-13240 748 -5092 4230 -74 4512
-13504 -412 -5540 401 -692 7404
-32768 -3056 20852 -3427 -8369 15310
-5460 -5088 -6864 1935 272 10619
-12264 -12896 5432 -2452 -6152 10360
-15588 -3564 -4292 990 -1720 4446
-14708 -2716 -7732 984 109 2118
-14808 -3464 -5744 -139 1186 938
-14200 -3520 -8640 -1065 747 28
-14780 -3332 -6024 -96 371 -256
-14064 -3648 -7904 -696 245 273
-14544 -3504 -7376 -400 -846 312
-14280 -3708 -7408 84 31 1100
-14600 -3360 -6876 395 -337 1715
-14984 -3036 -6336 669 -298 1374
-15052 -3404 -6952 372 -693 1842
-14784 -3516 -7288 1029 -1586 2404
-15172 -2192 -6520 126 -1909 2278
-15016 -2536 -6304 -225 -1722 2682
-15104 -1924 -6268 -787 -1946 3155
-14852 -1740 -6512 -1239 -2059 3469
-15024 -1492 -5624 -637 -2881 3185
-15484 -936 -4972 -772 -2977 3561
-15140 -632 -5312 -1498 -3171 3754
-15728 -76 -4324 -1055 -3047 3672
-16760 60 -4744 -942 -3741 4236
-20008 -1088 -4796 -1238 -3963 4714
-20232 -2088 -3472 -271 -3149 6822
-20632 324 -5360 -2913 -1505 7812
-16952 -764 -5400 -7641 -1160 7341
-16344 -76 -2292 -4657 -2491 9905
-16200 -1828 -3180 -2426 -4302 13302
-20320 3352 -6708 1749 -6376 16070
-15716 -6616 -6424 3123 -4484 6795
-10440 -6316 -8240 -1196 -474 -890
-9556 -3748 -5136 -8494 4506 -10913
-14336 -3056 460 -4158 9335 -20216
-20060 -104 2444 743 10640 -26041
-19176 6748 -1492 7996 7236 -25856
-18692 5656 -6852 4844 6350 -22434
-18176 3704 -6324 3154 6519 -18840
-18664 2068 -5724 3554 7036 -14151
-16696 -260 -3908 2636 4804 -8803
-13604 -2672 -3416 3519 4077 -5398
-14192 -2836 -6564 3913 3580 -2740
-11620 -4012 -8308 -5 4099 -81
-11848 -4952 -5828 -35 4382 479
-12044 -4380 -5836 2703 3791 2093
-11896 -2404 -7616 2618 3826 4755
-11356 -2012 -5968 -598 2733 7205
-18476 -4788 -12104 10719 2689 12347
-21960 2560 -9720 -4710 -5260 17119
-20076 9228 -12284 -1138 -2953 10306
-16008 -4344 2324 1207 -1975 6007
-14348 -1932 -5596 -1204 -354 3626
-14288 -2812 -5292 -676 -76 2400
-14988 -2112 -6916 -134 -12 1492
-14928 -1012 -6856 494 -114 518
-15108 -1540 -6460 1336 -235 319
-14188 -1180 -6736 1027 34 21
-15308 -2852 -6008 603 63 34
-14920 -1680 -6008 451 38 843
-15312 -1508 -6156 -14 -165 1310
-15456 -1536 -5740 -505 1303 1396
-14108 -440 -7920 -740 -83 549
-15960 -96 -5228 -1686 789 811
-14464 -1056 -7892 -1864 -1217 -297
-15040 -2184 -7148 -38 -3388 1257
-15256 -556 -5864 409 -1897 1636
-14644 -1764 -6288 242 -2834 2806
-15824 -664 -5868 1189 -3520 4517
-15936 28 -4128 -631 -3384 4763
-17804 -136 -5912 -640 -3349 5986
-20444 1824 -5864 -2045 -3004 6779
-18480 88 -6584 -2975 -2632 6279
-16168 136 -6384 -3265 -2577 7120
-15104 1932 -2284 -2567 -2094 7421
-15096 2672 -2264 -1779 -1519 6451
-15668 3532 -4384 1444 -3649 7728
-15836 4892 -4692 957 -2129 11436
-21076 8156 2240 -2204 -4567 10156
-12840 -3720 -5412 351 -1005 4864
-11396 -2624 -5676 -4105 941 -2144
-12008 -2836 -6064 -10153 697 -9390
-16096 -2124 -4988 -13373 3115 -14075
-18648 -2804 -2168 -8777 6639 -14255
-19076 -2152 -2784 -868 9546 -14917
-19312 -2152 -2772 3700 10965 -16684
-20652 -1700 -1464 6681 10206 -18689
-20864 -680 -1088 8769 8132 -19934
-20240 2416 -1428 7609 6051 -18527
-19100 5732 -1600 3943 3779 -14067
-15904 7024 -664 2060 1404 -7229
-13448 6592 -1068 3472 -116 -584
-12692 6248 -3504 3778 -1139 5489
-14064 5316 -2188 5763 -2692 11583
-32768 23192 -7320 -18085 15771 7844
-14036 -4776 -892 -324 2147 11425
-11856 -5680 -4684 -452 2429 10517
-15920 -1400 -6420 -1423 -321 5170
-14892 -1608 -6340 -74 1334 1331
-14492 -3292 -6612 -848 878 -949
-14600 -3148 -6832 -846 307 -1548
-13724 -4460 -7372 -326 148 -963
-14072 -5004 -7840 1205 823 934
-14544 -3964 -6424 1221 607 3008
-15520 -2204 -4464 215 758 2652
-14788 -2040 -6604 -624 613 1928
-14544 -1876 -6704 -73 158 955
-14352 -2744 -7224 723 -49 166
-15148 -1964 -5944 1048 -422 1212
-15216 -2184 -6816 731 -329 1673
-15076 -1888 -6448 1040 -1039 2053
-14584 -1332 -5964 149 -940 2246
-15168 -1484 -6012 -30 -699 1807
-14960 -1144 -6268 -450 -822 2216
-15668 -308 -4856 -1261 -723 2307
-15164 -328 -6776 -1572 -525 2004
-15140 -1084 -6328 -1050 -1264 1530
-15704 -304 -5488 -1166 -1856 1987
-15384 -440 -5756 -1509 -2212 2673
-15176 144 -6012 -991 -2653 2647
-15968 780 -5156 -805 -2610 2765
-17216 -12 -4944 -880 -2625 3808
-19384 2284 -5528 -1386 -2290 6318
-18344 540 -5184 -1385 -2886 6548
-15796 792 -6576 -4429 -1320 5388
-16420 472 -4776 -3852 -2978 7146
-17168 1624 -3412 -1375 -3603 9699
-15996 2252 -3140 -922 -4291 12405
-16680 5648 -5076 1054 -5500 14259
-15472 10020 -1944 2102 -4898 11413
-9768 -1568 -6000 -1629 -1539 2483
-8240 200 -4476 -5358 645 -4717
-9316 -1576 -2480 -8094 3297 -11691
-13732 -1960 -1908 -3915 6545 -16467
-18720 -1152 -3692 1522 7404 -19679
-20580 -928 -6616 3161 7890 -20106
-21140 -896 -6240 3847 9685 -20138
-21700 -1076 -4896 4803 10560 -19195
-22056 -1248 -3348 5862 8548 -17956
-19988 -1472 -2368 5432 6331 -14137
-16928 -776 -1592 6945 4611 -9878
-13204 -1112 204 7654 2203 -6620
-10576 1208 -380 6431 171 -3778
-11540 3060 -1240 5431 -872 -1231
-13296 6316 -7788 3404 -1704 3931
-12076 8652 -6752 -4476 -807 10363
-32768 27872 824 -22959 -5537 18543
-14016 -5632 -3856 4627 3016 12980
-8372 -4408 1636 -2373 -132 11125
-14724 -2852 -4992 -1785 -1549 9243
-15548 -2264 -6780 610 56 6420
-13912 -2016 -6152 -666 -441 5131
-14452 -2068 -5472 -933 -348 3406
-14888 -528 -4300 204 984 1000
-14940 -1148 -7060 -838 1122 -974
-14652 -2532 -8108 -878 348 -1709
-14360 -3984 -6740 -897 193 -1694
-15052 -2716 -6016 1585 -37 243
-15740 -3356 -4456 1502 47 -38
-15056 -2628 -6300 612 -280 -128
-15048 -3540 -5708 669 -677 242
-15216 -2976 -5984 1731 -1100 1068
-15124 -2444 -5772 865 -1906 2100
-15092 -2776 -5288 -317 -1585 2368
-14804 -2372 -5412 -293 -1294 2723
-15048 -2196 -5416 -669 -1759 3026
-15260 -1364 -5212 -203 -2080 2940
-15664 -1796 -5160 -294 -3125 4073
-15656 -564 -4032 -208 -3490 4637
-15928 -196 -3312 -512 -2943 4618
-17196 916 -4732 -1793 -3582 5417
-18276 756 -3232 -2494 -4017 5562
-21728 -108 -3996 -2162 -4128 7357
-22472 308 -7976 -2768 -3597 9020
-17500 80 -2896 -8588 -1895 6551
-15884 4456 -3300 -5315 -3581 8857
-14128 6952 -2128 -7065 -4731 10346
-13900 6012 -688 -4842 -4406 8193
-11472 -1648 -6600 -10597 -3165 1123
-12524 -2260 -648 -3771 -2179 2278
-10120 -580 -2008 5086 2834 -402
-11772 1380 -3008 2611 6786 -5313
-15080 56 -396 -4686 7423 -8153
-16964 -2120 1420 -5351 8975 -11058
-16760 -1652 -1608 470 9812 -12994
-17272 -2176 -3816 4617 11562 -13946
-19508 -3284 -5204 8879 11987 -16004
-19672 -2808 -5836 9353 9938 -17217
-20976 -1644 -7044 8729 8451 -17612
-20536 -1348 -6476 7639 6943 -14335
-16636 1080 -4596 1556 5380 -9795
-13836 -568 656 6 2541 -6572
-12676 832 -708 6001 480 -3189
-12952 1724 -5628 7792 -517 917
-12568 1156 -5268 6751 -1103 5169
-13112 2320 -3900 5146 -1162 8647
-13784 3908 -1648 6218 -3357 12846
-14716 32767 23972 -14892 -21806 16505
-9504 -5800 -3896 -564 2411 8241
-13964 -5084 -6872 -1052 1527 9920
-16076 -2956 -4644 -885 -1685 8471
-14524 -2444 -6508 2678 -548 5771
-16096 -896 -3136 780 -2162 5157
-15536 -604 -4120 809 204 2311
-15204 -616 -5748 295 951 935
-15188 -1484 -5944 1048 465 -800
-15160 -1896 -4776 1309 522 -1362
-15104 -1848 -5388 443 900 -1260
-15000 -1528 -5656 13 1407 -1838
-15120 -2672 -5392 377 1690 -2198
-14732 -3292 -6396 975 2101 -1903
-15004 -4080 -6488 629 1113 -309
-15024 -3256 -6660 347 -690 2149
-15096 -2472 -6088 -668 -1329 2858
-15120 -1884 -5888 -808 -494 2457
-14992 -2120 -6452 -329 -1325 2404
-15088 -1612 -5504 352 -1883 2986
-15448 -1456 -6276 -663 -1977 3016
-15840 -1572 -5572 -1395 -1990 4296
-16012 -716 -6064 -2209 -3033 5148
-17612 -620 -5640 -2160 -3529 6204
-17356 496 -4448 -2050 -3438 7106
-19420 -248 -4132 -2050 -3451 7927
-19180 -2448 -4036 -1861 -3650 8774
-16808 2672 -6144 -4122 -2945 7402
-14252 1820 -1260 -3327 -3320 6882
-13288 4556 -3164 -1831 -3123 8597
-12580 6508 408 -1125 -3825 8907
-13220 7744 -1588 1118 -3275 7724
-13920 7108 -1956 478 -2847 7698
-15384 11020 -3736 -1766 -2563 6476
-16988 -192 -3060 -1564 3470 -2077
-11032 -1548 -5556 1236 2944 -3545
-12364 -2452 -4712 -2030 2890 -9240
-15680 -3404 -5460 -5088 3323 -15470
-18780 -4072 -3500 -4380 6353 -18121
-22160 -3552 -2508 1273 8167 -17859
-22664 -1788 -3876 4405 9700 -18125
-22512 612 -4628 1098 8761 -18803
-20644 -2220 -1272 1784 7368 -18758
-17620 88 -2016 7172 6938 -16998
-15684 2668 -3268 5812 6088 -14703
-13368 7744 -2144 -475 3411 -8444
-11056 8016 1676 2122 1359 -985
-12304 6052 272 6457 -1295 5708
-13604 4572 -4436 8003 -2161 10682
-31244 -32768 -27724 -4751 -10159 -12709
-14492 -12456 11124 -403 260 13077
-15916 2820 -10552 736 930 8309
-13348 -2028 -6984 -3981 -428 5393
-14164 -2412 -5648 2061 1812 3037
-14976 -2284 -6252 -736 524 609
-15208 -3164 -5144 229 1622 -625
-14316 -2864 -7456 -169 777 -1577
-14776 -3224 -6332 579 741 -1396
-14244 -3628 -7364 497 728 -836
-14660 -3908 -6724 565 155 -100
-14552 -4512 -7232 901 503 1082
-15032 -3120 -6672 687 -337 1933
-14820 -3168 -7048 189 -189 1908
-14904 -3316 -7164 341 -499 2443
-14756 -2640 -6988 160 -827 2415
-14960 -2240 -6412 -64 -1064 1745
-14836 -1824 -6808 -126 -528 996
-15176 -2504 -6484 -78 -145 864
-14972 -2508 -6624 -248 -128 883
-15364 -1964 -7296 -278 -1525 2128
-15424 -2140 -6564 -675 -2662 2966
-14944 -1008 -6256 -1026 -3743 3638
-15220 -1120 -5072 -1231 -4034 3958
-15816 -492 -5080 -1514 -4020 4054
-19964 -2052 -6356 -789 -4436 4577
-19496 -1944 -2232 -842 -3705 5739
-19852 -436 -5968 -2612 -2903 6366
-17368 -1508 -2964 -4567 -1041 6045
-15112 976 -3388 -3362 -2314 6786
-14892 1684 -3416 267 -3440 8610
-16560 3004 -4484 2217 -3815 11754
-17500 6004 -4372 849 -4301 12365
-14120 -5124 -5732 -312 -1610 8662
-12220 -4168 -5824 -250 1589 2184
-12144 -3056 -4992 -2576 2258 -6019
-13724 -2680 -4512 -5 3755 -11848
-16420 -1684 -5804 1608 5493 -17176
-18808 -1788 -6128 1538 5986 -19533
-20512 -720 -6588 3931 8114 -21116
-22020 -524 -6196 4980 8936 -21798
-21756 896 -5740 4067 8518 -20345
-19804 1916 -3556 2850 7476 -17501
-17028 2984 -1796 3422 5400 -12026
-14452 4716 -1732 4823 3119 -6384
-11468 4132 -1868 4648 925 -711
-12052 4140 -1980 3752 -572 3310
-14348 4668 -2776 4008 -1930 8591
-14456 6048 -4952 557 -3240 13196
-18968 -12508 -13176 13740 5321 13177
-6172 -5036 2192 -649 4570 9404
-13888 -2940 -4328 13 1740 6688
-14956 -4392 -7248 -1161 -2096 3939
-14552 -3096 -7564 2776 -703 1179
-14364 -3780 -6648 -726 -1832 771
-13884 -4380 -7272 335 -407 848
-15432 -3468 -4292 1568 -573 1377
-14972 -3472 -4868 -202 2040 1723
-14532 -3284 -6616 -959 1687 1718
-15176 -3212 -6624 -1112 497 851
-14444 -3276 -7472 -1487 -5 1273
-14504 -2976 -7128 -958 -881 1748
-14680 -2908 -6588 -722 -1279 2604
-15156 -1504 -6384 -847 -1207 2186
-15088 -1928 -6404 -448 -889 1695
-14604 -1572 -6464 -826 -849 1271
-15040 -1508 -6604 -474 -1287 1297
-14912 -1696 -6812 -617 -1288 1816
-15012 -1332 -6404 -470 -1337 2304
-15172 -924 -5764 -795 -1446 1925
-15344 -1060 -5860 -918 -1427 2179
-15772 -552 -5224 -2272 -1769 2433
-15508 -740 -5780 -2658 -2772 3283
-15520 -460 -5440 -1927 -3359 3216
-17012 -1120 -5676 -1434 -3505 4041
-19564 988 -6128 -640 -1584 5030
-19004 -620 -6660 -1968 -833 5536
-18096 -748 -5508 -3901 -1035 7283
-15808 920 -2484 -132 -2637 9383
-14796 1928 -3656 1227 -3589 10291
-16176 3720 -4132 2698 -4370 12918
-17352 5540 -5196 3510 -5281 14345
-16388 9148 -3668 -464 -5036 13074
-12100 -5000 -6412 -274 -1462 3434
-11524 -2612 -4668 -1514 569 -2863
-11564 -3848 -3492 -2049 374 -10467
-15296 -2376 -5392 -1043 1708 -17278
-18684 -2060 -5868 -715 5921 -21657
-19884 -1024 -5720 1149 9142 -23677
-21728 -1004 -4380 3069 11039 -24158
-22652 -44 -3904 5510 10025 -23753
-21000 2928 -3660 5491 8081 -21397
-18768 6520 -3192 4106 6284 -16878
-16168 8440 -1248 2654 3920 -8232
-15636 8904 -792 3239 777 753
-15684 7248 -2112 3009 -1982 9672
-12416 -880 -13032 6746 -161 14644
-21652 13716 -19212 -3505 -5219 13618
-13696 -3192 -2956 4046 339 10875
-16988 2244 -5668 -3103 -674 10395
-15584 -2864 -5372 -1788 -756 7490
-14208 -688 -8272 515 162 4851
-15176 -1748 -4752 -1377 -891 2996
-14736 -1320 -6840 682 600 1268
-15048 -2044 -6296 228 -311 14
-14828 -2096 -6464 807 -523 -69
-15224 -2160 -5032 1194 -237 124
-15100 -2656 -5776 393 -491 1196
-15156 -1284 -5556 305 -996 1830
-15148 -1372 -5372 557 -791 1678
-15272 -1396 -5228 487 -452 1552
-14916 -1008 -5068 435 -18 1144
-14996 -664 -5640 447 620 637
-15240 -1060 -5692 286 689 706
-15312 -1076 -6152 -70 -470 1226
-15108 -1044 -6080 -590 -1221 1476
-15176 -1024 -5588 -1111 -2441 2118
-16028 -596 -5360 -1074 -3451 3131
-16216 256 -4192 -2089 -3815 3854
-16144 416 -5300 -1871 -4181 4329
-20752 -1624 -5092 -420 -4528 5329
-20816 -1392 -3904 -953 -3923 8174
-20328 -1164 -5796 -3978 -2230 8927
-16144 432 -4112 -6435 -3054 7915
-15604 5076 -7296 -4383 -3164 10123
-14404 6192 -5072 -5345 -4162 12848
-14712 8532 -2040 -6841 -4815 11417
-8572 -6488 -1340 523 -1600 3214
-8000 -1664 -3420 7966 3039 -2358
-11036 1300 -4436 2926 4318 -9479
-14512 1188 -2448 -5326 2983 -12870
-17844 -536 -580 -219 4831 -14079
-20092 208 -4028 5621 6338 -13485
-20228 772 -7328 2294 7899 -12951
-19392 -2392 -4408 10 9515 -13240
-18036 -4336 -1596 3426 9488 -15051
-17924 -4044 -88 7816 8134 -16934
-18168 -1772 -1868 11434 5579 -17323
-16372 -44 -4224 9439 3340 -14947
-14196 2172 -4768 6391 2201 -10936
-13092 2308 -4128 2606 297 -6283
-13088 2096 -4564 573 -465 -1675
-13752 1376 -4764 1378 -1716 4445
-14088 3904 -4444 1183 -2530 11604
-24420 -3220 1012 -1280 -4831 16177
-10304 -6964 -4184 -2229 1119 12800
-20268 -672 -4908 -4183 -704 11753
-12612 -4368 -6012 -2048 -2187 10988
-14248 -1600 -5904 -457 -382 5053
-14648 -1620 -6088 852 816 1878
-14780 -1460 -6988 629 222 98
-14976 -1520 -5840 899 1018 -1215
-15188 -2140 -5420 -370 1946 -1454
-14864 -2684 -7160 -1148 1578 -1190
-15104 -3008 -6048 -150 1270 -691
-14692 -3056 -6160 -925 1817 -233
-15084 -2884 -7012 -1322 1602 396
-14536 -2004 -7524 -853 827 750
-15108 -1884 -7620 -864 -152 582
-14864 -3192 -7528 -196 -1030 1649
-14724 -1904 -6948 -306 -1471 2033
-15088 -1692 -7036 -1050 -2054 2067
-14656 -2760 -6844 -1169 -2383 2746
-15376 -1760 -6124 -1489 -2684 3529
-15336 -632 -5976 -1842 -3588 4476
-15604 20 -5740 -2175 -3593 4899
-16188 168 -4244 -1974 -3354 4430
-15424 696 -5416 -882 -3129 4189
-16988 1288 -4260 -2630 -2945 3865
-18564 328 -3552 -2238 -2393 5378
-19272 1216 -4852 -2108 -1074 4756
-16556 1376 -5280 -2930 -6 3493
-15708 1232 -5608 -3171 -803 4091
-16540 2032 -6160 764 -3617 8800
-15224 4260 -5448 -826 -4498 10312
-14492 3700 -5308 -2740 -4857 11659
-14500 9124 -3204 -1102 -3493 10607
-10452 -3164 -4548 910 -2187 2675
-11276 -2796 -4956 1387 -1150 -3177
-11964 -1544 -5104 195 -365 -8607
-14732 -1952 -4392 2904 1392 -13050
-17556 -440 -4004 8182 4183 -15079
-19368 -392 -5536 8042 6063 -17225
-20896 -312 -4444 4780 5851 -19248
-21544 -532 -3312 2814 5883 -19217
-19640 -596 -1364 4139 5083 -18167
-18236 -120 -1436 6249 3404 -16096
-16692 1456 -1980 5341 2318 -13588
-16032 2324 -1392 3975 452 -9029
-13472 3364 -40 3204 -1445 -3407
-13032 6508 -1844 4926 -2271 2535
-12568 12372 -8668 -2845 -2410 9275
-12340 624 1260 -6905 -5595 14400
-13696 -5344 -1968 -3120 532 10670
-15252 -364 -5308 316 -189 11043
-14448 -2800 -4060 -1557 -1953 8589
-15180 -1124 -5452 1712 679 4851
-14196 -3080 -7008 44 1087 3558
-15584 -1368 -5044 1683 2145 2851
-15660 -1236 -3132 2264 352 945
-14992 -1000 -4208 726 2913 -6
-14888 -1768 -7804 -1682 2828 -1117
-14776 -3160 -6940 -784 982 -1733
-15168 -3004 -5732 -55 1365 -754
-14556 -2868 -7100 -758 922 26
-15192 -2296 -6124 317 1411 180
-14668 -3184 -7380 -961 876 1155
-14392 -2864 -7588 -399 102 2282
-14956 -1304 -7064 -223 -820 2109
-15068 -1800 -6908 372 -1288 2273
-15752 -376 -5204 748 -287 1930
-15356 -1012 -6788 -1248 -647 1494
-15528 -1584 -6700 -1740 -1864 2837
-15384 -1516 -5892 -2015 -2510 3990
-15356 -72 -6308 -2678 -2757 4125
-15076 176 -5180 -2718 -2945 3842
-16412 512 -5028 -2264 -2913 3681
-16028 1292 -7232 -3343 -2745 3542
-17196 1400 -6536 -2088 -3157 4690
-19444 1192 -4256 -3662 -1808 4140
-17144 -592 -4740 -4299 343 2143
-15828 684 -5564 -3270 -1384 4299
-15292 1772 -5164 1678 -4373 8590
-15588 3032 -4028 32 -4695 11242
-15296 3752 -3512 2076 -5510 12911
-16336 7260 -3660 594 -5464 13006
-13912 7392 -3412 -9011 -3736 9220
-14364 -376 1520 3872 506 2081
-7520 852 -6256 5584 3072 -3215
-12072 -1304 -4240 -1955 1982 -11247
-13896 -1608 -4640 -2071 -675 -15610
-17448 -3656 -5788 3746 3343 -18619
-19576 -2916 -6380 9048 6546 -18137
-21028 -1176 -8348 8020 8224 -19389
-22332 -540 -7040 4700 7763 -19369
-21804 96 -7612 1766 8911 -18719
-20952 720 -3984 2910 8106 -15909
-17712 828 -4556 5451 7337 -13310
-15960 4228 -4300 2805 5452 -9550
-13880 4216 -3348 1014 3549 -5088
-11452 3952 -1512 1501 1616 524
-12348 3132 -1904 3951 -262 4017
-14084 3836 -3656 3333 -2475 9305
-13564 3400 -3784 1684 -2995 13152
-15988 32767 32767 -24 -32768 24265
-9264 -2768 -6352 1072 1674 9435
-15748 -464 -9432 -2008 -2477 7794
-13964 -4684 -7728 -568 -2878 4825
-14400 -3604 -7064 758 -564 2870
-14760 -2380 -5704 -875 392 2516
-15008 -2632 -6056 -947 697 969
-14020 -2836 -7484 359 31 628
-15040 -2360 -5468 1688 -1100 1083
-15048 -2780 -6104 0 -332 1428
-14684 -2868 -6712 215 -924 2370
-15024 -1264 -6544 443 -1458 2189
-14732 -1236 -5720 1266 -951 877
-14680 -1832 -6020 1690 -382 73
-15504 -2196 -5868 1349 -1010 1024
-15428 -1920 -6268 884 -1603 2873
-14716 -1376 -5968 -390 -2250 3477
-15100 -808 -4948 -614 -1839 3047
-15164 -648 -4764 -1110 -1652 2784
-15424 -848 -5556 -1423 -1938 3126
-15872 -80 -4504 -958 -2648 3667
-16120 -52 -4600 -903 -3709 4593
-15796 1256 -5148 -1408 -3971 4297
-18036 1256 -4200 -1590 -3548 5331
-19496 1544 -5520 -1586 -3643 6680
-19312 -440 -3492 -3753 -2425 6671
-16380 364 -5100 -5610 -822 4457
-16896 3556 -6140 -4357 -2599 6198
-15264 4688 -5140 -4083 -3069 9033
-15508 2232 -2212 -5129 -5133 10391
-11840 3284 -2304 -4251 -2982 7280
-11344 -2632 -2156 6131 146 3848
-11376 -656 -2936 7187 1598 -92
-11584 1288 -4532 -1340 1784 -6214
-13664 308 -3596 -8242 2772 -11670
-15400 -1752 -776 -5352 4438 -13743
-17880 -1896 -3376 -925 7337 -15344
-20100 -2200 -4160 -261 9323 -17097
-21280 -2580 -4520 279 10222 -18541
-22300 -1860 -5308 3716 10221 -18927
-22068 -160 -5692 5182 9921 -17692
-20292 2504 -5948 2553 7911 -14661
-17280 3736 -5692 871 6445 -9761
-13916 4820 -5080 508 5892 -4331
-10428 4880 -3480 616 4632 -462
-9664 3552 -2472 877 3385 2218
-11924 1532 -2480 2571 428 5528
-15836 -2264 -1356 4924 -3356 10018
-13624 -3808 -4092 10064 -4177 13680
-32768 -32768 -32768 -5717 9977 6315
1716 -6336 -8172 4735 -3379 11581
-15432 1368 -4548 1816 268 7245
-14464 -4788 -5200 -2678 -1048 5784
-14988 400 -7008 -1700 236 3822
-15300 -472 -6180 56 1713 2301
-14832 -1088 -6772 222 1993 1389
-14744 -1780 -8408 232 -756 -149
-15024 -1740 -6560 346 -607 -293
-14600 -1548 -6972 420 -173 123
-14884 -1316 -6680 940 -667 327
-15060 -1208 -6268 467 -170 579
-14604 -1192 -6436 341 -343 -192
-15088 -1972 -6236 776 -134 -188
-15088 -1452 -6220 617 376 -561
-15044 -1376 -6692 -127 760 -249
-14888 -2072 -6880 -273 -86 878
-15092 -1572 -6664 -874 -1040 1316
-15280 -1328 -6220 -644 -1461 1830
-15152 -1140 -6732 -944 -1688 2024
-15560 -1052 -5896 -961 -1967 2796
-15368 -1016 -6316 -2477 -2818 3480
-15676 -496 -6072 -1628 -3647 4104
-16456 360 -4880 -1977 -4057 4984
-18136 -100 -3580 -989 -3697 6561
-18740 1484 -7340 -934 -3253 7194
-18516 80 -5008 -4208 -2631 7040
-16816 800 -4148 -5725 -1422 6076
-17104 3340 -5396 -2596 -2227 7284
-17132 6280 -6300 -2435 -3290 9994
-15176 7272 -3220 -5187 -2160 8895
-11044 -1748 -3004 -4577 -1735 3855
-9856 -1140 -2188 -5210 -384 -396
-10740 104 -2276 -4211 995 -5384
-13852 164 -4328 -4492 2706 -7986
-15812 -820 -3664 -3521 3768 -10045
-17692 -1512 -3652 -638 4001 -11537
-17648 -1148 -4412 1189 4982 -11957
-18340 -1460 -5048 1714 6519 -12982
-18748 -1432 -4568 2715 8121 -13740
-19216 -1428 -4840 4335 8426 -14658
-19380 -1032 -4940 4370 7744 -14570
-19032 -96 -5116 4428 6292 -12698
-17132 740 -4864 5064 5038 -9216
-14980 1784 -4440 3911 4353 -6123
-13284 2032 -3104 2329 2660 -3262
-12200 1416 -1360 3925 1087 -400
-12284 1240 -3436 6030 219 2870
-12752 1560 -4760 3321 -344 5706
-13548 396 -1932 933 -1852 8821
-32768 3632 -6072 -10952 7832 6322
-9296 -3176 -11556 -879 -225 8216
-15228 -5264 -6740 -179 1776 7409
-13448 -3904 -7272 303 -1602 5327
-14852 -1680 -5676 3577 -1390 3625
-15508 -1644 -4256 2141 -1169 1852
-15084 -2652 -5232 209 1219 688
-15188 -2852 -7356 -29 -66 1182
-14700 -2424 -5864 2454 -613 956
-14968 -2452 -5356 3434 -150 688
-14804 -2340 -5820 2545 1216 202
-14772 -3468 -6260 1321 1509 292
-15348 -2636 -5976 424 1582 1035
-14632 -2600 -7304 -1425 809 1632
-14740 -2488 -7956 -2221 -406 2329
-14880 -2168 -6004 -1554 -704 1793
-14880 -1752 -6676 -1519 -847 1728
-14992 -1744 -6824 -1280 -1044 2041
-15128 -1076 -5960 -1411 -738 2106
-15256 -1000 -6436 -1907 -1579 2227
-15544 -1204 -6056 -1798 -2715 2986
-14988 -768 -6032 -1668 -2855 3544
-15596 -4 -5568 -1660 -2909 4083
-15080 976 -4344 -1310 -2926 3974
-15460 1684 -6036 -1385 -3200 3818
-21748 -2564 -3724 -2289 -3560 4975
-18404 72 -4804 -1731 -2947 6853
-19464 1696 -6388 -3040 -1261 6662
-17680 80 -4936 -3724 1191 5332
-15964 1728 -1696 326 -1160 6407
-14316 3396 -3120 2667 -2451 6825
-13700 6476 -5776 2366 -3799 7509
-15476 4652 -4144 2347 -2693 10567
-17016 7372 -1876 2490 -3581 10905
-13304 -1176 -5052 4700 -150 3824
-11188 -364 -6724 -353 314 -1631
-11724 -1024 -5340 -6850 -1172 -6463
-13444 -1224 -4544 -9822 125 -12349
-17096 -928 -3812 -7964 3000 -15131
-19376 -1460 -3472 -2867 6643 -16254
-19660 -380 -5108 -180 8677 -17793
-20000 -764 -4252 104 9890 -17812
-19748 76 -3452 3062 10032 -17876
-18712 592 -2952 5205 8746 -16841
-17040 3900 -3712 5091 7127 -14268
-16352 5092 -2876 4103 5097 -9365
-15620 4912 -296 5383 1935 -2045
-13968 5744 -2788 7783 148 4068
-11620 5092 -5912 3611 -448 8278
-3172 -32768 -32768 11268 -1584 -4056
-21248 -6968 2604 -1149 -41 10206
-12788 -3804 -4856 2902 688 8968
-13772 -2500 -5392 482 574 1710
-15284 -3364 -7196 -1401 -334 -1138
-14872 -3436 -6508 -713 0 -2200
-13792 -5408 -8012 -338 -658 -651
-13916 -5048 -6800 2261 -60 1128
-14796 -3524 -6192 1956 -486 2629
-15816 -2584 -4348 2203 -236 2921
-14564 -2412 -6516 539 -512 2610
-15092 -2140 -5744 267 -299 1871
-14684 -2652 -6148 -329 202 1440
-14832 -2360 -6228 -717 -396 1412
-15052 -2780 -6268 -422 -796 1909
-15004 -1976 -6316 -915 -1854 2551
-15240 -1992 -6280 -629 -2153 2753
-15316 -1732 -5444 -945 -2447 2788
-15620 -1304 -5412 -945 -3029 3396
-15244 -492 -5140 -1019 -3391 3856
-15924 -504 -5060 -1410 -4257 4158
-16204 692 -4648 -2022 -4795 4583
-20244 -824 -3716 -1803 -5184 4977
-20240 -1336 -3048 -1315 -4590 6762
-22196 -16 -7088 -2753 -2874 7626
-17748 -1032 -4404 -5865 -1403 5529
-14196 3024 -4456 -4192 -1655 5736
-13836 7020 -2772 -3214 -4921 7164
-10700 2468 -3056 -5360 -3175 4551
-11400 -2280 -2828 2051 122 2336
-12068 1152 -2812 2631 1849 301
-12212 1872 -2808 -3180 938 -2254
-13404 -284 -460 -2265 1609 -3721
-14820 -8 -1312 3001 2312 -4285
-15468 176 -2076 799 2660 -5737
-16352 -56 -3052 -3425 2848 -7207
-17600 -1584 -3232 -6379 4103 -8107
-18264 -3596 -2052 -5639 6158 -8599
-18184 -4332 -2292 -1844 7156 -10556
-17440 -3104 -4012 2985 7351 -12769
-18036 -1404 -6044 7581 7655 -13531
-17276 1120 -8028 9600 7518 -13138
-16748 2440 -8208 6642 6583 -11654
-16076 3428 -7064 4581 6618 -7576
-14736 2608 -7236 2968 6312 -2811
-12272 604 -5044 865 5155 269
-10964 -808 -3684 2025 4383 2320
-10996 104 -1920 2570 2960 3551
-14080 2372 3092 5507 -1068 5415
-12768 -4148 8656 8510 -5904 11864
-11804 -4248 -5644 5296 -2001 11085
-10120 -1448 -8536 -2355 -3230 10345
-14160 -3008 -5320 -1638 -3776 7781
-14632 -896 -6672 1483 -939 3579
-15072 -1856 -5472 -584 -1729 2042
-14912 -1472 -5896 1327 64 495
-15008 -2044 -6708 874 -725 478
-15096 -2240 -6048 895 -554 861
-15060 -1888 -5160 152 143 1685
-14880 -1484 -5928 -596 713 1488
-14920 -1572 -6744 -695 88 896
-15116 -1308 -6112 -338 -229 648
-15036 -1376 -6488 -691 -341 763
-14864 -960 -6296 -483 -780 609
-15324 -1084 -5916 -479 -703 297
-15180 -948 -6088 -288 -728 239
-15192 -1052 -6000 245 -1070 46
-15564 -1328 -5732 -403 -1500 1060
-15408 -1412 -5560 -688 -2428 2673
-15924 -492 -6912 -1623 -4359 3924
-16168 44 -4344 -2260 -4829 4621
-17128 376 -5168 -2442 -4364 4981
-21764 -2940 -3704 -878 -4157 6990
-20176 -1312 -2372 259 -3998 8008
-18756 1824 -6348 -3339 -2695 6370
-15552 920 -3928 -4601 -2018 5144
-15532 2968 -4256 -2979 -4971 7512
-15312 6376 -4496 -2335 -4868 11201
-13404 6700 -3072 -6507 -3789 9909
-14564 -1724 1564 -9675 -1891 3578
-9076 -2968 -304 2829 1851 -242
-12340 88 740 10554 2350 -4197
-12568 2144 -5156 4649 587 -6992
-15412 428 -3120 -2501 -98 -8387
-17700 -1852 -3320 49 1921 -7979
-18628 -1856 -5896 318 4309 -8906
-18552 -2712 -5448 -2717 6209 -11780
-18660 -3172 -4376 -2393 9237 -14458
-19700 -2352 -2584 1076 11890 -15991
-20024 -1872 -2852 5566 11473 -17083
-19660 1768 -4040 5955 9292 -15799
-17336 4184 -4104 2684 7655 -12344
-13700 7336 -2228 3198 6303 -8071
-12600 5968 -892 3578 3932 -3603
-13320 6704 -876 6572 1166 2853
-14948 6736 -3892 6493 0 8242
-12404 -32768 -32768 7147 5340 -4062
-12132 -15856 4668 3711 -1513 10664
-17336 4500 -6752 -806 812 10080
-14972 -5108 -6268 -2135 -2436 8296
-15004 -1084 -5144 2924 -1312 4591
-14476 -2824 -6176 1153 -2181 2824
-15092 -2032 -4208 606 -538 1879
-14940 -1412 -6480 588 49 547
-14804 -2208 -5132 1347 328 171
-15036 -2500 -5948 806 727 -131
-15128 -2652 -6236 723 161 421
-15056 -2320 -6380 -131 -445 1295
-15148 -2536 -6280 -1028 -991 1400
-15168 -2480 -6260 -950 -1663 2391
-15232 -272 -4932 -36 -896 1735
-15036 -1032 -5104 -557 -87 400
-15124 -1424 -5500 -7 141 -145
-15240 -2024 -5660 158 -405 267
-15444 -2076 -5852 151 -1374 1339
-15576 -2104 -5652 -241 -3421 2743
-15156 -792 -5524 -257 -4503 3266
-15820 -580 -4528 -726 -4421 3491
-16516 -332 -4408 -1696 -4326 4179
-19756 -1464 -4348 -1906 -5834 5391
-20756 -3204 -996 -1167 -4987 7458
-20248 676 -6800 -2020 -3440 7414
-15192 484 -3872 -5966 -3437 4627
-15100 2476 -4868 -4037 -4896 5336
-12936 3208 -4040 -9628 -3967 6964
-13272 3036 -3344 -10798 -3090 6664
-15260 4656 -2152 -12170 -2699 5600
-14872 -476 680 12221 -618 8703
-11472 1372 -3256 9053 2805 4858
-11064 1712 -1944 -3350 1477 -423
-12180 -720 968 -3022 3223 -4693
-15944 -520 632 6185 5356 -6735
-18044 -516 -4960 10534 6407 -8212
-19196 -888 -7736 5248 7362 -10084
-17228 -3200 -5000 280 8797 -12968
-17948 -4020 -3192 3176 11118 -16749
-19084 -3276 -3504 7011 11658 -18979
-20244 -268 -3792 7952 9141 -20401
-19700 1872 -4572 4642 6192 -18838
-17080 3972 -3380 4149 4506 -12332
-14848 3480 -3896 7402 2145 -5445
-12968 3192 -5908 6391 551 -104
-12412 400 -4504 3184 -1120 3588
-12044 -1716 -2276 3062 -2901 6285
-13168 -1320 -3548 4792 -3872 8306
-12548 700 -7552 112 -3000 10255
-12024 4932 -9612 13523 3022 12822
-18112 1188 -6756 -461 1871 11621
-14092 -2548 -5956 -147 -386 10102
-15172 -1384 -5316 163 -1438 6225
-14776 -520 -6712 -57 -2002 3738
-15104 -916 -4672 1492 -728 2289
-15208 -684 -4704 469 358 1461
-15236 -664 -5568 264 948 412
-14964 -1032 -5876 545 519 -389
-15244 -1860 -5424 200 414 -389
-15160 -1524 -5948 110 713 160
-15016 -1068 -5744 30 511 162
-14832 -912 -6372 27 -178 120
-15192 -1168 -5660 149 -120 50
-15144 -996 -5320 230 512 -153
-14748 -680 -5840 256 568 -773
-15064 -1796 -6244 228 560 -722
-15436 -2104 -6192 -94 -51 585
-15424 -2324 -6332 -166 -1923 2396
-15144 -1032 -5924 18 -2174 2786
-15528 -900 -5496 -266 -2661 3492
-15612 124 -5040 -1271 -3102 3891
-15552 92 -5152 -1764 -3543 4370
-16268 1120 -4868 -1531 -3935 4714
-17344 1696 -5628 -1204 -3223 5292
-19372 676 -4244 -832 -2866 7013
-20048 424 -4800 -3929 -1315 7657
-16856 992 -5400 -6263 -1324 6252
-15052 3080 -4812 -5376 -2244 6910
-14752 2964 -3916 -5347 -3540 8189
-14116 5360 -5356 -3947 -2529 10401
-16088 10704 -1496 -2785 -3091 7940
-10960 -1132 -4088 -3103 -1792 4490
-10048 580 -3428 -5578 1519 -688
-11248 -116 -80 -8824 1480 -4807
-12660 -744 160 -7599 3430 -7705
-14144 -1316 -400 -2247 5816 -10159
-15884 -1252 -3140 2071 6546 -12989
-17000 -1512 -5432 4763 7396 -15285
-19496 -988 -7464 7424 9169 -17499
-20660 -1560 -7816 7909 10356 -18675
-21940 40 -7176 6474 10330 -17943
-21076 184 -6160 3978 9202 -15563
-18544 1264 -4688 2434 8064 -11035
-16132 2568 -3544 2709 6562 -6692
-13892 3440 -1444 3244 4383 -1912
-12440 4272 164 4742 2052 2294
-12624 4196 -1020 6688 -725 6030
-13416 4852 -2024 5637 -2492 9990
-10188 -32768 -32768 5369 2751 -7151
-24112 10788 -10560 3081 9512 9633
-14536 556 -15176 2164 -564 9248
-15068 -4032 -4240 -3520 -2040 7773
-14280 160 -5976 3270 293 4671
-14868 -1448 -6692 -46 -801 2259
-15016 -1736 -6008 787 796 614
-14784 -1608 -6116 483 910 -557
-14928 -1816 -6548 362 837 -1364
-14860 -2684 -6164 204 1217 -1773
-14824 -3012 -6792 -813 577 -1412
-14280 -3040 -7080 242 -25 -183
-14836 -2708 -6884 424 -54 347
-15064 -2448 -5876 -262 -77 545
-14824 -2236 -7148 -329 64 9
-15108 -2908 -6244 -126 -305 329
-14904 -3116 -6660 -211 -1146 2062
-14640 -2088 -6424 -235 -1472 2413
-14892 -1928 -6048 442 -708 1862
-15092 -2180 -6164 -62 -1090 2053
-15088 -1464 -6340 -397 -1548 2249
-15004 -1824 -6568 -451 -2189 2633
-15204 -668 -5536 -645 -2892 3394
-15516 -1108 -4944 -679 -2962 3455
-15616 132 -4952 -798 -3111 3588
-15840 256 -5188 -434 -3096 3642
-18312 784 -7684 -468 -3159 4292
-20136 128 -3540 -235 -2386 5999
-18700 412 -5892 -4183 -704 6368
-15728 -488 -5052 -7214 -793 5287
-15124 1532 -2264 -6432 -2145 7166
-14416 2920 -2872 -4124 -3002 8265
-15644 5116 -3836 -3458 -3596 9217
-15192 7904 -4728 -3333 -2574 9491
-16308 11244 -4056 -7224 -1716 7775
-10724 -3008 -4080 -5204 -2519 3306
-10896 -1788 -4684 -6318 1299 -1739
-11488 -3784 -2132 -7075 2286 -6974
-14356 -4744 -2920 -1974 5089 -12385
-17288 -3736 -3820 5474 8181 -16466
-19628 -3236 -6344 9576 10335 -19238
-22712 -856 -6604 10117 10582 -20308
-23616 1684 -7072 5981 9835 -20871
-22480 2204 -5476 -1171 7840 -16778
-19152 1408 -1764 1683 6637 -12054
-15116 456 -2644 8197 5451 -7677
-12612 2504 -2744 7640 3373 -4822
-11468 1984 -3040 5355 1467 -3093
-12128 3424 -2052 5311 -34 826
-12860 3476 -2704 4498 -1076 5802
-13168 4372 -2792 2535 -2173 9819
-15812 21260 16644 -10104 -18004 20881
-10048 -1604 -6648 687 530 9659
-12844 -5368 -2616 -568 2231 8392
-15340 -4292 -5512 -1404 -251 5192
-13652 -4100 -7444 1931 -90 3723
-15300 -3456 -5060 185 -936 4063
-15140 -2440 -5300 -109 936 2593
-14908 -2368 -6200 -529 1181 1987
-14736 -1872 -6564 67 1123 561
-14676 -2348 -7180 -852 106 -195
-14904 -2588 -6164 -624 548 -194
-14972 -1736 -5872 633 511 -40
-15224 -1844 -5716 90 1793 -732
-14720 -2692 -7800 -19 1103 206
-14852 -2412 -7324 -60 -282 1376
-14720 -2060 -7212 103 -873 1636
-14752 -1728 -6848 83 -972 1352
-14804 -1652 -6932 -229 -555 520
-14560 -1640 -7208 206 -219 -157
-14756 -2124 -6896 61 -294 3
-14972 -1692 -6416 85 -145 113
-14864 -1800 -6764 116 -97 67
-14728 -1156 -6668 269 235 -362
-14784 -1996 -6760 83 766 -1095
-15060 -2388 -7280 732 177 -213
-14696 -1968 -7216 417 -334 249
-14736 -2076 -6836 825 -98 259
-14840 -1896 -6648 548 -290 208
-14952 -1592 -6432 460 -310 175
-14864 -1740 -6464 935 206 -321
-14928 -1972 -6496 1134 -28 -238
-14956 -2036 -6640 1389 -268 -266
-15060 -2160 -6480 660 -333 226
