-15144 -896 -5968 825 -120 378
-15120 -868 -5876 467 -105 163
-15152 -664 -5896 639 64 -104
-15244 -908 -5712 321 306 -352
-15188 -1160 -6224 185 381 -287
-15136 -1008 -5992 373 220 -73
-15116 -888 -6124 412 203 -23
-15108 -1008 -6048 252 132 -36
-15140 -1012 -6116 125 52 129
-15004 -972 -5928 204 -117 234
-15032 -884 -6268 415 -263 282
-15104 -820 -5884 654 -145 82
-15040 -752 -6088 519 -31 -232
-15156 -912 -6152 547 17 -397
-15132 -1200 -6036 370 62 -330
-15096 -1028 -6108 501 -70 -146
-15120 -1028 -5900 473 -168 -104
-15072 -916 -5804 483 -102 -159
-15156 -1176 -6148 709 -206 -185
-15172 -1344 -6060 717 -170 -194
-15136 -1048 -5756 429 -145 -260
-15136 -1456 -5716 513 -174 65
-15124 -1064 -5892 430 -198 239
-15168 -1064 -5632 37 -259 112
-15020 -932 -6040 209 -169 202
-15088 -1000 -5804 253 -340 159
-15128 -1132 -5876 658 -267 209
-15124 -964 -5776 728 -322 187
-15240 -872 -5772 819 -278 100
-15140 -924 -5664 577 -265 -90
-15060 -1116 -5468 513 -255 -31
-15148 -1160 -5704 667 -278 145
-15144 -960 -5528 883 -226 235
-15156 -1040 -5444 822 -280 2
-15164 -1212 -5720 662 -264 -107
-15180 -988 -5452 115 -381 -244
-15272 -1268 -6080 653 -131 -144
-15360 -980 -5516 421 -352 -310
-15348 -1284 -5452 283 -590 -93
-15712 -1628 -5336 2437 -1109 837
-16312 -4272 -6864 2863 -3676 6331
-20592 -5440 -10036 3055 -4139 12435
-17280 -9160 -5144 1595 -5125 13027
-9412 -9668 -5148 2168 3130 -14359
-16088 -4136 -7064 7499 7251 -18032
-18212 2380 -8136 9551 9753 -16938
-19280 156 -3684 4949 6508 -15228
-17744 4984 -4936 1339 4340 -12019
-17056 5132 -2692 -2702 2201 -6419
-16320 5408 -1436 -24 -335 3334
-17812 -32768 -8876 8779 -10809 6366
-13396 -8172 -11760 3773 3562 11873
-21112 -820 -7440 1983 956 8250
-15424 676 -6672 -2297 -766 4329
-14812 -1996 -5996 1618 1530 1413
-14140 -3076 -7120 145 1021 1467
-15016 -1884 -6488 -1245 958 1645
-14904 -2592 -7760 -2695 -207 1808
-14664 -2276 -7136 -2513 -689 1952
-14888 -1868 -7212 -2654 -1044 2467
-15048 -1228 -5700 -2328 -741 2818
-14676 -236 -6996 -1231 -480 3060
-15580 -196 -5880 -1034 -628 2328
-14796 180 -6456 -1406 -305 1719
-14716 -248 -6712 -441 -1418 2071
-14848 2660 -4888 1118 -268 1126
-14732 888 -6428 -519 328 -1775
-15148 -436 -7272 4 184 -2316
-15364 -1012 -6944 1369 360 -673
-15292 -988 -6656 573 -817 385
-14976 -784 -7056 1008 -1605 1496
-15168 300 -5824 817 -1943 1740
-15132 -364 -6396 -80 -2263 2146
-15664 232 -5904 -1604 -2657 2220
-16524 -392 -4840 -3667 -4272 3202
-18200 -1296 -5408 -4009 -3966 3476
-16436 -496 -8100 209 -4212 3962
-16384 1048 -1728 153 -3547 4624
-14492 3304 -4468 -57 -3293 3166
-13980 2824 -4780 -720 -3456 3523
-15524 2808 -884 -716 -3856 4125
-15068 2948 -704 384 -2614 2665
-15216 3836 -3288 1001 -3165 4005
-15280 3920 -2024 714 -3091 5332
-16684 4428 -3876 4450 -3293 8082
-16360 7088 -6508 -277 -2000 9918
-15512 6060 -3668 -6435 -1317 9097
-10384 -5848 -6792 -12014 242 -256
-10144 -5256 -4028 -7765 2944 -5112
-11036 -4440 -3380 -970 6783 -10493
-14240 -3392 -4240 3973 10123 -15740
-17840 -1836 -5128 4396 11289 -19974
-20244 -2616 -5872 4334 11441 -22022
-22444 -356 -5176 6487 12439 -21433
-22680 -1432 -4176 7752 10792 -17469
-19704 6568 -3516 9926 8932 -11085
-17084 3548 -1540 1595 3138 -2094
-13268 928 -620 6088 346 3959
-12856 2832 -3480 8154 981 4632
-13768 7156 -4048 622 -1412 6343
-22800 -2996 -5992 3195 -5684 15734
-32768 14468 -23376 11374 10850 9030
-14812 1312 -2836 -5407 -2111 4393
-14940 -2684 -4980 -291 2451 731
-14392 -1732 -8588 -610 603 864
-14988 -1992 -6516 -441 616 560
-14996 -2136 -7256 -1775 2 1340
-14628 -2084 -6884 -1883 -18 1003
-14876 -1324 -6912 -757 -146 1055
-14900 -600 -6896 -308 -122 1073
-14628 -920 -7024 -27 59 441
-14864 -744 -7388 474 -110 234
-14500 -1456 -7384 1507 365 565
-15192 -1372 -6764 874 -255 1012
-14916 -1048 -6800 50 -755 1394
-15180 -140 -6772 -248 -755 1292
-14940 -224 -6948 -895 -978 1093
-14892 -424 -7028 -912 -1114 1145
-15044 -412 -6664 -1064 -1740 1506
-15476 -360 -6684 -1453 -2535 2108
-14984 276 -5444 -1471 -3180 2646
-14972 876 -6208 -1383 -3991 2795
-15688 1184 -5868 -1247 -4719 3104
-16436 540 -4104 -1390 -4868 3845
-16392 400 -3896 -2686 -5530 4529
-17776 1604 -5512 -1706 -6186 5508
-19108 2304 -6968 902 -5446 7581
-16700 364 -2608 -753 -4527 7821
-13084 5852 -1388 -1527 -4519 8213
-14148 5312 -1940 668 -4208 8881
-16052 6492 -2680 1639 -4387 9901
-15812 10072 -5040 2074 -2716 8055
-11216 -2964 -5192 -10906 -1699 1369
-10576 -2616 -2576 -6273 3171 -3868
-10112 -1712 -2984 -2473 6766 -9676
-11000 -4248 -1672 -2624 7375 -15388
-16344 -3488 -4112 1771 9945 -21439
-21212 -3380 -6280 6732 11271 -22703
-22640 -876 -8520 8245 12244 -20547
-22860 1596 -7652 7326 12423 -16456
-21408 2524 -6096 5487 8996 -10973
-17976 2072 -4868 2871 6873 -4808
-14840 1204 -4464 2328 5192 -1855
-13696 1044 -2296 3288 5184 -1862
-13140 1140 -808 4220 3272 -150
-14420 1384 -1604 5806 1382 3216
-14856 5072 -2076 3018 -2001 8635
-22368 5904 -10156 -9232 9100 4684
-18040 2204 -11100 6401 -184 14914
-14884 7752 -12524 -5631 -2793 7769
-15280 -1572 -4776 395 751 337
-13660 -1476 -10396 -1654 -256 154
-14428 -3628 -6792 -37 -11 486
-14992 -2056 -6984 123 498 1988
-14952 -2620 -5904 -1915 142 2116
-14700 -304 -7168 -850 369 1437
-14988 -508 -6252 -2017 981 -10
-14796 -2016 -7540 -2503 856 -212
-14692 -1116 -7980 -2416 69 85
-14676 -1800 -7648 -1995 -613 590
-14996 -1236 -6700 -1526 -615 621
-14828 -564 -7532 -1551 -489 673
-15036 -1372 -7176 -1715 -650 641
-15068 -748 -6784 -2391 -943 613
-14752 -1208 -7380 -1817 -1179 957
-14480 220 -7160 -242 -1444 1606
-15212 -736 -6528 -679 -1970 1773
-14880 340 -7300 1825 -2741 3132
-15460 -384 -4808 1877 -2639 3614
-14596 -104 -5740 6079 -4186 7006
-15808 1300 -2768 -1544 -5420 6894
-15376 3852 -5352 -2232 -4645 6517
-17908 2072 -7228 -581 -7018 7555
-21620 -1168 -1312 -831 -6601 11365
-20024 4596 -4300 -2452 -3769 10447
-14612 3488 -4468 -3017 -1996 8678
-12828 9120 -2276 -4520 -2165 7840
-13116 10324 -1020 -6261 -2304 7057
-13628 6916 -1056 -758 -3974 7154
-15084 9640 -2864 3492 -2653 8579
-13060 552 -4152 -9389 -2303 1327
-9632 -2044 -36 -6264 -2251 -3102
-7144 -1996 -844 1687 2947 -10036
-9804 -2248 -2976 7200 6244 -16295
-24448 -1468 -8304 3965 11456 -28113
-25652 416 -8004 4837 12438 -24793
-23220 1828 -3844 6858 11114 -17064
-20092 5156 -3496 2410 5146 -6522
-15280 -1972 -12 4158 1195 -917
-12660 124 -2324 5640 3106 -2365
-13484 2380 -3508 1667 1043 -1890
-14368 4832 -2096 -2223 -1049 1670
-17260 10000 -1348 -614 -3775 10186
-32768 32767 -2504 -21565 -8280 19962
-17260 -292 -6160 6658 4476 19487
-13588 5044 -3544 -9439 -4261 7970
-15220 -1176 -3528 -2404 2292 2630
-14244 592 -9452 -2651 140 401
-15020 -2628 -5532 287 721 -48
-14500 -1536 -8244 -863 -85 852
-15120 -1104 -6316 -284 -247 1735
-14976 -1104 -6276 -178 -99 1639
-14940 -680 -6664 -18 -34 1827
-14608 96 -7064 789 23 1367
-15336 -204 -5660 1184 370 806
-14952 -336 -6372 425 709 676
-14908 -680 -6816 -45 -26 917
-15128 -560 -7072 166 -282 1271
-15160 176 -6972 59 -726 1232
-15100 120 -7036 -335 -1058 1398
-15528 212 -6208 -1069 -1274 1639
-15204 368 -6592 -1915 -1921 2240
-15112 316 -6532 -741 -3159 3368
-15332 480 -5856 -407 -4814 5242
-15444 1756 -5252 -1255 -5431 6549
-15064 2640 -4600 -1963 -6225 6789
-14748 4148 -4428 -1705 -6024 6878
-17900 4508 -3236 -4181 -6709 5459
-21088 920 -8464 -22 -5348 8601
-18484 4000 80 -3920 -3060 7986
-14368 5216 -4156 -6272 -2100 6502
-14440 9108 -5944 -1627 -2859 9574
-9264 508 -6936 -17954 -623 1250
-8304 -3404 1380 -10968 -395 -1523
-10176 -900 796 3160 3765 -6030
-14124 1072 -3896 5827 4423 -13528
-16004 -992 -4884 5957 6377 -16334
-18028 -2856 -5144 8657 9868 -17465
-21152 -2204 -6700 11285 10903 -17543
-21956 1048 -6412 8955 9078 -16326
-20268 1768 -6436 1634 6796 -13524
-17996 -12 -3456 -1989 5319 -10271
-15968 -584 -2016 248 4392 -7350
-14620 116 -1068 4289 3423 -4322
-13748 1220 -2968 6247 1917 -657
-12652 2248 -3844 4234 406 1853
-13488 3392 -4196 165 -994 4228
-14792 2212 -6940 -4003 -2042 7902
-26852 -15092 -12388 3718 -6600 15985
-29800 20520 -22212 7211 10107 9606
-13144 3180 -8356 -9223 -2536 3734
-15836 -2140 -5580 -782 -81 1857
-13708 184 -8840 -2495 -215 2079
-14900 -304 -5688 -421 705 1582
-14956 -1284 -6332 -559 266 1525
-15404 -1284 -6764 -689 -388 3016
-14624 532 -6900 -312 -690 2867
-14916 416 -6260 -899 -322 1480
-15032 -144 -6956 -1109 -387 1405
-14528 640 -6940 -200 -199 1344
-15308 608 -6764 -366 -269 932
-14996 640 -6696 -501 -164 806
-15172 424 -6372 -823 0 232
-15360 312 -6616 -761 -223 551
-14884 896 -5468 -1328 -590 808
-15248 668 -7184 -1930 -995 991
-15348 -100 -6596 -1298 -2406 2673
-15184 1416 -6500 -1434 -3227 3433
-14692 676 -4444 -1062 -3564 4029
-14516 2664 -5596 -7 -4982 5022
-15364 2916 -5564 1305 -4785 6770
-14660 5304 -2068 -2560 -7233 7732
-16852 1172 -4448 -3377 -6922 8199
-21552 4312 -10184 859 -4384 9147
-16292 3364 1120 -2615 -1802 8354
-10200 7240 1060 -3440 -1149 5285
-11060 7648 -688 654 -1412 4395
-11756 8876 -3284 4746 -1514 3381
-12932 10040 -5020 506 -1837 4350
-13252 9056 412 -2695 -2074 5168
-14936 8688 -476 -2197 -1086 6706
-19012 7464 -2932 -2222 -2232 10814
-20320 6240 -4736 -6068 843 9248
-11736 -5416 -6440 -13709 -1952 40
-6616 -4556 -2776 -11006 2778 -8283
-8296 -3928 -1052 -3321 7504 -16479
-13176 -3428 -1460 3805 13821 -23950
-20920 -2628 -1752 4789 15071 -28092
-25312 -4076 -1464 7056 14423 -28577
-29776 4536 -2232 12352 13057 -27265
-24744 3856 -4292 13455 9564 -22070
-19968 10416 -3000 11056 6671 -12387
-15840 13120 -3068 4172 1153 1019
-14188 12724 -1776 7547 -742 12234
-30512 18708 -25304 3927 1263 19780
-19660 4924 -10608 5190 4280 18729
-15588 180 -3728 -814 2401 2049
-14680 -312 -8340 -2354 955 -25
-15216 -2484 -3364 93 1963 -104
-14848 -1392 -6248 -997 1317 -170
-15156 -1572 -6560 384 1399 622
-15028 -2128 -6400 1215 600 1080
-14916 -1232 -6404 1430 479 1438
-14348 -2152 -7236 2582 -517 1303
-15732 -116 -4840 2694 -530 1849
-14752 -1172 -6192 1617 124 1457
-15248 92 -6244 1007 -108 1558
-15160 140 -5652 381 -737 1101
-15324 -384 -6168 -156 233 1077
-15052 -84 -6136 -532 39 1565
-15732 928 -5432 -1953 435 1459
-14584 -1144 -7160 -3225 784 1624
-15088 344 -6372 -1928 286 1019
-15460 148 -6448 -2602 -292 1089
-14896 476 -7008 -1949 -1268 1671
-15364 788 -5756 -1641 -2355 2464
-15788 1344 -5816 -1633 -3193 3568
-15380 796 -5312 -2166 -5194 5414
-15392 3040 -4872 -3292 -5900 5975
-15412 2520 -4864 -2702 -6045 6894
-18004 3672 -3768 -1056 -5778 9110
-23368 652 -5380 -2750 -6101 10954
-21204 2072 -4640 -5172 -2973 13807
-14624 16812 -8764 -8007 72 10550
-8200 -2852 -2752 -22851 -518 885
-6204 -3308 3572 -14463 6684 -4176
-8348 -2916 2228 -6961 7776 -9038
-11848 -948 984 -7150 5965 -16012
-14960 -2392 -624 -109 6032 -18560
-18864 -300 -2668 8043 7528 -20052
-21300 -2312 -7548 15340 9838 -19189
-20864 1300 -8988 18985 11286 -14227
-20132 2504 -7192 12225 9532 -10033
-19216 -416 -7228 -468 4797 -5708
-16596 -2660 -5324 -3738 4637 -5193
-15052 -4624 -3296 -984 5533 -4582
-14056 -2472 -3044 2290 4810 -3992
-13604 -900 -3352 -33 3722 -3835
-12980 220 -4192 -1640 1929 -2269
-12064 2072 -4544 -4698 1250 -88
-14064 748 -4056 -6767 -415 2127
-16264 720 884 -5712 -3289 5847
31700 -32768 -32768 3574 9600 -12330
-23576 -11900 -2740 2264 -760 20519
-10096 -4916 6352 3135 -1749 10263
-15132 -1768 -2224 -5317 -2120 3892
-14976 -1448 -8420 -1363 1360 1731
-15324 -2412 -5004 -403 1800 2206
-14616 -348 -6780 -1907 1952 1659
-15012 -620 -8832 -1822 168 2008
-15000 -480 -7024 -931 -705 2458
-14772 260 -7572 -1207 -270 1589
-15028 -172 -7672 -1645 -172 1191
-14448 684 -7752 -1147 -700 1247
-15336 272 -6744 -719 -538 920
-15076 1020 -6848 -1487 -7 290
-14840 252 -7420 -1405 -373 594
-15216 752 -6844 -839 -845 1183
-14540 1544 -7404 -803 -1032 1242
-15400 628 -6460 -1042 -1150 1345
-14744 1392 -6724 -1811 -865 1624
-14776 1312 -7396 -1169 -944 2094
-14952 3028 -6096 -2846 -134 1021
-14824 2420 -7788 -4346 -487 -65
-14484 732 -8064 -2303 -2004 2300
-14856 2640 -4388 -2158 -2764 3177
-14828 -3096 -9412 -423 -5744 7382
-16124 6116 -4492 325 -3298 7668
-15332 1216 -4776 -4521 -5751 9735
-13120 8108 -5416 -7384 -4616 13104
-22032 1452 -6216 -7794 -5391 15762
-19092 7856 -6024 -6036 -4018 13547
-8928 12496 -1752 -6122 -1601 7757
-4360 12064 3976 -2882 2036 3800
-8016 12468 2696 3493 2233 -328
-11788 12968 -6584 2665 -256 -208
-13584 14460 -10072 -3665 -1664 2059
-16532 9616 -11812 -12909 3888 3556
-14728 8148 -3748 -22724 3625 7325
-13504 132 3368 -17992 5887 1913
-8352 -3556 1872 -6460 7031 -656
-8324 -964 1748 654 9578 -7116
-11536 -476 1148 940 8989 -15171
-13760 -1488 1272 1428 9277 -20088
-19288 -3192 -948 8721 10077 -24191
-22788 -2232 -6456 12478 10245 -25199
-24256 936 -9952 8759 10283 -26156
-24256 1332 -8644 1497 10538 -24634
-22568 1712 -5936 -598 9342 -19298
-19164 4404 -3372 -2835 5861 -10224
-11140 -2804 96 3292 1102 1848
-11792 -1092 -4288 7766 484 2359
-12960 3352 -5752 152 -1257 3312
-15644 2340 -3456 -4070 -4366 7462
-22208 -2628 232 -728 -148 15604
-10944 6156 -10860 -1906 590 10799
-14448 -1636 -5700 164 -80 1541
-14800 -1312 -6456 686 -313 1053
-15172 -596 -6420 827 -561 1697
-14896 -800 -5844 1394 -207 2254
-15500 -824 -6188 676 -945 2313
-14604 712 -6584 428 -1341 854
-15092 -116 -5276 1348 -619 -758
-15384 -600 -7120 1011 42 -267
-15056 -576 -6448 688 631 240
-15432 -608 -6620 -65 -123 781
-15168 -120 -6640 -443 -1255 2146
-15080 288 -5896 -460 -1221 2271
-15332 440 -6064 -835 -1804 2918
-15492 604 -6280 -960 -3126 4292
-15532 -636 -5456 -2103 -4327 5604
-15080 1016 -4776 -1809 -3881 8007
-15624 4204 -4028 -3007 -3554 8372
-13788 5420 -4092 -3821 -4059 8236
-16196 5660 -3444 -6278 -5449 8647
-16824 4592 -3532 -6611 -7502 10647
-18080 5208 -2240 -6066 -7762 13073
-14604 9408 -4296 -264 -7508 9468
-11396 9796 100 -3567 -2446 5707
-9904 11244 -28 -4896 496 4314
-10356 9932 472 -9144 2011 3587
-10276 7140 2092 -7097 1966 3264
-12504 9048 2160 -5952 -281 3102
-13964 11108 -848 -6127 -817 2773
-13440 6560 1600 -1457 517 2665
-10696 -448 -2060 6543 78 469
-9544 3128 -3804 6495 3901 -5547
-9060 112 -2032 -810 4135 -11275
-12516 -1460 -1344 1802 7339 -17208
-15808 -1980 -2288 7120 10804 -21176
-19068 -2720 -4288 9463 13044 -23552
-23488 -1972 -6168 11174 13603 -27437
-26632 -1496 -7032 9078 12405 -27456
-25596 2092 -7060 5517 11173 -23134
-21416 4644 -5208 2750 8714 -15370
-17200 6372 -3964 -1905 2965 -3124
-12932 -636 -3468 2844 514 3120
-10296 -1248 -3756 4339 2410 3315
-11804 -364 -3980 6191 1643 3646
-13804 1376 -3308 2990 -257 6487
-14480 1756 -224 4704 -2309 12444
-8352 10356 8380 12562 -163 14799
-19832 3620 252 416 2704 17548
-15224 9836 -9460 -9065 -2021 9314
-15732 -988 -3716 -867 -628 4437
-15116 416 -7108 -1018 1428 2286
-15160 -752 -6856 -936 1131 1376
-15096 -1068 -6884 -1262 -332 1685
-14756 -236 -6884 -487 -351 2130
-14960 -728 -6300 1098 -560 2246
-15860 472 -5976 -35 -81 2617
-15188 1176 -6012 -2070 401 2561
-15140 304 -6908 -2183 326 2099
-14712 1316 -6916 -832 -356 1501
-14852 1440 -6328 -352 -450 1117
-15028 1556 -6036 -468 -215 873
-14736 1540 -6980 -734 -130 782
-15436 1336 -6196 -307 -431 1354
-15104 1696 -6324 -857 -1150 2205
-15308 320 -5636 -2118 -2597 3737
-14684 2412 -5700 -802 -2655 4844
-15200 2432 -5692 -555 -3364 5654
-14928 4264 -4980 -1250 -3560 6270
-16208 3980 -5508 -1964 -4068 6159
-16912 5280 -4420 -4293 -4866 7480
-14760 5328 -3120 -6493 -5729 9066
-20052 4496 -4804 -6665 -5457 12105
-18264 4240 -4388 -5609 -5094 12486
-11068 8372 -120 -5893 -3288 9676
-9752 11276 -1288 -1684 -2963 7630
-11384 10264 -400 -3088 -2548 7171
-9132 8824 -1020 -3543 -2845 6177
-11688 13540 492 -2996 -732 6351
-11636 10380 852 -3617 -13 6351
-11960 10904 3664 -2881 2635 -487
-4964 -1020 -548 6298 4695 -8409
-5864 2512 -2952 3806 4359 -11918
-9388 -1484 -1920 2683 4466 -18992
-13832 -2516 -3744 4500 6448 -25350
-19384 -3908 -5824 8965 9562 -30338
-25240 -4740 -8252 10270 11675 -30502
-29816 -976 -10348 8334 12310 -29496
-25580 2676 -8608 5472 12213 -25902
-22680 6560 -3972 -1963 7197 -14160
-17724 3540 -1404 -465 815 707
-10664 -820 -2960 6662 1567 2855
-10496 -72 -3120 6117 2554 316
-13216 2372 -3532 2407 602 1050
-15076 2864 -1388 3563 -2124 8033
32028 -32768 -32768 20302 8075 -5438
-17712 -3288 5668 -7700 -2257 18133
-16004 4168 -12128 4002 7737 12886
-17508 2132 -5548 -7454 -960 8212
-15764 1624 -4940 -589 -1098 6135
-14012 1520 -6244 -2696 408 2208
-14880 264 -6640 28 1363 510
-14788 -92 -6552 -47 969 -218
-15576 -560 -5368 906 817 -967
-14864 -432 -7720 -1040 633 -622
-14804 -540 -6684 -1295 297 -787
-15184 -396 -6184 -1602 1204 -1141
-14480 -992 -7308 -1387 888 -581
-14824 -676 -6924 -472 772 -327
-14900 -636 -7084 -816 505 -496
-15288 -2032 -7344 -672 -133 974
-14892 -480 -7400 -522 -1179 2686
-15124 -284 -6768 -1378 -2000 3286
-14972 -640 -7200 -665 -3213 5013
-15480 264 -6124 -358 -4807 6461
-15600 1332 -5776 -346 -4573 7935
-15196 2784 -5108 -2063 -4557 8114
-17408 1164 -5264 -3140 -5173 10116
-17576 4112 -4236 -3737 -5213 10862
-16200 5996 -2776 -5499 -6655 12686
-15384 6476 -2104 -5270 -5909 12112
-19700 4800 -4556 -3268 -5604 10670
-13372 8256 -2216 -3308 -4886 8760
-9216 13216 708 -728 -4249 6111
-8420 11716 -952 -1554 -1705 4357
-11212 7444 540 -3081 -1336 3676
-11332 11116 1528 -4961 -1495 3601
-11592 10548 828 -1568 -1215 3710
-13236 14848 -336 -1269 -1235 4480
-11880 4704 -4312 -387 3831 -3406
-9480 3812 -1924 2085 12 -2046
-6256 -120 -2552 2100 3137 -8519
-7216 -1192 -2324 3818 5120 -15336
-11856 -876 -3732 4259 7641 -22287
-16152 -2388 -4884 5926 11418 -26618
-21636 -4232 -7624 8559 15440 -30034
-30392 -2972 -10016 8974 14798 -31255
-27452 2796 -9636 3589 13133 -26276
-25280 8136 -1388 -8417 7153 -13628
-16080 -3164 -1596 5072 1356 1144
-11604 -4716 -2760 9449 5120 -1289
-11360 1324 -6108 5321 2977 -1670
-13168 2376 -3880 1349 -390 2224
-13492 2636 1036 6929 -1982 7357
-15840 3832 -4952 17955 -42 14420
-24676 -8132 3308 -9956 -6546 19170
-14288 26312 -7780 3438 2063 19281
-10916 -1976 3160 -7166 -5932 7257
-13656 -132 -2204 1312 -1172 3765
-15084 -1012 -2676 510 -748 939
-15292 -320 -6728 -967 512 996
-14476 -576 -6576 526 951 479
-15384 -1340 -5992 2008 778 1413
-15500 -100 -6276 960 -214 2188
-14816 704 -6820 868 -319 1698
-15192 452 -6472 188 -178 1450
-15072 624 -6496 -431 -343 1176
-15360 700 -6768 -1003 -754 1472
-15220 712 -6192 -1431 -935 2381
-15604 1328 -5828 -291 -1528 2008
-15104 2288 -5920 -518 -2095 1678
-15360 1252 -4368 -1024 -1965 1741
-15980 1432 -5940 -398 -2533 4396
-15640 828 -4564 -3936 -4286 7672
-15912 4248 -6752 -3314 -4752 9473
-18272 3632 -1764 -5284 -6063 9775
-16516 5768 -4980 -4589 -5960 10700
-14940 6668 308 -8869 -8491 12467
-17644 5672 -1896 -4982 -7822 13825
-22020 3312 -6640 -1353 -7124 14981
-12388 11952 -1568 -1378 -2362 10092
-7404 12736 -2688 -1013 -700 6436
-7520 10292 1452 -10824 706 5218
-6632 7948 4576 -10492 715 5065
-6912 15484 7968 -5154 754 2706
-6840 2208 -404 5745 3455 -8034
-8180 3068 -1148 2247 2604 -6200
-10088 5812 -516 6438 2959 -10356
-12572 2716 -2984 6325 4131 -13689
-11968 548 -1872 5309 5452 -16103
-14004 -2152 -3488 7334 10198 -21136
-20760 -4008 -4088 8025 12753 -23735
-25056 -2212 -6940 5633 10318 -25276
-25656 1744 -7312 1595 10253 -26551
-23564 -612 -7136 -2068 9729 -23112
-20064 3708 -4536 -2109 8304 -14502
-16924 404 -2180 2781 3032 -2551
-12264 -760 -4508 8840 2745 2914
-10548 -1764 -4564 8070 3473 1502
-12332 1852 -5216 2877 2060 1648
-15464 2244 -3348 -3499 -1410 6901
-16364 -492 36 2117 -4110 14539
-32768 11060 31272 -2097 -25080 24345
-10760 2436 -1560 3661 1503 14660
-9332 10800 -3780 -5364 3585 9387
-14648 868 -6844 -844 -237 3732
-14760 568 -6552 -802 848 669
-14736 -576 -5256 -1776 1881 -1338
-14288 -744 -8972 -1938 1043 -880
-15480 -1276 -6648 -857 -37 248
-15132 -1168 -7356 -1167 -271 1679
-14448 96 -6472 -353 33 1461
-14896 -196 -7420 -533 515 746
-15432 -376 -6708 -1205 197 1035
-14648 44 -7744 -1273 -454 1313
-14576 1292 -6260 -556 -159 853
-15040 616 -6472 -1080 924 -529
-14836 -212 -7492 -936 668 -125
-14940 84 -6912 -1047 -2824 3685
-14956 1724 -5748 -121 -3848 5269
-14840 1008 -6104 100 -5656 6075
-15228 2352 -5084 -454 -5604 9237
-13820 5260 -5244 -3689 -6994 8972
-16132 5740 -4240 -4340 -6079 8415
-18064 3568 -3660 -6698 -6357 11254
-15768 6400 -1316 -6912 -6398 13601
-20720 5060 -5172 -1742 -6650 10689
-10844 8560 -1076 -4411 -4351 7499
-8596 11640 456 -550 -793 5140
-11244 11384 -988 -2748 2093 4019
-11024 7788 648 -5727 209 3812
-11676 10684 592 -6106 -258 4817
-11288 8668 1112 -3429 -867 4986
-13888 15804 708 -2592 -1743 5209
-10172 9572 820 -2771 110 4041
-9504 948 -2104 520 870 -67
-8012 1696 -1724 5400 3404 -4554
-6064 -1240 -1956 5039 4094 -11416
-21176 -2884 -6560 15309 10073 -30997
-28456 -2036 -10396 18195 11941 -31424
-29540 588 -12864 12417 11447 -28935
-24364 4504 -7804 2463 11321 -23210
-20948 7876 -2468 -5538 5635 -11601
-16428 3692 -1580 -1894 371 1087
-12400 -1112 -1848 4453 108 4412
-10712 1040 -3968 7912 2170 3483
-12724 4184 -4404 3906 176 3574
-16112 6312 -1752 1745 -3913 7479
-8240 -32768 -28120 -6407 -6256 -10599
-18772 -14084 -1516 72 2146 20180
-18092 14356 -16684 1806 5162 13025
-15808 -80 -1888 -2985 -653 4705
-15092 -508 -5836 -2510 1300 2356
-14204 300 -7992 -3457 -75 1173
-14596 -1284 -7336 -1196 434 1143
-15324 -1440 -6152 -1107 -619 2609
-14672 220 -6432 667 -958 2889
-15732 1092 -6096 872 -522 2243
-15064 424 -6572 -847 332 1605
-15060 116 -6892 -770 -30 1645
-15236 796 -6108 -1607 -50 1625
-14760 1300 -6860 -1918 76 1095
-14984 948 -7080 -1307 -280 1252
-15164 996 -6448 -1292 -815 1597
-15040 1316 -6344 -1646 -1194 1864
-14972 1776 -6620 -1786 -1791 2109
-15008 2216 -5212 -2074 -2560 3423
-14340 1416 -7680 -43 -3889 5547
-15280 2916 -4768 430 -5208 6084
-18112 680 -4968 -1339 -5665 8474
-13360 7240 -4112 -2692 -5901 8512
-16236 4616 -4412 -5424 -6101 8665
-17572 5520 -608 -6315 -6981 13047
-25008 2760 -4256 -6007 -7234 13928
-13792 6904 -3408 -101 -8511 14314
-8112 15352 -2728 409 -3214 8773
-3944 12016 344 -2238 -680 4055
-7140 12460 3456 -5047 -1311 2767
-8804 12688 1940 840 482 1542
-12716 12228 -208 427 1145 2561
-13244 10364 -1944 -3950 -1149 3501
-13016 7700 360 -2254 447 -218
-8788 936 -2032 1787 1908 -3301
-7668 2564 -2520 1222 4234 -7411
-9584 -1180 -3128 1321 5417 -14266
-12704 -3300 -4276 3422 7873 -20312
-15580 -3340 -5536 7198 10266 -26307
-21648 -4004 -6904 9448 11617 -30745
-29208 -3588 -10304 10805 12613 -32768
-29812 1736 -11192 6295 13118 -29588
-24676 3396 -6388 -289 12009 -21353
-20568 6060 -2164 -1791 4263 -4791
-16068 1072 -1276 4009 1206 4352
-10596 624 -3340 7085 2457 4021
-10712 1844 -4496 3894 2085 1831
-12984 1676 -4232 -1735 -143 2896
-14636 816 -732 -1246 -1784 5337
-15124 1516 -1328 3799 -4380 10291
-32768 32767 18468 -5490 -25822 28007
-24712 8884 -6804 5082 580 16440
-14068 6984 -7856 -5557 -145 7669
-15332 -908 -4176 -2354 -205 2644
-14724 -684 -5812 -1670 1130 1065
-14476 -1724 -6380 -2354 1593 706
-14612 -756 -8040 -1990 -2 1119
-15344 -836 -6548 -1732 75 1604
-15052 -380 -7168 -681 -787 2167
-14804 380 -6744 -160 -544 1528
-14820 176 -6964 -332 -192 637
-14432 672 -6768 119 204 -82
-15288 -208 -6196 -27 768 -196
-14948 -208 -7036 346 530 464
-15268 -192 -6812 -119 82 840
-14900 -96 -7320 -520 -765 1637
-15084 224 -7036 -633 -1413 2025
-15128 472 -6464 -797 -1969 2517
-15056 -680 -6520 -431 -3500 4091
-15340 824 -6044 -240 -5644 6967
-14352 1952 -5076 -256 -6019 8378
-15180 3860 -4788 -780 -5333 7730
-16100 3604 -4128 -704 -5897 9952
-18232 3196 -2576 -5381 -8150 11098
-13752 6320 -1036 -5706 -7723 10970
-18632 4560 -3624 -3988 -5443 9656
-12332 7600 676 -4611 -3501 6999
-11612 10660 -748 -4692 121 5094
-12024 8264 -3764 -4840 2160 3311
-11648 7672 -48 -6379 -901 4049
-13252 9116 -1340 -3178 -1513 5065
-14068 8364 -1140 -1497 -3564 5163
-14900 13392 1016 -1731 -3344 6246
-8476 -1256 -2324 4452 -94 -373
-7736 1612 -2948 6692 3923 -4669
-6588 -940 -2212 1958 5650 -13675
-10036 -3388 -2868 1958 7841 -21548
-16796 -3100 -5096 4463 11869 -28423
-24564 -3840 -5612 8608 14717 -29832
-30152 -2612 -8360 11049 13983 -30003
-27784 776 -9668 7450 11400 -25469
-22660 5088 -6852 -575 10073 -17706
-18700 5548 -3752 -2256 4303 -4591
-14280 2684 -3600 1477 2673 2498
-10132 1172 -2524 5458 2960 3843
-11172 2360 -3476 8599 3041 3850
-12028 3400 -2888 5574 1487 6239
-14960 2328 2280 4490 -2942 11771
-32768 32767 27156 -18202 -714 23470
-30184 10056 -7176 3645 1667 18390
-14704 5404 -4164 -9637 -2954 7667
-16000 -536 -4948 -385 -971 2994
-13720 688 -8072 -2618 18 -61
-14988 -2216 -6052 -2018 468 -165
-14436 -580 -7648 -1311 421 1354
-15688 -560 -5740 -994 98 1765
-14924 12 -6980 -871 -103 1598
-14312 1216 -6776 392 240 555
-15464 -20 -6676 -1014 836 -841
-14596 244 -7260 -1220 1348 -1290
-14632 -192 -7504 244 1098 -999
-15180 -712 -7932 -1006 418 -900
-15072 -1088 -7900 -388 -852 1097
-14648 -428 -7348 335 -2085 2401
-14940 948 -6560 711 -1739 2052
-15024 -80 -6828 -327 -1780 2318
-15008 -100 -7128 88 -2753 4111
-15252 300 -5944 -498 -3936 5403
-15092 1584 -5412 138 -4640 7181
-14872 2124 -5220 -1592 -4888 8466
-16908 2124 -3608 -2801 -5331 10706
-16776 2272 -5472 -5455 -5705 11898
-15724 7208 -2260 -6772 -5116 12294
-19024 4580 -4580 -5881 -5713 13189
-18508 4904 -5592 -2603 -6077 13623
-9144 8172 420 -1363 -5045 10018
-3648 15828 1092 2258 -3735 5998
-7204 14484 -984 508 -1832 2923
-13504 12536 -936 -139 -1679 2111
-15448 10896 -2460 -3962 -1849 4595
-9856 7300 -2088 -3940 1491 4919
-11536 2556 -1120 -3622 41 801
-8724 2508 -224 4835 2330 -3626
-6340 212 -3556 3845 3066 -10481
-7860 -1652 -3032 3713 3980 -18823
-12384 -1408 -4476 5545 6771 -26652
-19332 -1580 -5464 7134 10278 -32156
-26440 -2680 -7684 8988 11901 -31422
-30188 748 -9492 11057 13927 -28358
-25572 1396 -4548 10253 11687 -22182
-21196 13496 -4216 -847 4506 -8746
-15752 4056 -4124 -3046 -2108 2620
-8772 -1516 -3536 935 1003 672
-11496 -228 -3172 4040 1671 188
-13888 6156 -2296 4609 -412 6102
-21872 -32768 -10084 -4140 -11087 7335
-20720 776 -4208 3092 3187 22074
-9176 4956 3724 -14606 -6857 9421
-15644 2356 -8352 -1075 -1273 6149
-14484 664 -7588 -1098 -168 2232
-14600 -196 -5708 -23 929 204
-14652 -1060 -7144 689 126 -173
-14340 -324 -6328 2569 -361 566
-15436 436 -5544 639 319 1313
-14788 424 -6680 347 -183 1003
-15008 932 -6644 916 -365 313
-15016 560 -6552 403 74 273
-15204 480 -6364 -190 96 599
-14984 444 -6552 -499 -12 1195
-14816 1196 -6648 -642 -472 1228
-15044 548 -5372 -1743 -211 1647
-15412 448 -7280 -2170 -700 3614
-15508 192 -6796 -2785 -2743 6064
-15976 -664 -5804 -1561 -6119 9625
-15152 4752 -5736 -3196 -3961 10273
-16864 2592 -3288 -5595 -5312 12763
-13556 6904 -4312 -4749 -5716 13010
-22716 1472 -4284 -7974 -6943 15111
-15152 4404 -1600 -5817 -7420 16353
-9376 11260 -2960 -831 -5058 11356
-2020 16276 1432 -923 -6581 6809
-5212 16572 1320 -894 -4711 2726
-8864 14236 -80 -800 -11 761
-13020 11628 -648 -2194 2487 1460
-14156 9396 -2656 -7406 472 3611
-9132 8096 2604 -6988 2857 1472
-8496 1892 -388 184 3907 -3947
-8160 2836 -84 2932 4584 -7827
-9600 2572 -964 5080 5080 -13138
-11176 1552 -2300 3921 4611 -17521
-13580 -332 -3644 4175 7099 -22498
-17176 -1968 -4264 7672 9819 -26051
-23496 -2832 -7864 9701 11411 -28172
-27780 592 -10512 7328 11439 -28350
-25488 1816 -8600 -1329 11019 -24914
-22260 4532 -4288 -6892 8449 -16535
-18648 2748 -1376 -4212 2139 -2577
-13556 -1924 -992 5754 1222 3781
-10216 -1532 -4624 9856 3458 1771
-10716 712 -4792 6105 2121 908
-14068 1020 -3108 2779 -160 4846
-14832 1432 1480 5238 -3779 12054
-22444 -6816 -32768 -13420 -6890 -654
-16720 -4360 -6412 3373 580 19149
-31936 5752 -18260 5842 12180 3782
-15636 -1348 -3116 -5934 -1163 1962
-14328 -136 -8280 -265 -495 1615
-15596 -228 -4892 2358 834 1121
-15744 176 -5392 613 767 1802
-14720 -476 -6936 241 605 2506
-15172 304 -7208 688 -60 2818
-15100 384 -6724 210 285 966
-15412 236 -6716 -1085 454 441
-14500 0 -7372 -765 -847 1059
-15104 384 -6812 878 -1067 897
-15268 56 -7124 320 -1352 2544
-15056 540 -6680 -79 -1373 2236
-15168 540 -6056 -407 -1992 2406
-14652 1548 -5796 -397 -2114 2243
-15744 -552 -6548 -1118 -2773 3660
-15384 1508 -5944 10 -5364 7103
-15020 1956 -5232 141 -4817 8899
-20156 4500 -3112 -7778 -6240 8742
-26732 -1232 -4596 -5299 -6413 11623
-9892 7276 -1516 -2923 -4189 11122
-6712 10476 480 -2415 -2473 4904
-10328 10332 -868 2145 -2016 3785
-11940 9636 2240 710 -6053 5773
-13020 13376 -1584 4113 -4399 6061
-13332 16400 -2560 199 1220 3728
-8464 -3972 -6028 -9109 -740 -3689
-6528 -2364 -1784 -6198 3573 -8850
-4792 -4444 -284 -793 7248 -16517
-10200 -5316 -1452 5759 11036 -25754
-21704 -5612 -5848 9853 12150 -32517
-31644 -4620 -10956 12505 14621 -31873
-28008 1668 -9416 11705 17376 -25318
-24016 8148 -5872 3324 6732 -9264
-20364 1740 -4232 635 3315 -15
-12808 -4404 -3528 6826 3571 -1517
-13976 -1452 -6556 9834 6462 -5188
-14144 476 -6808 9221 5946 -4389
-14828 952 -5916 10287 5929 -1887
-14616 308 -4660 13003 5684 2853
-13048 -64 -5012 14192 5007 6918
-12304 -2664 -2324 15536 4957 7423
-13596 -76 -3788 14619 4396 8214
-11700 740 -2960 9240 2816 10285
-21308 -14416 -11240 -2599 -3463 18749
-32768 6824 -18304 1377 12969 4442
-15112 -384 -6724 -7014 -219 5944
-15340 2724 -7308 -1106 3214 1810
-15244 -980 -5688 -2588 3408 198
-14688 -1508 -6992 -2286 1764 97
-14640 -408 -7892 -1109 668 748
-14556 -1532 -8352 342 -217 1865
-15304 572 -5844 1177 -433 1774
-15192 800 -6116 -366 271 557
-15740 -720 -5040 -2364 -143 30
-15396 -140 -7796 -1044 -1616 1486
-13900 1204 -7328 -398 -1256 1048
-15220 496 -5512 -354 -1315 343
-14484 1132 -8512 694 -943 69
-16212 -1380 -4388 1022 -1134 18
-15732 -1028 -6072 690 -1562 2081
-14924 364 -6676 -325 -3637 3863
-15460 -1224 -6628 2185 -5435 6747
-15600 1892 -6584 3974 -6494 8952
-18672 948 -4916 -534 -6186 10247
-16668 3688 -2176 -1820 -5615 11297
-16844 4024 -5032 -2516 -5811 11426
-18132 3804 -1276 1168 -5754 13496
-15344 7364 -3632 -1457 -3097 9169
-13708 7528 -2904 911 -3706 8606
-12872 6320 -2000 -1729 -5450 10477
-12120 9404 700 -2782 -5620 9920
-8732 3944 -1568 -2544 53 -2439
-7108 396 64 -1033 -3143 -7716
-7184 656 -932 2987 -2231 -14338
-9820 2108 -2812 7212 3 -19808
-14588 1916 -5580 5434 2220 -23614
-18880 -468 -6380 9787 6402 -22376
-21768 -1164 -6412 18307 13431 -20603
-24444 -1664 -9852 23209 12819 -17581
-22856 5508 -9112 12813 7428 -15177
-19344 3648 -9920 -5950 4482 -13203
-17204 -2192 -4388 -13624 3927 -10409
-16056 -3280 -1476 -3637 5360 -7263
-14924 -2260 -1724 7214 5657 -3948
-14256 144 -4960 8991 4123 -1589
-12372 -388 -4804 5001 2822 -374
-12996 -436 -4320 2375 1752 449
-12512 176 -3164 -279 -112 2588
-13352 900 -1616 -259 -2493 6713
-29676 13092 1756 -2017 -7853 21189
-13536 3164 -11720 952 3263 19020
-8888 15332 -988 -10626 -1674 8689
-15984 1580 -5812 -580 816 3987
-14744 -1840 -5888 -1219 277 1687
-14824 -1112 -6812 75 242 644
-14868 -1096 -6640 679 13 597
-15004 -960 -5828 1707 275 690
-15420 -1104 -6420 1186 710 264
-14840 -432 -6656 585 1158 166
-14864 -816 -6812 723 1325 -791
-15256 -1484 -7388 -1090 1492 -232
-15244 -464 -7348 -2166 620 1251
-14736 -1188 -7900 -2961 287 1044
-14468 -904 -7764 -1480 -313 1188
-15068 152 -7032 -1576 -601 920
-14912 -584 -7204 -1978 -993 1130
-14740 -600 -7724 -1756 -2007 2160
-15216 340 -6832 -707 -2113 2512
-15304 -356 -6564 -1264 -3379 3593
-15188 840 -6588 531 -3426 4766
-15444 1856 -6056 -1355 -3623 4460
-16612 1304 -6128 -1226 -4169 5339
-16028 2644 -2972 -2841 -3804 6162
-16772 2624 -4524 -4112 -4712 7250
-17180 2808 -5720 -2041 -4491 7684
-16816 3332 -2648 -1995 -4452 7933
-15688 4228 -6192 -2774 -3347 6723
-17144 3812 -6040 -3889 -4385 9842
-18516 10692 -4588 -288 -6271 13385
-11824 11408 -9112 -8911 -1572 10417
-9192 -1456 -3400 -13934 -978 477
-6164 -1204 148 -7199 846 -4369
-6680 204 1044 -551 3971 -11513
-10924 2624 1320 2123 7253 -16399
-16148 2272 604 3468 7310 -17840
-19464 1892 -1292 7191 7191 -18303
-20632 -8 -3940 7412 7365 -17506
-20816 -416 -6148 6523 7543 -16782
-19140 -384 -6288 4614 7013 -14892
-17988 -864 -6540 5432 6628 -12683
-17040 -876 -7436 4859 6886 -10558
-15856 -836 -7132 2647 5565 -7588
-15040 -1284 -5780 979 4866 -4166
-14628 -1056 -5576 -418 3371 66
-12968 -3804 -3848 2469 3021 2111
-11744 -4192 -4944 4847 3183 1693
-11396 -2392 -4920 4070 2826 680
-12864 -288 -4876 2840 2269 1276
-14476 1188 -2732 307 185 4364
-15412 3200 708 4187 -1883 11152
-31208 -19252 -13900 3456 -4789 21875
-23420 26212 -15852 10015 11668 15225
-13824 1760 -1500 -4855 -3768 8993
-14988 3204 -7632 942 -173 4150
-14448 704 -4872 670 434 1831
-14848 -292 -5616 -435 743 880
-14556 -96 -6724 -460 829 699
-15120 772 -6588 380 926 -81
-14676 -584 -8284 -876 1199 399
-14568 280 -7880 532 55 -639
-15236 -312 -6216 119 676 -544
-14868 -332 -6920 -1806 1352 -1091
-14344 -204 -8420 -678 387 -1405
-14840 -1360 -7924 -417 213 82
-15156 -620 -7160 -904 -456 1044
-14624 -236 -7840 -1419 -541 1334
-14804 8 -7224 -1276 -1050 1508
-14852 416 -7516 -1255 -1225 1515
-15088 148 -7408 -544 -1782 2496
-15536 72 -6252 -1476 -2436 3500
-15724 892 -6264 -1839 -2867 4940
-15740 508 -6336 -1725 -4420 6134
-15008 3348 -6768 -283 -3871 7327
-15684 3232 -4584 -1225 -3596 7649
-14868 3448 -4436 -1431 -3310 7773
-15784 3484 -5976 -2779 -3330 8483
-18764 4980 -6308 -2860 -3228 9994
-19056 2584 -3368 -3437 -3582 11403
-15068 5744 -3288 -5568 -1966 10278
-12512 9640 -2172 -1341 -4336 9936
-12148 10404 -5808 -1574 -4497 10022
-11236 10864 -2680 -3140 -4012 9162
-9512 11944 -312 -3867 -3621 7933
-4984 792 -3616 -11479 4936 -6648
-6664 1380 1348 -6955 -193 -8484
-8456 2464 68 134 2178 -12862
-11460 4976 -1468 4969 4256 -16029
-13616 2360 -3008 4669 4243 -17530
-15924 -592 -4692 8331 6785 -19961
-18364 -1512 -5988 10644 9147 -21147
-22296 -1396 -8596 9726 10562 -22616
-23416 -920 -8376 5573 9687 -21868
-22004 936 -7268 217 7669 -17518
-19052 456 -4748 -2420 6344 -11100
-16420 -196 -3244 1783 4185 -5078
-13968 -1784 -3260 4385 3615 -1905
-12616 -1344 -4340 6239 3047 -887
-12828 -132 -5472 4082 2111 -217
-12836 76 -5556 834 1172 1364
-13152 652 -4832 -2531 117 3911
-13896 -700 -2340 -783 -1633 6047
-32768 27576 -5420 -9934 -852 15867
-15012 -5204 -12480 6473 2207 14932
-24320 7332 -11380 1030 1644 8485
-14504 -2524 -2200 -6811 -2237 3812
-15044 -988 -6196 -2398 1208 2334
-14128 -2044 -8488 -3863 -1290 1166
-14732 -684 -6464 619 451 1526
-14940 -2104 -6576 -677 68 1624
-14684 -228 -7364 -66 -36 1719
-15040 -620 -6428 -334 154 785
-14552 -292 -7988 335 -77 104
-14948 -1316 -7860 488 -258 737
-15356 -932 -6868 1071 -815 2074
-14968 -204 -7048 1384 -1314 2357
-14928 124 -6252 779 -898 2572
-14916 408 -6844 -805 -632 1903
-15116 316 -6788 -1475 -702 1670
-15108 556 -6984 -730 -1777 2216
-15436 664 -6812 -1044 -2516 2950
-15288 40 -6196 -693 -3573 4800
-15040 1400 -5920 -1510 -4804 6635
-16020 1360 -6200 -728 -4560 9484
-16336 2996 -3876 -1638 -4263 10303
-15884 4280 -4132 -1524 -4298 12312
-14544 7896 -4024 -3006 -3916 9673
-19724 3680 -4392 -3608 -4052 9603
-15896 6624 -4628 -3404 -3611 8052
-9504 7732 656 -3811 -2007 6105
-8652 11848 -404 -31 -2476 3358
-10360 10916 -1892 1253 -1496 2616
-14492 10672 -4248 817 -1764 2909
-15820 8868 -4328 -2371 -2139 4851
-14952 11192 -4524 -3922 -630 6844
-7664 9608 -2064 -5555 2486 4333
-8932 400 -2388 -6692 2920 -1732
-7112 1112 364 -390 3940 -6883
-7704 -312 -2220 1931 4174 -14182
-10876 -1244 -3564 1729 5157 -20833
-15148 -2216 -4500 3463 7499 -25456
-21568 -2924 -6208 7854 10379 -28281
-27480 -2384 -9660 10511 10718 -27381
-25824 440 -9232 7087 10773 -22573
-22312 2728 -5784 1068 8535 -16067
-19592 3048 -2380 -866 4562 -6794
-14940 28 -1964 3759 2093 -433
-12356 616 -3944 5015 2660 297
-11584 1256 -4004 1631 1563 435
-12608 2428 -4256 129 790 2166
-14112 2416 -3296 -1289 -572 5542
-14548 1588 -208 4328 -2905 10555
-29512 -21616 -15616 7190 147 17139
-11900 6060 -740 -62 1379 14414
-17192 2808 -11028 -6627 -389 6110
-15684 -128 -3244 -271 407 2538
-14564 524 -7996 46 842 -746
-14332 -2032 -7532 -1038 -21 -1039
-14696 -1444 -7700 -2729 666 -158
-14980 -1732 -5896 -3129 100 863
-14764 -1144 -7984 -2214 -279 1756
-14584 -1100 -7572 -547 -273 2085
-15128 156 -6780 -1557 -358 1122
-14600 620 -7328 -2012 98 -117
-15136 -664 -6532 -1512 903 -1089
-15020 -836 -6836 -1352 451 -343
-14764 -160 -7808 -909 83 189
-14960 -236 -7820 -98 -767 1046
-15060 -104 -6904 19 -1238 1644
-14700 604 -7096 896 -1592 1904
-15360 580 -7208 2066 -2692 3516
-15184 468 -6160 806 -2667 3554
-16856 -2384 -7252 2205 -5484 6761
-14396 2516 -5516 1517 -4605 7051
-17104 68 -4384 -398 -5980 8770
-16448 3812 -4444 -1669 -5170 8983
-18076 2700 -5640 -1998 -4696 10739
-20444 4764 -5676 -4034 -4770 13225
-22892 1180 -5436 -5611 -5216 15902
-10556 8508 -2164 -7564 -1997 10716
-6980 11508 3236 -1290 -2550 7649
-7512 9960 2036 1620 -3616 6063
-7952 12396 448 3243 -4503 5436
-12896 11928 -2528 7022 -5234 4721
-13516 13344 -2980 3259 -4658 5338
-11612 11656 -3868 -2836 -2636 5679
-8480 9128 -7376 -11853 5272 -2670
-8892 1368 1584 -9450 2894 -7694
-7592 200 -484 -318 4877 -10471
-8452 -256 -1852 2824 6778 -16533
-11796 -860 -2596 2293 7937 -22022
-16800 -1736 -4128 2023 8712 -26464
-21996 -3408 -3784 4927 11676 -27665
-27092 -1308 -6372 8298 11654 -27130
-25620 356 -6632 4017 9036 -23357
-21096 4016 -5580 -4416 6778 -15381
-18012 1064 -956 -5014 1767 -5362
-13372 -2076 -956 6325 1291 1489
-11708 -276 -4424 9980 2782 1152
-11268 1952 -6212 4351 1667 627
-12228 3304 -2468 1404 -56 4049
-15400 -404 -4188 9106 931 10057
-19832 -21496 -11340 -5344 -1439 16260
-32768 25912 -28412 4236 14259 14461
-15104 -64 412 -3224 -57 6581
-15748 1292 -7276 -1377 842 3245
-14136 -560 -6032 -3932 725 92
-14700 -484 -7920 -2952 1046 192
-15172 -988 -6392 -2120 1030 1155
-14496 -376 -7504 -1079 200 1735
-14188 -640 -8284 2605 -781 2643
-15144 1764 -5780 3677 44 1753
-15816 424 -5184 -313 1418 -153
-15640 336 -7052 -2224 1621 106
-14796 1256 -7376 -2722 611 831
-14732 384 -6744 -2777 210 547
-14772 228 -7892 -2836 -245 880
-14992 552 -7492 -667 -717 1660
-14268 1608 -7032 972 -1118 2994
-15840 1408 -6080 757 -1496 3816
-15060 2812 -6448 -764 -1664 3484
-16256 864 -6788 -981 -2280 5140
-14164 4440 -5784 -2212 -2266 4475
-15084 3420 -6792 -2152 -2430 5869
-14084 4636 -5996 -814 -2308 5497
-14676 3016 -4528 -1621 -2462 6504
-15608 5992 -5308 -3935 -2691 7699
-18188 3248 -5844 -6237 -3961 10508
-21072 5020 -8504 -507 -4473 12385
-15464 8072 -3840 -5073 -4070 11728
-8508 9588 868 -3302 -863 7506
-9552 10524 -956 -1056 1540 4419
-11124 11660 -4352 -43 567 4108
-11864 11888 -6520 -1714 326 5709
-13588 10476 -6132 -6478 -256 7462
-13708 11900 -5864 -7796 2203 9211
-10156 9876 -8676 -13442 8248 1058
-9360 956 992 -14716 3905 -4218
-5520 1784 -560 -3535 6965 -8678
-8048 -600 112 -61 8601 -14795
-12820 -912 752 2424 9419 -20176
-17248 348 -1940 2106 9682 -25251
-22076 -2004 252 2195 11946 -28008
-25656 -248 -2072 2853 11031 -28634
-26120 -40 -3632 -4641 10382 -30913
-25024 -1100 -776 -6160 6568 -25407
-19832 8136 -1192 1282 5743 -15746
-16228 9344 -2796 -258 -2328 -1702
-14336 7152 -5748 -6776 -5084 5471
-12096 3592 -5416 -7299 -3987 10047
-1312 -32768 -32768 11653 -5175 -2769
-13216 -944 3312 -4421 -310 20478
-22924 10800 -21580 4945 9598 9597
-15308 1652 -4092 -4430 -1633 6555
-15164 588 -4428 -346 950 2513
-14064 488 -8216 -2371 550 209
-14572 -464 -7540 -1286 107 -716
-14288 -1748 -7888 536 -758 -665
-15188 -1052 -6176 1144 -1614 1256
-15176 -196 -6704 551 -1293 2764
-15012 732 -5836 -639 -613 1615
-15156 476 -6292 -404 -222 1053
-15188 180 -6024 -291 -245 1247
-14984 1204 -6352 369 81 999
-14960 868 -6236 510 67 633
-15288 524 -6104 313 -231 1178
-15260 676 -6744 123 -595 2157
-15268 1336 -6004 -518 -1189 2841
-14756 2296 -6176 -1330 -1775 2363
-15984 64 -6624 -606 -2699 4850
-14732 2732 -5464 -1206 -3665 5383
-15652 2532 -4888 -1238 -3834 7078
-15092 3408 -4356 -3773 -5065 8311
-17380 3036 -2748 -5504 -7142 10818
-20520 4608 -3512 -5237 -5781 11366
-12052 10204 -1332 -5421 -2981 7711
-10952 8572 304 -5589 548 5063
-14360 8508 -2228 -6828 2491 2581
-12616 10160 -4944 -8925 2446 4661
-14712 9892 -1704 -10056 1178 3857
-11552 8376 -3604 -9531 2143 5085
-13044 10080 -436 -12440 1074 5017
-12256 5796 2560 -3683 2248 2264
-8984 2664 -568 4835 4376 1113
-9540 3484 -2944 4525 8156 -5022
-9444 -292 -2632 -2631 7562 -11886
-11932 -3604 -256 -849 8806 -17526
-15744 -4436 -548 4875 11825 -23662
-21824 -4096 -2768 9555 11842 -27314
-27680 -1372 -7988 7691 9719 -29494
-26172 344 -9108 2600 9795 -26443
-21712 1936 -5552 1896 9634 -17988
-18776 5260 -3552 3340 5197 -7179
-15088 1260 -2040 2943 1688 806
-12436 456 -2576 4277 556 2911
-12324 1128 -2764 3059 -317 4423
-14380 3676 -4152 2508 -1677 8054
-14348 5432 -2464 829 -3198 11541
-12772 188 16344 19468 5683 10461
-26156 15024 -7672 1112 8054 9769
-14424 4536 -6084 -5344 414 4196
-15604 -2432 -5408 114 1507 1228
-13764 -860 -8132 -1944 1199 -407
-14764 -3108 -7160 -3099 2083 -1067
-14280 -2024 -8592 -946 1773 812
-15612 -2196 -6188 -371 745 1323
-14352 -1984 -8888 250 230 1337
-14904 -788 -7140 513 -291 1155
-14764 -1736 -7284 -777 345 810
-14468 -1264 -8064 -903 391 741
-15312 -2308 -7420 -932 -561 754
-15272 -792 -7556 -1327 -1020 2040
-15036 -660 -7152 -2234 -1194 1965
-14304 -600 -8260 -2024 -1589 2219
-14860 -124 -6952 -1604 -1730 2253
-15292 -804 -6864 -1829 -1979 3129
-14996 -208 -7516 -1125 -2109 3928
-15152 656 -6296 -1731 -3663 4949
-15676 1308 -5488 -90 -3293 7624
-15408 4932 -6892 -2254 -5280 8107
-15540 4816 -4588 -4536 -3216 8376
-15400 2576 -4672 -4047 -3030 9825
-16928 4960 -4024 -8457 -5097 12488
-17396 6844 -4712 -6019 -3021 11577
-21904 -1612 -5980 -6734 -5659 15814
-2700 11784 5072 3170 -6415 8786
-7784 15924 -8636 6018 -4822 2248
-9512 10480 -3352 -2699 -3338 2420
-10832 11016 2388 752 -804 1243
-13240 10000 -2052 1422 -653 1501
-16508 12532 -4580 -1613 -2377 4788
-16600 10372 -3636 -3242 -1588 6794
-15232 7804 -2160 -7972 -1251 6844
-7408 176 -1352 -6034 1994 -189
-6468 -344 -644 -1359 3477 -6390
-6588 -2396 -488 1276 5619 -14929
-11328 -3592 -2324 6523 6598 -22791
-15960 -2540 -5044 10419 9332 -29532
-23556 -1864 -7464 11342 10983 -31726
-28384 500 -9568 11558 11892 -31886
-28176 2532 -10132 4628 11675 -29152
-23536 3888 -5952 1676 10421 -22242
-19708 8568 -1456 -3200 4928 -8897
-15724 4304 -2116 841 -291 3879
-12868 672 -2036 6626 -1124 8410
-12760 2548 -4028 8176 899 8803
-13784 1588 -3128 4002 -1773 9703
23504 -32768 -32768 13239 7679 -7478
-22976 1636 5052 -5643 -1239 16277
-15460 -124 -10092 373 4218 9938
-14596 -784 -3736 -5655 -3025 7106
-14916 -728 -5580 583 871 4283
-15084 -608 -4652 -479 745 2920
-14696 -524 -6248 -997 680 2326
-15128 -360 -6040 -791 1038 2571
-14688 572 -6676 -384 1291 895
-15220 -828 -8084 -671 1239 303
-14824 -92 -7168 -106 375 172
-14616 120 -6996 123 365 175
-15244 436 -6860 -422 654 169
-14740 156 -7052 -393 476 212
-14976 -4 -7140 -153 532 73
-14948 40 -7388 -512 533 68
-15136 -292 -7128 -728 -78 889
-14848 36 -7140 -956 -543 1654
-15136 212 -7492 -794 -1240 2226
-15032 8 -7140 -1348 -2020 3468
-15156 1476 -6640 -1377 -2783 4459
-15740 732 -6356 -1584 -3650 4965
-15244 3072 -5708 -1235 -3830 6521
-15928 2544 -7460 -3041 -4845 8255
-16784 3288 -4224 -3016 -4610 10153
-14892 4776 -4680 -5321 -5769 11152
-16072 6112 -4320 -6632 -6135 12942
-18604 4848 -2740 -7831 -7522 14634
-10900 8100 -1904 -4641 -6475 12112
-7040 11376 -52 -800 -3102 5717
-8424 13328 -1460 -3560 -743 3655
-11792 10308 848 -3574 1291 2447
-13076 8948 472 -2296 -117 3108
-14768 9568 -960 -1248 -1906 4321
-14016 10876 -2172 -1564 -1267 5189
-10332 9596 -496 -2982 553 3540
-8004 3576 -976 516 954 -1880
-4804 1828 -1360 1863 2684 -8085
-5708 -2692 -2460 1867 4970 -17608
-12884 -1928 -3956 4581 6770 -24878
-17868 -2312 -5104 6590 9533 -28244
-23192 -3644 -5808 11810 13008 -29437
-28904 -2956 -9100 13315 11681 -28214
-26576 2120 -10348 7119 10689 -25457
-21492 2848 -5288 782 8829 -18110
-18528 5396 -1936 -875 3886 -6858
-14732 2012 -1836 1866 62 2883
-11492 -260 -3472 6108 349 4319
-11672 420 -3720 4560 1110 3146
-13020 2204 -4592 2675 291 4312
-14636 2320 -2400 397 -1633 7830
-17652 7068 16296 528 -7928 17486
-24684 16152 -7908 2591 4563 16246
-15644 5860 -12124 -11844 -3642 6299
-14960 -680 -3376 1329 1140 2472
-14332 -608 -6340 -548 529 1494
-15040 -408 -6808 234 996 446
-15036 -1652 -6508 -237 1712 -102
-14940 -1072 -7504 -1085 1423 115
-14764 -512 -6812 -1669 1652 -1084
-14852 -2180 -7704 -664 1999 -1201
-14668 -2100 -8492 -925 297 439
-14732 -1912 -7848 -1069 -976 2161
-14468 -848 -7500 -276 -1002 2257
-15244 -260 -6664 -453 -811 1718
-14856 -752 -7940 -585 -872 1766
-15004 -508 -7240 277 -2613 2834
-15108 -948 -6944 -117 -2579 3603
-14868 504 -6812 296 -2504 3740
-15616 -552 -5252 -331 -2835 4504
-15360 1476 -6420 -428 -3639 6006
-15744 1532 -6320 -1200 -5085 7028
-15816 2596 -4180 -1625 -4580 9340
-16368 2320 -5544 -3872 -6171 9215
-16136 5840 -4316 -4804 -6198 12490
-16612 6524 -368 -8428 -7347 12874
-18284 5700 -3288 -5923 -5896 13855
-16840 6332 -3592 -2521 -5673 12195
-8192 10172 1672 -62 -4898 7736
-7044 12260 -2804 1546 -2060 4100
-9256 11232 -1068 -3016 -797 3600
-10816 10284 1192 -3113 -459 2838
-7528 9388 988 -2103 -383 2785
-10856 13852 3476 -2267 -424 2877
-13188 12576 -1136 -3565 1253 2715
-12536 9588 1684 1750 1597 1084
-9884 5544 -1972 772 3095 -1659
-8428 3060 -1908 -3598 4321 -4686
-7960 -88 -876 -126 5445 -10096
-8784 -2084 -1620 8170 6331 -16164
-11740 -2272 -4564 11127 8629 -23720
-18868 -2200 -6764 9650 9825 -28630
-26360 -672 -8804 6861 10665 -30768
-28912 -92 -8172 -1077 9910 -28795
-25760 432 -6268 -3394 9006 -23443
-20460 1300 -3940 -1011 7750 -14275
-17160 1388 -2556 4328 4253 -4024
-13480 1300 -3960 9832 3125 1283
-11956 1640 -5472 8365 2586 2764
-12132 2684 -5036 4536 1632 3655
-13292 748 -3960 3642 514 5824
-14168 1920 -4084 3735 -913 9694
-14456 -4160 -9472 14932 2200 12702
-22488 -5048 -5752 -142 -5691 16725
-15420 1304 12192 3521 10201 11434
-16276 804 -4468 -6706 -1737 6102
-15484 788 -3936 310 -336 3525
-13852 1448 -6948 -2501 -958 1641
-15136 -16 -7072 -118 356 356
-15012 -460 -5976 353 176 1197
-15084 -904 -6640 1006 -111 1958
-14788 328 -5928 1291 -730 1767
-15048 448 -6396 387 -701 2041
-15104 992 -6360 220 -544 1773
-15264 1048 -6096 -570 -96 1330
-15172 940 -6772 -947 -431 1846
-15244 1160 -5940 -841 -557 2019
-14948 1820 -5668 -948 -474 1692
-14652 1668 -6136 -905 -498 1284
-14956 1548 -5896 -953 -940 1251
-15400 2132 -6184 -397 -1885 1714
-15260 1716 -4804 -845 -2019 2300
-15700 2448 -4808 -1561 -2404 3356
-15288 2744 -5700 -1578 -3232 4424
-16288 2896 -4792 -2092 -3809 6513
-15760 3496 -4344 -3468 -5312 8894
-15368 5132 -1724 -5675 -8208 11034
-14360 7004 -1996 -5761 -7034 11710
-22580 2736 -4704 -4533 -7456 12683
-9580 10420 -992 -1329 -4987 9019
-7304 10428 2620 50 -1490 3160
-12440 10316 232 -1850 1155 1707
-13524 8244 -2212 -3286 1510 2014
-14800 8820 -408 -3710 -1199 4462
-15564 8540 -708 -927 -1888 6672
-15828 12968 -3268 -587 -3006 8763
-10372 1448 -2212 -4150 825 3212
-7332 -1436 -1976 -4454 872 -783
-4404 -1088 -1420 1133 7254 -9601
-6920 -2824 -1956 1855 10069 -20742
-14516 -4308 -3560 1864 12250 -29971
-27724 -2784 -5296 6530 16472 -27922
-28656 -628 -4716 11239 14421 -24898
-23360 4952 -4404 11958 11276 -19382
-20416 6924 -2644 -1440 4228 -8931
-16096 2392 -388 -2559 -358 -216
-11572 -428 -1200 6638 43 1778
-11660 2340 -2952 8405 925 2278
-12324 6752 -2180 1515 -2088 6356
-13676 4560 428 5880 -4433 12111
-25868 -7492 -10440 421 -6600 16622
-13904 2208 -2116 2558 6175 14290
-17216 2044 -4636 -7084 33 6597
-15856 804 -4804 -736 557 4502
-14560 1352 -5880 -1290 843 1122
-14996 -1380 -6628 -666 1197 -383
-14916 -760 -6200 728 659 503
-15212 -392 -6368 1132 283 1377
-15540 -24 -6120 914 179 1939
-14956 660 -6592 663 -76 1841
-15132 -540 -6508 749 -489 1171
-15028 692 -6356 -267 -179 735
-14936 872 -6148 -930 270 874
-14812 264 -6384 -1239 99 355
-15320 356 -6696 -445 75 1119
-15448 344 -6656 -1495 -686 2070
-15128 408 -6480 -1872 -2097 3672
-15096 1872 -6060 -1029 -2815 4792
-15736 172 -4684 -1616 -3043 5762
-14812 3972 -5512 -2234 -3807 7271
-16296 2612 -4688 -3227 -4783 8297
-11868 6660 -3912 -2986 -4069 8107
-16488 5324 -4452 -4372 -5437 7412
-17640 4072 -3728 -7488 -7838 12520
-22344 3964 -5672 -3399 -6361 11779
-16628 6356 -4988 -2123 -3740 11235
-8592 11424 -368 -5236 -490 7424
-5968 10944 5420 -5552 -91 4716
-7980 11984 4780 -1538 -146 2898
-10036 11348 828 2690 -573 1210
-12944 10996 -1284 1487 -2014 2048
-14872 11660 -2248 -42 -2519 3278
-14480 10120 -3100 -2743 -1442 4429
-10984 1612 -2796 -6804 790 -295
-9200 1132 -1268 -2000 2398 -4025
-7632 -1820 -2740 287 4638 -11227
-9948 -2620 -2436 3610 6391 -18078
-13592 -2908 -3944 6087 9327 -25166
-20636 -3408 -4572 9477 12075 -29834
-27436 -2816 -8208 12234 12828 -31677
-30900 4 -9536 11019 13583 -29280
-24936 3036 -7532 7193 12163 -23136
-21988 10848 -1856 -3997 5682 -10225
-16308 3700 -1244 343 -71 2712
-11004 -500 -2204 4791 -270 5710
-9264 -720 -2572 7392 1519 3499
-11980 2716 -5324 4933 1216 3305
-13140 3244 148 -3076 -2169 6479
-14380 -32768 -32768 2421 -24673 -4349
-16692 -9772 3888 2895 -3856 23827
-20604 2096 2816 3065 5837 7451
-15908 -724 -3848 -2779 -406 2318
-14992 -756 -6652 -53 2131 338
-14888 -1256 -6140 -553 1656 -716
-14748 -2184 -6964 483 1488 -198
-15012 -1856 -7292 -631 246 1011
-14860 -1916 -7348 592 331 1232
-14972 -1772 -6628 -1404 3 1428
-15140 -204 -6932 373 -998 1953
-15320 -760 -5876 609 -1420 2211
-14736 -928 -6612 441 -1805 2525
-15196 228 -5920 70 -1744 2154
-15036 332 -5948 -549 -1301 1995
-15316 336 -5716 -366 -1074 1663
-15172 480 -5608 -525 -948 1705
-15248 684 -5564 -409 -894 2183
-15588 428 -5656 -586 -1335 2859
-15036 1680 -5532 -372 -2057 3225
-15532 940 -5608 -1281 -2441 4364
-15280 1264 -4780 -1010 -3095 5696
-15796 2036 -4324 -1683 -3146 6537
-14212 4096 -3508 -2125 -4020 8580
-16436 4160 -4024 -3842 -4636 9292
-15992 5272 -1008 -6478 -7320 11061
-20028 4148 -5032 -6937 -7991 13213
-24048 2576 -2480 -5366 -8440 13819
-12796 7232 -1376 -4546 -5657 11305
-4724 12844 1856 -3937 -1074 6295
-9596 12904 1012 -6317 2468 4390
-11672 11992 -1320 -3593 2400 1618
-14052 10312 396 -6058 449 4599
-11588 3292 -1208 -6132 2129 1924
-8968 3172 268 -2139 3389 991
-8132 3104 716 6192 6186 -4047
-7508 1640 -3260 7847 6879 -11763
-10016 -980 -2464 4943 5401 -17642
-13860 -2056 -2992 6851 6069 -23952
-20016 -3860 -4968 9629 9418 -29015
-27740 -3552 -8400 13209 11260 -30583
-28372 1000 -10600 8380 13693 -29776
-23608 1252 -5928 3018 10805 -21104
-20528 8624 -1896 -2630 4665 -6546
-15464 -40 -2124 353 -49 2917
-10504 -440 -2440 5626 1626 2525
-11600 -1644 -3988 8584 2003 1936
-12324 1168 -3820 5462 1140 3466
-13676 1048 -4380 7322 85 6636
-13532 -640 -2724 6139 -1661 9044
-22252 -2336 324 -1139 -4124 20612
-15584 8804 -6284 5997 -1779 14547
-20072 640 -11632 -7106 2439 5660
-15204 -1152 -1940 -1150 1197 2489
-14180 -984 -9004 -2831 721 1008
-15184 -756 -4888 -217 2207 1529
-15464 -844 -5696 -1072 2081 1577
-15500 932 -5396 -418 1327 1062
-14988 864 -6876 -193 1376 -488
-15072 -396 -7972 -1103 174 -1780
-14596 -628 -6848 -823 251 -1659
-14792 -1352 -7632 -165 211 -735
-14580 -424 -6612 114 834 -81
-15580 -736 -6208 -184 444 -165
-14792 -1016 -7424 85 513 -13
-14904 -380 -6972 449 237 -29
-14800 -608 -7056 199 222 -339
-14720 -572 -7292 366 174 -387
-14960 -1000 -7076 152 11 -167
-14828 -832 -7160 245 -81 -61
-14860 -756 -6972 526 -236 -173
-14836 -544 -6904 704 63 -323
-15288 -548 -6896 1123 350 -707
-15200 -988 -7416 933 169 -655
-15036 -1232 -6956 580 -122 -59
-15032 -948 -7556 -13 -598 -44
-14756 -564 -7032 -33 -794 -212
-14884 -1228 -7184 -103 -899 -397
-14940 -1140 -6584 639 -627 368
-15088 -644 -6632 336 -612 -66
-14888 -1024 -6596 282 -453 -149
-14852 -984 -6732 404 -405 -62
-14976 -956 -6548 360 -404 -9
-14936 -1140 -6520 248 -213 -46
-15136 -1096 -6656 225 -333 -35
-14868 -1108 -6780 395 -297 66
-15040 -1096 -6372 467 -207 173
-14936 -936 -6496 378 -276 239
-15048 -932 -6456 525 -83 251
-15016 -796 -6356 305 -65 6
-14948 -964 -6348 399 12 -1
-15004 -944 -6460 370 -66 5
-14948 -832 -6440 383 -85 41
-15052 -904 -6420 427 -110 71
-15116 -812 -6432 532 -107 199
-14992 -836 -6380 396 -53 10
-15060 -836 -6544 453 3 77
-15024 -756 -6472 351 -3 114
-15004 -812 -6508 403 -83 154
-15092 -908 -6476 311 -68 33
-15096 -988 -6396 338 -12 49
-15060 -872 -6496 332 -114 145
-15076 -896 -6556 241 -18 188
-14932 -772 -6532 275 -28 262
-15016 -692 -6276 214 -36 283
-15056 -880 -6336 61 -36 212
-14952 -684 -6212 -114 -44 95
