-14360 5756 -4348 291 108 67
-14516 5816 -4228 345 40 35
-14448 5780 -4260 374 -44 49
-14460 5784 -4176 481 -39 45
-14416 5820 -4260 485 -101 35
-14400 5880 -4100 401 -100 27
-14412 5912 -4100 331 -66 7
-14280 5968 -4360 232 -10 46
-14316 5996 -4144 168 -2 13
-14304 5996 -4164 175 75 24
-14392 5988 -4140 -36 95 41
-14336 5960 -4092 14 118 58
-14344 5808 -3948 -126 145 0
-14348 5916 -3956 -146 115 45
-14324 5832 -4124 -190 189 2
-14372 5840 -4288 -290 176 -15
-14416 5952 -4056 -407 210 -76
-14252 5856 -3840 -589 73 -121
-14500 5816 -3924 -495 155 -142
-14252 5840 -3944 -405 122 -100
-14336 5904 -4140 -177 111 -121
-14280 5912 -4152 33 58 -78
-14396 5832 -3960 163 33 -26
-14500 5944 -4144 274 148 46
-14196 5892 -3988 289 180 92
-14452 5912 -3892 410 64 123
-14456 5856 -3992 457 142 117
-14292 5992 -3948 420 50 73
-14404 5940 -4020 457 22 71
-14408 5892 -3956 509 -11 27
-14420 5892 -3932 426 -75 -6
-14420 5880 -3800 408 -42 -24
-14372 5796 -4044 440 -57 -23
-14404 5892 -3908 484 -66 -28
-14492 5908 -3888 632 -190 -44
-14276 5896 -4088 496 -14 -23
-14376 6052 -3784 432 -74 -27
-14428 5848 -4028 434 -61 6
-14388 5972 -4000 466 -98 -2
-14436 5988 -3960 442 -141 -8
-14380 5872 -3992 481 -91 -27
-14296 5980 -3940 406 -70 -43
-14340 5868 -3944 413 39 -19
-14396 5992 -3872 453 -67 -32
-14472 6020 -4052 596 -19 12
-14304 6056 -4012 530 -49 31
-14324 6092 -3944 538 -20 42
-14320 6028 -4096 470 72 27
-14240 5920 -4004 432 74 120
-14452 5920 -3864 515 235 159
-14316 5744 -4024 661 130 214
-14360 6032 -3912 739 15 213
-14396 5996 -3864 609 -179 146
-14388 6044 -4068 518 -110 93
-14404 6304 -3888 294 -105 61
-14284 6056 -3880 197 -41 37
-14312 6112 -3832 112 88 66
-14312 6032 -3864 166 154 122
-14204 6008 -3932 263 333 199
-14304 6064 -3948 172 173 144
-14320 6220 -4048 133 176 167
-14268 6280 -4120 -6 89 132
-14324 6388 -3984 -95 -81 75
-14124 6272 -3948 -152 66 136
-14032 6124 -4364 8 581 205
-14468 6364 -4304 76 810 216
-14096 6056 -4436 -86 849 509
-14500 6372 -4284 -113 665 640
-14220 6404 -4348 -187 358 730
-14040 6612 -4244 -270 353 938
-13716 6640 -4332 -478 360 812
-14036 6696 -4380 -449 798 992
-14032 6728 -4624 -199 982 1091
-13984 6724 -4744 -328 985 1231
-14316 7172 -4692 -397 42 1683
-13548 7372 -5180 -705 691 1998
-12824 8448 -5296 -1240 1840 2374
-13412 8056 -2732 -1205 1978 2264
-15092 7980 -3364 -557 27 1683
-14388 8720 -3452 -1048 -484 2833
-12944 7784 -2164 -569 -2414 1947
-13044 7092 -1428 -93 -3346 1120
-13268 7260 -1728 972 -3290 -175
-13904 7028 -1252 1581 -1992 -605
-13456 6584 -1940 2779 -2836 -989
-12564 8000 -748 3192 -1981 -152
-13208 7812 -1544 3063 -791 249
-12744 8420 -1088 3382 -766 140
-13120 7916 -968 4416 445 453
-14204 9428 -4008 4395 -156 817
-16736 10596 -1880 2431 1312 2223
-14988 8360 -1272 2712 -2928 -1800
-15812 11608 -3352 560 -585 -1293
-13192 9272 -5052 871 1297 -3426
-11692 8032 -7336 2325 4794 -3951
-11244 7008 -6804 2277 3641 -4524
-12424 6640 -5216 866 3142 -5010
-12672 5008 -6152 75 3467 -4658
-11524 5624 -6088 314 2848 -2673
-13372 5568 -6820 108 2171 -1980
-13076 5812 -6516 211 1929 -1645
-14188 5292 -6412 -238 1133 -1310
-14916 5332 -5600 -826 602 -597
-14320 4764 -5372 -2027 24 -960
-14580 4224 -5160 -2740 93 -1385
-15776 3656 -5624 -1895 564 -1434
-15264 4168 -4380 -1440 707 -2096
-14096 4896 -5880 -904 2536 -1155
-15636 4940 -6128 -1365 3013 645
-16700 3228 -6132 -1356 2608 499
-16512 2412 -5852 -200 994 969
-16080 4044 -8432 404 384 1759
-17044 7784 -9128 1922 839 868
-13684 8720 -5652 -1001 -2904 1885
-13140 5472 -9432 -250 -2626 2505
-11976 9492 -7352 -771 -4453 2198
-10936 8632 -5912 -3050 -4720 1081
-11836 6224 -6380 -2683 -3445 1058
-11176 6848 -5992 -1664 -3182 653
-12548 8312 -5320 -1846 -2986 1244
-12200 9088 -4076 -2649 -2284 1479
-12188 7708 -3328 -2573 5 1245
-13660 6996 -3424 -1656 584 2607
-14056 7080 -2528 486 541 2543
-14560 7348 -1556 634 -859 2015
-13200 6484 -1360 729 -1612 852
-13680 6760 -1888 1262 -1640 -335
-13948 6664 -1496 1977 -2004 -789
-14580 7564 -1816 3101 -1532 -415
-13552 8708 -552 4049 -989 183
-14032 8876 -840 3920 274 -367
-14024 7524 -1020 4148 1838 217
-14700 12440 -6352 2398 623 479
-17028 6596 -1120 2713 1523 660
-15452 8784 -4016 2257 -1152 723
-12624 9540 -5800 1154 -1405 -264
-12880 8460 -8476 2585 2888 -2017
-12456 8976 -7828 2296 555 -3414
-10860 8040 -5500 427 1113 -3982
-12204 5716 -6236 945 2978 -4641
-11524 6124 -6284 1156 2797 -4495
-11276 7124 -7040 -27 3182 -4052
-12616 6976 -7900 -2026 4620 -3731
-14048 4344 -7100 -1633 3112 -2725
-14952 3912 -7280 -645 2612 -3112
-14884 3872 -7500 -320 1582 -2145
-14040 3876 -7308 363 -380 -841
-13972 3684 -6276 709 -85 -1286
-15364 3972 -6360 320 348 -933
-14700 3524 -6016 -747 -279 -588
-14316 3648 -5932 -598 260 -404
-15076 3956 -6456 -946 720 -59
-16000 3328 -7072 -936 635 658
-15548 3556 -6516 -432 -11 1244
-14716 3504 -6152 -696 180 1583
-15068 3244 -6340 -631 613 1779
-15368 3756 -5948 -881 -578 1488
-17268 4288 -7200 -219 1997 227
-17536 5008 -7816 861 417 132
-13820 5832 -6484 -391 -3821 83
-12196 6048 -5732 -2628 -3074 170
-12732 4892 -7864 -1463 -2215 225
-13016 8712 -5976 -1601 -3828 540
-11712 7292 -5300 -2410 -3374 -225
-14516 5692 -5496 -1037 -3352 1165
-12544 6528 -5088 -257 -3011 1676
-12616 7844 -3808 -1135 -2700 1535
-13276 7376 -4780 -1204 -1595 1808
-14336 9160 -4052 -2534 -2545 2126
-13592 6788 -3060 -2088 -3443 1163
-14188 3988 -1984 647 -801 2986
-14560 5880 -780 1483 196 3514
-13248 5860 -92 2088 -1311 1466
-14272 5300 -464 2443 -1359 934
-14916 6988 -628 2383 -1087 1078
-15496 6884 -736 2197 -2197 1261
-13168 6440 -1016 3191 361 1932
-12420 8156 -144 4100 417 809
-13956 9016 144 4685 1132 558
-13600 7696 -856 4656 3394 433
-14996 8476 -4872 4764 2211 1406
-16716 10364 -4284 480 1026 3400
-16108 8284 -3668 1491 -4452 -3071
-12048 10400 -4352 -344 -2054 -2312
-12172 5148 -8084 2176 2687 -3078
-11192 8140 -5384 4401 1348 -4205
-11208 7796 -5084 2506 996 -4455
-10684 6860 -4256 2398 966 -4267
-13972 4584 -7772 2189 132 -2929
-14008 8416 -5472 2665 675 -1556
-13016 6260 -5324 87 274 -4617
-13340 4764 -5880 -382 2318 -3302
-14680 4512 -5428 -844 1464 -1212
-14280 4460 -5132 -1116 1071 -1598
-14484 4808 -4388 -1728 962 -1638
-14596 4280 -3776 -2366 2262 -2974
-15212 3084 -6044 -3287 2884 -2863
-15300 2132 -5876 -2469 2113 -1074
-15624 2492 -5984 -559 809 15
-15832 3872 -6428 -555 837 1471
-15304 3604 -5504 -1501 1308 2201
-15248 3468 -5644 -1947 1664 2411
-14532 1764 -4316 -1853 1439 2802
-17136 3612 -7188 1960 1790 3465
-17604 6464 -6352 3608 1722 1512
-16080 6496 -7236 207 -89 1173
-13060 5588 -5844 -1049 -2308 740
-12216 6040 -6808 -1135 -903 1168
-13224 7540 -7644 -202 -1834 1484
-11460 9372 -7016 -1662 -2022 921
-12188 7608 -5156 -2423 -2878 586
-13020 5904 -6364 -480 -1335 473
-13948 8012 -4824 -245 -2649 138
-13544 7040 -6296 -203 -3444 665
-12128 8584 -5928 -817 -3161 1783
-12508 9504 -5056 -2033 -3175 2490
-13988 7652 -3812 -2170 -1885 2378
-13356 6656 -3804 -1457 -1339 1877
-13356 7380 -2668 -745 -1191 2016
-13268 6924 -2024 -184 -1392 1341
-13356 7344 -1732 339 -1525 406
-12992 8100 -2188 2273 -1601 -1287
-15080 8448 -1244 2519 -1209 -3235
-14416 7448 -2452 2641 805 -1753
-14096 7692 -3008 2543 -391 10
-12704 7240 -2040 2650 -103 204
-12880 6848 -1876 2597 1140 798
-12448 6532 -2012 2485 1853 880
-13708 6780 -876 1836 1853 919
-15876 5600 -2388 2813 1522 1451
-16876 10116 -2644 1145 -699 2455
-18248 7776 -1608 1567 -1350 1833
-14020 7192 -3740 1826 -3542 165
-11432 9036 -7048 1144 277 -684
-11572 9536 -4292 1314 716 -3336
-10584 7168 -4844 278 2377 -4429
-12236 6848 -5864 1716 2456 -1664
-11960 9036 -7448 1381 1496 -447
-12824 9100 -5468 16 -395 -2513
-14012 5140 -6056 -206 2765 -3663
-13168 6856 -6648 248 2937 -2604
-12832 6608 -6360 -359 1432 -2702
-14184 5660 -5328 -491 2326 -1583
-15416 4996 -5868 -435 2488 -1483
-14160 5008 -5692 -703 368 -1801
-14312 5196 -5812 -1190 -1460 -1824
-14508 4252 -5508 -1109 -1039 -2290
-14528 3436 -5512 -170 -68 -2054
-14728 4212 -5152 239 406 -1245
-14444 4396 -5476 173 997 -685
-14184 3636 -4960 21 1445 -200
-16060 4108 -5140 1398 1091 110
-15040 4484 -5520 2537 1089 202
-14776 4324 -5652 910 1565 1866
-15076 3252 -5408 498 1995 2490
-15964 3068 -5196 -607 1820 2538
-16472 3912 -9068 402 670 2542
-16564 4656 -8520 3477 2661 1923
-14824 9180 -5932 1901 3448 1667
-12144 7860 -4616 -3140 -804 1803
-13360 4884 -7576 -3145 2627 712
-14264 6104 -6796 -1411 845 1357
-12760 7272 -7184 -1087 -1058 305
-13680 8532 -6492 -3243 -2599 -434
-11996 8140 -6764 -2231 -3478 -797
-12032 8060 -6536 -1608 -2757 -511
-12612 8532 -5264 -2525 -3442 278
-12444 7516 -6028 -2386 -2461 1286
-12788 8944 -5484 -2705 -2175 3209
-12956 7816 -4148 -2193 -769 3134
-13572 7100 -2128 -2307 3 1631
-14360 5528 -2704 9 -398 671
-14236 5680 -2252 2070 -2532 168
-13848 6540 -2228 3191 -2915 383
-14184 8320 -2400 3599 -3948 -52
-13072 6880 -1700 3960 -2577 -315
-13840 6904 -2488 5500 -1007 256
-14024 7444 -2080 5809 -3765 747
-13164 7552 -1816 6857 -2446 1495
-13692 10128 -4636 5972 -803 1768
-13708 11980 -828 786 2082 3402
-15652 6248 -4212 4565 -335 -151
-14864 10368 -2072 2673 -2256 -129
-14412 8964 -4532 647 -788 -1486
-12396 9444 -5200 1464 1547 -1881
-11796 8212 -5772 1027 3964 -2115
-12528 7076 -5272 2680 2639 -1893
-11392 6172 -7628 2617 1656 -2649
-11944 8344 -4892 2598 -314 -4068
-11776 6768 -6592 976 -318 -3824
-12260 6072 -6924 1383 818 -3273
-14080 6384 -7004 1465 761 -2596
-14472 6684 -6432 662 -142 -1659
-14244 4876 -5728 -157 -107 -2328
-13744 5760 -5276 -884 369 -1354
-12972 4796 -5400 -2148 1401 -1070
-15052 5100 -5236 -2577 2360 -511
-14676 4436 -5400 -2649 2534 -714
-14648 4752 -5280 -2609 2368 -781
-15256 4308 -4988 -3240 1987 -578
-14480 3648 -4892 -2865 1311 39
-15156 4932 -4832 -3488 752 1187
-15184 5396 -4664 -5501 1362 1711
-16112 4872 -9212 -2230 2031 2957
-16972 4920 -6540 1664 3023 -9
-15564 5860 -5588 330 2180 653
-15612 6088 -4468 -364 -1591 806
-15280 5240 -4896 -83 -229 -530
-14968 8140 -6772 1906 -1392 972
-14700 9740 -5868 928 -3944 2063
-12448 7712 -8112 -404 -4342 3998
-10056 7276 -5912 -1237 -3809 3647
-11036 8292 -5116 -2082 -3114 2600
-11736 7084 -5296 -2593 -2400 1799
-11796 6516 -5092 -182 -2572 2265
-12612 8188 -4388 935 -409 1202
-14052 9792 -2780 -1605 -983 -792
-13656 6596 -3364 -1734 -1869 214
-14044 7200 -1768 -420 -1695 705
-13052 6520 -2572 1921 -2259 -395
-13156 7196 -1984 3260 -1714 -248
-13348 8884 -2536 3035 -3299 -87
-12548 8396 -980 2797 -2789 -837
-13368 7716 -1012 3156 75 -1285
-14380 8040 -1908 3024 727 -767
-13276 8464 -1596 2250 557 -631
-13452 6404 -492 3268 938 -249
-14108 5288 -1548 4809 1521 322
-15120 5184 -1600 5613 162 981
-17636 11436 -80 804 1061 3359
-16604 7784 -5316 1970 -4188 -2918
-13900 12032 -4888 773 2254 1505
-10840 7924 -4708 1211 665 287
-10436 7788 -6028 2315 3263 -871
-11812 8156 -6004 1622 1746 -1566
-11976 7368 -5288 765 1680 -1772
-13952 6524 -6220 789 1254 -2917
-12632 7128 -5580 515 205 -3099
-12504 7016 -6100 527 464 -2940
-13456 5972 -6724 1285 307 -1923
-13256 6708 -5724 1370 -296 -1264
-13996 6420 -5308 630 396 -1787
-13808 5916 -4988 -6 1261 -2084
-14636 5548 -4856 -443 1034 -1758
-14852 5068 -4792 -1210 1513 -1490
-14132 5516 -4684 -2295 1905 -1049
-14404 4928 -4756 -2542 1634 -1154
-13492 3296 -4152 -2285 1840 -2239
-15716 4396 -5160 -1210 2567 -486
-15088 4836 -5592 -1955 534 1024
-14928 4392 -4784 -2734 1275 1476
-15772 5080 -7296 -1150 1443 947
-18596 5304 -7684 2781 2656 25
-14992 7936 -4632 1946 1429 888
-15120 6056 -5008 -1285 -2122 1193
-14200 5100 -5724 -391 188 -825
-12916 4580 -7692 1731 1492 1191
-12412 7336 -8400 1702 -1333 1747
-12132 10052 -7152 395 -1330 960
-13340 7400 -6128 -1447 -1819 220
-14032 6100 -6476 -1003 -1598 978
-12612 7112 -6424 -634 -1661 1549
-12724 8500 -5744 -1496 -1252 2305
-11940 6952 -5076 -1326 -504 1749
-13372 6880 -5308 -424 737 1889
-14120 7348 -4868 -46 -271 1338
-13836 7044 -4480 782 -1680 1029
-14020 7488 -4484 896 -2417 1169
-12964 7156 -3568 1 -3622 508
-13512 6732 -3056 985 -3073 159
-13396 5764 -2428 2823 -3403 -80
-14172 4780 -3168 5150 -3444 1055
-12668 6976 -3208 6594 -2364 2289
-13108 9912 -2876 6425 -1315 1922
-12464 9780 -1700 4676 -257 730
-14684 9272 -5344 3595 1231 86
-16424 9840 -2860 944 4667 2908
-16004 6944 -3732 3979 -2076 -2252
-14004 10308 -3144 1632 -1450 -675
-14140 9600 -3640 -519 -2179 -765
-12944 8100 -5972 -287 -2193 -661
-12792 8556 -8092 762 3010 -226
-13432 9344 -6752 190 2742 -2477
-12244 5924 -6100 1527 1792 -3008
-11576 5512 -6384 2558 1427 -3881
-12468 6648 -5276 1679 -93 -4028
-12708 5488 -6000 1001 -1312 -2941
-12212 5880 -7056 524 -351 -3144
-12840 8156 -8256 -751 1326 -1958
-13852 5140 -5844 -818 694 -1504
-14300 4848 -5476 103 2511 -2194
-13856 4124 -5176 -506 2825 -732
-14384 5220 -4512 -262 1712 -687
-16388 4120 -5288 -837 1050 -1251
-14384 5100 -3900 -707 353 -2030
-14300 3408 -4644 -2257 1409 -2042
-14636 4552 -5716 -3008 1133 -182
-14856 3628 -4848 -4019 761 55
-15716 3216 -5688 -3512 1812 499
-15740 3964 -5120 -3894 1150 1421
-17776 4620 -7332 -59 3899 446
-16824 6260 -5432 2809 2068 90
-14392 6284 -6720 -2126 -388 1570
-15972 5388 -4936 -825 139 -99
-14492 5088 -7772 -373 522 681
-12672 6816 -7256 -1196 -2492 1728
-10444 6248 -8656 -1329 -305 1801
-11344 9316 -6284 -1273 -1079 638
-13788 6884 -6208 -2200 -1550 -187
-14088 5764 -7064 -629 -1756 1554
-12792 7696 -5072 -966 -2853 1330
-12712 7652 -5160 -1644 -4053 1066
-13512 7096 -4212 -1039 -3077 1192
-12960 7204 -3396 -308 -2524 443
-13104 7088 -3216 -125 -1383 515
-12336 6680 -2288 459 -1097 -184
-13900 6732 -2088 1344 -707 166
-15068 7216 -3380 1142 322 925
-14184 7376 -2968 1113 -1787 414
-13544 6756 -2952 1716 -1748 697
-13760 7136 -2616 2719 -66 721
-14464 7852 -3076 3181 -119 502
-14140 7176 -1448 3647 -117 379
-14836 6672 -1700 4013 1271 1013
-15340 6160 -876 4914 64 898
-18436 15368 -2044 -1380 -1231 4885
-15944 6800 -2860 -422 -3898 -1045
-11472 7212 -3908 1943 688 299
-13000 7264 -8704 2546 3452 328
-11504 8748 -6712 3996 831 -1547
-12248 8088 -6012 2806 -369 -1261
-12432 7248 -5740 2227 225 -2785
-12432 7012 -6528 2752 1102 -2722
-12116 7348 -6004 1819 -891 -2451
-13328 6136 -6460 1474 -185 -2487
-13524 6468 -6552 1580 410 -1997
-13328 6372 -6100 1204 466 -1920
-13700 6536 -6012 291 684 -1542
-13564 5560 -5868 -378 1564 -826
-14628 5424 -5832 -553 1463 -900
-14432 4644 -5184 -632 1316 -1377
-14944 4788 -5392 -1305 2275 -1762
-14500 4880 -5872 -1900 1581 -1447
-13752 4448 -5552 -2511 1237 -900
-13720 4156 -5596 -2350 1688 44
-14596 3996 -5988 -2289 2214 586
-14824 4656 -5944 -2648 2376 1468
-15284 4320 -5696 -2135 2007 1664
-15936 4192 -5804 -1959 3122 1949
-15176 7664 -12352 -521 1283 1881
-18108 4100 -9568 2996 5996 1077
-15092 9092 -5060 674 339 171
-13308 6628 -5584 -2349 -924 -563
-12436 6804 -7088 -3093 1606 -1322
-14184 5984 -7608 401 193 -620
-12144 6480 -8228 795 -1443 58
-11376 9272 -7992 -688 -2546 221
-11812 8108 -7876 -1405 -2281 338
-12708 7768 -7372 -969 -1743 684
-13088 7496 -7028 -1027 -2011 777
-11932 7768 -6128 -1220 -2780 687
-12292 7740 -6156 -1212 -2546 1260
-13204 8788 -5724 -792 -2455 1328
-12460 8792 -4220 -1581 -3035 1144
-13268 6668 -4668 -1287 -1131 1840
-14496 6984 -4144 215 -1977 1662
-14068 6228 -2404 1683 -3619 180
-14608 6516 -2504 1498 -3954 613
-14056 7920 -2332 1376 -5047 391
-12688 7052 -1740 1166 -4099 334
-12576 7184 -1988 1975 -1376 1094
-12528 7996 -1684 2258 -30 1286
-13808 8616 -2120 2250 1767 763
-14132 9160 -1492 1354 3598 690
-15476 8264 -1512 -327 3809 1142
-16452 7308 -1008 487 2513 666
-16228 11740 -3696 -438 -1018 537
-15452 7320 -1544 668 -1550 -1691
-13500 8444 -4840 1501 -1192 -2145
-10688 8364 -6448 1411 -440 -1804
-11324 8244 -6052 2802 651 -2956
-11324 7984 -5788 2274 249 -2615
-12580 7184 -6820 1748 1366 -2551
-12748 6368 -6288 2270 1138 -2401
-12900 6412 -6692 2888 1181 -1693
-12900 6876 -5932 3383 798 -2078
-13520 6232 -6496 3458 784 -1694
-13556 6376 -6152 3024 762 -1449
-13688 5716 -5576 2289 1011 -1430
-14508 5132 -5800 1743 1173 -1262
-14744 5468 -5620 835 794 -1712
-14600 4912 -5244 319 1664 -2283
-14752 4740 -5916 -334 591 -1352
-14324 4396 -5356 -1276 246 -802
-14336 4032 -5968 -1864 726 -456
-14072 3868 -6404 -1693 1236 794
-15620 5004 -6708 -1509 1769 810
-15424 4760 -5448 -2274 1384 789
-15700 3744 -5812 -2679 2014 1497
-15096 4356 -5376 -1998 951 1734
-17344 4816 -6464 140 920 397
-17660 6040 -5172 1325 681 -1432
-14904 4440 -6304 -1298 -1707 -301
-13572 5428 -6900 -794 -360 -205
-13344 6864 -8304 -957 -1244 769
-11576 9032 -5828 -2532 -3409 74
-11548 7672 -6792 -2780 -1073 76
-12736 6972 -6128 -2205 -1493 -497
-13332 7052 -5536 -1914 -1814 -229
-13716 6368 -5500 -1899 -1630 682
-13800 6752 -4936 -828 -2144 802
-13380 6840 -4100 -521 -1734 1126
-13248 7060 -3916 -331 -1680 1194
-13960 6360 -3924 579 -1194 1349
-14088 6724 -3584 1193 -1049 1180
-13016 7468 -2912 1001 -1775 1108
-13308 6880 -4120 1744 -1920 165
-13204 5912 -2204 1933 -1170 -285
-14920 5628 -2584 3100 232 973
-13832 6560 -2516 3381 180 1678
-13632 6588 -2388 3288 647 1782
-13220 6380 -1692 2886 675 1216
-14040 6992 -2252 3087 -396 141
-14576 5820 -2772 4446 -223 -172
-14624 7840 -3244 2742 320 1889
-14924 9320 -3124 1967 -200 1316
-17360 8920 -3088 897 744 1832
-15192 6648 -1868 2366 -1273 805
-14432 8788 -2812 2390 -2128 180
-16116 7916 -1896 1392 -2446 701
-12416 6604 -6692 2107 22 675
-11788 10336 -7360 2007 2189 204
-11684 9692 -7212 -94 2186 -1743
-12056 6448 -6860 -176 1285 -1991
-12248 5768 -6564 880 3050 -2875
-12324 6236 -6460 1747 1479 -3215
-12748 6536 -6608 2130 1214 -2924
-12888 6528 -7024 2225 182 -2879
-13156 6400 -6800 2448 80 -2668
-13636 6452 -6460 2075 -225 -2168
-13876 4868 -5904 2268 147 -1673
-14004 5460 -5636 1715 276 -1399
-13484 5736 -5752 269 64 -1517
-14768 4864 -4616 -744 59 -726
-14632 4588 -5336 -1656 93 -1738
-14224 4772 -5324 -2956 246 -981
-13964 4820 -5560 -3899 1173 -424
-15176 3760 -5768 -3489 1750 -122
-16300 3636 -6192 -3351 1757 801
-16992 3332 -5280 -2699 1640 546
-16792 4452 -7312 -269 632 1588
-16708 4228 -7776 2209 4021 751
-14744 6804 -6348 -216 2110 664
-13524 6264 -6848 -1521 924 1010
-12524 6164 -7328 -2336 1316 858
-12800 6448 -6996 -1625 279 751
-13536 7724 -7404 -884 841 891
-13712 8560 -7296 -523 -1164 1352
-12668 6968 -7236 -734 -2261 551
-12292 8920 -6484 -2084 -2670 140
-12384 8716 -3932 -4091 -3463 -413
-14508 5944 -5200 -2770 -3297 -257
-13192 6352 -5588 -1077 -3928 651
-11664 8748 -4752 -1352 -4456 741
-12032 8452 -3732 -1943 -3016 979
-13576 7060 -4084 -1163 -636 1593
-14000 6748 -2080 132 -608 1437
-15020 5600 -1640 1168 -1337 1084
-13652 5412 -1940 2862 -1830 64
-13664 6196 -1416 4334 -2236 -13
-14464 6484 -1168 4346 -2629 -295
-14228 6644 -1740 4082 -1558 -135
-13388 8208 -996 2758 -1175 36
-13028 6016 -1284 2096 36 276
-13388 5776 -1616 2980 978 587
-13436 7116 -1748 3754 864 732
-15704 6840 -2072 4142 1509 1604
-15360 10744 -7784 2158 861 1586
-16124 9576 -1500 252 1476 1031
-18024 7788 -3168 2749 -1922 -3021
-14888 9124 -4680 1183 126 -521
-12080 9132 -5508 2015 936 -678
-10076 8620 -6348 2611 739 -1422
-11196 8392 -6964 2047 994 -1410
-11528 7580 -5564 1034 648 -761
-12920 6676 -6308 250 1436 -1425
-13660 6464 -5912 241 898 -1997
-13128 5532 -6180 944 920 -2109
-13316 5944 -7412 1971 1775 -2156
-13200 6672 -6592 1735 199 -2552
-13024 6388 -5496 738 -163 -2501
-14764 6288 -5156 -314 -116 -1803
-13532 4772 -5536 -242 916 -1451
-14196 5076 -4928 -75 517 -1205
-14572 4540 -5492 -597 1526 -1389
-14588 5268 -5184 -1229 2364 -1960
-14092 4676 -4684 -2185 1305 -1662
-14760 4184 -5148 -2857 2024 -984
-13848 4080 -5088 -2712 1472 -354
-14564 4012 -5084 -2985 1624 735
-14812 3656 -5548 -2928 2250 1429
-15448 4500 -5548 -2873 1882 2209
-16488 4944 -8256 1873 587 3928
-17944 5484 -7188 4308 2518 1489
-16096 5676 -5196 242 37 2143
-15900 4452 -5880 490 -477 -65
-15752 6124 -7424 178 1405 75
-13348 6848 -7180 -346 -1351 1125
-10996 7256 -7800 -774 -1920 1237
-11608 8828 -7804 -1681 -1904 386
-11052 8280 -6016 -3053 -2130 -19
-13788 7112 -6604 -3106 -1591 474
-13132 7448 -4856 -3164 -2634 544
-12460 6980 -5588 -2353 -2357 918
-13232 7252 -5504 -1095 -1517 2211
-12648 8844 -4320 -964 -2266 1985
-12584 7008 -3768 -600 -849 1514
-13776 6808 -3480 448 -1365 1355
-14492 6864 -2504 1029 -1966 1197
-13916 7136 -2220 1220 -3348 653
-13472 6764 -2204 2099 -2740 620
-13296 6668 -2356 2630 -2047 522
-13056 6412 -1080 3334 -2671 -202
-13304 7384 -1492 3666 -2037 -225
-13028 8572 -1484 2935 -1683 -136
-13808 8288 -2116 2426 -58 200
-14336 8220 -1168 3191 1401 607
-14176 8796 -2540 2449 2409 656
-16104 10028 -1156 703 2588 1766
-15144 6312 -2492 2778 1102 1128
-15364 9544 -2304 1715 -189 2196
-14708 8560 -4140 1092 -1519 1696
-12312 9388 -6424 1567 11 1280
-10936 9660 -7904 2310 2021 -702
-11440 8448 -7464 3097 1818 -1537
-11916 6992 -6604 3154 1611 -1871
-13836 7164 -7380 2935 -680 -1568
-11508 8232 -5160 2756 -1361 -3164
-11844 7128 -6488 2318 1691 -4305
-11628 6492 -7204 3057 1539 -3701
-11872 6564 -7156 3630 446 -3132
-14424 7280 -6724 2846 -401 -1433
-14408 5656 -6040 1922 -1676 -1792
-14160 6184 -5776 2505 -2093 -2561
-13576 6600 -5340 288 -603 -2419
-14540 5724 -5440 -1595 429 -1367
-14956 5116 -5488 -2156 1034 -1119
-14772 4664 -5180 -2727 1267 -1081
-15040 4484 -5724 -2910 1152 -670
-14200 4924 -4768 -2950 289 -280
-14348 4224 -4220 -3284 1606 66
-15204 4548 -4612 -4122 947 768
-15084 4864 -8844 -3453 460 1573
-18244 4828 -5944 296 4593 122
-16276 6424 -3508 289 2129 471
-14952 4048 -5672 -1469 40 689
-14628 7236 -6116 -860 2497 -1270
-14572 6232 -6780 -128 -156 1186
-12652 6112 -8092 1040 -1761 1171
-11500 9204 -7984 72 -997 680
-12340 9252 -6244 -2312 -1936 621
-13252 6300 -6460 -2748 -2096 765
-12136 6012 -6836 -708 -2291 1124
-12336 8880 -5760 -103 -3315 1882
-12996 8468 -4532 -904 -2393 1573
-12652 7704 -4808 -982 -728 1568
-12932 7740 -3764 -786 349 2664
-13040 7744 -4244 -192 1782 2454
-13304 7308 -3544 223 1320 1976
-12828 7728 -3740 146 -1173 1140
-14324 7256 -2692 1948 -396 -67
-14148 7744 -1940 476 -1353 -659
-13236 5988 -1448 1147 -1095 -742
-13548 6292 -1036 3005 -885 16
-14500 6088 -2448 3509 -801 1316
-13860 8612 -3776 2669 -2266 1635
-13456 7520 -1360 3783 -504 884
-17072 13676 -104 -218 -598 4532
-16964 6236 -2988 2401 -2463 -1746
-13164 6392 -2300 5249 -1287 -118
-14816 11196 -4060 2759 -2473 -603
-12620 7760 -5476 2088 -1739 -856
-12652 8944 -5360 1976 37 -1570
-12220 7652 -6364 2331 905 -1553
-13068 6608 -7836 3043 2250 -2274
-11448 8380 -5072 3635 770 -3164
-12104 6864 -5944 1583 358 -4080
-11360 6240 -6524 1760 505 -3356
-12200 7780 -7500 793 658 -1800
-13816 6892 -6600 444 692 -1389
-13616 5860 -7144 891 2193 -1267
-13764 6660 -5588 -1275 2637 -1808
-14372 4980 -6300 -1695 3012 -1737
-14408 5520 -6000 -1482 1606 -1371
-14336 5024 -5188 -2058 1439 -1280
-14932 4420 -5100 -2398 1617 -1077
-14116 5060 -5104 -1794 2070 -1035
-14552 4184 -5364 -2426 1958 -1051
-14448 3912 -5196 -2281 1487 -440
-14196 4188 -6384 -2243 1078 563
-14196 4156 -4344 -2046 -272 1876
-14736 4128 -5168 -1313 686 2230
-14424 6420 -4720 -2220 -190 1698
-16128 5732 -7576 1537 3521 229
-16444 6140 -6008 2412 2291 -1167
-16768 6456 -6504 -698 -2398 2100
-16444 5112 -3536 -158 -3173 -287
-15976 7104 -6256 376 -2027 -393
-13840 7540 -4944 -333 -4205 634
-13568 6860 -8036 -1146 -702 802
-13140 7868 -8776 -1370 -2921 2761
-10896 8072 -7264 -1324 -2206 1889
-12404 7792 -6912 -625 -721 396
-13020 9360 -3808 -1932 -3207 122
-12308 5408 -5704 -67 -2281 246
-12668 6888 -4480 2003 -1795 1805
-11060 8592 -3892 1446 -2225 1780
-12996 9140 -3300 561 -731 2274
-14168 7496 -3500 1553 932 2614
-14892 7884 -1012 738 -771 2187
-13788 5776 -2104 1852 -2385 1063
-13688 6320 -1312 2365 -2187 723
-12996 6676 -1312 3446 -1651 468
-12780 8012 -1444 3832 -2169 12
-12412 8276 -1312 3770 -1409 -115
-13228 9512 -1836 3968 927 651
-15068 9220 -1124 4434 1927 -143
-14836 12028 -7500 1952 1921 1363
-15540 8628 -224 2377 155 1353
-16452 9444 -4112 2997 -3724 -282
-14312 8856 -5916 2289 -2027 -578
-12012 10060 -7092 3281 -529 -861
-9980 8828 -6844 2088 848 -2167
-11748 7768 -7332 1824 1536 -2954
-12140 6864 -5828 1364 666 -2806
-11764 6504 -6128 999 609 -3815
-11664 6656 -6044 679 887 -3760
-13184 7320 -6472 -243 252 -3535
-12892 6100 -6472 -106 530 -3024
-13736 6204 -6416 -467 974 -2863
-14232 5820 -5416 64 166 -2961
-14216 5004 -5420 355 121 -3099
-14020 4856 -4960 -129 497 -2550
-14128 4144 -4860 -87 1398 -1342
-14032 5608 -5016 -790 1602 -1598
-15772 4508 -5396 -2069 1665 -1507
-14920 4404 -5044 -1436 1618 -1300
-14796 4912 -5172 -3163 1193 -974
-14892 3568 -6048 -3096 2283 210
-14352 4284 -5524 -3075 1418 998
-14900 3528 -5172 -3351 1545 1484
-14404 3636 -5152 -2478 1952 1926
-15168 5184 -4964 -4238 1231 2463
-16448 8356 -9652 -2001 -528 6861
-16612 4544 -6024 2534 4046 3202
-14460 5872 -4144 -1412 2917 1496
-13832 3792 -6720 -30 1969 1818
-14892 6992 -6068 86 3126 243
-14516 6392 -7700 2405 396 1410
-12884 8516 -8604 1752 -275 1947
-12404 10444 -7776 105 -1345 1546
-11288 7076 -6652 -697 -3197 1139
-14272 6552 -7212 761 -2417 1652
-12364 8304 -6108 451 -4310 1488
-12260 8464 -5784 -75 -4558 1764
-12512 8388 -6132 186 -4491 2106
-12332 9232 -4660 -449 -3057 1971
-11952 8676 -5156 -1189 -3317 1318
-11456 7644 -3904 -484 -3863 473
-12712 7552 -2232 823 -3212 -583
-13736 7832 -3196 1256 -1731 -417
-13860 7836 -2768 1704 -2785 125
-13192 7620 -2224 3219 -3163 -526
-12748 7544 -1180 4707 -2126 -911
-13264 7740 -1676 5525 -647 -683
-13084 7040 -1320 5965 -196 -401
-15520 11152 -2616 357 3768 4895
-15392 5684 -2856 3525 -2222 -1515
-14692 10864 -1996 2505 -185 1218
-16732 9388 -3796 668 -1821 348
-12656 8612 -5536 1234 -422 -1371
-11268 9020 -4764 730 2226 -2783
-12036 6792 -6716 948 2277 -3532
-12936 6768 -6336 1500 1733 -3890
-11848 7760 -5168 794 1107 -4717
-12100 6480 -5588 98 1945 -4774
-12864 5512 -6360 1346 735 -3261
-12860 5848 -6676 2471 570 -2227
-13192 5964 -6184 2429 -144 -1731
-14252 6840 -5948 2210 128 -62
-14092 6272 -5296 243 -286 -704
-14496 5456 -5036 -1136 248 -1561
-14688 5272 -4900 -1383 1584 -2407
-14652 4940 -4596 -2634 1567 -2438
-14524 3712 -4192 -2907 1248 -2070
-14252 3404 -4668 -3044 2480 -1196
-14200 3752 -4268 -2993 2716 -312
-14904 3084 -4800 -3433 2955 301
-14944 3540 -5704 -2965 3428 1122
-14308 4164 -5672 -2117 3364 1671
-16136 4520 -5788 -2041 3386 1639
-19524 5408 -8736 1302 5998 675
-16684 8344 -6760 2020 2185 2678
-16064 5260 -8156 -1820 -510 1324
-14160 4532 -6916 -1434 -338 1633
-12952 5608 -6828 -574 -1245 1928
-12220 6512 -7424 616 -1700 1253
-11736 7264 -8504 283 -162 1019
-11492 9320 -7984 247 -582 505
-10692 8244 -7144 -409 -2104 -225
-12320 7836 -7120 -265 -113 297
-13340 8408 -7516 -1357 520 756
-12444 8588 -6828 -2319 -820 1231
-12120 7800 -6288 -2452 -506 1830
-12848 8568 -5628 -2583 -372 2098
-12868 7736 -5068 -1842 -14 1304
-13384 7536 -4512 -1007 -1547 930
-13944 5740 -3284 271 -1550 1035
-13944 6328 -3996 2240 -2334 1623
-14796 6740 -2552 3182 -5931 1617
-12848 6880 -2188 4356 -6900 1504
-11780 8164 -856 4640 -4944 1627
-12668 16880 -6372 -1045 -4993 5733
-14156 9296 -2956 1753 -1257 2297
-12620 10800 -5800 4726 1754 990
-13932 10052 -5248 2565 1482 1053
-12752 9084 -5648 2949 -872 -80
-12208 8992 -5888 2645 42 -982
-12016 9436 -5708 2804 -409 -1311
-12924 9244 -7032 2859 -1376 -1847
-11828 8620 -6448 3117 -1661 -2112
-12112 8640 -7720 3161 121 -2511
-12020 8204 -7336 3380 289 -2650
-12216 7388 -6712 2726 1008 -2600
-12548 7300 -5720 1731 539 -2754
-12572 7068 -6292 1195 155 -2333
-12964 7488 -6300 869 -197 -1461
-12908 6924 -6644 405 75 -1752
-12948 7708 -6940 -117 -148 -2314
-13628 5728 -5252 -1056 -158 -2435
-14288 5452 -6168 -998 1732 -2554
-14208 5904 -6040 -1163 1201 -3032
-14132 5944 -5188 -2008 1618 -3606
-14244 4716 -4648 -3014 2010 -2657
-14716 4296 -4904 -3499 2195 -1949
-15400 4296 -5236 -3229 826 -1832
-14692 3208 -3976 -2020 -493 -2016
-14864 3900 -6108 -875 799 -643
-14532 5148 -5952 -2110 -196 2353
-14200 5336 -4664 -2588 -333 1891
-15188 4116 -4736 -2320 1561 1086
-16176 5324 -6972 -1926 2760 755
-17676 2808 -7996 2172 3849 524
-16164 7820 -4100 3302 546 855
-13964 4964 -5684 -251 -2505 380
-13372 6312 -6396 906 815 -701
-13112 6924 -8752 1194 141 1622
-11816 8580 -7152 132 -2696 1895
-11640 8216 -7388 -741 -1502 1084
-12616 8020 -6696 -1706 -1899 1203
-12772 7224 -5812 -1764 -2205 922
-11772 7200 -5928 -1362 -2278 628
-12332 7452 -5052 -1349 -1997 764
-12760 7920 -4472 -1001 -2116 30
-13828 7424 -3996 -1244 -1833 70
-14336 6384 -3888 233 -2473 1040
-14264 6912 -3332 2239 -3720 1049
-13668 6220 -2132 3051 -4297 734
-14388 6652 -1636 2307 -3645 1757
-12692 7100 -896 2266 -1654 1125
-12968 6444 -1880 2740 -192 1149
-13116 7064 -2316 4272 1247 1387
-13596 7964 -1980 4410 1151 1874
-13664 8196 -2688 4444 846 1423
-14012 7516 -2012 4071 1907 1348
-18324 10444 -3004 -449 4600 5472
-15776 8308 -3216 1585 -493 753
-15188 9244 -1980 1593 -1902 86
-13852 9208 -5600 98 586 -290
-11168 9892 -7144 2504 651 -1293
-10572 9880 -6652 1855 1194 -3014
-11388 8324 -7148 1301 1111 -2961
-11804 7836 -5960 1046 1660 -3737
-11880 6320 -6164 1002 1845 -3875
-12312 7084 -7352 1326 2087 -3132
-11992 7444 -7444 1586 886 -3127
-12448 7424 -7092 1463 1663 -2773
-13012 6304 -7252 1694 2479 -1906
-14296 6092 -7088 2271 2186 -1512
-13736 5540 -7200 1396 2028 -1554
-13732 5680 -7208 -628 836 -1280
-14372 5036 -6924 -1830 -170 -491
-14932 4172 -6456 -1866 -603 -1504
-14988 4764 -6220 -1586 -740 -2096
-14032 3840 -5604 -2486 -332 -1697
-14984 4116 -6168 -2393 96 -42
-14776 4452 -5784 -1551 -818 293
-14824 4792 -5592 -1767 -377 679
-14872 4288 -5616 -1887 969 828
-15728 5680 -8944 -834 -118 1375
-18000 5832 -7772 2772 4124 83
-16712 8000 -4992 1011 1029 531
-14904 4052 -7420 367 -1034 343
-13392 7456 -6992 -793 -44 264
-12552 5840 -7272 3 -2244 1325
-11144 7172 -7412 587 -2731 954
-10916 8184 -6688 -360 -2313 900
-12236 7388 -6776 -282 -1421 1181
-13732 7476 -5976 -1077 152 2036
-12436 8712 -6780 -1168 -859 1323
-12908 8084 -6408 -1750 -1090 1396
-12288 8020 -5216 -2164 -1117 1706
-12820 7524 -4688 -1728 -747 1003
-12764 7028 -4172 -546 -416 608
-13800 6676 -3848 1258 -1724 133
-14520 7376 -3844 2113 -2721 530
-13776 7344 -3128 1591 -2923 572
-13504 7164 -2804 1328 -2095 384
-13404 6260 -2044 1968 -2381 151
-13184 6456 -2952 3002 -1600 316
-13440 7408 -2352 3296 -1094 353
-13996 8028 -2320 2786 -354 759
-13748 7416 -2648 2689 -47 1220
-14256 8308 -1812 3665 -246 290
-16156 12580 -4212 546 950 1294
-16824 6376 -2392 1185 278 908
-15856 10092 -3156 2109 -2031 578
-14920 10260 -4296 -538 -3254 -320
-11984 8312 -6564 256 2579 -210
-10872 8832 -6992 1265 3223 -1481
-11532 8596 -6416 845 2240 -2415
-11312 7096 -6084 240 2750 -2551
-11704 6464 -6076 369 3168 -3488
-12136 6240 -6872 896 3736 -3319
-12452 6800 -7056 653 1802 -3322
-13144 6020 -6144 824 715 -2656
-14456 5208 -6576 1462 1295 -1536
-13872 5380 -6400 1868 572 -2166
-14264 5612 -5992 978 3 -2405
-13464 5344 -5764 -197 448 -2566
-13868 4784 -5988 -559 952 -2095
-14308 4640 -5952 -756 426 -1594
-14232 4536 -6020 -566 0 -1471
-14316 4464 -6024 -1394 695 -1045
-14448 4512 -6256 -2031 900 -297
-15360 4148 -6004 -1832 880 610
-16376 4100 -6436 -2246 1040 1097
-15504 2576 -5156 -1064 -710 1873
-15616 4084 -5516 -1852 -164 2402
-16040 2416 -7824 926 3356 1182
-15736 8456 -7780 3384 1426 2756
-12724 5432 -7072 -634 -465 1246
-12324 6608 -7384 -858 1844 800
-11652 6504 -7792 720 2196 1915
-13144 6616 -7264 2235 353 1268
-13000 7672 -7628 1722 2 1425
-12520 9100 -7932 601 -1716 1708
-12600 9344 -7220 -1211 -1483 1454
-12612 7588 -7776 -1943 -1441 1200
-12872 8384 -6644 -2620 -2548 412
-12620 8244 -6548 -3379 -2682 92
-12480 8284 -5444 -4355 -3475 -315
-12900 7644 -5808 -4103 -2525 337
-13160 6644 -4680 -2513 -2821 2006
-13068 7056 -3296 -589 -1171 1993
-13292 7228 -2192 16 -677 1137
-13704 6360 -3352 1188 -671 340
-14888 6048 -2460 1653 -1306 123
-13920 6088 -2820 2059 -2796 259
-12732 7172 -1508 4119 -4121 178
-12980 7560 -1068 5060 -1906 344
-14180 8660 -1436 5375 -986 612
-14956 9880 -5688 6521 443 560
-15524 10376 -768 2594 4252 4911
-15608 6932 -5520 5070 -1895 184
-13584 12556 -3136 2577 -2927 937
-13724 9132 -5780 792 406 1157
-11408 10440 -8124 2249 927 -396
-11332 9988 -6692 835 2660 -2263
-11220 7780 -6396 915 1848 -2385
-11088 6312 -6844 1655 1977 -1663
-12592 8556 -6828 1308 1051 -2064
-12004 8568 -6312 -600 -111 -2935
-11340 6808 -6848 -346 2197 -3614
-13408 6572 -7408 504 2353 -3553
-13328 6720 -7280 864 600 -3372
-13588 6004 -6516 150 57 -2812
-13904 5304 -5976 170 188 -2458
-13944 5760 -4880 100 -230 -2563
-14004 5144 -6164 114 1230 -2454
-14196 5528 -5476 -28 1014 -1589
-14408 5132 -5172 -966 1152 -1536
-14524 5104 -5544 -1606 1163 -1561
-14296 4388 -5464 -2783 694 -547
-14348 4004 -6020 -3349 1331 813
-14860 3980 -5156 -3741 1210 2003
-14416 2632 -5740 -3653 2348 1945
-17244 4484 -10076 1861 4108 2263
-13932 7808 -5880 4760 3808 730
-14268 5440 -6460 -2155 2282 1484
-14692 3976 -7332 251 3147 829
-15328 6996 -7388 308 3409 -198
-13892 6608 -7420 449 354 1712
-12264 6808 -8288 764 473 1429
-11664 8812 -9608 1241 -1352 3091
-11504 10568 -9372 -396 -3 1972
-10952 11284 -8148 -2698 -796 621
-11580 7752 -6952 -3826 -2916 -552
-12456 6908 -7588 -2139 -1618 352
-11844 8192 -6448 -2193 -3017 32
-11684 8944 -6180 -2427 -4234 -606
-11944 8176 -5824 -2302 -3519 -20
-12632 7560 -6156 -948 -2649 1301
-13792 8056 -4976 102 -3062 1780
-13200 7464 -3432 976 -3302 969
-13428 7508 -3820 1768 -2803 318
-12808 7408 -2244 2006 -3258 -364
-13868 6584 -2452 2161 -3014 -883
-13452 7560 -2144 1841 -2365 -1261
-13124 6876 -2304 3214 -1809 -873
-13120 6852 -2236 4533 -1454 204
-13924 7584 -2824 5136 -976 1172
-14020 6920 -964 5897 -761 648
-16768 14860 3808 492 -451 5616
-15244 4952 -2256 3323 -1621 -13
-15356 8268 -716 4946 -1381 2413
-15784 11272 -4232 1543 -3091 2140
-11952 8992 -5036 1841 -645 1900
-12032 10148 -7060 2061 1792 -1061
-12064 9712 -7372 332 3123 -1919
-10868 6832 -6864 983 2771 -2630
-12600 6372 -7572 2032 3418 -2811
-11812 7388 -6464 1902 649 -4161
-12052 7132 -7552 1529 1302 -4351
-12044 7688 -7596 1911 -5 -3880
-12456 7028 -7620 2207 651 -2885
-13456 7068 -7340 1887 584 -2682
-13064 6872 -6596 993 524 -2917
-13836 5356 -6156 248 153 -3503
-14092 5432 -5908 -858 1139 -2968
-13632 5456 -6140 -1642 1470 -1974
-14268 4900 -5912 -2268 1111 -1920
-14972 4676 -6320 -2439 940 -1458
-14556 4040 -5836 -2323 792 -1013
-15688 3120 -6048 -2117 892 -498
-14616 4240 -5716 127 -256 -218
-16128 3792 -6720 -121 -222 1738
-14368 4088 -5240 -452 124 2641
-14256 5292 -4520 -2092 -66 2393
-16604 3500 -6972 735 4546 886
-17976 5484 -5788 4001 3211 1310
-16912 7220 -6548 1446 -2451 459
-14284 5648 -6808 106 -278 -438
-13204 6520 -8060 313 -1428 807
-11208 7600 -8784 -939 -1916 1948
-11164 8532 -8004 -1819 -1668 1879
-11792 8524 -7388 -3154 -1864 1378
-12408 7152 -6120 -3610 -2502 457
-13340 6752 -6236 -2789 -1956 591
-13168 7512 -5496 -2496 -1432 1000
-12224 7608 -5720 -1969 -1321 1213
-12952 7752 -5040 -1770 -449 2384
-13352 7464 -3460 -1347 -11 1200
-13676 6100 -3724 36 -430 765
-13756 6012 -2584 1423 -1213 242
-13780 6064 -2032 2112 -1076 -383
-13280 6096 -3616 3522 -1580 -953
-13744 6496 -3728 4318 -1256 -860
-13216 7224 -3380 4339 907 82
-13860 7496 -3616 3880 1732 1389
-14136 8120 -3284 4314 542 2071
-14772 8496 -3260 3849 1525 1277
-16616 12612 -3744 42 1568 3095
-17312 5876 -4060 1220 497 1192
-16280 8896 -5352 1649 -735 1227
-14148 10176 -4452 -443 -5906 -1113
-11640 7408 -6504 -281 -328 4
-12116 8212 -9412 2850 1721 -890
-11248 8916 -7796 2778 779 -2517
-10976 7456 -7636 2128 673 -2486
-10772 6516 -6836 2539 -730 -2254
-10620 6300 -6860 3368 -83 -1821
-12080 8216 -7036 2181 806 -954
-12588 7596 -6936 1076 638 -1372
-13524 6016 -7632 1326 896 -1200
-13804 6568 -7228 1391 1438 -1420
-13468 6420 -6904 295 543 -1380
-14136 5544 -6332 -720 875 -1183
-14232 5068 -6236 -1088 704 -1349
-14364 4700 -6268 -1690 824 -1891
-13972 4780 -6476 -2213 62 -1713
-13628 4640 -6036 -2487 -585 -1649
-14188 4496 -5584 -2773 272 -1041
-14624 4716 -6292 -3454 1094 -53
-14900 4568 -6072 -2879 1304 597
-15372 4304 -5248 -2402 1286 1733
-14972 3384 -5296 -1612 1458 2172
-16488 4364 -5788 1026 2194 1892
-16844 8872 -6972 3052 1696 1402
-15440 7188 -7696 -1365 -816 687
-15016 8276 -7240 -1060 201 590
-11864 7588 -7664 -1625 -229 1521
-11092 7348 -8620 -563 -463 2305
-9744 8880 -7340 -1487 -494 1285
-11296 9752 -6656 -2709 -569 -332
-12712 8396 -6468 -3275 -606 -594
-12948 8116 -5660 -3284 -1651 -122
-13024 8296 -5512 -2662 -2017 -134
-11872 8848 -5572 -3363 -2435 -389
-12032 7492 -5420 -1774 -3136 781
-12940 7532 -3820 468 -3550 1424
-13408 7784 -3312 964 -3110 2032
-13656 7484 -2980 2023 -3356 1626
-13308 8552 -1916 2323 -3542 1646
-12564 8264 -1872 2229 -3521 425
-13556 8684 -396 1203 -3067 -21
-12892 7660 -1796 311 -1729 256
-13016 6440 -696 880 -782 -546
-12368 6500 -1684 2264 152 -647
-12744 7192 -2016 2769 67 -931
-13568 5796 -2500 4688 884 -19
-14592 7984 -2148 5783 586 862
-13428 8684 -1372 6595 114 741
-14996 16436 -5960 3337 1101 3058
-15816 6952 -3560 4075 2361 2386
-13396 10512 -2588 4077 -1544 1948
-14036 10488 -5504 1138 -1244 1569
-12512 9940 -6420 1483 1533 999
-11104 10096 -6920 1444 2048 -875
-11104 8916 -6804 560 2718 -2138
-11628 7128 -7460 1526 3561 -2771
-12564 8904 -7776 1178 3202 -3097
-11980 8620 -6040 82 846 -3975
-12120 7008 -6084 -503 1160 -4500
-11848 7132 -7288 -513 1599 -4430
-11588 7160 -7784 -38 808 -4042
-13120 7048 -7172 -420 -176 -2018
-14024 5252 -6464 495 -29 -2939
-13596 5524 -6388 1725 411 -2708
-14512 5756 -6252 535 81 -2339
-14684 5652 -5636 -478 -201 -1769
-14248 4696 -5564 -1013 -793 -1692
-14716 4884 -5488 -1838 -47 -1012
-14288 4604 -6036 -1869 -165 -480
-14644 5168 -5492 -2419 148 -58
-14772 4440 -5060 -3156 1225 618
-14892 4036 -4888 -2709 1068 999
-15332 3924 -5044 -2895 1679 1664
-16936 4880 -6424 1112 3301 743
-17132 8060 -6584 3964 2629 873
-15468 6664 -6568 -703 -890 -77
-15192 6768 -7368 869 949 -1334
-14832 6448 -8212 -1148 -1080 487
-11068 5908 -8320 -1070 -2060 1624
-11072 8184 -6556 -2452 -1645 813
-12080 8604 -5868 -3966 -2849 694
-14332 7184 -6808 -1981 -2578 1743
-12816 7392 -5996 -731 -3568 1719
-12332 8648 -5224 -1191 -4923 1840
-11824 8560 -4308 -1605 -3410 1934
-13032 7300 -4512 -523 -1941 2370
-12796 8876 -3628 -209 -1490 2883
-12848 8668 -2788 -326 -672 3071
-12464 8680 -3300 -108 16 3000
-12560 8068 -1936 24 1517 3223
-12632 7828 -2284 497 1239 2125
-12816 7912 -2600 1875 706 771
-13592 7504 -2196 2287 -873 212
-13440 7544 -1572 3617 -1907 -501
-13504 8176 -2080 4038 -2248 -164
-13668 8552 -1416 5059 -2770 -189
-13744 8852 -2748 5848 -2591 -310
-14424 14544 -3512 3262 -1598 2821
-16976 8820 -4816 4226 -893 -1068
-11816 8912 -5052 5198 560 -1572
-10880 8168 -4572 4220 -301 -2579
-10384 8016 -6128 3224 -567 -3025
-12148 9488 -6008 764 -1079 -2294
-12232 7604 -4720 247 -392 -3055
-12732 7608 -5472 1090 1314 -3757
-13192 7728 -4784 757 922 -3613
-14184 6152 -6692 1041 861 -2658
-13096 6924 -5708 1599 989 -2511
-13636 6660 -5844 1145 1047 -2161
-14032 6240 -6524 2066 2445 -2341
-14136 6176 -6468 977 1483 -1979
-14244 4988 -6664 52 1373 -2228
-14256 5180 -6404 564 -211 -1499
-14424 4916 -5800 633 99 -2058
-14428 5244 -6328 240 274 -1916
-13544 5016 -6612 -667 1174 -1935
-14240 5156 -6240 -884 2200 -2343
-13724 4764 -5992 -1281 1719 -843
-15324 3472 -5936 -1239 1087 -328
-14508 5060 -5984 -600 602 20
-14500 4536 -5788 -1186 54 -244
-15112 4444 -6128 -268 -580 304
-14096 4368 -5668 -21 -1224 1348
-15000 4720 -5860 133 -2169 2139
-14444 4912 -5592 942 -3146 1940
-14624 5528 -5188 606 -4124 1825
-13632 5224 -4896 275 -2845 456
-15176 5472 -5656 476 -2213 1037
-13548 6484 -4368 -79 -1504 558
-14596 5892 -4812 -432 -590 636
-14176 5316 -3652 -226 -677 411
-14724 5860 -4204 448 -61 430
-14168 5712 -3808 465 -349 323
-14504 6160 -4608 340 -108 300
-14304 5848 -4136 329 -376 232
-14104 5896 -3884 301 33 168
-14640 5600 -4084 394 74 237
-14188 5776 -3896 615 -102 273
-14368 5920 -3956 767 -501 417
-14384 5964 -3956 942 -432 599
-14464 6216 -3524 892 -500 517
-14168 6324 -3548 1071 -394 229
-14232 6552 -3644 997 -142 310
-14088 6432 -3496 811 -196 115
-14260 6320 -3640 625 50 -24
-14256 6300 -3592 484 227 -164
-14316 5944 -3544 289 194 -320
-14308 5924 -3876 539 64 -343
-14364 6144 -3932 577 -68 -317
-14320 6064 -3816 672 -61 -233
-14328 6032 -4028 556 169 -340
-14376 5860 -3908 664 250 -135
-14536 5740 -3972 966 146 -93
-14524 5668 -4024 1151 -46 -227
-14432 5816 -3916 1294 -81 -190
-14420 5692 -4328 1472 -468 -31
-14308 5952 -4244 1134 -463 -100
-14292 5968 -4164 717 -200 -90
-14244 6052 -4312 355 -103 77
-14440 5772 -4096 280 116 119
-14360 5768 -4052 527 2 148
-14532 5760 -3920 597 18 248
-14364 5964 -4028 705 -318 259
-14384 6060 -3892 627 -199 355
-14424 6096 -4212 462 -182 304
-14268 6216 -3892 353 -210 110
-14384 5932 -3876 155 -81 -107
-14204 5924 -4068 226 235 -83
-14232 5792 -4080 346 147 0
-14436 5904 -3928 518 119 -7
-14364 5980 -4096 912 -138 144
-14340 6052 -3844 853 -305 104
-14356 6260 -3860 819 -307 -9
-14340 6044 -3824 441 -242 -97
-14380 5984 -3664 302 -146 -149
-14396 6124 -4060 214 -8 -90
-14296 6080 -3872 232 -78 -64
-14404 5828 -3780 416 -80 -77
-14428 5976 -3872 497 -176 -74
-14336 5976 -3712 641 -30 -51
-14424 6032 -3784 789 -30 50
-14408 6012 -3864 812 11 -47
