15072 -224 5420 1285 149 -121
15268 -440 5412 985 282 -95
15256 -576 5356 880 97 109
15192 -468 5264 886 106 373
15176 -352 5272 833 -44 369
15224 -232 5384 639 -196 532
15444 -156 5380 386 -196 559
15276 -32 5344 230 -155 539
15388 -16 5520 16 -129 238
15348 -120 5664 200 -280 98
15376 -216 5576 124 -243 -135
15388 -460 5628 183 -364 -145
15456 -484 5500 117 -307 -114
15288 -540 5476 54 -343 -186
15440 -712 5468 269 -421 -30
15280 -708 5640 191 -241 38
15460 -620 5596 368 -33 232
15372 -648 5580 227 172 303
15424 -584 5332 564 76 282
15472 -516 5236 516 -48 82
15336 -448 5424 577 -304 113
15460 -512 5280 724 -414 -147
15352 -528 5676 1109 -756 -212
15528 -436 5736 815 -484 -189
15412 -632 5764 684 84 -30
15292 -476 5492 703 223 128
15312 -292 5492 664 359 139
15340 -396 5272 506 208 40
15304 -500 5380 605 -256 5
15348 -552 5392 914 -339 128
15216 -416 5128 715 -509 82
15204 -684 5336 1114 -624 202
15240 -596 5160 1221 -431 527
15580 -724 4912 1800 -857 835
16284 -1264 4740 2716 -1735 491
15120 -1156 4804 3714 -3188 853
14152 -1548 4832 5521 -4022 916
15896 -1880 4984 8120 -4083 1038
16880 -816 5104 7587 -3972 1073
15708 -1148 5452 4432 -3035 841
15444 -664 5796 6137 -1944 2097
15736 100 5052 4741 -650 1150
15828 128 4956 2721 -41 -167
15992 -140 4728 1507 239 -736
16136 -432 4644 969 933 -1137
18312 -124 5020 893 1090 -1399
16952 884 3588 -1273 1157 -2171
19928 236 4328 116 106 -2613
18892 1724 1964 -1027 790 -2774
18496 1180 2524 -3796 757 -1418
17196 2160 1292 -266 1022 -725
15672 3072 1656 -2068 769 -1196
14288 2684 1888 -2215 1161 -1631
14128 2596 2284 -1034 702 -1551
15420 2224 1804 579 936 -1843
16608 2940 1252 -1881 1235 -1750
15888 2616 1704 -1814 1051 -1577
15648 3688 2404 -2546 1061 -948
14968 2824 3584 -3395 984 -1961
15464 1076 5288 -1560 1425 -1257
15048 1240 7164 820 1388 11
13380 1480 7948 3514 -495 1318
13924 1340 7280 4481 707 634
13808 1464 6184 804 2568 140
13656 120 5728 -1953 2788 -69
13328 -312 5684 -1512 1969 370
13412 -260 6280 -1445 822 1317
13784 -448 6336 -1255 230 2213
13860 -152 6336 -430 -522 2773
14044 -168 6628 903 -1956 3418
17100 -816 6488 3906 -2761 4454
19924 3624 8828 7711 -3137 5075
17980 3084 7168 3471 -2952 3214
17564 2524 7308 -647 -1236 1330
15788 760 5936 555 -984 921
17504 292 5256 3097 -130 1753
18112 -328 3700 401 1612 -146
17056 -1488 2548 -2972 3090 -259
14640 -1956 2376 -2585 3131 1946
14492 -2868 4148 1900 2839 4404
14520 -2228 3972 2480 4636 5127
15196 -3760 6200 1570 5843 4062
14468 -3840 7156 3342 6896 5201
13504 -3124 6916 2954 6951 6664
13020 -2704 6092 2866 6032 6530
12760 -2124 4780 2581 4522 4969
12676 -1852 3980 1555 1574 2580
12996 -1640 3724 1234 -2407 497
13740 -1280 3488 1282 -6197 -1673
15080 100 4220 1002 -9783 -3733
15588 -1596 3684 -1691 -12292 -7786
17368 -1280 6528 -1853 -13307 -8737
17480 -1400 7572 2614 -12337 -5857
18048 -816 7296 3264 -8776 -4243
17884 -1040 6020 1977 -4217 -3385
17480 -764 5800 2081 -2621 -3326
16612 100 4948 -1266 -3751 -4569
18020 -520 5360 -5801 -4823 -6798
16988 -2024 6392 -4930 -4957 -6846
20092 -2672 9312 2362 -3052 -4070
19084 -1132 5900 4667 2173 524
18116 -1092 4716 1319 7966 4248
16840 1120 2016 420 10001 7626
17012 1540 2524 353 10029 6853
16616 2556 572 -1109 9898 5067
16776 1676 2456 381 10737 4368
17012 1932 2148 1920 11744 4636
16448 2096 2360 778 11706 3036
15532 1656 2272 -1130 10264 802
13400 1868 2620 -3757 6871 -1188
12168 1400 3260 -4400 1792 -2674
12020 1416 4196 -1799 -2884 -4437
12892 1048 4952 468 -6569 -6301
13972 1060 5880 1944 -8917 -7880
15156 524 6444 -340 -10399 -8748
14900 464 7476 -2145 -12126 -8404
16224 -724 7796 -485 -13060 -7421
16192 -432 7744 -150 -11730 -6071
15780 -284 7832 -1348 -9773 -3537
15564 -1048 7772 -665 -7500 -1374
15064 -220 7768 -84 -4645 12
18656 -960 8088 -361 -1802 1599
18844 108 7636 1996 2100 3650
21204 1380 7340 1380 6029 6049
19436 1248 6084 -2242 8724 5630
19720 604 6132 -554 10669 6969
18532 820 4820 1491 12491 8004
17232 428 3748 421 13293 8100
16696 -92 2888 267 13260 7560
15356 -32 2404 -851 11925 6671
14236 -852 2068 -2421 9102 5228
13128 -1476 1996 -2442 5765 4082
12752 -1680 2152 -883 2585 3207
12708 -1592 2456 1039 -959 1581
13688 -1640 3160 1899 -5036 -1028
14332 -1504 4132 2406 -9193 -3668
15104 -1052 4884 2889 -12802 -5771
16388 -556 5600 3292 -15251 -7553
17876 -1384 5368 2482 -16402 -9456
19288 -1120 7596 2142 -16823 -10581
18928 -1992 8492 2241 -14841 -9667
17692 -2180 8476 2150 -9455 -6102
17104 -804 6792 -695 -3007 -2071
15964 -1248 6892 -4091 1987 -1099
14604 -1304 6392 -6270 3661 -1313
17672 -1816 6088 -4618 3151 -1144
16380 -2008 6504 -1521 2692 1707
19128 -1116 7344 5645 4257 4035
21028 200 5452 5248 8679 6298
21992 500 4600 -893 13655 6886
20640 -60 4400 -45 15451 8568
19560 776 3456 3594 15639 9325
16856 2180 2828 6296 13193 7044
14252 4072 852 3995 10071 4586
12344 3216 952 -1766 6541 1335
11384 2052 2120 -2292 2755 -824
11288 2156 3184 531 -1604 -1741
12208 2172 3784 1157 -5146 -3654
13828 876 4136 -365 -8223 -7927
13904 1684 3992 -563 -11287 -10306
16132 1104 6092 -1443 -14180 -9527
17304 -664 6476 -3665 -14135 -9997
16208 -884 7844 -2106 -12998 -8223
16060 -824 7944 399 -11839 -6466
15548 -872 8932 234 -10435 -4938
15504 -980 9012 558 -7498 -2362
15948 -896 8812 1521 -3427 997
17408 -592 7736 977 284 3525
18340 0 7196 -326 3054 5581
19140 4 6724 -57 6192 6145
20968 172 6228 486 8630 7914
22360 1424 5628 123 10483 8736
19084 588 4400 -2310 10895 8322
18636 -144 3920 -700 12143 8552
17928 -452 2372 698 12770 7399
15944 -536 1612 -292 11757 5770
14152 -336 1748 -2023 8449 4235
13016 -1140 1764 -2785 4197 2343
11908 -1852 2780 -1605 54 357
12304 -2592 3432 2806 -3577 -789
13176 -2252 3888 6214 -5383 -1589
14924 -1912 3800 6157 -7094 -3209
15056 -1284 4468 3416 -9069 -4966
15560 -1864 4628 1067 -10835 -5720
17196 -2016 6288 2583 -12256 -6251
17188 -1724 6936 4799 -12173 -5766
17112 -1892 7328 6841 -10003 -4622
16796 -928 6988 7313 -6259 -3100
16116 312 6192 1205 -2706 -1970
15544 -580 5620 -3441 -113 -1616
15540 -1008 5708 -3552 1387 -1173
16016 -528 5332 -4333 1854 -1391
21108 -1060 6256 -3871 2273 -277
19820 -844 6472 -3720 3754 17
18244 1052 7120 2454 2409 3597
16084 1180 5592 6534 5004 4980
17336 1028 3840 3972 8884 4329
17540 808 4132 1411 10242 2640
15756 2132 4536 1225 9495 2990
15020 1352 3592 579 8987 2883
14188 1480 3148 1535 8795 2313
13964 1704 3056 1467 6890 1137
14796 2204 3208 -432 3955 -424
13792 2280 3408 -2172 1643 -2214
13320 2320 4644 -1587 -1780 -2902
13532 2392 4760 -68 -4122 -4103
13880 2464 5640 -378 -6773 -6859
13248 2188 6084 -2109 -8813 -7955
13700 416 7192 -1428 -9314 -7957
14672 -504 7320 -310 -8339 -7505
13748 -124 7576 -442 -6906 -5735
14708 -420 7828 332 -6858 -2479
15464 72 7932 617 -6198 -1500
14988 820 8248 -781 -4806 987
14728 1128 7660 -1387 -2634 3111
15232 1452 7176 -2024 -755 4206
15728 1412 6816 -2077 -57 3541
19596 1596 7904 -225 -18 2235
17552 796 5692 -1366 2785 2362
20640 2316 6444 -3679 5431 3670
18464 924 6460 -3619 4342 3244
15564 1772 6564 -83 4011 3704
15140 528 4916 363 4719 2310
16668 -240 4104 -1096 6563 1277
17340 -984 3516 -2434 7399 238
15308 -1256 2776 -5088 7013 1174
14136 -1684 2940 -4075 6128 3826
13744 -1508 2356 -706 4466 4368
14196 -1048 2856 907 2288 2691
13780 -920 2580 -194 11 658
14364 -804 3668 -1040 -3442 -1645
14468 -1420 4128 -582 -6396 -3874
15044 -1676 4424 -251 -8764 -5358
16784 -1144 5132 481 -10491 -5992
17484 -1536 5024 269 -11348 -7687
17716 -1332 6024 867 -11227 -7980
18064 -1708 6192 269 -10006 -7763
17728 -2060 6556 -1797 -7761 -7074
16468 -1852 6740 -2711 -4730 -4632
15684 -1484 6116 -4526 -1863 -2415
17708 -1836 5768 -4948 746 -1620
18392 -320 6088 -6492 3465 -2475
21844 -1000 6752 -8203 4716 590
18556 136 6636 -3783 8753 2073
17924 2436 6168 -4520 11871 6682
17292 1912 5800 485 13462 8780
15472 3028 4208 3851 14359 6988
14444 3416 3340 756 14042 4778
14168 2456 2940 -2318 13176 3129
13436 2420 2768 -3657 9917 101
12996 2008 3352 -3812 4497 -2807
12200 2100 4064 -3329 25 -4784
11904 1344 4888 -3441 -3494 -6484
13128 576 5648 -5296 -6638 -8763
14448 -1032 7060 -6498 -8837 -10783
14260 -2052 7520 -5156 -9604 -11187
14484 -2180 7768 -2980 -10217 -10167
13656 -2196 7200 -2627 -9916 -10774
15652 -2376 8332 -3590 -9291 -8556
14644 -2564 9248 720 -7675 -5111
15632 -2004 8752 3512 -5219 -1809
15112 -576 8160 2677 -2699 343
14892 -492 7480 796 -1758 1590
15228 -84 7240 2018 -1729 2426
15736 -132 6652 2677 -995 2816
19180 840 7288 1796 -653 3173
17704 196 6208 2179 2428 3318
19832 1428 5736 854 6135 4901
20368 656 5524 -2165 7088 3863
19580 860 5380 -2426 7226 3201
18444 760 5216 -1756 7597 5034
16856 856 4348 -460 9107 5965
15220 1360 3540 -468 10036 4928
13812 908 2760 -2603 8945 3135
13172 148 2712 -4002 6569 1234
14588 -644 2992 -3074 3958 -409
15184 -448 2992 -1745 2270 -1985
14800 -928 2688 -3360 403 -4335
14428 -1908 3212 -2974 -3116 -5826
14208 -1232 5168 -3797 -7100 -7587
15024 -2492 4784 -6150 -8207 -8480
15164 -2348 5828 -6662 -9015 -7543
14824 -3252 7764 -665 -9265 -7906
15972 -2116 5960 2497 -8171 -8521
16136 -1620 7440 -2124 -5021 -8352
15912 -3928 6752 -5378 -1957 -6759
14900 -3656 6428 -5352 -935 -4988
15108 -3644 6092 -3373 -1793 -3605
15436 -2756 6632 -1620 -2657 -2610
15964 -2148 7424 -492 -2402 -1399
19260 -2940 6256 303 -747 -645
17428 -1944 8504 2382 -26 2496
18100 -808 8568 8573 1528 4302
17852 1644 6500 8546 5440 6002
20876 1436 5704 4497 9577 5611
20224 2300 5152 4948 12571 6121
17404 3596 5436 4068 11384 5882
13992 2868 4204 1579 9009 3407
13284 1672 3260 628 8014 1175
13068 1764 3580 1285 6958 -604
13784 1508 3928 1555 4494 -1891
13672 1632 4144 -688 3282 -2366
12688 1272 4516 -693 1994 -2748
12904 2256 5052 1123 -618 -2839
12976 2976 5740 1250 -4073 -4030
12884 3136 6456 662 -6826 -5014
13388 2884 6588 479 -8251 -5146
13936 2080 6752 -313 -8807 -6007
14064 1900 7180 -1434 -8987 -5725
14224 1244 7868 -2127 -9427 -5004
14536 592 8332 -534 -8737 -4241
13476 1080 9000 65 -7858 -2875
14716 -824 7748 1983 -5343 -1044
15720 452 7852 3494 -2321 565
13872 828 7172 1143 -1627 2945
14676 808 6780 1210 -134 4377
14832 712 6200 1860 910 3695
15140 1348 5980 1497 829 3989
20072 48 6120 2669 461 4066
18328 604 5944 5051 1609 3942
19720 2012 5832 3714 4120 5682
20236 2456 5236 -913 6181 5049
17844 2464 6272 -3437 5768 4057
16576 1020 4968 -3063 5165 4831
16368 236 3428 -3388 6630 3640
16900 -628 3100 -3746 6240 2004
16048 -1524 3700 -3498 5079 1283
15156 -2312 3572 -2790 4506 2528
14384 -2424 4704 -856 3850 3072
14204 -2572 4064 1331 3130 2817
13924 -1880 4244 1896 990 2073
13804 -1648 4416 1418 -1501 1066
13668 -2152 3808 1862 -3018 -461
13764 -872 4724 2033 -5209 -1154
14228 -1932 3804 1572 -7252 -3274
15124 -1688 4580 1923 -8909 -4959
15980 -1480 5184 2562 -9794 -6004
16644 -2408 5056 2507 -9689 -6704
16112 -2220 7692 6209 -10672 -5728
15852 -1896 6896 8854 -9378 -3637
16640 -268 7304 5507 -5337 -1405
15836 244 6380 -150 -1635 -237
15392 196 6208 -4011 10 -303
19604 -1980 6048 -3586 299 -552
17000 -648 6316 -746 1135 -2019
23280 -1884 6048 3546 3012 -338
20268 520 4876 1585 6976 2213
18520 160 4420 -2291 10175 4276
17596 64 4120 -288 11830 5459
17212 940 4188 2275 12287 4952
16788 1868 3860 2696 11992 4671
15360 2452 3176 982 11274 4155
13980 2020 2864 -641 9848 2395
13620 1680 3072 -1346 7481 475
13452 1648 3100 -1407 4491 -1247
11860 1724 3356 -2215 911 -2905
11388 1408 4648 -2762 -2525 -4106
12484 1356 5144 -8262 -5614 -6247
12412 124 6956 -18132 -8494 -7628
13900 -3772 7808 -14832 -8783 -7990
13660 -5280 7576 -3016 -6184 -8409
13744 -3568 6472 2593 -5159 -8148
13972 -2640 6936 1506 -5528 -7396
14816 -2952 7008 828 -5549 -6565
15152 -2676 8304 3567 -5892 -5434
18872 -28196 32767 11723 -4807 -7117
16492 -572 8044 12764 -5433 828
19300 1452 7568 10360 -4038 2743
18904 1120 6152 2908 -1407 3068
20116 1224 6040 -1895 1144 3267
19280 -48 5692 -3063 2595 2993
18388 -592 5516 -1354 4140 3187
16636 -816 4604 2320 6297 5178
16560 -748 3536 4823 9097 6736
16468 -512 2304 3167 11434 6979
15032 -848 2044 1306 11819 6482
14100 -912 2404 632 9898 5987
13988 -1140 4084 1479 6985 4555
14120 -1648 3644 476 5056 3830
14936 -1836 4472 -463 3121 2136
14280 -1788 3828 -782 744 828
14044 -2216 4040 -387 -2089 -206
14304 -444 2940 100 -2784 -2629
14796 -2448 5100 -2410 -6774 -3156
15256 -2652 6416 -1336 -7971 -3987
15152 -2792 6584 2437 -8865 -4234
15412 -2284 6188 259 -9818 -5723
16084 -2228 6216 -889 -9731 -6844
16708 -2720 7020 -1066 -8709 -7576
16920 -2640 6832 -1061 -6305 -7277
16676 -1872 7804 -1577 -5551 -5442
17216 -1624 7012 -2454 -4482 -4140
18116 -344 6144 581 -321 -3790
20428 -1124 3860 -2381 -432 -2812
21784 -1268 6148 -417 1437 -3551
17700 0 6376 269 1576 -1158
15184 -932 6136 1521 3497 587
16232 -248 5780 5015 7333 3507
15920 1432 4676 5689 12336 5904
13980 2708 3712 2219 15921 6768
13936 1936 2612 -690 16970 6458
14764 840 3100 -567 15708 4413
14240 1536 3992 188 11511 1973
12676 1300 4428 -1841 5442 1712
12220 532 4952 -1224 1170 1602
11620 1068 5088 735 -2083 660
11716 1228 5496 -1078 -5775 -715
12348 500 6508 -5176 -8398 -2573
12984 -1652 8188 -4571 -9146 -3999
13816 -2272 8988 -1855 -8837 -3964
13624 -1576 8816 435 -8419 -3712
14272 -1624 8948 977 -8356 -3312
15052 -1576 7592 422 -6996 -3760
15556 -1476 7860 -844 -4935 -4420
15460 -1352 7524 -741 -4076 -3868
19024 -1376 7548 1842 -5072 -1624
17716 -892 7792 6172 -5037 -491
19336 100 6280 7154 -3955 2483
19640 356 5872 2488 -1298 1432
17008 -520 4972 -2328 1479 522
17164 -1656 4872 -1838 4883 2993
17140 -1924 3744 194 8221 5135
17420 -1432 2952 1229 10530 7060
16088 -780 2728 1117 10826 8022
15316 -1748 2980 2804 9597 6911
15500 -1324 3276 4230 7576 5486
14656 -828 3920 2769 5776 3714
14628 -1144 4432 -472 3963 2591
13660 -1596 4764 -711 1877 1740
13648 -1636 4712 1221 -480 513
13168 -1604 4392 1059 -2868 -608
13412 -1616 4500 942 -5021 -1406
14364 -1976 5024 1481 -7159 -3301
14924 -1452 6176 159 -9443 -5199
15644 -1956 6240 1309 -9977 -5214
15844 -1596 7464 1432 -9242 -4264
16140 -2152 6720 1158 -7664 -4764
15628 -1628 7264 1537 -6566 -4797
15644 -956 7436 -121 -5773 -4310
15392 -2508 6652 -249 -5277 -4372
16540 -1620 6884 4511 -2645 -3366
19748 228 5668 2627 -1036 -4460
17020 -332 4792 -3021 -1062 -2165
20132 -1552 6040 -585 1103 -3022
20144 -440 5216 462 2764 -261
20320 580 4424 214 5963 1407
17592 1828 2944 -3548 8422 3580
16544 3508 3316 -3329 8969 5373
15056 3232 4364 -307 8279 3387
14224 3200 4476 2127 8760 934
14624 2608 3320 433 11238 434
14476 2560 3496 -3558 12821 -360
12936 1792 3648 -5708 11073 -1088
12416 1288 4232 -4926 7584 -1117
11612 1316 5096 -4370 3312 -1872
10304 504 6376 -5071 -1483 -3225
11560 -344 7880 -4134 -4301 -4664
12280 -648 8020 -3523 -5481 -5077
13124 -1304 9032 -3950 -6917 -4936
13080 -3744 10636 3213 -7531 -4109
12560 -2000 11352 8629 -7740 -1700
12668 -604 10568 5345 -7479 -725
12276 -1476 9896 4119 -6671 -1465
12164 -1480 9036 5832 -6742 -970
12908 -1688 8448 7885 -6670 155
14224 -1296 7992 9797 -5406 828
15092 -764 7256 8973 -3561 2223
19188 -144 7176 7422 -1297 2903
18860 -1144 5464 5483 685 4022
21460 48 5672 4187 3337 6036
19440 600 4588 2449 5395 7188
17468 384 4092 1919 7066 8147
17648 -200 3700 5195 8920 7990
17148 184 3136 5062 9218 6474
15768 -376 2704 1033 8060 4300
13992 -1720 4300 -1294 5749 3720
13728 -2952 4784 561 3711 4467
13744 -3260 4696 3345 1860 4347
13592 -2388 4844 4153 -428 5252
13592 -4320 3840 8845 -3352 7223
14264 -2708 3912 10021 -4911 6387
14364 -1176 5040 9216 -4300 4798
14748 -592 4056 5307 -7382 2880
15876 -364 5068 3788 -9690 818
15856 76 5576 5821 -11434 -1368
16208 184 5876 6521 -11663 -1764
16584 -776 4732 2573 -10768 -3858
16924 -1552 5512 2475 -9466 -4221
16480 -1140 5364 2057 -6324 -5379
16356 -1508 5756 1291 -3879 -4786
16200 -896 5884 1141 -1915 -3896
19108 -912 5820 -13 -607 -3324
17712 -1616 5684 -506 -306 -2089
21900 -1188 7296 3982 887 -1072
20304 -108 5800 4782 3731 1037
21156 816 5492 4359 7254 3049
17820 3252 2880 1745 9666 4021
14816 2192 1348 -4641 9703 2898
14652 176 1668 -2832 9750 2400
14824 124 3032 4543 9724 3734
14964 260 1828 6588 10620 4433
15064 912 1792 2528 10027 4631
14412 880 2348 -2130 8325 3860
13064 912 3756 -2694 4776 3983
12804 976 4144 -228 1371 3656
12436 936 4960 931 -2494 1814
13644 -364 5568 3230 -4108 251
13828 -380 6648 1752 -7162 -1192
13780 -1080 7692 4470 -9492 -1024
15272 -924 9352 8810 -9968 -1509
14348 100 8408 10547 -9745 -1890
15360 496 7620 7449 -9964 -2629
16048 296 8112 6690 -9771 -3290
16468 -304 7252 6655 -8929 -2494
16684 -520 6916 6802 -5555 -402
15496 60 5916 6409 -2206 1985
17372 380 6168 5544 -169 3747
16692 -248 3948 5232 3419 4251
18244 1356 3872 2959 5546 5884
17176 980 2612 1467 5969 5112
18420 -400 3000 1848 4992 3792
19328 -912 3444 6453 4167 4042
17204 -428 2784 6975 4484 4760
17272 -356 3408 6357 3863 6398
16976 -1356 2748 6595 2365 4213
16328 -808 2848 3925 4040 4399
16388 -1988 3240 868 5645 3866
14796 -1980 3480 -159 6267 3102
14080 -2656 4256 675 5247 3619
14212 -3036 4800 4295 4353 4255
14176 -2660 4596 6178 3521 4208
14684 -1944 4712 5605 1745 3454
14200 -1492 3604 3420 -564 1731
14200 -1392 3756 1103 -3620 545
14212 -844 3936 651 -6649 -579
15496 -920 4116 1620 -8733 -1843
16816 -20 4852 2674 -9786 -3114
16900 -32 4808 1817 -9740 -3767
16516 720 5964 1156 -8576 -3627
16208 1668 6204 211 -7129 -3793
15600 872 5276 -2891 -5084 -5600
17500 -256 5548 -6733 -3205 -8200
19300 -1496 5740 -8025 -2462 -9997
17672 -2004 6560 -5924 -2481 -7006
19404 -1792 7372 1246 -1332 -3191
18892 -684 6056 2509 503 54
19624 548 6276 3081 3708 1793
16476 1752 6348 3176 5587 3486
14632 1916 4304 3232 8076 5197
14660 1564 3680 1951 10283 5237
16352 668 3232 3528 12453 4553
15784 1324 1776 1782 15277 5437
16768 1716 2480 -1978 15743 5031
14844 2956 2964 -3566 12982 3437
12332 2812 2868 -5221 8216 1833
11812 2392 4680 -3431 2172 333
11460 1940 5940 -532 -2818 -1313
11724 2124 5944 497 -5446 -2508
13148 628 5812 -1052 -7471 -5109
13684 -688 6336 -3952 -8610 -6942
13740 -1376 7800 -3143 -10679 -7500
14040 -1216 7952 1326 -13052 -5619
15056 -476 8148 3736 -13628 -4045
15936 -500 7284 2910 -12595 -3345
16828 -108 8356 1669 -9838 -2353
17648 -772 7892 62 -6913 -1273
18824 -692 8680 257 -4096 -701
17752 -864 7960 2537 -2766 1667
20152 -172 7204 6509 -257 3343
21796 1004 4536 2499 3386 3702
20004 1148 3232 -3302 6829 4120
17244 768 1548 -5652 8934 5049
17460 -1144 2072 -4096 10199 5891
16948 -1620 2520 2215 11214 7225
16212 -1080 2080 4408 11120 8526
15652 -968 1884 2670 10420 7363
14672 -992 2508 2007 8659 5787
13692 -1080 2588 2266 6518 4240
13460 -1516 2452 2556 4017 2003
13112 -1900 2696 2724 216 126
13788 -2328 3556 3961 -3520 -1631
14092 -1796 4032 3874 -6727 -2703
14892 -2060 5000 2408 -9682 -3759
15780 -1780 6004 1304 -11780 -4498
16320 -1756 6128 -277 -12339 -5057
16716 -3688 6732 -1053 -11968 -5378
16344 -1816 9996 -2426 -10297 -4254
15696 -2248 8068 -3354 -6188 -1974
15808 -380 9032 -5438 -36 -1831
18664 -2532 8472 -884 2231 -3129
13856 624 7336 2621 2041 -3892
17756 -336 7036 2821 953 -1665
18436 -688 6592 2713 1689 -1895
21752 -792 5304 -992 4498 -753
20812 -824 5996 -1461 7030 1054
17704 -224 5384 694 8508 4005
16848 396 5592 7429 9012 4119
14632 2652 3020 8680 10321 4517
13032 3284 2312 2807 10515 3181
12592 2980 2040 -1002 9734 2527
12340 1812 2396 -2131 8394 1775
12196 1264 3204 -1039 5181 370
12248 1184 3888 -432 681 -823
12132 556 5620 -2842 -4044 -3352
12456 1080 5700 257 -7247 -5052
12908 1212 6700 447 -8231 -4838
14404 400 7180 -1629 -9324 -5120
13916 540 7868 -852 -10254 -4374
14808 496 8112 392 -10836 -3473
15252 860 7744 625 -10140 -3052
15496 660 7300 -164 -8817 -2692
15332 276 7676 -388 -6760 -2466
15624 200 7588 1868 -5149 -1321
16124 772 7700 1857 -3805 -159
19664 748 7288 996 -2025 1895
20084 -1332 6136 2369 1884 3615
20940 1208 4404 48 5252 6718
19144 992 5384 -1995 5413 5877
17568 568 4700 -2139 3565 4553
16432 288 4548 -377 4893 5373
16340 -472 3260 -450 7038 4899
15472 -840 2992 -116 8171 4523
14320 -1688 3224 872 7667 4450
14408 -1964 3196 3315 6143 4174
14556 -2616 2904 4498 4237 3052
15216 -2204 3988 4786 2379 3069
15772 -2160 4224 5135 1148 2887
14772 -1660 4316 3711 691 1643
14612 -2036 4772 1657 -90 616
14416 -1056 5068 1709 -1360 685
14244 -272 5364 2942 -3284 996
14644 260 4968 3230 -4986 -208
14780 -112 4556 3602 -6375 -1751
15052 256 4640 2549 -7170 -3414
14824 136 5244 1224 -8293 -5151
15492 -44 5300 -1597 -8460 -6140
16276 -624 5760 -5576 -7843 -7019
20120 -1780 6692 -6765 -7442 -6987
16088 -1776 7420 -7201 -6364 -5721
19840 -2796 8112 -2922 -4180 -3441
16996 -236 6904 -1163 -285 -1363
16696 -724 6756 -5798 3004 251
16728 -1672 6424 -1973 5398 1597
18080 -820 5664 1314 7256 3704
19260 672 4500 -460 7997 6224
19996 2288 3328 -1606 8247 9592
16724 -168 2928 -1884 7627 6969
15556 1088 2060 911 6655 4412
14700 1164 2940 1806 6358 2517
14688 516 3396 2171 6111 755
13252 576 3732 57 5567 -816
12076 8 4240 -512 3164 -2040
13528 -536 3524 -609 639 -4005
13272 -188 4512 -1704 -2427 -5958
13564 -1144 5084 -1269 -5533 -6293
14300 -976 6148 -797 -6782 -5332
14692 -840 5928 -258 -7048 -3715
14980 -1528 6252 -667 -5923 -1295
14456 -2880 8600 1713 -6468 -1245
14292 -1856 7932 2440 -6570 -1453
14396 -1764 8568 454 -5093 -828
14728 -1564 8748 599 -3905 -835
15152 -1260 8456 1382 -3142 -91
14536 -680 8064 156 -2817 1361
17276 -548 8156 435 -3647 2301
16848 -928 6092 1155 -4215 3689
20968 144 3092 1126 -3048 3999
19668 -656 1096 -4109 1345 1090
19932 -1764 2700 -3359 3514 1536
18140 -532 1600 -140 4262 2236
17712 -1780 2564 694 4343 2011
17088 -2892 3088 2755 5794 3272
15956 -2536 3188 1230 7009 3431
14724 -2528 2800 1274 7744 4855
14136 -2252 2212 931 7258 4536
14052 -2360 2480 948 5010 4374
14364 -2372 2812 2150 3034 2961
14836 -2376 2836 2420 982 1584
14672 -2260 3208 1675 -1204 -378
14968 -2544 4056 2247 -3539 -2453
15424 -2644 3588 3989 -5881 -3649
15508 -1852 4208 5134 -7394 -3802
15560 -1184 4508 4900 -8227 -4181
15612 -1184 5112 3114 -8663 -5410
16040 -1176 5280 991 -8606 -5511
16576 -1748 5628 -1594 -7549 -5181
16104 -2184 5580 -1719 -5765 -4133
15988 -1568 5592 -1844 -3613 -2880
15420 -1668 5492 -2498 -1973 -1840
18708 -2456 5640 -1312 -884 -1766
16604 -1180 6068 -836 310 -2839
22128 -1124 6804 2245 1407 326
21544 92 7016 6138 4749 561
20152 1264 4892 3385 7416 3188
18164 884 4476 3982 9207 4630
16700 2400 2312 5366 10078 5663
16720 2316 968 2773 11500 3266
15112 2416 -324 -2233 11518 731
14380 1388 336 -3740 10199 -48
13516 1492 596 -2453 7295 -234
13840 928 1328 -918 4089 -1547
13740 1748 2468 -579 473 -2940
14248 684 2612 -954 -1571 -4220
13448 1188 4540 -1575 -4843 -6250
13708 1820 5788 -836 -8655 -5444
14580 1684 6044 -998 -10488 -5315
15996 892 5932 -3833 -10556 -6547
15832 180 7192 -3443 -10664 -5502
16128 -340 7340 -1436 -10453 -3638
16348 -428 7564 -985 -8307 -2097
14980 -692 7620 -1187 -5549 71
15160 -1000 6640 667 -2271 2305
15056 -944 5612 992 -936 3273
16108 -560 6352 -501 369 3204
19120 -996 6692 2893 1554 2511
18988 -984 5880 5719 3669 3205
20640 300 5304 5027 5800 5817
18836 780 4812 2351 6803 6405
19404 1284 3904 283 4907 6130
18196 932 4356 806 3992 4885
16740 -312 3264 1821 4438 3376
16620 -332 2412 936 6291 2001
15432 -532 2028 -1847 7054 720
15432 -1256 2420 -5512 6874 -541
14512 -1556 2584 -3736 5356 -715
13860 -1240 3104 -767 3266 -77
14536 -1220 3776 997 836 -469
14540 -804 3124 71 -1326 -831
14800 -1328 3920 -24 -3232 -1625
14692 -1212 4300 424 -5275 -2599
15668 -1292 4464 722 -6232 -2947
15860 -1340 4720 1290 -6675 -3741
15884 -1080 5312 729 -7317 -4390
15868 -1128 5508 31 -7363 -4616
15948 -1588 5404 -471 -6956 -4301
16152 -2168 5480 -659 -5590 -4157
16512 -2148 5524 -1447 -3549 -3962
16140 -1844 5776 -1991 -2219 -2924
16512 -1532 5672 -2804 -889 -2136
20928 -2008 5964 -1611 698 -1422
18188 -1292 5952 -1554 1144 -87
20112 -648 6872 3057 806 1215
17428 772 5144 3135 1572 2640
17988 732 3724 835 3820 2593
16940 1424 1784 60 5225 2105
16664 2148 848 -1009 5079 2204
16544 1648 1184 -462 4086 1141
15872 2208 992 1590 4194 1696
15312 1708 1172 74 4980 1501
14364 2164 1020 -1599 5048 923
15228 1656 1784 -977 3717 -696
14164 2140 2664 -505 2563 -1595
14504 1012 3588 -1263 83 -2617
15208 532 3972 -1682 -918 -3300
15320 76 5208 -1277 -1462 -3043
14316 -780 5480 615 -3677 -2680
13792 -1052 5092 983 -3763 -2021
14640 -936 5704 2350 -4419 -1308
14128 -700 6400 4535 -6083 -719
14668 -380 7132 5766 -6833 237
15336 96 7420 6236 -5949 689
15960 300 6864 4608 -4172 1306
16288 180 6372 2447 -1982 1699
17144 -528 5904 1836 -1004 2485
17960 -572 6116 4593 62 2575
18968 -240 5084 4493 2217 4236
20288 216 4604 2273 4857 4160
20480 -36 3236 -1609 6195 3383
18500 144 3356 -3816 6725 3633
16124 8 2372 -3991 6124 4765
17312 -164 2304 -2544 5505 4753
16700 -912 1816 -1614 4795 2432
14580 -1292 1852 -2110 3552 2065
14876 -2204 2068 -470 3155 2547
15180 -1972 2024 920 2812 1658
14984 -1728 2516 1028 1041 562
14532 -1984 2808 2384 -1060 -384
14936 -1776 3104 3230 -3178 -2211
14728 -1904 2904 3352 -5744 -3609
15304 -1648 3892 3201 -8480 -4702
16420 -1692 4772 4757 -9996 -5152
16468 -1608 4628 2864 -8732 -5331
16836 -1652 5324 -568 -6084 -4225
16384 -1692 5476 -2285 -3043 -2578
16248 -1396 5112 -3771 -573 -1577
16348 -808 5128 -5747 737 -1857
17312 -752 5448 -7217 1416 -2493
19084 -576 5332 -8201 1886 -2928
17924 -896 5780 -9201 1423 -3509
19704 -804 6944 -4757 965 -3265
18880 196 7000 -990 1620 -1968
18920 176 6180 -1267 3754 -1214
15956 620 6496 324 5355 1551
15652 1004 4276 1187 8306 3207
14640 2060 2924 -1193 9962 3222
13048 2344 1924 -1574 9311 3095
14216 2016 1324 -903 8386 1879
14284 2688 1076 -1321 7022 -15
14520 2200 2072 -1371 3983 -1082
14904 2544 3152 -266 909 -1932
13984 2056 3784 -1109 -1679 -3601
13620 1228 4408 -1626 -4132 -4952
13832 228 4504 -800 -7441 -5220
14164 -276 6336 -578 -9359 -4802
15156 -716 6832 1617 -10077 -3605
15688 0 6632 383 -9294 -2726
15144 -280 6504 -4092 -8453 -2890
14964 -160 7304 -4866 -7661 -2146
14800 -36 7636 -3187 -6624 -1083
15936 204 7212 -2965 -5182 -354
16732 -348 7884 -2270 -3693 177
18812 -412 7172 -811 -1769 944
17924 -316 6524 -453 793 708
18792 -292 5412 -1208 3050 3111
18040 992 4464 -1796 5112 3460
19528 312 3780 -3891 4858 3496
21380 -164 3096 -3270 5667 2402
19176 32 2356 -3527 6061 2697
17436 -484 2092 -2433 6201 3811
15864 -1136 2028 -276 6218 4422
14836 -1580 1828 1595 6011 4842
14648 -1988 2288 2014 5172 3735
13924 -2192 3752 3173 4114 3739
14780 -3552 5600 7257 3831 3871
14712 -2568 5008 9029 3998 3691
13388 -1876 4760 7119 2439 3128
13220 -1568 4424 3911 -620 1396
13472 -1504 4172 2814 -3515 390
13952 -1124 4128 2026 -6024 -936
14424 -820 4024 635 -7608 -2430
15128 -756 4140 -575 -9141 -4120
15628 -500 4520 -1188 -10209 -6006
16668 -1040 5372 -2029 -10897 -7061
17644 -1232 6372 -1589 -9308 -7996
18820 -16 7412 -3389 -6751 -7430
21288 -668 7096 -5736 -4032 -6631
17704 -404 6612 -9849 -902 -5779
18456 -1916 6556 -8354 729 -4744
15972 -416 5952 -4377 1251 -1411
16296 -308 6656 -2889 3027 1487
16596 -1012 3956 -45 5844 3940
18532 584 4536 636 10025 4147
18588 1664 4624 -1361 10856 4714
16924 1692 3296 -2810 10145 5352
14836 2620 3872 2 9375 6450
14028 2372 3128 2099 8740 6126
13760 2028 2776 1813 8361 3478
12980 2280 3176 419 7220 127
12768 1644 2688 -1867 4379 -2035
12976 624 3808 -2218 -862 -4818
12012 12 5728 595 -6382 -5370
13700 -136 5916 2742 -8570 -4971
14588 -888 6576 750 -8498 -5716
14744 -1292 7420 -575 -8733 -5107
14352 -1012 7776 760 -9463 -3282
14660 -628 8388 2168 -9460 -1293
14796 -88 7804 2099 -7897 -355
16316 504 8224 631 -7204 -708
15336 1112 8360 -20 -6289 -715
15352 696 8312 158 -4554 183
16116 40 7324 1005 -2376 144
16984 548 7240 1079 -1067 825
18448 -248 6324 2681 494 668
20404 1356 3252 -593 2198 2303
20628 1492 4072 -1882 2940 309
19180 876 2232 -2477 2522 1320
19280 528 1120 -574 5038 2923
16584 -4 -128 -2552 6531 2780
15520 -688 1096 -1535 6431 3629
14576 -736 1792 -1024 6274 5068
14248 -1416 2908 -13 5884 5317
15228 -1292 3788 2538 5589 5257
15112 -1068 4092 3880 5122 4469
15760 -1340 4936 3965 4385 3590
15836 -1696 4428 3712 3560 2953
15756 -1248 4568 2765 1900 2045
14152 -1400 4028 1927 306 763
13584 -1296 3820 1093 -970 -380
13860 -1448 3656 1415 -3530 -1663
14488 -992 3460 570 -6189 -3163
15428 -1364 3928 -696 -8532 -4945
16376 -1200 4752 -1072 -10610 -5728
17112 -1684 5316 -2051 -11797 -6593
18044 -1464 6572 -1850 -11501 -6299
19372 -1780 6432 -2354 -10061 -5652
19828 -772 7628 -2245 -7847 -4578
16536 -1052 5864 -4262 -4903 -4702
20016 -2052 7076 -1806 -1684 -3584
18020 -260 4664 -2391 2039 -1935
17260 672 3788 -5930 4660 632
16704 2236 2820 -2286 5763 2179
16528 1868 1984 -769 6181 1164
16684 1996 2872 877 6275 979
14700 1412 2996 1363 7874 2610
14080 776 3740 982 9807 4223
14492 64 3704 1358 11601 5081
15760 184 3496 1777 12131 4854
15708 364 3256 920 10411 4517
15048 560 3460 1580 6731 3776
13964 696 3508 2492 2501 3075
13032 1252 3544 2528 -1589 1997
13292 1028 3900 2051 -4814 12
13972 840 4348 848 -7346 -2035
14860 972 5256 -427 -9925 -3734
15564 824 6496 -857 -12575 -4766
16932 556 7184 -317 -13778 -5250
17136 -448 7808 35 -12303 -5924
16636 -820 8148 1180 -9367 -4010
16720 -1340 8028 2315 -5765 -1888
16388 -1188 7304 2200 -2321 88
17928 -812 7228 2709 21 1768
16688 -1256 5976 4192 2284 3375
18824 -348 5272 4999 5299 6379
19836 176 4584 4895 7735 6295
19628 156 3704 2810 8821 6021
17640 0 3136 2055 9465 5597
17220 -272 1876 301 9746 5267
17140 -992 1268 -890 9523 4357
16072 -1104 1652 -1317 8695 3302
14632 -1232 1348 -2098 7102 3438
14432 -1744 1552 -1411 4793 2305
13552 -2040 1984 -43 1515 1017
14448 -2040 3276 719 -1681 -148
15152 -1660 3208 1577 -4046 -1803
15260 -1272 4040 1150 -5259 -3963
15360 -868 5292 301 -7665 -4957
16304 -896 6224 158 -10704 -4306
16720 -1832 6016 -1063 -11493 -3006
17156 -2420 4896 1659 -9507 -2018
16512 -2744 4320 2318 -6990 -1717
16600 -1480 4664 1015 -4916 -1762
15960 -2516 6280 -420 -2538 -3056
15344 -1880 6152 979 -2052 -3252
16200 -1532 6000 89 -819 -2738
16780 -1592 6492 -42 339 -2488
19296 -1928 6496 371 1766 -1622
17740 -720 6128 -712 3402 -1742
21052 -856 6152 1530 3785 -82
18484 720 4824 2416 5183 -407
17156 1648 4132 -1769 6263 -463
16576 568 3652 -1896 6749 -307
17400 940 3212 695 7223 374
16392 2020 2128 216 7109 295
13172 2376 1632 -2871 6864 443
11984 1820 1784 -2416 6514 1487
12608 1844 1444 -357 5139 1214
13192 1584 2656 -495 2502 958
14536 624 3880 -21 466 174
14336 436 4564 -770 -1941 -660
13896 172 5492 -561 -4766 -1359
13768 92 5804 1180 -6596 -1830
14920 456 5796 228 -6106 -2363
15504 -1752 7192 3228 -1106 -3670
14528 2844 7428 856 -580 -4249
13956 648 9236 -4489 -1684 -2676
13588 -344 9112 342 -2976 -528
14060 308 8628 2394 -3538 673
14020 240 8220 2535 -3439 852
14040 448 8116 3591 -3119 1764
14060 940 7392 3885 -2950 2608
16648 668 7548 3777 -1569 3347
17620 1216 7644 3053 891 1617
19100 320 7628 -731 3605 1375
19640 208 7272 -3470 4601 1707
18328 -288 6692 -3976 4542 3198
15032 -612 6364 172 3811 4004
15344 -692 5008 2507 4389 3871
15656 -900 4108 -207 5041 3246
15328 -1368 3772 -2411 5302 3189
14348 -1924 3540 -2526 5171 3540
14200 -2080 3436 -471 4221 4136
14248 -1816 3760 1120 2269 3893
14352 -1588 3972 1650 -699 2984
15024 -1660 4552 1808 -3460 1627
14524 -1676 4588 2051 -6109 690
14480 -2268 3768 4641 -6288 1239
14716 -1724 4344 2132 -8271 -1211
15080 -2148 3724 2010 -9460 -2593
16580 -1976 4992 3902 -9425 -3380
16600 -2124 5184 4874 -8397 -4182
16732 -1604 5176 2804 -7356 -4333
16432 -1624 6112 1836 -6483 -3664
16460 -1816 6264 1680 -5268 -2436
16024 -1224 6056 291 -3376 -2569
15840 -944 5496 -2741 -1625 -2204
16340 -1740 5204 -5181 -132 -1751
16756 -1704 5712 -3624 1005 -480
19608 -224 5168 -3048 1020 346
18804 168 3292 -7286 1426 2440
22484 -1736 4364 -3856 -94 1826
17896 108 3340 1965 616 770
16624 300 2900 1904 1781 1564
17428 -736 1292 2302 4775 1146
17380 -1688 2844 3141 8100 645
14432 -580 1628 2206 11075 2382
13984 -240 3324 563 10818 2675
14352 -464 2588 1829 10573 988
15292 364 3120 312 9428 -791
15268 1080 3968 -839 8205 -1885
13748 1552 2624 -2884 7156 -2482
12900 460 2732 -6866 4252 -2464
13904 -1280 4864 -4639 377 -1449
12600 -228 4644 -3147 -3502 -2159
13512 -576 4964 -1275 -6377 -2859
14284 -964 5768 1203 -7267 -4490
15124 -752 6464 2505 -9282 -4780
15444 48 7216 3959 -11691 -4943
16224 -376 7088 2142 -11275 -4433
16236 -656 7168 734 -10052 -3529
17104 -1216 7344 1340 -8566 -1142
16912 308 7076 532 -7009 1125
18284 -968 6904 -1477 -5911 1747
17996 -2532 6968 878 -4121 611
19328 -1972 6608 1971 199 1725
19536 -1444 6208 1916 4062 2687
19404 -848 5868 1857 7457 4581
18584 -844 4924 2608 10198 5893
17272 -872 3804 2843 11856 6009
17036 -1356 3304 3628 11754 5978
17276 -1340 2884 3723 11646 5408
16164 -1344 1840 865 11081 4930
15696 -1804 2316 -673 9616 3707
14488 -2132 1936 -139 6979 2880
13884 -1576 1896 592 4280 1765
13100 -2164 1644 -54 186 630
13168 -2408 2504 -1260 -2888 -806
14016 -2516 3784 1800 -4346 -2141
14552 -2008 4284 960 -9039 -3255
15464 -2880 4464 686 -10948 -4177
16512 -2100 5672 1768 -11164 -4426
16960 -2068 5280 -1 -10352 -4966
17356 -1684 6496 -1699 -9890 -5486
17164 -1840 6992 -1627 -9801 -5741
16632 -1284 8168 1526 -9618 -4748
16884 -1112 7088 2133 -8200 -4550
16908 -2416 6880 1994 -5292 -5352
19516 -3312 7612 5558 -2869 -4058
18856 -160 6148 3739 595 -2563
20988 -1264 6484 -1874 3200 -689
21056 -1740 6504 1707 6311 -9
19316 -524 5412 2178 9488 2656
20012 -3552 4116 4328 12439 5338
18688 -808 2924 13588 16638 7879
14336 4144 160 8363 15128 8199
12792 3900 1732 3065 11409 4166
12164 2688 264 282 9635 2760
13096 2296 1568 -2148 8656 795
13660 1584 3012 -3014 5162 -363
14348 828 3684 -2587 1853 -1144
13712 616 4592 -1379 -1573 -1957
13692 -676 5552 1335 -4880 -1558
14012 288 6992 3214 -5883 276
14128 -220 6152 1832 -5277 138
13688 164 6544 -1730 -4984 -1513
13356 -240 7264 -2109 -6436 -1654
13480 -952 8444 584 -7554 -1656
13944 -448 9024 2957 -7061 -1157
14332 104 8660 1005 -7183 -1117
15036 52 8852 17 -7133 -646
15100 252 8124 958 -6728 272
15824 372 7412 764 -5291 869
18708 192 7008 886 -4103 183
18504 -640 6296 1063 -2535 221
20716 -172 6484 669 -478 1232
19172 -320 5668 189 1178 1782
16636 -280 4716 309 4319 2927
16968 -944 3504 -89 7391 3182
16524 -1584 2320 -1615 9472 2795
16928 -1456 2544 -1375 9843 3274
15756 -1692 2264 -775 8672 3812
15112 -1696 2444 564 6566 4050
14432 -1488 2464 2225 4713 3678
14468 -1528 2808 2262 2972 2558
14700 -1608 3296 1361 592 648
14216 -1680 3972 -270 -1980 -1022
13836 -2016 4172 146 -3962 -1638
14532 -2148 4308 850 -5160 -2198
15120 -2028 4308 745 -6491 -3393
15628 -2184 4592 -167 -7448 -4072
16152 -2316 5004 -1512 -7590 -4286
16368 -2260 5608 -1536 -7452 -3934
16164 -2000 6224 -115 -6951 -2848
16236 -1292 6188 653 -5546 -1693
16284 -116 6556 -529 -3719 -1669
14756 632 5616 -4813 -2212 -3072
14696 -1748 6584 -5630 -1711 -4682
16624 -1692 6040 59 -581 -5243
20188 -2272 5144 122 -242 -2867
22424 -1964 5264 2907 1968 -1706
21532 -364 4020 -189 3661 1071
18456 428 3588 -1718 4659 1889
15392 1136 2776 -1063 4156 2202
15648 1252 1908 2116 4024 1609
15924 2584 1572 2162 4351 1139
15432 2064 1512 107 5236 723
15012 2572 948 -368 6070 579
13868 2648 976 -2268 5367 -85
13976 1720 1152 -2093 3773 -629
14960 1160 2304 -1919 2092 -1310
14536 764 3544 -2327 526 -2109
15100 -224 4844 -2275 -668 -2111
14816 -268 5456 -1236 -1762 -1883
14104 -800 5812 73 -3095 -1501
13932 -268 6516 1830 -3687 -928
14184 -428 6652 1902 -4146 -963
13696 -324 7376 2239 -4561 -278
14384 -896 7008 2638 -3883 480
14576 -716 7604 3441 -2725 768
14292 -748 7000 4422 -2672 1653
15312 -684 6952 6128 -2680 2395
15164 108 6744 7573 -3378 2978
18560 -236 5976 6619 -2434 3972
18008 264 5032 3802 356 3091
18728 -140 3640 167 2873 4177
19392 -468 4148 -440 3991 2916
17356 -640 3796 -1890 3291 1854
18228 -1256 4952 1034 3501 2841
17992 -1008 3632 1741 4911 2827
18012 -1152 3388 -1356 6295 2499
16488 -1824 3224 -2118 6543 2938
15164 -1952 3084 329 6031 4006
14320 -1668 2544 2002 4461 3721
13864 -1484 3204 2239 2242 2345
14052 -2108 3456 1066 -256 1033
13944 -2712 3536 1403 -2458 265
13956 -3192 3288 2378 -3916 -563
14836 -2520 4176 933 -5513 -380
15412 -3684 4596 2570 -7310 -1034
15224 -1808 4428 1646 -6143 -1793
15200 -1664 5260 138 -7117 -2275
15624 -2500 6196 2698 -7075 -1391
15884 -1444 5532 4905 -6585 -1085
15312 -536 5404 3829 -5613 -1984
15568 -484 5740 1426 -4109 -3009
15620 -708 5840 -385 -2905 -4395
16568 -1244 5712 -1669 -2601 -4846
21624 -2276 5672 -1600 -2394 -4754
19968 -2960 4344 -3697 -1802 -2074
24316 -2724 5244 2511 -2013 -210
19004 1152 2968 4856 550 -551
16420 1816 1828 -3380 4215 487
16560 616 1184 -4381 8650 637
16288 892 1144 -1105 11472 1187
14960 2252 736 -615 11504 1505
14444 1244 1692 3122 9566 840
14020 3308 -192 4898 9450 637
14848 2088 1472 -724 7090 425
14332 1476 2712 -1505 4250 74
13384 1120 3500 -2368 1606 1130
14356 32 4260 -1088 -791 366
14324 600 4924 -249 -2835 -695
14564 1764 5936 65 -3203 -1916
14488 -188 5648 -2118 -4601 -1409
14804 -308 5776 -167 -6227 -94
15392 260 5428 138 -5763 -915
15344 -228 6596 331 -5313 -1644
15280 -168 6828 2250 -4574 -2009
14532 -288 7200 2670 -5251 -2860
15100 304 6564 4063 -6568 -2976
15492 496 6852 4047 -6196 -977
16448 876 6956 2906 -5662 1025
18528 232 5860 1195 -2686 2906
17348 -492 5556 -360 -314 2938
19484 -752 4244 -611 1499 4348
18280 -116 3084 -1783 2161 3841
18488 324 2680 643 1994 3612
17440 -288 1828 1312 3635 2529
17452 -988 1216 1695 6027 2491
17508 -1356 1196 1726 7570 2251
16872 -1528 1712 -53 7682 2222
15308 -1988 2440 -1278 6787 2970
14796 -2028 2788 941 5111 3218
14444 -1388 2020 666 3066 2155
14316 -1596 3108 634 300 971
15240 -2140 3108 2315 -1081 552
15212 -1144 3380 2698 -1369 -460
15116 -1440 3916 1122 -2050 -1000
14900 -2052 3620 1173 -3997 -1748
15056 -1432 3772 229 -5686 -2724
15500 -1680 4468 -346 -7227 -4086
16424 -2012 5792 597 -7564 -3958
16116 -1772 6000 2446 -5907 -3316
15932 -936 5908 2543 -5796 -3765
15532 -920 6428 1058 -4356 -3745
16320 -896 5928 -404 -3480 -3747
20920 -1328 5856 -1324 -2242 -3031
18964 676 3812 -3607 -1655 -2696
24540 -1132 7372 3086 -2894 -2242
19076 908 2948 3865 -926 -2559
17728 1624 2384 -1096 3260 -87
16188 1036 232 -2566 6720 673
15796 1704 -288 -2971 9044 1193
14608 1688 -236 -3493 8812 1780
13084 1104 876 -546 8071 2573
13036 1300 1076 1501 7755 3388
15152 796 2376 474 7378 2564
15528 1304 2416 610 6553 1306
16132 1284 3496 -1058 3648 1750
15248 1308 4316 139 1191 2171
14028 1776 4168 -380 -367 1576
14556 776 4156 -2422 -1799 -660
13928 1648 4496 -1050 -2947 -2964
14132 -296 5572 -2469 -5703 -3279
13724 -384 6200 2226 -7905 -2855
14836 -232 6384 4670 -7967 -2507
15744 -160 6644 4557 -6582 -2588
15604 384 6532 1676 -5922 -2347
15520 -144 6664 -1925 -5121 -1333
14880 -1008 6876 296 -3831 478
16308 -976 5880 3117 -3425 2392
17564 -64 6268 2280 -2156 2118
18112 -816 5484 1868 -678 3595
20424 -952 5492 2814 2484 3829
20136 -700 4904 2333 4772 4592
19484 -792 4152 911 7544 5566
18368 -1104 3516 1348 9640 5631
16592 -1092 2664 855 10465 5595
16116 -1240 2364 1242 9891 5114
15344 -1220 1964 1422 7908 4144
14520 -1528 2012 808 5548 2836
14628 -1852 1984 346 2488 1396
14316 -2076 2440 607 -817 275
14520 -2124 2920 1462 -3580 -424
14720 -2060 3172 2275 -5632 -1284
15120 -1888 3460 1420 -7213 -2392
14920 -920 3960 1773 -8560 -3440
16240 -2080 4360 627 -10024 -3965
16516 -1976 5532 3998 -10084 -3813
16740 -1988 5160 3553 -7815 -3515
16744 -1276 5668 3262 -5694 -2996
16480 -892 5800 1002 -4157 -3473
16168 -1324 5756 -2099 -2450 -3583
15964 -1148 5504 -2513 -998 -3155
16488 -1088 5392 -2555 75 -2368
19544 -1268 5196 -1756 979 -2001
17636 -816 5544 -1221 1194 -1262
21816 -2016 6132 3309 1520 -817
20572 -1112 5072 4249 4240 608
19748 152 5096 3025 7382 3901
16688 1632 2016 1118 10490 5725
14868 1632 1748 82 10634 4607
13352 2148 928 1920 8661 3076
13320 1848 1132 2638 7123 2009
14124 1712 1516 2461 5741 644
14716 1480 2388 39 3035 -154
14900 1004 3428 799 1328 -219
14768 1180 3524 467 293 -422
14548 996 4400 -845 -1872 -1425
14844 636 5432 -948 -3941 -1804
14348 724 5744 -806 -4947 -1872
14812 160 5304 -1086 -4456 -2474
14804 316 5736 -1694 -4417 -3118
14776 20 6024 -2024 -5631 -3274
15072 -196 6924 -951 -6380 -3123
14372 -68 7108 284 -6593 -2124
15232 -300 6708 1129 -5564 -1179
15048 -348 6928 970 -4343 -752
15404 -408 6660 927 -3506 -73
14988 -500 6672 1850 -2740 1215
17412 -1004 6292 2794 -2123 2255
18020 -80 6552 3539 -860 2039
19128 -672 5728 2830 829 4069
19796 -456 4656 3070 3760 4652
18452 488 3796 341 5093 4926
16224 -148 2976 -1131 4887 4908
16064 -552 2536 -45 4568 4362
16588 -824 1804 1034 4581 3356
16916 -1488 1632 946 4907 2486
16636 -1736 2152 672 4696 2683
15276 -2200 2148 677 3912 2653
14768 -2068 2412 1181 2490 2836
14896 -2184 2332 1986 651 2257
15132 -2140 2564 2179 -742 1215
15020 -2184 2588 1250 -1909 530
14988 -2452 2608 229 -3099 -316
15728 -2680 2680 -487 -4243 -1469
16088 -2712 3296 -951 -5850 -2561
16460 -2756 3700 -108 -7191 -3174
16888 -2620 4320 391 -7592 -3669
16788 -2644 4800 787 -7024 -3564
16772 -2556 5228 1418 -5646 -2713
16656 -2252 5576 2306 -4036 -2414
16332 -1916 4816 1796 -2156 -2321
16384 -1508 4740 69 -934 -2361
16352 -1820 4272 -811 -86 -2499
17196 -1508 4172 -2040 505 -2274
19880 -2016 4780 -1572 737 -2170
19688 -988 3900 -1308 2229 -2532
21764 -1112 5032 -397 1108 -1178
19044 508 2892 3004 2220 -739
16972 628 2448 -1925 4043 12
15260 324 1256 -264 5229 871
14336 684 1116 1833 5913 1675
14468 860 956 1470 5907 1918
15160 392 1740 1976 6502 1928
15356 528 2336 536 7268 2540
16320 -48 3080 -115 7549 2954
16736 -204 3196 387 7475 2883
15752 64 3376 -437 5476 2888
14932 172 3992 896 3533 3086
13808 760 3900 1693 1239 1942
13500 624 4240 1781 -1716 144
13448 436 4772 3157 -3537 -1244
14204 268 5876 4590 -4784 -1665
14504 244 6240 3495 -5069 -2371
15128 0 6576 1972 -4981 -2931
15404 -4 6476 1868 -4463 -2568
15440 -288 5844 1087 -3501 -1815
15368 12 5576 265 -2645 -431
15540 -468 5192 -1275 -1749 536
16464 -424 5392 -1557 -1451 1003
16796 -128 5704 -1648 -1836 228
15060 -272 5412 -2865 -1152 758
16140 -536 6052 -1122 -17 934
16272 -436 5988 295 549 362
16116 -516 5956 445 1244 782
16088 -272 5460 1097 2382 1106
16112 -600 5144 -742 3314 481
15748 -504 5124 -94 3142 906
15388 -412 4956 739 2212 922
15500 -344 4940 415 1361 568
15220 -148 5116 658 688 209
15368 -284 5256 277 76 -247
15268 -560 5144 159 -262 -773
15156 -836 5484 -12 -754 -933
15048 -1044 5576 576 -908 -874
15268 -920 5476 907 -834 -645
15244 -924 5560 932 -742 -445
15240 -888 5724 1074 -388 -265
15056 -692 5552 1097 -371 -116
15304 -620 5656 839 -594 -441
15112 -720 5504 728 -788 -165
15320 -560 5392 703 -644 -90
15436 -448 5340 314 -590 47
15388 -548 5396 303 -565 38
15368 -476 5568 384 -568 239
15256 -384 5680 761 -532 193
15412 -364 5460 771 -191 281
15296 -368 5380 490 133 180
15388 -476 5180 595 444 157
15504 -544 5048 -89 153 -96
15532 -672 5356 277 -13 49
15532 -524 5264 466 -84 67
15428 -800 5480 66 -9 -25
15380 -648 5372 201 -70 101
15468 -720 5236 102 -56 159
15380 -708 5320 -361 -88 -12
