-15384 1768 -1148 1574 761 112
-15660 1260 -1204 2755 463 -340
-15468 856 -1044 3905 411 -808
-14688 1316 -1284 4807 524 -1069
-15468 1444 -1364 5812 602 -1294
-15224 1528 -1328 6399 387 -1336
-15464 1688 -1604 6779 723 -1082
-16264 2024 -2444 6343 627 -543
-15740 992 -2248 5865 751 -114
-14024 4 -4068 5383 896 282
-15472 -352 -4024 4310 1927 434
-16448 -344 -4500 4247 1457 607
-15976 -80 -4036 3661 1483 743
-15956 -468 -3720 3394 628 350
-15248 -748 -3484 3613 -475 97
-14992 -548 -4028 2950 -652 -291
-16400 200 -3512 2635 -713 -163
-15336 316 -2884 1998 -556 174
-15340 504 -3708 2097 -532 395
-15476 20 -3564 2061 -951 102
-15332 48 -4080 1875 -793 -250
-15368 568 -3548 1164 -636 -482
-15840 416 -3016 1352 -703 -468
-15396 376 -3212 1690 -755 -560
-15392 752 -2960 1783 -727 -512
-15532 628 -2432 1643 -1000 -316
-15572 824 -2648 1106 -1151 -165
-15220 660 -2648 1007 -812 88
-15588 476 -2384 786 -440 33
-15524 608 -2536 662 -348 105
-15444 592 -2464 453 -3 89
-15696 652 -2344 376 42 211
-15776 580 -2388 318 -96 190
-15300 336 -2308 275 -178 263
-15444 544 -2452 322 -8 275
-15572 552 -2376 227 -137 174
-15424 516 -2308 119 -27 154
-15416 704 -2500 159 -255 143
-15536 576 -2284 -127 -349 147
-15408 796 -1848 181 -487 174
-15300 796 -2312 10 -215 195
-15612 568 -1860 -49 -272 140
-15208 580 -2264 120 -129 193
-15576 640 -2108 224 -73 144
-15396 672 -2164 297 106 140
-15548 620 -2116 349 129 159
-15376 668 -2092 445 -57 141
-15492 712 -2068 595 -134 158
-15300 876 -2088 681 -311 168
-15368 876 -2172 710 -273 65
-15408 652 -2328 744 -367 107
-15428 712 -2040 664 -88 73
-15492 696 -1976 627 -151 63
-15564 716 -1820 766 -51 123
-15376 660 -1960 859 -33 194
-15312 940 -1764 1135 81 271
-15416 708 -1812 1299 46 191
-15476 884 -2000 1280 51 184
-15360 644 -1824 1203 129 124
-15212 436 -2072 1257 214 108
-15440 392 -1668 1218 494 134
-15788 188 -2272 1375 326 298
-15492 112 -2300 1268 843 435
-15480 84 -2192 1190 783 541
-15576 316 -2452 1542 892 724
-15816 564 -2556 1437 825 753
-15832 884 -2288 1560 941 1068
-15296 1144 -2472 1788 911 1433
-15624 1488 -2812 1982 833 1612
-15160 1836 -2844 1744 473 1650
-15716 2684 -3032 1257 818 1592
-15412 3416 -2608 155 523 1382
-15192 1800 -2108 -491 475 1163
-15228 1300 -1276 -29 501 743
-13584 1380 -2336 329 733 48
-14912 1748 -788 668 746 -211
-14700 1120 -1068 1432 -200 -765
-13812 1044 -1228 1945 -126 -1238
-14260 76 -12 2759 -397 -1665
-13928 116 -252 2591 -651 -1847
-14356 340 492 3319 -237 -674
-14348 560 -536 3200 814 -515
-20244 5304 -4760 80 4661 -229
-18256 2500 -6912 -219 2586 2468
-20204 2028 -5192 -441 1533 87
-15196 4160 -9220 -1765 1715 463
-15880 3688 -5984 -948 2420 1334
-14748 4028 -7276 -850 331 666
-14628 2756 -7228 -282 258 -18
-14676 2952 -6840 489 -831 -667
-14460 3004 -5288 947 -1329 -868
-14676 1668 -6148 1934 -2192 -1337
-14000 1240 -5212 2317 -1568 -1432
-14868 1200 -4820 2155 -1559 -1191
-14400 1124 -4120 1299 -1526 -1008
-14488 748 -4272 196 -1082 -787
-15008 1036 -3968 -492 -874 -277
-15384 540 -3196 -1659 -1074 76
-14048 588 -3592 -2355 -1581 109
-15148 -444 -2128 -2788 -1956 221
-15532 -664 -1928 -2833 -1989 -215
-15484 64 -1868 -2927 -1743 303
-16196 -1092 -788 -2201 -1981 545
-16100 -1620 -676 -1499 -2541 -89
-16524 -700 -1196 -1008 -2701 -1206
-20152 20 -1188 1066 -424 -1004
-14856 1472 -840 4027 -2656 -117
-15312 2128 -2624 2127 -675 -1089
-16808 4368 -2584 3354 430 723
-13328 3648 -4300 2478 918 1352
-14620 3196 -3304 1720 1282 1076
-14496 3520 -2568 1914 1082 936
-15356 3612 -3348 1043 506 401
-14408 3012 -2776 273 859 -9
-15400 2924 -2840 144 860 -645
-15024 2752 -2240 -389 978 -508
-14904 1892 -2124 -553 1227 -399
-15380 1448 -1500 -365 422 -745
-14876 1072 -1460 336 709 -1084
-14792 500 -1636 981 481 -1153
-15080 376 -944 1892 692 -1430
-15652 520 -808 2285 -639 -1877
-14596 -148 -932 2221 -1239 -2407
-13548 140 -1448 4308 -2177 -1347
-13684 -836 448 5518 -2383 -939
-15772 -1116 1400 4975 -1239 -1432
-15796 -332 2200 5504 -2276 -1227
-15196 524 -168 4661 -1527 -434
-24088 4224 -2204 958 2988 -205
-19036 -920 -5136 -76 -3252 171
-14840 804 -2208 1584 -1475 -198
-14240 -68 -5100 1263 -1126 -995
-15876 340 -3940 1114 277 -1351
-14664 264 -3172 1131 -419 -817
-13596 -72 -4196 324 18 -689
-15496 56 -2624 -15 995 -370
-14996 -376 -3000 -730 642 -185
-15408 -512 -1928 -1262 1004 -128
-14560 -636 -2052 -1725 719 388
-16576 -1268 -1992 -1571 1328 712
-15276 -684 -1732 -1741 1082 1183
-15624 -944 -1384 -1657 621 1583
-14840 -1324 -1400 -1600 -159 1673
-14916 -744 -1996 -1507 444 1826
-15332 -100 -2156 -1375 580 2184
-14932 -64 -1216 -1889 292 2068
-13732 -204 -804 -2213 -1030 1798
-13152 532 -2124 -2212 -769 2105
-13868 960 168 -3544 -745 1885
-17152 -1856 296 -2448 -1798 1534
-16036 -1128 412 -2429 -2319 495
-21748 540 804 -1803 -111 -948
-19396 -404 116 2850 -1589 -31
-15464 1916 -800 1848 -2224 -1741
-13980 3488 -2496 2136 -1549 -388
-14824 3372 -2612 1617 -179 221
-15288 3332 -2812 202 599 62
-14420 2144 -2488 464 963 -157
-14396 2008 -1780 693 1087 -147
-14996 2056 -1412 869 792 -369
-14976 1416 -1204 1588 510 -393
-15216 1252 -356 1627 -38 -911
-14664 1608 -648 1190 -923 -1441
-15360 1292 -956 1171 -384 -1162
-15860 1220 -776 1010 -711 -1092
-15028 928 -532 710 -266 -906
-14504 32 -116 1434 -294 -923
-13948 -52 284 2196 34 -1087
-14048 268 852 2910 -5 -1248
-13772 208 576 2431 656 -1460
-15172 0 784 2484 809 -1492
-15704 -256 1520 2306 392 -1541
-16060 -456 896 2149 -202 -1759
-20580 1396 -736 876 1849 -982
-16428 -456 -1408 -529 -312 434
-16940 -160 -2276 -670 110 319
-15660 272 -2880 -502 -1068 328
-14424 144 -2440 -946 -89 524
-15212 228 -2300 -725 178 711
-15672 -248 -3996 -25 590 499
-15080 -96 -2568 -509 664 -123
-15224 256 -2880 -455 470 -59
-15284 -44 -3252 -906 832 -73
-15596 -156 -2808 -1310 1011 -13
-15192 -244 -2788 -1321 737 225
-15536 -736 -2404 -1197 252 159
-15436 -792 -2108 -1219 -36 102
-15620 -812 -1852 -1104 -140 356
-14512 -936 -1656 -1354 -789 549
-15060 -632 -1256 -866 -693 946
-15232 -1108 -1428 -740 -575 1242
-15212 -612 -904 -866 -466 1262
-17616 -1328 -476 -818 -1236 1176
-15060 -592 472 -837 -2686 1184
-12724 -148 -120 -388 -2177 1946
-15240 -1212 584 -568 -953 1597
-13540 -644 180 -1035 -376 1176
-15272 -1524 888 -1109 286 927
-13700 -1592 860 -145 -474 352
-17424 -132 280 -91 -497 -1311
-19748 312 -972 3198 1434 524
-15096 1980 380 2156 -1272 116
-15540 1084 -2480 2142 438 -433
-15968 3684 -560 2600 464 519
-14656 3040 -2520 730 1094 426
-15272 2992 -2444 -13 1901 529
-15340 3044 -1908 -191 1431 1104
-15380 2300 -2424 -70 626 475
-15020 2156 -1696 199 483 324
-14680 2024 -1752 290 131 -11
-14984 2376 -1472 437 313 -98
-15244 1956 -1432 103 -46 -486
-14880 1608 -1024 -236 -5 -1191
-15008 1176 -328 -401 359 -1164
-14868 804 -580 -408 395 -1263
-15048 200 164 -103 519 -1305
-14292 -360 48 591 473 -1336
-13364 -284 -128 1593 202 -1334
-15548 -932 912 2081 501 -1466
-13676 -96 276 2494 85 -722
-14524 -580 812 3266 873 -651
-14796 -492 2308 2857 -1107 -473
-14220 384 -3268 1764 -587 -1370
-26916 2012 -4896 1040 2157 -137
-13136 -844 -1972 1391 -305 225
-22128 1188 -1784 1369 2541 424
-13284 128 -4708 1646 -1080 -652
-12624 852 -3184 837 2204 -668
-14712 316 -4328 800 1037 -1025
-15424 600 -4824 366 1576 -975
-15932 24 -3900 -391 1170 -1006
-14936 -308 -4168 -263 917 -515
-16344 -688 -3756 -89 568 -289
-14700 -556 -3264 -608 76 -110
-15840 -848 -3348 -58 -169 452
-15116 -884 -2880 -161 -131 587
-16436 -620 -2792 168 85 898
-15152 -824 -3132 -166 -560 863
-14924 -480 -2184 -628 -191 1278
-14972 -356 -2540 -966 -805 1363
-15224 -916 -2332 -1275 -940 930
-14856 -632 -1768 -1370 -605 859
-14716 -1052 -1732 -1135 -1023 803
-14584 -524 -1164 -1563 -875 772
-15152 -824 -1060 -1696 -1374 841
-14380 -1196 -712 -1567 -1877 985
-14564 -1388 -688 -1347 -1492 1018
-15132 -1448 200 -1898 -2639 -78
-16012 564 -1128 -2616 -2966 -966
-24988 -1416 -408 1497 2014 16
-14732 2360 -588 2830 -5285 934
-14240 784 -2408 41 -692 -1086
-17668 4308 -1156 1049 145 1387
-14840 2764 -1768 179 -1150 1953
-14144 2160 -2112 -207 34 1246
-14660 1816 -1132 512 -43 977
-13920 1776 -1120 1131 -454 778
-13960 1884 -1072 1656 356 118
-15628 1940 -392 1716 726 -500
-14724 1920 -864 2018 345 -666
-15496 1584 -812 2350 627 -974
-15492 1344 140 2038 17 -1328
-15672 1648 -484 2420 79 -1297
-15636 1900 -552 1868 704 -861
-15264 1208 -72 1340 398 -510
-14548 460 -28 1989 31 -611
-13952 472 116 2559 174 -989
-13364 316 1384 3604 366 -1145
-13404 -408 540 3123 -94 -2068
-14620 208 100 3760 1790 -2028
-16460 160 460 4205 1685 -1605
-16580 292 892 2984 1012 -2013
-16632 684 836 1534 -189 -1723
-19116 1300 -1200 -385 222 -825
-16884 676 -2704 -942 -108 552
-14808 -344 -1312 -636 -426 -16
-15684 -716 -3112 -1359 -1923 -879
-16224 -1512 -3572 -1270 -527 -1299
-14552 -708 -2340 -571 433 -727
-14220 -1276 -3564 262 613 -578
-15432 -520 -3560 -317 1108 -393
-15564 -732 -3392 -866 1338 187
-15764 -1128 -2328 -1395 873 576
-14792 -572 -2756 -1683 889 844
-15928 -1072 -2748 -1716 1017 1156
-15868 -848 -2404 -2008 398 1357
-15308 -720 -2192 -2531 97 1401
-14916 -684 -2396 -2245 -84 1780
-15420 -1044 -2116 -1793 -136 1609
-15292 -504 -2468 -1413 -121 1514
-14088 -692 -1580 -997 70 1642
-14848 -684 -944 -1210 -287 1210
-14648 -892 -652 -1657 -1147 735
-13256 -748 -556 -1445 -909 854
-15336 -1292 60 -1516 -1134 872
-13736 -980 -96 -1067 -1036 924
-16616 -1932 1056 -757 -1472 734
-16348 36 -52 -1124 -3058 -352
-24904 -1744 888 2236 744 301
-15664 3428 -1988 2957 -2284 648
-14204 3052 -2600 1483 -1292 388
-15616 2248 -1540 2828 -892 715
-14424 3068 -2424 2122 -204 549
-13712 2200 -2120 1465 511 -185
-15176 2212 -1524 1846 763 -245
-15796 2104 -1588 1877 671 -360
-15580 1792 -1684 1499 825 -1006
-14516 1524 -664 1537 591 -1135
-14508 1604 -692 1365 755 -1229
-14940 1568 -1168 1214 939 -1179
-15132 1656 -1376 696 1589 -639
-15816 800 -728 393 910 -491
-15020 160 -128 815 17 -789
-13732 464 -452 1390 -458 -1148
-13412 648 -112 1604 -438 -1066
-13804 904 120 907 -447 -907
-15096 20 1840 1058 -536 -565
-15212 -304 872 617 -1884 -1498
-14444 -288 756 1214 -2112 -938
-19796 1296 -540 237 440 -796
-23216 12 -1800 -609 -1622 -203
-9800 -960 -1572 -586 -1802 -854
-20736 -496 -968 555 -615 -240
-13884 -1020 -2820 98 -1470 -1209
-13140 -124 -2344 -527 1270 -363
-15236 -60 -2496 -897 1423 -11
-14804 -120 -2956 -1716 1474 669
-15620 -588 -1800 -2283 1404 690
-16020 -1028 -1720 -1926 982 598
-15904 -64 -1828 -1783 1197 814
-15896 -488 -1700 -1914 997 1126
-15204 -528 -1748 -1836 565 1335
-15372 -344 -1396 -2206 1096 1436
-15052 -408 -1956 -2520 1141 1563
-15140 -196 -1420 -3381 1492 1466
-15180 208 -1916 -3996 1358 1602
-15348 -124 -1460 -4569 846 1788
-15136 -452 -1624 -4754 372 1855
-14408 -216 -1792 -4556 193 1885
-14324 28 -1768 -4705 309 1943
-14256 -100 -964 -5390 181 1802
-14360 -156 -328 -5351 -1022 1574
-15028 -1124 -512 -5699 -1779 909
-14048 -832 472 -5052 -1974 279
-17312 1328 -1616 -5874 -2225 -1839
-20136 1144 -432 -2069 627 220
-20992 3276 -316 13 -173 589
-16348 3156 -1424 -282 -544 1039
-13964 2008 -964 -614 -943 -80
-14132 3008 -2032 -648 -227 323
-13892 3452 -2624 -1270 1457 254
-15040 3756 -2216 -1633 1710 836
-14828 3476 -1752 -1748 987 1059
-15528 2908 -1936 -1473 728 814
-14764 2624 -1296 -1447 739 413
-15188 2644 -1676 -1560 721 171
-14712 2468 -1420 -1843 946 -133
-15104 2376 -1020 -2078 842 -703
-15096 1484 -1036 -2537 834 -1106
-15164 1652 -928 -2341 1137 -1135
-14912 1120 -160 -2166 354 -1207
-15012 1188 -68 -1953 100 -1250
-14848 504 76 -1852 -495 -1339
-14352 324 -388 -1770 -219 -1353
-15044 -368 824 -1323 -379 -1570
-14328 -272 968 -472 -432 -1553
-14572 -140 620 714 -346 -1369
-15828 -916 1696 864 -1016 -1813
-13988 -1352 1972 1544 -1888 -1843
-16048 496 -1144 930 285 -1668
-22508 1092 -1988 -718 286 297
-12328 -1188 -1188 167 -249 411
-20844 624 -2408 -253 1072 1193
-15044 -572 -3156 -22 -436 637
-14644 168 -3136 47 2099 1284
-15572 612 -2772 325 1133 1058
-14588 1140 -3380 194 1518 1423
-15108 1000 -3748 377 1070 1162
-15620 992 -3396 -395 902 773
-16008 872 -3252 -787 265 688
-14864 808 -3212 -1343 -67 632
-15648 736 -2520 -1379 -528 829
-15472 524 -2208 -1480 -1194 928
-15412 268 -1996 -1518 -1098 871
-15340 404 -1668 -1544 -783 1144
-15344 -100 -1316 -1849 -1194 939
-15068 564 -736 -1703 -1008 1080
-15348 240 -316 -1912 -1048 814
-14392 648 -704 -2265 -767 747
-14476 372 -648 -2306 -79 948
-13944 596 -532 -2557 165 1139
-14404 -272 68 -2870 -19 899
-13324 -340 -320 -3576 -367 302
-15052 -628 456 -3413 -62 374
-14040 -748 484 -3527 -913 -128
-15748 -1912 1292 -3775 -1775 -1140
-24716 1012 1244 -4209 3604 -1138
-14836 2856 852 925 -1082 2848
-17524 1064 -800 -72 779 144
-15252 2560 -1056 1785 -868 621
-13376 3652 -1188 1137 256 1164
-14744 3300 -2392 384 536 970
-14900 3784 -2092 574 1451 943
-14732 3708 -2352 -130 1348 1167
-15444 3288 -2168 -516 1599 808
-15376 3412 -1800 -891 1271 965
-15932 3080 -1484 -961 873 1209
-15096 3212 -1764 -495 667 1097
-14884 3144 -272 49 785 1349
-14324 2820 -972 493 -269 1078
-15124 2820 -796 1462 -393 653
-14888 2828 -672 1620 -272 244
-14712 2496 -628 1613 -63 -522
-14816 2828 -556 1556 408 -750
-14788 2756 -92 1799 356 -1027
-14172 2076 -112 2101 -260 -1544
-13876 1112 116 2554 261 -2170
-14528 908 700 3366 128 -2997
-15164 452 1388 3452 214 -3454
-15584 656 1528 4281 -160 -3011
-14956 1084 1648 4176 -563 -2473
-14988 380 2676 4501 -2382 -2185
-24388 4304 -2504 1363 4224 -1581
-17088 620 -6744 853 -969 -27
-17184 996 -1464 1538 2173 885
-12844 216 -4784 1199 -1179 -374
-14148 688 -4244 -173 1226 -537
-13672 -8 -3008 -18 -381 -563
-12888 236 -4264 85 -587 -837
-20732 -844 -3828 1535 207 -1476
-14684 424 -3272 1069 -303 -2119
-16152 -440 -2960 1179 246 -1610
-14588 -64 -3696 1035 64 -1421
-14580 256 -4232 -259 1314 -788
-15660 -276 -3176 -1047 1057 -498
-14844 -812 -2796 -2176 270 -258
-15456 -1184 -3268 -2235 654 319
-15892 -1396 -3084 -1866 238 725
-14880 -668 -2828 -1563 261 1357
-16068 -1224 -2436 -646 -173 1593
-15012 -856 -2084 -389 -578 1527
-14664 -588 -1588 -352 -640 1598
-15804 -948 -1832 -457 -933 1414
-14944 -536 -336 -1128 -1118 873
-14340 -1024 -1184 -1222 -936 1159
-13884 -488 -240 -1515 -1153 1249
-14424 -1088 -636 -2039 -1035 1243
-14784 -1060 28 -2860 -2111 879
-14780 -1120 752 -2788 -1706 936
-15200 -1692 2016 -1970 -3324 309
-13352 -600 1184 -1906 -3606 -89
-26356 -340 1324 -445 3785 516
-14096 4204 -76 3053 -4631 2453
-17672 892 -2812 335 1697 -250
-18032 4064 -876 2994 16 1857
-11816 2884 -3356 1110 624 1285
-15500 2872 -2364 661 728 936
-14144 2844 -2456 1089 584 703
-14716 2988 -2384 602 1245 551
-15176 3040 -1736 216 320 950
-16164 2572 -1216 641 -870 1305
-15260 2468 -1160 991 -1091 791
-15164 2332 -540 1549 -860 893
-14564 2648 -184 2008 -960 863
-14456 2740 -736 1835 -228 708
-14936 2928 -420 1884 458 721
-14496 2864 -152 2074 325 713
-14840 2288 356 2263 94 358
-14956 2620 804 2744 -46 -272
-14472 2312 528 2748 -336 -687
-14880 2080 272 3142 -70 -722
-14808 1812 1468 4037 -172 -800
-12532 1668 284 4610 -456 -1543
-13580 1368 576 4963 248 -2217
-14224 1940 1820 4295 28 -2990
-14908 2012 1416 3674 593 -3021
-15636 1496 1640 3893 318 -3025
-14912 1444 1220 4583 -1159 -3065
-24824 3340 -972 1338 4262 -2314
-16444 452 -3672 -1130 -944 -1169
-14508 232 -1428 -1197 1270 -684
-14304 720 -2852 -907 -1756 -436
-15684 -48 -3924 -1135 1549 -513
-16784 244 -4128 177 744 -230
-14612 1224 -3132 -53 1312 224
-15228 144 -3324 309 838 360
-15688 988 -3396 25 614 641
-15732 796 -3640 -77 448 516
-15636 664 -3084 -149 -182 185
-15116 856 -3244 -899 52 -112
-15620 376 -2624 -1209 -128 -245
-15324 -352 -2528 -1259 -304 -432
-14124 36 -1856 -1638 -80 -285
-14584 -760 -1640 -1597 -161 -110
-16968 -1304 -1548 -1013 848 40
-14476 12 -2088 -1024 1036 677
-14476 -500 -716 -812 764 1455
-13560 -116 -848 -871 -146 1650
-14544 -548 -436 -1878 -513 1650
-15400 -364 -744 -2179 -1039 1421
-13516 -844 -1000 -2552 -660 1608
-15468 -1524 80 -1726 -370 1013
-15008 -908 16 -1338 -1946 368
-16888 2312 -2036 -2728 -1209 -1340
-21840 3412 -2304 324 -1209 2216
-18288 5640 -3660 -918 506 1577
-20000 4264 -1536 1266 -1894 2237
-9884 1476 -2428 2380 -2759 845
-12416 3664 -3576 1255 308 -184
-16044 4456 -1384 851 1014 -406
-13860 3488 -2456 710 304 -398
-16216 2552 -1880 -201 1746 -1141
-15608 2420 -1012 -657 251 -1093
-15276 2376 -1848 -277 31 -890
-16104 2388 -692 -403 -422 -788
-15340 3252 -148 -1533 -570 -659
-16100 1556 -1692 -1333 -1983 178
-14940 1252 -1408 -440 -2591 548
-14324 1088 -304 -120 -1785 504
-13900 1156 140 122 -999 -249
-14400 1112 1080 612 -380 -536
-14168 796 1336 1226 196 -1185
-14600 500 1256 1873 -253 -2355
-14056 -520 1824 2068 -344 -3840
-13308 -400 1792 2165 -316 -4173
-13156 -544 1664 2570 393 -3594
-14488 -992 2472 2317 864 -3392
-14736 -908 2360 2618 130 -2640
-15428 -596 2168 1975 -544 -1427
-25524 2712 -740 -2154 1362 -151
-13900 -652 -2656 -2822 -1232 3171
-16036 -1544 1200 -2966 913 2682
-17388 1056 -3532 -2527 -308 2193
-14272 -1588 -2424 -944 2879 1837
-16272 1360 -3076 56 2825 1587
-14132 1260 -3568 -155 2597 1367
-15372 912 -3236 148 2312 863
-15764 1548 -3300 848 1224 716
-15956 376 -3656 1310 362 348
-15764 348 -3224 1748 -212 -192
-15772 216 -2036 2676 -685 -516
-15004 68 -2480 3183 -926 -409
-15148 128 -1956 3144 -509 -381
-15232 256 -1892 3471 -316 131
-15384 -196 -872 3207 -466 529
-14724 -188 -1296 2143 -784 452
-15164 -212 -952 1214 -608 563
-15000 -48 -420 459 -1195 768
-13752 -24 -964 212 -874 1090
-14380 648 -284 -194 -265 1297
-13940 -544 408 -1784 -1887 439
-14000 -1140 540 -1874 -1041 150
-14336 -1620 916 -2023 -1226 -132
-14584 -1636 1360 -1459 -1136 -212
-15668 -2836 1724 -370 -1051 -437
-17976 468 64 -1087 -2536 -2196
-19964 -1148 1356 4025 -142 797
-18156 3104 -1056 4044 1588 83
-17576 5008 -2060 1190 2563 1293
-16560 3604 -1528 -123 1648 2271
-13724 2504 -3352 -261 1027 2436
-14076 3264 -2968 5 2739 2013
-14816 3280 -2624 298 1748 2091
-16240 2852 -1736 343 876 1375
-14740 3172 -2692 409 929 1512
-14840 3112 -1572 1357 738 1590
-14304 3568 -1772 1776 -163 1450
-14404 4260 -1896 1389 389 1460
-14524 3468 -1920 966 467 1139
-14264 3232 -1044 1033 756 460
-14656 2960 -424 1065 700 -300
-14560 2732 -492 1372 -106 -1310
-14456 2468 -560 1534 108 -2065
-14872 2152 -1008 1982 125 -1974
-14672 120 -432 3116 468 -2259
-14512 -220 276 3862 337 -3222
-13608 520 572 4630 -85 -3254
-14392 668 888 4841 -610 -3093
-13296 444 636 5211 -1650 -2562
-15876 2592 -5448 1589 -1042 -2080
-26864 2352 -5572 -799 -444 -1094
-12140 416 -4224 -1367 -719 1186
-23388 300 -2408 -657 -1 152
-13732 1192 -5020 -951 -2516 82
-15696 964 -3884 -1237 1992 405
-14608 1800 -3668 -209 -82 919
-14020 940 -4144 409 984 498
-15296 1352 -3960 24 871 387
-15972 1540 -3308 353 882 644
-14708 624 -3232 671 -232 153
-15160 812 -3556 756 -299 -299
-14940 984 -3152 119 156 -129
-15416 784 -2240 -274 32 110
-14636 436 -2460 -275 -287 411
-15404 324 -1784 -830 -6 496
-15364 228 -944 -1767 -871 407
-14908 -240 -1224 -2174 -1182 497
-14680 -88 -1496 -1959 -1358 946
-14620 188 -812 -2561 -887 1222
-14628 -296 -148 -3382 -1822 847
-14220 -1260 104 -3465 -2469 154
-15080 -1512 -128 -3231 -2066 -495
-14232 -1740 712 -2571 -2870 -585
-13536 408 -1108 -3715 -3637 -1452
-25092 -684 2712 511 -875 -363
-18036 6360 -920 534 885 722
-19340 2380 860 842 -1348 1822
-12020 -752 -1192 1102 -2180 396
-11916 3616 -852 1221 597 1707
-16680 3964 -876 1655 702 2458
-14380 3924 -980 1210 780 3078
-15164 3384 -256 1063 646 3361
-14408 3372 -512 1437 -47 3348
-14956 3980 140 1897 59 3036
-13928 3924 -48 1752 157 2623
-14292 4168 308 2188 7 1634
-13232 4660 -152 1487 292 411
-15172 4404 972 1457 1131 -455
-14892 4140 544 870 291 -1244
-14324 3472 -400 444 1486 -1472
-13064 1924 676 479 1563 -1530
-13068 2712 44 1022 1834 -1768
-15368 1316 2192 1730 1373 -2512
-13964 896 928 3051 795 -3179
-13148 -720 1864 4479 -1205 -3470
-11520 924 764 5115 248 -3931
-15056 540 2768 3926 -721 -4695
-11588 -452 2060 2762 -559 -5834
-32768 5000 1704 43 6533 -5665
-16572 -1776 -3540 3291 -5911 -1083
-21064 -1144 -1828 4605 1246 -3722
-16464 1812 -4024 4628 -3160 -1840
-13008 -800 -2436 3694 273 -892
-13668 636 -4424 3593 122 -614
-13388 1708 -3380 1569 1211 -98
-14060 -684 -3244 151 1280 -13
-14924 -1012 -2596 -485 1756 -72
-15804 -256 -3292 -1010 1975 147
-16612 -768 -2992 -1398 1401 537
-15084 -1012 -2084 -1664 786 1177
-15696 -1184 -2280 -1402 387 1386
-15536 -752 -2620 -908 1051 1761
-15312 -468 -1852 -972 757 2109
-15376 -540 -1260 -1552 -172 1759
-14744 -992 -988 -2243 -1289 1435
-14016 -1004 -1472 -2445 -1272 1535
-14880 -912 -900 -2586 -784 1857
-13408 -1136 -492 -2845 -1700 1579
-13928 -1464 28 -2421 -1762 1154
-14192 -1436 520 -2152 -2550 521
-14192 -1928 820 -1362 -2541 296
-11104 -1988 496 -413 -3609 175
-25700 -640 3116 -503 3186 -1681
-21044 3816 -856 4581 -1351 1940
-15544 3792 -2432 2679 -697 2003
-16136 2872 -200 908 -618 947
-12932 2764 -1728 1662 -879 2589
-13156 3584 -2700 463 1089 1230
-15824 4204 -2148 62 2032 1334
-14804 3556 -1052 -294 596 1135
-14748 2504 -1644 36 322 381
-15204 2668 -1456 569 960 -74
-16240 2728 -848 716 581 -416
-15016 2608 -1200 857 -312 -216
-14712 2844 -936 994 160 195
-15736 2748 408 1012 49 855
-14212 2196 208 1153 -639 933
-14856 2012 668 1238 484 737
-14432 1868 992 1606 250 510
-13772 1620 344 2511 1250 139
-13928 1560 -188 3111 1420 -453
-14220 1332 348 3647 1749 -864
-13956 628 728 4384 506 -1335
-13764 940 208 4648 1050 -2017
-14780 1540 1340 4919 435 -2156
-15516 1124 664 4087 -282 -2794
-16296 952 1796 3648 -850 -2910
-18276 2356 -2572 1800 -1945 -3685
-25128 2080 -6024 476 121 -1999
-15004 -928 -124 208 -1033 -901
-14096 1108 -1272 1394 -3646 -746
-15580 20 -5128 1042 -37 -761
-15584 916 -3764 917 1403 -90
-14888 964 -3000 800 1292 1038
-15252 1156 -3056 452 1637 1175
-14500 964 -3336 470 1619 1567
-16248 328 -2624 663 1908 1788
-15160 556 -3304 826 1557 1787
-15740 504 -2760 1358 1489 1831
-15096 1080 -3084 581 1018 1534
-15400 1392 -2876 -54 1057 1720
-15084 1156 -2908 -435 187 1656
-15560 1164 -2960 -589 -118 1484
-14736 1528 -2156 -314 -480 1432
-14484 1524 -2320 -867 -867 1374
-14344 256 -1308 -1755 -2002 770
-12120 716 -2556 -2152 -1306 411
-15416 -932 -596 -1335 -584 -655
-12984 -448 -480 -1239 -2023 -857
-13860 -1936 748 -652 -2539 -2048
-13736 3956 -5308 -1951 -2468 -4033
-27784 1840 356 5002 1808 -2216
-17548 3028 -4824 9776 -38 986
-17492 5312 -188 3348 1755 -515
-15504 2796 -3744 3626 -1679 2404
-12688 4204 -4228 3107 257 2300
-13108 3876 -4332 1603 1025 1741
-14924 4412 -3156 2075 1244 1869
-16312 3788 -2756 2015 166 1397
-14224 3288 -2588 2069 -647 441
-15496 2824 -1748 2674 -1413 -348
-14632 2888 -1964 3280 -2001 -881
-14852 2304 -2176 3370 -1415 -995
-15448 2364 -1848 4504 -1640 -1112
-15088 2472 -504 4505 -982 -1979
-15388 1836 -276 4407 -612 -1994
-14604 1452 -680 4728 -549 -1771
-15416 608 544 5411 -590 -1479
-14300 340 96 6307 -956 -1798
-14424 156 60 6986 -137 -1931
-14640 -452 736 7933 -274 -2064
-13828 -224 244 8868 -463 -2094
-14268 -800 1136 10243 -1023 -2557
-12748 -1360 -812 10872 -1231 -3393
-14744 292 1712 11262 -755 -3541
-10896 -216 900 10123 -2418 -3488
-23188 4508 -2476 7915 4955 -3666
-18924 -1332 -6220 6277 -3861 -13
-26696 -1264 596 4970 5687 -1142
-15832 292 -4924 4965 -4541 -353
-9524 820 -1996 2247 720 -599
-12268 -412 -4936 1335 2018 101
-15224 -480 -4168 691 2250 217
-15628 -1176 -3388 362 2296 101
-15048 -848 -3188 -684 2292 66
-15860 -916 -3164 406 2194 765
-15940 -788 -2916 865 1239 866
-16040 -808 -2956 906 369 978
-15192 -588 -2788 466 425 1113
-14932 -772 -3044 302 533 1654
-14692 -280 -2592 -141 -9 1953
-15064 -628 -1796 -1138 -806 768
-14972 -660 -2112 -738 -329 795
-15376 -948 -1392 -1008 -1095 918
-14544 -940 -1308 -1580 -1666 1004
-14968 -1184 -908 -1566 -1537 1270
-15676 -1820 -256 -1614 -2164 753
-14936 -1972 28 -1336 -2594 73
-15080 440 -1092 -2320 -3803 -1120
-24500 -1792 1332 -144 -972 -1577
-17240 1008 -2732 3992 -2892 -385
-14308 4428 -1776 730 -72 -605
-16780 1556 -664 1444 -1246 233
-12380 1876 -2372 2775 -538 433
-13556 1640 -2312 2763 1360 -514
-14652 1708 -1580 3389 1553 -446
-15248 1932 -1336 3648 1262 -408
-14996 1544 -1840 3156 1313 -701
-15872 1152 -932 3770 907 -641
-15636 1492 -1520 3915 503 -463
-15816 1584 -1476 3277 453 -396
-15492 1388 -1224 2742 654 -33
-15396 568 -808 2721 730 3
-15372 108 116 3335 429 -146
-13804 -140 -328 4049 -40 -445
-13860 112 580 4371 138 -749
-13292 84 652 4135 -340 -848
-12528 -624 -328 5262 589 -366
-14964 -464 1196 6265 773 -952
-13404 84 528 5991 -1313 -1535
-25212 3740 -988 2920 5688 -1827
-17356 928 -9288 2334 -1505 611
-16684 648 -1020 2313 4288 -455
-20520 -44 -4204 2793 -561 -359
-12336 200 -5304 808 -783 -1874
-13996 -192 -3892 518 2236 -900
-14884 216 -4544 791 517 -826
-15072 56 -5772 33 1034 -611
-15244 -344 -4344 -611 647 -397
-14772 -508 -4504 -574 41 84
-15924 -408 -4744 -493 21 352
-15376 -224 -3636 -983 0 550
-15804 -652 -3412 -1042 -591 800
-15528 -988 -2600 -614 -584 852
-15256 -1152 -2888 -630 -887 514
-15324 -652 -2600 -519 -250 653
-15328 -944 -2672 -793 -182 555
-14904 -680 -1788 -1257 -224 647
-15288 -800 -1788 -1624 -483 756
-15372 -864 -1464 -1799 -583 873
-14896 -680 -1456 -1917 -699 951
-14760 -840 -1636 -1965 -830 1196
-15016 -728 -988 -2692 -958 1134
-14564 -1216 -416 -2726 -1585 1357
-14236 -1320 -332 -2636 -1621 1285
-14316 -1904 252 -2269 -2233 832
-14048 -1612 -28 -2793 -2898 -213
-28580 -1876 -392 -2222 4149 -2681
-14952 4164 -1296 5602 -2540 1768
-14788 540 -3300 1303 -854 -376
-16132 4412 -2396 1947 228 1085
-14136 4364 -2200 1132 -564 2220
-14124 2544 -3780 104 -198 1096
-14048 2088 -2764 1064 761 355
-15092 3004 -2232 1052 891 18
-14568 2256 -2312 616 721 -316
-15560 2016 -2000 942 641 -781
-15484 1712 -1660 688 91 -998
-15384 1448 -1524 854 174 -1128
-15436 1240 -1476 1040 428 -1139
-15624 784 -1304 1804 -11 -1059
-15276 524 -1244 1948 237 -1085
-15304 920 -1164 2386 648 -820
-15108 924 -1416 2250 408 -682
-15360 632 -1352 1776 748 -678
-15408 792 -1064 1554 1058 -483
-15028 164 -980 2033 819 -573
-15208 -240 -1104 2082 953 -791
-15552 -144 -452 2980 780 -804
-15372 -396 -464 3431 377 -1007
-15268 32 44 3909 264 -870
-14464 -864 -32 3526 -618 -1044
-14312 544 752 3383 -879 42
-12716 364 1052 3139 -1613 866
-12596 1264 1132 2068 -1474 1018
-10208 284 1684 1183 -3335 1310
-13452 2108 -6008 -2745 645 -90
-24604 2976 -12576 -3710 2471 3603
-18152 -1792 848 559 -749 -331
-21896 2544 -7368 2749 2127 -282
-16084 984 -3324 699 2158 -1942
-17048 -352 -4992 1719 1742 -2100
-12060 460 -6476 1750 993 -3557
-11432 988 -4488 352 1615 -3364
-13232 -188 -5644 65 1866 -3433
-14228 424 -5676 -1783 1826 -3832
-18428 -2032 -6900 -3935 3300 -3482
-16176 -1544 -4128 -4498 1635 -2550
-13136 -3112 -4984 -4147 1583 -1797
-14748 -2900 -5424 -3680 1192 -1044
-15604 -3672 -5036 -3348 488 -909
-15164 -3272 -4964 -2722 396 -355
-15748 -4144 -4152 -1795 267 42
-15400 -3544 -3756 -861 -572 285
-15448 -3680 -3860 -232 -795 823
-15104 -3524 -3448 380 -921 1461
-15700 -3176 -3460 166 -1442 1788
-14972 -3168 -3256 -218 -2016 1922
-14052 -2780 -3160 -645 387 2088
-14976 -1940 -2980 -749 -590 2557
-13440 -1472 -2400 -1108 -1695 2814
-11708 -1512 -2176 -1449 -2992 2536
-13528 -2508 -1516 -1163 -3043 2251
-13860 -2100 -524 -1243 -3908 1764
-16824 -2432 1460 -1422 -4792 1073
-21452 -548 -632 -717 -3551 -870
-16888 228 -3348 4805 -2451 2603
-22136 4048 -1356 3877 518 1958
-17020 3308 -2504 -682 -119 2324
-15996 2216 -5160 -469 400 3154
-13276 3064 -4828 -1763 1546 2436
-14636 3232 -4196 -2466 1562 2019
-15292 3012 -3048 -2420 -92 2370
-15656 2904 -3172 -1963 -416 3081
-14944 2736 -1948 -119 -617 3432
-13728 2508 -1440 1242 -1850 2218
-13596 2988 -1076 1797 -1534 1031
-14104 2976 -384 2017 -1146 6
-13992 2348 -1100 1779 -687 -975
-15264 2988 -472 1098 906 -1565
-15548 3576 -20 1053 719 -1376
-14696 2528 -892 1658 704 -1465
-14472 1672 -204 2186 824 -1659
-14404 544 -168 3232 574 -1924
-14468 636 -296 3916 332 -2491
-13880 384 464 3804 -612 -3049
-13624 -116 -96 3061 -1442 -4618
-14752 368 760 2773 -1255 -4579
-13776 -424 2340 3123 -2114 -3974
-11416 -1088 820 3402 -2414 -4128
-28040 2036 1524 792 8035 -3175
-14688 -820 -7424 -1800 -2543 -1898
-26348 -2016 -4844 1207 2199 -2324
-13800 -64 -2876 1334 -1086 -1505
-12272 -512 -3872 511 1401 -794
-12244 900 -4712 -86 1549 299
-13848 504 -5400 -555 2080 1754
-16908 -1092 -4472 -430 1697 1525
-15688 12 -4272 -402 1162 1407
-16152 -300 -3240 5 -57 1144
-14544 -700 -3512 325 -217 680
-15040 -684 -2872 407 694 769
-15444 -636 -3420 320 783 619
-15648 -1120 -2460 -273 467 197
-14940 -996 -2472 -488 497 338
-15348 -1280 -1976 -780 197 690
-14728 -1176 -2092 -1017 -165 1002
-15188 -1060 -2132 -1060 -285 1188
-15064 -1220 -2168 -1233 -569 1380
-14260 -540 -2216 -1406 -457 1664
-13004 -456 -1620 -1425 -1162 2311
-14120 -1344 -364 -1928 -1092 1940
-14228 -1472 -176 -2079 -1978 1084
-15256 -1788 188 -2325 -2091 324
-15036 -1988 756 -1484 -2810 -33
-18688 1604 -976 -2519 -2369 -2514
-17944 1204 -4176 4971 574 1453
-21056 3592 -2264 2737 2219 76
-19828 2800 -2108 -23 -212 -542
-13372 1284 -4288 885 -788 851
-14692 3108 -4184 -128 1443 990
-14320 2516 -3364 224 239 2144
-13932 2832 -3868 535 357 2549
-15784 2832 -2828 219 113 2201
-15292 2500 -2072 634 -841 1830
-14716 2512 -2192 795 -995 1350
-14476 2788 -1632 988 -691 1141
-14424 3120 -1440 707 183 957
-14696 2768 -1352 704 774 554
-15060 2340 -800 857 1038 -58
-14256 1156 -836 1786 758 -877
-14652 1572 -648 2869 1306 -1175
-14900 1072 -740 3207 1068 -1930
-15144 824 -88 3788 1147 -2376
-13992 336 -792 4411 364 -2808
-14188 160 -156 5088 -134 -2970
-13904 548 -16 4821 -225 -3186
-14096 316 140 4851 -672 -2870
-13716 -308 804 3629 -1883 -3053
-14364 -368 -2428 46 -1998 -3150
-27180 1372 -3188 -2574 974 -1203
-19116 -2168 -264 -5601 2304 897
-19312 -1964 -4272 -3417 -2173 1267
-12996 2188 -4596 -3391 108 667
-13800 472 -4708 -1978 1919 1958
-13852 1144 -6392 -15 1629 1464
-14824 1388 -5912 94 1755 1084
-15172 552 -5084 -70 1043 504
-15232 832 -5020 516 485 953
-14940 556 -4080 761 -187 728
-16096 432 -3628 1227 -614 511
-15452 148 -4032 1380 -571 562
-15228 -88 -2760 697 -44 342
-13996 244 -2480 411 -658 425
-15524 336 -2612 -479 -616 588
-14348 288 -2640 -1861 -821 694
-15576 44 -2048 -2814 -334 1141
-13848 -428 -1572 -2863 -858 1162
-14860 -692 -1228 -2726 -988 618
-15236 -1352 472 -2821 -2169 154
-13424 -1000 -328 -2764 -1937 -376
-13488 -1324 336 -1471 -1769 851
-13548 -2196 988 -661 -3068 131
-12400 2124 -2676 -2046 -4347 -2319
-26700 1440 1924 3244 3142 -1115
-22056 4148 -2800 2595 -13 631
-18836 3324 -2568 176 1438 1128
-15412 2516 -1824 -602 -1414 1260
-13304 3240 -4380 -1141 314 2223
-12936 2812 -2980 -1974 1081 2614
-13588 3232 -3008 -1902 806 2149
-14812 3792 -2836 -1665 1559 1822
-15844 2716 -1552 -1246 0 1227
-14052 2008 -2044 -88 -347 326
-14556 2236 -1136 953 -562 -215
-14740 2832 -728 1203 118 -489
-14824 2328 -932 1275 337 -434
-15220 1268 -196 1949 741 -711
-15164 1280 -556 2775 1004 -902
-14544 1036 -788 3307 1054 -1312
-14984 972 -396 4039 1377 -1353
-14320 336 -256 4935 416 -1990
-13996 -268 -356 5554 275 -2692
-14092 -344 -468 6351 114 -3196
-14048 64 -428 6796 -395 -3085
-14988 -60 -168 6300 -580 -3343
-14304 -628 540 6712 -1810 -3013
-14868 2144 -7644 3709 -1568 -3176
-27428 116 -6680 2369 -1476 -1970
-17184 156 -3392 1692 3157 231
-18420 -404 -3828 1821 -857 581
-12296 152 -3112 495 -1856 173
-11464 260 -4464 -1012 1483 85
-15224 -76 -5328 -1334 1607 612
-16028 144 -4476 -1554 1768 551
-15980 -152 -3816 -2305 1060 435
-13792 -428 -3600 -1800 932 857
-17712 -1184 -3276 -424 870 996
-15048 -468 -3616 -979 -86 433
-15580 -384 -2476 -1118 157 932
-14644 -824 -2280 -981 -354 966
-14864 -316 -2752 -1211 241 1039
-15108 -860 -1756 -1462 171 1211
-15248 -944 -1544 -1749 -132 996
-14644 -252 -1804 -1953 121 1338
-14608 -404 -1296 -2165 37 1722
-13948 -140 -1284 -3050 -445 1672
-12636 140 -1724 -4175 -938 1677
-13808 -1484 -264 -4293 -929 1505
-13412 -1276 -456 -5197 -2208 506
-16044 1832 -2768 -6095 -2329 -224
-26880 -628 -1308 -1332 3109 461
-18376 5632 -3380 1160 684 3144
-20332 3336 -2476 -476 1416 1806
-13772 3184 -2292 868 -2875 2882
-11796 3280 -3980 1125 500 2043
-13560 4544 -3976 637 779 1216
-14712 4784 -3212 786 1158 1385
-14316 3760 -3484 816 157 708
-15116 3816 -3360 1004 501 -248
-14816 4024 -2844 802 -1 -863
-15096 3636 -2660 460 -50 -1376
-14916 3700 -2816 -50 199 -1540
-15304 3288 -1948 -607 483 -1291
-14836 2540 -2564 -792 461 -1296
-15144 1892 -1248 -259 740 -1292
-15064 1480 -1596 580 185 -1430
-14104 1460 -836 745 -19 -1764
-14884 1312 -1000 1074 -528 -1987
-14532 892 -1308 1422 -359 -1944
-15292 24 -672 1245 -891 -2549
-14580 12 -244 1709 -1029 -2712
-14184 -500 188 1993 -1062 -2694
-14224 -464 740 2325 -1518 -2556
-12980 -836 1852 2304 -3075 -1831
-11060 -480 984 -334 -4437 -1432
-29552 1060 -1340 -4354 3636 -291
-15872 384 -3836 -2191 1477 2940
-21884 -432 -3184 -464 609 1291
-13512 372 -5148 1538 -813 -829
-15336 864 -4148 -13 2627 -844
-14968 196 -3468 256 732 -580
-12876 856 -4516 -64 1204 -204
-16616 700 -3104 -786 1460 -300
-14488 284 -3772 -1533 212 135
-15640 408 -3356 -2382 1089 435
-15172 504 -3736 -2986 458 558
-15744 352 -3720 -3614 607 730
-14816 252 -3136 -4472 338 906
-15140 40 -2892 -5211 499 904
-16200 -312 -3268 -5910 -165 771
-14552 236 -2720 -6245 -33 1094
-15576 -36 -2180 -6673 -425 1166
-14772 292 -2276 -6736 -818 1462
-14136 496 -2144 -7684 -1006 1494
-14112 864 -1096 -8982 -382 1944
-14000 272 -664 -10082 -1644 1815
-13408 -1652 -2020 -10492 -515 2081
-14500 -2880 -320 -9373 -1449 1169
-10636 -2596 -740 -8407 -1933 49
-17476 3960 -3880 -10898 -5 -3023
-25424 1244 -3764 -933 -320 2081
-20088 4184 -864 -598 2711 1583
-20748 2304 652 -1476 373 2120
-12672 3256 -1988 -275 -1645 3401
-12036 3748 -2976 409 835 2824
-13256 4256 -3208 981 1426 2438
-14000 5164 -1956 592 661 1837
-14400 4792 -3080 4 -79 600
-15072 4420 -2324 -739 381 -196
-15028 3860 -2268 -893 -271 -383
-15140 3352 -2340 -1341 -393 -1142
-15176 3664 -1280 -1579 142 -1088
-14888 3168 -1040 -1746 326 -581
-14988 2484 -1180 -1637 562 -143
-15052 2640 -400 -854 544 96
-14796 2236 28 -675 128 9
-14260 1952 -180 197 44 -173
-14508 2136 -304 736 452 -496
-14468 2020 -120 885 473 -911
-14160 1012 -148 1569 674 -1220
-14936 664 52 1903 1649 -1928
-15164 480 788 3117 835 -2167
-13940 1312 820 3428 896 -1993
-14404 224 336 3485 613 -2238
-13984 -12 1488 3908 -811 -2785
-16792 4300 -4396 2301 1808 -4417
-19472 2184 -6384 38 -2913 -1255
-26584 776 -2736 -943 2401 736
-13948 -404 -3196 -1239 -4094 328
-13864 640 -3820 -3726 -1298 -618
-12156 1828 -5468 -4109 120 1204
-14568 1412 -4768 -4303 2272 2383
-16088 1044 -3108 -3985 1221 2565
-15900 -1376 -3380 -2678 269 2564
-14136 1748 -5524 122 3190 3203
-17176 2476 -1916 298 3099 2628
-14924 3044 -2584 107 403 1867
-15628 1248 -3100 511 91 1120
-15420 2020 -2408 51 -588 803
-15088 1532 -2432 -1163 -1255 191
-15316 1252 -2160 -2005 -2083 -487
-14660 0 -1356 -2469 -2209 -1197
-14348 -204 -1876 -2258 -2153 -1931
-15144 52 -408 -951 -2575 -1412
-13212 -888 -648 -1579 -3807 -2105
-12832 -1112 52 -1243 -2396 -1800
-13920 -1788 276 -143 -2104 -1226
-9904 -1556 40 -33 -2849 -1465
-21920 1128 -404 -1791 4827 -4315
-21916 7108 -6688 5579 -2091 3283
-17768 3764 -3376 3587 3317 108
-19804 2884 192 2414 13 1595
-13880 3056 -2356 3300 -1053 2438
-13284 2800 -3604 2028 1360 1524
-14124 3592 -3920 2566 1517 1673
-14720 4444 -3016 1985 1905 2219
-15340 3640 -2676 1275 467 1363
-14712 3428 -3352 1194 1089 813
-15228 4008 -2960 586 719 244
-15544 3324 -1920 -151 -182 -193
-14576 2980 -2724 -519 29 -284
-15256 3088 -2280 -1015 687 -452
-15568 2540 -1008 -1087 372 -256
-14980 1800 -856 -474 -160 -341
-15060 1892 -360 195 -61 -414
-15084 1868 -420 1191 -977 -516
-14848 1132 140 1487 -1051 -1338
-14060 1568 -772 1869 -690 -1334
-14112 1208 -272 2297 230 -1423
-14496 680 152 3186 277 -1439
-14400 20 644 4174 110 -1871
-14732 516 588 4251 240 -2484
-14496 432 828 4684 182 -2300
-14764 208 1304 5379 -71 -2222
-19972 3452 -1548 4212 2749 -2682
-20428 2412 -6548 2018 -84 169
-14084 -1976 -196 1749 957 114
-18200 1860 -4500 1993 -519 -1442
-17700 1156 -6684 -433 -437 -830
-14624 -372 -3772 375 1195 166
-12348 1304 -4752 -108 -118 -65
-13900 748 -4804 -1167 485 291
-17232 -404 -4084 -936 234 480
-15088 772 -3340 -680 -706 866
-15108 472 -3680 -483 -169 827
-15212 248 -3252 -140 -473 485
-15164 16 -2812 -58 -649 158
-15104 -144 -3088 -236 -298 385
-15252 32 -2228 -433 208 258
-14964 -184 -1956 -643 63 334
-14884 -80 -1584 -1085 16 424
-14984 -252 -1404 -1692 -584 387
-15076 -464 -1524 -1963 -461 846
-14240 52 -1640 -2528 -301 1224
-13944 -512 -896 -3100 -1158 1576
-12944 -972 -940 -3282 -1373 1599
-13344 -976 -356 -3348 -1065 1547
-13972 -2020 1160 -2780 -1886 977
-11924 -1760 804 -2056 -3275 330
-24008 20 2072 -1626 2331 -1989
-18488 4404 -7092 6601 -1068 2894
-21416 6868 -3784 327 4108 -358
-22216 3560 -360 -365 915 1977
-14324 4252 -4228 -988 -290 3996
-14848 4288 -3368 -2113 -650 4985
-11944 3640 -3344 -1171 -919 5023
-13492 4836 -1892 -691 -700 4253
-13224 4760 -1728 -806 -725 2713
-13156 4740 -1536 -399 -142 1253
-13876 4680 -1172 220 -194 301
-13936 4616 -544 5 -73 -414
-14448 4248 -108 188 32 -983
-15384 3652 504 -475 -60 -2218
-14688 4184 -248 -266 -167 -1664
-15008 2972 432 1092 425 -1256
-14384 2344 736 2065 -409 -2142
-13672 1440 640 3443 -356 -2955
-13784 1988 332 4686 86 -3538
-13316 1420 216 5133 -358 -3339
-13212 904 124 5267 -145 -3251
-14440 236 1796 5326 -173 -3715
-14032 984 1340 4989 -427 -4005
-13728 -180 2352 5240 -855 -4182
-11948 -1508 -1020 3970 -525 -4391
-26216 2932 -2884 545 1297 -1750
-22980 1252 88 -3261 7663 -243
-19772 -396 -4820 -1010 -550 908
-16132 2732 -4596 -1649 624 -469
-14280 1080 -4724 -686 1564 1713
-13408 1360 -4520 -485 567 1665
-14040 1236 -2724 -1273 265 1133
-15464 280 -4188 -188 -890 1324
-16804 88 -4776 1210 -908 861
-16056 1220 -3868 2516 -1206 271
-14108 1532 -3296 2993 -1434 -82
-14412 920 -2128 1972 -1123 -323
-14880 716 -2440 1633 -1009 -222
-14248 924 -2508 672 -198 164
-15044 328 -1476 138 212 590
-15040 240 -1592 -406 -203 700
-14576 576 -1564 -1227 -501 1018
-15060 -4 -744 -1857 -112 1015
-14436 676 -1456 -2907 -19 1107
-14380 -104 -500 -2944 304 1429
-14916 -132 -592 -3708 -343 1147
-14792 -616 480 -3590 -958 929
-13208 -1200 692 -2881 -1563 543
-13392 -1972 828 -1959 -1656 296
-10768 -2932 964 -645 -2568 -557
-26444 -512 1764 -901 4169 -4113
-17736 5516 -2676 7687 -1180 3750
-22228 3748 -1968 2037 3300 -1421
-17412 3996 -2500 3089 -929 1569
-13588 4036 -2656 1694 462 886
-13176 3036 -4064 923 25 1706
-13320 3928 -3428 1357 1007 1992
-14996 4360 -2512 551 864 2062
-15152 3640 -1996 466 -444 1851
-14556 3836 -1848 964 -509 1866
-14472 3696 -1924 1268 -440 1879
-13924 3644 -1116 1354 -710 1301
-13792 4276 -2336 1192 100 268
-15476 3724 -324 1481 81 -874
-14516 2828 -364 1288 -481 -1951
-14140 2992 -548 1761 963 -2073
-15568 2580 504 1346 -34 -2413
-14324 2132 -228 930 221 -2475
-14716 652 612 1371 542 -2404
-14148 396 492 2397 582 -2449
-14356 136 1180 3558 382 -2353
-13112 -24 988 3996 -427 -2519
-13628 476 2016 4399 119 -2491
-13196 -780 2596 4718 -1527 -2511
-13036 1556 -7832 3073 1673 -2870
-29480 2724 -4656 2156 2192 -1108
-17888 -1824 -1712 1742 4675 419
-17612 1160 -7292 3087 -1089 -617
-14228 1172 -4292 1868 1230 -355
-13272 1276 -5828 1451 994 -207
-13896 1008 -5464 78 742 -139
-14260 576 -4948 -748 359 -157
-14920 -140 -3896 -728 -199 -236
-16128 -680 -3884 -597 47 -372
-16724 -472 -4164 140 501 -155
-14812 288 -3904 403 -333 113
-13980 804 -3728 157 -698 834
-14652 196 -3592 -316 -655 947
-15872 120 -3096 -528 -396 963
-15152 -444 -2508 -1283 -1021 938
-14696 -36 -2304 -1816 -810 1099
-14196 -116 -2160 -1923 -423 1426
-14528 -56 -2228 -2546 -172 1535
-14532 -560 -1324 -3019 -749 1529
-13220 -684 -980 -3629 -1294 1150
-14392 -1476 -184 -3230 -1580 738
-12348 -732 -212 -3272 -2299 449
-11672 -1500 -72 -3370 -2433 67
-15504 4528 -4976 -6781 -731 -2407
-26948 1940 -3460 2731 -625 1782
-18312 4632 -3048 3110 -1702 2505
-21292 4096 -2084 2451 354 1330
-12848 4292 -2548 2434 -2096 2940
-13972 3872 -2996 729 802 1521
-13416 3668 -2848 737 563 948
-14016 4024 -2212 236 928 651
-14216 3232 -2628 2 441 -98
-14632 3408 -2024 103 545 -582
-15016 3724 -2108 -734 795 -517
-15672 3196 -1704 -711 696 -396
-14448 2748 -2084 -619 1038 -176
-14836 2304 -1916 -211 1605 -456
-15504 1948 -932 655 1540 -670
-14692 1568 -800 1419 615 -1023
-14840 1472 -1092 1902 395 -1812
-15272 1052 -832 2347 625 -2144
-14864 716 -1144 3145 790 -2339
-14800 -36 -592 4021 789 -2412
-14476 -492 -408 4740 493 -2647
-13944 -188 -472 5561 11 -2535
-13836 188 80 6044 -816 -2596
-12836 -1280 -12 5675 -1760 -2516
-10732 -452 -88 4056 -2775 -1992
-28968 512 -2660 59 2172 -1573
-19380 864 -1988 -1415 2223 176
-18624 -920 -6640 2024 -696 810
-16460 2188 -4456 819 1409 -263
-14980 100 -4988 291 244 263
-12792 1124 -4896 67 -55 654
-14980 -236 -5060 184 336 648
-15248 408 -4208 376 -748 122
-15356 40 -3412 -268 -937 123
-15384 -424 -3392 -15 -1209 376
-15588 -112 -2956 -53 -908 789
-14840 444 -2712 -155 -597 1327
-15460 60 -2844 -461 -862 1697
-14824 252 -2096 -806 -489 1683
-14520 120 -1532 -1351 -788 1647
-14488 -188 -1916 -1559 -990 1479
-15140 -412 -1348 -1692 -410 1572
-15392 -144 -1716 -2103 146 1307
-15004 272 -724 -2514 309 1420
-14092 -464 -840 -3022 -151 1148
-13244 -400 -48 -3196 -648 1263
-12968 -680 -116 -2871 -1525 1734
-12856 -1604 324 -2882 -1979 1182
-11852 -1192 412 -2689 -3490 19
-28968 -264 5492 -1253 5101 -330
-17748 4900 -2536 7480 -3705 3649
-20656 4284 -1836 3534 2966 893
-16484 5096 -216 1479 -1390 3154
-12924 5060 -3696 1021 -596 3474
-13744 4340 -3980 712 942 3438
-13048 5488 -2316 291 1382 2965
-13936 5040 -2112 -19 293 2144
-13440 5228 -2308 157 287 1189
-14188 5212 -1996 556 271 527
-14732 5300 -1540 788 311 -464
-13536 4080 -1816 1454 965 -1239
-15480 4792 -1524 1302 2270 -1798
-15296 4080 -1192 925 1105 -1970
-14424 2916 -1496 1364 1804 -2178
-14896 2768 -864 2095 1165 -2293
-14668 2236 -728 2647 249 -2404
-14820 2216 -968 2873 182 -2565
-14432 1472 -1080 2968 -279 -2606
-14804 1020 -1148 3546 -221 -2637
-14332 148 -248 4601 -780 -2684
-13788 -248 212 5248 -956 -3230
-14052 -476 924 6143 -2176 -3605
-12380 196 680 5804 -4168 -3948
-12660 1404 -5144 2745 -3776 -3998
-32768 3140 -3468 -1831 1197 -4458
-8284 -8 -4768 -2201 -1622 469
-28644 -620 -4388 -1635 2204 826
-12364 -928 -2256 -1401 -3488 712
-11828 120 -2392 -2188 1860 -256
-14304 1096 -3676 -1655 322 126
-15488 -852 -4220 -913 2386 518
-15052 -228 -3244 -577 1878 -181
-16108 -696 -2620 -188 1293 -340
-14648 -564 -2860 393 527 -126
-14704 -232 -2872 149 1097 169
-15264 -176 -2640 -11 772 659
-16816 -880 -2872 627 914 1178
-14968 -500 -2576 461 368 1164
-14892 -512 -1772 -31 203 1450
-15676 -896 -2324 17 -423 1494
-15168 -104 -2420 -703 -699 1573
-14516 -196 -1880 -941 -583 1883
-14364 -284 -1620 -1503 -833 1859
-13520 -252 -984 -2777 -1364 1534
-12060 -1628 -392 -3507 -2666 1480
-13036 -1680 -72 -3267 -2206 701
-12752 -1428 524 -3070 -2843 67
-13188 -2112 300 -2740 -2719 -138
-21284 4140 -2292 -4803 -727 -2880
-27064 5372 -6840 2786 -1191 2442
-18888 4600 -3712 1761 2812 2473
-20932 4068 -112 -962 576 1912
-13744 4260 -1560 211 -2805 3646
-11504 3232 -3284 260 4 2558
-12376 4348 -2388 466 843 1661
-13664 4468 -2040 880 859 1634
-14352 4720 -1896 586 487 919
-14952 4268 -1564 146 607 68
-14648 3852 -1816 424 775 -271
-14748 3740 -1612 351 1097 -475
-15256 3192 -2064 369 1171 -702
-15344 3576 -1668 218 1524 -947
-14792 2964 -2144 248 1433 -943
-15576 2916 -1784 13 1509 -1216
-15392 2440 -2016 353 911 -1139
-15624 1952 -1884 1320 805 -956
-14924 2248 -2152 1490 552 -1098
-15708 2344 -1896 1900 481 -985
-14944 2120 -2776 1685 158 -902
-15252 1972 -1980 1614 1023 -986
-23896 8028 -8136 -2071 -11241 -3073
-15932 2324 -2176 940 860 -880
-14964 1996 -2472 1371 837 -737
-15256 1784 -2960 965 1229 -596
-15856 1452 -2716 644 1100 -833
-15844 1464 -3300 296 604 -1168
-16208 1144 -3388 -50 610 -1016
-15260 752 -3656 -343 546 -877
-15632 452 -3244 -25 589 -757
-15352 428 -3652 252 43 -479
-15204 548 -3568 608 38 -292
-15704 288 -3456 1072 -135 -285
-15532 268 -3468 1245 -440 -442
-15380 356 -3780 1403 -295 -208
-15272 688 -3396 1342 -65 58
-15780 568 -3408 1333 -353 172
-14984 752 -3432 1560 -493 258
-15572 788 -3544 1524 -476 264
-15552 836 -2988 1452 -837 250
-15696 912 -3328 1051 -539 293
-15520 712 -2936 893 -632 117
-15756 676 -2760 887 -594 -23
-15696 784 -2852 757 -596 180
-15096 1056 -2788 668 -504 249
-15288 808 -2896 583 -83 -379
-15536 948 -2700 742 -7 -499
-15460 668 -2768 1004 -151 -285
-15520 380 -2776 1097 -92 -63
-15676 588 -2724 1001 -195 -119
-15416 1016 -2564 1139 -662 119
-14940 804 -2388 1134 -184 207
-15036 1012 -2128 1144 711 110
-15448 1296 -2596 651 1182 -323
-16184 1288 -2988 -222 951 -163
-15784 1012 -2684 -621 388 -150
-15568 636 -3260 -573 -449 -30
-15560 380 -2736 -397 -535 -129
-15628 80 -2404 203 -467 -194
-15504 480 -2560 415 -226 -153
-15128 404 -2720 1064 80 166
-15752 24 -2448 1554 287 160
-15136 88 -2884 1858 201 -201
-15708 684 -2424 2336 613 113
-15684 1128 -2808 1803 -345 265
-15200 1264 -3232 1016 -351 -16
-15104 972 -3220 191 -320 273
-15508 712 -2900 -385 -408 183
-15672 992 -2564 -474 -689 40
-15720 596 -2476 -185 -951 255
