-15284 -2932 -5572 588 -289 180
-15024 -2852 -5844 -246 -1053 1367
-14492 -1052 -4456 286 -299 1049
-14772 -1712 -5696 328 860 -430
-15092 -2688 -5864 1500 419 157
-14980 -2296 -5620 960 434 207
-15052 -2496 -5904 862 602 58
-15004 -2480 -6064 673 493 123
-15112 -2552 -6068 645 385 127
-15060 -2272 -5684 -616 188 525
-15044 -2456 -6136 -573 -112 718
-14948 -2080 -6148 -614 -573 534
-14956 -1848 -5744 -108 -423 277
-15184 -1820 -5984 178 -550 302
-15064 -1944 -5700 139 -598 361
-15204 -1760 -5784 93 -567 313
-15060 -1796 -5684 181 -480 316
-15148 -1688 -5708 179 -310 124
-15044 -1648 -5600 210 -267 55
-15188 -1936 -5468 353 -238 165
-15092 -1748 -5820 417 -111 134
-15156 -1556 -5744 455 -88 142
-15072 -1620 -5768 405 14 -24
-15124 -1796 -5604 457 38 -11
-15172 -1572 -5664 391 22 -90
-15136 -1852 -5672 380 -41 -36
-15028 -1684 -5540 300 -196 76
-15168 -1688 -5488 438 -152 73
-15200 -1764 -5660 586 -146 162
-15176 -1508 -5352 876 -163 313
-15108 -1620 -5760 959 76 266
-15204 -1452 -5660 426 -218 151
-15208 -1704 -5412 231 -214 88
-15120 -1340 -5512 -17 -305 -5
-15180 -1540 -5428 -23 -105 -198
-15072 -1464 -5492 -65 -4 -342
-15212 -1864 -5352 102 15 -380
-15260 -2448 -4868 424 -1091 308
-15228 -2676 -4760 469 -887 245
-15000 -2024 -4628 1222 -914 385
-15420 -2580 -4264 1115 -916 312
-15392 -2004 -4556 1160 -1124 508
-15480 -2148 -4260 868 -1354 460
-15736 -2680 -3992 998 -1816 1228
-15876 -2728 -4020 1349 -2211 2258
-17112 -3780 -6528 1399 -4353 6760
-24896 -6724 -8404 -1983 -5780 14865
-21900 -2076 -6740 -3987 -5364 18553
-9916 -14320 -10044 -3905 2373 3847
-11016 -7632 -5852 -660 8616 -5472
-13988 -2292 -3104 2733 9945 -11388
-16068 1328 -1412 3387 8329 -11834
-16176 5256 -1952 5194 5436 -9620
-14924 7316 -3736 4865 3573 -5361
-13580 8664 -2248 1258 897 -1029
-13356 8572 328 3394 -1670 4849
-18944 20560 -17332 14563 3655 5765
-2544 8632 -7468 866 -5707 5459
-16624 2284 -2952 2384 -1564 3526
-15532 972 -5132 -1711 346 969
-15520 904 -5484 -4 1165 -475
-15496 -216 -5284 -387 -161 -1208
-15368 -296 -5052 -1281 -141 -1255
-15052 -1216 -5380 -1125 -391 -68
-15376 -412 -4312 362 -913 1869
-16020 -964 -4256 -525 -2073 2770
-16456 336 -5492 -1089 -3497 4096
-19892 -504 -4876 -2280 -3638 5432
-21684 -1832 -4484 -1906 -4581 10365
-26772 -5100 -8380 -1430 -5662 13553
-30716 -10092 -13792 -10732 -6965 21428
-18344 8244 -9764 -12771 -7800 23915
-9384 -1876 -6892 -7545 -2953 8777
-3960 -10100 -6832 3443 5617 -2163
-7300 -6376 -6664 10113 11337 -14378
-12304 -1408 -6496 10768 13029 -22435
-17080 1148 -7160 9050 13599 -27167
-18636 3080 -8036 9525 14145 -27764
-21940 11444 -5320 6211 11560 -27322
-25080 24224 4188 3644 5570 -13195
-27764 32767 4664 12810 -5348 15348
-13388 11252 -18120 8 -7251 13783
-14748 -84 -5256 1600 -3152 9755
-14516 288 -4988 -3723 -3198 4990
-14512 -160 -7688 -1414 -1960 2453
-15240 -1052 -5416 -816 -1827 1400
-15156 -24 -5864 -1423 -1574 1091
-15748 -1428 -5744 -990 -1712 1541
-15332 -324 -5392 -1443 -1724 2261
-16236 -68 -5008 -2052 -1407 2853
-17380 -2128 -5168 -1086 -2330 4662
-20072 -2196 -7700 -1309 -5098 9139
-23464 -1652 -6456 -4729 -7046 14477
-24036 -5472 -8676 -6141 -7500 18071
-32208 -6768 -11788 -12128 -6979 22567
-19868 752 -16836 -2086 -9333 26590
-6580 1224 -10592 -13961 5175 440
-2104 -7588 -4068 148 5139 -7735
-6604 -3552 -7560 11133 11217 -17918
-13936 -1200 -8616 15184 14620 -25140
-20004 1740 -9568 10960 13656 -26789
-20392 3728 -10864 2730 12442 -28717
-23296 5496 -2956 1251 13575 -25223
-27056 23880 4728 6790 9099 -16693
-22012 29648 10100 10216 -1761 3334
-32768 -9580 7860 6209 -15310 15541
-15976 -1068 -6716 -4727 -3988 8225
-14956 -1828 -5864 -886 -1519 3477
-15368 -304 -5884 -2489 -1583 3145
-15304 -680 -6728 -1514 -1210 1781
-15396 -1164 -5860 -2409 -989 1742
2312 4832 -21396 -7542 -1013 -1858
-16112 644 -6668 -2947 -1251 2698
-17088 -1468 -5192 -1955 -2508 4199
-18352 -448 -8344 -2157 -5081 7693
-22592 -2928 -5720 -2682 -5902 13312
-25728 -4160 -9488 -4874 -6347 18802
-29236 -9028 -10956 -15532 -2732 21075
-24808 4100 -13400 -3846 -11072 29272
-13408 5064 -8280 832 -4667 17461
-2184 -9924 -8028 -335 1058 -7834
-5824 -4840 -6692 6680 6741 -19704
-11444 -1508 -7736 9986 10228 -27598
-18100 1180 -8424 8317 13628 -31729
-20912 884 -7912 7075 12549 -31960
-22772 5060 -6588 7106 12753 -29563
-27336 19856 -2072 5156 8488 -21504
-27100 30728 3168 5285 2367 -269
-21844 -32768 -2308 14702 -3510 13627
-10464 -3012 -6048 6245 -2129 15139
-17432 3256 -5476 -1981 -3099 10180
-15160 -204 -5732 -284 -1401 5620
-14704 -1052 -6520 -1629 -1141 3876
-15104 -1420 -5964 -956 -583 3124
-15256 -1224 -5456 -2221 -482 2467
-15620 -1212 -7004 -2204 -1713 2792
-16580 -928 -5328 -2172 -2638 4490
-15328 348 -5620 -2243 -2608 4601
-17744 -756 -6584 -2164 -3562 6309
-21988 -1616 -4476 -2756 -4165 11076
-25788 -3452 -7612 -4101 -5396 17243
-29360 -6384 -13388 -11681 -3203 21245
-26288 -1352 -5716 -6340 -6665 27180
-17300 1364 -9124 1359 -6739 21017
-3188 -17080 -9968 -5670 3198 -4433
-4904 -7420 -4992 665 7391 -16162
-10696 -4140 -6200 7279 12201 -26260
-17256 -1296 -6688 9222 14928 -32456
-20884 -1236 -5432 10825 12948 -32768
-24108 3908 -6272 9039 11153 -32768
-29992 31916 -988 6114 6889 -23099
-25428 32767 5284 6449 -1025 6539
-30068 21988 10256 6765 -8753 22209
-27440 22352 -3876 -1178 -426 13697
-15232 -264 -6788 -4119 -2160 8696
-14872 -1564 -6676 -711 -2549 4891
-15240 -656 -4428 -1332 -2498 3082
-15476 -500 -4688 -1047 -1412 2234
-15192 -1728 -4868 -1145 -740 2758
-15448 -1728 -4912 -709 -1347 3164
-15932 -908 -4532 -1604 -1642 4048
-16816 164 -6648 -1785 -1919 5214
-19652 -500 -5740 -3072 -3138 7809
-23364 -2540 -6412 -3371 -5035 13333
-26268 -5504 -8012 -3966 -6387 18196
-26720 -8364 -12800 -15077 -3873 20451
-24704 -640 -12616 -5603 -12885 28792
-8232 2768 -4572 -3710 -1864 16126
-3812 -9920 -6632 88 3920 -5226
-6340 -6400 -4344 5260 8948 -16874
-12180 -3680 -4688 10164 10697 -26320
-18688 504 -7236 10233 12221 -31358
-20068 1372 -8148 9300 12438 -32750
-22708 5380 -6728 5842 13589 -32236
-28928 20120 -1732 2718 7277 -22207
-28028 32212 2512 7478 3033 -1172
-6772 -9676 -6272 18733 -703 19750
-10792 -3340 -6744 5910 -3094 14124
-14112 1396 -10188 -56 -568 10105
-14892 -1408 -4212 -1156 -1164 5257
-14792 -1032 -6696 -745 -1519 3461
-15160 -3020 -4264 -1056 37 2551
-15000 -1944 -5992 -2368 -545 2499
-15312 -1780 -6184 -850 -1130 2773
-16128 -992 -5536 -890 -1368 3340
-16180 -972 -6284 -2165 -1452 4028
-18152 -1744 -5628 -2645 -3006 6104
-21536 -3412 -6100 -3553 -4642 10633
-24804 -3792 -7540 -4890 -5987 17946
-24624 -6248 -10696 -8984 -5488 20416
-32768 -6156 -6500 -11877 -6781 27881
-16976 -1952 -15952 -449 -11609 26895
-8176 -11336 -9104 -783 7285 -2917
-3108 -8708 -6700 -3707 5121 -12928
-9016 -4804 -5668 6606 10935 -24929
-15428 -1744 -7144 9724 14996 -31379
-20812 252 -6420 8105 14656 -32768
-20676 1596 -9108 6113 15412 -32768
-31200 18452 -2244 5672 13230 -30608
-32768 32767 6384 6025 4249 -5648
-9256 -32768 -7044 19799 -1053 22437
-19304 6324 -7352 2629 -1924 16540
-14540 2040 -8672 -542 -1607 10954
-14336 -1456 -5136 -2682 -3456 5939
-14832 -2048 -5612 -91 -1533 3541
-14996 -1208 -5532 -1499 -758 3321
-15156 -1104 -6260 -2729 -666 2440
-15028 -1536 -6480 -1873 -1340 2872
-15776 -604 -6116 -2032 -1611 3565
-16476 -800 -5964 -1575 -2058 5322
-18324 -872 -5764 -2068 -3301 7107
-22520 -2564 -7280 -3069 -5102 12822
-25152 -3292 -8028 -7228 -6158 18641
-25736 -8248 -10856 -14450 -3283 20855
-31804 2240 -11628 -4225 -9675 31801
-16000 3584 -5272 -1092 -8383 20366
-5156 -8888 -8136 859 5232 -6669
-3536 -6868 -5632 2375 7738 -18053
-9484 -2068 -6760 7934 10841 -27985
-17484 120 -7612 7027 14543 -32126
-21708 -1076 -5828 7129 13354 -32768
-22720 1660 -6532 7852 13986 -32495
-30012 16904 -1092 4870 9332 -26108
-29844 32767 5724 9755 3176 -3991
-17452 -32768 -3492 13062 -1392 21636
-12368 -3432 -1360 2448 -3249 14530
-12532 6108 -8412 -2035 -299 10556
-14468 -1524 -4456 -883 -2350 5724
-15592 -1232 -5912 -337 -1266 4244
-15172 -1752 -5116 -1679 -183 3108
-15196 -1908 -5228 -1066 -1095 2108
-15236 -1236 -6276 -263 -1647 2934
-16208 -624 -5212 -1157 -1558 3825
-17404 -1024 -5892 -1894 -2967 6357
-22464 -3684 -5972 -3081 -5976 11752
-24908 -3808 -7440 -4137 -6589 19901
-25768 -5940 -9100 -7352 -4254 21370
-32768 -8892 -14996 -15048 -7029 26818
-18516 3048 -19616 290 -10627 28166
-5572 -13040 -7240 1544 5295 -3272
-1736 -4892 -7692 -645 4836 -13429
-8200 -3772 -6744 5990 10031 -26572
-14808 -3440 -4824 9202 15317 -32719
-21536 -2740 -3332 12614 15024 -32768
-24764 780 -6828 7643 11829 -32768
-30512 12692 -2128 6201 8473 -31056
-30660 32767 5888 8813 3507 -8288
-22056 -17172 -6428 12545 716 25402
-10320 -3712 -1540 3191 -4742 15207
-5136 3860 -3680 -2244 127 13064
-14636 -1812 -3984 -1430 -2448 7668
-15092 -720 -5244 -272 -1185 4900
-15072 -676 -5328 -1884 -476 3690
-15196 -596 -5732 -2241 -275 2046
-15544 -1804 -6000 -1426 -512 2338
-15592 -964 -5836 -1261 -1296 3116
-17028 -756 -4984 -1188 -1545 4735
-17596 396 -5912 -1621 -1989 6359
-20188 -2268 -5248 -2514 -4072 10095
-24368 -2004 -7284 -3525 -5222 16556
-25612 -5872 -8308 -5664 -6081 19038
-30708 -5752 -9160 -16981 -4020 23059
-28880 -3120 -14864 -237 -19774 32767
-13636 6380 -5756 -3510 5701 5061
-3556 -7016 -8692 -3107 6292 -11347
-8720 -4044 -5696 5500 11422 -22912
-14044 -2860 -4612 4915 14726 -31064
-20728 -1220 -2276 4819 15066 -32768
-20988 -1032 -3180 10316 14286 -32768
-27888 10040 -1320 13867 11800 -32768
-32768 32767 -1156 6655 2050 -13801
-22500 8020 -23104 25166 5118 21921
-11848 7848 2940 -5375 -6991 18332
-17108 -3588 -9976 -33 -158 12364
-14232 -932 -4636 -2209 -2454 7094
-14812 404 -6212 -56 -1503 4342
-14972 -1260 -5468 -851 -923 2321
-14832 -680 -6088 -2628 -528 1294
-15404 -1904 -6212 -2232 -792 1149
-15192 -1604 -5324 -1346 -683 1874
-15816 -1152 -6548 -1615 -1703 3445
-16200 -1096 -4876 -2260 -2708 6279
-21456 -4500 -4560 -3016 -6420 10217
-24132 -1976 -7632 -3652 -6790 16199
-24436 -5636 -9400 -4773 -5912 18820
-31372 -7088 -8312 -17283 -5001 23409
-25292 -5792 -10344 -3251 -18593 31130
-14232 1292 -256 298 574 8412
-1536 -8024 -8556 6444 3977 -9129
-5512 -4032 -5680 9728 7347 -23957
-13184 -2344 -6928 9275 9377 -32768
-20676 164 -8208 9537 11833 -32768
-21512 1420 -10924 9562 13831 -32768
-26852 9224 -9740 112 13435 -32768
-32200 28308 2404 -6054 9683 -18712
-30792 32767 13376 4980 -4935 18750
-11072 -2908 1120 6085 -7298 18484
-22464 1980 3296 -9869 -8499 13826
-14672 -1800 -4676 -2364 -3708 7290
-14468 -752 -7644 -1759 -2748 4936
-15144 -1760 -5732 -1824 -980 3637
-14468 -724 -7072 -3149 -1966 2592
-15316 -1352 -6596 -1145 -2079 2232
-15668 -648 -5604 -937 -1832 2503
-15220 -860 -4964 -1959 -1354 3305
-16460 -1300 -7168 -2014 -2742 5249
-19208 -1756 -6600 -2826 -5568 8263
-23468 -2484 -6668 -3000 -6188 15061
-26244 -7104 -6252 -2957 -6379 19587
-25552 -11848 -12240 -12040 -4930 21455
-32596 -5908 -10212 -4025 -15193 32767
-14372 8576 -9360 414 -5375 20126
-2444 -8088 -7216 -6345 3679 -8146
-3500 -5264 -5548 -265 9307 -18750
-10216 -2828 -4840 6074 12831 -27398
-19972 -1228 -5188 6833 15963 -32768
-23416 -904 -4084 10244 12899 -32768
-23116 2612 -7916 9851 14627 -32768
-29236 16332 -3272 5074 10120 -27773
-29344 32767 3912 4662 4164 -5590
-8312 -19312 -18640 23686 1134 15759
-11772 -1492 596 3962 -4396 16601
-19560 -2052 -10264 -1358 33 12124
-14388 -840 -5008 -2213 -1259 5783
-14484 -1608 -6216 -1005 -400 3300
-14500 -2000 -6588 -1971 289 1900
-14676 -1648 -7220 -2061 48 495
-14496 -3468 -6360 -350 219 -195
-14840 -3056 -6884 186 308 1464
-15384 -2716 -6692 -1947 -523 3351
-14676 -4176 -7252 -2437 -2477 6707
-17028 -52 -7348 -3395 -5124 10065
-20884 -1492 -6096 -6841 -5525 11591
-22988 -988 -6284 -5752 -4750 15424
-25328 -5384 -10276 -7355 -2968 17349
-28836 -9380 -5336 -13605 1102 21916
-29968 -8152 -4388 -1569 -21543 32767
-5408 4680 -8860 95 -3298 16306
-2692 -11360 -7524 -6540 1076 -11622
-7028 -7052 -4816 3614 6124 -22442
-11728 -2592 -8412 11661 10614 -31174
-19200 -40 -8468 11975 13919 -32768
-20928 900 -8524 10136 13286 -32768
-26900 13116 -6216 5083 12381 -32768
-32468 32767 2912 371 6424 -14188
-24032 32767 1352 4881 -1708 17581
-9112 12188 -7144 8579 -8280 18919
-20500 5596 8444 -2322 -5691 12493
-15008 -2108 -4472 -4194 -3193 7951
-14364 -1424 -5904 166 102 3738
-14488 -1656 -6636 -2258 -496 2222
-14732 -1572 -6632 -1330 243 489
-15100 -2660 -5712 -1320 413 -59
-14804 -3168 -6564 -575 313 1060
-14784 -3116 -7176 -1138 -805 2943
-16652 -3456 -7292 -668 -3636 7412
-17672 48 -6736 -2849 -6090 9359
-22152 -412 -6580 -6713 -7147 13087
-24432 -4668 -5440 -2389 -5193 17530
-26400 -6132 -11744 -7807 -3568 19091
-32768 -8028 -12400 -15613 -4233 24768
-23368 -792 -13376 -4345 -14729 29526
-6748 -5240 -7436 -2205 6943 1437
-3076 -7776 -6936 -883 5520 -11730
-7660 -3520 -6464 8442 10443 -24009
-15040 -928 -8480 12185 13982 -30895
-19632 1504 -7912 10738 12974 -32768
-20584 2668 -9212 6528 13552 -32768
-29480 14764 -648 6025 11394 -30181
-30752 32767 4504 10617 4830 -9447
-14472 30860 5416 9438 -4866 16735
-28320 19904 -16620 766 -4732 19250
-11604 -8704 -2632 -116 856 14696
-13600 644 -6328 -5138 -3014 6610
-14644 -844 -6552 53 -216 3275
-14592 -2176 -7204 -2877 -916 1688
-15016 -2156 -6688 -1472 -283 931
-15072 -2624 -6076 -846 -289 897
-15048 -3104 -6752 -307 -825 2160
-15584 -1368 -6588 -1026 -1369 3299
-16200 -2940 -6320 -1720 -2599 5946
-17516 -64 -8620 -2292 -5382 9010
-22032 -5416 -6704 -4908 -6059 12588
-24248 -3224 -5328 -2016 -5202 18267
-27096 -6896 -10972 -8714 -3554 20239
-31244 -8256 -11052 -13730 -6756 26406
-19568 -2080 -13216 -3800 -12197 28059
-7972 -9568 -7564 -4874 7624 -1357
-3832 -7496 -6964 -4084 5765 -12278
-7920 -3052 -6132 6593 12711 -23670
-14356 -2060 -5228 11075 15443 -30815
-19508 -1552 -5832 12211 13456 -32768
-20604 1016 -8044 8872 12951 -32768
-28408 14764 -3188 7753 11158 -30440
-31580 32767 5400 5286 3428 -10593
-10928 900 -32768 19313 6917 12902
-21652 6436 4940 -3154 -8674 15665
-9744 -4576 2312 909 885 13038
-14228 -2120 -4524 -3470 -2278 5524
-14820 -2072 -6300 1371 202 1952
-14564 -2684 -6220 -1951 -1048 1285
-14424 -3228 -7112 -545 -466 1012
-14416 -3708 -6064 -219 -279 1247
-15172 -3216 -6380 -169 61 2331
-15148 -3420 -7200 -972 -770 4118
-15076 -2296 -7264 -2340 -1550 6047
-16232 -1196 -6480 -3494 -4443 8277
-19180 360 -9652 -6711 -5814 10641
-25400 -4812 -4428 -5874 -5111 15506
-26140 -6176 -10712 -6891 -4334 18845
-28148 -11444 -8324 -15537 -3193 22323
-28108 -5592 -11716 -2885 -17691 31802
-5016 3348 -5972 -3846 1056 13459
-3728 -9188 -6588 -3541 2913 -7869
-6264 -4428 -3764 7677 9599 -19704
-10704 -2360 -5836 13342 13055 -28887
-16856 1016 -8328 12736 13515 -32768
-18900 1932 -8244 6598 11077 -32768
-25804 12872 -4292 4079 9262 -32768
-32532 32767 5548 7599 6248 -13847
-18516 32012 -2092 11904 -3291 16710
-23876 16312 -18296 -1355 -4106 17652
-8900 -2192 -4728 2123 4251 12450
-13796 424 -5612 -4187 -3631 5953
-14596 -1352 -5300 1043 291 2668
-14420 -1936 -6936 -3524 -479 1790
-14716 -1968 -6468 -1244 -264 914
-14820 -2348 -6068 -671 -620 1146
-15180 -2360 -6484 -461 -1055 2607
-15280 -1664 -6780 -177 -1442 4132
-16260 -1612 -5808 -1032 -2680 6109
-16968 -1996 -6780 -2598 -5251 8888
-21264 -1116 -7328 -4166 -6798 11652
-25244 -4508 -4520 -2055 -5711 17089
-27568 -7556 -11672 -9258 -4626 20026
-31048 -7776 -9512 -11080 -8746 29509
-15156 1524 -17044 -151 -11012 26312
-8712 -11868 -6736 613 8026 -3250
-2756 -6476 -7440 1058 7485 -14538
-8628 -564 -6676 6794 12859 -26023
-14052 -604 -6676 6037 16646 -30230
-17916 2396 -5120 9377 15673 -30642
-20040 2944 -7396 12115 15578 -32768
-28512 14480 -5092 4063 9506 -29379
-29388 27972 3816 3898 3891 -10159
-27384 29992 -9648 16856 -5716 21803
-11720 1584 -9904 -354 -7524 15990
-7564 7412 -6224 1703 3309 12764
-12824 -948 -5424 -3368 -3369 6636
-14640 -1584 -6020 603 -49 2927
-15052 -1684 -6324 -3493 -842 1807
-14888 -1812 -6864 -1149 -228 987
-15408 -1720 -7132 -838 -696 2174
-15228 -2536 -6240 -1598 -1036 3280
-15772 -3880 -7252 -1412 -3225 5664
-17600 -648 -7908 -2700 -5534 8162
-25064 -3680 -3516 -4513 -7802 14079
-26576 -4612 -6968 -2460 -5509 20757
-29228 -7128 -11572 -11765 -1205 19559
-31420 -4500 -11324 -9739 -10838 32767
-11616 596 -11408 -1697 -9272 20636
-1324 -7908 -10344 401 1783 -6954
-1892 -7156 -6384 -5725 6066 -16737
-8976 -4804 -3712 5167 13587 -25672
-15804 -2072 -5996 13321 16959 -31194
-20040 -16 -5996 12034 15089 -32768
-23316 3852 -6292 8251 12899 -32768
-31240 22492 -892 4515 5917 -23710
-26016 32767 7052 10325 -289 1212
-32768 16564 19804 1231 -14322 21366
-20432 10976 -5256 4219 -3191 14871
-14188 2524 -6136 -2622 -679 7938
-14776 -1404 -6332 -778 -1998 3196
-14768 -1624 -5480 239 -1157 1839
-15088 -2068 -4464 -923 295 2152
-15124 -1076 -6008 -1627 -231 1442
-15052 -2612 -6012 -623 -915 1933
-15268 -1568 -5712 -537 -1410 2960
-15716 -1232 -5480 -1629 -1419 3729
-17284 -784 -6880 -1160 -3391 6533
-20964 -2280 -6436 -2236 -6516 10348
-25152 -4304 -5444 -2979 -7060 16639
-28888 -7628 -11776 -6573 -5500 21292
-30848 -12312 -12124 -17958 -7201 23559
-17120 1328 -20444 -5303 -8006 25226
-9932 -11076 -5912 -4418 6261 -510
-2852 -6836 -6224 4333 6435 -8031
-6472 -1912 -6032 11433 11891 -19655
-12320 -448 -7176 11808 13465 -26835
-15860 2072 -8124 11317 13027 -30567
-18680 2748 -11004 10521 13837 -32768
-25160 11340 -8160 6360 12238 -29523
-28416 26912 2640 4166 9267 -14721
-23764 31888 5560 5065 -905 11061
-32768 -2192 32767 4838 -26305 23538
-15156 10468 2248 3335 -5884 10124
-15264 -1260 -6460 -7090 -3796 8872
-15232 -716 -5020 -895 -263 5339
-14608 -2916 -6884 -2995 -1701 2599
-13864 -1336 -7252 -1350 -1528 2207
-14616 -1704 -6404 239 -977 2390
-15356 -1844 -6180 117 -857 2790
-15840 -144 -6332 -1663 -934 3210
-15496 -1080 -7380 -1944 -2170 4673
-17836 -2356 -6888 -2984 -4058 7446
-21620 -1952 -8580 -4206 -6287 13337
-26708 -2948 -7040 -5085 -5059 19249
-27308 -7352 -12460 -12628 -3314 20014
-31208 -4440 -9040 -9174 -10507 31332
-11800 1440 -14148 -2844 -8872 23479
-6896 -10336 -6620 -7334 4855 -4589
-2744 -5448 -3716 -2441 7041 -13850
-7288 -2108 -4128 7442 12851 -24796
-13768 280 -5304 9130 16044 -31733
-18240 260 -2452 7849 13548 -32768
-21428 2216 -388 11832 10523 -32768
-27372 20004 -2396 15757 6633 -27957
-25812 32767 -3452 5152 344 -6044
-32768 -32768 -16016 7802 -8085 19159
908 -4668 4892 3294 -704 17428
-17200 1516 -2940 -842 -456 9103
-14224 -916 -5168 -157 -721 3074
-14736 -1252 -6140 879 -91 -152
-15100 -2708 -5080 -733 338 -145
-14748 -3688 -6116 -979 1241 511
-15144 -2952 -6428 -1381 557 1925
-15132 -2788 -6672 -813 -466 1954
-15164 -2476 -6292 -1223 -734 2666
-15316 -2816 -7284 -1762 -2088 4023
-16844 -1844 -6976 -1989 -5589 7595
-19192 -1860 -5880 -3490 -7808 11587
-23280 -1944 -5644 -2087 -6459 16483
-26828 -4988 -9248 -7416 -4607 20706
-26040 -10544 -13432 -13725 -6481 23798
-20712 -716 -14368 -5722 -11344 26967
-6972 -2372 -4072 -1500 4313 3512
-1688 -5864 -6244 4348 5951 -9078
-4716 -3592 -5296 9920 10768 -22170
-10744 -1088 -5896 13369 12112 -29262
-18008 1592 -6664 12025 11386 -32768
-21912 4204 -7736 11894 10441 -32768
-26516 14460 -6368 10358 8774 -27709
-23800 25024 -4692 7149 5975 -11147
-16712 21068 -1476 -3016 2896 6973
-31588 5764 18180 9341 -12673 18803
-8892 5404 5596 2748 -807 8311
-13448 -2308 -5636 -3853 -1642 5992
-14708 -4260 -5084 703 -345 3004
-13960 -3100 -8328 -1924 61 1803
-14440 -3520 -7248 -895 -42 1211
-14300 -3468 -6960 -1186 -166 979
-14528 -2924 -7616 -935 130 614
-14416 -3012 -7480 -553 78 649
-14484 -3044 -7180 -8 98 541
-14156 -2420 -6928 515 50 -137
-14956 -3776 -8028 1623 -1193 -349
-14548 -3552 -7460 858 -1370 1628
-14788 -2952 -6984 618 -882 1634
-14508 -3424 -6940 -305 -551 1578
-15296 -2800 -7504 -484 -744 1071
-14772 -2216 -6664 -683 -2299 1514
-14212 -1516 -6464 -142 -1187 885
-14664 -2244 -6656 113 -1126 658
-14700 -1884 -6172 14 -1147 1061
-14896 -2084 -6712 267 -187 298
-14960 -1980 -6520 468 -360 560
-15004 -1596 -6236 113 -208 301
-15036 -1972 -6324 508 -128 369
-14940 -1504 -6328 292 -308 522
-15088 -1540 -6384 203 -286 450
-15124 -1508 -6264 427 -75 368
-14964 -1564 -6104 491 19 270
-15004 -1392 -6404 628 53 211
-15072 -1572 -6240 531 -17 149
-14984 -1572 -6304 484 20 130
-14992 -1572 -6320 501 -100 121
-15092 -1748 -6252 459 -73 100
