-14528 5652 -4196 744 353 363
-14600 5584 -4132 474 278 206
-14536 5580 -4148 178 180 151
-14528 5548 -4236 112 257 91
-14528 5652 -4148 43 156 85
-14404 5712 -4264 -111 103 62
-14552 5800 -4168 -220 40 -48
-14412 5680 -4240 -381 135 -15
-14368 5804 -4088 -536 175 56
-14360 5824 -4304 -641 182 17
-14556 5780 -4068 -868 124 -85
-14496 5812 -4260 -1098 180 -98
-14240 5952 -4212 -1300 192 24
-14300 5860 -3980 -1484 194 104
-14224 6088 -3980 -1617 342 168
-14232 6044 -3964 -1591 564 107
-14436 5948 -3876 -1701 723 122
-14224 5984 -3724 -1785 890 129
-14464 5748 -3832 -1906 1104 90
-14444 6020 -4076 -1895 1133 -119
-14400 5880 -4132 -1952 1159 -122
-14336 5552 -3868 -1733 1063 4
-14396 5884 -3852 -1481 863 52
-14508 5940 -3872 -1417 712 -80
-14356 5928 -3808 -1326 403 -83
-14472 5828 -3700 -755 203 -35
-14452 5744 -3712 5 135 -91
-14420 5836 -3844 593 -9 -23
-14344 6088 -3948 969 -234 -109
-14276 6068 -4088 1233 -298 -9
-14328 6112 -4028 1338 -291 22
-14136 6164 -3836 1304 -336 -52
-14292 6156 -4092 1144 -5 79
-14196 6208 -4088 1045 68 157
-14360 6216 -4128 981 -6 110
-14332 6124 -4036 850 -36 66
-14296 6136 -4100 924 -68 63
-14256 6160 -4128 813 -80 40
-14360 6312 -4180 625 -23 67
-14292 6056 -4140 502 48 8
-14280 6060 -4060 486 -12 36
-14368 6132 -4060 452 -2 -43
-14288 6064 -4284 432 63 -192
-14356 6060 -4228 482 45 -120
-14328 5880 -4212 477 -58 -19
-14280 6112 -4148 501 31 21
-14204 6084 -4180 425 -62 -3
-14348 6164 -4004 350 56 30
-14320 5936 -4216 398 -3 13
-14308 6176 -4228 400 11 0
-14360 6104 -4172 310 3 -18
-14420 6076 -4004 340 -31 9
-14352 6028 -4080 363 -87 -2
-14216 6060 -4000 363 -177 52
-14368 6064 -4020 400 -120 -44
-14312 5988 -4168 388 27 24
-14448 6200 -4004 359 -22 72
-14336 5916 -4168 400 -14 -3
-14260 6036 -3980 377 -3 20
-14324 6024 -4072 376 40 58
-14288 6076 -4056 364 -13 74
-14376 6132 -4032 274 56 78
-14232 6184 -4112 81 57 13
-14296 6132 -4060 45 -47 -56
-14228 5952 -4092 154 39 29
-14464 6052 -4072 285 95 142
-14224 6160 -4048 322 196 204
-14264 6220 -4064 327 230 318
-14276 6212 -4080 229 229 273
-14216 6056 -3988 196 266 282
-14268 6260 -4132 173 247 297
-14376 6188 -4060 118 187 281
-14240 6196 -4020 140 234 339
-14280 6148 -4408 171 312 343
-14084 6348 -4244 136 356 491
-14020 6388 -4376 94 611 551
-14016 6408 -4288 12 850 862
-14100 5932 -4156 243 912 1338
-14272 5856 -4512 759 1301 2152
-14524 7716 -4588 197 704 3016
-11552 8376 -4332 -2048 1754 1777
-16004 7564 -4436 -2046 3037 3445
-16128 8020 -2360 -907 229 2625
-13280 7428 -2708 -1017 -1288 2462
-12840 7140 -1880 -404 -2145 2150
-13164 6676 -1580 931 -1514 1756
-13144 6688 -728 2445 -1321 998
-12636 6964 -1072 3879 -1346 610
-14476 7084 -644 4241 -2217 706
-14088 7504 -312 4583 -4123 729
-13764 9408 -3552 3998 -4749 830
-16992 13256 -936 1580 -2521 3901
-13452 9716 -1988 1773 -4649 -2058
-13840 11292 -5296 1813 3870 -1493
-11548 9000 -7356 2561 4897 -2054
-13284 7908 -6224 3425 5135 -2923
-12160 7740 -4848 2231 5885 -5201
-10296 6108 -5900 1552 6292 -6187
-10380 4276 -7280 1718 6751 -4342
-13328 5616 -7512 1137 4226 -2831
-13676 4232 -6776 390 187 -593
-14044 6424 -5276 -685 -924 -1623
-15312 6552 -3928 -3463 1310 -2065
-18300 5536 -5360 -5543 3 -3012
-18916 4324 -5912 -6446 -1994 -1672
-19728 5644 -7520 -905 1047 -1103
-13548 9668 -10176 -1790 -5666 756
-7564 7912 -5640 -3119 -3529 3115
-12140 6320 -6048 -3704 -305 2079
-12160 5800 -5456 -2258 -837 2829
-10472 4488 -3288 -560 -1116 1906
-11628 6576 -3364 1254 -1010 2371
-12700 7356 -1440 411 -1379 455
-13216 6428 -1512 700 -2261 -1300
-15428 6012 -1304 1361 -3511 -831
-16620 5164 -1508 2496 -3868 771
-16336 13156 -9692 1965 -4653 855
-20532 11828 -6008 -939 1148 4094
-12488 12100 -3928 -1255 1432 -2441
-13568 9192 -6800 -555 3629 -738
-10472 3684 -4476 3411 3703 -1832
-11320 7700 -3464 3813 5734 -4044
-10260 6464 -5332 1801 3736 -3646
-9596 4188 -6816 906 5389 -3242
-13624 4196 -5940 1062 4682 -1219
-13808 3768 -5740 101 341 -413
-14584 5492 -4784 -70 944 -826
-15528 5788 -3360 193 3805 -2803
-16436 5624 -4992 -2662 1863 -3506
-19656 3516 -5648 -3237 516 -1602
-21024 5168 -11092 2264 1804 1164
-11228 11424 -7720 -742 -8724 2508
-10212 6220 -5840 -2427 -4867 3039
-13156 6120 -6736 -2734 -1867 3308
-9596 6292 -5664 -2698 -1616 3220
-9528 5988 -4368 -1496 -883 2720
-10956 6816 -2540 -867 -1745 1788
-13288 6104 -1880 -56 -1398 360
-14792 6000 -1336 1481 -2250 -1058
-16784 5060 -216 2745 -3948 780
-18700 4040 772 4887 -3943 1867
-21180 22896 376 -340 -10820 5534
-13380 11068 -2756 1059 -1986 -2489
-12664 11316 -7244 1179 6628 396
-11236 4672 -5852 2079 2193 -1375
-9304 6592 -4932 3787 3646 -3631
-9740 6644 -5168 2384 3796 -3822
-9520 5464 -5348 415 2959 -2415
-13856 5376 -5520 505 3364 -1346
-13204 4252 -3828 -694 160 -1711
-14312 3772 -4616 -323 336 -849
-14416 6392 -3384 -653 69 -2529
-16692 6408 -4060 -3102 2078 -4279
-22092 4788 -7252 -2272 -496 -1551
-19836 8464 -11632 -632 -524 -1539
-9544 11820 -6460 -856 -5050 120
-11820 5100 -5044 -1143 -3865 3616
-12328 5388 -5068 -475 -1559 4084
-8384 6344 -4768 -582 -54 2213
-9728 5260 -3480 331 -404 2819
-11864 6264 -2192 433 989 709
-13736 6396 -292 1416 517 -1869
-17008 3484 -1928 4523 -4881 -2853
-17448 6312 -1720 4181 -6906 351
-14880 5536 -604 4994 -5943 2056
-18128 17328 -3212 1467 -6037 3750
-21200 10936 -2568 -112 -1933 2003
-10868 9924 -3200 608 4413 -999
-12680 5752 -8280 1253 2890 -1665
-10060 8092 -4744 1073 1572 -2544
-11184 4792 -4484 -515 3829 -3030
-10128 2556 -5584 -105 6626 -2550
-11588 4864 -5348 1240 5168 -1262
-14252 5356 -4876 -529 3354 -1054
-14432 4604 -4028 -715 1511 -1137
-15508 6304 -3788 -3031 2146 -1515
-18824 5396 -3956 -4510 2553 -1442
-19052 2752 -5852 -3816 -110 -1091
-21112 2780 -7724 1529 3064 -460
-12796 10776 -9572 1151 -3054 1012
-10108 9400 -4296 -416 -3371 1438
-13124 6108 -6008 -2323 344 2281
-12308 5288 -5240 -1781 -1179 2781
-10508 6440 -3100 -2146 -1622 2915
-10772 5520 -2540 -1627 -459 2610
-12840 5508 -1288 -680 -515 1056
-14720 5568 -1840 887 -2141 499
-16944 5372 -1928 2723 -4842 1309
-15692 6512 1344 4430 -8100 1641
-17792 7680 472 6475 -6032 -1131
-21780 14240 -2368 82 4194 7025
-11220 10504 -5292 487 -594 -4066
-11944 8244 -6580 2325 5690 -249
-10388 4724 -3820 4159 3639 -2412
-10364 5600 -4356 4071 4728 -3611
-10556 5760 -4580 3519 3348 -3146
-11064 4424 -5600 2030 2024 -1686
-12924 5576 -6152 1653 2210 -1033
-14848 5412 -5056 -791 479 -939
-14180 5544 -2836 -1647 596 -2320
-18324 5416 -5548 -2490 4888 -1730
-19492 4628 -3892 -3628 538 -781
-19904 5792 -6452 1425 2876 -1969
-13184 8456 -10016 1467 -2458 645
-9496 6952 -5684 -323 -3723 1617
-10936 7268 -5864 -1813 -328 551
-11688 5996 -6076 -1914 947 1922
-10304 6360 -5296 -1567 96 2635
-11488 6352 -4376 -502 -295 2131
-11612 5592 -1664 -354 -879 -623
-14032 6068 -2068 349 -583 -993
-16912 6312 -2256 302 -2580 441
-15808 5316 -1504 1680 -5132 1884
-16720 5772 652 4152 -3863 3235
-20720 14168 -2148 1857 -6157 5867
-13508 13412 -4336 603 -326 1022
-13988 10572 -6988 -279 6244 7
-11064 5380 -6356 1547 3808 175
-10588 7344 -4680 4271 3455 -2340
-11156 5924 -4764 2377 2148 -3353
-8888 4616 -4992 2168 1854 -2790
-10964 4468 -5384 2330 949 -2761
-13288 6124 -6056 706 1004 -2230
-13688 5804 -4904 -234 -688 -2151
-13976 4680 -3988 -1402 1683 -3443
-18280 6456 -4392 -2868 2440 -2093
-20788 4052 -9424 -3674 -1450 -1559
-22844 6312 -9148 2304 2170 -1801
-9996 10552 -10300 808 -3997 1994
-10752 8756 -4920 -1565 -2362 1357
-12420 6660 -6464 -3191 -1105 1493
-11504 5268 -5908 -2426 -904 2692
-9856 6616 -3924 -2543 -639 2910
-10928 6304 -2944 -1237 -441 3019
-11596 5116 -2580 -359 443 864
-13512 6308 -2076 769 -478 704
-16312 6132 -2060 650 -2874 944
-16536 7316 -704 1006 -5594 1600
-16568 9196 3328 3068 -5431 -175
-16112 18180 348 -1930 -8107 4422
-15160 9668 -4572 169 -1034 -2424
-11960 9504 -7924 2302 7355 966
-12164 6408 -5028 2117 3443 -1679
-9744 6232 -3948 2717 3603 -4198
-10812 4812 -4932 2322 4075 -4875
-10020 4584 -4848 2176 1844 -2849
-12552 4628 -6080 2184 2520 -1464
-13440 6168 -5472 441 -138 -779
-13820 4376 -4096 -765 -2088 -1162
-15480 5004 -3244 -319 299 -954
-20368 6612 -4248 -3641 2363 -427
-21604 4840 -10260 2018 -1653 1207
-21900 9920 -11976 3442 1465 -2009
-8888 9764 -7968 1096 -4058 2841
-11432 8572 -5236 0 -2625 2266
-12380 5908 -6488 -975 -2016 2432
-9088 5836 -4328 -1001 -2575 2949
-8360 6636 -3544 -1274 -284 3165
-11604 6936 -2948 -351 585 2276
-12128 6292 -2056 -688 988 870
-14072 6536 -3432 -393 440 1227
-16016 7328 -420 813 -4568 977
-15748 5360 1356 2433 -8005 -165
-21872 21764 -12256 140 -7324 3116
-16192 14540 -3556 -2881 2070 2715
-13576 9948 -8132 951 8357 -232
-10876 7392 -6652 1811 4863 -798
-9944 6784 -4924 3281 2845 -3089
-10868 5256 -4200 3158 2957 -4538
-8232 4900 -5704 3722 3055 -3125
-11512 5704 -5780 3455 446 -1055
-12908 6084 -5852 1556 -886 -885
-11956 6032 -4568 49 -1108 -601
-13868 5908 -4328 -889 165 -1791
-14440 3988 -3816 -2549 3368 -3124
-18788 5980 -4692 -4282 3747 -2025
-20600 5220 -9396 2625 -868 3391
-23700 11460 -9984 2796 1685 -2424
-12132 11572 -9292 -1572 -3589 2173
-10300 11008 -4156 -2362 -2416 996
-12168 5732 -7264 -3110 2120 2410
-11556 5512 -5136 -2209 -894 1283
-8656 5980 -4208 -1981 -2221 1513
-8832 6196 -2912 -1414 -1241 2468
-10724 6124 -2316 -523 -1974 121
-12644 6216 -2260 825 -266 -435
-14932 7220 -1496 -421 -1750 -607
-15512 5604 340 894 -6916 81
-17468 4744 3124 5931 -7433 -954
-20888 13676 1392 2183 -2385 6516
-14324 13952 -1356 1835 -8760 -1316
-13836 11784 -5580 1937 6261 -287
-9576 5784 -5304 2991 3430 -1353
-11220 7400 -3996 2640 4770 -2808
-12132 5500 -4000 2371 3819 -3648
-9896 4276 -4732 2575 3722 -3357
-10608 4576 -5584 2671 3018 -2467
-12372 5404 -4920 1445 1136 -1883
-13136 4952 -4600 633 188 -2020
-14868 4712 -3112 -88 231 -2707
-16012 5188 -4232 -2224 3747 -2796
-20752 4576 -5004 -4686 797 -703
-20408 4984 -8940 3104 -5094 3103
-21476 7592 -9796 3596 2377 -1399
-8548 8508 -8372 1178 -4525 3235
-10552 10424 -4740 865 -3504 1179
-11664 5988 -6820 -1163 992 3363
-12100 6224 -4648 -820 364 3880
-10304 7524 -3856 -1317 -254 3412
-12884 6692 -2276 -2051 -311 3214
-12928 5412 -2152 -425 523 2284
-12716 7824 -1392 524 -2788 2041
-16648 5344 -804 2873 -6261 1979
-15420 8580 1992 3903 -6034 1135
-17768 19532 -3112 -752 -10325 3719
-17084 10596 -3396 -1007 -1880 760
-12628 10576 -8312 1364 6513 437
-12252 8388 -7800 2387 2874 -623
-11112 6996 -5884 3733 3073 -2987
-10860 6184 -4396 3333 4176 -3745
-9716 3996 -5508 3723 3113 -4137
-11144 4416 -6268 4844 3460 -2808
-13268 6800 -5876 2618 1518 -2721
-11996 6160 -4996 488 780 -2919
-13624 5648 -4372 -2531 1510 -2511
-15920 5416 -5756 -4637 2666 -1714
-20408 2756 -5012 -5998 1019 -1029
-20148 5896 -12280 628 -3025 2305
-20740 10032 -12384 2440 2366 -1508
-8236 12964 -7772 -2351 -4331 1364
-10596 8008 -4384 -2599 1220 1673
-11956 5680 -6172 -4030 2200 2142
-9836 4884 -4748 -2497 -1142 2032
-11620 6740 -3100 -2562 -1420 2030
-13208 5176 -2924 -578 -2940 906
-12808 5808 -1864 1746 -2679 623
-14632 6704 -968 1699 -3720 385
-14132 7584 -148 1649 -6458 297
-16884 5720 860 2846 -2865 2020
-22104 21500 -5736 -1314 -9469 7338
-16444 10288 -3728 -132 147 186
-13412 12144 -6420 1631 7947 1495
-10664 7240 -6512 2470 2904 -1249
-10960 7204 -4556 3831 2571 -2432
-11140 6224 -4096 3447 3995 -3506
-8716 5220 -5480 3418 4790 -3763
-11520 5092 -5976 3006 4736 -3580
-13196 6208 -5600 711 2771 -2919
-13712 5164 -4948 -387 839 -2784
-15740 4728 -5292 -745 1144 -2231
-19140 6284 -5564 -2276 -260 -1946
-19408 4736 -5980 -3566 -2029 -519
-20548 3800 -9488 1909 2239 -1286
-9240 11676 -9336 1131 -3746 2048
-10296 7616 -5148 -1254 -3147 2686
-11600 6360 -5740 -2417 213 1908
-11128 5756 -5352 -1989 -500 2778
-10036 6396 -4232 -2304 -274 2607
-12388 6872 -2752 -2024 -627 2137
-12932 5136 -2860 -1156 -646 734
-14324 6888 -2436 -224 -2373 1423
-15784 6600 296 1190 -8050 -60
-14480 5004 2096 4836 -6279 -229
-23256 13740 2856 182 -659 6220
-13448 11124 -1544 111 -3514 -720
-13476 10512 -5316 402 6413 -447
-10100 5580 -5904 2194 2036 -1714
-11408 6968 -4776 3883 3616 -3755
-11248 7204 -3712 3070 3791 -4372
-9676 4500 -5268 2692 3393 -3563
-11212 4656 -5684 3219 3176 -2375
-12616 5092 -5968 2076 2215 -1023
-15536 5976 -5888 807 -501 -1009
-14048 4256 -5016 -1280 627 -1902
-17168 6016 -2260 -2783 2405 -800
-22208 1792 -5092 -3217 1553 -553
-19556 6620 -4252 2006 1400 1213
-14140 11248 -8316 1720 -2870 -32
-9976 6012 -5920 -1281 -4062 2928
-12576 6628 -4632 -470 -1560 2107
-11292 6736 -4768 -1456 1501 3149
-10288 6568 -3968 -1349 392 2224
-12124 6176 -3484 91 -702 2111
-12388 6592 -2160 467 -1692 774
-12184 5972 -2556 1307 -129 637
-16116 8028 -2524 554 -1597 1621
-16124 6988 940 1702 -6730 1056
-18692 6948 -64 4197 -2743 1513
-20004 13800 -1972 -611 1534 6199
-11744 8980 -6300 1642 -1148 -2230
-11760 11472 -7456 1509 6678 -814
-9816 6844 -5360 1791 2470 -3058
-10712 5388 -4320 2274 3662 -4609
-10596 5260 -5160 2675 4438 -4797
-10320 4608 -5792 2836 3279 -3089
-12264 6112 -7236 1849 1895 -2268
-11756 6444 -5572 660 695 -1940
-14160 4044 -5748 -163 -195 -1157
-15728 4932 -4728 33 1978 -972
-19264 6780 -4672 -2872 1794 -702
-20020 4500 -8364 -2762 251 -912
-22312 5908 -8008 592 4897 -1690
-10208 9916 -9604 878 -3007 2067
-10484 7228 -5212 -684 -1546 240
-12736 6032 -7332 -1907 -410 1305
-10756 6136 -5496 -2489 -1710 2611
-9760 6996 -4688 -2338 -1475 2598
-10944 6532 -3860 -1982 -1205 2163
-12340 4716 -1744 -888 -1328 898
-13964 5744 -3216 1382 -1328 1346
-16140 7484 -2616 735 -6365 1504
-12964 4920 2336 3370 -7457 496
-19340 15188 -12532 3690 -1779 1539
-17404 17452 -5176 -2296 1480 4052
-14168 10340 -7784 551 5306 -2523
-11060 7964 -8436 1925 5006 -1032
-10016 6224 -5276 3692 3856 -2706
-10772 4676 -4980 4396 3193 -3356
-9828 5028 -5700 3527 2380 -3069
-10420 4428 -6284 2530 1058 -1206
-12448 5768 -6816 1592 165 -493
-13344 5556 -6196 173 -1465 -1648
-14260 4740 -3672 -606 -1239 -2171
-16044 4936 -4380 -2072 2992 -2429
-20964 6200 -5380 -4858 1357 -1514
-20000 5176 -8888 1349 -1333 3367
-19212 9820 -11536 2056 195 -771
-7348 7660 -7936 -175 -4600 3015
-10280 8668 -5012 -153 -298 845
-12648 6712 -6968 -2282 467 2219
-10712 5660 -4344 -2535 -1092 2327
-10328 5004 -4488 -1252 687 2520
-12936 5744 -3020 -730 -2006 1667
-12588 5044 -2040 1087 -2003 41
-15568 6196 -2880 500 -3908 730
-15060 7132 -1080 1787 -7917 882
-17464 5680 1552 4541 -3301 897
-20980 22276 -588 -1845 -13019 6117
-14004 11208 -4156 137 -881 -1779
-12540 10928 -8300 1151 7932 1089
-11184 6072 -5116 2159 2746 -675
-9964 6400 -3700 3529 3336 -3705
-12012 5360 -4196 3415 3535 -4931
-10648 5040 -5328 2448 1260 -3880
-12292 3792 -6192 3302 968 -2013
-12060 5472 -5020 2868 -882 -1225
-13668 5184 -2488 731 -2205 -1568
-14456 5392 -4296 -366 1362 -2361
-17880 5992 -4736 -3394 3421 -1635
-21724 2260 -6848 -3532 1630 -942
-25424 8524 -9820 2175 970 -1672
-10860 8584 -9268 1978 -5051 298
-9668 6840 -4532 1129 -3904 436
-9508 7244 -5756 -1049 483 2461
-11964 5944 -5424 -2140 -2209 2940
-8676 6136 -3044 -2312 -498 3021
-10556 5540 -2424 -2165 2037 4062
-12576 6088 -2008 -1781 1397 2306
-13224 6776 -2112 -1136 -2307 1274
-16920 5588 -136 1525 -6547 240
-16564 5500 924 3808 -7305 918
-20120 22676 -3956 -1232 -9210 5376
-15516 11280 -2424 -2192 -437 1983
-13652 10944 -7808 1626 7023 465
-13068 8528 -6872 2907 2621 -341
-10884 6348 -5260 4206 2274 -2684
-11788 6652 -4540 2835 2585 -2983
-11072 5144 -6172 2200 3021 -3138
-10092 4532 -6432 3022 2247 -2302
-11740 5492 -5788 2190 1626 -1111
-12056 6132 -5500 557 607 -772
-13260 6008 -2988 -34 1603 -1236
-14772 5476 -3684 -1754 1693 -1745
-16864 5728 -4672 -3562 4058 -2332
-21292 5100 -4940 -5177 2967 -1104
-20108 3720 -5944 756 2480 -489
-17808 11380 -12248 2269 -1281 235
-8616 9408 -5972 -511 -2492 2036
-11012 7704 -4376 -2354 -234 409
-12812 5748 -6624 -2204 832 2687
-9800 5792 -4112 -1627 -1194 2184
-9720 6420 -3304 -1587 -1543 1929
-11392 6364 -2452 -1290 -1897 755
-11808 5484 -2084 -450 -838 -400
-13464 6112 -2876 11 -1265 -814
-15936 7624 -1652 886 -5877 -223
-17148 5468 272 2774 -4720 1075
-19780 20040 -15864 -937 -5921 4391
-16512 10148 -2456 -915 1353 3459
-13288 11620 -6560 1229 457 531
-11744 10624 -6428 1760 2840 68
-9188 6660 -4320 2730 2650 -1172
-11740 6436 -3196 2914 5070 -1963
-10408 5676 -4940 3056 4321 -3233
-10588 5284 -5400 2709 3052 -2461
-12444 6284 -4344 1636 664 -2317
-13524 5256 -3996 -271 -1810 -2202
-13616 5052 -3228 671 551 -2655
-14304 5668 -3988 -905 3104 -5309
-19036 7636 -5684 -3167 5531 -3565
-20036 2860 -5392 -3903 1837 -943
-25016 7312 -8580 2615 4935 -2027
-9368 9368 -9600 583 -4981 3299
-10636 7012 -6912 524 -3401 1873
-11428 6952 -7020 -1002 -185 2221
-10608 6420 -5372 -2455 -687 2772
-9672 5744 -4944 -2810 -1513 1024
-12100 5036 -3436 -191 -1505 1736
-12760 3688 -4532 1650 -1367 232
-13484 7180 -3452 1576 -2687 958
-15944 8628 -944 163 -9886 952
-15224 4472 1040 1378 -11398 316
-20340 12528 -13812 3018 -4220 3491
-20524 16320 -336 902 1648 5654
-13640 12032 -5120 693 229 -2186
-12532 9228 -7436 1562 5505 -746
-9804 6408 -5588 3118 6090 -2380
-10944 7476 -4140 2213 4153 -3572
-9924 5248 -4548 1931 2986 -3849
-9636 3136 -5904 2559 3614 -2497
-12100 5008 -5556 3047 2552 -1161
-12956 5656 -5720 1397 -51 -743
-13304 5972 -3924 379 -188 -1079
-14928 4428 -4616 -1397 2986 -2404
-18280 7116 -4476 -3986 2905 -860
-21616 5620 -9092 -4204 397 -506
-22784 6944 -7460 2063 1687 -1334
-9740 9928 -9432 1707 -3915 2047
-11064 7696 -5324 846 -1606 2048
-11596 7020 -6884 -1207 -1179 1599
-10724 5972 -5240 -1056 -2135 2191
-8592 6124 -3096 -2251 -1878 1353
-11696 5268 -3632 -1024 -1025 1653
-12232 4968 -2800 -1297 -1409 551
-13620 8020 -2708 -70 -2654 1045
-15388 8192 -340 942 -7627 -911
-16700 6208 2124 3545 -5053 -660
-19612 21372 -22700 2693 -3055 3063
-19780 13760 -2916 586 -725 2063
-10216 5096 -7660 4269 3141 -2159
-12540 11016 -6276 3108 3109 -446
-10704 8232 -3664 1006 2225 -2809
-10628 4920 -4580 1308 6182 -4461
-11004 4404 -6076 1590 4471 -3744
-10868 4288 -5580 1468 3769 -1917
-13080 5996 -5560 225 1634 -403
-13180 4352 -3840 -474 1809 -393
-14784 5700 -4036 -1134 3062 -828
-16740 5560 -4248 -3091 4795 -2338
-20712 5044 -4020 -4340 3981 -1452
-19708 4500 -7416 848 2265 5457
-16196 12100 -12028 3685 450 -2972
-9116 8420 -7252 -93 -3087 3715
-11192 7668 -5688 -2010 -1122 1528
-12140 6080 -7636 -1652 -387 3190
-8836 5772 -4668 -1304 -1848 2028
-10372 6308 -3284 -1395 -2988 2190
-11444 5076 -3244 32 -2179 44
-12704 5944 -3700 960 -1591 -257
-15540 6964 -3404 356 -4902 1324
-15144 6968 -12 2261 -10517 627
-17736 5168 -24 5029 -5152 1302
-18164 17944 3732 -1698 -11697 8610
-14156 11276 -5692 2032 -308 -963
-12380 12780 -7288 2696 9469 953
-10772 6196 -5236 2958 3146 -946
-9912 5992 -4776 4862 4504 -2704
-10528 6896 -4180 4233 3901 -4408
-9116 5424 -5408 2503 3903 -3577
-11592 4976 -6692 1913 3724 -2452
-12744 6600 -5932 688 765 -2180
-12748 4796 -4208 399 540 -1783
-14624 4820 -3876 -769 1479 -1804
-16472 6484 -5876 -2698 3187 -2100
-19552 6052 -6772 -4161 1284 -1485
-24064 7500 -8612 1630 3712 -4246
-13816 10520 -12000 -41 -3459 2372
-8640 8692 -5944 -647 -2963 820
-10640 7140 -6696 -3162 945 1750
-11456 6228 -6424 -3488 -113 2223
-8144 5208 -4152 -3036 -1950 881
-9956 5700 -3624 -1785 -599 2248
-12340 6036 -2552 -57 -2391 417
-12964 5572 -2896 1930 -1674 -785
-15668 6796 -2780 2548 -4416 14
-16320 7344 -180 3522 -8375 42
-17968 5956 1380 6394 -5969 -174
-21800 24852 -8940 -193 -13136 6120
-15816 8772 -4672 1867 361 1380
-11012 10912 -8760 3386 2473 1263
-11532 10052 -9056 2530 2937 -242
-10312 7200 -6068 3425 3243 -2304
-10964 7788 -5600 3007 5262 -2722
-10972 5432 -5996 2275 2931 -2476
-10852 4928 -5924 2971 4194 -2447
-12596 6584 -6384 960 3128 -2394
-11588 6056 -6180 -499 2428 -2065
-13904 6244 -3580 -2708 1346 -2443
-16100 3812 -4184 -5457 1358 -3197
-16844 3872 -6060 -5784 -173 -3357
-18552 5240 -7792 412 -747 -344
-18552 14276 -10484 1559 -1516 -1139
-11344 8104 -9992 -4654 -2603 857
-8836 8840 -6040 -3728 -2296 1062
-12736 7080 -6964 -2932 -1248 2100
-10532 7400 -5524 -848 369 1457
-11560 7736 -4496 -885 -3143 1965
-12196 8352 -5012 123 -3558 1494
-11924 7620 -3248 1140 -3709 98
-12208 7732 -4184 1791 -2216 55
-12708 7572 -4000 2605 -2011 217
-11196 8164 -3672 3302 -1384 -2372
-12976 8584 -5756 2496 177 -2156
-15752 9836 -5684 1591 994 -774
-14772 6888 -4484 -413 528 -884
-13392 5328 -4212 1045 112 -762
-13596 6504 -5424 1115 542 -118
-14088 6768 -5256 930 108 180
-13836 6520 -5036 783 -373 -190
-14068 6468 -4876 859 139 -153
-14296 7232 -5496 823 -448 281
-13544 7280 -4696 818 -1111 341
-13676 6736 -4364 830 -477 331
-14072 6468 -3884 486 405 679
-14124 6612 -3688 358 779 35
-14232 6728 -4000 239 603 116
-14320 6212 -3824 390 599 15
-14480 6304 -3680 697 122 -158
-14304 6368 -3824 917 -402 -177
-14228 6248 -4040 1325 -619 -309
-14000 6580 -3984 1626 -658 -246
-13936 6544 -4060 1633 -330 -234
-13936 6744 -4232 1348 -181 -118
-14008 6704 -4276 1017 -1 -95
-14168 6616 -4116 560 284 -15
-14424 6420 -4204 309 98 -47
-14328 6032 -4128 280 131 -83
-14372 6156 -4064 449 -84 -6
-14220 6200 -4044 566 -300 103
-14284 6268 -4052 784 -178 125
-14200 6436 -3964 690 -299 59
-14152 6280 -3948 808 -401 26
-14040 6420 -3980 1108 -91 136
-14092 6668 -4140 1109 54 257
-13988 6912 -4256 577 -32 -34
-14276 6604 -4128 445 -70 -162
-14188 6300 -4024 384 142 -263
-14032 6588 -4272 349 186 -224
-14068 6912 -4260 -92 39 -251
-14176 7128 -4476 -700 -60 -513
-14240 6012 -4284 -576 -916 -317
-14168 6092 -4052 108 -613 -351
-14360 5848 -3796 972 -345 -112
-14272 5976 -3440 1435 -278 42
-14212 6400 -3572 1546 -567 27
-14088 6760 -3640 1533 -625 45
-14272 6460 -4068 1360 -460 -8
-13592 6184 -3620 1449 -854 40
-15376 6344 -3616 1484 -359 7
-14336 6176 -3988 1285 -84 15
-14316 6316 -3716 1000 -31 -234
-14244 6216 -3968 808 170 -375
-14312 6164 -4004 629 541 -249
-14096 6184 -4036 538 402 -327
-14220 6212 -3964 322 362 -180
-14088 6076 -4168 349 523 -65
-14268 6172 -4172 526 256 163
-13892 6296 -4500 439 18 322
-14452 6560 -4120 259 143 449
-14064 6148 -4336 99 -23 379
-14328 6128 -4332 376 -255 620
-14136 6168 -4056 596 -208 520
