-14604 5420 -4260 667 529 105
-14588 5472 -4600 869 124 120
-14340 5844 -4372 1027 71 -54
-14272 5660 -4404 1439 395 -44
-14888 5676 -4936 1757 -445 243
-14740 5752 -4856 2408 -837 690
-14044 6124 -5336 1805 -354 199
-14160 5888 -5616 738 -678 43
-14304 5680 -5376 416 -584 -160
-14168 5244 -4896 913 -500 -36
-14400 5744 -4800 1307 -969 301
-13924 6584 -5220 1021 -316 997
-13932 7336 -4500 63 -102 1229
-15112 5708 -3712 637 -551 618
-13996 6056 -3832 1415 -698 286
-12592 4316 -3796 2674 -703 -834
-15544 7036 -6208 2993 202 -804
-15764 7580 -4544 1238 -763 506
-13124 4468 -4184 2673 -710 53
-14428 6212 -4872 3367 -197 834
-13920 6516 -4904 2289 -422 325
-13664 5980 -5280 2162 1340 411
-13672 6392 -5860 1439 1855 386
-15452 5020 -5116 1292 738 791
-15060 6116 -5432 2046 -1198 364
-14116 5964 -4868 1244 -1978 -69
-14184 6520 -5204 689 -1433 -378
-13596 5812 -5036 566 -659 -194
-14268 6320 -5156 923 -285 89
-14056 6100 -5032 666 -101 41
-13968 6200 -5360 644 85 218
-14196 6364 -5140 448 14 213
-13996 6084 -5180 172 114 133
-14124 6248 -4972 146 233 174
-14088 6240 -4912 104 155 167
-13768 5916 -5092 332 911 -19
-13896 5820 -5516 196 1357 222
-14620 6100 -5332 205 1095 651
-14256 5748 -5204 487 534 553
-14336 6020 -4964 705 337 817
-14200 5832 -4964 1016 661 999
-14040 6172 -6224 1548 3243 1615
-12748 8356 -6908 -1294 2818 2097
-12256 6888 -3924 -2464 2123 358
-17416 3928 -5396 231 3020 1189
-12436 5508 -5660 1979 199 1678
-13012 5276 -3096 3171 -3888 750
-13912 4860 -2696 3893 -4770 -559
-13284 4656 -1960 4633 -3872 -2590
-12760 3748 -2744 5929 -3453 -3800
-13236 3820 -2976 6916 -2148 -3882
-15276 5420 -3224 6181 -1390 -1707
-16352 7904 -5188 3690 -2493 -62
-19388 13600 -6900 -4689 -3162 7746
-15596 1776 -4092 -709 -5936 2962
-14608 9576 -7804 2045 2983 -627
-12060 6572 -6108 186 946 -74
-12532 5708 -6048 902 5972 -1758
-13704 6592 -6776 66 4677 -3317
-11940 4376 -6888 -1255 6468 -2131
-13672 4532 -7800 -800 6211 -95
-14040 5420 -6168 -1406 2901 1381
-13320 2932 -5776 -2710 1537 2206
-16252 3196 -4240 -1336 -2410 2716
-14884 3324 -4984 651 -2820 827
-15000 4152 -2744 619 -4149 -826
-16824 4324 -7016 -818 -4750 -1093
-18708 11580 -12268 2097 -3842 -1521
-9844 11000 -4136 -72 -4053 -3372
-15564 3080 -5544 12 -971 2003
-14256 7768 -4504 142 -2271 723
-10708 4520 -3372 1736 -2303 -51
-11164 6024 -2232 1770 -2043 -579
-11232 4240 -516 2250 -1264 -2367
-12112 2360 -280 6537 -2436 -3797
-15144 4748 -3604 7496 401 -3004
-15168 6944 1172 3478 -447 -296
-27104 15100 -13948 -2678 -1587 8563
-15036 8136 -9084 -4348 -6176 1485
-18428 9964 -8596 3474 247 1626
-14764 7840 -6072 -377 1412 -1246
-9720 6112 -4652 -1318 3434 -1662
-12596 5264 -6860 -1864 4536 -42
-12524 4836 -4996 -2557 3943 -834
-13604 3692 -4884 -2236 2721 839
-14036 4288 -3960 -2397 259 1519
-12132 3648 -3396 -2719 818 2517
-14620 5236 -3160 -3253 -786 2460
-14808 3516 -3548 -2809 -222 -86
-14764 5552 -2460 -4436 1045 -2529
-19540 7192 -8156 213 -2714 -2910
-16844 12324 -5584 2593 1860 -4547
-15416 6452 -4076 -394 -675 -44
-12968 5492 -5028 504 417 1847
-10412 4164 -3096 2281 -230 2162
-11152 6100 -1920 3429 -711 612
-11372 5756 -1752 2536 674 -1523
-10484 3404 -1476 3568 1790 -3956
-13524 2940 -2636 5903 1610 -4481
-16456 5380 -4552 5466 -356 -1695
-15420 7272 1308 3774 -3407 564
-25104 13888 -14228 -601 -3170 8125
-17552 9956 -4820 -1594 -4708 1322
-18016 6628 -9868 4907 3907 -2002
-14420 8128 -6176 -440 994 1019
-10816 4572 -6680 -1626 2240 -914
-12148 5172 -5752 -2055 307 431
-12540 3708 -5816 -2174 1086 -186
-13268 4512 -5460 -2272 -38 614
-13360 4656 -4544 -3061 -1422 1429
-10600 3800 -3876 -3864 -1152 852
-13408 5040 -2520 -5116 -2333 1942
-14272 2804 -2272 -4619 1038 604
-18112 3832 728 -4450 3360 -1553
-17480 11312 -7300 -914 -4780 -2797
-18476 10380 -10052 1878 4934 -5515
-20440 10692 -4200 -1476 -1696 -365
-14232 4776 -4640 -1167 -2935 394
-7752 3208 -4712 1181 -98 948
-10176 6776 -1056 2710 864 1671
-11992 5148 -1824 2157 -257 -1607
-11412 3636 -1244 3252 1132 -1819
-11844 1728 -2608 5918 3265 -2165
-13932 6716 -2912 5279 -1487 526
-13580 2760 444 7091 -3544 306
-19704 9388 -13784 3885 -3487 376
-16388 16752 -9456 -2986 -7712 6908
-18696 2460 -8792 2225 -1353 -2903
-16408 10372 -4896 -247 884 -8
-13252 5588 -4428 -1453 2800 -1843
-11220 6060 -4396 -893 1931 -647
-11208 3504 -5564 -1898 2914 -311
-12584 4100 -5024 -1824 2781 249
-13008 4308 -3208 -2581 1258 635
-12880 3532 -2256 -3108 1061 1687
-14552 3736 -2456 -4167 506 3265
-14412 4164 -2124 -3780 248 781
-16592 4212 -1176 -4157 1383 -1212
-18428 8228 -6308 -1805 -3497 -3205
-17328 10408 -7672 1918 312 -4864
-16312 7704 -2912 -1448 -324 -743
-15276 6500 -4672 495 -1018 1079
-9092 5628 -4372 1428 -447 1587
-10948 6880 -1556 3021 -90 2329
-12744 4728 -2040 3617 -216 591
-12852 5260 -1472 3535 448 -423
-11660 4320 -620 3977 -836 -2312
-11944 3296 -1244 5080 -117 -2995
-13276 5348 -1872 3562 -3 -1505
-14912 3884 436 3371 -3168 -622
-12452 4240 -552 5457 -4065 -1157
-14376 16636 -3200 -3284 -5398 8797
-18884 2324 -6576 2067 214 -2076
-16936 9676 -5344 1112 4583 -553
-13720 6200 -4420 -1021 3198 -2532
-9868 5152 -4184 -754 3867 -338
-11816 5340 -5136 -1880 4303 -33
-12816 3700 -4104 -2354 3139 105
-13976 4000 -2716 -2866 1923 1377
-12008 3312 -3080 -3724 1274 2606
-14252 5044 -1120 -4848 -405 2618
-12768 3324 -3388 -3464 2329 981
-16228 5688 -1820 -4803 3016 -1964
-16932 8668 -7304 -3879 1873 -4341
-14536 13360 -3272 -3222 3238 -6152
-20616 5668 -5368 -4941 1532 962
-16408 6536 -4352 -3938 3453 448
-10176 6236 -3156 -2318 441 673
-10636 5472 -2284 -2586 767 -41
-11176 4928 -1528 -2163 1750 -1066
-11572 4932 -868 -1231 1701 -2020
-11492 3228 -192 457 833 -4436
-13100 5008 -1928 1974 1476 -3184
-15036 5168 976 610 77 -606
-18848 5500 -14356 -1427 -946 3286
-15612 15928 -5832 -4271 -6909 4883
-18064 2528 -7460 1707 725 -2595
-15036 9748 -7016 -442 1081 1202
-13612 7268 -5384 -2334 2270 -1187
-12160 5272 -5496 -2113 3817 -36
-12944 5212 -5312 -2517 3670 -205
-12552 4856 -4964 -3337 3675 -490
-12820 5224 -4096 -5063 3600 49
-11472 4220 -3156 -5661 2572 818
-13428 4308 -2808 -5589 1267 2206
-14476 3900 -2904 -5038 992 1072
-13944 4964 -2408 -4911 -700 987
-12308 3824 -1976 -8642 391 -2655
-17320 5504 -7156 -3935 1151 -4593
-20880 14368 -3924 -2417 2304 -4581
-20304 6460 -4928 -4922 -698 -740
-14316 5368 -4212 -2009 862 1381
-9900 4836 -3856 77 986 2708
-11316 7004 -2844 662 1047 1988
-11704 5608 -2648 663 751 968
-12656 5144 -1588 704 1611 -367
-12016 4520 -1036 939 493 -2095
-12092 3880 -1132 1583 1239 -2605
-13200 4584 -2400 1877 1638 -1712
-16304 4116 616 3068 -2139 -1421
-23752 13676 -10688 -3427 -7537 4712
-14292 11028 -2068 -4999 -6463 1523
-18812 5208 -9476 1127 1941 -402
-14076 9688 -4960 -999 1465 1210
-13244 6744 -4660 -2122 2946 -2626
-11120 5964 -5256 -1595 4089 -483
-12468 4932 -5188 -2606 3196 -288
-12812 3864 -5068 -3095 3186 439
-12536 4596 -3568 -3376 1682 1519
-13632 4416 -2356 -4284 976 3373
-13132 3788 -2692 -4371 -744 2709
-12956 3884 -2248 -2761 1790 456
-15464 6376 -4476 -4650 -191 -604
-18452 4296 -6908 -42 1388 -5698
-17436 15968 -2924 -671 1090 -3041
-19752 8784 -4680 -4436 -957 19
-13568 5296 -2380 -3102 532 676
-9024 3972 -3608 290 1033 2037
-11748 6728 -2236 1580 1940 1959
-11768 6116 -2164 1375 635 148
-12008 4380 -1300 2031 1332 -527
-12048 4060 -1392 3090 1557 -2442
-12832 3956 -1136 3213 -621 -3174
-13636 4636 128 3259 -901 -2112
-16148 3216 1488 4396 -3845 -2824
-19856 17764 -3288 -5442 -3594 9784
-18140 -1512 -4496 -615 -5975 -4019
-15652 11260 -6928 606 2905 2018
-15176 6732 -4872 -1483 2241 -1387
-11516 5976 -4412 332 3604 -996
-11332 4540 -4928 -607 3075 -311
-11424 4284 -4756 -1042 2162 699
-12928 3628 -4192 -2102 1480 1788
-11216 3980 -2300 -2461 -77 2070
-14132 3868 -2004 -3047 -2132 3923
-12492 2612 -2084 -466 -443 897
-15568 5960 -252 -2726 1954 -1606
-14848 9144 -3908 -1098 -5874 -3798
-24152 10908 -7088 5087 5566 -4496
-17524 12028 -3768 -1481 -1500 -368
-14348 8300 -2952 -1796 -2151 1074
-10872 4852 -3928 -27 1723 1065
-10392 6344 -3168 2299 2398 1962
-10740 7056 -1896 1172 82 332
-12144 4380 -1856 2035 897 -560
-12220 3972 -1416 2694 611 -1527
-12144 4648 336 3233 -553 -3009
-14584 3888 -428 4364 -1064 -2358
-16708 2692 -232 5846 -2877 -1414
-18940 7568 -7348 6074 -4324 -1082
-13972 17076 -5628 -4393 -3851 3081
-17452 -384 -8684 -377 -1384 -1446
-15520 11656 -5316 -725 3361 2413
-14516 6676 -5792 -1504 2319 -535
-11268 5860 -5324 -666 3433 -394
-11724 4696 -4788 -1929 3601 -856
-12876 3872 -4652 -2692 3021 1380
-11700 4884 -2820 -3244 618 2352
-14320 3480 -2228 -4163 -1747 3747
-11552 3628 -1320 -2613 -851 1677
-14812 3608 -1004 -2170 1253 -100
-12664 3640 -1220 -4136 2815 -1644
-19036 7656 -4496 543 -1650 -3053
-23464 14032 -4568 1452 2808 -4681
-17288 8160 -2736 -1585 -1246 -1294
-14012 4472 -2780 380 -1861 721
-10392 3612 -3236 2249 732 1307
-11592 7352 -1776 3515 559 1476
-12132 5268 -2024 2908 -1605 662
-11672 5176 -312 2821 1073 -756
-10724 4644 -1112 3262 779 -1893
-12032 3216 -896 4571 -82 -3237
-13840 4084 -1496 5507 365 -3066
-17384 4840 712 5078 -2424 297
-28500 17840 -9036 -317 -8606 8459
-12268 9452 -4400 -1920 -6543 255
-19396 6384 -8588 4877 -527 383
-14832 8940 -4328 142 2217 868
-11636 5600 -4864 439 2491 -2393
-11852 6644 -4804 -58 3750 761
-11840 4940 -4388 -1343 3271 149
-13132 3756 -4232 -1230 3386 1098
-11916 4668 -3672 -1626 1669 1652
-13304 4448 -1744 -2913 -461 3449
-12312 3152 -2136 -2933 -131 3173
-13868 3784 -448 -1889 840 1525
-14008 3500 -1484 -3292 359 -926
-18480 3832 -4612 3366 2362 -4669
-23800 18872 -6180 1765 -179 -3837
-15560 9412 -5060 -2990 -925 -1864
-13780 6568 -4524 -1013 268 1628
-11128 5960 -3860 204 712 377
-10976 6616 -2652 1632 603 836
-11712 5744 -2824 1446 -142 642
-12292 5376 -1860 1712 -374 -807
-11136 3884 -1176 2576 -1251 -2225
-11376 3148 -516 3968 62 -3110
-14880 3364 -2724 5151 -494 -1544
-15860 4564 1784 5192 -1945 -1323
-16288 3092 2176 5191 -6445 -2697
-22100 16536 -6348 -2254 -3785 10405
-19512 204 -5416 2068 -6979 -1370
-14656 11224 -5720 2106 1572 -1662
-16312 7848 -5824 72 3404 -1752
-10980 5672 -4224 204 3407 -512
-12096 4976 -4752 -563 3626 -230
-12364 4380 -4264 -1011 2510 742
-11908 4392 -4020 -1665 2073 1952
-12080 5204 -2524 -4167 1363 2800
-12508 3044 -1984 -4874 942 4610
-13552 5704 -1932 -3955 2725 2692
-16464 3644 -1540 -4051 2099 -74
-13744 8700 -5776 -2928 -1966 -3102
-22336 7692 -10240 1647 2778 -3751
-17116 14404 -2156 -3686 -2232 -2430
-16868 6744 -3756 -2568 -3183 -1791
-12900 4904 -3028 226 -1006 -267
-9968 5280 -3088 3390 261 1357
-11188 7148 -2300 3414 775 988
-10976 6184 -1424 2045 502 -154
-11888 3972 -1464 3678 2019 -713
-11872 3856 -1436 5525 1945 -625
-14616 4080 -84 5883 -828 -1984
-13068 2608 -3112 7353 -1773 -248
-14756 4772 3876 7883 -5706 -923
-26784 19000 -11420 995 -3443 11743
-17180 3180 -944 2014 -10563 -69
-16936 10624 -5136 4393 495 -1823
-14356 9396 -4516 364 1911 -1214
-11140 5736 -4440 -139 4027 -177
-12596 5052 -5016 -205 3184 -247
-11600 4780 -4620 -374 3135 466
-11972 4352 -4012 -756 2420 1392
-12228 4248 -2720 -1910 1583 882
-13072 3032 -876 -2641 -782 2962
-13448 3136 -2144 -1440 50 1638
-13616 5212 -2000 -1267 172 -927
-12132 4036 -4544 -6046 -391 -3110
-20372 4836 -9704 544 1539 -2990
-23420 18212 -2740 2194 -2403 -2209
-16792 7764 -3472 1295 -5020 -1014
-15344 5332 -2664 3567 325 -245
-11092 5836 -3960 4255 -112 849
-11208 5872 -3380 4840 -1390 -316
-10220 5000 -1992 4919 -530 62
-12408 4372 -2172 5936 -148 -836
-11904 4144 -1616 6568 -643 -1784
-13984 4600 -932 6773 -1002 -1688
-15128 4144 -2784 6433 -2552 196
-13164 2492 252 7984 -5322 -1188
-20964 8060 -12320 6110 -7483 4525
-9484 11452 -2700 1911 -12007 1265
-22292 8936 -10356 6714 1805 796
-16524 8660 -5512 834 166 80
-17020 7136 -4380 -140 2111 -1351
-11688 5256 -4420 63 2986 -739
-12344 2600 -4808 255 2721 -1206
-11244 3056 -4564 1010 2480 1122
-11456 3672 -4188 278 579 2346
-14172 3848 -2340 -498 -547 3782
-13524 3452 -1764 -423 -3263 4007
-15160 3468 -260 -610 -779 307
-16308 3232 -2084 -1991 -787 -1204
-12976 8920 -8608 1100 -7766 -1962
-24604 13864 -8768 7938 1645 -2294
-20468 9560 -2700 174 -4288 -1208
-13116 3540 -3612 4892 -4052 -1056
-10176 4668 -3196 7367 -1250 401
-10204 6176 -2796 7617 -980 2008
-11748 6464 -2584 6293 -1062 -1006
-12692 4868 -1148 6435 453 -1615
-13588 3440 -1528 7583 186 -1562
-13212 3800 -1392 8600 -2143 -1874
-12796 5728 -3408 7898 -3303 -788
-12060 3824 696 7219 -4368 -18
-22984 10784 -12612 1952 -7718 6316
-16160 17536 -5844 -2240 -10464 2642
-18828 6968 -7136 3763 122 -1129
-16376 7548 -6636 2515 3189 574
-13096 7792 -3508 2367 3435 -1285
-11056 5008 -4864 1445 4028 -891
-11544 3952 -5616 2232 4373 -880
-13252 4672 -4796 2221 2889 676
-13692 3684 -4196 1561 2964 1267
-14516 4012 -2892 451 1440 2134
-13728 4348 -2836 -1519 -564 2555
-13572 3696 -4896 -170 430 1375
-16840 4596 -2288 823 219 -692
-19488 5104 -6800 2252 -4328 -1397
-19252 9668 -11232 6305 -240 -3004
-10620 12480 -4256 227 -5691 -2106
-17608 4068 -5252 2913 51 1973
-13808 6876 -4944 3563 -5103 969
-10144 6120 -2980 3917 -3099 874
-11828 5668 -3708 4002 -2136 1416
-11300 5008 -2460 3949 -2046 -349
-11760 4788 -1260 4408 -1659 -1476
-11644 4752 -664 4279 -1779 -2960
-14136 5000 -2468 3377 -1501 -2880
-15624 5212 2288 2417 -2068 -1257
-23288 4460 -15304 2823 -3168 3557
-13688 16952 -4924 -3112 -5118 274
-15152 5456 -9596 2491 1652 -771
-15632 6976 -6268 1408 4391 -1135
-13004 6836 -6152 339 2580 -2180
-9860 5000 -5840 -24 3170 -58
-12316 3960 -5976 -351 3882 -234
-13252 4504 -5372 -567 2610 1491
-13616 4408 -3672 -1783 271 1281
-14308 2864 -2700 -2204 -101 1954
-13696 3716 -4436 -1269 50 2693
-15128 5148 -3252 -1499 43 1346
-17128 4324 -2080 -3764 541 -1544
-20052 5604 -7952 -1122 -2325 -81
-17472 8356 -9956 1420 -803 -4829
-10384 10904 -2756 -458 -2625 -2411
-17188 4632 -5568 1099 -2129 1061
-13648 5580 -4412 1750 -2271 717
-10172 5236 -3496 3795 -2104 1827
-11988 6832 -2964 4262 -978 1927
-11152 5652 -2404 3275 -335 498
-11432 4932 -1544 4307 1573 -413
-14456 4548 -244 3868 -495 -2217
-14548 4644 -2256 3093 -2228 -2715
-16176 4864 2644 2949 -1729 -1865
-22904 4244 -13344 -186 -5532 3143
-13200 16604 -2556 -1918 -7951 2371
-16816 6156 -7656 2049 -1946 -656
-15320 8048 -5244 491 1756 -2094
-13208 6792 -5492 -388 2879 -2341
-10344 5940 -5696 -1569 4870 -915
-12604 5276 -5912 -3156 5679 -1444
-12416 2764 -4896 -3163 5541 656
-13312 3880 -3684 -3000 2923 2019
-12592 3480 -3620 -3064 2553 2969
-14324 3624 -2764 -2962 -93 4386
-15740 4436 -2404 -2438 -68 479
-15196 3708 -1840 -2636 795 -3117
-18152 6968 -8092 -448 -2584 -2075
-23332 6820 -10908 2720 -1025 -3651
-7748 11672 -1660 23 -5098 -2322
-16656 3848 -5144 2224 -131 1612
-14040 6988 -4396 2010 -2490 1322
-10600 5484 -3104 3390 -1898 608
-11500 6160 -2412 3928 -1510 1022
-11640 4752 -1228 2840 205 453
-11556 3948 -744 3328 135 -638
-13276 3640 -208 4339 -2286 -1679
-14644 3360 -3764 4667 -3670 -2292
-17300 4140 2968 5340 -3942 -539
-32768 17068 -14216 2928 -2370 10666
-20492 8796 -1156 -2676 -8597 -599
-14820 10512 -6884 3464 2090 -1353
-14164 8408 -6632 -257 3549 -183
-11468 5020 -4728 -1433 2961 -2040
-10592 5452 -5100 -831 5211 -237
-12212 4064 -4488 -1573 4463 57
-13324 3636 -4256 -1304 4983 1267
-13540 5284 -2956 -2646 2266 1115
-14000 3672 -2048 -4145 808 2194
-14160 3096 -3916 -3018 347 2213
-15184 4520 -2164 -2744 487 -101
-17028 2040 -1544 -4991 787 -2436
-18776 9544 -6748 143 -1261 -4383
-15668 12160 -6316 1053 -675 -4107
-18884 5296 -4532 -235 -1150 762
-15152 6616 -3692 1225 -1750 398
-10080 4904 -3504 1467 -2556 662
-11820 4840 -1988 3506 -458 1148
-11316 4936 -2172 3289 -322 -82
-11012 4628 -2120 3052 1237 -697
-12224 4700 -1056 3743 235 -2254
-13520 2508 -680 4982 -2429 -3382
-14616 6176 -2032 5069 -1980 -2201
-14948 3228 2196 3703 -3807 -1938
-30048 19396 -11268 -2354 -1788 11684
-15252 300 228 -1840 -8047 -2143
-17944 9024 -8452 1933 4121 -238
-16172 7600 -6472 329 2841 -860
-11760 6060 -4768 339 3487 -1294
-12348 4656 -5220 -69 4266 -27
-11664 4160 -5176 -507 3870 955
-12896 4416 -3416 -2096 3193 1811
-13804 3600 -2592 -3854 1709 2116
-14316 3316 -1976 -4406 640 3138
-13236 2432 -3404 -3237 -232 2071
-15700 3672 -1304 -1748 800 -1117
-18340 4052 -8184 -894 -2112 -1232
-22432 8804 -8376 1104 -333 -5430
-10748 13384 -2752 -1062 -3732 -4185
-19748 6064 -4800 558 -1656 528
-13832 6492 -3628 633 -2943 360
-9256 4480 -3316 1991 -721 273
-10940 5684 -2300 2265 -359 -53
-11120 5568 -1784 1035 811 -1016
-10768 5728 -640 601 1350 -1350
-12632 3024 -16 1771 1105 -2420
-15144 2484 -772 2871 -1029 -3333
-14224 5564 -368 2412 -1463 -1114
-20192 5536 -8644 -851 -2967 1578
-13588 13708 -4976 -4596 -3524 4037
-17636 748 -7096 1399 840 -877
-16304 9412 -5644 -602 3010 -348
-14708 6716 -4960 -2392 3190 -385
-12376 5128 -5052 -2874 3329 294
-12228 4288 -3936 -3301 3751 -152
-12016 2736 -4472 -2621 3455 1466
-13696 3888 -2268 -2322 2178 1809
-12716 3152 -2644 -1621 2435 3062
-14776 3264 -3152 -1362 332 2917
-13936 3864 -2464 -422 -77 1097
-15316 4200 212 -1773 721 -962
-16812 5492 -5476 1058 -1790 -2025
-22892 9432 -11380 5421 2946 -5501
-12948 12680 -4184 -2278 -808 -1365
-15128 5612 -5912 -777 115 862
-12976 6552 -5896 -244 1288 3007
-10268 6684 -3236 717 908 2188
-12364 6444 -3240 166 738 1776
-11396 5940 -2500 -658 1652 868
-11704 5228 -1324 -1070 2752 -935
-11692 2664 -468 237 549 -2749
-12812 3032 -1440 2353 -1539 -4009
-13608 6344 464 1454 -2062 -3286
-16768 8580 -19376 -2327 -3148 -550
-16236 15576 -11684 -6410 -5349 6083
-17272 6548 -5204 2527 1115 -6950
-19152 9972 -7512 -1640 3509 1975
-14920 6828 -5864 -3241 1929 -506
-12716 7264 -5100 -2729 3465 965
-12308 5288 -5068 -5277 4869 -308
-12524 3440 -4780 -4722 4519 139
-11736 4680 -3396 -6214 3429 1090
-10760 2600 -2912 -6941 2175 1406
-12896 4244 -1968 -5428 1382 2271
-12720 2400 -3208 -4520 2162 769
-15008 5360 -500 -6748 2270 -2875
-13272 13192 -6500 -2175 -7023 -5894
-26464 14524 -9072 -285 7888 -5915
-18860 8368 -5232 -5167 -1424 275
-14768 7280 -3212 -2628 -1001 264
-10196 4132 -4392 -1254 1327 1187
-10416 5752 -3084 163 1757 2290
-11092 5656 -2800 359 -12 250
-11192 3976 -1660 492 1409 -530
-12660 5344 -676 1198 598 -2833
-12508 3780 -940 1878 -1143 -3218
-13420 4364 -2996 2617 -474 -2370
-13628 2236 2276 3929 -3208 -1586
-32768 23624 -11364 -3284 -2727 12247
-18248 2748 -1748 -3235 -5757 -1087
-15228 10668 -8308 1407 2969 -1230
-15240 8548 -5388 -3924 3085 -700
-11592 5176 -4520 -4840 5144 -377
-11864 5000 -5516 -4374 5272 461
-12552 5052 -5148 -5178 4869 539
-13056 4752 -3900 -5902 3072 771
-13296 3528 -4012 -6291 1779 1708
-12484 3344 -2744 -5968 1120 2438
-12012 3000 -2484 -4757 674 2051
-13168 2600 -712 -2638 1013 -445
-14796 6184 -6032 -4230 -1499 -2600
-22728 5684 -7356 -957 3629 -5157
-18036 16328 -4612 -1230 -3323 -2487
-17324 9488 -4400 -3006 -954 -841
-12420 6320 -3548 -2518 193 1995
-9244 5528 -3264 -645 1437 2052
-11344 7532 -2012 -1137 1154 847
-11644 4948 -1924 -1061 1959 424
-12412 5112 -796 -866 2193 -96
-12048 3736 -248 -201 1138 -1888
-13088 4104 116 929 757 -1948
-15056 4068 -148 1930 1565 -1336
-14172 4184 224 3495 -1862 -2370
-28048 20736 -8060 -4899 -2122 9914
-14076 1656 -4444 -1375 -3059 -3876
-14024 11720 -9344 2240 3407 1310
-13980 6644 -4240 -2994 2782 -3067
-10440 4792 -4116 -1737 7213 -1672
-12060 4264 -5644 -1594 6480 -210
-12724 3820 -4472 -1530 3592 1265
-13088 2944 -3596 -1575 1291 2433
-13828 4624 -3180 -2316 -158 3206
-11124 3900 -2760 -3978 -2856 2268
-12756 1728 -1948 -1586 -1295 -422
-14772 9452 -9932 -2341 -4646 -2434
-23492 8252 -7744 -2603 5051 -4212
-16732 14188 -1620 -1405 -2586 -1435
-17688 8496 -4344 -1820 -1426 1124
-12236 5652 -2252 -1564 -212 640
-8312 4312 -3108 1197 1552 2568
-10148 6936 -1868 477 -116 866
-11080 5548 -1052 726 352 84
-12576 4804 -756 1144 1534 -621
-13244 4704 -716 2442 759 -1883
-12948 5408 -768 2882 270 -1932
-15624 4576 828 2882 -659 -2116
-15596 6712 -6076 3817 -2345 -1472
-12552 11476 -3252 -2739 2106 5298
-18848 2148 -12424 4165 -2724 -1542
-16108 14580 -5520 -1043 -551 323
-14016 6228 -4400 -1656 2759 -1553
-13248 5920 -4524 -82 6495 64
-10528 4608 -5332 -1122 4508 -2404
-10748 3368 -5492 -963 4094 94
-11708 5100 -3688 -2073 1147 1552
-12516 4460 -3860 -3339 1028 3332
-12328 4684 -476 -3375 -2744 941
-14412 2348 -3696 -1728 923 -269
-14088 4416 -824 -3786 728 -2603
-17508 10352 -7420 2440 -10681 -2634
-22304 13840 -12288 3441 3342 -4101
-19512 12828 -2784 -2198 -2616 -1491
-17096 5848 -3584 -623 -5204 113
-11348 4024 -3348 1380 -1336 246
-9680 5476 -2192 3337 620 2287
-10368 6172 -1308 1758 -191 1269
-11996 4532 -1440 1553 1432 916
-12408 4924 100 1814 1393 50
-12368 3704 1008 2778 -452 -924
-13452 3476 -852 3625 -94 -954
-13168 6796 992 3469 -238 -932
-14800 -132 2388 5489 -2961 -1629
-28144 23288 -7324 -3219 2049 11792
-16452 1020 -3380 -32 -6431 -2699
-16924 11676 -7288 3057 1998 1129
-13752 7204 -4788 122 3442 -3089
-9656 5376 -4376 -1025 4189 -1429
-12572 4288 -4944 -1391 3119 480
-12452 3232 -4380 -1060 2221 138
-11688 3292 -4484 -962 1568 1583
-12676 4556 -2460 -1674 261 3140
-11824 3972 -984 -2956 -1628 2085
-13284 2072 -1088 -1724 291 -452
-15260 4828 -6468 -1064 -951 -2338
-25516 7048 -7352 1286 5226 -4314
-17860 16020 -3336 -949 -5142 -2371
-18140 8596 -3824 -1659 -2180 -813
-12788 5812 -2376 -1009 -277 700
-8772 4352 -3372 1370 1664 2432
-10668 6976 -1364 1309 588 778
-10480 5516 -1428 1068 1329 644
-12460 4448 -272 1241 1371 -198
-12528 3980 612 2638 -4 -1537
-13736 2728 -564 3868 -1814 -2365
-12512 5736 -1492 4710 -2105 -1886
-15324 2468 2800 4851 -3653 -2365
-28504 21496 -7536 -6079 -2093 12044
-16784 -3168 -2448 1029 -6415 -5719
-17808 13980 -6440 1141 1521 3046
-16200 6808 -5280 -419 1112 -2105
-10152 4972 -4272 625 3526 -253
-12496 4540 -5112 163 2940 -376
-10604 3560 -3764 -448 3333 -107
-13252 4328 -2848 -1057 2461 1661
-12636 4460 -2276 -2983 715 2687
-12680 2380 -1784 -2874 -27 3450
-12324 2544 -888 -2415 -1135 1388
-15156 1892 -1624 -2860 991 -118
-12948 8076 -6432 -1309 -2277 -2642
-27740 4180 -11100 4561 5777 -5122
-19244 15980 -5364 3485 -1704 -2042
-15940 10592 -4256 1670 -2510 -948
-13764 6492 -4088 -171 907 -211
-11572 4488 -4096 1393 -151 1333
-9912 6180 -1724 878 -254 729
-10564 5088 -2820 1229 762 651
-11180 5072 -720 868 1193 -611
-10980 3068 376 1614 770 -1736
-13416 2416 -296 3576 -378 -2369
-14940 1720 -1280 4507 -1188 -1399
-15344 3564 3380 5388 -4804 -246
-30440 15252 -14068 3092 -7513 8567
-19412 5956 1720 1870 -7514 -1269
-14856 11896 -8232 5816 4498 -113
-15684 8876 -5212 -2119 2584 -17
-11196 3984 -5168 -2184 3701 -1269
-11692 4672 -5412 -1934 3788 167
-11652 4484 -4684 -2709 3270 80
-11284 3628 -3404 -3307 2630 1078
-12604 3472 -3836 -4497 1852 2571
-11764 2560 -2864 -5050 -485 3787
-12796 2120 -400 -2524 -1795 2293
-13648 2236 -1508 -778 -493 -2127
-13512 2152 -1640 -5045 -796 -3609
-26768 6916 -7996 1435 5763 -5546
-20640 18764 -3076 -2003 -6193 -4356
-17180 8132 -3692 -2028 -1412 -461
-14552 5116 -1432 -127 697 2335
-9824 3872 -2844 2452 2763 1456
-11248 5840 -2468 2343 1021 -426
-10332 4564 -2292 2715 893 -507
-11172 5040 -1228 2783 401 -849
-11556 2736 -1336 4304 -627 -1382
-12744 3036 -1192 5692 -1026 -3423
-13644 3940 -1356 5540 -3456 -2500
-15292 4320 1872 5575 -4547 -2289
-17588 2348 -10088 5054 -5073 180
-18576 18656 -7836 426 -936 5955
-19024 704 -8476 5770 551 -702
-16172 11640 -7376 3257 993 2335
-13948 8240 -6420 821 1681 226
-11744 4752 -6972 937 4320 1146
-12036 6220 -5660 348 4623 446
-12436 5828 -6436 -472 3912 172
-13748 6504 -5956 -1986 3644 833
-14420 5668 -5812 -2611 2824 723
-14748 6504 -5368 -2900 691 10
-14052 5280 -4152 -3282 -157 858
-14640 6268 -4996 -2889 -1944 1424
-14288 6564 -5468 -2451 -2832 1648
-13252 7508 -4448 -2387 19 -451
-12872 7256 -4568 -3008 1157 893
-14908 6796 -4292 -2755 973 493
-14072 7024 -3952 -1724 1366 536
-13344 6644 -3664 -1190 913 391
-13676 6548 -3416 -663 584 389
-14192 7284 -3196 -475 375 223
-13912 6968 -3808 -57 468 190
-13792 7136 -3752 490 536 487
-13976 7128 -3476 586 91 164
-13952 6988 -4060 674 199 20
-13896 7572 -3676 416 273 -10
-13680 7132 -3456 294 177 -291
-14100 7204 -3716 123 207 -231
-13912 7148 -3732 253 47 -245
-13684 7416 -3740 190 123 -126
-13700 7400 -3820 -76 189 -175
-13908 7572 -3828 -252 315 -140
-13720 7444 -4020 -921 596 -113
-13860 7128 -3684 -1214 864 69
-14092 6848 -4004 -1453 1012 220
-14100 6524 -3952 -1309 468 73
-14572 6092 -3320 -813 195 -143
-14440 5576 -3260 461 -278 -174
-14212 5856 -3288 1745 -933 -264
-14168 6292 -3428 2404 -1164 -271
-14060 5860 -2988 3552 -837 -221
-13920 6332 -3524 4034 -133 -230
-14028 7560 -3660 3559 -334 -172
-13824 7780 -4060 2359 -797 -402
-13768 7876 -4268 706 -88 -405
-13960 7280 -3972 -491 -94 -499
-14088 6476 -4052 -806 77 -476
-14208 6428 -3988 -548 -78 -513
-14128 6688 -4076 -651 -147 -481
-13932 7436 -4140 -1326 151 -506
-13744 7124 -3932 -2531 288 -635
-14524 5524 -3088 -1877 253 -292
-14676 4736 -2976 355 97 -98
-14692 5228 -3088 2595 -610 9
-14580 5784 -3140 3874 -1379 -190
-14240 6232 -3252 4392 -1277 -111
-14168 6564 -3516 3944 -1355 -163
-14020 6448 -3544 3021 -1058 -286
-14240 6320 -3624 2486 -565 -275
-14084 6468 -4108 1843 -98 -279
-14004 6676 -3640 1322 -295 -265
-14380 6116 -3716 1201 166 -68
-14316 6484 -3716 888 40 41
-14248 6264 -3652 456 278 40
-14396 5932 -3676 397 107 16
-14268 5808 -3784 644 217 -12
-14388 6484 -3784 894 -90 -101
-14168 6028 -3796 1041 -22 151
-14704 5952 -4020 1216 -537 406
-14400 5780 -4064 1329 -444 377
-14356 5988 -3736 1615 -408 391
-14480 6012 -3644 1111 -104 355
-14224 6824 -3688 357 413 192
-14092 6816 -3904 -850 455 -9
-14080 6564 -3672 -1721 589 51
-14376 5880 -3656 -1789 599 -157
-14356 5884 -3616 -1199 739 -57
-14208 6220 -3752 -959 402 -52
-14348 6020 -3672 -817 477 -89
-14260 6048 -3828 -688 437 -14
-14188 6560 -3948 -444 355 -29
-14348 5888 -3104 -84 228 -47
