15476 -1824 4904 807 33 128
15676 -2076 4636 762 -17 -180
15408 -2400 4796 1195 -386 -21
15600 -2340 4564 1235 -73 155
15600 -2380 4732 705 -81 288
15584 -2364 4724 989 52 626
15412 -2008 4640 826 51 665
15688 -2060 4772 1099 -8 512
15664 -1980 4616 1019 -20 460
15600 -1932 4528 798 85 348
15596 -2000 4604 686 -25 195
15668 -2116 4464 753 -179 126
15592 -2056 4804 851 -416 72
15596 -2096 5000 1183 -480 92
15544 -2248 5160 1199 -146 43
15492 -2256 4884 1750 -262 96
15420 -2500 4652 2563 -914 115
15664 -2448 4364 3037 -1351 213
15540 -2268 4576 3612 -1809 215
16032 -1488 4716 2656 -1363 552
15368 -1764 4260 115 -719 363
16064 -1896 4296 -52 -756 425
15880 -2248 4488 1320 -1133 4
15976 -2120 4624 4485 -1432 98
16212 -1916 4640 4153 -945 271
16416 -1804 4664 3366 -51 622
16364 -1628 4920 2806 593 779
16152 -1636 4480 3216 1043 1069
15492 -1584 3900 2967 1467 834
15548 -1752 3680 2337 1336 715
15556 -1860 3728 2125 918 1012
15596 -1768 3516 1939 666 1387
15376 -1552 3552 1587 186 1496
15272 -1296 4052 1418 -426 1368
15456 -1072 4248 1377 -1052 829
15368 -1028 4672 1309 -1554 334
15548 -1040 4632 1115 -1468 16
15812 -988 4432 369 -1313 -293
15568 -1384 4576 -215 -1227 -558
15848 -1676 4012 -868 11 -1125
15184 -2880 5180 635 659 -1162
14752 -2860 5432 863 -1001 309
14968 -2360 5080 2446 -1788 1064
15040 -2908 4204 2566 -2315 77
15840 -3160 4624 5268 -3759 -496
16792 -2804 4152 5936 -3556 -490
16712 -2612 3640 2441 -1642 -397
15648 -2268 3588 672 -750 388
15420 -1784 3492 824 -814 239
16556 -1824 3656 1221 -672 -1570
18928 -1572 4744 -180 -426 -2359
20428 -756 5092 -1953 -272 -2602
24556 692 2668 -6276 1064 -4214
23184 -176 4640 -8704 695 -8252
17504 -148 3072 -6823 1690 -5655
12672 -1060 3956 -4884 3553 -1500
13036 172 428 -6690 8323 216
11308 1108 3012 -11747 9529 -1307
10512 -160 2644 -13990 8428 -1733
11444 -1104 4744 -10135 7524 -637
11844 -1096 5540 -6550 3773 -537
12244 -2412 6692 -700 -870 945
12376 -2340 7416 1113 -3431 2256
13468 -2768 8160 549 -2891 2151
15788 -3044 8684 85 -1834 1497
19816 -3968 8688 340 -2973 -1258
20444 -4936 8448 2466 -5210 -1394
16280 -3884 7124 7438 -5606 2834
14688 -3628 4268 7675 -2724 5737
13748 -3208 1464 5275 -364 4911
12100 -3692 1648 5050 1663 4827
12524 -2636 2656 6171 272 4992
14292 -2564 2600 2962 -768 3107
16364 -2368 3976 3586 -1206 1027
18260 -2812 5752 5718 -1504 -648
19224 -2384 7204 9683 -1264 -1048
20736 -736 8364 12007 105 -582
24152 -1144 5412 7074 1546 -2911
17896 -1112 6360 2548 369 -3082
12216 20 5772 -1926 330 2844
12760 -968 2724 -4101 1945 4605
11188 -1464 2120 -4767 3451 3123
9400 -1376 2564 -3353 2539 2606
9372 -1872 3036 -1766 601 2387
10940 -1916 5108 -1659 -1440 800
12656 -2028 6940 1531 -4056 -824
13744 -2552 6868 5672 -7780 -354
17132 -2872 4724 5052 -8231 -1430
20276 -3492 3892 6139 -5219 -3802
23568 -2708 4148 3906 -4713 -4904
21188 -1932 7488 1643 -6200 -4634
15856 -2940 6140 3133 -6488 38
15980 -3788 4784 7988 -2079 3623
14280 -2196 2884 8241 3399 3907
12760 -1880 1900 3821 6176 4586
13280 -2188 1688 2015 7381 5796
15464 -2332 1372 996 7352 5609
17456 -2128 1536 1282 5758 3749
18056 -2084 2212 958 3248 1846
19668 -2068 2604 2320 229 2379
20520 -108 4240 5874 -2712 3080
22432 -928 1880 3257 -5106 -637
18088 -1208 4764 -805 -6752 -7862
14576 -700 6032 526 -7473 -8262
14104 -324 2632 -2070 -4301 -4217
13292 -1120 2552 -5049 1524 -3120
11104 -676 2060 -9580 4499 -3443
10220 -2160 1904 -11282 5238 -1630
11232 -2696 1948 -9295 4085 -817
12896 -3036 2512 -4918 692 -2053
14576 -2996 4224 -1330 -3395 -3667
17024 -3784 7044 2846 -5656 -3370
20684 -3092 7868 7149 -6485 -1501
22540 -1356 8504 5624 -6478 972
23908 -3300 8576 5200 -5190 1041
18424 -1656 8472 8456 -1454 4414
16808 -2280 4888 6830 4566 7505
17352 -2108 2516 6426 10112 6651
14892 -1368 1332 1635 11953 6365
12812 -2148 1268 -1801 11237 7354
13696 -3488 1856 752 10158 7226
14508 -3200 1996 2595 8695 5714
14580 -3064 2716 1681 5682 3183
15108 -2696 3748 1961 1816 1086
17776 -2096 4684 3206 -2516 -781
21596 -596 3664 3111 -6013 -3567
21540 -1528 2724 -1092 -8370 -8908
17636 -1164 6340 250 -11318 -11142
14268 -1016 5660 1068 -10638 -6032
14608 -1096 3156 1620 -4845 -3337
11496 -888 2952 -3936 -2496 -4039
10796 -2480 2660 -7757 -3255 -3651
12064 -3160 2732 -6778 -2341 -3482
14196 -2868 3144 -6825 -1773 -3718
14600 -1940 4972 -4796 -3328 -3371
16696 -1992 6424 -1853 -5200 -2899
20040 -1976 7076 2305 -4955 -2308
23344 -1876 6268 1530 -3170 -663
23344 -3504 6336 3306 -1933 -477
19324 -1860 6500 5060 269 3449
14896 -2696 3968 4182 4093 7588
16816 -2948 2964 6664 7721 8246
14744 -2124 1756 5468 9629 7734
14200 -1876 1132 2502 10429 9324
15548 -2592 1568 3353 9817 7900
16048 -2352 1424 3257 8032 5864
16004 -2412 2072 2856 5604 3538
16312 -2740 2220 2600 2851 1530
18480 -2260 3888 4016 -1191 -633
20640 -2352 2996 5063 -3840 -3697
21116 -1236 3132 337 -5309 -6179
15932 1480 4036 -5341 -8361 -7517
14056 -16 5528 -3900 -9268 -5766
14280 -1144 1380 -1828 -4836 -5263
13016 -828 3384 322 -2271 -5279
11728 -756 1548 -2669 -1744 -5058
12728 -1896 2700 -5427 -2002 -4326
14380 -2372 2688 -5755 -2720 -4048
14644 -2188 4184 -6404 -4417 -4089
15560 -2460 6372 -3277 -6305 -3326
20512 -2192 7676 2452 -5531 -489
24024 -452 5144 -1707 -369 3680
24276 -3348 6156 -4284 3085 3497
16708 -1852 5908 -1283 3263 4829
13676 -2832 3648 740 3889 7235
14608 -3688 2964 6363 4775 4685
13464 -3340 2120 7641 4392 3711
13312 -3292 3272 6424 5214 5510
14348 -3036 4368 5776 4915 6867
16092 -3576 4428 5756 5314 5781
16120 -3052 3336 4723 6242 4149
16608 -2680 2524 2705 5389 2591
18076 -2968 3408 1036 2676 368
19940 -2480 4632 2695 32 -1745
20408 -1912 2848 1 -2258 -4159
16884 -2672 5320 1593 -5529 -5790
13712 -964 3032 1528 -5208 -1620
14808 4 1792 21 -1999 -498
12116 -156 1868 -2347 -876 -1829
11140 -376 2448 -2888 -2207 -748
12340 -980 2872 -3133 -3028 -1356
13972 -4488 4756 -1987 -3684 -2895
14712 -3412 5288 -702 -4005 -2300
13824 -2728 6748 -6139 -3885 -34
15900 -4308 8628 -5629 -4848 432
19896 -3536 7804 -3595 -4416 -1208
21972 -4604 8868 -3664 -4975 -2948
22724 -5196 7636 3995 -3941 -2469
15716 -3620 5124 6143 -458 2169
16228 -3500 2892 8965 3735 5233
14760 -3068 1020 7333 6957 4156
13200 -3400 1128 4983 7016 4508
13148 -3292 852 4615 6214 4940
13396 -3888 196 3541 5023 4209
15048 -3164 1904 3676 2613 3071
16544 -2760 2344 2033 1393 1105
18372 -2364 4416 1794 329 347
21064 -2044 4836 4265 -1200 -527
24072 -2344 1960 3489 -1557 -3287
19824 -1656 5120 2932 -4409 -5514
14028 -4 3912 1536 -3837 -2258
13092 456 2244 -2156 -70 -203
11308 144 1016 -4061 1174 -1876
11292 -300 2028 -4936 -142 -2625
11960 -1004 1848 -4949 -538 -2843
13472 -1436 2864 -4875 -1648 -3834
14216 -1976 3740 -4538 -3944 -5026
14768 -2380 5112 -2617 -5689 -5446
17152 -2416 6196 -125 -5819 -4881
20184 -2672 6384 -476 -5449 -3958
21760 -2840 6540 -978 -5558 -2100
21984 -3444 8068 2960 -4614 -801
17436 -2620 6340 4310 378 2971
16276 -2820 4308 5653 4352 5939
15684 -1968 1528 6451 7546 6697
14276 -2592 1084 3695 9159 6708
13952 -2688 968 3459 8955 7517
14860 -2420 1028 2370 8238 6886
16192 -1648 1940 573 6887 5659
16820 -1488 2764 -378 5425 4353
16668 -1040 2404 390 3778 2918
18716 -804 2484 2787 -663 5
22572 -2292 1800 4211 -4858 -5296
21920 -1212 3724 441 -9115 -9163
17280 -2400 6556 3012 -10324 -11263
15728 220 4128 5662 -7591 -4932
14844 348 2328 -929 -2192 -3063
12968 360 2844 -5820 -530 -3921
11236 -268 2816 -8128 -979 -2951
11060 -1400 3116 -7579 -526 -2138
12744 -2136 3368 -4593 -850 -3351
13796 -996 4648 -2020 -3109 -4601
15980 -868 5868 -757 -5964 -4310
20560 -1332 6352 2227 -6146 -2299
21932 -1236 5736 1012 -4292 507
22340 -2152 6260 1658 -2934 1966
20120 -2280 5632 2802 173 4182
16824 -2428 4132 3681 5083 7790
17088 -2220 2544 5588 9247 9322
16064 -1568 1696 4542 10965 9374
13756 -1772 1356 2620 10183 8737
12884 -2164 1356 3369 7774 7460
13680 -2348 2372 5308 4905 5305
14940 -2668 1980 3905 3762 3063
15808 -2212 2240 752 3073 2044
19236 -2072 3976 833 1040 392
21308 -1892 5024 2735 -2969 -2890
21500 -488 2428 -404 -5645 -6200
19024 -1412 6144 2170 -9487 -7997
15032 496 4384 4614 -9697 -6407
15984 468 2964 2892 -5343 -4253
13544 928 1140 -1932 -1656 -4658
12320 892 1588 -5545 -337 -4033
12556 -1488 1828 -6088 2022 -5186
12932 -1428 3236 -7414 1114 -4378
12620 -1776 4488 -8337 -1740 -4052
13024 -1980 6172 -5125 -4904 -4256
16412 -1224 8996 -417 -7546 -4142
22012 -2228 8128 -1053 -4285 -3027
22344 -1456 7412 -3646 -2462 -275
20692 -2896 7148 2285 -1803 2650
15788 -1160 4988 4238 689 6743
17364 -2980 2580 6244 4860 8244
16960 -1444 332 5176 8849 8996
14280 -2280 964 2134 9238 9379
13564 -2336 952 2535 8020 9455
13812 -3144 1808 3789 6366 8588
14248 -2384 1592 2379 4078 6992
15236 -3144 3556 2933 2575 5254
16912 -3124 3908 4967 904 2148
18560 -2640 5540 6316 -1832 99
21864 -2248 4824 4764 -4113 -2430
21288 -1532 4576 -57 -6987 -6121
16840 -1608 5812 3731 -8673 -6792
14168 28 3984 3195 -5901 -3221
13900 -508 1112 -3950 215 -3790
12664 -916 2028 -7096 1772 -3941
11388 -1348 2396 -6518 400 -2996
12488 -1692 2212 -4521 -857 -3195
13008 -1472 3220 -3601 -2973 -4414
14340 -2172 4192 -1589 -6251 -5748
16384 -2336 5548 -1 -8504 -6074
20308 -2736 5844 3517 -8058 -3031
23176 -1820 4936 -199 -5724 -1276
23292 -3424 6400 -2386 -4450 -473
17584 -3192 6144 599 -789 2236
15704 -3488 4720 3951 3801 5931
16428 -2588 3348 8077 7633 7132
15140 -1980 1456 5464 9728 7653
13560 -2096 1068 2095 9927 7300
13724 -2684 1592 2115 7827 5987
14756 -2716 2296 4422 5827 4441
16020 -2608 2300 3506 5317 3542
16864 -2560 2812 3123 4200 2817
19268 -2468 4296 3011 539 1429
21960 -2200 4008 8329 -1955 -255
22352 -168 2860 4314 -2984 -2870
19100 -888 3320 -1697 -4320 -4622
13184 -120 4048 -3048 -3917 -3092
12816 208 2728 -3601 -1985 -2041
12380 -436 1524 -7130 953 -3855
11884 -576 2056 -7483 997 -4667
12016 -1184 2304 -6116 -1662 -5045
13076 -1496 3024 -4906 -3504 -5475
14276 -1536 4148 -4187 -5603 -6219
15216 -1992 5140 -3212 -7403 -6628
16232 -2372 5816 -1905 -8411 -6403
19936 -2636 6500 268 -7530 -5348
23720 -2552 4616 -3675 -3234 -2427
23780 -3604 5672 -6984 194 824
18504 -2364 7340 -1996 942 4478
15528 -2500 5104 2714 2834 8412
15704 -2848 2856 6496 6975 8176
14928 -1584 1892 6895 8052 7129
13724 -2048 1452 2943 6902 6745
13532 -3192 2168 5085 5864 6160
14408 -3592 2516 7223 5331 5460
15160 -3600 3084 6200 4639 4401
15904 -3604 3940 3142 3729 2848
17100 -4188 4328 2841 2000 1841
19424 -3892 5668 6424 -840 -686
22292 -1824 3116 8463 -1822 -2040
19944 1368 3524 374 -3958 -2460
13164 816 3108 -1659 -4963 -4534
13304 868 3128 638 -5174 -2390
14464 -72 780 -44 -2552 -3649
13252 104 1912 -3191 -1966 -4474
12792 -456 1852 -5666 -3108 -4203
13824 -1548 2752 -4704 -3521 -4496
13952 -1448 3600 -4125 -4645 -4977
14608 -1656 3984 -3757 -5456 -5742
16944 -2404 6668 -302 -4953 -6036
19924 -1284 7044 -206 -4557 -4841
22164 -1184 7544 -5669 -4698 -1903
22448 -3252 7628 -4197 -4052 -1214
18280 -3252 6696 50 -546 2073
15416 -2824 5760 3922 4948 6647
16460 -2480 4436 7478 9607 8790
15536 -1284 2836 5192 11452 10153
14236 -1656 2240 2011 10672 9580
14284 -1964 2668 2507 8313 7955
14204 -2084 2448 4397 7066 6296
15184 -1640 2808 3736 5907 4915
16104 -2120 3120 1494 4584 2816
16620 -2380 3896 2147 926 1099
17748 -2268 5612 6960 -4416 -812
21784 -1636 5324 11310 -7973 -1925
21252 1324 4696 4325 -9398 -4193
15276 796 4016 99 -9410 -5502
13892 1044 4636 -227 -6980 -3331
13388 288 2216 -3236 -2339 -3222
12504 -644 2684 -6511 -7 -3726
12092 -860 2896 -7036 -271 -3153
13356 -1568 3012 -6529 -1006 -2783
13668 -1388 3520 -6201 -2234 -3199
14420 -1748 4364 -5577 -3743 -3783
16024 -1280 5560 -3218 -5460 -3940
18008 -1492 7712 808 -7564 -3876
20860 -1060 7692 5092 -7730 -2939
23692 -1556 7816 4472 -5982 -2036
20696 -2132 7652 5761 -1652 572
16908 -1268 5176 2724 4267 6359
17316 -2924 2928 4469 9761 8436
17232 -2148 1776 5314 12631 7419
14676 -1844 1164 860 12642 7051
13400 -2352 1028 -1049 10721 7267
13092 -2804 104 -52 8638 6296
13648 -3256 344 2263 5662 4722
14188 -1932 1272 3414 1705 3667
15224 -1644 1704 1042 -1355 1723
17892 -872 4964 2599 -5261 195
23140 -676 6760 4848 -8355 -2498
24684 -676 5224 1473 -8252 -6264
20600 -216 7260 -2298 -10048 -6693
14808 -1344 5816 -2000 -7851 -3824
14108 -464 1912 -1712 -1743 -1728
12788 -1052 156 -4929 3279 -3315
11396 -1724 1152 -6791 3810 -4715
11956 -1828 1584 -6083 1307 -3991
13384 -2376 2224 -4611 -708 -3764
13564 -2112 3472 -3069 -2953 -3630
14080 -1832 4656 -300 -5484 -3050
16484 -1732 5660 2747 -8034 -2484
21800 -1852 5588 5494 -8043 -1644
23340 -1144 5220 2119 -6352 233
24544 -2792 6388 841 -4592 588
16892 -2380 5608 2736 537 2134
15664 -3116 3528 4594 5748 6026
15608 -2536 1824 7957 9300 6966
14600 -2276 1180 4708 10568 6334
13488 -2112 780 1487 10082 6751
13680 -2472 1732 1655 8165 5725
13908 -2712 1284 3092 6021 4068
15472 -2700 2348 3132 4534 2453
16792 -3072 2512 1649 3903 919
18904 -2044 4576 1527 2296 148
22816 -1788 4048 3489 -584 -314
21980 -1092 3400 -260 -2533 -2587
18292 64 3716 -6022 -5759 -4191
13404 -1200 3832 -9233 -6183 -5870
13880 -1536 4356 -2882 -4126 -4218
13484 -1512 2148 -558 -2315 -5053
12116 -1352 2940 -1301 -2908 -5742
12300 -1828 2608 418 -4223 -5032
13572 -1628 2184 802 -4705 -4514
14268 -2508 3416 3434 -6612 -3217
15032 -1136 4116 599 -6441 -2829
17236 -1692 5980 386 -7035 -1572
21604 -1744 4788 48 -4214 70
23004 -1312 3804 -8134 -933 899
23388 -4096 6296 -5285 -1129 813
17828 -2840 4204 680 2860 4453
15644 -3252 2020 2292 6237 8102
14852 -3300 -640 6314 6975 9164
13740 -3232 -1396 6423 4980 7369
13416 -2880 -672 6191 4095 7061
13128 -3584 564 2174 3324 5119
15164 -3380 2648 3215 3379 3807
16412 -3944 3692 1308 3946 2376
17608 -3972 3708 2388 3964 1106
19308 -3064 4484 2223 3639 1883
21720 -2388 4124 5087 2402 1451
21788 -692 640 3561 1399 -1220
18944 -1312 1580 -3193 -1918 -5882
13288 -1868 2216 825 -6566 -8530
14248 -1116 2564 6828 -7149 -4888
15060 -1184 -260 5755 -4132 -4990
13260 4 1924 -777 -2196 -6098
12788 -80 2312 -3362 -2031 -5622
13352 -1296 2780 -7737 -1393 -6094
14040 -1988 4648 -7862 -2081 -5673
14144 -2472 4420 -4037 -4469 -4416
15864 -1704 5928 -1063 -6120 -3232
18564 -1836 7376 2107 -5614 -3061
22540 328 6944 175 -4186 87
23028 -556 6756 -2578 -2245 104
21228 -148 5136 -119 869 2156
16152 564 3788 -1051 2867 4637
16260 -240 1672 51 6968 4448
15440 -1500 1436 -2761 9844 3034
14300 -2284 1832 -1786 8947 4920
14020 -3016 2036 2973 7814 7375
14112 -2812 1584 5257 7451 7611
14436 -2240 2648 3707 5970 6498
15164 -2984 3580 -355 4216 4751
16064 -3328 4904 561 3506 3711
17180 -3024 6116 4456 1626 2271
19764 -1804 6768 7420 -1282 882
20932 -1396 4828 6615 -2806 -1463
18856 -660 6328 4193 -6504 -3576
13656 56 4596 3236 -5833 -2304
14416 1076 2724 301 -3103 -1792
13796 1320 1396 -4928 -1393 -3863
12196 492 2120 -4666 -1127 -4922
11912 -328 1980 -4964 -2121 -4984
13416 -1800 3108 -3636 -3984 -4907
13904 -1876 4208 -1255 -6199 -5486
13740 -1480 5932 507 -7823 -5606
16072 -1788 7368 2514 -8794 -4319
20540 -2380 7196 2933 -6605 -3371
22784 -1492 7196 -1142 -3120 579
23916 -2652 6796 -3603 759 3631
18268 -1832 6376 -2811 4656 5132
15492 -2316 5544 415 6426 8529
15808 -2468 3092 4981 8464 8226
15032 -1708 1896 4315 8475 6286
12500 -1744 1576 1560 6797 5980
12680 -3328 1984 2322 4632 5578
13944 -3220 2224 5469 3405 4513
14796 -2676 2576 5038 3175 3134
16260 -2452 2960 2905 2416 737
17760 -2376 4476 3497 -39 -604
21196 -3296 7392 10723 -3247 -377
21524 324 3276 14791 -5126 -2417
21392 1060 3528 3786 -8279 -5610
15552 2408 3480 -1923 -8588 -5250
13948 2232 2164 -7653 -6708 -2515
13736 -20 388 -12351 -2227 -3247
12388 -620 1704 -10853 649 -4219
11416 -1360 2256 -7647 235 -3795
12840 -1196 2572 -5677 -1077 -2399
14576 -1844 3704 -4993 -2856 -2680
14728 -1544 5112 -2106 -4652 -3299
16296 -1700 6112 1824 -6708 -3378
19284 -1756 6724 4548 -6705 -3285
22764 -592 5640 3226 -4903 -1082
23308 -1224 6792 -1261 -3308 689
20780 -1760 8096 2880 -904 2299
15660 -1480 5252 4273 4023 6092
15400 -2216 3000 5097 9272 7219
15340 -1528 1836 4328 11370 5940
14124 -2224 1324 297 10789 4453
14100 -2508 1476 -513 8893 4699
14492 -2508 1692 1673 7045 4490
15600 -1948 1628 2008 5377 4210
16664 -1988 2352 2532 3756 3146
17004 -1780 3160 4433 600 1876
19980 -856 4836 7774 -3465 249
22008 -884 2848 8538 -4939 -2941
21100 576 4392 1102 -7248 -5704
14980 1384 4912 -2547 -8894 -4818
14132 1344 3280 -2669 -5975 -2025
12916 1196 580 -6950 -331 -2686
12664 440 1520 -10646 1405 -4809
12232 -756 2048 -10018 -55 -5315
13432 -1696 2904 -6542 -1684 -4991
13880 -1616 3896 -3924 -3614 -5347
15228 -1392 5376 -1306 -5951 -5489
15728 -1328 6360 1542 -7845 -5165
20188 -1268 7680 4460 -7735 -3548
23144 -964 6604 1438 -5358 -1482
23092 -2748 7928 864 -2786 362
17156 -2228 6760 3451 965 4504
16236 -2644 4472 5843 6164 8739
17376 -2136 2976 7479 10300 9284
16044 -1452 1348 3813 12612 8361
14452 -1456 1360 -551 11912 9116
14200 -2404 1196 194 10155 8669
13868 -1992 860 2024 8017 6791
14892 -1964 1396 3029 4595 4641
17532 -1476 2204 4648 -487 1059
18252 -868 4468 7876 -5419 -1425
22264 -712 3008 9829 -7371 -2647
23992 -148 4588 4196 -8820 -7415
18356 1128 4644 -2091 -9435 -7821
14444 1144 4892 -5478 -7377 -4263
12668 1148 2108 -5103 -2496 -3591
11548 1092 2100 -9259 -681 -4726
11436 -1024 1884 -9540 343 -5552
13328 -2100 2136 -6139 288 -4877
13476 -1692 3028 -6646 -1101 -4922
14200 -2212 4540 -5372 -3718 -4114
16092 -2024 7060 797 -6050 -2884
20532 -1316 6264 4654 -6064 -938
23260 -940 5740 218 -4746 89
22072 -2708 8276 1869 -4489 909
16216 -1716 7624 7777 -690 5886
16160 -2396 4404 9850 6031 9135
16364 -1620 2628 9277 10454 7807
14880 -1324 1332 3453 11305 6670
13820 -1764 1532 -555 9599 7122
13832 -2736 1276 1033 7369 5870
14792 -2484 1224 4073 5488 3671
17000 -2392 1680 2805 3397 1795
18972 -2148 3024 4371 614 976
22700 -1220 4252 8453 -1006 -667
23176 1352 588 3286 -1560 -3734
19684 1316 4200 -5062 -5011 -6588
13900 856 4416 -1823 -7524 -5841
14172 1908 2796 291 -4565 -4162
12736 1984 1780 -5246 -1317 -5285
10952 848 1756 -9791 -1391 -5652
12124 -1308 2492 -9184 -2010 -5534
13328 -2048 3264 -5511 -2499 -5437
14504 -1356 4348 -5449 -4722 -5155
15124 -2016 5824 -4233 -6412 -4747
16660 -2132 7008 20 -6919 -3290
21288 -2140 6888 3135 -5890 -1497
23932 -1888 6680 1070 -4021 537
22328 -3132 7432 4466 -1907 3242
17112 -1136 6112 6051 2592 7783
17168 -2464 3352 6460 8003 9470
15884 -1724 2416 8140 10642 9557
13820 -1084 1592 5520 10498 9243
12728 -1480 976 2751 8835 8328
13612 -2476 452 3875 6634 5504
14532 -1920 1072 4998 3976 2526
15384 -1752 1372 3570 998 953
16820 -1528 2416 3625 -1083 -349
20592 -1056 3948 5889 -3813 -1428
24224 -124 3136 7328 -4887 -2726
22288 472 1580 -3636 -7290 -5120
19136 -956 4852 -1364 -9845 -8621
13852 28 2988 -2169 -8649 -6784
14844 -304 2928 -2344 -4568 -4015
13376 -8 1472 -7176 -166 -4471
11496 -140 2176 -11696 1017 -3348
12128 -1608 2500 -10977 928 -2434
13244 -1768 3464 -6307 -176 -2276
13984 -1784 4424 -2696 -2238 -1705
15260 -1524 5824 1521 -3644 -544
17492 -1152 5120 1800 -4049 -282
21632 -1324 4100 -380 -2247 819
22756 -1168 4844 -2998 -1879 1286
21916 -1736 6256 34 -1981 636
16536 -664 5952 3478 36 4363
15876 -724 3096 5269 3676 5678
15840 -1084 1236 5203 6086 4179
14924 -2112 620 2008 6395 4256
14272 -3028 448 2250 6595 5745
14748 -2804 228 2887 6618 6234
15772 -2468 164 2698 5630 5115
16536 -1900 912 3475 3186 3680
17816 -1808 1656 3021 -33 1477
17900 -1628 2712 4365 -2960 -554
18384 -1048 3624 6449 -4629 -2011
19916 -788 1540 2856 -5254 -5182
19540 -944 3980 -1965 -7285 -7506
16684 244 3784 808 -6661 -4925
15576 808 180 -2948 -1803 -1154
15800 588 -408 -5925 3043 -261
15648 616 396 -7895 3909 -206
14752 -920 1060 -6084 2213 393
14156 -644 1904 -1891 528 1127
14340 -1068 2656 924 -755 718
14876 -1020 3304 3880 -1616 148
15396 -648 3820 4300 -2309 275
16284 -1092 4032 3662 -1975 630
16332 -1156 4196 3088 -1224 1294
16780 -1616 4016 3291 -387 1617
18500 -2228 3976 3885 293 1476
16588 -2656 3228 3824 1329 2151
16692 -1948 2636 2988 2864 4158
17320 -1996 2080 1010 4030 3319
16356 -2412 2096 -272 3116 3157
15552 -2372 2824 2040 1105 3111
16032 -2156 2596 4397 87 1859
16864 -1032 3656 3280 -184 704
16000 -972 2564 -1537 992 -1246
15264 -2316 4464 -5125 1052 -1743
15912 -2852 4132 224 88 -1569
15752 -2272 4088 1384 -571 -1774
15844 -2268 3716 890 -487 -1857
15896 -2320 3848 -196 -197 -1756
15712 -2536 3728 -894 -194 -1537
15496 -2644 3868 -905 -401 -1187
15748 -2616 4220 -445 -558 -1005
16020 -2472 4464 -162 -736 -583
15956 -2304 4496 -133 -521 -403
15724 -2244 4740 84 -241 -19
15804 -2184 4452 327 242 144
15708 -2184 3992 113 569 134
15872 -2184 4112 243 240 275
15836 -2296 3772 326 24 -219
15716 -2328 3728 661 -214 90
15604 -1740 4036 352 -367 125
14980 -2484 4136 -1070 193 -512
15564 -2572 4372 791 358 193
16192 -2264 4104 534 -3 441
16304 -2328 4148 630 -43 808
16196 -2140 4040 1001 -2 1149
