-15444 820 -1700 2 -88 194
-15336 756 -1960 106 79 250
-15496 640 -1800 122 107 177
-15520 728 -1948 121 24 118
-15548 576 -1732 181 -27 10
-16032 748 -2060 22 -210 -126
-14924 920 -2080 539 -353 64
-15588 792 -1492 706 -33 124
-15504 828 -1636 862 -137 93
-15460 756 -1888 927 -125 200
-15692 908 -1780 655 -27 110
-15480 1072 -1824 714 -72 144
-15444 944 -1904 641 22 91
-15544 916 -1784 441 -53 103
-15372 1028 -2000 417 62 51
-15388 912 -1712 388 3 56
-15464 940 -1620 428 -71 37
-15420 892 -1740 570 -65 66
-15492 972 -1688 553 -102 40
-15376 900 -1852 609 -37 70
-15544 964 -2032 642 -124 -10
-15564 904 -2144 572 -65 12
-15492 1060 -1844 408 109 38
-15452 1084 -1792 122 85 -20
-15784 844 -1792 56 74 -12
-15268 996 -2072 -81 44 -15
-15268 932 -1924 -118 419 180
-15324 1304 -1912 -308 665 463
-16048 848 -1800 -413 710 356
-15256 1148 -2076 -638 637 170
-15248 928 -2084 -370 746 445
-15724 948 -2160 -392 581 262
-15344 944 -2400 -332 590 434
-15308 1060 -2616 -299 742 559
-15468 1416 -2608 133 611 703
-15340 1408 -2356 43 976 650
-15636 1388 -2460 -77 860 452
-15296 1388 -2728 61 723 395
-15740 1460 -2700 97 540 305
-15472 1400 -2768 89 431 239
-15504 1392 -2968 134 445 39
-16144 1664 -2628 211 6 -152
-14988 1476 -2792 429 -311 -71
-15120 1404 -2696 551 -311 5
-15400 1448 -2584 336 -409 -103
-15520 1352 -2608 368 -414 -45
-15140 1380 -2280 381 -163 158
-15300 1428 -2960 481 -136 254
-15488 1704 -2720 202 -67 211
-15528 1756 -2840 47 -178 184
-15376 1744 -2544 -19 -63 278
-15292 1664 -2552 -30 75 208
-15452 1736 -2464 46 43 263
-15420 1660 -2564 34 44 93
-15396 1628 -2624 -48 -115 -25
-15696 1636 -2576 18 -188 -139
-15296 1704 -2436 108 -346 -145
-15372 1584 -2628 215 -294 -199
-15488 1652 -2176 235 -348 -166
-15160 1612 -2560 295 -145 -156
-15576 1552 -2596 270 -36 -75
-15428 1548 -2384 321 -59 -87
-15324 1576 -2320 318 70 -56
-15508 1584 -2356 262 175 49
-15464 1544 -2516 174 246 69
-15544 1720 -2600 238 309 161
-15556 1612 -2344 210 385 137
-15356 1760 -2588 243 305 85
-15292 1824 -2544 270 371 184
-15416 1728 -2480 231 7 88
-15448 1572 -2700 205 -240 -43
-15324 1708 -2592 260 28 -10
-15412 1712 -2788 275 12 -96
-15156 1728 -2852 163 378 -159
-15604 1612 -2496 -8 332 -299
-15324 1668 -2836 57 171 -241
-15208 1620 -2756 -1 189 -138
-15700 1456 -2692 39 73 -187
-15148 1468 -2772 35 134 -140
-15392 1328 -2784 189 282 -89
-15348 1496 -2664 342 223 -81
-15292 1304 -2836 450 314 50
-15360 1304 -2692 526 473 214
-15276 1120 -2684 592 301 352
-15076 576 -2560 812 382 537
-15124 376 -2952 1211 680 700
-15792 636 -3032 1477 1030 758
-15224 492 -2860 1621 650 680
-13496 1624 -3216 1388 1098 878
-16452 3452 -2160 -182 2539 1372
-18364 1096 -1644 69 692 828
-14324 1516 -2932 196 2520 1200
-14068 2240 -2184 331 2438 1378
-14424 2468 -2684 175 1323 881
-15648 2696 -2504 -109 1018 475
-16016 2112 -2172 324 185 291
-15044 1832 -2592 779 46 201
-15476 1384 -1712 2071 79 73
-14996 1476 -1808 2485 646 74
-15832 1728 -1148 2992 811 -58
-16564 2036 -1160 2184 582 -495
-18472 6364 -5352 -686 3874 -25
-27080 1868 -4584 174 1111 -1822
-15244 3036 -8268 879 -386 -1604
-11796 1264 -8936 1844 1003 1018
-14004 1832 -7196 2521 453 439
-13084 1100 -6044 2630 -687 54
-11028 532 -4836 2371 -1548 86
-10960 676 -4856 2326 -1113 673
-12888 648 -4836 2500 -891 764
-14668 764 -3956 2326 -633 675
-14796 1236 -5360 1467 -1462 -5
-18344 776 -5720 1073 -2219 -1427
-20308 600 -4172 -321 -3910 -1849
-20576 1028 -5392 -1384 -2720 -1346
-18532 4736 -4980 -903 -1512 207
-11416 4748 -4800 -1777 -234 2331
-14956 4380 -3104 -1390 -37 2236
-12212 2932 -3852 -1765 -6 1421
-9392 2636 -3656 -1916 1123 879
-10532 2852 -2876 -2056 1963 90
-12868 3132 -1972 -2062 2397 -10
-14628 2688 -1416 -1662 2085 -236
-15648 2372 -2252 -1817 2551 -411
-17896 2708 -2324 -1406 2698 -997
-21888 1684 -956 620 213 -2539
-23012 5816 -6608 610 2394 -2852
-23752 3324 -8280 1210 -274 -582
-12540 1732 -10048 2797 -128 831
-12596 1604 -8268 4083 -82 958
-13228 1424 -5328 4138 -1187 285
-10184 1056 -5400 4425 -2077 744
-10100 368 -3324 3886 -2007 721
-11136 1132 -4604 2671 -1557 411
-14756 1000 -4416 2584 -407 900
-14720 1492 -3760 1109 -423 1036
-15364 1512 -4064 -219 -1162 1156
-18516 1172 -4536 -2471 -1281 529
-23108 3440 -4160 -4594 -1314 241
-21288 3972 -7508 -3375 87 295
-15048 5780 -4360 -3232 226 1144
-11404 4256 -3968 -1425 -482 740
-12632 2760 -3688 -904 381 507
-10664 2852 -3064 -758 458 130
-9872 2544 -2916 -706 1419 -1
-12056 2944 -2392 -472 1626 -265
-14464 2600 -1776 453 1245 -661
-14848 2712 -1336 1041 616 -825
-15968 2484 -1848 952 216 -1459
-19432 2208 -1232 1703 584 -2601
-20536 3432 -4012 836 -305 -3383
-24484 5108 -6292 -797 3667 -1025
-16800 1972 -9512 721 575 -714
-12096 2504 -9364 1482 2211 1403
-14200 2124 -7324 2070 993 882
-13544 1560 -5832 3402 -659 1009
-10468 656 -5204 3889 -2147 845
-10436 268 -4764 4502 -1984 708
-11564 864 -5592 4307 -1647 406
-13728 968 -4444 3771 -979 301
-15460 1476 -4504 2678 -592 695
-18488 1324 -4676 1261 -891 903
-20968 808 -4216 1251 -1493 1271
-21232 2368 -4460 -1161 -2871 165
-18924 5920 -8216 752 595 1150
-12012 6252 -6504 -1959 398 1242
-13152 4968 -5144 -1965 1382 815
-12716 4300 -4556 -2928 135 109
-9528 2692 -4248 -3445 953 -205
-10832 2432 -3116 -3157 1288 -459
-13148 2368 -2076 -1846 1031 -1025
-14920 2456 -1888 -1423 246 -1419
-14396 1452 -2200 -279 377 -1563
-16672 1756 -1924 717 570 -1715
-19832 1752 -1220 1525 630 -2152
-21324 3152 -5304 1777 -166 -2844
-26324 5616 -7980 -530 3688 -911
-17012 2324 -8796 1333 -6 -286
-10264 1820 -9076 1799 1231 768
-13472 1892 -6752 1943 625 111
-12524 1324 -5444 2812 -1304 354
-10084 656 -5520 2982 -1903 722
-10644 600 -4920 2813 -1742 630
-12716 544 -4688 1734 -1581 25
-13616 908 -4512 934 -1052 79
-15656 860 -3184 -321 -931 553
-17692 -584 -3276 -239 -1359 850
-20184 -192 -3820 -188 -1357 903
-22696 1928 -4800 -2269 -488 1117
-23156 4696 -6096 856 936 2115
-12056 5404 -6972 -1028 -1243 1422
-12804 4864 -4896 -394 653 1172
-12416 3956 -4920 -540 -1522 344
-9608 2912 -4196 -921 -331 -86
-10196 2680 -2896 -909 -219 -700
-12592 2692 -2668 -151 42 -647
-13676 2468 -2100 472 295 -504
-14360 1904 -1548 545 979 -665
-16436 1864 -1716 462 920 -1140
-18056 1488 -1056 716 1193 -1279
-20496 1476 -460 1695 598 -1218
-20156 6180 -7916 -77 4442 -612
-23580 2620 -6664 355 1819 -235
-10740 3680 -9000 1555 1051 875
-13384 1536 -8424 2416 1726 121
-14700 1912 -4888 3072 -1015 -522
-11476 1364 -5668 4227 -2245 143
-10600 740 -4524 3995 -2035 67
-11384 244 -4844 4100 -2814 -466
-13328 1296 -4796 3131 -1233 -320
-15104 380 -3228 1882 -491 329
-17572 964 -4164 1544 -21 1155
-21356 768 -3688 792 -1449 1406
-21364 2304 -2576 -992 -1296 1482
-20336 3260 -6436 -1582 696 2248
-13764 5052 -6732 -727 -853 1165
-11632 6112 -6412 -1042 424 1447
-13256 4288 -4052 -1143 -192 699
-10776 3436 -3524 -1920 -430 -129
-9452 2788 -3896 -2793 1068 -1069
-11420 2288 -1732 -2642 1719 -1451
-13324 1972 -2544 -2017 1254 -1563
-14436 1464 -1788 -1344 1435 -1618
-16356 2532 -2804 -960 1764 -1706
-20288 2296 -1776 312 749 -2477
-21108 712 -956 1336 -1273 -4159
-23944 5948 -8256 -2161 2683 -2588
-18824 28 -8196 3203 -821 -1733
-11968 1764 -9212 3547 1025 341
-13608 968 -6932 3916 865 996
-13564 684 -5304 4858 -1120 1301
-9940 408 -5168 5312 -1280 1780
-10448 208 -5508 5325 -1334 1930
-12200 112 -4264 4059 -1467 1096
-13428 796 -4244 3058 -1221 1185
-16056 744 -3748 1409 -1101 1520
-17276 732 -3200 480 -1955 1439
-19380 768 -3244 -891 -1201 1481
-21768 1464 -2708 -2072 -389 1358
-20320 1248 -4808 -8 1713 2132
-14788 5004 -7008 -212 478 1144
-10424 5768 -6464 -1025 1287 979
-14308 4544 -4004 -1271 815 370
-11796 2952 -4376 -1898 -64 -133
-10492 2764 -4548 -1901 805 -1087
-12040 2764 -3136 -1878 1187 -1077
-13180 2456 -2160 -1670 470 -1339
-13316 2136 -2144 -1256 507 -1215
-16640 1928 -2492 -1055 1282 -1385
-18840 1740 -1924 -148 1308 -1392
-19964 640 -1368 1500 552 -1906
-17848 5152 -6228 -386 3191 -1809
-22896 2268 -6908 -381 4671 487
-13268 3276 -10896 1113 2282 2182
-13248 1868 -9508 1903 2255 1900
-13228 1688 -6384 2476 146 1133
-10452 1288 -6188 3485 -1610 1088
-10564 972 -5912 3607 -2275 584
-11908 1252 -5348 3443 -2347 327
-14136 856 -4548 2446 -1993 78
-15984 864 -4320 1482 -1765 129
-16980 900 -5028 676 -2203 504
-20236 1388 -4436 -286 -2273 355
-21852 1964 -3032 -2472 -2709 826
-20352 2432 -6764 -2238 978 2191
-13044 6816 -5804 -209 -784 2464
-12128 4156 -5496 -696 -88 1190
-11708 4772 -5440 -383 -439 679
-10432 3764 -3820 -1397 -15 -10
-10248 2992 -3516 -2173 -18 -1505
-12336 2460 -2296 -1895 1133 -1776
-14020 2288 -1840 -1046 614 -1752
-14360 1532 -1608 -314 678 -1329
-15664 2220 -2240 61 1238 -1073
-19116 2688 -1192 458 1309 -1503
-21640 2040 -516 926 621 -2315
-21704 5428 -8252 18 1336 -3161
-19348 3092 -7972 1705 328 -750
-12788 1856 -8872 2150 1795 -260
-12924 2468 -7004 1716 28 -355
-12772 1176 -5008 2911 -784 -43
-9856 604 -5164 3266 -1978 95
-10896 416 -4956 3387 -1644 195
-12656 132 -4492 3198 -1516 180
-13728 380 -3956 2246 -885 296
-16132 184 -3676 1925 -219 996
-18428 768 -3416 1086 -809 1320
-21612 36 -4248 -116 -672 1532
-23956 1644 -3680 -2421 294 1681
-18668 6220 -9044 965 1184 2826
-11280 5560 -6396 -2167 -345 1346
-12236 3408 -5916 -930 1051 850
-12260 3340 -4740 -1426 314 274
-10184 2396 -4592 -1904 763 -464
-12192 2820 -4288 -1353 1445 -488
-13408 2700 -2440 -521 681 -405
-12764 2148 -2132 -86 318 -341
-14168 1692 -2724 416 341 -284
-16768 2580 -2668 -349 538 -883
-18768 1936 -3012 403 879 -946
-20536 120 -3864 1804 774 -1055
-24412 7104 -6308 -661 4512 -469
-17100 1944 -9012 2955 -582 -237
-11156 3192 -10024 3323 1096 670
-13644 2756 -7120 3143 7 191
-12660 1912 -6340 3984 -1282 490
-10348 1240 -6084 3697 -1812 570
-11140 920 -5504 3862 -2402 354
-12224 716 -5080 3033 -1993 159
-14432 816 -4088 1711 -1521 101
-16396 764 -4560 883 -1616 573
-19928 688 -4492 -292 -2580 498
-21392 1544 -3836 -1757 -837 1100
-21260 412 -4676 -3802 -169 744
-16060 6724 -7512 -127 123 2210
-10912 4896 -5304 -2006 296 686
-12352 4560 -4928 -832 738 413
-12312 4520 -4196 -942 549 282
-10772 3308 -3816 -1671 -23 -535
-10416 2528 -3592 -1464 939 -765
-12640 2548 -2812 -537 1446 -1037
-13860 2436 -2368 463 1305 -825
-16768 2056 -532 783 49 -814
-16820 2948 -2968 675 445 -1156
-21800 2568 -388 2631 953 -1958
-22288 3220 -6640 1857 -557 -3251
-24408 7360 -8888 472 1479 -1555
-13188 2020 -9600 1793 -615 802
-11972 1824 -7716 1620 618 1442
-11608 1128 -6044 1786 -97 996
-9884 468 -4864 2599 -1978 308
-10128 852 -5084 3246 -1628 422
-12660 276 -4604 3454 -1901 -240
-13536 1044 -4264 2606 -1169 126
-15604 1028 -3444 1683 -1036 479
-16540 908 -3732 720 -1022 841
-18760 1092 -3504 -521 -927 1018
-21952 1952 -2264 -2149 -1121 1124
-21140 1452 -5288 -2292 589 2131
-16800 6644 -7172 142 -312 1663
-10996 4432 -7272 -111 329 1185
-12992 4620 -4748 -83 342 276
-11368 3512 -4252 -1011 -990 -1033
-9920 2592 -3684 -1230 448 -1185
-11204 3040 -3204 -1657 1394 -1318
-13252 2472 -2360 -1571 1451 -1233
-14468 1848 -1724 -1262 1007 -1345
-15248 1620 -2112 -775 1274 -1415
-17204 2548 -2440 -1038 1447 -1550
-19520 1700 -1700 586 502 -1976
-21312 4956 -7324 -369 1340 -3509
-24004 2996 -9484 874 1455 -1535
-12780 1612 -10172 2416 1250 231
-12388 2032 -8072 1910 1511 293
-13132 988 -5248 2210 -260 441
-10848 580 -5112 3252 -1612 1245
-10164 444 -4836 3176 -2361 1460
-12380 -132 -4388 3395 -2412 1316
-13548 316 -4016 2317 -1763 820
-15076 600 -4544 1837 -1751 1364
-17696 708 -3976 852 -2745 1277
-20352 1128 -4016 -611 -2647 1163
-24456 2220 -3000 -3251 -546 525
-18812 3696 -5628 908 -888 1427
-12644 5192 -5004 -1222 -1133 253
-10832 4572 -4136 -237 430 -144
-12704 4788 -4376 -729 480 153
-11072 3368 -3240 -1561 692 23
-10488 2416 -3436 -1620 1201 -701
-12312 2488 -2668 -1071 2154 -460
-13732 1900 -1648 -823 2186 -442
-14728 1656 -1860 23 1600 -292
-16420 2200 -2424 -502 1716 -939
-19548 2332 -2632 -392 2312 -1510
-22804 1420 -660 857 -663 -2225
-21156 6880 -8640 -1319 4776 -1187
-19424 632 -8468 2161 -1098 -1865
-10960 2068 -8888 3243 -158 -728
-13244 1756 -6716 3153 -331 -394
-12048 524 -5244 4480 -1805 250
-9780 976 -5404 4500 -1307 1543
-10824 252 -4724 3985 -1434 1504
-12700 516 -4740 3128 -858 1176
-14244 680 -4316 2141 -171 989
-16364 852 -3416 1285 -305 1115
-19548 984 -4080 240 -1532 1400
-21364 792 -4192 -897 -1821 1281
-23708 600 -2780 -3015 -1520 555
-18148 6660 -7436 -476 -298 2145
-11396 6204 -5224 -2833 -332 1691
-12392 4084 -4796 -2051 -503 847
-11484 3420 -5032 -1251 937 404
-10352 2796 -2656 -989 487 -117
-9644 2764 -2836 -1402 340 -1007
-12860 2524 -1584 -954 1358 -1230
-14472 2112 -2320 -538 680 -1394
-15040 2176 -1968 529 989 -763
-16836 1536 -1644 989 104 -1275
-18572 1196 -416 2221 -219 -1984
-21892 1316 -1456 2320 -622 -2082
-24732 5692 -3624 1066 2886 -345
-19576 3288 -6032 1015 -1684 -1352
-9936 1896 -8696 2299 711 756
-12648 1144 -6664 3134 1349 265
-13004 1060 -4864 3324 913 88
-10448 940 -4996 3535 -443 433
-10516 716 -4416 3442 -869 268
-12976 572 -4448 3143 -1149 -73
-14464 496 -4448 2172 -1021 253
-16448 1044 -4316 1278 -610 1032
-20068 1124 -4176 22 -2439 1202
-22668 872 -2764 -2096 -2715 792
-24272 -240 -3988 -3583 -2589 1206
-14892 6796 -6000 -1101 -3791 2061
-10052 3672 -5364 -2139 -1572 849
-11632 4212 -3156 -1518 -158 -74
-11884 2688 -2512 -1654 593 -425
-10340 2452 -2368 -1114 961 -469
-11096 2216 -2316 -1197 2952 -594
-13780 2128 -748 -127 2403 -544
-13660 1616 -864 190 1760 -480
-14560 844 -968 714 2647 -678
-16792 2056 -1252 1346 3249 -1191
-21388 192 -1820 2430 3405 -3043
-22992 5204 -5884 2031 2638 -2922
-24084 2296 -7064 1147 682 -1078
-15584 1100 -7728 2208 -348 -941
-12092 -100 -9168 4173 -458 338
-13376 716 -6600 4883 -649 789
-11584 608 -5184 6094 -2177 911
-8876 292 -4564 5801 -2175 1748
-10308 472 -4512 4561 -1973 1329
-13440 -120 -3572 2912 -1364 958
-15940 612 -3232 1574 -926 874
-17512 756 -3224 115 -897 1601
-20304 776 -2620 -1184 -1188 1598
-22324 2044 -2404 -4234 -1326 940
-21648 1684 -5252 -2641 -253 1581
-12756 6164 -6324 -3344 -1705 1732
-12400 4168 -4296 -2396 402 1260
-13388 3888 -4176 -1482 657 354
-10580 3160 -3728 -2264 966 233
-9180 2368 -2856 -2036 1730 -279
-11548 2064 -2312 -1483 2224 -419
-13540 1416 -1052 -923 1838 -915
-15368 1248 -1068 352 1514 -949
-16916 2016 -2468 119 2111 -1204
-19384 1736 -1764 711 1706 -1588
-21516 1248 -1140 1111 128 -2132
-25316 6896 -6904 -1681 4107 -932
-18640 264 -7188 -339 -464 -2272
-10024 2240 -8484 1606 338 33
-13276 1240 -6520 2420 214 8
-12020 1040 -4760 3429 -1006 274
-10532 664 -5196 4254 -1852 1717
-10896 -128 -4652 4263 -1823 1542
-12968 -504 -3948 3782 -1775 983
-13216 252 -3536 2780 -1324 937
-16068 852 -3560 1383 -610 1209
-19320 1600 -4212 197 -1730 1363
-23460 1016 -3120 -1432 -2304 482
-23932 3980 -6084 -1555 1517 1773
-16612 5656 -4864 -1267 -1540 2091
-9584 6084 -4900 -883 -230 1793
-13188 3920 -5436 -1457 437 560
-10512 3756 -3696 -1217 1032 533
-8540 3300 -3340 -1901 908 -307
-9828 2744 -2576 -2535 1569 -1012
-13452 2840 -1760 -2519 2140 -1325
-16412 2492 -1684 -1191 1280 -1092
-16464 1460 -744 34 -225 -573
-16768 2156 -1792 367 727 -1044
-21544 2036 -312 1274 -602 -1810
-20792 6228 -5960 -373 407 -2258
-24188 3084 -6732 455 691 -965
-12348 2228 -8916 2365 1150 -174
-12392 1784 -7872 2955 669 -172
-13556 1396 -5316 3549 527 5
-11212 1204 -5092 4362 -1235 1006
-9528 848 -4680 4384 -1433 1261
-11252 680 -4572 4306 -1618 1060
-13052 1128 -3860 3323 -1139 1374
-14676 968 -3508 1473 -432 1489
-19800 1732 -3772 1052 -803 1802
-22236 1200 -3060 158 -2013 1263
-21492 3292 -2808 -2897 -2349 -264
-17944 5900 -7064 778 -97 680
-12912 6716 -5464 -979 -491 236
-12964 5112 -5112 -576 353 -126
-12664 4916 -5036 -1174 438 -644
-10536 3296 -3888 -1932 796 -1157
-9108 2904 -3080 -2371 1493 -1593
-11212 2196 -2532 -2351 2207 -1397
-13384 2224 -2016 -2237 2083 -721
-15492 1184 -1304 -1728 2048 -296
-16204 1896 -2084 -2141 1333 -830
-19504 1600 -1544 -780 2642 -946
-21652 468 -1584 2037 126 -1469
-22260 6956 -6504 -1296 5929 -362
-18468 776 -9232 1625 680 -852
-11836 3348 -9960 2104 1993 1257
-13324 2224 -8384 2167 1010 1194
-13848 1472 -6180 3642 -814 827
-10332 1032 -5796 4150 -2295 631
-10040 636 -5364 4636 -2123 856
-11404 548 -5360 4686 -2123 643
-13376 668 -4104 3316 -1568 528
-14376 712 -4104 2548 -1393 830
-18272 1396 -4664 1913 -1047 1498
-21120 1180 -4356 342 -1866 1631
-23772 1784 -5168 -2011 -1608 1659
-21096 6952 -8040 718 -842 1710
-11860 5880 -6260 -1660 -2277 1389
-11840 4980 -5552 66 1001 1351
-12552 5096 -5372 -1372 963 631
-10696 3272 -3688 -1911 759 -189
-8824 2328 -3748 -2276 1008 -1273
-11540 2056 -3432 -1297 2004 -1709
-14588 2188 -2284 -1347 1997 -1972
-14112 1528 -2044 200 589 -1518
-15640 2432 -2456 756 728 -1456
-18772 2236 -1824 954 1012 -2090
-23064 1988 -2108 707 241 -2223
-25684 6548 -9452 -606 2855 -1307
-19728 884 -8084 2166 -2545 -2042
-9736 2212 -7248 2511 -2058 -137
-11812 876 -7160 3406 -568 -149
-11824 924 -5336 4140 -1615 544
-9756 892 -4684 4460 -2270 1509
-10716 552 -3404 4149 -2241 1890
-12164 324 -4036 3252 -2144 991
-13328 1032 -3720 2289 -1307 822
-15820 1100 -3076 1062 -826 700
-19288 1624 -3564 -327 -1427 652
-22556 488 -2560 -1624 -1770 536
-23896 424 -4220 -3749 236 696
-20580 7100 -5960 -114 -517 1139
-11432 5368 -4964 -2110 74 1360
-11964 4340 -4500 -1865 865 310
-11492 3508 -4100 -1963 1459 60
-10824 2964 -2624 -2748 1509 -371
-9732 2992 -3328 -2913 833 -648
-11324 2656 -2620 -2577 1497 -874
-14396 1972 -1508 -1848 1426 -986
-15364 1724 -1028 -1018 1482 -730
-16076 1668 -1624 116 1773 -489
-20320 1588 -360 749 1530 -1588
-20252 132 -3232 1364 811 -2089
-26524 6752 -6016 -1376 5273 -757
-17940 2452 -9900 2201 -56 -202
-12336 2848 -8796 3301 863 1323
-12788 2536 -7340 3284 -69 1278
-11792 1780 -5496 3432 -1808 1907
-9384 1164 -5012 3425 -2435 1517
-10276 616 -5040 3207 -2654 773
-11632 1204 -4156 2527 -1381 640
-13908 1552 -3384 1281 -776 797
-16332 1356 -2816 376 -441 1493
-17404 1628 -3364 -202 -642 1635
-22184 1576 -3292 -1250 -1038 1432
-23008 2260 -3116 -2962 -580 1510
-21572 6796 -6552 608 162 1866
-12824 5992 -6040 -1631 -1739 305
-11368 6440 -5340 -378 1381 326
-13440 5636 -4888 -1206 57 -597
-11448 4072 -3512 -1073 56 -519
-9772 3172 -3188 -1186 31 -1424
-10392 2872 -2724 -1081 912 -1274
-12280 3036 -2688 -447 1102 -1356
-14260 2664 -1584 888 451 -1563
-16092 1840 -1520 1546 748 -1680
-17396 1476 -1440 3129 495 -1919
-19524 1504 -628 4305 82 -2247
-21124 -804 -1224 5271 -1891 -3441
-22148 8724 -7892 1873 4811 -1711
-18288 48 -10864 5285 -811 -1934
-11908 4576 -9704 3817 184 295
-13432 1456 -8272 3755 574 684
-13012 1360 -6368 3577 -873 593
-10852 648 -5304 3450 -843 1247
-11456 580 -4484 2936 -1265 1086
-11144 836 -4404 2260 -5 1373
-12776 1316 -4332 949 658 1549
-14452 1648 -2868 -4 1201 2021
-16388 1112 -3144 -537 265 1952
-18520 800 -3316 -49 -1780 1522
-17932 1040 -3964 -1315 -2820 1229
-23076 2144 -4780 -3631 -1174 363
-20908 6896 -9596 480 857 2067
-13832 4696 -5620 -2641 -1123 1112
-9952 5632 -5460 -1838 768 1021
-13384 3940 -5944 -2108 -569 -417
-12040 3604 -4512 -1898 468 -228
-12968 3512 -4004 -1602 -29 -346
-13284 3676 -3664 -1025 136 302
-14508 4060 -3320 -451 495 1022
-14272 4036 -3520 715 354 1734
-14472 3456 -3076 1237 -815 999
-14140 3792 -3136 2342 -940 610
-14484 3892 -3024 2910 -839 -62
-14828 3852 -2432 3773 -769 -963
-15240 3996 -2624 4046 -701 -2085
-19968 7408 -6728 2042 1391 -2972
-18800 3136 -4400 3456 -1737 -2233
-13804 2812 -5108 4147 -937 -3214
-10048 2712 -5408 3121 -744 -2894
-13884 1280 -5384 3055 -421 -3019
-14480 1480 -5712 2537 -395 -2771
-15588 1548 -4888 2010 263 -2052
-15464 1184 -4308 1638 -419 -1291
-14512 480 -4616 1253 -324 -927
-15772 1004 -4800 436 475 -741
-15348 952 -4872 131 400 -172
-15356 848 -5264 -55 31 555
-14376 540 -4904 -354 82 372
-15356 908 -4200 -1172 -577 -56
-16736 784 -3320 -1315 -1707 -75
-15924 660 -3908 -654 -1464 626
-15076 1208 -3560 -278 -473 1093
-15188 1544 -3288 -513 -919 1295
-16044 1668 -3600 -647 -640 1058
-15468 1908 -3312 -618 -348 946
-15308 1976 -3228 -724 -673 737
-15188 1164 -2868 -811 -978 -59
-15212 2112 -3400 -960 -357 -496
-15044 1784 -2512 -854 586 -543
-15436 1836 -2148 -364 323 -521
-15452 1752 -2612 40 215 -423
-15624 1332 -2280 110 53 -529
-15320 1208 -2684 461 -151 -536
-15208 1316 -2284 777 -232 -506
-15228 1116 -3032 1109 -134 -343
-15764 1116 -2392 1264 174 -375
-15356 1224 -2448 1611 -208 -320
-15544 948 -2400 1672 42 -308
-15344 1200 -2684 1694 -101 -372
-15332 708 -2524 1523 24 -333
-15168 972 -2740 1377 -27 -184
-15356 32 -1912 1257 -165 -598
-15580 560 -2884 1876 -141 -575
-15400 1332 -3436 1938 -106 -609
-15804 772 -2628 2199 -940 -292
-15196 904 -2876 2650 -610 -315
-15876 560 -2696 2798 -1169 17
-15852 1048 -3308 2702 -1221 -41
-15176 916 -2296 2465 -1032 95
-14988 964 -2432 1763 -887 59
-15188 860 -1504 1459 -528 79
-15356 740 -2312 1538 -360 -101
-15420 -188 -2516 1865 -938 -666
-16572 -524 -356 2907 -459 -500
-14904 1400 -3976 2616 -1647 37
-14972 848 -1824 2435 381 -228
-16040 1372 -2344 2807 -205 897
-14008 928 -844 1824 760 870
-15412 1436 -1552 763 2751 150
-15960 1612 -2372 -375 1976 -65
-15652 1308 -3260 -655 1317 -363
