-15788 -348 -1928 6576 -109 -820
-15880 -344 -3004 6881 -302 -703
-16384 360 -2456 7290 -852 -380
-15460 120 -1768 7412 -1279 16
-15424 460 -1452 7102 -571 -331
-15428 464 -1380 7224 -304 -157
-15528 424 -1780 6886 -220 -43
-15380 1020 -1868 5965 89 -117
-15140 1052 -2024 4867 72 -257
-15516 684 -1516 3849 386 -300
-15596 404 -1864 3334 388 -262
-15648 128 -1952 3070 604 181
-15820 552 -2064 2330 1052 370
-15280 2288 -2468 1260 1297 1309
-15480 1492 -1420 1628 1294 1542
-15316 752 -996 2697 226 769
-14412 976 -1856 3419 603 -75
-15448 1596 -2056 3840 1348 -392
-15312 1560 -1696 4158 412 -337
-14164 1444 -1840 4159 425 -103
-16380 2120 -3312 3946 1627 349
-16792 356 -3128 3682 62 988
-12768 416 -4216 3167 2031 1197
-16932 404 -4296 3476 2216 1641
-16192 908 -3820 2004 1117 922
-15628 168 -3780 1296 444 285
-15336 344 -3772 1441 -433 -116
-16272 1288 -4096 1086 -662 -177
-16812 1408 -2536 311 -845 -40
-14468 840 -3620 563 -1488 -28
-14664 768 -3604 -215 -955 -614
-15740 404 -2936 -901 -1245 -863
-15468 916 -2936 -1293 -772 -1051
-14948 624 -3372 -1458 -1073 -744
-15732 1272 -2576 -1253 -545 -562
-15156 1148 -2724 -1133 -1355 -622
-15200 1124 -2824 -1071 -539 -600
-15428 1108 -2324 -942 -632 -540
-15536 592 -2360 -747 -383 -493
-15588 628 -1960 -558 -508 -549
-15656 536 -2036 -225 -486 -397
-15416 308 -2688 103 -454 -437
-15648 312 -1580 668 -416 -454
-15372 328 -2200 1036 -393 -392
-15504 408 -2020 1149 -362 -343
-15368 312 -2184 1362 -445 -136
-15640 356 -2192 1348 -465 27
-15608 432 -2132 1180 -376 158
-15516 624 -2140 1007 -611 236
-15376 364 -1956 933 -512 149
-15660 312 -1880 1083 -501 -42
-15364 448 -2180 952 -334 -54
-15612 416 -1980 1086 -411 -29
-15416 532 -1900 917 -24 119
-15492 392 -1708 721 51 76
-15348 304 -2016 712 197 134
-15572 204 -1872 703 297 159
-15380 204 -1760 917 367 264
-15460 72 -1824 997 573 346
-15548 -72 -1876 840 670 304
-15472 -84 -1984 1019 826 374
-15508 36 -2100 937 964 496
-15492 60 -2108 987 894 594
-15120 -92 -2456 1378 809 846
-15808 100 -2040 1364 1148 922
-15316 460 -1852 1905 1002 1316
-15220 672 -1884 2058 1087 1517
-14496 2032 -2032 1840 1403 1677
-17116 1684 -1016 1688 1544 1140
-15568 504 -1700 2186 512 321
-15004 452 -2060 2684 584 -323
-14544 1464 -832 3073 -163 -437
-14476 1312 -1304 3115 -857 -594
-13832 724 -404 2968 -815 -973
-14296 640 -728 2244 -926 -1246
-14740 476 -156 1543 -636 -1283
-15172 796 256 1267 -1136 -1009
-15236 -420 436 498 -2331 -1232
-25192 1632 -2100 -1420 880 -1364
-18316 -116 -3776 250 1176 156
-14916 -444 -3680 2872 -1916 392
-14308 848 -5596 1930 343 277
-15120 252 -2356 1714 164 593
-12908 -8 -4440 1895 -273 824
-13488 76 -2616 1308 74 774
-14272 -664 -2792 483 560 679
-15224 -756 -1848 62 -62 288
-13672 -272 -2660 -102 -1509 145
-15064 -244 -1948 -1070 -2591 169
-16292 -1268 -1060 -1170 -3133 -193
-18080 -964 44 -2027 -4407 -1476
-26864 416 -1272 -2445 -910 -2591
-9752 4692 -2576 138 -2424 1271
-16400 1396 -396 -1686 2050 752
-15036 244 -540 84 -31 485
-9740 936 -1152 861 2040 401
-13208 136 -908 1732 2636 -152
-13848 1060 96 2753 2264 -271
-12936 920 -396 2681 1318 -552
-13232 472 -476 2376 992 -1143
-13912 852 -952 1972 389 -1498
-16768 1140 832 408 -481 -2053
-19584 -112 -5040 -1715 -2494 -3564
-22664 1776 -8088 -413 -916 -1243
-18904 -1832 -2056 1741 2742 2302
-19288 176 -4140 902 -2038 483
-9816 128 -3140 317 634 2023
-12908 280 -2176 328 -183 2172
-11796 288 -3504 48 -163 2240
-14056 -612 -2392 -503 384 1781
-12888 -988 -1836 -31 275 1494
-12472 -528 -1744 -306 54 1144
-14948 -1276 -1168 -762 -1083 93
-14124 -772 -1656 -764 -1448 -375
-19484 -1004 -348 -1398 -2412 -1347
-26328 1000 -1036 -2996 1891 -2739
-14732 6232 -3132 297 -1507 1009
-20184 1396 -1524 -2088 2583 -451
-13732 1012 -1264 -837 153 443
-10248 996 -2472 -120 1995 307
-12324 1016 -2044 606 1495 -131
-12872 1124 -1072 1559 1826 -220
-12980 424 -140 2400 -234 -821
-12924 -412 -92 2473 -403 -1308
-13556 -956 -168 3134 -879 -1983
-12288 488 -1400 4277 -494 -1402
-15668 -380 2752 4218 -2561 -1675
-29312 1412 1444 2663 -80 -2797
-18868 -1352 -6396 1493 -2155 436
-20016 688 -4464 3064 2784 2109
-16868 288 -3136 1785 136 1177
-12420 -900 -3680 623 946 1528
-11164 -48 -3324 402 809 2067
-11064 152 -2280 26 1506 2604
-12380 -464 -2880 -789 675 2069
-12860 -672 -2208 -1652 140 1562
-15252 -1448 -1140 -2506 -1668 -64
-13940 -1336 -2484 -1572 -1326 -538
-18960 -820 572 -1857 -2607 -1634
-26776 -1352 -940 -2883 2288 -3145
-13848 8180 -4476 150 -1421 2441
-23268 2640 -1192 -2294 2258 54
-14024 1412 -828 -1869 -1266 534
-9452 1488 -1608 -855 976 1295
-9968 532 -1728 -357 1427 552
-13356 752 -652 890 1868 -179
-13100 1120 -408 1817 768 -554
-12556 360 400 2117 -320 -1105
-12248 388 -168 2868 -948 -1481
-12696 1112 -760 2848 -915 -1407
-12248 -948 1116 2894 -3433 -1103
-32768 1396 -2752 161 2461 -2743
-21396 -2012 -4784 3783 725 2553
-23176 676 -2216 3603 -1669 1410
-14576 764 -5088 1446 -244 1332
-13856 -392 -3512 591 1732 1918
-10712 720 -2392 -197 541 1697
-10308 972 -3348 -1115 844 2038
-12804 248 -2944 -1962 1438 1709
-13492 -264 -1660 -2927 763 1063
-13496 -600 -1140 -3121 -186 536
-15112 -1420 -988 -2980 -1233 -201
-16464 -524 -384 -2373 -1325 -449
-17996 96 -332 -3516 -3654 -1879
-25540 408 -2540 -2325 -26 -2653
-17560 7720 -1572 -404 440 1107
-19924 1980 -1684 -1625 651 284
-12936 2148 -2148 -353 -56 1500
-10600 1100 -1908 193 1557 1216
-11516 784 -1928 1236 1890 -390
-12808 1516 -1852 2468 2841 -466
-13920 2140 -948 2267 1783 -927
-13360 1068 -300 2086 214 -1335
-12424 136 -340 1838 -195 -1623
-13020 628 -856 1807 -325 -1495
-15284 668 -380 2295 -893 -1835
-16796 -1008 -1852 1096 -2677 -2111
-30144 1488 -4896 671 301 -2493
-19632 -2088 -2568 1200 1797 -224
-19048 -108 -3476 2149 -3684 411
-11912 704 -4460 932 1348 1135
-12424 -208 -2968 473 -103 1990
-11424 432 -3636 184 917 2773
-12520 316 -2908 -1307 1185 3091
-12912 -348 -2076 -2094 1 2499
-12132 132 -1808 -2752 -356 2000
-13868 -648 -740 -2592 -1091 1589
-15196 -1176 -1048 -1461 -1745 299
-14948 -448 -96 -2288 -3176 -758
-26656 3264 -1004 -4134 416 -2724
-18784 8256 -2992 -1687 684 1423
-21784 2624 -3072 -2944 3114 392
-14196 1928 -776 -2273 1560 898
-11340 1188 -2100 -859 1483 501
-10500 1040 -1976 2 1867 -618
-13128 2272 -1872 592 2731 -625
-13156 2260 -1228 935 1136 -985
-12820 964 -504 716 -439 -1785
-11912 -120 -1288 902 -757 -2352
-15244 140 -292 1743 -948 -2831
-15024 844 304 2359 -2562 -2750
-32116 1900 728 560 -748 -4676
-14272 -856 -7540 -272 -4438 -485
-23156 -712 -2680 1830 3463 1251
-14696 240 -4108 1283 -2634 749
-13516 652 -2952 -340 957 2048
-12760 704 -2980 -1264 -84 2032
-12216 1192 -2656 -2865 723 2309
-12384 -144 -2520 -4106 432 2040
-11488 -372 -1704 -5493 248 1358
-12728 -816 -1068 -5690 -1 978
-12748 -716 -1508 -4925 -175 460
-16548 -1516 -324 -4148 -989 -681
-24228 148 140 -5307 -81 -3454
-20780 7420 -3648 -3065 1793 1060
-22812 2272 -2528 -5384 2298 1422
-17448 2124 -2040 -4560 955 1827
-12748 1532 -1184 -3791 1429 1314
-10544 820 -1840 -2733 232 -6
-10764 1636 -2012 -2318 1887 -116
-13772 2344 -892 -2205 2427 331
-13472 1784 -876 -1671 697 -330
-12668 688 -728 -1342 -102 -1184
-12796 396 -576 -1267 -197 -1937
-13880 400 -204 -1252 -1397 -2533
-14784 -1156 -3836 -454 -2071 -2736
-30468 1748 -6080 -2594 606 -3377
-16336 -1464 -3816 1647 -1368 1569
-23288 756 -4328 1132 -1744 518
-14648 1552 -3592 -1235 -1156 1334
-13636 112 -3388 -2478 -881 1508
-11760 892 -2468 -3490 -289 1697
-11036 84 -2560 -4653 347 1659
-12212 -1040 -1668 -5435 -25 913
-14304 -1472 -436 -4897 -36 387
-13044 -1792 -996 -3923 -1778 -415
-14336 -1256 -1276 -1965 -2000 -601
-14552 -980 -48 -2863 -3196 -1020
-23156 2456 -120 -4748 -578 -2897
-19036 4636 -4476 -2895 -1468 1004
-22488 804 -1688 -4969 1644 -10
-18648 1956 424 -3987 70 887
-10548 1496 -1288 -3776 2015 1888
-10488 1224 -1080 -2289 803 1938
-11500 1244 -1436 -1800 2401 1460
-13856 1748 -284 -1298 1834 707
-14020 1092 -212 -1056 623 79
-12428 -360 52 -255 391 -791
-12912 -484 60 745 596 -1510
-14956 0 52 1028 754 -3143
-16176 -368 864 868 -1113 -3843
-30868 1036 824 -1463 1813 -4714
-18764 -2564 -3616 -831 -3640 -1355
-18000 -692 -2692 2301 -425 1969
-15932 960 -3604 1897 116 1084
-13504 -276 -2540 1176 -520 1803
-11576 -200 -2648 496 -52 2168
-12088 -216 -2816 -176 541 2171
-12764 -348 -2484 -1220 1027 1965
-12792 -744 -1912 -1964 751 1740
-12504 -576 -1440 -2872 -24 1687
-14332 -964 -660 -3311 -788 1079
-14520 -1188 -1500 -3065 -1485 614
-17120 744 -2384 -4285 -2016 -584
-25744 2624 -2772 -2477 1290 -1250
-18596 5748 -2680 -1013 145 1898
-21376 2520 -2516 -1103 1467 546
-12600 1980 -1528 -1145 54 2387
-11712 348 -1740 -875 6 1535
-10248 316 -1924 119 898 16
-12892 1220 -1180 1453 2359 -208
-13912 1348 -256 1571 1894 -699
-14232 508 -340 2203 143 -1140
-13592 -200 -200 3060 -537 -1735
-15280 528 284 2549 -162 -2068
-16116 596 1040 3165 -1545 -1564
-22836 2240 -2440 1851 37 -2285
-15696 1280 -9628 394 -1139 43
-23288 20 -3336 2816 2482 1882
-17056 1452 -4792 976 -1693 464
-13712 648 -2876 100 524 1667
-12076 -408 -2960 207 -1198 1189
-10864 332 -3200 -737 -324 1660
-12124 -128 -3368 -737 832 1654
-12692 132 -1516 -1321 559 1540
-11164 -152 -1368 -2405 -498 953
-13748 -1196 -856 -2702 -234 281
-14808 -1008 -1860 -1076 -874 -251
-17720 -1084 488 -2040 -2011 -1240
-27148 -1372 -1144 -2247 -477 -2687
-17264 8552 -3808 1568 375 1422
-23908 2328 -1668 -1135 1474 458
-16780 2060 -1764 -18 -805 809
-12028 1536 -1800 836 700 1258
-10972 768 -1396 1022 -429 -51
-10056 1188 -1644 1469 1325 97
-12468 1424 -1288 2110 2107 841
-13736 1308 -248 2097 884 103
-13400 816 116 2576 75 -376
-13632 456 164 2450 -197 -1236
-14888 1420 600 1750 -1097 -1687
-13808 168 1052 2581 -3720 -1834
-32768 3888 -436 -1474 2094 -2910
-17408 -2292 -4532 1550 -1974 79
-21756 1688 -4372 2504 -374 210
-16096 1304 -2956 1158 -1787 -541
-11816 -496 -4160 989 810 303
-10952 220 -3188 725 1063 430
-10736 360 -2912 -304 1457 1080
-12304 -120 -2596 -1073 1402 1003
-12380 108 -2056 -2269 418 1156
-14156 -1068 -372 -3131 -1300 769
-13976 -2236 -1024 -2263 -2827 88
-15768 -1048 200 -874 -2068 -144
-22200 420 188 -1673 -2771 -2583
-18540 4804 -5756 2027 -2123 223
-20584 3692 -1200 -808 3871 1867
-21080 2624 -2512 151 -217 76
-12720 1128 -1536 -133 703 636
-12420 732 -948 967 1045 195
-10996 1000 -1396 1329 1327 -682
-12112 1020 -1044 2190 1867 -357
-13176 732 -240 2764 875 -412
-12856 108 348 2749 -129 -1245
-12380 -316 76 3319 -171 -1975
-15040 -76 152 3350 608 -2425
-16012 -1156 3156 3910 -1941 -3654
-24928 1052 -1952 3000 1721 -5480
-18784 1592 -9480 1944 -2464 -592
-21512 148 -6188 3839 1650 1940
-16388 80 -2324 2684 104 1847
-13952 300 -3260 497 -390 1424
-11868 -612 -2816 -139 -461 2002
-11076 -212 -2672 -498 469 2388
-11912 -592 -2280 -1122 622 2170
-11604 -908 -2044 -1938 10 1729
-12328 -1284 -1312 -2074 -554 1028
-13664 -2076 -1164 -698 -1388 295
-15340 -740 -456 -77 -1879 -199
-23200 372 228 -1299 -2348 -3082
-21980 6688 -6140 2751 -984 151
-22012 2988 -1932 -1695 2125 750
-18196 2088 -1148 -1205 182 1357
-12172 1748 -2144 -428 1251 2043
-11256 480 -1700 -523 928 442
-10764 716 -1852 514 1717 -126
-12716 1252 -892 1292 2244 -248
-13436 964 -252 1547 917 -781
-12944 -196 196 2071 93 -1029
-12260 -704 -900 2554 132 -1861
-15052 64 -40 3322 185 -1577
-14600 -308 256 2279 -2758 -1057
-30208 1448 -1084 -195 1123 -2178
-19160 -968 -4216 686 215 1814
-20064 184 -5208 3175 -178 2043
-13556 1612 -2884 1704 1569 2195
-13472 60 -3516 803 842 2394
-11568 560 -3088 523 379 2134
-11644 -64 -2956 210 360 2240
-11632 -648 -2840 151 84 1752
-11712 -424 -2192 233 -491 1083
-12656 -1024 -1944 519 -1551 275
-12948 -1208 -2940 1242 -1861 -431
-16856 -1308 612 2281 -3011 -1401
-22052 172 -476 1109 -4251 -5195
-21620 8292 -4664 3955 2572 436
-24052 4464 -2816 787 -145 387
-17264 1528 -2152 969 247 298
-14032 1724 -1852 2204 1658 254
-11712 236 -2208 3542 1310 27
-10812 160 -2488 5203 1873 -45
-11696 1068 -1416 5909 1225 -364
-11972 -240 -1192 6945 339 -931
-12884 -16 -1168 7832 -104 -1372
-15360 428 -592 7341 -766 -1999
-13508 928 -1796 6569 -1750 -1119
-16256 -360 -4728 4781 -2299 -1371
-21700 1712 -6964 2850 -2172 -203
-24304 -884 -1772 6883 3124 2003
-21604 648 -4360 5976 -5937 -1199
-14156 1036 -3160 4498 405 723
-13964 -784 -3676 4131 -1050 625
-11220 56 -3004 4223 -883 1134
-10276 -296 -2972 3042 -461 1458
-10728 -424 -2652 2237 176 1316
-11568 -128 -1808 476 -384 875
-12980 -996 -728 -292 -764 530
-14420 -1232 -1732 1652 -803 791
-18100 -540 740 989 -2681 323
-26512 -1464 -1356 -811 -2635 -2352
-17692 7044 -4372 4718 167 1273
-22768 -176 -1304 2767 1728 453
-16180 340 -1520 5427 -560 -600
-12648 564 -1328 6586 728 -20
-11416 308 -1964 7098 -197 -674
-11280 1272 -2084 8236 1450 -571
-13124 992 -1092 8225 1605 -24
-13412 128 -772 8324 69 -818
-12320 112 -1428 7780 -264 -1374
-15380 1320 -312 7098 -4 -1669
-14668 1348 -380 5997 -1418 -1369
-16616 -1368 -1928 4840 -3586 -2543
-24864 -288 -7800 4703 -792 -1893
-21132 -84 -5180 7361 6057 1558
-23016 1916 -3292 6327 -330 916
-15396 520 -4108 4920 828 1220
-11700 -240 -2556 3274 -323 899
-9656 596 -4008 2917 411 1201
-11084 712 -3868 1959 1231 1233
-12984 -152 -2940 897 723 1565
-13048 80 -2640 -773 -73 1243
-15368 -976 -1692 -809 -1583 699
-16540 -1780 -1060 846 -2301 125
-19108 872 -796 -330 -4081 -1444
-25680 1748 -3860 528 -1589 -2603
-14884 6916 -4164 1476 -14 1275
-20116 1344 -1548 231 -389 580
-13084 1100 -3128 2593 -1578 79
-11504 1524 -2156 3185 879 -170
-12212 412 -1444 3685 458 -1284
-12364 544 -1708 4973 1147 -954
-12408 920 -1016 5085 1242 -881
-13372 324 -24 4477 179 -1541
-14040 892 -572 4096 -535 -1733
-15844 844 -20 3167 -1026 -2061
-16376 -1356 1556 2893 -4026 -2568
-31180 1172 -2668 238 2277 -3327
-15820 -1868 -3388 2619 545 -381
-21712 588 -2604 3124 -1567 74
-13452 -176 -4436 3388 -423 398
-11844 -500 -3196 2947 384 1202
-11528 52 -2248 2927 212 1244
-11488 52 -2896 2096 1148 1473
-13444 -240 -2040 803 1779 1435
-13704 -228 -1548 -661 688 1317
-13356 -204 -1312 -1969 -261 1216
-14184 -600 -836 -2160 -1251 1298
-16596 -516 -716 -2099 -761 781
-25620 0 1092 -4322 -997 -1385
-17404 3144 -6960 -844 -1329 -348
-16456 4020 -1108 -2169 3290 -398
-18648 1208 -2300 -1800 -24 -2020
-14040 1428 -2656 562 1699 -1106
-11832 456 -2400 859 1914 -760
-11876 -68 -1668 1475 1723 -662
-12140 300 -2088 2513 1950 -238
-12744 684 -720 2433 1171 8
-12928 -76 436 2373 217 -265
-12748 -352 -920 2885 -428 -1061
-16104 892 144 2633 -1920 -1635
-16284 -1420 -1944 1485 -2591 -1268
-29816 2764 -7772 684 -648 -2331
-16704 -1368 -2816 2836 663 2207
-20932 536 -4196 2722 -1677 1004
-14080 80 -5064 1617 -124 518
-14956 -356 -3044 305 185 945
-11244 -8 -2940 -48 -709 1422
-11036 132 -2592 -884 186 1797
-11232 -656 -2100 -1810 288 1637
-12372 -512 -1660 -2794 -16 1285
-14336 -1216 -1160 -3405 -945 697
-15044 -2068 -1168 -1581 -1437 461
-18800 -772 712 -530 -2826 -604
-25600 -656 -1656 -2708 -1343 -2675
-18068 5164 -3344 2773 -1212 461
-19680 3008 -1680 -636 340 141
-15936 1172 -1888 289 -330 159
-11764 1524 -2372 615 1572 458
-11416 60 -872 836 1083 -172
-10852 -204 -1372 1403 1132 -862
-12592 304 -344 2283 1607 -651
-13716 0 -76 2032 1242 -1007
-13552 -480 304 2245 1197 -1142
-13716 -180 40 2834 118 -1056
-15180 -44 -4 2587 -489 -1317
-15300 -1240 2632 2474 -2172 -1057
-30512 1872 -2864 1307 2419 -2154
-14784 -1956 -5656 2139 -1536 1531
-23728 2104 -4080 1414 -609 1323
-13516 496 -3776 1635 -914 2019
-13272 384 -3076 292 776 2096
-11744 236 -2316 -309 -8 2033
-11116 536 -2452 -1127 629 2124
-11224 -144 -1984 -1996 1176 1890
-12288 -424 -1924 -2461 410 1330
-13304 -88 -1464 -3503 -313 566
-14936 -1116 -696 -2220 -1120 -94
-16464 -4 -444 -1979 -2131 -790
-27672 -80 -2528 -2714 1418 -2018
-17296 7020 -3468 -277 -398 948
-22976 2440 -1528 -2170 3073 -72
-15544 1732 -2188 117 1371 746
-12544 668 -2872 1308 2033 317
-10996 732 -2144 1086 1294 -363
-11408 652 -2076 2016 1607 -521
-12484 1292 -1564 2129 1332 -504
-13744 848 -384 2172 303 -684
-12840 -224 440 2103 -629 -1100
-13496 -340 -1572 2561 -133 -1470
-15456 1348 20 1880 -378 -1278
-15920 -1380 -3520 1638 -1338 -1542
-27748 1416 -6604 -94 74 -2840
-16180 -1736 -3552 3107 -540 1179
-24396 1520 -4980 2213 -2222 -252
-12828 576 -3688 1074 -1085 1358
-14032 -244 -3256 -95 -425 1250
-11084 608 -3136 -536 -646 1631
-10728 420 -3016 -1804 500 1839
-11920 -256 -2328 -2135 379 1561
-12132 -444 -2180 -2917 -183 1101
-13892 -900 -544 -3542 -1420 163
-14172 -1376 -2000 -1156 -1281 -141
-18392 992 -1568 -2572 -2245 -1930
-24692 2228 -2632 -1352 -22 -2120
-18272 6292 -3964 -1112 1287 1305
-22384 2496 -2916 -1626 1571 -14
-14868 2324 -2304 -1330 1365 1039
-13756 684 -1740 -954 1050 491
-10696 428 -2288 273 1045 -370
-11064 748 -2320 1356 1962 258
-13244 20 -1028 2530 1979 297
-13736 388 -840 3357 463 -638
-13372 -224 -252 4256 -634 -1207
-14060 212 -244 4670 -1632 -2092
-15084 1340 100 4067 -2037 -2158
-15588 -424 -4236 2547 -3297 -2265
-26760 1616 -5580 230 -2734 -2884
-19376 -1100 -4516 1489 1588 1464
-19060 -868 -3820 2333 202 1389
-15500 1048 -3916 635 353 604
-12364 -392 -2728 -417 -329 1326
-11644 -496 -2412 -638 853 1431
-11712 -688 -2300 -417 787 1671
-12212 -816 -2144 -713 1497 1451
-12440 -624 -1300 -1574 647 1154
-12528 -664 -1336 -2027 -227 1005
-13528 -1072 -1060 -1731 -1041 498
-15328 -192 -832 -1642 -1373 -254
-28388 1296 -1196 -4532 2220 -1896
-17184 7964 -5976 -1309 -794 1324
-22436 2208 -3772 -4533 3020 -622
-15908 2244 -2132 -4844 140 462
-13404 1824 -2692 -4195 1880 1179
-11964 876 -2120 -3782 627 -314
-10812 1632 -2100 -2870 1126 -324
-11736 712 -1224 -1967 1302 -561
-12188 784 -752 -1543 587 -863
-13560 456 232 -1226 -116 -1261
-14300 144 -308 -1226 -1946 -1913
-13120 596 -28 -928 -2211 -2165
-22832 1620 -3608 -1856 84 -3819
-20528 2308 -11420 -3811 -1293 -1242
-23032 1772 -1288 -970 1828 2089
-17848 1180 -4620 -2218 -2374 761
-13812 960 -3648 -3061 -355 1816
-13872 1176 -2900 -3743 -222 1736
-11500 1144 -2856 -4513 110 1931
-11568 648 -2496 -5462 909 1755
-12096 308 -1944 -6321 790 1479
-11800 -76 -1136 -6740 261 938
-13052 -796 -1032 -5808 58 688
-14008 -1124 -556 -4633 -206 -189
-15396 -908 260 -4009 -2226 -1280
-24448 152 -1116 -3975 2363 -2293
-20536 9040 -3572 -1910 -598 1435
-20488 2188 -3236 -5439 2726 1080
-17340 2516 -1316 -5205 45 1498
-13480 920 -2612 -4124 401 1304
-11472 1412 -1732 -3972 1285 30
-12028 1348 -1328 -2350 1608 45
-12388 1160 -936 -1838 1299 -111
-13112 1308 -1000 -1118 1319 -117
-13860 252 92 -168 439 -647
-13916 -492 468 782 -628 -1790
-13608 352 -512 1298 -661 -2366
-13968 -556 1564 2606 -2685 -2687
-26860 2304 -1688 1071 -281 -3701
-20192 1660 -7656 324 -1134 -470
-19020 736 -3696 1182 471 1638
-16576 2180 -4112 -1250 -129 800
-14836 652 -3768 -2297 -473 1492
-12816 288 -2996 -3227 52 1563
-11368 400 -2636 -3608 -31 2095
-12180 -52 -2628 -3915 285 1805
-11876 -592 -2072 -4572 -274 1359
-12312 -420 -1788 -4916 -290 924
-13384 -1356 -1592 -4306 -1075 168
-14524 -1132 -1424 -3236 -1094 -338
-16556 1464 -3236 -4862 -2709 -2212
-28332 3868 -2308 -2987 1652 -1666
-16144 4804 -2540 -2590 935 2293
-22696 2716 -2876 -2200 2525 1211
-13876 2276 -776 -1491 -91 1402
-10840 1184 -1736 -1296 230 641
-10136 784 -1340 -599 1178 -317
-12696 1352 -1212 -30 2190 -397
-13492 1568 -584 202 1516 -239
-13096 388 0 764 280 -565
-13204 -216 52 1678 -293 -1239
-15280 224 -472 1623 -726 -2262
-15824 -152 172 2035 -1407 -2126
-24440 1292 -1004 1424 24 -3467
-20660 2164 -11280 105 -2971 -1508
-20996 144 -4372 2685 807 1438
-14908 364 -3744 1802 -2354 1170
-12136 360 -2644 323 145 1812
-11116 4 -3040 -239 -964 1745
-11888 164 -2764 -1142 -322 1494
-12276 -272 -2392 -1688 -149 1847
-11144 16 -2236 -2542 -135 1789
-10708 -644 -2092 -3759 214 680
-14316 -1616 796 -2954 -546 -106
-16036 -1084 -760 -1895 -788 -1029
-18612 120 -228 -3788 -2140 -2037
-29972 176 -1936 -517 2458 -725
-18432 5132 -2140 -1006 565 1751
-20844 1808 -2548 52 1135 1261
-13200 1596 -1408 449 486 1709
-10400 704 -1148 1595 793 866
-11016 1684 -1688 660 594 185
-12456 1380 -1256 1518 1211 462
-12380 812 -1060 1769 732 113
-12796 360 -100 2112 392 -490
-12340 168 -596 2738 -402 -1437
-14924 68 168 2424 -124 -1857
-16044 -36 1036 2354 -656 -2197
-21068 824 -3100 1917 491 -3773
-20368 1864 -10348 -27 -3000 -1809
-21308 -408 -3660 1702 2875 1403
-16884 12 -5220 2124 -803 876
-15052 384 -3808 495 846 1267
-14404 -204 -3540 -41 -592 1308
-11336 380 -2460 -695 -702 2034
-10452 -328 -2512 -1560 -517 2468
-11872 -1104 -1760 -1705 -464 1934
-10516 -472 -2068 -2513 -978 1433
-13164 -1524 -1092 -3558 -975 -13
-14576 -2332 -1984 -1559 -126 -897
-18712 -652 -276 -2149 -774 -1810
-25780 2548 -2092 -606 1268 -1911
-17168 10676 -1508 -2438 2189 2540
-24396 2464 -1868 -37 1356 1443
-15020 3052 -1256 198 -729 1714
-11664 1744 -1760 -60 182 1229
-10764 1264 -2012 257 281 121
-11536 1196 -1696 1613 1502 69
-11860 1772 -1304 2121 1237 96
-12296 788 -256 2422 965 -632
-13012 316 56 3168 59 -1961
-14576 908 -60 2580 57 -2461
-16020 612 1088 2983 -509 -2117
-16624 -968 -3360 2265 -2437 -3756
-25716 2132 -5892 649 -1725 -3683
-22832 -1564 -6040 2156 2024 1133
-18840 -88 -3280 2087 -564 1088
-15988 1364 -3224 427 -320 710
-12308 -604 -3564 -404 -238 1497
-11692 108 -2284 -913 145 1825
-10284 4 -2980 -445 454 2367
-11540 -1536 -3252 -429 795 2287
-11832 -664 -1556 -2172 412 1097
-13720 -1532 -972 -1585 -805 629
-15312 -1448 -1060 -776 -1170 -471
-17032 -712 1072 33 -3011 -691
-23312 -2244 -964 -744 -2574 -3649
-20040 6788 -5208 2578 -574 104
-22552 3644 -2172 -1534 1834 1223
-17624 1676 -1152 -1129 -1377 807
-11800 1716 -1324 24 737 2222
-9872 -116 -1612 261 641 538
-11052 936 -1456 1451 2548 -79
-12468 1656 -776 2220 2182 643
-13016 592 -200 2941 1444 76
-12712 -160 596 3888 388 -615
-12104 224 -168 3992 -271 -1996
-12288 1424 -808 3813 -87 -1870
-15472 -2108 -72 2820 -2718 -2742
-32012 1844 -6232 142 4662 -4809
-21676 -2360 -4412 5136 1911 1007
-20780 492 -5232 4888 -1879 -47
-15348 1172 -4736 3633 1341 923
-14776 920 -3664 1033 2 1586
-11568 596 -2960 -303 -530 1912
-9400 -116 -2596 -1410 -336 1949
-10868 -668 -2256 -2239 85 1309
-11516 -1492 -1176 -3404 -652 491
-15032 -2256 636 -4266 -1414 -1392
-11148 -1544 -716 -1672 -1623 -317
-16068 -612 -236 322 388 823
-15280 -620 360 -1405 -3704 -118
-29388 964 -2192 -2743 4631 -281
-23552 7348 -2672 -757 -69 2733
-23500 2480 -3400 -1714 1807 1895
-14096 1068 -1664 642 -17 2406
-9856 540 -2692 1969 1815 1203
-10420 1112 -1576 2307 1435 -487
-11160 912 -932 3051 1219 -942
-11064 1976 -1468 3920 480 -842
-12104 260 -392 3884 -274 -2005
-13060 284 -484 4515 -436 -3112
-23384 3668 6900 1128 1384 -4734
-12860 1360 52 4085 -1029 -3161
-23864 2956 -6736 1336 833 -5580
-24300 -1608 -11152 -1198 -6618 -2424
-24796 -2172 -2944 1522 3621 66
-16728 -496 -9496 3874 -658 772
-16428 1432 -5208 2878 2039 1508
-15320 396 -3608 2096 -396 1918
-11548 2008 -5124 591 338 2628
-14664 868 -3884 -1148 1376 2565
-14072 416 -4048 -2734 -47 2108
-14644 620 -4248 -3470 1028 2398
-14948 1676 -4904 -3954 1180 2941
-15188 1116 -4564 -4131 350 2823
-13916 -28 -3088 -4246 287 3356
-17736 1936 -3436 -4159 522 1607
-17780 2076 -1904 -1972 180 1821
-14036 2392 -812 -1572 -466 1835
-14872 2920 -1956 -2922 495 959
-16040 2884 -1840 -1944 419 1141
-14768 2612 -1636 -1586 1067 1332
-15132 2940 -2040 -1194 1098 642
-15100 2804 -2020 -587 345 -88
-15440 2692 -2232 748 631 -409
-15328 2856 -2796 516 701 -437
-15464 2800 -2708 501 454 -561
-15524 2640 -2428 527 371 -785
-15328 2288 -3224 663 260 -942
-14600 2488 -3036 710 173 -836
-16256 1688 -2316 2211 -536 -952
-15404 2108 -2876 499 -3 -784
-15640 2224 -2768 683 -89 -662
-15676 1920 -2924 669 -444 -848
-15468 1652 -2488 738 -697 -632
-15384 1296 -2496 973 -596 -555
-15156 1508 -2576 1359 -665 -273
-15328 1412 -2840 1869 -694 102
-14816 1000 -2264 2120 606 1
-15084 1504 -1636 3108 2786 -920
-16124 3408 -3148 2061 1827 -547
-15236 2224 -3920 478 1428 -521
-15500 1576 -3712 579 1336 -64
-15500 1076 -3596 341 526 -742
-15604 1156 -3464 177 -225 -1406
-15408 784 -3460 747 -611 -1007
-15724 628 -3192 1168 -656 -920
-15196 436 -2692 1415 -379 -877
-15680 432 -3152 1835 -740 -739
-15508 488 -2988 1823 -606 -373
-15212 332 -2936 2308 -693 -473
-16384 -124 -2568 2680 -951 304
-14744 1140 -3384 2156 -729 -317
-15220 1136 -3276 1398 80 -765
-15660 536 -2748 1080 177 -964
-15628 448 -2896 834 114 -520
-15436 456 -2760 692 -99 -273
-15696 432 -2812 309 -87 -41
-15632 480 -2276 406 66 71
-15384 420 -2864 361 -266 289
