-15016 -1712 -5664 316 -346 254
-15200 -1656 -5644 187 -434 255
-15144 -1644 -5808 113 -689 261
-15308 -1796 -5632 49 -1039 404
-15184 -1496 -5572 200 -1188 599
-15300 -1444 -4940 265 -1068 633
-15208 -1048 -5376 238 -646 455
-15144 -1424 -5036 231 -601 286
-15240 -1064 -5148 310 -752 181
-15280 -1464 -4920 268 -894 82
-15256 -1388 -5216 354 -1047 148
-15344 -1320 -4792 291 -1044 266
-15316 -1136 -4488 164 -885 -4
-15296 -936 -4596 237 -508 -331
-15432 -1520 -4320 419 -341 -440
-15332 -1396 -4360 432 -176 -323
-15004 -1652 -4272 306 -185 -222
-15320 -1452 -4404 379 -357 -29
-15316 -1368 -4332 458 -470 97
-15208 -1316 -4164 412 -595 229
-15396 -1584 -4076 669 -629 415
-15436 -1140 -4120 2132 50 -45
-15692 -1680 -4344 1062 -410 214
-15348 -1232 -4240 568 -824 497
-15384 -1440 -4276 1221 -1227 516
-15900 -2000 -4192 1066 -3224 2246
-16844 -2944 -4792 1309 -4654 5342
-23224 -4212 -9628 -1106 -6706 12853
-26100 -5364 -6820 -1880 -7979 19781
-17640 -9612 -7220 -1576 -6299 19161
-13928 -11560 -7200 2717 2118 7309
-13672 -5204 -3164 3492 7576 -5922
-9504 2556 -3400 4724 9709 -16338
-3372 8448 2532 7914 8116 -19775
-7412 18604 -852 12211 3616 -12192
-23272 32767 3524 -527 -1543 2994
-32768 -21580 -16944 12246 -769 12007
-18632 -124 4108 -1784 -5083 11800
-15828 5944 -6984 -1334 -650 9045
-19220 5724 -3680 -478 -1053 738
-32768 360 -9584 -4485 2148 720
-19784 -4968 -7608 -10053 5325 6060
-21440 -8432 -11548 -4292 -11151 23675
-8052 -6172 -10240 -3832 -6442 18987
-14072 -16004 -10176 1374 -5021 11860
-12460 -3872 -7204 3297 1924 -6833
-18240 6968 -1588 -5450 9049 -20538
-16680 5296 620 775 12493 -25806
-10316 4720 556 10445 13939 -26581
-12488 17312 -3252 7125 10295 -21062
-14392 27276 4044 -3627 3086 -5713
-29728 32767 5808 -4321 -14598 19851
32767 24408 16348 -613 -279 14645
-13652 6856 -3036 -5814 -1968 14548
-21984 6872 -6040 -2656 -2340 3174
-32768 -5532 -7056 -563 2834 6472
-21624 -5828 -8324 -19248 2323 6140
-18032 -36 -5056 -2674 -11810 24993
-14644 -17080 -8560 -247 -3734 15126
-10880 -20672 -3576 -9089 -10038 6992
-16356 -2240 -6788 7679 -630 -9448
-22384 11956 -6344 -1236 7115 -20477
-15720 8060 -1700 -4661 9345 -25551
-8312 4924 3508 12522 15020 -24966
-14532 17976 -3072 16387 10479 -25146
-14728 29032 -1548 -2645 1554 -7295
-3728 19956 8972 7959 -1113 11789
32767 31400 3424 -2816 -5460 16253
-13960 5700 -8100 -3079 -2760 14581
-18448 4872 -4180 -1078 -2086 3766
-32768 -3716 -7988 -1152 3739 1442
-25092 -8972 -10940 -13741 6411 4506
-19920 -8472 -4044 -6198 -6511 21592
-18728 3924 -7492 5313 -11788 29680
-15440 -12792 -11760 -12288 -8293 18253
-15308 -10716 -5456 -917 -9035 5993
-10708 2500 -7996 123 4054 -13101
-13768 4948 -4972 -2413 13043 -31049
-13812 1220 1604 7332 15454 -32768
-10676 5532 -920 23758 13918 -32768
-14776 26056 -10444 6480 8505 -27729
-20312 32664 8816 -8355 3411 -5711
-32768 -19596 30868 8832 13504 31288
-24672 14772 -11052 -2104 -4775 25982
-17668 4252 -2496 -3609 -1994 13969
-28864 5516 -6104 -3944 -1766 4317
-32768 -7160 -6748 -1717 6196 12096
-16552 -7232 552 -14701 3266 8400
-19512 4364 -8484 4422 -12605 23572
-14192 -8404 -11840 -642 -1621 16615
-12280 -13276 -4692 -3027 -9360 13019
-12740 -2328 -9248 3581 -4589 -4371
-13332 8044 -6904 -782 2229 -19203
-13768 6628 -4064 6546 10026 -28954
-14132 4280 -4536 13394 14667 -32444
-14008 11316 -5544 7844 11555 -32110
-17036 23772 -3432 -6514 4265 -19635
-10772 32008 11312 -369 1864 838
-32768 -32768 32767 -6044 -32768 32767
-23076 -2680 17776 -8306 -12885 19951
-18212 7816 -3992 -2078 -2396 9166
-29260 2836 -12264 -4728 242 -882
-32768 -11852 -8156 -5175 11014 11710
-24500 -10852 -11928 -10277 -3064 15629
-11484 5456 -10056 4870 -13054 25057
-6060 -24464 -10476 -197 -11685 14658
-15276 -12628 -5888 2091 -7099 5914
-18196 3396 -9544 3335 -66 -12059
-18784 12876 -5648 -4950 5866 -23448
-17660 6552 376 812 12337 -28401
-12628 6584 -2044 17142 17700 -27009
-13592 14384 -5608 7930 10162 -27929
-12544 23596 1608 -6030 2265 -15121
-12168 27444 10304 3276 793 4306
-8060 32767 -32768 32767 21658 17830
-16492 28160 -11712 5177 -4833 23554
-17024 4264 -6152 -882 -3242 11527
-23956 5624 -4972 -2185 -2026 2710
-30492 -7208 -7212 -3514 5153 11025
-16892 -11852 -5028 -13678 3231 7799
-15700 -5460 -3036 4583 -12227 23076
-19224 -2308 -5280 15080 -14613 28914
-21856 -5380 -12416 -2844 472 17806
-19276 -5008 -4236 1195 -3268 10532
-11420 4224 -8272 -2845 5849 -11182
-8760 3392 -756 -3979 12030 -32768
-8016 -2284 3604 -2325 13608 -32768
-14304 792 2516 16349 12176 -32768
-23888 28188 -10744 8434 8766 -30525
-17772 32767 2528 -7327 2209 -1086
-13888 32767 -32768 13788 -1616 24322
-9240 13880 -11996 12263 -5804 21970
-14340 7868 -6492 -5556 -4651 12728
-22208 6880 -4012 -2381 -929 3110
-32768 -8840 -7944 -4244 3738 7904
-14880 -16224 -4168 -15170 3802 7003
-24932 -5668 -2012 -218 -17379 28616
-8640 1900 -9468 5792 -11903 26430
-10896 -17008 -6356 -10518 -9216 16126
-14184 -8600 -3696 4376 -5273 3956
-17972 7740 -10308 206 3607 -14960
-15384 9216 896 -4680 9901 -27973
-7592 2720 3336 5429 16356 -32768
-9320 6056 936 13061 15839 -32768
-18512 23108 -5736 4434 3778 -27414
-22328 32767 -44 -2418 3070 -6770
-17220 31660 -26436 6586 -3744 17122
-20716 5052 -2540 6960 -14138 27755
-15912 8644 -2024 -2577 -2986 15965
-20460 7996 -5108 -3344 -616 4240
-32768 -2600 -10768 -4509 4611 3412
-21224 -14696 -8560 -17268 493 2785
-20604 -6056 -7480 -4830 -10650 21801
-7336 4400 -6600 3654 -10194 23530
-18572 -22288 -8664 7416 -6578 12103
-20872 -10004 -10836 886 -8818 14799
-22092 1328 -10200 -1231 -3433 -5326
-14312 10128 -5848 -6387 5626 -21896
-10640 6068 -368 498 14132 -31374
-7576 1064 5048 15464 16969 -32768
-9560 14412 -6612 18096 11900 -32749
-17908 28476 -7632 -5409 4891 -21029
-15620 29992 14484 -2684 2717 2638
-32768 -32768 32767 8837 -32768 16893
-15240 5240 12800 -3426 -8477 18578
-19044 8700 -5988 -3253 -2218 10684
-29112 5820 -12364 -5245 139 -807
-32768 -11292 -8904 -4236 9584 9298
-20428 -5748 -6812 -9580 -4810 12481
-14188 3368 -7384 -148 -13520 25922
-8968 -4856 -6268 3567 -9970 21449
-13964 -12172 -6656 -2162 -5954 16828
-23176 -4672 -11124 7204 -3460 4539
-16924 8268 -7768 -9987 3971 -12954
-11136 5744 636 -2322 13537 -29705
-10096 1540 216 7551 17227 -32768
-8252 5908 1148 16357 13925 -32768
-15432 24636 -4704 6499 6112 -30443
-23732 32767 6124 -3342 48 -9671
-30960 32767 -32768 28936 7623 18272
-32768 32767 -7416 4761 -7219 25323
-14812 5720 -7256 -7776 -5931 17555
-19828 7208 -5992 -1864 -3572 5839
-32768 -48 -7812 -2059 2727 3055
-23324 -16656 -8840 -18134 2630 2619
-19888 -3628 -9952 -6415 -10190 22709
-11228 4432 -10072 2929 -10742 27610
-15300 -11904 -7060 -13943 -4016 14181
-23484 -8852 -6112 2039 -8688 11848
-16744 3508 -10732 -453 1077 -3093
-7432 7048 -2500 -112 11835 -25671
-9788 4160 -1264 7147 14220 -32768
-2728 1960 -2016 16018 14823 -32768
-13044 11948 -5420 15416 11532 -32768
-27808 28468 -576 554 3660 -24060
-16212 32588 5844 6324 -2589 6660
28980 11252 -5896 -2074 -11588 30414
-17776 5200 -5708 -4952 -7503 22874
-16596 9272 -5772 -3410 -3048 12821
-31580 6464 -9116 -5317 -2641 3090
-32768 -11700 -7668 -3912 9060 14595
-18140 -7656 -1156 -8447 -271 12045
-11928 5444 -12064 5771 -9937 22168
-18196 -4064 -8304 3378 -326 15066
-10668 -15596 -4792 -2576 -8933 16038
-21668 -8800 -10224 4283 -6947 5145
-19528 9380 -7560 -4912 629 -9542
-12312 12620 -2844 -4135 8271 -25573
-5964 3152 2176 2194 14275 -30430
-3504 372 1880 13175 13314 -32768
-10848 10444 -4824 12244 10065 -32768
-21800 25404 -2040 -1483 2188 -23339
-15392 29236 3628 4125 5005 3387
24240 5400 -4344 3940 6242 30114
-14016 0 -4888 -2140 -3090 20991
-16620 4996 -2588 -4144 -1390 10844
-32768 -2036 -6576 -423 -835 4398
-31800 -10872 -15272 -8476 10917 6316
-20876 -3096 -3516 -4878 -5178 19858
-9928 7960 -4872 9595 -11970 25297
-12216 -15488 -8000 -3056 -8638 15061
-9988 -12592 -6220 -4136 -9467 11080
-13864 -2532 -9640 8469 -4733 -3254
-20408 13500 -11360 -7253 4187 -17837
-17788 7092 944 -7626 12832 -27424
-7616 -1060 5728 10409 15684 -30869
-7564 5440 -4804 17073 13660 -32768
-16128 17928 -5968 477 8965 -31570
-26764 32140 6256 -3474 2315 -10868
-32768 32767 -32768 32767 12794 30355
-18648 27380 5364 -2846 -10291 25691
-15024 9556 -6908 -5666 -5584 18132
-20872 6420 -6528 -3052 -2449 7592
-32768 748 -12076 -3085 669 2791
-27824 -12636 -12728 -16041 3008 2873
-21036 -9488 -9332 -5417 -9553 23268
-8552 3168 -8004 6278 -10873 23410
-8016 -15892 -7148 2656 -6976 12143
-12272 -10988 -6772 1102 -4836 9114
-15632 5080 -10064 1141 -2222 -7853
-18944 12192 -2636 -2049 6897 -20844
-17020 8572 924 -2124 13166 -30033
-9712 2480 608 4759 14769 -32410
-10640 7640 84 11774 13041 -32768
-15752 20824 -3964 3811 5205 -26186
-20656 30944 6304 -484 -1327 -5657
-32768 -32768 14084 443 -13334 32767
356 4728 1468 -3993 -4166 27307
-15028 8424 -5896 -4941 -6473 15738
-18248 6924 -5588 -2135 -2148 3718
-32768 -7088 -7484 -472 4296 -42
-20936 -15024 -10088 -18253 2842 1737
-15592 -3356 -8640 -5353 -8246 20431
-11968 3792 -6312 4824 -11027 25755
-19892 -9400 -2964 -1662 -13332 17555
-21744 -17620 -10060 -7988 -10788 10351
-22912 -272 -9544 3362 664 -5836
-19408 10456 -4688 17 8314 -21420
-17344 6328 2064 616 13071 -29571
-5856 3352 2272 14739 16381 -31717
-8612 11848 -5392 18319 14268 -32768
-17460 27412 -4508 -2213 7250 -25305
-21968 30764 11204 -495 -570 -902
-32768 -32768 15768 9 -16331 32767
-11692 14196 2236 -5415 -7016 26603
-16624 9016 -10244 -7272 -6818 17318
-15868 5436 -3348 -3460 -1698 5816
-32084 4520 -10948 -4027 666 -1634
-29172 -10508 -11240 -8120 8627 6284
-19964 -8700 -8940 -11240 -5178 17346
-16916 820 -10712 -430 -12595 26986
-18632 -22228 -10332 8394 -7332 18236
-21504 -12836 -10820 1786 -7528 11523
-13736 680 -10816 1479 -2815 -6174
-8964 5224 -3160 -2170 7931 -26810
-11460 6576 -3000 4590 12046 -32768
-9160 4224 -3576 6135 15183 -32768
-21684 11260 -1896 7418 14207 -32768
-24860 29284 -2472 -2773 2311 -18752
-14288 31980 8320 4989 -2499 9397
-28628 9436 21592 -3693 -13946 26910
-15504 5640 2184 -4418 -7416 21635
-17184 7204 -3536 -3806 -1512 10819
-22384 6172 -6744 -3581 -361 -611
-32768 -11524 -12452 -3894 11302 6514
-17040 -11904 -7356 -10510 -2601 9929
-13344 6640 -8340 -5125 -11724 24980
-17992 -612 -6672 1517 -12220 24374
-14572 -17568 -7864 56 -8723 22465
-13376 -7792 -9200 12189 -3803 6067
-17972 7112 -9472 -5817 5851 -13639
-16896 8856 1948 -2941 12444 -28309
-10392 3832 4480 3048 15325 -32742
-6544 4568 2484 15169 11793 -32768
-17864 22284 -4380 8387 4615 -30624
-20924 32767 528 -893 827 -9662
-3152 21100 8008 8345 -4211 11419
31488 3824 5236 3172 -7951 4413
-17588 10588 -924 1290 -1331 18790
-17556 10060 -10372 -4186 -2466 8717
-29900 5612 -3740 -2899 -167 -690
-32144 -9620 -9936 -9115 10395 4701
-17504 -9732 -3064 -9458 -2753 15323
-17668 3252 -5008 5917 -12451 27920
-11780 -204 -11164 1742 -5267 23207
-16212 -16040 -9244 -10506 -7636 14374
-15680 -4284 -8556 1444 -4568 714
-15728 9492 -9264 -3315 4582 -17777
-13696 7220 -3824 -1535 11457 -32498
-6408 1892 1720 4437 17710 -32768
-11752 9556 1444 15098 16202 -32768
-22896 29192 -808 3436 3157 -26126
-20568 32767 9288 7030 -3160 686
-32768 10400 24440 -133 -4907 24521
-24272 -5584 3160 -4608 -8134 25174
-17692 7208 -6876 -4407 -5513 12629
-23496 4624 -4596 -408 -4339 1734
-32768 -7328 -6892 -777 6228 10204
-18480 -10632 -8320 -11705 598 8455
-15452 3584 -7784 -4241 -13996 26514
-14160 -12812 -4844 1679 -5348 19472
-8072 -16476 -10388 2512 -2905 13203
-14796 -4624 -6980 10182 -3440 -1735
-23252 11552 -5684 -5602 1085 -11874
-14344 8044 4084 -4711 9109 -22196
-10688 1092 5760 12049 15613 -28397
-7716 8308 -2636 7118 10800 -32768
-17416 15412 1500 -356 5309 -29962
-21872 29524 5916 7505 3620 -12335
-9568 30840 -5928 2640 -4586 12158
644 -2616 2524 -2569 -17247 12639
-20784 10020 -1992 -3444 -6133 21827
-16772 9604 -7828 -2667 -2804 11633
-24348 5892 -2676 -1982 -1084 651
-32768 -7996 -6844 -2573 11647 11365
-18772 -19048 -9116 -9188 1299 11047
-18024 3768 -7060 5911 -18377 32478
-14240 -14908 -7556 1737 -1421 17173
-10876 -14484 -7464 -7903 -4377 10211
-16680 -2176 -6948 3344 1481 -5878
-21596 9916 -5764 -6380 7911 -18597
-17672 6600 100 -1074 13692 -28739
-6068 2408 628 6315 17170 -31861
-5188 6852 1272 13322 15368 -32768
-17892 28164 -1196 3542 8120 -26585
-22788 32767 11600 857 -1469 -2485
-32768 -32768 -22560 -14748 -21787 32767
-24596 9308 8340 -9769 -16485 26405
-12180 8608 -4716 -6404 -3942 14069
-17764 5396 -5420 -2887 -1218 3806
-32676 -8516 -7792 940 -79 1300
-21260 -7144 -8492 -12249 1236 3677
-19140 -7000 -6168 -5665 -8297 16651
-17756 -1724 -10812 1688 -11269 27343
-12796 -9444 -12344 -3591 -1299 24136
-22372 -16260 -12768 5035 -5876 16125
-15748 1488 -10128 -2860 1478 -4219
-14612 6392 1148 -2563 9797 -24808
-12024 2420 4064 2765 12458 -32768
-1772 508 6068 11331 10303 -32768
-10864 18008 -2244 16995 6024 -32768
-22872 32767 108 4183 -485 -20227
-8452 26836 488 10922 -3525 5848
27000 -32768 -10768 -7432 -32768 29217
-12344 -872 -144 -1569 -3181 13967
-17200 1052 -112 -3622 -1882 10435
-19020 4692 -5148 -1811 -579 1929
-32768 -5776 -5892 -1977 7243 2982
-19224 -8276 -5100 -10904 1187 7538
-20024 -7912 -10352 -6492 -7350 18689
-26324 -3588 -11992 2117 -15526 32767
-32576 -7220 -14468 -2794 -11345 29502
-13276 -8460 -7392 -2148 -1901 12052
-72 -3148 -5648 2380 8654 -16920
-8836 -5816 -1728 7433 14943 -32768
-13900 -5992 -692 12148 14963 -32768
-22568 -4548 -756 20087 11861 -32768
-32768 32496 -8972 1991 9088 -32768
-24164 17328 -9720 2210 1118 -2039
-6736 2012 5232 -3666 -5284 29539
-8368 -5560 -324 -4708 538 16601
-13184 2448 -6568 -1222 -262 4071
-15368 508 -7024 -3290 826 117
-14464 -824 -5996 -2743 1069 -1930
-13792 -1504 -7532 -1075 596 -1874
-13984 -1412 -7196 -266 -904 516
-14400 -348 -6132 544 -1491 1642
-14512 -752 -4804 206 -2258 1917
-16572 516 -8300 -566 -2482 349
-15756 168 -5072 48 -636 159
-12800 1252 -5228 -362 -230 -2559
-14700 -1888 -7356 -557 -1110 -2872
-16808 -3688 -5220 201 -1902 37
-15676 -752 -5840 369 -1165 569
-14888 -896 -4780 164 -792 175
-15304 -1560 -5204 955 -1020 428
-15196 -628 -5060 308 -1181 805
-15464 -464 -5660 52 -1069 912
-15188 -1496 -4784 295 -662 796
-14980 -312 -4892 -92 -395 492
-15240 -504 -4448 186 -124 -66
-15412 -820 -4724 571 197 -292
-15216 -968 -4960 526 15 -113
-15360 -1108 -4928 821 -181 110
-15420 -704 -4504 768 101 2
-15260 -816 -4972 489 72 -144
-15288 -1024 -4548 597 109 -110
-15480 -744 -4980 438 158 -4
-15260 -836 -4880 321 234 -87
-15280 -780 -4832 563 201 -35
-15408 -884 -5152 453 89 -54
-15408 -972 -5060 443 35 -16
-15260 -940 -4876 600 -75 120
-15432 -672 -4876 478 -61 80
-15312 -900 -5052 471 -74 77
-15228 -800 -4972 412 -118 46
-15404 -924 -4816 399 -81 44
-15268 -820 -4952 352 -201 95
-15372 -796 -4888 462 -207 129
-15344 -840 -4792 454 -244 155
-15268 -744 -4772 434 -196 111
-15460 -720 -4932 377 -253 191
-15416 -944 -4784 328 -270 210
-15268 -676 -4716 463 -241 245
-15308 -708 -4628 414 -162 203
-15328 -676 -4668 359 -141 170
-15352 -532 -4724 359 -162 98
-15336 -660 -4780 338 -69 105
-15296 -608 -4664 373 25 43
-15324 -564 -4612 268 94 46
-15316 -700 -4728 324 36 15
-15288 -588 -4680 325 120 -51
