-15176 -660 -5120 348 -178 96
-15200 -864 -5364 383 -301 159
-15264 -644 -5064 398 -182 51
-15256 -680 -5220 343 -214 22
-15216 -592 -5268 407 -127 -41
-15196 -788 -5228 526 -177 44
-15344 -672 -5076 543 -145 31
-15212 -588 -5220 616 -188 6
-15340 -664 -5256 756 -67 -79
-15316 -764 -4944 985 -93 -79
-15372 -556 -5252 802 -42 160
-15372 -636 -5228 306 -192 61
-15236 -712 -5100 302 -57 166
-15272 -708 -4996 246 -146 282
-15176 -856 -4688 211 -186 387
-15224 -652 -5124 532 -161 353
-15364 -408 -4708 569 -347 277
-15448 -996 -5428 1217 -288 111
-15556 -380 -5580 607 -822 599
-15664 -1212 -5612 65 -1137 980
-15752 -244 -4660 316 -1007 1249
-15312 76 -4308 573 -1327 947
-15656 276 -4172 573 -2331 1853
-15960 -440 -3808 1366 -3535 3176
-16492 -1028 -3772 1360 -5533 7224
-20760 -2136 -3948 2730 -6732 11284
-23016 -4036 -5272 7100 -11086 22830
-14140 -9660 -6100 5290 -5876 13019
-9936 -7080 -5844 4661 58 1060
-6596 -4420 -5304 3168 5577 -13290
-8464 -2048 -6484 6550 10452 -23516
-13140 260 -7128 2384 12654 -30019
-17288 -312 -340 -2436 9560 -28634
-15592 14020 4792 7095 4597 -19157
-32768 32767 11868 25736 2604 32767
-22696 32767 -22548 -1516 4532 29712
-17636 11616 -7808 -1647 -1344 15339
-16956 4020 -5424 -2499 -716 5539
-30604 -3508 -4740 -6056 -2088 8306
-21064 -9032 -8352 -8181 -2189 9804
-21624 -1348 -4560 -433 -11507 20995
-13720 1512 -7132 910 -12814 26240
-13380 -10692 -4896 -6493 -11187 12883
-13752 -7812 -4340 5516 -9837 10002
-5928 2116 -9924 1334 2225 -7516
-6448 5620 -2864 -1090 10941 -22480
-12144 1812 -1796 5580 16400 -31862
-18292 -248 -612 10460 17491 -32768
-25760 10364 -4400 4180 9087 -32768
-9988 16896 13564 12971 -3044 -4525
-32768 -32768 1068 -4199 -16597 32767
32767 -32288 -13776 -5095 8062 29358
-17540 14212 -18584 -4853 -5639 9810
-28200 1344 -4052 -3028 -2750 8059
-31864 -10984 -11952 -9388 -3434 12360
-15924 800 -4896 -3749 -7960 21368
-10152 1392 -3632 517 -10844 22969
-12276 -13748 -10648 -4217 -2231 6651
-10720 -9464 -4584 1005 -8637 11469
-6972 524 -7960 6929 2906 -10351
-11236 8148 -5640 -3618 7899 -26323
-14884 1556 -1424 -5348 14358 -32553
-15956 -1912 3928 9034 18401 -32768
-27344 9144 -4152 18060 10594 -32768
-16592 20484 -1176 -7618 5961 -23098
-11264 22764 14136 5070 -2764 1448
-32768 32767 1864 -6085 -3636 32767
1432 -1720 1120 -5184 -9370 30117
-16676 5556 -3540 -2743 -5195 10723
-25332 3304 -6428 -4263 -2395 7457
-27940 -3956 -11144 -4973 -1828 9429
-17984 -8172 -2828 -9011 -4880 12214
-18608 400 -4540 2016 -9031 23562
-11040 9904 -6204 -787 -7579 23526
-14908 -14948 -12896 -6813 -7419 11305
-13520 -2708 -10952 5232 -7542 6987
-8764 3276 -7920 -2239 4636 -13668
-12200 4648 -5204 1185 12702 -27210
-15480 1308 -2652 9859 18235 -32768
-16320 2092 -2168 6886 15678 -32768
-21208 8376 -5256 2997 9710 -32768
-18812 22268 8264 214 6214 -21803
-14016 32008 11072 8311 -3607 9175
-28196 14216 32767 10217 -14371 32767
-14612 -6588 -1176 -8345 -6131 26923
-17584 8220 -3420 -4119 -5956 7925
-32768 -1520 -8160 -5843 -1457 8001
-19448 -11736 -9472 -12899 -3014 13437
-11760 6288 -5176 1472 -8239 21366
-15612 3856 -472 -520 -10964 23199
-14484 -7108 -9136 -20050 -6985 10208
-9660 -6564 -9684 -4575 -8525 8779
-3092 -840 -4652 4031 6206 -11024
-8352 3592 -2048 3169 11751 -22849
-14504 -1028 996 3199 16969 -32730
-19452 -4308 7496 13481 14521 -32768
-24092 2980 -10696 22184 8357 -32768
-20044 22736 -11988 -11284 6406 -25094
-15996 30012 13336 18768 -6720 5477
-29788 1812 4428 8069 -1208 32767
-32768 24616 5880 -2185 -4556 23431
-14768 9360 -3340 -3030 -3356 10644
-24560 -1576 -1128 2576 -1761 5193
-23168 -4284 -6868 -7740 -113 6601
-13944 -988 -4816 -7970 -2340 10979
-15392 220 -3092 -4933 -5802 20070
-20224 2100 -4764 -6267 -7471 24753
-19304 -10376 -10868 -1376 -970 24406
-11460 -5704 -13512 3814 -6528 10670
-88 -236 -9084 5188 4907 -10677
-8364 -480 -3140 3703 14189 -31153
-8956 -4196 -5528 -2837 14879 -32768
-14832 -2472 -2076 2227 16857 -32768
-32276 8688 -1584 -4970 14405 -32768
-27732 30628 21312 2786 4291 -20101
-32768 -32768 32767 3843 -32088 17062
-16772 7460 -15440 -5339 -4795 18432
-20244 4268 -4056 -1392 -3031 8533
-28996 -1692 -9392 -3765 -2112 9237
-20596 -1368 -9220 -10358 -257 12846
-16624 1540 -5376 -5587 -5217 20230
-12100 5676 -9444 -8419 -3782 25348
-17128 -14280 -13584 -8957 -3294 15983
-8256 -7272 -13164 4183 -1586 7659
-5980 -1812 -6516 -3505 7948 -12594
-13660 360 -2028 -2219 19759 -29898
-19664 -1348 3644 -5366 21817 -32768
-19204 1640 1032 -4460 21126 -32768
-20812 4036 1204 -4658 13399 -32768
-17892 14996 9124 -2035 5993 -25886
-13404 18188 16932 18806 -4267 2229
3956 -31036 32767 12535 -21922 28554
-13132 6920 -7484 -4332 -6863 10755
-16160 6864 -6924 -3233 -3974 6259
-22660 2224 -6288 -3434 -2894 4581
-22800 -3524 -8508 -8422 -873 8659
-21820 -4516 -5212 -11383 -4882 15682
-18648 6920 -5104 -3657 -10192 24004
-14924 544 -6900 -580 -11128 26307
-22596 -9780 -11452 -4537 -2535 16758
-6312 316 -6204 607 -2120 814
-3140 1524 -1112 -704 7372 -20116
-12696 1840 -284 7540 15324 -32768
-16212 2548 -3168 6379 16958 -32768
-22272 792 -2488 405 15193 -32768
-26324 12208 -360 -2909 12298 -32768
-19316 26364 15740 9129 5269 -13668
-27196 32767 -32768 28162 17305 20449
-32768 -32768 32767 -5194 -32768 30117
-10824 14640 -15140 -1909 -5577 18008
-21116 4240 -1308 -1307 -4921 7407
-28504 -3340 -9780 -5624 -3853 8497
-18604 -4232 -7340 -11675 -3955 11023
-13928 -1584 -2380 -3225 -10053 18615
-13668 760 -4052 2317 -13820 23715
-13376 10304 -11208 -3319 -14150 30083
-17128 -7140 -5816 1567 -9245 11830
-4900 -620 -7248 5359 3859 -6994
-5768 1244 -6076 3359 13211 -26148
-13084 -2596 184 6220 19257 -32768
-19084 -1912 -916 -2689 19148 -32768
-28364 5932 -1444 5771 13130 -32768
-22964 27128 4668 3801 7140 -24464
-13236 28824 13076 16215 -4063 8178
-28268 -8456 17156 10902 -14244 32767
-10368 7276 -3084 -7227 -5860 25380
-15844 10832 -5084 -4279 -5477 10372
-31068 2684 -9212 -5168 -2499 8528
-25600 -7308 -8176 -10043 -966 13983
-21096 -2604 -4716 -7343 -9511 20285
-13232 10488 -5056 -2445 -9815 25382
-17688 -25512 -13392 -9761 -5506 11232
-9156 -9080 -10624 4824 -5618 7240
-7564 1652 -7416 5717 4835 -14106
-12536 1944 -5240 3101 13910 -30710
-18900 -1016 -2220 10331 19482 -32768
-24072 2188 -1276 5360 17798 -32768
-26400 10144 -3380 900 5689 -32768
-17036 23648 12176 3061 6115 -17145
-11804 31396 2296 7129 -4370 9598
488 -4448 32767 16242 -14424 31013
-32768 3324 -8056 -4317 -6450 26069
-16312 7780 -5028 -5480 -6485 9766
-32436 260 -11100 -5377 -4342 9647
-22556 -5000 -6608 -9508 -3363 14030
-18412 1584 -3568 -7358 -7875 18861
-13652 1548 -10344 -19 -9292 24699
-16376 -4620 -5956 -7753 953 16642
-18272 -11832 -9488 11535 -10189 17604
-5156 3384 -13408 9013 1460 -6965
-5492 1164 -2464 -4397 5666 -27638
-12680 2152 -3524 3539 16919 -32768
-21096 -6104 2624 3346 18423 -32768
-25116 -348 -7068 12242 14009 -32768
-25608 22520 -752 -7541 6264 -30703
-15332 32767 18044 18106 -2607 4893
-32768 19916 22740 -10456 -11353 32767
-8380 -32768 -3072 -6862 -1278 32767
-13476 11856 -15344 -5827 -5626 11677
-24516 -6620 -8360 -8042 -1920 12868
-14072 -444 -2260 -8466 -5515 15742
-18280 -3584 -7696 -1214 -8965 23673
-15088 5708 -3092 -3431 -11542 27397
-19296 -11748 -11044 -2910 -10167 18187
-7520 112 -6900 6671 -6125 1948
-1508 4824 -6092 1500 -1216 -17358
-6572 2796 -2848 2830 11074 -32759
-13552 -1048 -164 1722 17372 -32768
-22252 -720 1000 10589 15397 -32768
-25304 12392 -6000 5258 10104 -32768
-18712 28688 14620 1088 3347 -15227
-32768 3232 -19484 17743 -3371 15655
-32768 32767 -10572 -20735 -14913 32767
17956 9344 7388 530 -4698 19195
-15804 6928 -2804 -3298 -5769 8456
-22960 540 -5396 -2895 256 3634
-24996 -3428 -7332 -6958 10 9416
-19132 -5920 -6412 -11852 -4627 13768
-19000 -1172 -6872 -2537 -10130 24234
-12864 8176 -6520 -5021 -10366 26236
-16732 -11060 -6284 -1550 -9257 18140
-7504 -908 -5912 6787 -1497 629
-4104 3616 -3392 461 4296 -20229
-10916 736 -1052 2710 12687 -32768
-14720 -1080 -1820 6637 17225 -32768
-22828 -276 -1472 3934 14926 -32768
-24128 12952 -1120 1638 7753 -32768
-18908 27316 14864 8635 1523 -8743
-32768 -32768 -32768 8387 -605 32767
14004 32767 17944 -26972 -14131 21620
-14008 9484 -4248 -2138 -3907 16908
-18960 6000 -3512 -682 -5686 6592
-27216 -976 -5804 -3178 -3772 8025
-17704 -3208 -7880 -8053 -1435 9237
-18204 1116 -5256 -6847 -6409 17087
-15884 3492 -8888 -4420 -9276 24058
-15260 -13604 -8048 -8534 -8086 16191
-22860 -11136 -5908 -2886 -10288 11530
-9824 516 -12304 9394 2236 -8980
-7456 5072 -5056 443 8886 -26876
-15796 -1108 3224 179 16379 -32768
-21804 2240 -152 8904 19632 -32768
-22508 8604 -5688 8933 13250 -32768
-17516 22744 1572 -5134 9681 -26398
-13612 27016 17432 12335 -1748 -1150
-32768 32767 5196 -10350 -2069 32767
32767 -21280 12000 15666 15797 31964
-17024 9360 -7744 -2202 -4903 13145
-16960 6664 -4096 -2335 -4028 6459
-23208 3928 -8160 -3760 -2192 5993
-22984 -5236 -7300 -7882 -827 9416
-20856 -4232 -5616 -9851 -2928 18044
-15064 256 -5180 -4671 -6878 25782
-11312 -5148 -3916 -7160 -1823 15159
-13300 -6248 -7796 -4645 -10281 6904
-4868 -2132 -9172 6622 -2074 -12292
-6364 1300 -6968 5300 5178 -27240
-15268 -904 -5120 10455 13377 -32768
-20832 -1364 -4588 10771 18102 -32768
-30124 -448 -4612 15290 11768 -32768
-17144 24544 -2852 2166 10347 -26384
-14688 31168 13648 21372 -1947 5644
-8356 5812 10644 1979 -3419 32767
-32768 2148 -24896 -14232 -16021 28175
-15384 8484 -2248 -529 -6333 11786
-23604 -772 308 22 -3100 8078
-20968 1452 -4100 -3880 -3674 8177
-19168 -4444 -4288 -6906 -3861 9426
-19584 -1564 -2284 472 -11187 22150
-13476 2572 84 1785 -14799 24799
-30072 -19464 -21532 6926 -8044 11209
-7768 -4088 -15304 1960 -6639 -944
-2620 1344 -8680 118 -3377 -20245
-9244 2188 -8448 3966 7171 -32768
-14940 -3896 -3592 10861 15811 -32768
-23088 -4388 -4552 22196 15767 -32768
-27952 12164 -8148 16756 11085 -32768
-19572 32760 14920 19724 1298 -5588
-32768 -32768 -32768 10253 304 32767
32767 10948 5832 -12860 13865 23302
-14924 3120 -3100 -1149 -3460 14645
-19148 2996 -2284 -1128 -2238 7115
-28060 -2048 -4324 -1561 -3721 5164
-19628 -9304 -4508 -4966 -4246 7188
-18772 -2948 -4796 9778 -12221 21925
-16244 728 -3396 10439 -11852 26100
-15676 -10488 -7868 -356 -13718 16269
-12276 -6656 -14320 15292 -9852 4585
-8920 504 -18564 6197 -5036 -11626
-9104 2444 -10812 2711 1969 -28828
-13052 -864 -2660 6469 13045 -32768
-15152 -4696 1544 13914 16533 -32768
-30112 9048 -6816 12505 8539 -32768
-23212 32767 10844 2822 7580 -20999
-8732 26076 1252 15432 -2875 11283
-32768 32767 32160 11053 350 32767
-1600 -6792 13064 -8707 -11075 24354
-18776 4060 -1372 -1261 -3917 8495
-21368 2340 -2844 -868 -1422 5376
-28696 -5648 -5136 -4723 -224 6014
-19636 -8620 -6276 -6361 -2872 11878
-16608 -8108 -6940 4731 -9639 26040
-15856 12868 -1124 1102 -11336 26578
-18184 -12836 -11288 326 -8340 12975
-7008 -4536 -10368 1704 -2322 -2942
-9496 3864 -8192 4147 1616 -18524
-16244 5880 -8048 6551 10633 -29076
-18244 120 -2492 4546 15876 -32768
-18492 -740 -1936 6616 13521 -32768
-21888 13988 2704 -2508 7690 -31760
-19244 32767 16276 8183 2442 -10923
-32768 -31032 -32768 32767 2425 32767
-28208 18600 -892 -7840 -10798 23294
-16052 10928 -14684 -1551 -5311 18847
-16468 6340 -4076 -1918 -3636 6642
-30892 664 -7324 -2436 -1712 5257
-23184 -10044 -5856 -8704 -1015 7812
-20968 -1536 -3752 -3560 -8441 21435
-15968 2040 -6992 344 -7449 25699
-10872 -13036 -9200 -680 -6790 16195
-15220 -6368 -8960 2724 -5251 5773
-9220 -320 -6996 -1332 2061 -11102
-9816 3760 -4680 -856 9709 -26666
-16192 304 -5820 8217 16655 -32768
-21172 3888 -6436 1556 18843 -32768
-24820 9376 936 -4573 7892 -32768
-19256 24852 17952 3904 5646 -15924
-23052 15948 -5160 21131 3981 13041
-30936 32767 -1076 -16957 -5176 32767
-3716 5156 780 -863 -2586 16868
-15972 6412 -1256 -3083 -5393 8033
-29496 -2336 -6180 -3446 -4828 5231
-20920 -8224 -5552 -6006 -1651 6239
-15548 -5488 -1676 -1627 -6429 16010
-15284 4152 -5140 8521 -10258 23839
-16072 -1504 -4664 5575 -9213 29184
-18460 -12508 -16744 -6588 -4238 12987
-14564 756 -10848 -243 -195 1350
-5256 4028 -5376 -3080 6140 -17104
-10116 2868 -3260 -302 12983 -31952
-13124 -256 -2968 2333 18817 -32768
-18640 -3912 -416 3949 17624 -32768
-27828 14484 752 1666 9250 -32768
-20160 32767 20152 11660 -171 -7527
-32768 18588 -22332 -9495 -5998 32767
19064 -24152 -10192 -4613 -2251 30727
-12848 12848 -12668 -3962 -4183 10593
-25480 1240 -6980 -2207 -1455 5805
-25464 -3248 -6528 -7486 -290 8449
-14588 -640 -5896 -9173 -3534 12112
-15172 2152 -5908 315 -7144 20820
-17940 2744 -4800 -1345 -9438 25900
-26836 1320 -8644 -1420 -12787 28128
-11192 -7924 -12976 -11669 -4987 9471
-872 -2044 -1472 -11520 4127 -8932
-4596 -3480 148 4853 19624 -26995
-11688 -1520 -656 11417 21936 -32768
-18468 -4208 1160 7140 16533 -32768
-32768 15060 -6820 -6202 9950 -32768
-24460 31040 18768 -2284 4460 -18477
-32768 -32768 -32768 15212 2397 32767
-32768 -1392 14324 -3314 -15147 27073
-15420 14320 -14452 -2777 -5652 18868
-18012 6120 -2664 -1168 -3035 8442
-25808 2416 -8508 -2892 48 6317
-18976 -1096 -8684 -8606 1128 9097
-15848 500 -4996 -7741 -3607 13902
-17012 2432 -9492 -3788 -6112 23361
-19264 5132 -12572 -11934 -3150 26287
-18816 -16188 -8096 -9647 -4159 14002
-5604 -3484 -5496 -706 9910 -2510
-7792 -1024 -2172 -498 21730 -25976
-15000 -1352 1336 -4777 24006 -32768
-19348 1564 -3656 -14244 23845 -32768
-25860 1956 1964 -9983 17863 -32768
-20800 12780 15156 -4147 7222 -26030
-29352 18772 8212 20158 1704 8131
396 25328 20328 5840 -11219 32767
11860 4072 -1216 -4684 -5096 22816
-15248 7676 -4916 -2992 -4497 7792
-26076 1840 -8708 -5576 -2395 4701
-17224 584 -7160 -10735 -2749 11108
-12248 4580 -4648 -10668 -3795 13823
-12816 8752 -7264 -10709 -6070 18714
-21224 7444 -6228 -10309 -8043 24353
-32768 3760 -14084 -1305 -10732 25394
-8044 -7300 -10244 3952 5974 9771
-3100 -3164 -2652 -3604 16603 -19178
-12152 -2360 -28 -522 22415 -32768
-16312 -5300 -2632 -7725 23558 -32768
-23496 -3628 2824 -2725 19147 -32768
-30036 10972 6364 -2225 10180 -32768
-18804 31968 21964 8942 2501 -8671
-32768 -7700 3872 -14709 -31730 32767
-7480 9188 13408 4040 -4728 29329
-17412 9472 -10804 -6586 -5628 11549
-18024 6616 -5024 -3302 -2238 4612
-25708 1620 -8184 -6350 -2355 2469
-19416 -1080 -8940 -9745 -2021 8696
-20956 -6000 -8252 -13035 -5508 16035
-20240 4 -6040 -10427 -11154 25801
-21400 2804 -7500 -7751 -11797 28886
-12032 -8704 -8752 8054 -5778 15285
-2440 -1388 -5148 3759 4066 -5469
-7752 -2680 -1896 4768 13865 -27636
-14248 -2140 -2112 6094 17860 -32768
-19444 -5776 -576 6653 16862 -32768
-26800 4660 -3672 7176 10846 -32768
-22488 30532 6936 4427 4781 -26021
-24508 32767 -32768 4208 -3824 10483
-32768 32767 -2460 -12186 -5399 32767
-7424 7192 -2060 -2560 -5637 20682
-17284 5828 244 -372 -4593 9300
-26268 3076 -8872 -3134 -2546 3502
-20976 -2544 -5256 -6550 -1147 9558
-19920 -4696 -5360 -10400 -3700 13502
-16672 2476 -9520 -5097 -8711 22505
-23156 1688 -3112 -5339 -12049 27773
-24452 -9452 -7668 8520 -9032 21888
-6272 -3408 -12224 1241 -1495 4790
-80 -700 -2552 -1777 8372 -22680
-8136 -2040 -1208 4694 17343 -32768
-14844 -5160 -1452 13638 18690 -32768
-24560 1352 -2832 8737 13913 -32768
-27388 23904 156 905 6363 -32768
-15436 32767 12828 16252 -2853 3113
-15164 -8444 25504 12184 -20024 32767
-24804 31628 -7504 -6743 -13601 24118
-13476 9248 -4132 -3643 -5068 11547
-18440 6780 -5164 -2904 -1120 6521
-22548 484 -5892 -3795 -510 7471
-20236 -2408 -7900 -9652 -1291 10402
-22024 -4880 -4244 -10016 -6718 19478
-16024 -1472 -4492 316 -12297 26931
-23492 -3084 -3108 -1094 -16543 28712
-8916 -6840 -10380 485 -5959 9670
-1028 -68 -5540 -394 -52 -11108
-4700 1984 -6376 2536 8769 -31311
-12684 -2132 -3068 2129 16497 -32768
-17060 -3800 -3468 7957 20056 -32768
-30152 9224 -2244 8698 15540 -32768
-21884 32196 11032 3294 8518 -23217
-32768 15392 -17816 20547 -3359 16321
-32768 32767 -22796 -8714 -10651 32767
11912 15280 2352 1416 -4159 19035
-16400 6524 -4004 -3366 -3974 7923
-24168 3064 -8604 -2932 -2060 6653
-17468 1180 -4904 -4286 -1849 9952
-17676 -160 -4604 -8854 -3858 11990
-23892 -3732 -6032 -6105 -7926 22540
-19180 -2396 -9156 -4196 -11355 28768
-24660 -9660 -14856 2272 -9941 18885
-5484 -2664 -9124 -1110 339 3187
652 540 -3004 483 11181 -20292
-7684 -2172 700 2576 17824 -32768
-14164 -2860 -1160 7263 19726 -32768
-23944 -2124 -3644 13321 17229 -32768
-30972 19072 -6056 -502 6489 -32768
-19524 31972 22520 15373 -1998 -3462
-32768 9568 -11924 -22659 -21149 32767
32767 1112 13740 19263 32767 32767
-12664 10732 -8672 -50 -4858 11207
-17972 4484 -2740 -2326 -3056 4343
-21092 3364 -8236 -3456 -1026 2804
-16728 560 -5448 -4090 -511 3173
-19848 -3088 -6164 -7535 -4110 8662
-23228 -5292 -6176 -6338 -10784 20408
-19228 1908 -5756 -3197 -12876 27030
-16204 -5620 -11340 5231 -9812 16542
-1824 -4116 -7944 -767 -26 2531
-2132 -5236 -4492 6689 7529 -16996
-9020 -2240 -3596 12834 13178 -29803
-14228 -1768 -5716 9003 14777 -32768
-23868 -3672 -4008 5468 13311 -32768
-30668 14412 -3116 9705 8447 -32768
-19472 32767 8528 15503 4830 -6253
-32768 -32768 17788 -20176 -26380 32767
7156 32767 32767 6771 -8107 11541
-6116 10504 -8660 -1360 362 10298
-15912 2540 -3404 -842 408 1120
-14468 2216 -5260 -602 1403 -2666
-14864 -388 -4560 320 996 -3870
-15016 136 -5812 983 1237 -2425
-15416 -588 -6364 963 711 -424
-16040 -1284 -5656 283 326 1120
-14776 1780 -6416 653 -570 1141
-15320 332 -5680 662 -326 402
-14860 452 -5892 150 -401 286
-15052 776 -5892 365 -17 -334
-15616 -160 -5848 217 -971 398
-15400 596 -5780 -162 -1432 931
-14988 1192 -5352 -703 -1104 54
-14832 1020 -4744 -793 -470 -1428
-15160 516 -5424 -341 -186 -2009
-15472 -276 -5564 356 225 -1696
-15216 -296 -5212 -120 -51 -1099
-14952 176 -5320 215 24 -973
-15188 -376 -5384 224 118 -1138
-15264 -424 -5520 413 534 -1101
-15192 -824 -5492 570 268 -539
-15188 -580 -5396 468 -57 69
-15076 -436 -5560 512 -101 122
-15168 -440 -5220 553 22 45
-15308 -324 -5376 372 154 -151
-15272 -580 -5468 219 273 -185
-15160 -588 -5540 370 179 -69
-15216 -576 -5520 420 171 54
-15392 -496 -5768 321 52 60
-15268 -640 -5612 323 65 37
-15092 -392 -5556 240 57 -74
-15224 -504 -5612 315 -39 -24
-15152 -504 -5608 452 47 19
-15184 -484 -5524 508 -29 107
-15304 -340 -5572 571 -7 76
-15064 -224 -5496 438 96 -235
-15128 -624 -5536 503 216 -255
-15196 -612 -5608 493 67 -150
-15172 -564 -5572 376 78 -160
-15176 -620 -5512 412 119 -137
-15204 -500 -5604 399 126 -96
-15320 -684 -5736 562 136 91
-15276 -820 -5548 779 -21 406
-15204 -392 -5472 695 -13 329
-15124 -264 -5716 474 98 102
