-14404 6300 -3880 987 -113 27
-14184 5816 -3980 587 145 -145
-14348 5952 -4028 482 162 -119
-14508 5868 -3932 311 -44 -51
-14344 5932 -3836 12 201 -97
-14344 6060 -3952 -468 248 57
-14376 6140 -4044 -584 251 10
-14364 5956 -3856 -728 83 41
-14332 6092 -3844 -876 271 6
-14304 6428 -4096 -1256 565 40
-14432 5928 -3888 -1442 690 39
-14440 5820 -3788 -1362 779 168
-14356 5948 -3852 -1201 655 91
-14460 5844 -3900 -995 491 149
-14420 5844 -3708 -830 257 138
-14392 5880 -3708 -682 307 116
-14316 6224 -3644 -735 244 105
-14260 6052 -3548 -764 314 70
-14296 6228 -3712 -974 729 135
-14432 5944 -3364 -934 350 -62
-14344 6096 -3472 -853 508 -69
-14480 6048 -3512 -800 305 -161
-14296 5940 -3276 -162 -238 -144
-14516 6128 -3672 1 140 -3
-14420 6096 -3572 271 112 -40
-14280 6196 -3600 356 -68 41
-14312 6132 -3576 528 166 6
-14284 6040 -3656 628 -68 -30
-14280 6232 -3464 690 -172 -23
-14288 6268 -3712 668 -15 -16
-14268 6032 -3784 690 -137 17
-14412 6200 -3620 599 -18 30
-14372 6208 -3724 581 -44 62
-14288 6184 -3584 574 -72 98
-14284 6180 -3792 491 10 138
-14296 6272 -3656 436 31 140
-14236 6156 -3692 318 115 93
-14396 6160 -3812 211 135 130
-14320 6196 -3632 89 179 154
-14348 6212 -3600 31 188 135
-14316 6160 -3712 2 236 158
-14220 6204 -3588 34 301 172
-14272 6184 -3544 63 465 164
-14240 6180 -3852 7 548 273
-14092 6028 -3936 72 666 361
-14032 5844 -3472 134 402 579
-14084 5700 -3668 -25 1129 944
-14580 5908 -3808 -174 1478 1227
-14404 5064 -3424 52 1447 1167
-14464 5196 -3880 630 1739 1553
-14016 5348 -3912 1165 1730 1788
-13700 4708 -5152 1460 1659 2125
-9168 6772 -5704 1024 3653 1438
-13572 10516 -2552 135 1120 2527
-21500 8100 -3568 544 4195 5344
-18720 11568 -3024 -2371 82 6394
-10780 8456 -2996 -3959 -131 8207
-11236 6760 -2524 -1874 -117 6564
-11880 6876 -52 955 -1275 3414
-9176 4032 2244 3799 -554 -1922
-9652 7676 -9368 4746 -5271 -3590
-14308 11856 -10480 1560 -225 -318
-20968 8556 -5872 5387 209 -3297
-25760 13096 -6860 7618 8401 -7276
-19104 11692 -9384 5707 9919 -6516
-15436 8528 -6872 1149 3717 -4886
-3284 2188 -2564 -4741 -3680 -1398
2816 -2776 -2300 -4834 -3650 -1506
544 2376 -7364 -5713 -1321 -2659
-20480 10516 -4200 474 8817 -757
-30396 17092 -13672 -8929 -2469 1012
-28920 15036 -6616 -6817 -2955 7862
-19112 12352 -2668 -8281 -6175 2665
-8744 3940 -2860 -1361 4900 -20
-2912 384 48 3228 2138 -2868
928 -3728 -1564 4913 -3163 -4734
-4092 10620 -15268 7488 -14206 496
-17068 13796 -12108 6585 -6614 4033
-24512 17296 -4120 8301 6305 -6368
-23852 9160 -9852 8661 9332 -5485
-19220 13280 -8240 3813 6266 -3828
-11388 3940 -3692 -1997 -868 -2646
-5108 -356 -2792 -2887 -2746 -439
1872 -916 -2928 -5023 -4624 -1272
3300 764 -6708 -5771 -4192 -5111
-24072 16068 -3644 1217 15427 -3364
-32768 13388 -15188 -9150 -4100 3666
-31904 13984 -4396 -10449 -4084 12091
-14336 7108 -3468 -8239 -4300 5577
-4256 2356 -2396 662 3576 -1621
-464 -968 372 1531 -83 -3861
-2008 -5180 -1536 3916 -4791 -5086
-10892 21296 -23692 2249 -21965 1425
-19936 10604 -5672 4540 -10619 2263
-25232 15324 -3536 7693 13900 -5726
-20136 8208 -8792 9815 14105 -7419
-14904 12600 -6440 3640 6198 -846
-5884 1120 -2972 -1082 -2512 -785
-276 -2156 -1988 -2722 -3496 -841
3908 -460 -1888 -4580 -3469 -2647
-13996 14908 -3316 1873 11475 142
-32768 16876 -14204 -9426 -7119 5254
-28856 12916 -5364 -9957 -3543 8453
-14152 7384 -1896 -6284 -2465 4402
-2940 2612 -1428 -77 3801 -1333
2648 -3980 144 3396 -425 -4826
-2356 -2240 -848 6152 -6623 -3565
-18024 14736 -4760 4666 -12065 7281
-22932 11280 -2100 9536 -1477 -697
-27192 11492 -7152 10263 6297 -7132
-19544 10856 -8180 10107 6583 -4177
-12000 8364 -3608 1516 -1934 -1623
176 1504 -3716 -4314 -2953 346
3684 -1220 -144 -5041 2206 265
668 1840 -12028 -4141 -2180 -4128
-30664 20364 -7584 -1090 12740 3986
-32768 16616 -11440 -10781 -6797 6406
-24056 11520 -3632 -12706 403 10758
-8964 4788 -1864 -4942 1926 1879
712 -352 516 -324 5491 -5350
-476 -3004 744 2759 -69 -3991
-2128 -3892 88 7621 -3906 -3694
-20056 23412 11204 1839 -23659 8293
-26736 13880 1972 9621 146 -1481
-29896 12420 -7036 11052 7452 -7024
-20180 14332 -9896 9829 10271 -6928
-11192 6452 -628 1050 -2419 -2695
3800 -608 -2396 -2480 -3014 78
2376 876 -1692 -2380 2374 2239
-1420 -1664 -1100 -2879 -4029 -3149
-32768 16752 -7984 2311 8380 -177
-32040 15992 -12904 -9723 -8052 3563
-24776 11488 -5536 -9664 -2689 8893
-16460 5116 -4684 -3184 1223 4307
-3680 2316 -2944 -426 -2024 -1523
3516 -372 3500 3846 -5194 -6562
-408 -4204 -4352 5326 -4328 -3390
-2624 12936 -25180 6256 -7727 -1982
-19832 18124 -15988 -473 -17744 4449
-24460 18432 -168 3563 6274 -2965
-27672 9180 -3892 9357 16848 -6803
-26704 13992 -8848 4911 10070 -9999
-8312 2308 -3700 -1682 -3221 -524
364 -3164 -2724 271 -2361 2071
880 1696 -2876 -1438 -1834 919
948 2412 -2148 -2460 -5296 -3342
-18472 8756 -16200 7729 4554 -2998
-32768 20172 -12980 -3045 -2914 9345
-30776 14488 -5532 -7090 -5957 7991
-15316 6184 -2728 -3839 641 4259
-2844 2040 -3236 -1555 5126 -3250
3696 -3736 528 -1272 2012 -2228
248 396 -2336 1239 -1772 -3654
-15200 16620 -8152 1646 -12325 6649
-17588 11592 -9408 5216 -13237 4812
-28652 16520 -160 7264 10987 -4361
-24404 9560 -6972 10741 14415 -9186
-23220 14756 -8352 2333 5355 -4589
-5124 2192 -3904 -3227 -5694 1752
2868 -2064 -2140 -2647 -3545 -815
3480 452 -1628 -4942 1291 -1222
-3868 9336 -16788 -206 7010 -549
-32768 26008 -8484 -170 12808 5180
-32768 12528 -10220 -9336 -8895 8725
-22484 12360 -936 -10296 -3925 8169
-6440 2176 -1656 -2737 4717 -3175
1448 952 -3980 -884 5769 -5958
1384 -2492 -120 -21 -1381 -3831
-2988 -184 -1608 4931 -215 -49
-17316 15116 -3776 -2981 -14286 9407
-25252 15152 2496 1819 3456 -1713
-30300 8068 -6172 8745 13493 -3856
-24980 14224 -10876 9262 11746 -8510
-7488 7928 -2000 1264 -2052 -1353
1916 260 -2972 -1860 -3840 655
1944 -776 -1416 -2109 962 1820
-632 -2316 -4496 -1059 -1062 -1335
-16220 8716 -9460 8895 7810 -95
-32768 21420 -14880 2356 4264 2234
-32768 16580 -12112 -4118 -5691 11399
-24664 11868 -5024 -10546 -13621 7156
-3888 1192 -1456 -2599 -65 -1467
1832 -1452 -2264 776 1787 -3953
628 -708 -1072 2748 -5268 -4202
-2936 -808 -1220 3579 -1198 -1326
-14308 12816 2180 -606 -20254 6979
-23820 13332 -864 6159 4705 240
-27368 10936 84 11834 9043 -6122
-23788 13980 -6756 10933 11468 -11871
-15096 9468 -5384 199 -1179 -2604
-60 -1536 -4448 446 -3124 1301
88 876 -4880 -1251 -1294 1984
2732 892 1220 -3558 -3498 -1924
-6180 9672 -22956 25 6623 -742
-32768 24704 -12620 -215 9278 4782
-32768 16916 -9060 -5839 -6136 9615
-25412 12732 -1572 -9332 -5726 9036
-9684 2056 -708 -2223 1052 -1631
2636 352 -1632 -617 7343 -3487
1688 -420 -2472 -995 -2886 -5370
-3664 -664 708 2248 -2342 -1227
-20092 22804 4968 1538 -23896 11038
-21308 11484 -1400 7885 3131 77
-29032 13132 -2920 7814 10890 -6532
-24208 10936 -7600 9756 18002 -11121
-15100 10932 -5660 -1352 -895 -3949
-764 -912 -2932 -3180 -4598 1136
2260 -184 -3356 -2362 -729 1647
2544 -768 -3624 -1909 -1465 -1162
1496 6572 -21504 3100 4357 -3377
-28864 24516 -10632 5144 16361 682
-32768 15904 -16136 -5326 -1498 6073
-31288 14700 -3504 -9396 -9650 11781
-12880 1780 -4496 -2089 -1302 736
-1160 3460 -1512 -381 3169 -584
2452 -3216 -36 -462 -2489 -6409
504 -1868 -2456 2961 -3779 -7028
-9708 16508 -21196 -1247 -6941 2775
-16280 13692 -9564 -945 -16100 5775
-27880 17800 -4916 3413 8836 -872
-24524 9128 -5132 10088 14725 -6451
-20596 14760 -8992 4687 7784 -9313
-4584 3884 -4328 -3060 -1760 -8
884 -2376 -2372 -5729 -3044 1645
3080 -176 -2796 -4181 -2841 72
976 -2504 -6968 -1154 -354 -692
-27140 13304 -6000 6913 15897 -3475
-32768 14340 -15524 -5595 -6765 4047
-32768 16292 -4928 -6046 -7540 8539
-15632 8544 -1132 -5279 -1912 -366
-1756 1548 -2548 539 3046 -5676
1484 -740 800 -1172 513 -4464
1584 -2380 -584 1450 -5072 -3973
-3664 -680 -292 6916 -4321 -1359
-9032 10300 1592 2941 -16298 13040
-25480 17532 5908 5333 4799 -1634
-32768 8552 -3648 7773 12811 -5220
-23588 12676 -7984 8249 14567 -6380
-11128 8408 -2776 -742 -4083 -5794
1316 -2808 -3100 -482 -2558 3043
60 -116 -1612 -1609 -1798 1107
1084 -2612 -3892 -1567 -3700 -2388
-14148 16776 -10424 4688 10919 382
-32768 18708 -16276 -4032 985 4633
-32768 15852 -8436 -7017 -4910 8792
-23916 8772 -3120 -9077 -6472 6631
-8836 4332 -1280 -3014 4707 -3013
2416 588 1196 -1626 4640 -3831
592 -2848 -1272 337 -4017 -5485
-2692 -2672 2756 5720 -4005 -2639
-17772 13932 3520 2347 -11480 13136
-21764 14760 268 7483 895 1499
-29764 11856 -4888 8474 11757 -4959
-20964 11488 -7540 9069 16316 -8531
-17248 7948 -6624 1859 -24 -3369
104 -388 -2876 -745 -5408 1849
2196 -1500 -1964 -658 -2738 1221
900 -772 -3232 70 -1943 -727
820 13252 -28776 7169 10758 3326
-28260 32767 -12860 208 10975 1344
-32768 15100 -14808 -8211 -3610 3323
-29232 12348 -3120 -11201 -9625 11108
-12952 3092 -1320 -3060 1608 2857
2660 1036 -1664 -790 3388 -4109
2872 -1752 -1288 -996 -1333 -3755
-1912 -1060 -3344 2055 -2982 -2025
-13336 25880 -22140 -1338 -20771 6107
-20044 10028 -6116 3195 -11091 2668
-28928 17076 -4564 6086 10431 -6643
-25032 8216 -6992 11836 13117 -6487
-18808 14656 -5208 4511 6874 -8633
-3184 1920 -3036 617 -4453 -1262
872 740 -1212 -979 -2165 1878
2624 144 -3980 -2997 -1639 -382
2060 -48 -3752 -3975 -1862 -1938
-18312 8608 -8532 1903 10337 -1597
-32768 14360 -13148 -4507 -3934 5907
-32768 12528 -5496 -6059 -7881 8916
-19916 10520 -3396 -5011 -7882 6309
-4588 3744 -648 -2 4596 -1806
1076 2880 -744 1106 5767 -5149
260 -2380 -1604 1849 -4111 -8292
-604 -2756 908 6913 -2331 -1774
-17216 12604 5428 3054 -16075 15210
-21840 11124 1064 9514 -8425 2261
-28488 10768 -2424 10572 7336 -6760
-22804 13576 -4696 11090 15233 -11571
-19812 10848 -4544 -347 2117 -3862
-1876 2088 -2616 -2673 -4401 1062
148 -520 -508 -5523 -2994 -320
3140 -3700 -1152 -4829 -2054 -1796
-5644 12348 -11872 3953 4252 2481
-32768 24628 -13872 -3385 7797 5256
-32768 15388 -8320 -7844 -1829 9885
-22868 11308 -864 -8193 -5063 9226
-6304 4036 -3540 -1082 6551 -1099
-712 4176 -168 -2592 8702 -3223
328 -3008 -1424 854 654 -5216
-4196 -4488 172 5900 -3947 -1707
-19748 32767 -16552 -76 -26748 12917
-16264 7880 -5332 7774 -2019 -1538
-30920 17016 -7476 10207 12908 -6610
-21392 11392 -8456 10351 14649 -10780
-15400 11372 -5544 1914 3686 -427
-604 -420 -3532 -3445 -3103 2879
2700 -1212 -2332 -1533 -1105 486
1636 -536 -3076 -2165 -1857 -1147
1724 6548 -13048 -761 853 -3688
-32100 22656 -3992 3156 16929 -452
-32768 11616 -15096 -8331 -3779 6589
-31408 16784 -2132 -11536 -10531 11768
-10112 1920 -4228 -3820 -1340 530
-2768 4056 -996 -587 3991 -374
184 -224 840 -1340 -1484 -4219
-2428 -2132 -2860 1397 -4499 -3067
-12396 27292 -19284 2182 -15398 6576
-16076 8452 -5432 4182 -8778 3700
-27508 17376 -3244 7891 8001 -5162
-19732 9972 -3816 13432 15079 -9788
-19480 14652 -8208 3856 2936 -7175
-4828 1408 -4208 -47 -3422 737
640 -2048 -4224 1040 -2502 2981
2976 1792 -2656 -883 -1900 -1201
572 10704 -21552 2662 5750 -183
-22924 26716 -18580 1197 9568 3737
-32768 16104 -15636 -5836 873 5726
-28120 15256 -4448 -9264 -5735 6398
-14148 3856 -2472 -4850 -2001 -1621
340 -380 -1568 -1474 5430 -3718
1440 -808 -520 -65 -2234 -4003
-328 -1096 -500 1825 -4340 -3930
-4700 16228 -32768 179 -4281 908
-22204 13156 -18620 -635 -19365 4861
-23596 20944 1768 5627 7628 -3631
-28564 6360 -5292 10696 10902 -2143
-20808 14108 -8508 8313 14101 -9697
-7236 5840 -3212 -2134 -4112 -2125
140 -1268 -2648 -2891 -2281 1130
1036 -472 -2128 -3588 -2192 -1033
864 -664 -2988 -3620 -5080 -1400
-27352 12816 588 6542 12170 1784
-32768 15072 -15580 -6084 -3128 2732
-29524 18132 -6220 -9075 -3959 7574
-18304 5544 -3808 -7392 -1654 3823
-3648 2612 -1860 -3290 3777 -1438
2716 -884 -588 -1591 4743 -2723
-832 -2404 76 1660 -2553 -5568
-3420 -2880 -1552 4807 -2022 -2729
-24544 26160 6744 -755 -29099 15659
-20416 15056 2960 5019 -9828 886
-29304 12944 -4484 6465 7010 -3261
-20664 11432 -4760 11579 15377 -8248
-21176 11204 -7608 3004 8273 -7003
-3104 3516 -2760 51 -682 -3527
-848 -1700 -2156 -627 374 1546
152 132 -2552 -2529 326 -743
632 3944 -8932 -3016 -3210 -3811
-31040 20380 -996 1928 12462 -3388
-32768 10080 -15272 -5969 -1119 2116
-27216 15132 -6100 -6219 -5424 8219
-14980 5240 -2716 -2909 -4458 1927
-7500 2716 -1732 -149 191 -1434
1128 -1736 868 2244 -3108 -2180
-1524 -5156 344 5487 -7603 -5762
-4788 6368 -15160 10581 -7734 -6859
-19692 11580 -21516 -6325 -27028 11185
-16752 24376 -4704 2317 12011 -4934
-17424 7060 -7600 338 6778 1071
-8800 7276 -3284 -66 13793 -5897
-9908 2804 -6576 881 3973 -5089
-7320 2468 -7040 178 2914 -2837
-10976 6824 -8980 826 1197 -434
-16292 8608 -8736 -165 -1337 811
-13924 6696 -4980 -2338 -1525 -234
-14612 4232 -5820 -2326 -1323 -637
-13932 8508 -5900 -2749 -3093 1445
-14520 9612 -4992 -3356 -6408 -788
-12764 6408 -5876 -4115 408 -2491
-12296 6160 -4144 -1776 -1437 -772
-14260 7552 -3452 -255 -99 -277
-14136 7444 -4036 -917 185 -489
-13408 6760 -3412 -451 277 432
-14288 6648 -3696 219 41 86
-14488 6688 -3784 466 21 -27
-13696 6948 -3512 382 -341 -253
-14184 6320 -3764 1078 76 -185
-14456 6068 -3512 1320 89 -501
-14344 6204 -3624 1505 -214 -590
-14564 5804 -3808 1836 -384 -440
-14704 5792 -3568 2313 -869 -476
-14440 5928 -3608 2516 -944 -737
-14128 6340 -3920 2224 -882 -347
-14048 6348 -3976 1975 -918 -445
-14288 5852 -3636 1978 -580 -236
-14396 5832 -3544 2182 -461 -228
-14760 5572 -3648 2238 -1054 -285
-14320 6064 -3728 2267 -1059 -443
-14212 6636 -3556 1561 -506 -266
-14424 6132 -3680 729 -162 -189
-14308 6340 -3740 80 -23 -216
-14312 6548 -3892 -941 262 -286
-14372 6380 -3820 -1953 1060 120
-14156 5936 -3680 -2210 1062 169
-14820 5244 -3460 -1987 867 275
-15100 4640 -3176 -1008 898 270
-14808 4508 -3320 88 515 94
-14772 4504 -3432 1459 -83 335
-14528 4892 -3684 2486 -492 349
-14468 5336 -3220 3095 -744 553
-14412 5944 -3464 3377 -523 777
-14040 6552 -3724 2794 268 927
-14092 7140 -3972 1437 815 530
-14084 6764 -4384 72 1295 319
-13976 6804 -3944 -1576 1418 208
-13968 6612 -4704 -2123 1286 103
-14600 5920 -3804 -1869 1051 -90
-14628 5516 -3668 -1107 572 -46
-14652 5644 -3660 -120 -44 -183
-14544 5112 -3632 938 -408 -405
-14560 5024 -4084 2372 -753 -446
-14848 5836 -4020 2947 -1658 -659
-14276 5772 -4276 2817 -1792 -990
-13748 6180 -4180 2644 -1625 -699
-14156 5956 -4204 2404 -819 -638
-14416 6232 -4228 2146 -366 -439
-14244 5820 -4140 1744 420 -107
-14308 5984 -4344 997 676 -176
-14116 5776 -4264 740 361 430
-14512 5752 -4136 576 462 603
-14212 5788 -4084 429 493 535
-14344 5584 -4212 422 237 203
-14964 5812 -4400 670 -169 422
