6 -669 242 0 14369540 14595402
-304 6536 11684 -165 -777 -171
92 6688 11700 215 -664 -197
236 6996 11780 117 -180 168
8 6672 11552 358 265 540
-208 6928 11868 496 347 506
-276 6748 11696 602 403 544
-276 6844 11748 619 311 504
-428 6896 11804 525 210 417
-288 7068 11760 412 163 371
-340 7056 11512 201 166 300
-316 6824 11648 215 91 283
-312 6900 11684 260 134 260
-464 6760 11936 288 -159 151
-492 6748 11844 453 110 234
-500 7088 11580 518 97 422
-608 6880 11592 205 -192 322
-612 6744 11688 365 -217 215
-308 6460 11652 547 -350 258
-308 6784 11908 931 -296 256
-356 6784 11700 927 -461 377
-208 6984 11696 1080 -369 299
-320 7236 11504 1091 -384 358
-56 7472 11340 1089 -265 666
228 7496 11388 944 -451 801
-144 7664 11784 860 -1076 -285
556 7576 11504 794 -1241 -587
544 7608 11248 818 -1099 -745
772 7784 10832 870 -841 -194
688 8164 10640 1025 -428 183
548 8500 11336 982 9 460
1140 8340 10668 747 139 1321
28 9332 13176 1280 1324 1354
-604 7296 11832 -1352 -1610 -564
1284 7276 8936 -247 -950 -1377
936 9036 10624 412 -291 -349
1256 8784 10872 -36 -640 358
864 7884 11392 67 -304 442
716 8268 11016 -255 -485 479
1012 7740 11204 -403 176 398
836 7396 11656 -282 -2 153
1160 7052 11396 -266 -266 188
1044 7072 11816 208 -96 60
972 7416 11736 227 -257 118
752 7156 11652 218 -69 386
676 7244 11472 310 -143 311
688 7112 11420 394 -166 349
780 7192 11228 459 -223 256
820 7268 11108 669 -72 224
748 7672 11472 755 17 333
608 7840 11052 905 111 368
524 8160 11376 752 332 554
804 8600 11128 277 248 715
912 8076 11604 -355 251 570
1608 6892 11156 -841 107 188
2212 7092 11616 -557 944 896
1744 7032 11800 -367 903 1290
1328 6364 11332 -101 1496 1519
952 5856 11500 633 1856 1190
1100 5368 11604 1060 1331 486
1164 5396 12176 1661 974 -548
1200 5964 12052 1745 742 -948
732 6084 12424 1783 890 -1265
960 5960 12248 2123 1123 -978
1076 6248 12736 2426 1546 -756
636 6832 13072 2133 723 -2060
-152 9396 13668 2301 1649 -2893
-116 11096 12676 -284 1153 -506
-2320 10188 10076 -1637 531 101
-2328 10412 9000 -2280 486 294
-2924 9964 7480 -2448 -1294 -368
-2656 9976 8060 -1397 -1561 -430
-716 9860 10140 -973 -667 -914
-1484 8952 11136 -1358 -1192 -1313
-996 7776 10940 -1091 -1014 -1065
-540 7408 10732 -1704 -163 264
-684 6388 10832 -1623 833 1527
-1740 6468 11172 -740 957 1586
-1448 6532 11692 -586 607 1424
-1028 5952 11132 -213 324 1989
-1284 5912 11588 277 444 3335
-1572 5596 12072 -40 -214 2941
-1284 5292 11836 503 -281 1804
-364 4872 12364 1024 -520 1341
-356 5128 12716 1447 -64 1840
-640 4864 13168 2097 279 2253
-828 5008 12712 2300 715 2434
-728 5708 12532 2285 828 2502
-740 7896 14392 2090 706 2002
-1420 10348 13360 780 -1389 -646
-552 11000 11120 -957 -2294 -2069
976 9948 7108 -2567 -1667 -304
924 9920 8728 -421 410 748
452 10876 10860 -786 -1507 -384
1480 8616 10036 -1715 -2558 -1626
1628 6964 9932 -818 -2015 -1121
1124 6828 10236 -731 -1646 -1573
1424 7560 10580 -331 -489 -1422
1908 7860 12860 -16 505 143
1284 6092 11196 -109 -693 -314
1492 5492 10544 1070 371 -460
1196 6344 11228 1996 908 -1115
1356 6852 12464 1466 665 -1019
900 6228 12048 1044 542 -733
424 5888 11548 1231 1259 -828
688 5684 11632 1312 997 -1313
892 5688 11704 1687 253 -2295
1196 6112 13168 2081 157 -2361
1672 6908 13924 2334 391 -1222
32 9440 14440 2595 2279 1099
-128 10332 12660 -332 2601 4650
-1504 9496 10028 -1432 2087 4175
-800 9324 9900 -2505 383 2916
-2284 9232 7968 -2897 -992 512
-1920 9664 8832 -1582 -679 -1230
-1436 8796 11812 -1200 -666 -2419
-1016 7432 11228 -883 -1080 -2718
-284 7476 10676 497 -1557 -2785
264 7840 10708 240 -1486 -1993
24 7496 10696 -372 -1157 -700
-324 7068 10948 -71 -210 450
-436 6620 11220 135 554 1206
-800 6524 11148 -4 1197 1986
-1064 6308 11588 461 1285 2147
-1416 6020 11812 147 634 1176
-488 5708 11048 367 430 1194
-304 5692 11584 860 814 2241
-620 5564 12616 1130 828 3061
-564 5204 13284 1870 1114 2729
-1124 5584 14076 1846 669 1987
-928 5464 13400 1049 -412 1288
-1148 6608 13428 403 -642 557
-936 10092 13368 -1399 -1453 -610
200 10024 10888 -2139 -3012 -2307
1468 9696 9060 -2317 -1561 -614
748 8876 8828 -1772 27 233
888 9156 11396 -123 602 815
680 8720 11512 -1123 -682 438
208 7128 10544 -813 -733 -267
324 6948 10496 -75 -382 -941
1088 6932 11344 258 -386 -539
1096 6820 11476 475 -670 27
1324 6516 11508 812 -493 327
1236 6196 11412 1097 -233 -28
1164 6448 11964 1101 109 -600
1204 6624 11700 1136 677 -410
796 6652 11768 486 769 411
1192 5140 12412 322 941 459
1052 5148 12244 884 1484 879
776 4880 11912 1231 1455 438
392 5344 12152 1950 1260 54
288 5848 12384 1626 547 -592
460 6260 13344 1015 177 -1173
-96 7660 14392 1468 368 -1316
188 9372 13260 -161 -111 -69
-752 8476 12640 -1330 -941 -429
-1492 8816 9792 -1764 -1902 -1913
-1352 9580 8400 -473 -1095 -2229
-520 9152 9880 -382 46 -486
-1336 8292 11008 613 803 8
-680 7852 10820 -87 -23 -342
-888 7648 11196 826 -59 -801
-1000 7652 10624 125 -267 -716
-1088 7152 10844 184 1043 144
-1324 6588 10528 534 835 433
-1388 6548 10520 1032 925 748
-1956 7044 12200 787 607 1135
-1440 6892 11664 -49 -218 972
-784 6464 11876 -274 -738 474
-360 6292 11768 -1063 -1642 -40
-1188 4956 11792 -1080 -994 760
-488 4756 12128 -27 -458 1761
-600 4652 12592 814 12 2434
-768 4540 13396 1454 287 1983
-764 4476 13720 2148 50 1030
-184 5016 13088 2145 -283 710
-492 7556 13788 3536 -581 124
-684 10812 12420 1027 -1877 -1072
1176 11448 11156 -811 -560 868
988 9776 9380 -2300 -1677 -87
1564 9136 8048 -1062 -134 -25
1280 8988 8780 -405 -249 -570
1236 8936 10480 144 358 -10
1304 7376 9788 -614 102 603
712 8060 10172 888 2282 1004
1496 9508 13868 223 2410 2820
572 7308 11420 -1065 -85 2660
-300 6056 10500 -371 978 2030
244 6784 10704 551 868 538
548 7580 12292 529 -148 -96
1328 6596 11756 342 -167 687
724 7220 11768 542 810 1291
-324 6040 11664 -80 761 532
-68 5780 11188 252 383 -629
408 5056 11360 271 -1197 -2499
952 5060 11564 1357 -1211 -3440
1440 5784 12748 2072 -909 -2891
1096 5628 13068 1979 -229 -1876
1264 5760 13292 2016 936 -931
816 7048 13764 1945 1815 -362
304 10724 13216 978 1609 1484
-1468 11648 12528 -1037 1088 2271
-2012 9560 8488 -2765 -854 454
-1660 9568 9036 -1250 772 -694
-1440 9888 9636 -1274 24 -955
-1108 8884 9908 -537 -364 -422
-1028 7948 9596 -24 -150 -359
-1056 8624 10800 -134 554 -370
-1236 7896 10720 -1377 13 -365
-1252 7040 10740 -790 25 -337
-900 6660 11440 -566 227 23
-1096 6584 11728 -160 158 286
-1032 6444 11596 -7 -397 -94
-964 6476 11560 515 -160 636
-1064 6484 11548 -78 -981 169
-604 5648 11488 408 -531 913
-1056 5412 11920 129 -193 1399
-984 4892 12596 740 384 1715
-560 4768 12160 1016 7 2040
-1000 4740 12492 2333 -139 1803
-952 5204 13236 2658 -292 989
-704 5300 13012 2854 281 775
-776 6204 12832 1905 31 1061
-648 9444 14096 1596 305 1383
-1548 10108 12628 -76 -2902 -1662
616 10412 7900 -1272 -2829 -2808
884 10452 7824 -1469 412 -436
368 10512 10988 -543 828 395
312 9564 10616 -1535 -1035 267
244 8160 10272 -1088 -352 686
236 7700 11176 -507 -673 270
596 7432 11068 -811 -1225 302
720 6916 11588 -638 -1125 260
1416 6476 11184 28 -1045 -46
1732 5948 11524 1022 -423 -337
1780 6736 11468 1152 -611 -677
1680 6744 11748 928 -746 -950
1532 6908 11488 573 -730 -1574
1592 6256 10840 565 -448 -1995
988 5500 11496 156 13 -2954
2168 5876 13232 1082 1052 -2226
1948 5328 13492 1604 958 -1383
2252 5212 13848 2547 2642 -834
1244 6164 12100 1644 3244 -821
-1200 7860 12556 694 3121 -1625
-1312 10920 11904 -552 1599 285
-4392 10684 11704 -2477 -373 278
-3360 7832 8576 -2550 -2574 -2133
-1652 8384 9064 -110 -1375 -2309
-1080 9036 10512 162 -796 -741
-1044 7964 10300 892 -435 -299
-1088 8036 10188 1628 772 -227
-1552 8512 11240 1064 1820 781
-2340 8064 10544 933 2208 740
-2696 8088 11088 811 2823 932
-2688 7424 11304 637 2296 1400
-3524 6832 11108 381 679 1652
-2008 7740 11080 1404 1565 2470
-1688 7828 10772 -355 1565 1366
-2000 6304 9756 -277 194 455
-1956 6996 10948 842 89 783
-2208 6356 11328 525 388 1627
-1592 5840 10744 731 717 2550
-1956 6300 10976 1505 332 2529
-2208 6472 12788 1437 16 2480
-1876 6524 12868 955 -158 2527
-1904 6376 13020 518 -517 2335
-2044 8560 15192 1935 727 1817
-3056 10340 13184 -725 -3243 -1658
-1128 9540 10720 -1991 -4397 -3008
-104 8708 8096 -3181 -3154 -1902
696 9652 8952 -1969 -281 342
652 10228 9104 -1575 -2339 952
612 9056 9780 -1037 -717 1760
144 8416 9904 -721 -377 1650
636 8192 11424 -147 685 1602
76 7992 11456 -523 118 1569
-192 7156 11084 -271 321 1237
188 7208 10928 -179 221 578
188 6672 10872 -35 -260 -162
892 6584 11460 903 -18 -611
1320 7012 11616 656 -492 -518
472 6668 11896 724 -354 -389
548 5888 11568 774 469 -338
956 5252 11244 1207 676 -922
632 6072 12728 1490 1053 -1192
572 5576 12036 1249 250 -1239
316 5564 12072 1370 729 -1030
368 5576 12788 1310 721 -949
836 5256 13340 1258 562 -521
420 7524 13508 1843 1527 549
-748 10836 14296 785 1635 2075
-2308 9940 13012 -1962 312 1106
-1600 9152 10276 -2981 -1105 -309
-2064 9152 8456 -1751 -1773 -2159
-996 8688 9084 -1282 -991 -1688
-768 8340 10496 -507 105 -552
-1324 8392 10732 -257 113 -270
-1244 7428 10960 -530 -28 79
-948 6988 10680 -313 403 541
-1240 6768 11376 264 442 755
-1144 6680 11292 232 68 1022
-1080 6576 11148 201 -24 1359
-1080 6364 12160 127 162 1524
-1024 5960 11652 -28 -235 1262
-860 5648 11728 525 -306 1185
-556 5908 11580 390 -431 1462
-432 5372 11808 573 -321 1606
-716 5132 12044 1083 -57 1477
-656 5040 12728 1781 -141 1398
-596 5224 13124 2190 -95 1425
-320 5416 13188 2097 -81 1113
-492 6288 13268 1499 -195 840
-560 8772 13632 362 -150 1002
-772 10004 13188 -489 -1274 -679
820 9936 9564 -1852 -2741 -1179
1324 9364 8188 -1272 -475 1
904 9396 10008 -520 202 323
584 9060 10940 -97 -142 -40
608 8356 10596 -444 -556 -694
1032 7764 10780 -99 -220 -673
1032 7632 10744 152 -176 -237
1228 7488 11212 525 -191 121
1116 7056 11172 405 -470 -220
1236 6852 11356 640 -56 -621
1208 6760 12072 320 -71 -762
1172 6820 11772 458 -52 -214
748 6048 11608 514 260 326
372 5488 11152 135 202 -903
768 5164 11740 451 -310 -1864
964 5092 12184 997 -835 -3086
1240 5228 12880 1589 -292 -3445
1372 5448 13204 1921 527 -2739
1744 5456 13344 1687 1390 -1161
1660 5872 12164 1912 2285 309
0 9196 13500 699 3294 1108
-2608 11672 13272 -1338 1199 -206
-3652 10720 10156 -2811 -1227 -1465
-2336 10128 8888 -1091 92 -1048
-1252 9500 9928 -952 549 928
-1528 8292 9556 -495 349 2098
-2000 7924 10028 -402 737 1878
-2052 7636 10412 -506 745 1166
-1740 8044 10660 -855 1118 1155
-1992 6204 10628 -727 1098 270
-1792 5780 10992 143 631 -305
-1592 6388 11740 589 156 -71
-1884 6480 12396 32 -192 509
-1352 5676 11640 -153 -10 455
-1752 5796 12292 -136 -262 673
-1184 5032 12268 285 -1526 279
-696 5404 12240 830 -1341 451
-712 4840 12472 554 -2181 1015
-264 4692 12460 1755 -1842 1542
-276 4720 13392 1908 -1685 1473
-24 4888 13392 1926 -1253 1329
752 6204 13612 1577 -788 947
-56 9248 13636 274 -1634 -1003
-200 10396 13040 -1091 -2569 -2286
1108 10344 8960 -2459 -3174 -1507
1076 9000 8508 -791 411 307
1004 9524 9816 -318 2018 1027
296 8448 10772 239 2654 1032
100 8164 10332 0 2246 617
-192 8024 11088 602 2588 679
-468 7108 10988 -142 1607 484
-688 6872 10872 127 727 40
-348 6768 11656 258 469 -6
-4 6452 11140 703 4 176
224 6228 11472 620 -372 219
-112 6628 11764 968 409 333
-4 6972 11740 567 306 640
-516 5580 11880 215 166 623
-356 5120 11416 -54 -285 -174
232 4920 11568 217 -657 -1380
60 5224 12320 780 -779 -1494
4 6084 13660 1295 -440 -785
1116 5512 13784 933 -328 -174
1504 5464 13416 8 956 495
-636 7668 14560 124 2337 511
-1536 10328 14424 -854 621 1312
-2052 8704 9060 -3025 -1332 -149
-940 9048 9784 -133 681 -145
-1116 8448 10004 -1123 -801 -191
-1924 7264 10592 603 527 276
-1644 7828 10872 627 -106 -506
-796 7016 10724 678 -271 -754
-884 7236 11056 817 -104 -225
-1364 7380 11388 618 -183 -574
-956 6740 11224 396 227 -156
-880 6720 10904 310 496 598
-1032 6344 11128 454 760 1572
-1472 6536 12032 319 1074 2275
-1432 6224 12088 -59 447 1807
-1592 6004 12392 -62 -181 1088
-848 5400 11940 -86 -625 1055
-628 4728 11328 515 -222 1784
-424 4228 11380 1152 37 2354
-572 4704 11844 2386 766 2777
-1104 5176 13488 2535 729 2348
-1020 6168 13788 2147 29 1274
-672 9124 14820 969 -354 633
-1184 10096 13076 -999 -2797 -1757
820 9640 9812 -2710 -3036 -2030
1528 8524 7892 -2524 -1282 -223
904 8948 9844 -722 288 729
984 9096 11044 -463 -110 615
144 7892 11072 -383 -151 -65
292 7868 10832 377 1162 -30
608 7960 12720 549 902 775
440 7056 11280 -57 -317 293
412 6760 10716 342 -247 -276
880 6744 10644 399 -705 -768
1040 6448 10920 882 -800 -755
1020 7308 11996 756 -573 -606
1364 7120 12392 391 -413 42
580 6188 12064 -326 -461 423
1088 5036 11036 -181 -267 152
1252 4992 11656 133 149 -258
960 5000 12256 1278 168 -1094
1308 5016 12632 1936 319 -1622
1092 5056 12916 2497 654 -1708
744 5432 13056 2964 1021 -1909
576 7168 13656 2554 1284 -1683
1140 8680 13628 2364 1384 722
396 9672 12664 -79 1345 2919
-1064 9812 11424 -1329 857 3294
-2380 8772 8920 -2545 -1160 437
-2144 9056 8744 -1099 -1147 -1670
-1072 10140 10736 -883 -599 -2152
-168 9008 10800 -1298 -844 -1686
-96 6852 10076 -1778 -59 -561
-776 6188 9992 -115 1324 -131
-1560 7000 10928 984 1255 275
-1044 7260 11812 483 907 508
-1164 6936 11624 71 652 851
-1032 6352 11060 198 328 1313
-1172 6420 11400 245 639 1748
-1560 6584 11544 361 498 1763
-1372 6572 11608 519 136 1342
-884 6132 11632 346 -204 1532
-420 5440 11348 255 -387 2034
-796 5324 11708 1210 306 1748
-584 5392 13184 1358 193 1350
-744 5720 13528 1586 -185 1161
-416 5728 12676 985 -571 1028
-304 7632 13808 795 275 1782
-1120 9720 13544 269 -1152 751
396 9532 11048 -1585 -3209 -250
824 8408 8076 -1656 -2732 -15
680 8832 8644 -899 -614 -482
924 9456 10380 -124 -435 -1307
1140 9400 10912 -295 -665 -1304
760 8428 11692 -245 -177 -1002
588 6800 10716 290 -198 -1060
964 7320 11096 302 204 -655
1284 6804 11128 485 398 512
1216 6704 11672 286 274 948
1408 6372 11188 645 305 1201
1120 6644 11296 974 270 435
1168 6964 11748 819 204 -227
1292 6872 11520 559 285 -478
752 6748 11788 487 670 -432
224 5392 11684 14 153 -1756
260 5444 11212 -43 -6 -2792
1536 5688 12476 109 544 -2181
1640 5208 13208 1019 2258 -492
60 5348 13240 1273 2810 260
-436 5736 13524 1268 2205 -74
-1680 9132 14412 1654 2651 961
-1660 10368 12916 -912 1169 2930
-2128 8748 9464 -1977 -760 2281
-1932 8708 8948 -1458 -1235 724
-1536 9488 9448 -1178 -1044 361
-1044 9200 10768 -598 -308 216
-1004 7692 11408 -1025 -259 -210
-924 6936 10940 -389 103 -341
-916 6996 11224 -398 -103 -778
-228 6416 11400 -32 60 332
-68 6088 11264 -5 1249 1321
-1644 6396 11812 552 1436 202
-2396 6284 12068 746 -40 112
-1992 6156 12220 1144 -148 -238
-1688 6672 12000 364 -638 -25
-684 6436 11096 671 -230 858
-776 6464 11148 540 -473 1402
-532 5756 11336 202 -529 1771
-548 5080 11072 562 -513 1744
-876 4668 12108 1249 102 2028
-756 4584 13044 1495 241 1718
-696 4912 13724 1781 102 1687
-424 5460 12956 1026 -478 1668
-568 7424 14404 912 20 1303
-1364 9756 13444 -289 -1344 -817
716 10268 11124 -1656 -2423 -1642
1368 9648 8184 -2026 -1299 -49
660 8632 9340 -702 492 648
480 8712 10724 -15 207 72
188 8556 11120 236 54 -124
524 8064 11504 244 285 -344
260 7208 10816 50 -369 -587
636 7332 10884 363 -248 -527
816 7040 10900 328 -759 -577
1004 6780 11200 541 -686 -513
800 6680 11540 840 -550 -962
1020 6824 11864 388 -143 -805
716 6456 12220 725 449 -155
344 5920 12352 678 130 -271
-424 5648 11408 435 -965 -1111
428 5552 11796 838 -531 -1419
1916 5384 12656 894 -594 -2205
2132 5008 13140 1249 388 -2132
1820 5772 13092 1580 625 -626
1456 5836 11840 763 418 228
-444 8988 14068 873 1774 435
-196 10184 12744 -2165 -209 1080
-1896 8312 8624 -3083 -1213 -706
-1420 9072 10244 124 668 -1648
-992 9048 11088 -804 -326 -1269
-740 7584 10676 -91 231 186
-300 7332 10056 255 265 504
-968 7304 11340 322 1046 931
-1052 7024 11420 -399 694 732
-1128 6952 12000 -96 886 681
-888 6672 11568 -333 712 961
-864 6308 11356 62 1112 1490
-1024 6248 11280 273 1298 1974
-1008 6156 11244 352 1031 2342
-1684 5884 12160 772 573 2044
-1324 6416 11720 870 284 1443
-488 5800 12180 524 -211 1439
-352 4912 11868 635 -225 2049
-392 4192 12168 1142 -181 2553
-1056 4476 13192 2443 -39 1652
-812 6188 13476 1854 -790 183
-212 7300 14708 666 -425 74
-1328 8300 14224 -1197 -1973 -1067
-132 8336 11400 -1150 -2417 -2184
1208 8892 9944 -1681 -1579 -666
900 8536 9104 -2073 -386 603
868 8620 9600 -544 191 184
668 8340 10832 2 16 -282
368 8076 11448 669 139 -182
24 7736 11400 488 -139 -731
328 6968 11376 648 -302 -1070
628 6964 11308 553 -693 -991
860 6972 11156 880 -530 -712
852 6868 11416 679 -474 -695
1020 6624 11560 892 -658 -742
904 6748 11980 754 -332 -1112
1488 6616 11492 785 194 -667
1040 7032 12116 1486 963 193
408 6384 12036 682 692 94
120 5936 11624 813 619 -788
380 5736 11636 896 557 -1271
376 5180 11440 1045 468 -1441
796 5668 12436 1326 738 -932
996 6216 13140 577 970 109
220 6548 13892 -594 1721 779
-20 8956 12704 -532 2514 2749
-1804 10064 12292 -1975 1785 3943
-3364 8652 9376 -1861 -331 1073
-2244 9032 10620 67 -279 -1555
-1704 9620 11096 -374 -1282 -2550
-616 7716 10112 492 -1173 -1503
-468 7496 9744 1038 -1245 -877
-808 7404 11104 1458 -288 -260
-1248 7868 11744 263 -118 -90
-684 7128 11204 -88 161 -112
-760 6752 11252 -129 75 398
-680 6852 11332 300 382 855
-676 6988 11364 -258 488 1679
-1300 6568 12044 -211 1221 2995
-1384 5996 11728 57 271 1755
-728 6504 11760 539 809 1916
-308 5856 12000 314 805 2487
-612 5560 11444 812 983 2921
-1200 5196 11916 1604 1040 2585
-1344 5480 12364 1446 593 1665
-972 4804 12384 1355 355 991
-1084 5408 12908 1402 -56 288
-384 5616 12156 937 -826 416
-496 6776 14152 2181 -153 1211
-1612 11060 13084 1321 -1623 -309
592 11008 10808 -555 -1710 -246
1064 10220 8688 -1818 -1343 362
548 9708 9012 -499 171 796
496 9928 10512 -359 349 966
40 9416 10668 -369 -267 380
788 7968 10068 -552 -964 -266
588 7404 10408 -31 -1207 -880
756 7676 10832 473 -1493 -1878
1004 7828 11140 268 -1564 -2358
1300 7184 10612 119 -1476 -2307
1440 7296 11404 590 -207 -1595
1440 7704 11860 295 232 -388
1024 7076 11720 -370 890 960
296 6356 11380 -257 1118 1009
408 5716 10888 244 890 327
852 5376 11144 1077 245 -287
976 5620 11992 1281 602 -642
668 6052 13100 1421 692 -347
700 5740 13260 1330 566 -469
624 6400 13160 1410 1339 -160
88 9088 13140 1353 2176 853
-156 10780 13292 -968 2079 1661
-1904 9164 11504 -2698 1564 598
-2244 8140 8748 -3743 -37 -1617
-1852 8556 8544 -904 -644 -2317
-1196 9064 10164 -605 -1049 -2328
-1360 9200 11872 -46 -311 -1442
-772 7656 10824 -782 -891 -705
-976 6824 10360 128 -2 26
-1016 6740 10996 119 670 765
-1576 6676 10992 349 1336 1286
-1632 6916 11696 257 1364 1195
-1280 6468 11196 651 1078 1526
-1736 6024 10884 441 1301 1736
-2184 6236 11340 831 1605 1809
-2544 6668 11300 1080 812 1140
-1724 6072 11748 719 93 910
-1380 6088 11916 709 335 1904
-1352 5036 11104 1062 41 2554
-1340 5612 11560 2407 -300 2312
-1760 5976 12404 2577 -1023 1471
-1260 5924 12500 2546 -940 776
-984 5952 13108 1367 -1433 210
-1400 7624 14416 2388 -1182 -965
-1744 10016 11620 896 -3896 -3771
-228 11224 10756 196 -3054 -4250
-80 10844 8992 -1987 -2376 -2707
-64 9888 8188 -1866 -769 -870
-96 9812 9184 -995 -45 -342
-172 9524 10280 -1302 -429 -494
-1428 8576 10768 -1085 -1224 -1858
-824 8160 11144 -273 -1238 -2746
-548 7448 11096 -767 -2461 -3364
-280 6828 10556 -138 -2556 -3588
232 6768 10864 46 -2899 -4131
392 6464 11224 323 -3058 -4333
500 6152 11568 1064 -2577 -4526
832 6580 11932 846 -2313 -4323
708 6460 11740 555 -1843 -3467
496 6404 11588 277 -1579 -3116
804 5136 11756 367 -1431 -2892
436 4616 11844 1046 -1670 -4164
920 4616 12196 1831 -1261 -4615
784 4896 12960 2446 -971 -4799
900 5364 13036 2103 -559 -4681
-128 7856 14652 1629 473 -4930
-1668 11436 15512 1283 621 -3139
-2104 9696 11676 -2221 -2 378
-3816 7880 8716 241 -421 -966
-2484 9008 8100 960 -650 -2355
-2820 9920 8728 723 -660 -1924
-2584 9100 9376 603 -802 -1224
-2584 8924 10684 332 -851 -1265
-2160 8568 11204 14 -1171 -1639
-1788 7680 10968 -897 -1414 -1857
-1140 6944 10672 -435 -1262 -1313
-1172 6776 10864 -216 -1104 -555
-1196 6908 11928 398 -735 -66
-1024 6568 11968 201 -1080 291
-708 5772 11796 511 -1056 475
-928 6364 11708 1158 -398 1043
-1168 6016 11464 922 -470 829
-760 6284 11104 704 -358 677
-664 5712 10936 814 -236 995
-412 5276 11780 802 -462 1396
-488 5152 12988 2062 -751 1006
-740 5460 14060 2043 -1364 279
-244 5088 13004 1744 -2069 -496
-564 8540 15368 3547 -954 -1749
-2804 11852 13384 1490 -4574 -5006
760 11820 8904 -1186 -4792 -5052
-848 9960 7972 -1188 -1698 -3320
-136 10232 8388 -1850 -2350 -4453
128 10060 9492 -688 -2935 -6027
-372 9492 10384 -1492 -3375 -6990
-528 8328 9784 -1311 -3106 -8603
-468 8352 11924 -158 -3753 -9896
-688 7608 10908 -94 -4789 -10717
-884 6880 10360 83 -4172 -10549
-68 6576 10956 1000 -3681 -9373
228 6820 11028 1609 -3936 -7649
64 6428 11736 1859 -3832 -6643
368 7036 12096 1595 -2369 -5004
44 6864 12160 760 -1900 -3334
-80 5512 11516 699 -1895 -3014
-364 4916 11296 780 -1676 -3620
72 4828 12688 1151 -1405 -4400
444 4364 13284 1779 -1241 -4248
780 4392 12380 2373 -231 -3215
308 7056 13504 2989 1506 -1930
-1604 10952 13948 685 1125 -429
-1172 10376 12096 -599 501 1712
-2012 10304 9556 -1519 313 1630
-2600 9768 7788 -1016 -182 -246
-2204 10308 8888 -353 -474 -1504
-1672 9592 10496 -167 -99 -949
-1512 8640 10672 -512 -221 -483
-792 7836 10384 -534 -70 -26
-924 7872 10528 -511 365 635
-1188 7180 10792 -640 955 1792
-1596 6896 11088 -495 1074 1894
-1600 6488 11372 -314 1011 2100
-1828 6324 11448 -231 776 2099
-1900 6060 11964 -624 -133 1382
-1672 6076 11568 322 -556 509
-920 6144 11748 -43 -963 221
-500 5748 11916 519 -601 1389
-644 5492 12504 924 -289 2839
-1152 4696 12512 1623 -376 2852
-1076 4792 12672 2089 -369 2201
-1156 5228 12604 2510 -816 985
-704 6580 12892 1414 -1223 370
-872 8876 13480 136 -1185 320
-216 10568 13028 -421 -1670 -1173
632 10992 9676 -2361 -3090 -2079
1708 9832 8072 -1817 -824 -348
1080 9440 9364 -929 366 184
164 8980 10676 -468 284 -58
732 8908 10428 -713 -153 -454
504 7604 10552 -349 -1140 -1473
972 6916 10328 22 -1587 -2371
1452 6904 10956 595 -1007 -2307
1656 6960 11380 824 -839 -1558
1552 6920 11504 1220 -506 -1223
1336 6700 10992 879 -334 -960
1012 6456 10120 699 -342 -681
1328 6604 11300 1647 337 -265
368 6440 12380 893 -20 -1083
660 5732 11940 1134 362 -2157
1100 6084 12832 1092 1015 -1833
820 5896 13792 1712 1293 -891
840 5580 13652 1372 1264 -348
312 6184 14044 2086 2076 -334
-40 9156 13308 1542 2086 2146
-1796 13016 12672 129 670 2672
-2724 11020 7624 -1291 -2160 -4
-1360 10808 7468 -952 -1204 -1049
-764 10392 9268 -1190 -1214 -1067
-136 9624 10624 -1318 -466 -330
124 8288 9284 -1082 -518 89
52 7756 10076 -986 418 920
-668 7208 10648 -644 634 1191
-968 7216 11328 130 1295 1305
-724 7056 11292 -246 1404 1126
-752 6724 11064 -63 1738 1339
-960 6772 11256 32 1581 1695
-1328 6728 11576 -135 1849 2230
-1728 6864 11744 -202 1223 2084
-1324 5732 11780 -392 170 1429
-764 5624 11216 -21 188 1619
-284 5152 11640 671 502 2443
-1084 5300 12876 1156 493 2946
-1308 4844 13500 1333 730 2947
-1368 5080 13804 1356 -48 2100
-1212 6348 14796 2406 -650 454
-1900 9652 13168 994 -3020 -2447
180 10384 11712 -284 -3120 -2413
716 9448 9940 -2120 -2910 -976
1144 9324 7028 -2425 -2262 335
948 9040 8508 -143 -124 627
540 10004 10600 -78 261 159
544 9056 11128 -98 -408 -760
392 8048 10780 302 -361 -1041
648 7552 10984 465 -513 -677
1020 7272 10736 43 -1292 -389
948 6896 11464 408 -1432 -697
1320 6972 11748 688 -1533 -1567
1824 7416 11772 426 -1953 -2472
2060 7368 12756 -664 -3165 -3959
2628 6748 10936 -255 -2924 -3946
2028 6076 11120 -381 -1452 -2974
1396 5480 10756 -99 -85 -2373
1728 5496 10964 178 459 -2434
1512 5536 11864 473 1060 -2086
1660 5744 12480 1170 1576 -1300
1556 5668 13768 1570 1765 -499
2112 5604 14208 2086 2123 931
684 6548 14508 1329 2391 1939
-384 8836 13468 1348 2547 3564
260 9452 12564 -238 2334 4517
-1004 7668 9932 -2974 -298 1819
-1964 8416 8992 -1710 34 -1031
-1600 9808 9436 -508 157 -1676
-928 9168 10076 -977 113 -1138
-920 8040 10752 -119 691 -633
-620 7436 10356 166 743 134
-672 7432 10980 166 964 740
-664 7248 11544 -99 1131 1347
-1016 6688 11204 -275 1399 1743
-1536 6452 11380 220 1702 1766
-1460 6432 11536 314 1721 1829
-1756 6624 11120 397 1387 1926
-2136 6512 11736 400 1062 1819
-1924 6704 11656 675 726 1859
-1404 6332 11396 284 -277 1625
-816 5724 11316 202 -456 2042
-848 5176 11392 119 -439 2617
-1268 5020 11828 948 -312 2246
-1060 5116 12928 1800 -392 1563
-652 4840 13204 2078 -390 1348
-820 5192 13812 2495 -272 1093
-616 6240 13204 1391 -577 877
-704 9236 14424 1222 -371 1032
-1284 10960 12756 -435 -2971 -2038
1352 10784 9744 -2044 -2607 -1088
1520 9748 7416 -2294 -1213 754
1344 9776 9040 299 188 1531
832 9780 10320 275 -420 1128
1516 9516 9956 -115 -687 680
1712 7704 9872 -448 -675 -270
860 7396 10328 -585 -201 -984
1456 7664 10528 -514 323 -1098
1540 7660 11716 -355 768 25
1276 7032 11764 -83 622 582
948 6328 11440 -465 1000 507
588 6244 12080 -216 1654 302
440 5808 12044 -421 946 -268
384 5208 11392 -183 768 -1094
36 5324 11900 720 666 -1632
408 5236 12624 833 -41 -2579
88 5280 12836 1164 -472 -3036
436 5476 13224 1356 281 -1928
680 5292 13176 1806 115 -1151
368 5512 13408 2200 175 -1104
-76 8320 14040 1889 718 -603
620 9884 13216 92 -235 1660
-1668 8260 10328 -1972 -606 1182
-2128 9004 9084 -1867 66 -252
-1840 9260 9636 -419 -309 -827
-1668 9096 9612 -558 -354 -275
-620 8104 10676 295 71 521
-636 7836 10552 345 -99 1366
-780 7268 11196 363 429 1778
-832 6792 10904 -293 742 1757
-944 6656 10768 289 1181 1689
-1120 6692 11688 446 774 1265
-1096 7052 11616 545 527 1421
-1116 6860 11380 519 446 1390
-1192 6812 11920 449 658 1550
-1136 6824 11092 490 318 1046
-1148 7112 11304 447 270 941
-228 6036 11596 -216 229 1604
0 5264 11216 103 733 2946
-876 4736 11764 656 785 3479
-1100 4488 12856 1373 822 2785
-892 4940 13624 1767 58 1566
-1072 5480 13904 1450 -1343 889
-996 7836 14976 1199 -1052 104
-732 10572 13100 -887 -2867 -1682
1596 10032 10116 -2080 -2838 -1763
1856 9908 8120 -1791 -1791 -447
1484 9216 9020 -412 186 272
396 9268 10004 250 222 -127
764 8780 10760 -248 168 -462
808 7576 10676 507 -113 -1317
848 7284 11096 376 -857 -1682
1196 7096 11100 556 -789 -1438
1436 6772 10900 545 -919 -1466
1276 7032 11268 675 -650 -1399
1372 6976 11056 860 -488 -1558
1284 7360 11908 338 -207 -1435
1288 6972 11744 143 517 -729
1136 6336 11236 -46 775 -90
984 5876 11504 654 1583 71
-116 5852 13108 767 1257 -386
380 5488 12824 930 473 -1236
508 5356 12604 1827 286 -1553
1000 6148 11864 2293 329 -890
1272 6256 12604 1746 194 -241
340 7824 13808 971 1317 143
1312 8244 12976 393 2118 3370
-1440 9940 10580 -879 1990 3668
-4628 10628 8660 -180 234 -564
-2196 11488 9756 58 -547 -2349
-1128 10424 10020 -395 -966 -1132
-1188 8984 9960 -326 -630 -985
-1280 8824 10060 -1252 428 -775
-1040 7824 10280 -884 913 623
-1280 7072 9808 -913 1114 1842
-1516 6800 10408 7 1802 1856
-1660 7676 11992 -180 1739 1587
-1584 6884 11788 -456 674 1909
-1468 6232 11680 -827 102 1945
-1440 6204 11480 -505 -149 2019
-1724 6196 11680 222 -264 1324
-820 6476 12044 546 -258 1137
-460 5652 11656 689 152 1865
-676 4916 11092 1066 614 2767
-988 4932 12372 2006 735 2794
-1180 5408 13032 2390 -175 2091
-932 6128 13284 2294 -791 1643
-1152 8280 14712 2549 -765 799
-1696 10284 14480 1611 -3646 -1955
520 10584 12472 -1010 -5276 -2675
1384 9232 9368 -2008 -3420 -1130
1240 8892 7464 -2838 -2189 -634
1776 8716 6876 -1605 -1037 -433
1680 9868 9456 -428 608 363
1612 9828 11544 -615 639 698
792 8412 10772 -683 335 241
644 7892 10656 -366 676 468
976 7084 10984 -62 -348 -116
1716 6772 11048 285 -860 -318
1232 6592 11632 208 -118 -1106
1852 7076 11796 318 812 -304
1672 6680 12012 256 476 102
948 6580 11868 235 805 338
336 6744 12128 423 1000 291
552 6244 11780 166 -225 -328
352 5472 11772 -154 -1226 -2279
784 5092 11656 514 -1728 -3876
1948 4512 11304 1167 -1124 -3279
1940 5052 12664 2043 -334 -2000
2164 5248 13392 2144 80 -776
1824 5992 13352 1963 1457 -237
260 9100 15368 2109 3673 -263
1616 11796 13604 -931 2681 3878
-1188 8788 10208 -2637 1638 5236
-1808 8036 8228 -1665 1234 2264
-1400 9300 9208 -1105 159 543
-1844 9816 10576 -270 402 -438
-384 9148 11296 -811 329 -986
216 7988 10216 -573 -1 -872
-196 7216 10848 -244 761 100
-572 7032 10988 231 1353 724
-868 6892 11208 66 1308 1359
-588 6860 11516 272 1282 1781
-820 6612 11416 222 1021 2098
-1288 6412 11848 684 1142 2104
-1396 6856 11684 817 1180 1898
-1064 6824 12216 896 781 1286
-636 6512 11960 571 321 1196
-456 5456 11080 553 466 1311
-660 4860 10660 908 685 1383
-812 4672 10508 1409 878 1118
-808 4980 11096 1792 1241 1257
-1096 5124 12776 1841 1074 1254
-1312 5604 14476 1503 655 1452
-1088 8224 16644 1542 222 782
-2876 11100 12276 -1296 -2919 -2455
920 11036 10496 -2281 -1283 -124
-624 10988 9444 -2219 -397 1525
-588 9576 9736 -1442 -242 1782
-40 8504 8624 -1170 433 1922
-992 8192 10040 -276 697 1141
-992 8116 10092 542 90 -711
-744 8188 11288 507 -64 -1392
-296 7348 11252 254 -1057 -1698
-168 7284 11348 53 -648 -1064
28 6556 10884 154 -872 -803
168 6436 11088 680 -952 -948
340 6804 11872 936 -1065 -1106
400 6748 11648 865 -888 -816
268 6448 11760 512 -417 -157
4 5452 11808 374 -386 -586
320 5604 11852 762 314 -934
624 5624 12196 830 1228 -410
24 5464 13024 1426 1153 -880
664 5580 13548 1653 508 -798
-344 6824 13768 1796 1050 -1127
-420 9464 12916 1067 1321 -154
-1716 9248 12204 -769 447 -68
-2072 9068 9312 -2019 -952 -1766
-2288 9164 9080 -567 -481 -1773
-2280 9528 10092 -13 -623 -1148
-1364 8880 10432 -187 -527 -592
-1076 8116 10352 172 -398 278
-1144 7652 10800 333 319 1058
-1292 7592 10740 41 646 1561
-1716 7208 10684 -299 1195 1962
-1852 7160 11120 123 1335 1661
-1908 7292 11396 -200 971 1671
-1700 6844 10744 -373 719 2121
-1544 6052 10628 -397 401 2521
-1816 6440 11520 288 -9 1701
-1740 6756 12332 -164 -798 775
-1092 6052 12788 -507 -762 779
-240 4900 11808 -600 -801 1862
-432 3956 11736 1178 48 2962
-652 4076 12372 1673 267 3154
-1400 4336 13180 2991 831 3249
-904 5800 13824 1714 -252 2570
-608 7628 15288 1917 -47 1957
-1496 10464 13000 -925 -2666 -626
1244 10384 9440 -1683 -2755 -1693
1784 10300 8300 -1677 -1146 -631
1368 9572 9756 -847 -492 -70
1120 9088 10064 -43 -679 -67
672 8384 10624 330 -480 -369
364 8232 10396 355 -511 -661
732 7392 10480 329 -1351 -1686
1096 7920 11332 869 -272 -2254
1280 7772 11492 183 -1037 -1833
1172 6756 11120 282 -968 -1565
1320 6928 11532 501 -359 -1005
1588 7264 11756 -8 -118 -707
1604 6888 11648 -86 441 372
1100 6168 11996 249 1283 1277
688 5924 11716 50 1156 790
868 4832 11408 236 1075 -206
868 5220 11052 1366 1336 -1083
116 5240 12692 2850 812 -2292
832 6400 13568 3138 1276 -1964
236 7592 13632 2020 1479 -997
-244 10512 13724 1113 1779 355
-1044 10124 11780 -1477 685 903
-2784 9236 9016 -2173 -498 -1327
-2304 9616 9392 -569 -775 -2548
-1256 10152 9780 -382 -1417 -1414
-972 8856 10440 2 -679 59
-1184 7736 9500 -547 -366 553
-1660 7876 10080 434 950 1196
-1856 7544 10816 -318 754 1252
-1556 7064 10516 -16 1022 1518
-1728 7776 11812 -57 527 688
-1216 7152 11232 -841 -128 744
-1128 6768 11364 -358 373 1457
-1280 6564 11156 -676 378 1814
-1524 6188 10912 -372 417 1443
-1280 6556 11824 120 161 1043
-816 6172 12264 -121 -205 1671
-736 5004 12096 507 83 2693
-1068 4900 12176 1167 349 3230
-1088 4928 12540 1491 369 2995
-1128 4852 13340 1942 216 2523
-836 5552 13416 1338 -412 2375
-1460 8468 14384 1908 -933 1437
-1044 10552 13268 48 -2967 -1032
924 10204 10584 -1582 -4338 -2145
1680 9212 7560 -1692 -3821 -1845
2084 9848 8508 114 -1132 -946
1368 10280 10320 365 -677 -1099
1184 9308 10680 -490 -904 -1018
1464 8288 10044 179 -584 -1495
1664 8052 9752 366 -612 -1867
1960 7828 10308 437 -509 -1705
2120 8280 11612 415 653 -203
1936 7372 11084 -358 492 859
1300 6908 10988 -154 1153 883
888 7088 11828 -177 1720 705
1220 6840 11668 -425 1424 818
400 5740 11272 -507 1137 330
-160 5060 10784 -302 76 -2029
604 5576 11564 250 -135 -4484
240 5784 13476 1149 -701 -4710
1256 5304 14016 1232 -595 -3865
1044 5044 13160 1897 471 -2601
280 6040 13440 3107 1763 -1687
32 9248 13760 2936 2445 211
-208 10616 12932 557 2344 2565
-1680 9392 10524 -1617 1112 2575
-2272 8516 8260 -2451 224 405
-2924 10040 8904 -1229 279 -365
-2412 9540 9792 -862 -487 -279
-1740 8272 10012 -41 -283 -502
-1480 8104 10196 126 -74 -37
-1428 7672 11008 205 352 1092
-1360 7300 11152 -619 703 1970
-1188 6524 10984 -922 774 2396
-2188 7080 11144 102 981 2222
-1760 7428 11356 -763 112 1673
-1164 6328 11632 -1113 -127 1791
-1224 5544 11404 -686 -16 2105
-1396 5800 11560 233 -99 2233
-1048 6152 12192 754 -113 2317
-564 5816 11640 854 -140 2984
-152 5376 12040 1026 238 3274
-468 4852 12620 1673 239 3150
-824 4572 12688 1946 243 2065
-792 5000 12468 2842 428 1395
-880 6284 12440 1609 93 599
-1712 10464 14832 1804 170 -1215
-348 12056 13640 400 -3013 -3702
1388 10292 9468 -2279 -3429 -2678
1032 9324 7128 -2342 -1263 -619
1016 9808 8876 -722 420 -169
888 9844 10848 -790 715 235
608 8712 11816 -817 265 801
140 7428 10672 3 351 543
4 7036 10552 620 780 407
344 7336 11188 939 791 59
8 7296 11268 571 -17 -620
148 7328 10904 907 398 -1010
140 7184 11196 516 403 -1212
120 7000 11520 237 332 -1491
216 7076 11804 506 43 -1699
184 6636 11800 164 243 -1035
-540 5740 11236 429 360 -1163
-72 5748 11500 901 645 -1477
-476 5704 12084 1353 272 -1794
-928 5928 12344 1928 -135 -1926
-108 6372 13352 2159 408 -1238
484 6744 12464 1157 664 -148
-1024 8248 14124 91 1247 -517
-2128 11608 13980 -1742 -74 -624
-2292 9336 9132 -3753 -2406 -605
-3212 9064 8356 -1334 -149 -251
-2384 9176 9948 -169 -832 -849
-1764 8396 10240 -279 -1026 -639
-1688 8160 10536 599 -1634 -521
-1892 7752 10612 373 -1115 34
-1340 7348 10304 -71 -323 785
-1412 7076 10912 236 553 1241
-1304 7048 11976 342 274 1363
-1068 6512 10724 -530 -161 1760
-1104 6948 11636 -251 839 2849
-1628 6676 11868 -255 -63 2276
-1232 6768 11040 23 -824 650
116 7112 12056 -523 -807 476
252 6752 11856 -2905 -959 1951
56 3252 11732 -1583 735 3743
-1608 3536 13620 700 1285 4460
-1204 3640 13468 1702 624 3361
-1004 3312 13092 2458 219 2433
-808 3776 12488 3196 -212 1361
-684 8180 14352 4210 -309 -305
-1180 10556 13356 1758 -2980 -3390
1656 10276 10180 -414 -2415 -1395
1632 9784 8944 -703 -1240 365
1924 9916 8648 -429 -1291 888
1680 9876 10180 338 -237 606
1092 8764 10488 -16 -509 -173
1680 7988 10156 640 208 -400
1452 8536 10824 98 839 166
1404 7952 11956 -2 769 830
1188 7028 10600 -222 469 431
884 6980 10756 370 1000 20
896 7408 11600 248 976 -446
976 7084 11232 -421 375 -715
744 6332 11084 -383 190 -1549
704 5500 11168 101 555 -2513
248 5580 12328 1370 456 -3540
180 5916 12904 1574 69 -4624
1220 6468 12932 1799 565 -3544
-444 7912 13892 2850 1963 -1794
-200 8916 12396 1402 2183 1095
-1272 8568 11120 390 2664 2832
-2072 8288 10304 -177 1988 1986
-2084 9076 10948 -582 1195 935
-2480 9712 10600 -1250 -189 199
-2924 9152 9800 -2076 -1966 -1996
-1724 8332 9200 -1838 -2814 -3185
-1308 8476 10676 -614 -2079 -2758
-1248 8060 11124 -396 -1416 -1526
-1044 7912 10788 26 -407 -162
-856 7504 10528 -118 914 1687
-1348 6968 10416 -93 2254 2778
-2104 7168 11128 16 2925 3225
-2216 7204 11416 -122 2427 2966
-2136 7076 11676 -109 2152 3270
-2184 6300 11140 -455 1218 3382
-2288 6436 11196 -269 826 3093
-2600 6772 12120 -50 -25 1875
-1816 6252 11900 -367 -644 1306
-1068 5412 12040 36 -364 1907
-960 5100 11716 -46 -149 3062
-1012 4556 11592 742 217 4015
-1236 4224 12112 1581 311 4357
-1268 4416 13084 2127 324 4023
-1260 4432 13412 2453 -381 2961
-1388 7104 15796 4235 367 2062
-1608 10092 13636 1881 -3788 -1346
928 10748 10556 146 -4928 -3442
1220 9976 8160 -1348 -2877 -2155
1524 9788 7528 -1343 -1227 -1438
1892 10872 9800 -595 -261 -1253
1428 10500 11044 -950 -481 -677
620 8912 11292 -1128 -570 -640
460 7272 10148 -522 -921 -997
1020 6952 10536 61 -966 -1273
1488 7428 10816 490 -989 -1762
1544 7600 11300 681 -742 -1518
1560 7304 10772 384 -586 -1681
1468 7308 11124 582 270 -1391
1492 7428 11460 -64 436 -1101
1268 7176 11600 -231 785 -337
988 6140 11456 -369 1314 108
652 4644 11408 286 1411 -717
1220 4896 11320 1134 2038 -1344
280 6624 12348 1549 2008 -1197
160 6912 13504 1407 2416 -11
-12 6836 13348 316 3009 1248
-64 7496 13776 -68 4143 2055
72 10112 12732 -842 4322 4308
-1996 11080 11812 -3216 2954 5541
-3128 9712 8200 -3846 812 3985
-2652 10196 10308 -1704 1880 4135
-2004 9760 10288 -2725 790 4739
-136 7732 9488 -2164 1180 6480
-348 7692 9704 -1404 2673 8301
-1064 8068 10508 -960 3813 9656
-1196 7456 11536 -1189 4127 10336
-1060 7280 11852 -1402 4415 10539
-1072 6560 11324 -1067 4067 9929
-1032 6564 11252 -845 4096 9123
-788 7548 11176 -1212 4158 8123
-988 6376 11492 -1715 3335 7363
-1292 6092 12076 -1361 2389 6679
-636 6004 12276 -781 1713 6112
428 5668 12020 -707 2057 6660
328 5004 11100 -710 2759 7601
-1100 4716 12540 1472 3219 7853
-896 4936 13604 1643 2131 7830
-44 4540 12224 2505 2257 8768
516 4516 11756 3409 1902 8637
-60 5344 11748 3938 1853 7424
516 6088 11708 3755 2190 6520
296 6608 12408 2899 2141 5884
812 8728 14080 2395 1940 5279
-448 10956 14180 -37 -1734 2010
2152 10716 10924 -1998 -3401 -477
2076 9448 8840 -2564 -1527 -570
2200 10148 8460 -1786 667 788
2484 10140 8348 -1486 1623 1739
2036 10012 10348 -734 3000 2684
1144 9116 10828 -1568 2044 2306
1176 8144 11020 -441 2756 3023
788 7084 10888 -569 1070 1991
772 7332 11260 -39 890 1012
696 7284 11260 -461 291 -42
1300 6672 11428 -494 -38 -536
1204 6116 11204 164 -209 -959
1108 6536 11548 797 -195 -1181
1828 6916 12128 556 2 -602
1728 6668 11892 401 1123 235
860 6452 11492 212 1296 -195
636 5820 11880 -2 1105 -640
1180 5624 11400 788 1113 -1148
1064 5228 12240 998 901 -888
1152 5928 12660 2934 1325 -1205
560 7328 14180 2123 1133 -2734
-704 9388 13716 1663 1043 -2604
-708 9844 12808 927 860 -776
-1948 8768 10180 -387 599 -463
-1260 8692 9480 -1073 974 -621
-2016 9044 8948 -1674 288 -172
-2464 9348 9640 -1890 381 -190
-2528 8916 10432 -944 397 190
-1904 8456 11016 -272 423 222
-1372 7800 10628 -868 783 1111
-1924 7156 10764 -593 1851 2332
-2248 6868 10688 -625 2118 3185
-2420 6500 10460 -52 1746 3224
-2848 6680 11648 405 1058 2201
-2180 6396 11436 -243 -250 1429
-1996 6532 12064 -193 -737 893
-1244 6252 11684 -181 -1155 1190
-420 6128 11532 -293 -1164 2054
-392 5560 11440 -202 -919 3069
-376 4456 11824 316 372 3757
-324 4804 11816 387 365 3947
-732 4780 13052 1117 511 3601
-612 4952 13924 1521 431 2436
-540 4960 13956 1350 175 2034
-536 6604 14392 1463 776 1766
-1720 9540 13880 -229 -880 -164
776 10500 12112 -1372 -2054 -1151
1296 9476 8740 -2596 -1786 608
1244 9528 8720 -1660 895 2460
588 9572 9448 -1168 85 1846
448 8560 10716 -197 611 1036
92 7840 10512 -341 414 179
44 7176 10364 416 178 -839
-152 7380 11444 433 -69 -1608
584 7008 11592 496 -375 -1211
836 6272 11300 1122 -443 -408
1292 6780 11644 1126 -64 346
908 6216 11476 1033 -334 223
1000 6576 11884 1003 236 488
1052 6444 12040 1206 582 780
68 5908 12076 905 594 199
-68 5248 11964 581 103 -1797
684 5492 12104 1126 -174 -2989
640 5788 13024 1542 -508 -3168
780 5828 13104 1345 -347 -2463
-112 8724 14720 1850 1435 -2463
-508 12340 14344 -249 501 665
-1300 8636 10876 -2663 -1576 1829
-1624 7008 6704 -2477 -2498 -779
-1572 9168 8788 580 -767 -2234
-1192 10048 11568 140 -1471 -1978
-424 8504 11668 -1143 -1344 -1098
-8 7100 10988 -652 -590 134
76 6732 10700 -435 319 1646
-392 6308 10540 -256 1288 2659
-856 6656 12216 250 1571 2591
-396 6252 11936 45 740 2565
-412 5752 11632 61 820 2426
-600 5860 11852 115 465 2176
-532 5472 11964 548 -52 1300
272 5400 11756 609 -165 831
868 5452 12048 570 455 2012
672 4756 12864 750 994 3571
304 4140 12632 1150 881 3696
-124 3632 12700 1756 982 2988
-756 3932 12704 2524 1746 2075
-1256 5696 13388 2424 1288 797
-1820 9468 15148 2629 347 -1107
-700 11456 13092 916 -2910 -5194
540 10908 10712 -911 -2644 -4753
896 9224 7592 -2866 -1134 -1947
1016 9660 7772 -565 378 109
1284 10880 9684 -333 100 1005
612 9456 10628 -663 -682 999
-40 8204 10252 -491 -718 241
264 7296 9972 48 -856 -648
1040 7612 10704 1423 445 -29
848 8212 11516 294 212 70
804 7252 11032 -77 -351 -109
924 6736 11212 341 79 -4
916 6916 11484 359 56 -277
1520 6900 11792 -338 -55 -786
1636 6712 11192 -24 1498 103
64 5520 11812 334 1314 72
-176 5432 11532 682 708 -1038
196 6072 12012 946 897 -1208
-128 5760 13276 1047 976 -1138
380 5544 13528 992 1052 -728
160 6956 14404 913 1953 -567
-292 8480 12916 714 1757 576
-1812 9148 11616 -861 1732 33
-2424 9184 10796 -2040 1020 -734
-2328 8120 9096 -1252 -816 -1534
-2252 8632 9160 682 -1332 -2150
-1916 9376 10476 1239 -790 -1794
-1400 8848 10968 675 -693 -786
-1436 7668 9940 285 -202 -782
-1656 7480 10448 270 1158 -519
-2140 7680 10224 468 2326 294
-3536 7476 11288 -59 1919 749
-3404 6284 10724 395 1514 981
-3280 7096 11492 218 1669 1033
-3600 7040 11728 -367 382 510
-2564 6540 11844 -1156 -563 100
-2420 5856 11664 -1332 -983 509
-2172 5548 11332 -649 -736 1340
-2208 5352 11608 -637 -681 2032
-1660 5312 11516 371 -492 2878
-1808 5128 11724 507 -919 2812
-1112 5228 11888 1038 -583 2663
-1984 4852 13236 1411 -930 1451
-900 4760 12640 1553 -533 1564
-528 5348 13156 2200 -391 2125
-1148 5604 12488 1580 -786 1543
-840 6504 13172 1002 -124 1580
-2052 9024 13988 396 -1273 314
-404 9956 12416 -1414 -2712 -1606
600 9616 9036 -2655 -3357 -1661
1084 8848 8180 -1342 -1077 -858
648 9572 10272 -137 474 111
180 9340 11460 -100 260 745
-72 8152 10996 -464 -26 248
-560 7376 11048 -337 -153 -306
160 6608 11316 403 -104 -387
688 6640 11284 597 -426 -91
604 6508 11168 1070 -350 363
740 6560 11376 1177 -495 254
728 6648 11712 1141 -600 -323
796 6836 11904 614 -517 -597
740 6600 12004 181 -86 -768
-96 5744 11804 44 -357 -1211
148 4880 11508 836 -847 -2562
1300 5460 12088 1165 -803 -2934
1544 5220 12744 1505 -590 -2226
1224 4844 13076 1919 190 -2130
468 6544 14336 2236 1695 -2001
1048 9780 14344 1586 2163 285
-600 10496 13768 -1190 1268 1149
-3020 10100 10396 -2540 334 -850
-2088 8924 8064 -2830 -656 -1396
-1164 8544 8876 -805 -243 -531
-1248 8340 10064 45 448 492
-1692 8396 10420 268 824 1275
-1576 8008 10580 -89 1005 1891
-1560 7704 10628 -344 1066 1965
-1660 6964 10512 -696 848 2113
-1952 6444 10408 -521 474 1358
-1724 6552 11488 148 -36 564
-1440 6004 11780 -469 -714 702
-1060 5760 11508 43 -428 1161
-828 6296 12100 845 -527 612
-224 6300 11976 1470 -559 695
172 5688 11996 -272 -40 1769
280 4732 12000 711 1170 3313
-408 4120 11908 1058 1339 3871
-908 4604 12668 2002 1927 4073
-904 4704 13812 2138 1552 3211
-904 4776 14268 1551 776 2339
-1192 7248 15292 2030 957 1541
-2520 9832 13052 643 -2131 -1732
840 10580 10888 -1529 -3179 -2865
1008 9420 8024 -2745 -2457 -1468
1120 9728 9116 -653 619 -381
232 10124 10304 -1126 -172 -284
12 7932 10260 -61 180 -1156
-320 8552 9924 362 1776 -1022
-508 7860 11088 811 1416 -1030
-124 8080 11472 449 1029 -42
-380 7020 11060 206 -2 560
-792 6352 10856 -287 -506 95
-592 7272 10492 346 -1405 -1200
36 7452 12268 406 -869 -2881
540 6528 12424 -268 -561 -2710
616 6428 11868 296 590 -556
-776 6212 11436 989 914 -73
-1016 5916 11160 1398 391 -1060
-496 5832 11620 1643 -274 -1606
320 5660 12456 1156 -935 -1753
180 5248 12512 1695 -381 -1688
256 5416 12860 1539 -351 -1575
712 5676 13352 1279 247 -714
348 7312 14168 -38 750 181
-976 10664 14620 -1741 7 1304
-1508 8776 10672 -3358 -1525 3287
-3896 9064 9008 -1209 -615 1339
-2480 9412 10328 -1024 -768 -325
-1596 7868 9844 -1137 -615 -485
-1392 7276 9944 -111 -356 47
-1268 7496 10740 -54 148 593
-1228 7208 11444 -291 427 1161
-1240 6860 11480 -418 555 1461
-1244 6564 11224 -346 515 1551
-1296 6188 11292 -32 458 1583
-1232 6204 11020 -59 484 2031
-1232 5280 10984 230 1051 2378
-1172 5584 11140 636 1607 2983
-1164 5528 12260 1144 1502 3370
-1028 5180 12580 973 913 3652
-680 4752 12896 1223 701 3556
-992 4700 12548 1984 564 3553
-1476 4116 13728 2401 812 3158
-1616 5288 13000 1918 316 2106
-712 7676 15368 1169 560 1886
-2328 11088 14824 232 -2501 -848
1236 10220 10152 -2375 -5129 -2928
1548 9000 6028 -2229 -2490 -1331
1084 9872 8996 -825 86 -962
1356 9824 11312 -786 235 -297
508 8340 11372 -1024 -329 21
236 7156 10288 170 -165 52
300 7400 10872 960 19 -441
324 7372 11164 766 -953 -1414
548 7552 11352 581 -1147 -2183
932 6792 11200 237 -1497 -2613
1264 6596 11100 388 -1283 -2309
1584 6708 11472 3 -1316 -2147
1556 6624 11756 161 -841 -1623
908 6088 11932 168 -517 -1442
-140 4652 10776 -537 -1204 -3044
-28 4840 11684 1486 -1027 -4841
1692 5972 13028 1303 -1873 -4887
2688 5624 14040 1742 -994 -2507
2676 5336 13600 1084 -327 -577
2024 5660 12696 872 1083 850
1000 8836 13636 1509 2584 2624
276 9536 12736 -230 1753 4465
-1748 9012 10048 -2087 1330 3100
-1840 9088 9904 -2010 -14 410
-1828 9432 10396 -1201 -638 -1164
-588 8912 10160 -641 -424 -1451
68 8004 10604 -233 246 -559
-120 7312 10640 165 1111 478
-616 6988 11312 658 1989 1089
-876 6656 11588 233 1794 1397
-1280 6672 10940 311 1952 2093
-1120 6216 11260 -202 1671 2389
-912 5168 11000 911 1536 2458
-1900 6380 11500 1877 1586 2023
-1768 6988 11948 1386 973 1156
-1000 6712 11372 638 193 1117
-332 6132 11656 394 -3 2397
-644 5216 11792 578 257 3566
-840 5200 12496 1258 456 3947
-1284 5356 13220 1505 11 3363
-988 5156 14392 1017 -559 1857
-324 6992 14700 1046 231 1673
-1592 10352 13852 -827 -1892 -860
688 10096 11936 -1553 -3497 -3565
816 8588 8972 -2568 -2827 -2988
1108 8272 7792 -1630 -1174 -2227
1124 9840 9628 263 172 -2076
1284 9472 11392 119 35 -1456
292 8436 10840 -49 -156 -1171
-136 7692 11116 256 -28 -1306
324 7740 11092 -16 -138 -1479
616 7124 11164 -30 -437 -1311
416 7124 11632 -23 -473 -1133
808 6860 10852 16 -855 -959
1008 6368 11220 35 -297 -685
1192 6336 11624 371 200 114
808 6200 12088 186 392 300
468 5988 11476 517 702 86
232 5640 11228 968 848 -474
972 5756 11288 398 1289 -309
428 5380 12932 1186 1845 32
-756 5140 13244 640 617 -1628
484 4744 13216 1300 469 -1938
740 4972 13656 1248 687 -927
124 6180 13968 1730 1903 452
676 9492 13724 731 2141 3453
-1148 8976 11996 -1001 1329 3595
-3104 9660 10708 -1756 935 1584
-3168 9156 9360 -1554 -596 -673
-2108 8824 9332 33 -1683 -2324
-1712 7932 9508 574 -2075 -3789
-1388 7936 10044 2026 -789 -3598
-1424 7856 10852 2119 1177 -1765
-1124 7888 11272 1029 1326 84
-2152 7628 11188 136 1435 1251
-2612 6948 10680 -310 1200 1150
-2660 7072 11148 -341 1181 867
-2036 7140 11552 -100 909 1484
-2248 7224 11760 -499 1017 2010
-1772 7012 11084 -907 741 2806
-1740 6488 10920 -944 171 3039
-1724 5776 11244 -1060 88 3091
-1552 5540 11788 -536 402 3451
-1776 4516 12648 -221 35 3186
-1564 4596 12188 514 221 2786
-984 4060 11892 1105 178 2279
-1024 4708 12560 1742 373 1863
-1160 4812 13628 1035 773 2629
-1404 5872 14164 671 1548 3271
-3484 8952 15284 490 -424 85
-956 9052 12592 -795 -3136 -3131
1412 9524 8400 -2114 -2865 -1589
1488 9000 7864 -1983 -688 1322
240 10692 10648 64 495 3021
-852 8848 11400 -323 91 2002
-992 7788 10324 -14 201 294
-408 7160 10580 612 -330 -1189
0 7516 11428 202 -1196 -2318
252 6680 11680 117 -1862 -2868
400 6564 11184 738 -1637 -2959
248 6392 11084 413 -1172 -2577
224 6540 11352 1015 -649 -2349
428 6532 11168 894 -1089 -2301
340 6836 11656 1228 -435 -1708
576 6820 12820 803 -52 -429
456 5176 12516 395 -900 -776
224 4400 11632 976 -785 -1803
280 4580 11596 1674 -398 -2422
484 4764 12220 2559 -60 -2210
480 5080 12808 2898 140 -1679
1116 5424 12980 2261 119 -807
444 8240 14720 1994 1630 -240
168 13596 14884 1134 1960 3057
-1792 10892 10936 -3622 1217 4666
-2456 9088 8096 -2522 788 1918
-1888 9376 8796 -1395 392 453
-2392 9248 9560 -1083 127 122
-1440 8408 10316 -473 12 27
-1088 8208 10732 -55 -401 -418
-796 7444 11008 -386 -314 236
-740 6688 11000 -653 340 884
-960 6744 11220 -446 433 1139
-784 6728 11384 -435 625 1273
-896 6488 11312 -81 531 1698
-772 5908 11136 294 364 1741
-1068 6384 11920 672 673 1127
-1280 6352 12008 756 335 990
-1120 6712 11380 251 -554 1144
-548 5840 11568 494 -392 2172
236 5500 11592 479 279 3464
-232 5828 11696 743 1163 4034
-1000 4592 13076 1207 1520 3515
-1188 4300 13452 1173 923 2404
-1476 3868 13500 1440 129 1256
-1188 5512 13848 1269 -505 120
-1540 9480 13960 795 -2170 -2204
288 11492 12668 -884 -3627 -3751
1544 10864 9328 -2171 -2989 -2618
1868 10068 9024 -864 -1335 -742
924 9556 9204 -272 -315 -145
496 9092 10352 74 220 -99
932 8264 10452 256 77 -278
740 7928 10852 128 -277 -686
772 7572 11024 440 -532 -849
924 7448 11436 409 -717 -809
744 6984 10592 86 -1549 -1052
1164 6440 10816 -21 -1409 -1119
2692 6492 11152 359 -198 -661
1948 7004 12256 249 840 245
1020 6604 11228 520 869 601
728 5308 11904 140 974 -398
812 5152 11916 437 1106 -1475
1224 4988 12012 994 753 -2419
724 5232 13248 1845 1705 -1678
592 5568 14076 2244 2405 -181
-476 6580 14208 2103 2874 232
-900 9600 14068 855 2492 1097
-1940 10084 12384 -1628 1680 2918
-2700 8928 10256 -3687 911 3249
-1904 7888 8552 -3102 -1241 1536
-2172 8572 9200 -1305 -2452 -324
-856 8724 10788 -518 -2907 -1292
-132 8608 11260 13 -1903 -495
4 7208 11032 176 -1162 143
16 6876 10620 562 -69 902
256 6880 10944 401 661 1906
-640 6840 11364 848 1099 2341
-712 6756 11528 782 1153 1966
-508 6816 11196 920 1040 1899
-592 6848 11724 837 1161 2059
-564 6888 12220 534 980 1925
-584 6696 12272 670 389 1448
116 6300 11556 528 -21 1550
76 5812 10764 571 590 2817
72 5152 10792 394 769 3589
-652 4640 11340 1065 1064 3327
-708 4956 12936 1853 1207 2373
-652 5232 13668 1419 194 1348
-840 4596 13892 1044 -267 470
-624 8172 15328 1306 135 -73
-980 10672 13844 -726 -3339 -2257
1568 10372 9616 -2074 -3973 -2781
1840 10144 7228 -2091 -1680 -1060
1648 9276 9684 -532 -205 -1005
1404 9872 11072 251 -77 -855
764 8960 10832 -702 -262 -654
1064 7856 10564 -319 -497 -828
1192 7140 10752 -132 -932 -788
1280 7064 11280 21 -704 -1087
1080 6888 11212 152 -1103 -2084
1388 7124 10980 581 -904 -2760
1556 7648 11660 202 -476 -2015
1584 7496 11524 193 115 -1098
996 6596 11672 123 553 -200
532 5424 10836 67 271 -941
912 5472 11720 230 736 -1531
1212 5556 12064 671 571 -1449
728 5596 12452 1390 851 -1481
776 5756 12548 1425 1338 -1061
536 5024 12528 1554 1633 -672
472 5144 12628 2327 2197 -53
228 5372 12344 2327 1818 104
-760 8360 14320 2730 3118 -347
-360 11792 14612 862 2441 1857
-2652 9548 11664 -2264 755 2072
-2812 8012 8420 -1787 -176 -274
-2352 9324 9112 -260 -920 -2632
-1776 9808 9564 -14 -1506 -2128
-2132 8868 10076 202 -645 -1501
-1920 8740 11140 -316 145 -316
-1696 7440 10740 -288 307 930
-2160 7296 10644 -71 631 946
-2176 7312 10764 -210 442 816
-2472 7132 10936 -328 615 1063
-2108 7164 11000 -720 333 1087
-2096 7052 11244 -689 -128 660
-1784 7004 11652 -659 -828 132
-1264 6064 11588 -519 -944 694
-584 5528 11120 -676 -462 2203
-564 5220 11532 120 -68 3564
-872 4644 11728 899 310 3945
-620 5040 11840 1830 568 3700
-640 4984 12740 1989 376 3113
-688 4844 13032 2360 420 2817
-628 5208 13452 2237 -30 2161
-276 7072 14904 2715 838 1424
-2620 11024 14764 711 -1544 -1175
136 10384 10776 -570 -3668 -2658
544 9812 7868 -1313 -2798 -2144
1112 10796 8732 -848 -122 -314
1088 10908 9956 -740 -360 -8
200 9644 10664 -899 -259 -453
-520 8564 10408 -955 -679 -1617
48 8076 10540 -1013 -1060 -2862
72 7616 10824 -910 -1512 -3851
504 7052 11012 -960 -2254 -4349
964 6624 11052 -201 -1811 -3992
944 6404 10880 121 -1673 -3810
720 6492 11544 466 -1257 -3936
512 6464 11976 544 -673 -3461
252 6048 12408 -13 -639 -3402
-92 4460 11476 56 -1146 -4110
-68 4692 11376 947 -834 -5002
76 4432 12424 1247 -723 -5318
-16 4828 12716 2192 -747 -5095
8 4332 13932 2785 -573 -4578
212 4716 13888 3143 -213 -3650
-572 7084 14380 2766 314 -3810
-2076 11668 14804 2114 -134 -2403
-3844 9796 10532 -1025 -2693 -1980
-5156 8280 7480 -159 -3336 -5425
-3908 9608 9580 792 -3046 -7242
-3924 9716 10020 693 -2906 -6683
-3120 8228 9744 984 -3121 -6902
-3008 7332 9880 1163 -3430 -7392
-2740 7316 10756 818 -3277 -6867
-2760 7184 11036 942 -2806 -6074
-2764 6704 10756 321 -2871 -5643
-2716 6320 10380 589 -2920 -5246
-2892 6316 10984 967 -2671 -4866
-2740 6260 11448 755 -2829 -4017
-2740 5984 11636 467 -2593 -2884
-2732 5732 11584 547 -2638 -2288
-2124 5756 11332 740 -2787 -2188
-1360 5332 11956 1165 -2268 -723
-1520 5228 12412 983 -1820 809
-1996 4364 12640 1311 -1259 1264
-2524 4288 13496 1555 -894 1237
-2428 4596 12832 1532 -1167 765
-2044 5752 13696 983 -947 44
-2280 8804 14352 1012 -2230 -2914
-36 10984 12704 -637 -4703 -6092
1420 10412 8700 -714 -4301 -5150
1064 10136 8948 -423 -2152 -3161
624 9428 10092 180 -1909 -3583
688 9256 10092 -537 -2413 -3992
960 8408 10184 47 -2549 -4831
684 8144 10872 -50 -2660 -5273
968 7624 10864 -7 -2640 -5779
1008 7344 10872 -129 -2507 -5530
1240 6888 10864 320 -2198 -4687
1228 6420 11356 830 -1553 -3984
1220 6672 11500 907 -869 -3174
1064 6696 12168 990 209 -1775
760 6516 12364 282 610 -424
464 5332 11524 425 794 -31
164 5420 11316 740 1106 -271
20 4800 12476 1274 675 -1576
-160 5024 12480 1746 -82 -2910
372 5060 13160 1769 298 -3163
356 5852 13372 1412 831 -2532
-976 9168 15852 2304 2563 -1323
-1180 9796 13032 -599 582 465
-2352 7964 8968 -1479 -490 -346
-3232 8708 8420 -960 -891 -3032
-3240 9588 10068 330 -1499 -3496
-2544 9052 10684 -105 -1938 -3147
-1528 7840 9788 98 -2159 -2726
-1544 7592 10236 1040 -1571 -1860
-1476 7868 11212 511 -1220 -1056
-1592 7300 10868 -281 -712 -295
-1532 6908 11124 -343 -132 54
-1480 6704 10968 -484 -82 323
-1448 6392 10988 -70 504 1189
-1772 6796 11748 -3 758 1915
-1684 6588 11852 -253 490 2204
-1304 6276 12056 -311 630 2473
-996 5232 11772 -1028 535 3301
-1076 4888 11380 -153 730 3919
-1300 4496 12004 324 386 3369
-748 4952 12600 1393 892 3677
-716 4732 13812 1660 638 3291
-912 4252 14104 2193 1250 2791
-720 4876 13116 1797 71 1937
-1060 5664 11884 1154 -871 1263
-1064 8360 14004 755 -576 1362
-1256 10452 12816 -1335 -2468 -225
1664 10596 9376 -3513 -2395 -1607
1332 9692 9712 -2469 74 -831
1408 9400 10844 -621 -227 95
-60 8548 9524 -998 -267 129
-204 7892 10276 438 908 23
352 7656 11272 198 -508 -804
464 6816 11140 489 -1369 -1180
1136 6588 11292 543 -1227 -699
1216 6136 11136 830 -984 -480
1252 6052 11360 1285 -382 -183
1260 6436 12412 1273 9 -106
1008 6744 12600 447 410 332
668 6272 11508 -80 1018 1188
168 5176 11836 65 914 614
28 5280 11796 280 318 -1468
1080 4876 12132 184 -619 -2613
1308 5292 12436 825 -418 -2140
1176 5812 13484 1201 -27 -1411
1196 4948 12968 383 -50 -980
1128 4596 13096 1056 901 -847
-880 8372 15236 1628 2048 -1329
1684 9688 13920 -101 946 2282
-696 6924 10532 -2295 577 2067
-1556 7100 9424 -2132 865 -451
-1844 8292 10532 -393 898 -607
-2124 9360 11056 570 653 -609
-1148 8432 11716 -23 366 -1230
-728 6900 10484 528 975 -1183
-1512 7064 10272 -506 1747 -237
-2304 5688 10488 -797 1904 1168
-3048 5616 10644 362 1744 1729
-3032 6128 12056 1526 980 844
-3280 6832 12396 -16 -480 -224
-2024 6700 12088 273 -1182 -1139
-1116 6396 11984 -395 -1583 -698
-972 6124 11904 19 -603 928
-704 5740 11040 10 31 3315
-664 4616 10256 552 614 4563
-1684 4516 10900 1476 1557 4402
-1544 4576 11468 1937 1485 3420
-1100 4988 12700 2114 1372 3372
-1636 4732 13936 1973 510 2854
-1036 4884 13924 2191 -371 2456
-1076 6304 13320 923 -1183 2321
-1180 9796 14488 14 -492 1607
-876 10932 13264 -1329 -2372 -1196
1460 9840 9412 -2545 -3200 -1990
904 9244 8640 -1484 -1046 -286
644 8828 9416 -569 -548 409
120 8868 10676 36 -274 52
352 8164 11368 -188 -656 -507
608 7196 10504 -177 -1317 -1535
812 6664 10692 432 -1036 -1985
1064 7084 11216 846 -709 -1712
1160 7180 11688 694 -610 -944
1000 6184 11128 689 -346 -789
608 7476 12184 950 345 -719
608 7376 12064 -92 100 -378
432 6700 11520 -562 325 122
-256 5680 11028 -578 398 -517
496 4956 11988 -460 10 -1432
752 4604 12152 419 -508 -2222
660 4816 11928 1587 -302 -2216
1192 5404 12828 1801 393 -1265
900 5132 13300 1921 792 -597
916 5152 13192 1338 1382 -315
-516 7272 14992 2570 3244 539
444 8948 13492 841 2679 3040
-1576 9128 11308 -1210 1965 3466
-3160 9088 9732 -1468 380 77
-2376 9356 9632 -872 -179 -1047
-2084 9068 9592 -480 -659 -1154
-1452 8312 10212 93 -474 -937
-1080 7732 10228 294 -352 4
-1060 7336 10888 617 412 1065
-1400 6960 11124 279 -93 917
-1620 7484 11600 -55 -312 442
-1120 6972 11072 -35 -591 171
-476 7076 11020 91 -463 755
-844 6532 11296 -218 -798 1502
-824 6744 11576 19 285 2327
-656 6592 11768 -155 121 2341
-556 6072 11884 -262 5 2424
-344 5108 11692 -746 -291 2591
-368 4100 11260 1220 682 2652
-36 4548 12116 2566 1888 2818
-188 5004 13412 2816 2121 3803
-1360 5456 14264 2915 1196 3540
-1052 7364 14868 2621 1312 2557
-2532 9376 13808 606 -1451 -1419
-532 10336 11556 4 -2318 -3115
992 9852 9248 -2522 -1925 -1291
1140 9832 8524 -1904 -716 414
1016 10408 9368 -623 -419 1158
772 9636 9644 -642 -76 950
536 8784 10772 -585 -314 384
68 8260 10796 -641 -951 -1009
396 7848 10800 388 -750 -1757
476 8308 10916 -4 -880 -2209
760 7168 11176 -216 -1153 -2405
916 7160 11392 69 -579 -1928
1072 6708 10956 69 -498 -1699
1028 6492 11328 198 -164 -1355
612 7012 11908 220 115 -960
808 6924 11972 -105 424 -255
244 5564 12216 -293 452 -288
-92 4860 11484 273 -106 -1871
596 5008 11640 862 -3 -2735
836 5264 11740 1653 347 -2303
348 5192 13308 1411 605 -2295
984 5296 14096 1466 1079 -906
-212 6804 14940 1192 1540 -242
-660 10232 15484 979 1961 2659
-980 8468 10836 -2415 554 4327
-1972 8292 8468 -1357 1089 2401
-1692 9476 9104 -776 -444 741
-2176 9424 9572 -191 -339 579
-1576 8700 11008 74 -300 -256
-1404 8088 11000 -535 -555 -752
-1032 7348 11032 -144 -42 -346
-908 7268 11472 133 486 604
-996 7028 10928 -567 259 1004
-1112 6584 10684 -249 572 1258
-1104 6544 11228 125 560 1590
-1196 6656 11540 96 433 1959
-1348 6368 11900 -509 87 2327
-1016 5860 11728 198 110 2107
-616 6024 11712 103 -291 1956
-260 5244 11472 172 -5 2278
-280 4708 11156 369 197 2755
-484 4604 12016 1642 926 3592
-600 4692 13296 2073 447 3176
-752 4416 13972 2362 -83 2468
-1148 5076 13896 1826 -647 1469
92 7524 15052 1876 -39 809
-1852 10276 14472 -664 -3008 -2434
1788 10380 10908 -2204 -4192 -4380
2352 9348 7920 -2746 -2196 -2173
1096 9212 8868 -593 669 -1006
1564 10164 10460 -231 1424 -60
744 9152 10848 -217 1082 928
228 7976 10896 -203 838 404
60 7232 10332 224 60 -579
768 7068 11096 220 -247 -1092
792 6980 11528 382 -677 -1261
972 6424 11148 864 -627 -1107
812 6268 11376 1123 -677 -1353
1048 6480 11468 894 -697 -1610
1136 6976 11876 1072 -207 -1075
496 6908 11948 526 -216 -979
160 5412 11708 -166 -1035 -2362
256 5016 10800 1245 -695 -2974
1440 5480 11948 1200 -1504 -4563
1964 5620 13044 780 -1180 -4350
1704 5764 14824 442 483 -2293
964 6804 14452 492 2248 549
-156 7456 13836 602 3141 2508
-1556 8468 12872 -580 3146 2241
-1412 8048 10024 -2663 616 1489
-2452 8164 8260 -1647 349 201
-1916 9280 9384 -688 394 -57
-2256 9172 11160 157 167 -130
-1508 8032 11156 -186 0 171
-932 7404 10608 4 461 508
-712 7184 11256 -87 940 1572
-1468 6640 11380 31 1056 2180
-1912 6504 11648 129 1013 1913
-1736 6264 10876 455 632 1484
-1492 6424 11628 655 694 1541
-1796 6488 11780 278 271 2198
-1688 6164 11980 129 36 2187
-852 5988 11456 -137 -649 1719
-328 5524 11160 1199 234 2365
-676 6000 11332 825 612 3214
-844 5412 11660 1106 801 3336
-1716 4652 12616 854 930 2687
-1152 4916 13784 1338 483 2379
-940 4308 14844 1280 -156 1915
-1672 4804 13696 245 -1027 874
-928 8000 13780 -274 -159 -386
-1640 10016 12356 -2379 -800 -2192
1520 10952 10488 -1791 -1494 -1797
84 10304 10592 -1698 -2050 -630
104 8580 9336 -1518 -2488 -161
-136 7848 9856 499 -1735 -1047
896 8100 10792 944 -1585 -1529
772 7304 10852 110 -2555 -2005
1684 6484 10864 201 -2184 -2301
1840 6488 11544 584 -1080 -2309
1900 6284 11312 811 -779 -1420
1636 6388 11196 1173 -493 -1429
1428 7064 11552 736 -63 -1380
1996 7912 12684 357 1120 -5
1700 6844 12168 -976 1268 1232
168 5372 11320 -881 1616 642
636 5140 11900 -347 1632 -185
280 4700 12256 334 1037 -907
-244 4672 11564 880 1170 -1468
528 4768 11832 1757 1011 -1433
288 5224 12888 2317 1395 -526
-64 5592 13528 2251 1495 310
4 5892 13192 1619 1348 434
-408 6660 13280 695 1038 433
-644 8240 13184 -543 73 302
-1576 9236 13220 -1505 -255 115
-2388 8592 9456 -2566 -1271 -45
-2068 8668 9728 -729 -190 -651
-936 8736 9980 -368 -399 622
-1176 7864 10824 652 369 1643
-988 7480 10620 714 662 1901
-928 7452 11596 878 873 1870
-1200 7008 11776 165 642 1384
-1476 6420 10892 477 49 825
-1072 6812 10956 574 -245 478
-1060 7064 10916 546 82 656
-1232 6200 11880 -15 269 1251
-1280 6324 12072 -45 381 1528
-936 5712 11732 -167 -249 1533
-604 5412 11704 88 -468 1598
-496 5180 12196 683 -437 1881
-436 4736 12344 999 -114 2121
-272 4328 12648 1806 159 2394
-624 4280 12720 2319 31 1931
-684 4428 13468 2253 -220 1118
-176 6404 14484 2437 465 623
-1424 9616 15296 586 -1780 -1125
-876 10436 11296 172 -3405 -3924
628 10728 8340 -1580 -2638 -2968
1168 10388 8624 -518 -913 -1060
1156 10692 9240 -596 -1333 -537
1088 9464 10168 -976 -985 -422
1224 8256 10252 -901 -925 -292
1028 7292 10524 -138 -871 -321
1192 7576 10856 -64 -733 -387
1536 7180 11108 268 -387 -216
1788 6788 11452 519 -214 -199
1820 6724 10788 388 -253 -77
1768 7208 10888 708 526 -236
1556 7944 11792 137 639 -146
1440 6860 11452 -843 433 -285
1016 6012 11356 -296 1148 50
680 5400 11952 -8 1384 -445
232 4724 12936 797 991 -1670
656 4460 12700 1577 1025 -2341
776 4732 12912 2474 984 -1903
1032 5716 12676 2776 1163 -1032
880 6756 13028 1553 1196 -460
-868 10552 14868 1459 2464 1123
-1636 11776 12960 -3004 714 2141
-2412 8224 9064 -3374 -944 479
-2124 8460 8268 -1816 -2010 -1527
-1024 8976 9344 -615 -1381 -958
-996 8816 10452 488 -573 245
-452 7852 9820 329 -680 482
-380 7796 10868 1243 665 900
-964 7156 11704 219 437 805
-524 7308 11812 -805 450 430
-536 7220 11768 -564 313 781
-532 6552 11112 391 423 599
-864 6632 11584 309 1462 1724
-1184 6184 11296 60 1584 2071
-1432 6268 11088 -111 1210 1504
-1168 6564 11868 -199 563 867
-796 6016 12236 -474 -183 1455
-808 4676 12100 -162 -334 2127
-780 3804 12384 925 173 2237
-628 4508 12284 1863 -171 1943
-800 4792 13224 2469 -257 1515
-596 5560 13684 1901 -450 1390
-364 6344 14524 2025 -283 817
-2132 10268 12964 539 -2408 -2387
1388 10440 11244 -1649 -3620 -1982
988 9152 7788 -3131 -3412 -995
1700 9796 9508 -572 -499 323
1632 9840 10856 -1470 -783 555
720 7896 10676 -916 90 824
600 7464 10484 -135 159 394
976 7040 10592 382 -370 -675
884 6988 11036 543 -702 -1767
1620 7120 11244 385 -407 -1464
1684 6944 11908 366 -44 -665
1292 6324 11512 318 1 -381
1172 6368 11828 983 953 -47
1440 6644 12236 716 851 174
940 6788 11508 691 988 442
700 6576 11488 481 993 432
544 6252 11024 729 791 -488
152 6016 11952 518 305 -1758
448 5548 12124 598 312 -2550
608 5760 12640 1392 336 -2729
696 5544 13420 1292 471 -2069
1400 5660 13408 1250 1203 -866
528 5728 13212 1003 1349 346
460 6076 12232 -344 698 803
-1012 8108 14380 -94 1452 75
-584 9764 12496 -3260 -197 2128
-2188 7640 9136 -3037 -501 1525
-2168 8772 10048 -753 -748 -589
-1040 8656 10584 -623 -1115 -891
-952 8232 11072 191 -358 -205
-480 7528 10712 177 -406 52
-464 7152 11080 774 585 897
-488 6808 11116 169 785 1681
-1084 6272 11188 415 1229 1724
-1616 6340 11440 807 1437 1204
-1440 6420 11908 893 1327 1027
-1308 6176 12036 929 1822 1725
-1508 6032 11512 529 1589 2103
-1636 5596 11544 788 1034 1948
-1416 6056 11560 1078 681 2071
-1348 5224 11652 810 384 2290
-1152 5108 11380 1080 492 2864
-1228 4848 11780 946 125 2706
-1360 5040 13316 1102 21 2107
-956 5164 13760 365 -634 1626
-780 6008 14088 -394 -456 1612
-1960 9468 14644 -1023 -864 228
816 9784 12352 -2299 -2153 -1403
1416 9856 9292 -3065 -2305 -485
520 9344 10012 -683 -448 706
616 9012 9636 -336 -1073 48
268 8244 10304 270 -1223 -976
56 8016 10184 742 -1376 -1913
1848 7900 11208 679 -1109 -1939
2348 6688 11644 606 -1253 -2386
1568 6792 10764 1104 -655 -2377
1544 6548 11060 1433 -114 -1746
1240 6680 11584 1359 888 -621
888 6772 12284 1468 507 -423
80 6304 12180 800 -741 -1488
260 6040 11268 296 -885 -2455
884 4708 10832 -80 -1168 -3151
1244 4688 11852 1101 -624 -3221
888 5136 12360 1722 -212 -3567
680 5852 13688 2044 926 -2128
1224 5904 14556 1207 1348 -415
1188 5624 13224 203 945 727
-408 7772 13896 226 1874 515
-1108 11096 14220 -1248 1110 2437
-1892 9228 9284 -2971 -538 2783
-2168 9396 9364 -470 -33 1107
-1200 9436 9440 -979 -632 861
-844 8752 9948 549 267 992
-412 8156 10432 10 61 930
-548 7340 10512 252 788 1079
-476 7348 11040 112 619 1345
-644 7028 11264 -218 564 1142
-940 7104 11008 185 702 964
-884 7044 11456 502 906 1051
-728 6568 11064 258 702 1512
-896 6432 11664 896 893 1991
-840 6324 11352 166 273 1873
-1076 6696 11680 1149 444 1731
-276 6316 12224 212 -34 1993
176 5452 12248 245 331 3043
-188 5064 12040 617 302 3592
-356 4412 11904 1447 331 3142
-464 4540 13244 2025 426 2172
-568 4796 13408 2006 -51 1274
212 7100 15224 2830 516 1387
-1168 11048 14104 290 -2137 -43
1368 10776 11968 -1600 -2699 -1294
1648 9452 8256 -3114 -2172 -1946
2184 9388 7892 -1619 703 -142
1336 10000 9784 -818 1209 713
900 9236 11452 -867 1337 921
972 8280 10188 -1002 1319 1025
276 7220 10692 -227 589 406
96 6900 10816 -392 -234 -419
948 6696 11536 136 -279 -715
1088 6708 11756 365 -739 -682
808 6276 11676 698 -885 -1453
892 6212 11700 1192 -198 -1807
1376 6548 11352 1052 214 -1509
888 6424 11588 1534 505 -710
716 6776 12040 686 901 -235
-60 6036 11832 601 672 -469
264 5596 12096 812 178 -1859
580 5556 12416 1169 -283 -2687
888 5592 12560 1644 4 -2445
1488 6072 13388 1578 599 -931
1684 6136 13420 1024 880 825
40 8392 14416 1693 1704 1678
-152 10108 13004 -1013 1834 3777
-2396 8964 9576 -2207 713 2256
-2028 8872 8728 -1405 102 -4
-1496 9476 9196 -922 -317 -401
-1716 9392 10060 -523 -353 -557
-1096 8876 10700 -342 -604 -494
-848 8108 10404 -609 4 47
-980 7464 11364 175 861 306
-992 7380 11272 -876 645 484
-1128 6672 10976 -681 1062 920
-1512 6760 11216 -251 1105 990
-1444 6668 11392 -173 799 1063
-1484 6776 10988 -183 467 1478
-1420 6072 11864 -16 281 1767
-1608 6464 12088 -123 186 1744
-892 5880 11716 -286 -297 1725
-548 4796 11972 -299 -131 2332
-880 4508 11776 11 -72 2636
-1040 3976 12092 658 -192 2148
-792 3672 12768 1812 -142 1654
-640 3720 13784 2270 -104 1434
-572 3816 13564 2417 -262 1493
-520 5780 14932 3449 619 1767
-2312 10576 14120 2315 -2130 -201
1512 12576 11516 16 -3688 -1761
1504 10692 7488 -2932 -2911 -1154
1280 9816 8976 -1332 -293 -861
1252 9672 10244 -1032 -1034 -1467
1608 8456 10828 -1341 -1104 -740
1084 7352 10712 -691 -551 -520
564 7476 11508 116 -691 -1550
888 6748 10720 -656 -1465 -3809
1864 6600 9992 264 -589 -3237
2128 7052 11488 1019 516 -1440
2004 7264 12296 537 679 141
1436 6608 12044 275 1429 864
424 6336 11880 133 1885 820
392 5948 11612 268 1809 315
-216 5352 11376 111 840 -1471
172 4676 11676 656 318 -3415
768 4908 12628 1533 310 -3573
652 5236 12740 2463 949 -2274
676 5656 13568 2730 1777 -713
-628 7972 15012 3361 3031 916
-352 10284 13456 1781 2832 3356
-2696 9192 10560 -265 1660 2305
-2508 8480 8984 -1152 991 329
-2816 9956 8640 -1652 -60 -438
-3476 9552 8540 -1026 -909 -990
-3112 9672 10416 -285 -796 -1923
-2156 8852 10976 -1152 -1339 -1879
-1400 7496 10376 -939 -811 -683
-1508 7172 10856 -674 -488 554
-1564 6596 10644 -1231 -19 1602
-2008 6292 11072 -689 501 1995
-2232 6516 11684 -748 153 1720
-1836 6464 11244 -502 193 2270
-1392 5916 11420 -270 133 2875
-1560 5584 11616 366 83 3019
-1580 5732 11848 892 -306 2799
-656 5600 12468 1228 -351 3075
-472 5092 12152 1126 -183 3863
-324 4928 12136 1781 592 4747
-636 4984 12516 1630 146 4441
-828 4736 12940 1133 -17 3835
-132 7048 14644 2158 1576 3263
-1724 10436 14432 450 -1719 263
876 10800 11996 -694 -3382 -2668
1272 9476 8424 -2344 -3079 -2558
572 9020 8568 -1098 -1181 -2407
1344 9768 10132 -482 -939 -2184
1568 9260 10908 -153 -1432 -1767
892 8656 10792 653 -1453 -1847
468 8508 10640 290 -2070 -2297
844 7860 11032 213 -2118 -2557
1036 7548 10668 341 -3106 -2961
1112 8064 11644 740 -3354 -3359
1352 7756 11000 941 -3650 -3235
2000 7916 10872 932 -3584 -3296
3056 8104 10480 1076 -2542 -2830
3020 8120 10376 1326 -2163 -2775
3320 8160 10736 2065 -1414 -1565
2972 8820 11760 948 -1261 383
2524 8172 11456 932 -214 769
2564 8024 10956 293 -357 258
3056 8112 10688 325 -101 88
3064 8376 10924 -10 308 365
2844 8108 11020 161 620 584
2800 8232 10640 427 1552 1210
2324 8064 10832 -95 1346 1136
1704 8176 11096 -452 1185 349
1608 8028 11708 -158 1510 -17
1864 7948 10784 -476 1678 619
1540 8132 11632 17 2462 962
1712 8020 11328 -364 1542 1089
1424 7588 11208 -290 1604 690
1032 7560 11092 -239 1704 743
292 8020 11192 -359 1511 -74
