15712 -2204 4452 375 239 129
15932 -2424 4380 902 -62 407
15896 -2468 4460 823 -233 498
15880 -2372 4448 816 8 326
15868 -2088 4148 396 297 283
15716 -1960 4284 422 76 18
15556 -2120 4392 863 -222 -75
15640 -2036 4364 600 -155 -34
15644 -2272 4220 438 -97 100
15628 -2196 4228 576 -473 41
15600 -2236 4000 601 -647 -58
15864 -2192 4172 411 -491 -226
15728 -2296 4400 303 -394 -168
15912 -2344 4248 376 -471 -227
15756 -2456 4692 646 -531 -153
15960 -2424 4856 888 -268 61
15744 -2212 4296 646 -85 286
15720 -2288 4260 232 51 -36
15700 -2408 4148 820 -126 134
15756 -2392 4440 704 -170 147
15760 -2108 4576 614 -256 23
15988 -2080 4480 772 -324 135
15900 -2168 4204 575 79 -175
15728 -2248 4348 585 171 -312
15836 -2252 4220 691 273 -165
15768 -2192 4052 498 237 2
15812 -2176 4184 674 23 -38
15696 -2004 4024 875 -45 93
15852 -2120 4200 608 64 -134
15644 -1952 4396 902 -59 48
16096 -2032 4204 772 123 -21
15700 -1936 4312 533 44 7
15788 -2112 4164 766 145 64
15724 -2256 4184 579 185 168
15884 -2356 4448 -57 207 732
15672 -2392 4468 -855 530 769
15600 -2436 4504 -112 570 561
15852 -2240 4344 867 283 517
15716 -1952 4408 777 199 392
15872 -2000 4040 521 202 -51
15552 -2248 4292 763 -70 -70
15880 -2228 4260 639 -28 -157
15624 -2564 4328 381 -157 -144
15672 -2480 4300 696 -376 9
15648 -2444 4520 687 -295 13
15728 -2388 4428 496 -260 17
15772 -2400 4632 653 -215 89
15836 -2400 4484 593 53 149
15724 -2424 4568 453 245 93
15600 -2376 4348 420 300 286
15476 -1392 4584 -868 275 442
15712 -1880 4272 -7014 686 -267
15736 -3980 4920 -4609 1231 -1011
15600 -3528 4524 2299 284 -150
15456 -2696 3676 1320 64 8
15452 -3176 4128 -192 193 -79
15564 -3164 4116 -1250 -136 707
15404 -3484 4480 -895 69 480
15456 -3392 4516 756 -242 482
15668 -2844 4444 1381 -390 470
15712 -2736 4608 1279 -302 153
15580 -2544 4400 1392 -325 -30
15584 -2812 4136 970 -422 -419
15648 -2924 4092 877 -806 -849
15412 -2860 4376 1046 -1109 -464
15528 -2912 4072 445 -861 -564
15052 -3056 4412 -338 -904 -427
14640 -1968 4520 -6103 -496 1549
14932 -5528 5456 -12116 1658 2911
13844 -6816 5440 -9225 3397 5293
11684 -8028 6336 -2944 941 5664
9620 -8084 5504 3089 -1802 6496
7624 -8844 6752 7539 -4874 7844
15080 -11492 6716 12496 -4722 8478
22592 -13008 5412 13543 -9025 932
28960 -11144 2320 11422 -8389 -10009
14608 -436 380 -806 -5077 -7974
10476 2768 2924 -5470 -6457 -4731
9912 -584 -1136 -3270 2457 -7500
15660 -2868 3588 -3925 7565 -2488
27104 -13920 13252 425 16261 1107
22444 -9728 11860 -6033 12172 6109
15680 -7540 8252 -2455 8286 5233
9684 -3748 4556 150 6441 3341
3020 -1256 6476 -4136 3699 5164
-272 -3032 3188 528 3751 6357
2376 -5492 5652 5123 7978 13412
6740 -9280 8264 5427 7756 18188
11328 -14876 10920 5690 -248 12012
19480 -15100 12520 11062 -7366 -133
21648 -7200 4428 -2401 -11945 -9362
16344 -3672 4172 -4740 -13245 -14089
11912 -2280 4204 1299 -10932 -12641
6376 -508 3412 4094 -3830 -9663
10248 -3640 5728 2139 6645 -4496
24540 -10208 10448 -569 12462 70
24972 -8304 12464 -6741 9378 1203
17052 -7152 11480 -9047 4638 4357
8728 -5616 6732 -5796 378 875
2228 -2300 3848 -9093 -520 -831
-1456 -3184 2940 -9112 -3297 2182
-620 -6388 152 -3088 -690 5407
5184 -10860 9248 1814 2897 12803
16328 -25180 14392 12674 3651 11541
20232 -20916 20448 9926 -2793 10546
25148 -24412 13052 18984 -9111 13204
15620 -5032 -564 32767 -3613 13544
6272 3104 -2740 843 -915 2367
3248 2996 -524 -10658 -2399 -490
5208 1440 2476 -916 4030 685
11572 968 9528 -1211 5086 -1661
32404 -23404 28308 2485 10634 -8244
14324 -9052 18756 -13224 14269 -4147
8592 -15192 10992 -5597 6435 -6460
1540 -3024 2156 -4484 3691 -6077
-3720 -1412 -2488 -11792 297 -8791
-1604 -3872 1336 -3711 -260 -1680
2888 -11452 4196 16435 4500 3150
-1032 -9272 11456 7417 5936 6445
8000 -24240 23960 -6059 -434 3900
16568 -18148 21592 6273 -10142 11331
14420 -6660 7384 -238 -15231 5946
12132 796 5160 -3196 -13921 -3501
11812 -1200 4188 6334 -9018 -8095
8076 384 2548 8685 -2623 -5977
8048 -2004 640 2603 5746 -6749
13168 -11472 11324 -1285 9986 -7983
22716 -19544 24968 8620 10464 -7457
13032 -8440 20428 -3658 6051 485
6944 -9156 14668 4705 1235 -1007
600 424 6508 138 677 2684
-2208 400 1876 -8872 475 3170
-2656 260 444 -11278 1257 4738
924 -7424 5648 -1971 4872 8691
4824 -16984 19472 8963 3156 7847
14180 -16936 23808 15530 -4237 7779
16832 -6036 15600 892 -8354 10226
13604 -7400 5248 -11551 -12148 -6656
10256 -292 3836 -1056 -14422 -4355
7484 1652 -452 5735 -13504 -3855
8584 -52 1320 -223 -6023 -3631
16152 -7944 8400 2067 3300 -5791
26640 -9824 17264 11157 5500 -13353
20988 -5192 18716 -8694 9722 -7456
13904 -8236 14256 -16076 6517 -8170
5580 -3544 8056 -14254 2896 -6944
-1268 -1756 2112 -14592 -2112 -6935
-3804 -40 1132 -13756 -6037 -4654
-3404 -2988 696 -7741 -7103 289
1388 -11100 6180 3914 -1042 7229
16420 -25900 17044 15529 1629 10701
29484 -23732 28108 16838 1392 11131
23324 -17520 16868 4420 2627 15376
16384 -7144 6952 3900 250 9910
11588 -988 -1240 2853 -1720 6981
8500 4804 -4264 8467 -1487 4945
5804 7316 -8232 9220 -1210 1979
10580 6608 -2252 7852 -1751 -2129
25192 -11604 12516 6562 -3014 -13460
27712 -15112 32767 -4115 1042 -13508
11512 -12352 23208 -19876 494 -3735
3928 -10084 11892 -8941 3623 -5399
-5028 -1076 1032 -19735 -112 -2569
-6836 -1632 2736 -19269 -6438 4045
-4712 -3436 540 2981 -6850 8534
328 -9704 3688 10701 -5751 11887
9564 -19296 15656 8136 1495 15199
24280 -32336 24376 12165 -7442 14649
21132 -18676 10824 3788 -3584 13579
11836 -14496 5276 4825 -5402 -2081
8324 -3496 -1504 10011 -5221 -3488
6208 1624 -3140 6891 -5088 -6319
5316 4136 -2812 3703 -5904 -3493
8736 2148 -1848 3248 -5877 -5210
19504 -7812 7740 2731 -5250 -6501
32767 -26200 22656 7392 3264 -12747
23264 -15468 25580 -9828 11933 -3364
10048 -9584 12520 -7954 8770 -6539
1136 96 1720 -9059 3455 -7194
-2188 -616 -8 -6431 -6730 -5367
-1856 -4324 2656 3021 -6349 -1887
-3112 -424 2792 -2461 219 1095
636 -7972 9008 -1500 4599 7061
9596 -20984 22980 5410 6284 14585
17948 -26784 27564 5834 4126 15368
22192 -19776 18668 8543 1141 13900
15504 -11224 6160 1845 -1347 5183
9912 -856 -2696 1874 -5234 2730
8604 3112 -6156 4403 -9271 -5480
6912 4324 -4152 3984 -8029 -8538
10220 2300 -164 1398 -4878 -10692
18380 -6668 10108 -2988 366 -10437
29376 -23444 29408 2311 3909 -8356
16324 -11608 21196 -7185 7891 -2281
10208 -10920 15956 -2525 6537 -5684
-188 -2724 4940 -4118 3777 -6373
-4624 480 -588 -12495 970 -5408
-3692 -368 496 -13310 -1843 -1784
172 -3196 4548 -526 -3047 4602
3728 -6108 7480 6104 3011 9655
12376 -19832 24476 3355 3262 15356
20112 -25720 29748 6192 -3567 15311
22320 -21428 18708 6026 -4608 12273
15020 -11000 6828 6336 -3991 4886
8416 2944 224 3772 -4610 1886
3468 4068 -6420 2987 -3805 -5755
2524 3492 -5344 5312 -1588 -7047
5916 124 -1620 4862 -2225 -7770
19464 -3788 14336 -2682 -1414 -6012
30100 -22724 32192 1212 6163 -13478
16332 -5740 20392 -7226 3581 407
7500 -8656 12260 -1602 400 -6938
612 564 4364 -18728 -4895 -4784
-2664 -4264 3316 -19743 -6620 -3526
-3348 -2232 2012 956 -2625 753
-752 -3596 1572 4103 -635 2166
5008 -13248 9664 2074 4371 7959
17684 -28612 27920 12914 2061 14381
20884 -23396 21920 6213 -2892 16643
20268 -13340 9092 3677 -1539 4109
13036 -4444 796 1936 -1361 -912
7144 1532 -2184 2088 -3476 -5114
6108 3404 -3480 2010 -3801 -7327
8968 1764 264 5706 -1314 -8288
15440 -2904 6952 5095 2023 -8817
30280 -21140 26680 3690 4833 -10703
18280 -9484 23312 -2333 5593 443
10412 -4808 10904 -5634 3634 -2642
5376 -672 2616 -10829 3452 -7799
-3116 -1812 -2048 -13839 -1645 -10093
-2796 -3484 4000 -1412 -6190 -1065
-2244 -4444 5664 5172 -1305 3555
2212 -9972 13300 5291 4504 10340
15560 -23008 30196 16347 2040 16482
22112 -15560 24184 13458 1796 17740
20172 -10520 12352 -5051 4043 3945
9640 -2940 4296 -9378 306 -5889
7068 -792 -860 2411 -6748 -4080
6372 2256 -3632 8301 -6932 -3458
5840 1480 -3008 -2248 -3436 -5432
9140 -180 6860 1075 -2154 -3577
23620 -12544 20596 1388 1944 -6797
26200 -13948 27132 -4502 7069 -4999
17724 -9736 18152 596 1213 294
8028 -2736 8892 906 -3397 -4293
-660 -40 732 -6044 -5322 -5651
-3176 -800 1344 -6853 -7572 -3181
-1496 -2712 2988 218 -4103 899
588 -5560 7404 1687 3520 4977
7584 -15368 17544 1510 9203 11496
20320 -20008 26220 7780 3541 16194
23264 -21488 23292 6571 378 12589
18116 -11156 11784 3519 -535 7260
10124 -3012 1868 -1297 -1220 2309
7652 1696 -5620 2883 -1125 -2313
4932 4312 -7592 2611 -2083 -4300
8252 2712 -5012 -908 -4397 -5906
19340 -4964 10864 -6549 -8258 -10101
32767 -25548 31544 5743 1151 -16057
17756 -8220 21068 -14677 7939 -6706
6752 -10672 8680 -9137 4550 -9477
-3992 -7792 -2496 -3456 -1343 -8277
-5504 636 1584 -6941 -10812 -4286
-3456 -1576 2912 -1632 -8397 1887
-320 -7008 8216 2148 2677 5207
7744 -15064 17328 5227 6863 13126
24808 -28208 32767 18071 5014 21755
29348 -21992 22796 18390 8392 17518
20304 -18932 22128 -2288 1094 -6535
10148 -6020 1512 -1504 36 2774
3996 1456 -5256 9526 -6120 1398
2760 4328 -5540 4935 -6614 1629
6452 3216 -4020 374 -8079 -1104
12592 2892 4688 -4475 -5980 924
27056 -18388 20608 -4731 -1935 -6146
28368 -14568 22752 6624 4862 -10132
15968 -13092 16180 -11542 7516 -13590
5304 -9176 8552 -6927 3948 -13802
-760 -1768 2244 -10190 1276 -16142
-5508 -1456 1036 -15133 1062 -13181
-4848 -9580 3940 -6326 4298 -2978
-1920 -11064 9472 3115 5572 6217
4544 -22328 18392 8383 6333 16967
18980 -22656 28172 20456 2333 21922
21652 -16612 23672 11118 613 19759
19040 -9112 11408 4742 -6 5165
12328 -476 -1680 2773 -2727 3625
9544 3048 -5980 3988 -6151 -1271
6932 5776 -4516 4268 -7861 -1228
8392 3408 -2180 527 -7453 -1742
14792 -1476 8424 -6288 -4779 -2049
25388 -22064 26324 401 -2027 -10804
18916 -5220 27652 -4169 2319 -6097
10536 -9304 21736 -6522 1937 -8882
4404 0 11284 2709 2916 -8549
-2304 236 1356 -14052 -575 -7390
-3932 -1880 1704 -10761 -199 -1616
-2120 -3300 -544 -966 1777 3726
1496 -12724 6968 -376 7965 6636
11336 -27032 31876 6985 16009 7159
12476 -13568 29372 -15922 9715 7041
14660 -19636 17680 -5506 -312 14049
8388 -2772 1772 6542 -9199 2020
6320 3168 -792 2563 -13657 -1546
10204 -2916 -400 11465 -9643 -4530
8840 380 456 8997 -5056 -4128
15688 -2288 7932 6954 14 -3712
25892 -13676 23872 2904 6079 -8855
15716 -9192 27660 -11270 6218 -3285
7724 -10348 18308 -5207 690 -16
2436 -1284 7924 3989 -1806 -2722
-2784 1736 -1988 -9794 -5683 -3958
-3308 -256 -1788 -10959 -5386 -2382
-560 -1016 1360 -3207 -2607 -382
1828 -9972 8028 101 -1318 1516
6152 -20636 23964 6391 3742 10933
19436 -27636 32208 9165 3071 16488
19892 -20060 23648 10744 1553 20120
14196 -10596 10212 9155 -3903 12609
9664 308 -2696 5324 -5737 6191
9172 1804 -6096 3131 -8446 -4382
7940 1540 -6956 5353 -7764 -5872
9528 3704 -4632 1124 -5837 -7417
17060 -692 5288 -4942 -5544 -8025
28824 -22104 29012 6316 -695 -11034
20980 -8820 25460 -3464 5528 -8152
10808 -8780 16852 -16228 5129 -8663
4000 -1792 8296 -10010 2262 -7539
-2852 -492 -1192 -17256 -2617 -9032
-5472 -5360 3172 -6964 -4751 -5066
-4588 -3464 2336 3582 -1646 2700
88 -9100 8292 4063 2286 7581
10944 -20528 24164 7005 6195 16242
22092 -26868 32208 17412 341 18261
22756 -17328 19144 9020 1573 16638
16376 -7628 4468 28218 -5104 10177
8788 5256 -6528 12815 -5549 7922
6676 2384 -5456 -2144 -4320 -642
6012 1316 -5680 -1158 -5900 -4455
7708 1432 -2968 -770 -3305 -5208
21252 160 9756 -12690 -4380 -7769
31088 -24440 32767 -1620 1669 -13079
17064 -6648 25300 -6403 2520 -2279
8480 -10356 16948 12984 447 -9219
-2212 1336 -1412 10304 962 -8708
-4208 3208 -728 -16057 -4058 -3749
-588 1748 -724 -17278 -2293 -634
-80 -1328 3996 -10120 5191 135
1020 -10396 13832 -2279 15263 -2468
12568 -19276 32767 -281 14183 4394
19860 -22544 32767 7832 14657 18738
18144 -15100 28296 -2093 13063 15234
9672 -5724 6092 -3570 352 9566
6968 2412 -2788 6505 -7754 3064
5984 3920 -5724 254 -13560 -2444
7028 3752 -1984 621 -11144 -779
12092 1532 5452 1886 -8940 -152
20068 -10128 15892 -4869 -5109 -10298
23148 -19148 30496 3151 593 -13280
14040 -8892 19720 -10160 3225 -5990
2096 -9160 6208 -13012 1703 -10801
-2200 -2464 3976 -11610 -629 -8066
-4520 -272 2940 -10269 -5333 -3846
-2260 -4016 336 -1950 -5455 -138
28 -6752 6972 4322 2854 2824
8160 -17100 17812 5082 6341 9726
21740 -28312 32767 14308 5691 15843
20060 -19608 27784 11411 3031 19669
16128 -9184 10244 6578 -382 14393
9724 -2272 520 1804 -2759 9134
8712 720 -3160 1023 -4342 1423
7864 2044 -4292 2425 -5998 -336
8064 2900 -3736 4406 -3932 -1850
14260 3308 952 -987 -4691 -5468
28664 -18200 21228 -5265 -2204 -13163
24900 -13092 29708 483 1672 -11595
15064 -9852 16104 -12422 3848 -10443
3664 -5992 6976 -6546 1493 -16308
-1480 76 -828 -15616 -2773 -14092
-5412 -5264 580 -15856 -6105 -11156
-5436 -6200 5180 1358 -1104 -2234
-2328 -7624 6320 3831 4587 2567
640 -14636 13248 1579 7107 11408
12272 -32768 30448 12306 5344 17184
26628 -21756 29684 24872 1818 19341
21352 -12240 13612 12332 4373 14689
13688 -2720 3204 -857 6013 8492
7460 416 -2360 -4644 4408 1662
6760 2776 -5176 -972 328 996
6544 5816 -5484 2145 -574 -285
9996 5248 2080 -2957 -3386 -2287
20768 -18696 19212 -2171 -2998 -13051
17788 -13452 32767 1790 -4853 -5939
12728 -10512 22940 -3030 -7042 -382
5848 -6660 7404 179 -1052 -8643
-912 -1092 -1140 -11275 168 -13697
-5400 -1004 -3296 -15304 -618 -11352
-6524 676 -2384 -21093 -2943 -4715
-3896 -8648 5268 -23162 748 -1145
968 -22848 12992 -95 -103 7995
24740 -32768 27036 21985 -5277 23258
24544 -22048 12080 9353 -3445 19642
22316 -15964 6596 1837 -4415 17370
13176 -7032 -700 300 -7234 4478
9620 -612 -232 -1547 -5710 -2077
3276 824 -512 1976 -3355 -5651
2512 1456 -780 7453 297 -2250
8180 -820 -1040 4351 2789 -2500
20476 -11640 4556 389 2031 -9364
32304 -26628 14164 13907 1099 -22343
22528 -1660 10364 -2464 -1759 -4045
12840 -7900 2520 -17241 1745 -9390
7604 -11008 7180 -18455 2866 -12211
4628 -9168 7084 -3433 -246 -4630
4228 -6064 4228 1020 -474 -2197
5228 -4236 2352 -909 -2153 -1569
13172 -5012 568 -105 -7428 -4175
22064 -8184 1708 1355 -4065 -13261
17468 -4448 6836 -2456 -5566 -17776
17260 -5848 5728 5775 -8793 -8592
16516 -5432 4688 11598 -6746 -3231
18940 -3948 5540 9071 -5672 -3151
18860 -4432 4664 7785 -1910 -3550
16820 -2756 5340 4906 672 -1045
16544 -2344 5460 2339 2689 2986
16304 -2816 4300 1113 3887 3494
15912 -2684 3792 1136 4033 2698
15732 -2616 3680 1289 3335 2917
15676 -2024 3852 965 2095 2828
15316 -1724 3320 -431 1862 2139
15168 -1348 4432 -1329 1761 563
15216 -1476 4516 -1612 1114 -675
14920 -1472 4792 -1737 -46 -2202
14988 -1184 4236 -5390 -1164 -2845
15252 -2576 4860 -7470 -1593 -4213
15832 -3708 4896 -5286 -1012 -4925
15764 -3512 4984 -3397 -978 -4472
15608 -3856 5064 -2690 -1339 -3414
15300 -3724 5136 151 -1384 -2153
14828 -3192 4988 1362 -1140 -1791
15096 -3596 5404 1525 -915 -848
15368 -3444 4924 1615 118 -342
15748 -3096 4960 232 241 570
15672 -2996 4996 467 301 1367
15788 -2596 5116 1547 562 1888
15524 -2332 4876 1763 866 2053
15536 -2052 4788 1618 843 1738
15496 -2120 4756 1785 721 1256
15560 -2192 4440 1879 470 995
15368 -2288 4460 1267 -141 483
15472 -2504 4460 2218 -657 121
15792 -2304 4596 1902 -454 161
15880 -2208 4380 390 122 157
15676 -2248 4524 -471 307 -56
15564 -2344 4364 -361 40 -266
15564 -2384 4344 -305 -258 -318
15712 -2544 4252 -249 -397 -384
15608 -2324 4664 337 -632 -295
