12652 -3588 8256 1251 -62 484
12664 -3416 8328 1108 -172 276
12712 -3476 8332 1162 -123 184
12680 -3560 8672 677 -259 -42
12712 -3652 8560 719 -189 12
12580 -3772 8436 574 -181 73
12756 -3948 8488 643 -81 288
13080 -4300 8812 473 267 786
12924 -3784 8228 571 346 1114
12708 -3860 8472 726 271 1276
12676 -3492 8664 1051 233 1112
12836 -3496 8872 983 144 702
12828 -3760 8240 35 -36 372
12516 -3800 8524 577 -702 626
12768 -3820 8220 513 -331 447
12576 -3828 8712 141 -470 497
12704 -4028 8868 989 -527 503
12684 -4396 9048 679 -265 604
12556 -4696 8932 901 50 804
12452 -4256 8776 1581 178 1178
12296 -4004 8828 1212 245 884
12248 -3584 8720 1987 316 644
12288 -3596 8500 973 442 -4
12224 -3776 8944 -102 238 -927
11992 -5320 9184 -667 -213 268
11928 -5444 9924 48 -31 1609
10968 -5340 9712 -641 385 2775
10084 -5100 9800 -1203 1234 2941
8036 -5356 9148 -2915 1987 3389
5620 -6032 8276 -3491 3058 5438
9684 -10064 9596 -1719 2854 6537
9776 -11108 11616 4349 -1599 4746
17480 -12168 14328 8604 -6377 -2589
14284 -8756 9612 1058 -7003 -7757
7932 -7136 9056 3509 -5712 -6480
6052 -2600 5224 6643 -2698 -3060
5892 -700 4616 -3627 5003 -2528
15360 -4804 10128 -7830 13696 -2994
16416 -6264 13708 -2663 14448 -1045
13844 -9356 16600 -1785 8931 2399
8660 -8176 12704 -5480 3860 2133
7656 -8400 11124 -8379 818 579
4248 -4084 8676 -1170 -1247 2430
-808 -3408 6140 2396 -309 3459
-44 -3120 7000 -878 829 5418
2856 -6280 9028 -823 1875 14903
5412 -13464 11908 19401 -2010 13497
12824 -12392 14912 5153 -3104 -2546
14832 -9316 15236 -8361 -9875 -8479
16104 -8196 11364 872 -7790 -8802
11104 -6632 8068 -1618 -4528 -11730
4728 -5296 5552 -4038 -809 -9215
2888 -4316 5360 -5893 2529 -568
9020 -6848 8608 -4386 9439 10512
19296 -10672 12996 1387 10480 12136
17360 -11788 18992 8935 4951 6442
9912 -6980 15476 -4838 -5542 7961
5808 -9456 11940 7692 -2293 2527
416 -3884 8248 -6840 -6025 1655
-2464 -2716 2684 5300 -1036 3704
-4092 -1840 -820 2189 459 5976
-1164 -7428 5184 -2355 1980 10555
4204 -15712 11740 10131 1965 9534
10144 -20380 20612 11493 -595 567
10924 -8292 17876 371 -7259 -2850
13948 -8312 12372 -1702 -14535 -2748
11092 -2248 8064 3763 -10856 -7680
5924 -2480 6620 -4248 -7291 -7289
5856 -192 5308 -5934 905 -1596
11088 -6180 9488 3564 12247 6024
15916 -9348 16360 8887 9267 6479
21836 -20368 27044 10500 7846 -1606
6988 -3564 16980 -4968 2977 2945
2244 -9780 7332 -981 401 -366
-752 -1300 2268 -11452 -3014 -148
-2732 -1944 472 -7592 -901 2532
-4036 -1808 -636 -3632 -772 3978
-1128 -9604 4452 -242 2894 6072
1352 -19376 14248 9400 -1514 6538
23488 -29716 28340 4779 -4533 3551
12920 -12012 16556 3870 -8213 9373
15728 -8624 12036 11011 -16462 5809
10632 -132 6048 3858 -7351 1387
5224 2604 2052 -5436 -5030 -969
4244 1456 1380 -3821 3076 480
9800 -1976 3392 -987 10533 2262
13808 -9964 15432 9584 11768 630
24140 -28172 29376 24878 12379 -13756
8468 1244 21456 -11827 -3980 -1090
2000 -15612 8524 1213 1159 -6981
960 -4724 6008 -17108 1016 -7251
-2832 -4032 4456 -12370 3727 -3624
-4196 -2644 1464 2004 251 4196
-2628 -6264 3156 6480 4570 8201
-4992 -15296 11236 6538 -1375 8145
18336 -28644 25684 15470 -3394 -2555
13264 -6636 14460 -3900 -8116 1610
15644 -9420 13320 -1253 -10927 -2003
11896 488 9212 -943 -5057 -4539
3932 1564 3908 -7890 -3623 -5222
2656 576 3072 -7202 3341 -723
7976 -4448 5208 -3134 11640 5935
11768 -7564 11700 4532 17781 9306
16324 -30644 20288 8553 16605 -7460
492 472 21456 -20442 3756 -10350
8 -16664 18380 -523 -1067 2095
-1636 -5120 8968 3299 5249 -16087
-616 -6956 2920 -11972 -4702 -11355
-2328 -8492 4472 3044 -1539 -4246
-2048 -7540 2020 575 -1640 5100
1576 -12436 4388 3275 -1113 12392
8240 -22828 12076 16156 -6733 7677
12156 -18876 14820 7651 -7301 590
16008 -13096 16024 15800 -13398 6035
11884 -5496 11400 14267 -12834 6234
7260 -776 8460 3211 -9903 4131
3340 1576 6032 -1339 -7087 5239
6660 1252 6060 -5701 3252 8045
12280 -4156 9232 -9774 7664 8909
17904 -21624 13896 2086 3173 -5867
11660 -12336 15464 -5541 -5773 5352
6424 -8592 9496 4636 -4233 -1620
2424 -6368 7788 -10151 -2575 -7970
-928 -7484 4596 2860 -1649 -1078
-3420 -4016 2764 1752 -842 5105
1472 -10576 6236 856 4012 10135
5364 -15724 14348 10964 1869 14909
16812 -24892 15288 16200 1918 -1822
12612 -11828 14704 1685 -3213 -1134
15668 -13308 14844 20641 -12767 -2961
12888 448 8448 -2441 -7638 -10165
6584 -3020 6532 -4266 -3657 -10340
3144 -1492 4096 -3297 2385 -5843
5148 -3128 5792 -6003 8045 201
10676 -1484 12148 -7976 9635 6634
22708 -17436 16272 4545 9860 -2977
12704 3096 22196 -4973 1520 -201
13688 -10940 17476 -2581 2783 -1530
7116 -5536 9860 -5839 5706 -13862
3276 -8428 5624 -13739 -1968 -7728
-284 -9920 3764 830 -262 1942
-2056 -6916 548 -1642 -1400 7370
200 -9464 3556 576 1764 10631
8352 -11772 8928 4235 276 12787
18424 -22716 15224 20447 -1421 1486
14180 -12120 17084 -121 -6576 -3111
16616 -12056 15724 22042 -9747 2492
13228 -516 11140 11122 -11527 749
6108 -1748 8588 3191 -7446 1812
-4 2348 6516 -4599 -1493 3998
2752 2516 7636 -12577 4791 6878
13852 -1744 11864 -11650 5994 11247
16528 -24512 14276 5846 278 -90
11144 -4472 18448 -8934 -10228 10895
7400 -12412 13808 9105 -3429 4544
1636 -5444 6764 5434 -404 -1428
-1264 -4424 4756 5692 -5572 3751
-1896 -4436 2952 7044 -4842 9259
172 -7092 4440 2379 -6175 15682
7496 -8968 4220 -2293 -4194 21145
15936 -25324 19108 14861 -12128 11465
18504 -15072 19748 5802 -10501 3417
14616 -11160 15980 4279 -11926 2436
11940 -5028 10428 5001 -12178 1286
5052 -1944 5260 -1693 -10933 4147
1412 -4304 5724 -7463 -12151 11999
4236 1440 -1588 -3561 -2689 9832
11572 -1776 9848 -4081 -455 12786
31676 -30272 11516 17679 10290 -1780
20580 -476 22492 24508 10522 -386
10244 -5988 14392 8589 -3155 1250
-64 -6576 7312 -5696 3687 -8124
-2320 -5288 6720 -14965 -1842 -610
-4908 -2556 2940 -4025 1745 4415
-3212 -5684 2840 -3066 4310 5782
2196 -11444 8348 5567 11844 11364
7708 -32352 26008 250 3148 11889
13608 -19152 18316 23506 5330 9796
9792 -8256 16368 -17964 -5450 2369
11296 -3552 9492 -10597 -6327 -2632
7408 2428 5008 -13082 -7692 -4908
5904 180 956 -15221 -3690 -3653
8856 -4516 2592 25 4043 2497
15192 -9396 7852 15064 6303 3445
15704 -32768 16704 20765 5163 -13923
10756 -8468 23052 6455 -8635 -1507
5772 -14488 13508 6617 -2697 -5377
1576 -4448 10156 -3118 -3428 -7818
208 -5468 5840 -15782 -8 -6018
-4088 -3388 1616 -16217 4568 773
-2392 -6300 3024 -2901 5323 6967
196 -6172 2692 -598 7297 12371
9524 -32768 32668 13388 -6617 927
18380 -5944 16296 19618 -6891 12883
14604 -14956 14172 -6886 -8364 1258
9936 -1400 5660 570 -3809 -6498
5656 1672 1148 -8605 -4192 -8058
3968 276 -1224 -3249 1385 -2784
8008 -1748 704 3503 4974 1378
14064 -8324 11108 5456 9533 -464
19068 -29564 20060 8786 9191 -13800
13504 -5176 26016 -12786 -4845 4445
9052 -18260 13212 7891 -1914 119
2380 952 8004 -5402 1686 -6342
-336 -4544 4188 -12337 -2272 -4863
-3172 -2460 2272 3187 1312 -2669
-2108 -4552 1780 1341 3915 543
2120 -12176 7224 1868 5007 8423
5064 -21056 13536 12925 -4171 9115
21136 -23140 20660 24851 -2400 6780
14648 -9572 18936 -1311 -11971 12580
12364 -7044 11272 4717 -12429 2693
9432 -2576 7056 -1932 -8297 1492
4860 48 2716 -3877 -4586 -1724
2820 1752 872 -5048 985 -1787
3468 108 1748 -3749 5547 1234
10932 -3832 8536 1698 11339 -1119
24220 -21992 20928 7648 10358 -10081
14456 -5156 22300 -9374 2343 -2705
12668 -13832 16640 1722 446 -1176
5272 -3632 12436 -3101 -555 -7015
1996 -5512 6820 -3604 -3044 -6428
-444 -1720 3068 -977 -2501 -4572
-1832 -2760 1724 -5108 -1506 -1737
-1248 -6988 3732 2143 3209 3283
5280 -10800 8016 3591 5979 9952
12804 -25888 22312 10839 -2428 9149
15660 -14732 17728 11420 -4542 4308
15128 -11556 14848 -3206 -10932 6348
10844 -3016 7616 1670 -10250 33
6396 692 3984 -1995 -5899 -3083
3460 2340 988 -8631 -662 -3581
4672 920 1260 -12234 6366 -1270
13728 -6432 8568 -8115 14252 2233
21848 -19292 14816 7853 16895 -4673
14012 -6412 15980 -720 7289 -10381
10416 -13048 17236 -7247 -3383 1886
4912 -7316 8696 -1310 251 -9100
2844 -5380 6256 -12508 -5291 -8196
-856 -592 1024 -7128 -223 -7125
-3000 -5160 2140 -2513 1072 -507
-476 -6984 2572 5075 3888 6122
5984 -11688 6540 1285 6805 10730
16116 -29868 22536 21266 1956 2175
16740 -9044 16440 9897 1445 210
13772 -13060 16092 -1883 -7461 2135
11256 -2740 8572 4825 -7652 -2137
7388 -884 4268 -4277 -7301 -6542
3836 -2284 2320 -3878 -4521 -5747
2960 -2024 692 -2287 733 -3315
8608 -5008 5160 -2318 6628 1906
17844 -14948 15656 3332 13179 3361
21960 -15000 22448 6346 11547 -4427
13280 -7084 22108 -6883 1068 6340
8880 -11212 14248 5719 2736 -3252
480 -2548 8856 -12793 2023 -4679
-1816 -5156 4808 -5949 -1416 -2638
-2288 -780 1896 -525 -1439 689
-2040 -2240 1872 1092 3511 896
1800 -8320 7012 1527 7416 3896
44 -13144 14568 1729 3871 5754
18560 -26088 25752 13814 2730 701
8352 -10576 20232 -8060 -4781 5339
8400 -10244 12812 2040 -9970 5016
6924 460 6892 1631 -8266 -1068
4924 640 1996 -3671 -4243 -3903
4968 552 704 -4002 1517 -3982
9248 -1616 5476 -512 8361 -1998
14472 -13188 17596 11920 13014 -4574
20636 -14620 26252 19358 11097 -14497
8076 -6144 19684 -14779 4188 -7157
4508 -10312 12108 -4141 2094 -11584
1576 -3816 6780 -9300 -2385 -10494
-1576 -4980 3768 -8706 -1976 -7675
-3100 -2056 2352 -4975 279 -2538
-2136 -5832 4668 160 3455 1705
1912 -8564 11072 2259 7079 7407
10040 -29148 27792 8832 -256 1754
13320 -11176 19332 6506 1061 -1942
7940 -10140 15984 -6528 -9753 8117
9772 -3372 9388 8991 -12070 3231
7580 1136 4616 -2344 -6810 -1814
6344 620 768 -7959 -1579 -6546
9148 -1020 2340 -5065 6094 -5063
16648 -5856 13264 -2468 14537 -222
21640 -24404 23352 14540 18141 -7357
9052 -1876 20492 -2318 9488 -7027
5720 -10120 15552 -3113 5236 -10002
-228 -3424 7416 -15956 2226 -11999
-656 -9112 4964 -15853 -4358 -8124
-596 -1720 2316 -11430 -644 -5318
-2448 -4920 2680 -2227 4515 960
-556 -8964 6244 4296 6564 8127
-348 -18944 15696 6734 414 9398
10780 -25272 22560 5217 -2137 -349
8408 -17420 18052 12490 -5652 7273
9252 -6512 12832 14360 -17863 10697
8872 -764 3908 8304 -15384 2680
5608 980 3472 -107 -13196 -3418
3972 976 -288 -3075 -7447 -3561
7748 -1208 3660 -6286 -129 -1987
18024 -8504 12644 -5804 9022 -2650
28576 -26520 28424 5568 13166 -7453
13516 -7828 20240 8615 10655 9783
7136 -4028 12044 13879 5582 -11083
2672 -3408 7428 -18683 1197 -11692
-884 -9968 3888 -8849 -3380 -8380
-1924 -4852 2636 -2466 -1730 -675
-3228 -7132 3724 -6235 -4326 9917
2004 -9876 9748 4171 3789 14754
5376 -17552 16972 -4307 -1891 11032
14796 -25992 20344 -3893 -5079 3662
13100 -18004 17524 8107 3372 1779
12448 -3300 10760 5760 -14146 5489
7048 -624 1900 8032 -8245 658
6716 3968 128 103 -4814 -6133
8148 -764 2456 -1439 597 -708
14276 -3136 10112 9620 9382 2203
18992 -16424 14036 2516 9237 -6761
13640 -7512 22104 14586 8071 -4166
9728 -956 16844 2774 604 -5273
1328 -4616 8900 -9347 1947 -18494
-480 -1576 6136 -20239 -10646 -12183
-700 -3892 1500 -1006 4649 -6223
568 -4520 504 -6970 2991 -3277
1256 -12944 7112 -4792 6569 2559
-1960 -17776 12868 -2400 6064 10870
13940 -32768 32767 15591 1261 5141
9308 -6780 20384 7677 -2118 15725
9220 -7720 15444 -1191 -11698 11198
7912 -1108 7328 3522 -7045 5321
4532 596 -928 -5284 -4932 -576
5448 840 -540 -8652 -3368 -889
10224 -1132 -2640 -2714 2373 670
11576 -9288 12412 1047 5439 2703
26376 -32768 32767 32093 9985 -3112
9036 6388 23624 -4194 4086 -1243
7056 -12660 14728 4562 3494 -7787
192 -3076 6164 -14476 3712 -16442
848 -3748 2424 -21132 -6555 -9909
-2028 -4132 856 -2625 -87 -2118
-1972 -5012 2272 -390 -253 3939
2108 -10640 8560 1711 2281 8862
2876 -25224 18044 5931 -1637 8521
13240 -24028 21672 6369 -2773 2636
6760 -13200 14952 13784 -1008 6095
8148 -4852 10788 2243 -14420 10676
8404 180 2712 6224 -10062 4160
5948 2840 2580 -3173 -4171 -5104
5520 0 1924 -4962 128 -4623
12140 -2812 9960 2017 3626 -582
16432 -20616 17252 11653 10386 -7403
13184 -5616 24472 15041 6885 -3155
6320 -4996 18972 7917 97 7547
3188 -1756 6272 5070 4880 -13323
564 -188 4816 -21975 -700 -16058
-2292 -6816 4384 -7965 -4379 -3501
-2268 -3944 1708 -2082 -774 2416
1380 -10208 7064 -7434 129 10716
4480 -19680 15148 707 -610 13559
13268 -22392 21160 5689 -4772 5510
12588 -15532 17412 -3914 -3707 6213
8484 -7876 8704 12702 -1023 -2107
6264 32 9672 7092 -12580 4692
4816 3576 2808 6022 -7915 1433
4568 636 3492 -5078 -1658 -2214
7600 -5844 9344 6266 6886 3814
14612 -12120 18808 4415 5094 4115
19956 -17460 25348 3046 4237 -2473
9268 -6864 18144 -1321 -1012 8443
5772 -5344 7736 5731 714 -5248
1092 -3080 6224 -7049 -3124 -5656
44 -4428 3656 1435 -5365 999
-1176 -2620 2436 599 -4406 4283
-128 -6388 4944 -236 -2536 9564
4288 -11868 8080 -276 1935 13982
12224 -26156 21536 11162 -8856 8250
20948 -18740 20452 6891 -3963 -3131
8468 -5916 11940 9938 -5516 3386
8972 2216 8924 -1353 -5942 1917
5040 3188 1772 779 -2199 -4538
3020 652 1504 4905 1661 2368
6044 -5280 3204 10932 7840 1006
7560 -11676 12416 6566 4870 2044
21560 -17524 28896 8983 3709 6782
14976 1256 23700 -12214 -2083 5852
6884 -3224 13176 -7397 4382 -11754
3120 -4220 7036 -12596 -1095 -7845
976 -6996 5168 1980 -2881 -4347
-1800 -1532 220 -6150 -2864 1511
-1272 -5976 600 -4037 -2294 6887
3428 -8080 5928 -5437 -1940 13120
14788 -22652 18844 14071 -6490 11884
15120 -18924 19168 12413 -6050 -2322
16488 -17924 15360 6092 -9721 -1046
14004 -2496 9784 18151 -14439 4809
9392 2568 2264 9023 -14436 1251
2672 1732 1936 506 -9262 -4132
1568 88 840 4605 -3938 2216
236 -3412 1352 8388 -5466 11967
19000 -10004 16580 9557 -364 3420
27268 -9812 25628 4449 6073 -3269
21480 -1620 16364 -22116 2523 11107
9724 -4788 6992 9136 5484 1060
3352 -872 4232 6171 4354 -1122
2316 -1148 4180 -1170 -2933 446
-212 1232 4900 7121 -118 3637
1792 -6752 8512 10554 4925 7665
7576 -10532 10864 8886 12530 11549
21860 -19400 30800 16054 1454 9584
16588 -5784 20140 8028 1774 8671
13136 -4116 14704 -10997 -9419 5900
8292 -1080 6772 -5426 -10327 4883
4204 3000 1368 -6727 -8346 5061
2080 1732 -256 -12617 -3196 5621
7788 -3316 2396 537 5033 8862
15900 -4624 11680 14685 8222 7165
30376 -29808 32076 16700 6613 -10905
12708 7924 21052 -13833 10133 1364
11264 -9564 16364 666 4330 2506
2012 -4188 7132 831 4193 -14137
-1216 -2544 5624 -19592 -3981 -9410
-388 -4036 2048 -6448 416 -2358
1508 -3948 2304 509 3370 -2954
716 -9960 9244 4709 4115 3065
-1668 -11012 13340 505 5181 9395
9952 -25552 25764 436 -3984 4890
13596 -11828 24828 15126 -9828 17089
12500 -9820 16596 8985 -15614 9903
10756 -72 6208 -515 -9811 1166
7052 848 2392 -6197 -6973 -3034
2832 1360 260 -1818 -493 -453
4384 772 -1476 -49 4068 -153
10812 -1248 8540 3410 7077 692
17864 -15568 17200 10425 9647 -10431
22468 1628 27716 5613 7626 -6741
9800 -2620 16792 -8076 2767 2252
6148 -2288 9132 -4475 6217 -16006
3312 -5268 8812 -16090 649 -12450
-76 -6100 5384 -3055 3168 -4247
-2628 -2640 2052 -407 3230 -783
-2660 -4332 3980 1888 1123 4824
4668 -6236 8972 9825 5458 11043
9908 -18516 26236 10337 -1166 6882
14992 -11540 20452 13500 -1860 512
10732 -7212 24044 4221 -9798 10025
9520 -2332 12484 3806 -10192 8736
7324 448 5264 -7393 -7298 369
2888 2440 612 -7159 -2413 -2395
2544 836 1388 213 916 -1737
10616 -1044 6700 5312 6906 -558
12160 -1096 14104 1531 13489 0
22780 -19764 28688 8950 8696 -12041
16520 244 22896 3385 12405 -1454
7452 -5252 14312 -14797 3223 -7568
4820 -8468 16616 -9168 -874 -5997
2124 -3900 11916 -3499 -982 911
72 -3696 8624 -8335 -2303 933
1132 -3860 9364 -3805 -3679 1517
1492 -3800 7008 -2810 -4991 3287
2948 -4912 6828 -3623 -7209 2804
6560 -8816 8872 3572 -5119 1595
10328 -10328 10976 6754 -8449 2190
13128 -9544 13136 14365 -11352 125
12928 -5864 12564 7680 -7638 1539
11464 -5264 11896 2442 -6467 93
11056 -4284 10556 637 -5491 74
12536 -5012 10908 3030 -4508 -137
12824 -4784 10248 1959 -4004 -592
12700 -4912 10716 1717 -1955 20
11160 -4224 9812 240 -711 -180
11472 -4796 10864 -611 -314 -948
11988 -4920 10920 28 667 -1196
12148 -4928 10328 -465 745 -605
11924 -4848 9480 71 -288 -391
11304 -4712 9656 2069 -1901 -793
10156 -4184 9376 1931 -1743 -1779
9808 -4664 10100 1213 -521 -924
11144 -4244 10604 2856 744 190
11084 -4144 10156 2563 1677 293
10448 -3380 9268 1370 1872 434
10160 -2816 8604 1203 897 -38
10456 -2216 8332 2116 -467 -835
11508 -1996 8848 1942 -1651 -1644
12060 -2640 10000 -578 -2114 -2404
11828 -3360 11584 -1103 -2488 -2594
11412 -3524 12028 -758 -1665 -1446
11052 -3164 10860 -633 -1409 -656
11196 -2968 10124 -153 -1245 -624
11772 -3188 10200 511 -1579 -858
12044 -2828 9728 749 -1712 -769
11776 -2436 8868 405 -1988 -1152
12212 -2204 8420 -245 -2176 -1892
12488 -2140 8220 -1303 -2914 -2373
13264 -2496 8624 -1365 -2709 -2887
13656 -3052 9120 -334 -2714 -2681
13696 -3060 9384 555 -1894 -2078
13292 -2636 9020 845 -1445 -1511
13448 -2220 8620 728 -1005 -1024
13536 -2500 8276 524 -768 -743
13860 -2480 8604 -9 -78 -551
13456 -2296 8332 -351 411 -174
13380 -2164 7776 -583 623 -209
13552 -1968 7940 -188 551 -50
13652 -1880 8064 -288 361 -53
13564 -1968 8064 -27 484 34
