-15500 1640 -2924 -341 364 557
-15520 1460 -2700 -220 126 383
-15424 1452 -2616 -148 -11 147
-15552 1468 -2964 218 7 64
-15412 1568 -3040 209 -184 -95
-15560 1528 -2668 400 -84 -61
-15484 1532 -2772 318 -214 -179
-15376 1592 -3016 455 -80 -123
-15300 1640 -2844 431 -112 -72
-15476 1620 -2884 301 -120 -150
-15336 1636 -2604 146 -160 -226
-15416 1696 -2736 406 -106 -255
-15448 1360 -2380 295 -185 -295
-15884 1476 -2696 299 -43 -260
-15252 1408 -3032 457 -231 -279
-15544 1300 -2760 322 -154 -325
-15144 1220 -2948 604 -240 -247
-15584 1192 -2916 520 -333 -85
-15288 1280 -3020 779 -340 73
-15756 1120 -2712 701 -459 118
-15168 1344 -2640 717 -247 219
-15540 1432 -2616 602 -336 260
-15308 1432 -2612 544 -205 282
-15424 1552 -2460 439 -103 371
-15564 1524 -2572 413 32 335
-15548 1556 -2572 400 65 154
-15480 1408 -2672 656 115 80
-15500 1416 -2876 586 -110 -36
-15336 1404 -2692 612 361 -83
-15260 1396 -2584 582 400 -152
-15396 1444 -2868 664 480 -208
-15496 1528 -2776 735 417 -219
-15544 1508 -2748 686 209 -61
-15452 1444 -2728 699 -31 -148
-15696 1496 -2720 667 -84 -64
-15492 1408 -2820 629 -258 -77
-15696 1484 -2700 703 -341 17
-15332 1688 -2936 545 -591 -17
-15320 1596 -2580 575 -247 -92
-15352 1508 -2716 450 -160 -170
-15380 1264 -2408 466 -70 -183
-15480 1264 -2532 524 -301 -335
-15020 1352 -2628 637 -130 -303
-15696 1100 -2388 942 51 -167
-15604 1344 -2732 1069 -181 -133
-15528 1224 -2660 1106 -104 -30
-15372 1276 -2624 785 -21 -24
-15476 1308 -2768 818 -88 3
-15452 1244 -2536 884 78 41
-15428 1200 -2624 912 -64 111
-15388 1136 -2604 783 -25 108
-15432 1316 -2620 839 115 119
-15512 1308 -2628 685 -10 110
-15448 1252 -2636 689 -35 -6
-15652 1304 -2464 696 -10 -71
-15456 1320 -2684 680 -74 -125
-15456 1284 -2680 746 -27 -176
-15544 1188 -2456 863 -83 -166
-15504 1136 -2524 1134 -190 -264
-15544 1044 -2400 1303 -473 -315
-15280 1176 -2500 1566 -145 35
-15072 884 -2744 1702 35 -217
-15552 1020 -2396 2024 667 -129
-15432 1012 -2504 2380 446 -244
-15648 904 -2804 2493 476 -160
-15872 1332 -2836 2553 -62 149
-15664 1156 -2624 2307 -329 281
-15596 1512 -3008 2110 -733 219
-15800 1408 -2616 1700 -939 136
-15152 1616 -2944 1201 -1173 -76
-14916 1520 -2264 665 -465 140
-15304 1252 -2436 174 30 -172
-15328 1356 -2424 8 279 -320
-15524 984 -2508 -211 458 -472
-15304 948 -2240 -283 629 -510
-15508 1072 -2808 -342 346 -440
-15764 848 -2608 -428 326 -268
-15388 856 -2776 -331 79 -206
-15508 716 -2640 -205 42 -59
-15568 524 -2700 -144 -69 21
-15516 804 -2608 170 -219 122
-15336 892 -2608 256 -185 176
-15476 996 -2464 141 19 76
-15216 1008 -2392 199 -12 57
-15428 880 -2508 201 -30 68
-15516 1032 -2524 281 -10 9
-15540 888 -2624 329 49 22
-15600 972 -2716 467 -41 -54
-15512 1044 -2776 431 -132 46
-15552 972 -2544 444 67 101
-15448 904 -2552 233 59 58
-15484 996 -2464 323 100 65
-15488 1004 -2544 127 137 63
-15516 1172 -2580 137 143 110
-15372 1000 -2552 209 170 240
-15632 980 -2604 321 121 246
-15408 1080 -2524 363 120 181
-15496 936 -2500 419 141 174
-15428 988 -2452 598 23 43
-15424 1188 -2812 463 40 -3
-15764 1092 -2584 507 -110 2
-15460 1268 -2784 579 -292 -31
-15484 996 -2344 458 -465 -243
-15892 1656 -1968 110 -952 -712
-15668 964 -2128 641 -148 -453
-15608 720 -2836 943 -872 -590
-15316 760 -2696 816 -1168 -332
-15352 716 -2448 791 -609 -230
-15132 936 -2120 952 -94 -88
-15276 932 -2152 905 117 -102
-15824 1000 -1944 1051 80 -46
-15320 852 -2624 1093 -76 66
-15412 752 -2128 943 270 358
-15656 1152 -2472 1026 457 439
-15368 1216 -2440 641 500 335
-15468 748 -2400 536 453 309
-15764 1000 -2764 597 215 259
-15400 1144 -2732 489 111 408
-15252 1332 -2736 595 369 534
-15796 1252 -2460 430 442 659
-15432 1116 -2608 268 251 416
-15364 1180 -2476 158 382 348
-15612 1208 -2584 126 380 240
-15376 1304 -2716 400 143 184
-15564 1288 -2576 458 84 25
-15532 1536 -2616 476 -64 -2
-15316 1356 -2700 424 28 -167
-15572 1340 -2804 405 202 -188
-15768 1184 -2564 509 125 -154
-15480 1248 -2476 671 -207 -40
-15252 1072 -2700 776 -417 -103
-15636 1236 -2668 791 -443 -73
-15424 1316 -2836 896 -340 25
-15536 1180 -2492 863 -343 -44
-15468 1380 -2488 839 -436 -15
-15328 1296 -2440 824 -224 46
-15320 1264 -2448 626 104 44
-15432 1312 -2684 604 220 69
-15512 1388 -2492 474 110 79
-15380 1252 -2596 503 178 88
-15544 1108 -2620 565 402 -62
-15456 1208 -2576 736 398 -105
-15476 1048 -2668 1074 332 -97
-15600 868 -2800 1276 318 -124
-15416 1016 -3136 1513 313 -10
-15544 1020 -3244 1637 408 47
-15540 1448 -3176 1444 506 29
-15580 1224 -3148 1076 358 94
-15620 1560 -3312 886 110 170
-15680 1640 -2936 494 11 214
-15476 1676 -3068 220 -225 201
-15568 1492 -2804 78 -343 196
-15464 1544 -2712 -126 -548 -12
-15336 1436 -2992 -198 -356 64
-15240 1316 -2736 -194 -153 82
-15256 1272 -2684 -112 36 87
-15300 1156 -2656 -26 258 35
-15432 1100 -2900 192 313 -30
-15464 1208 -2804 311 212 -28
-15584 1372 -3036 357 26 38
-15480 1344 -2796 353 -157 59
-15396 1420 -2976 260 -241 54
-15408 1380 -2660 204 -216 -69
-15496 1704 -2764 155 -317 -92
-15496 1356 -2860 18 -362 -153
-15504 1512 -2588 23 -452 -167
-15540 1420 -2680 -80 -581 -249
-15488 1452 -2616 -15 -573 -283
-15580 1232 -2560 -27 -600 -301
-15352 1192 -2616 19 -628 -337
-15528 1292 -1992 108 -548 -335
-15376 1236 -2448 190 -604 -174
-15364 1264 -2288 205 -479 -133
-15416 1248 -2284 256 -327 -83
-15420 1224 -2276 261 -165 47
-15480 1180 -2200 292 -12 104
-15304 1284 -2124 320 111 172
-15564 1196 -2140 311 226 127
-15520 1240 -2148 358 172 45
-15568 1120 -2320 280 215 12
-15468 1140 -2168 354 176 -43
-15524 1316 -2404 275 285 -25
-15520 1184 -2144 239 337 -140
-15384 1000 -2484 327 280 -242
-15564 920 -2092 366 180 -310
-15656 932 -2440 548 130 -334
-15468 1212 -2352 728 129 -164
-15672 892 -2420 731 -23 198
-15532 1044 -2368 767 -86 285
-15272 1000 -2468 704 29 284
-15412 1056 -2412 401 246 280
-15456 1248 -2424 461 374 202
-15356 1332 -2628 403 398 179
-15552 1336 -2600 356 406 115
-15340 1152 -2368 364 450 -96
-15444 1164 -2740 555 297 -53
-15528 1084 -2664 642 344 66
-15568 1208 -2780 648 64 73
-15432 1192 -2688 517 44 106
-15504 1292 -2848 621 -35 196
-15408 1408 -2792 672 -94 269
-15428 1080 -2636 788 -164 215
-15268 1264 -2720 1093 -131 241
-15384 984 -2608 1363 -88 202
-15376 1036 -2648 1877 -62 188
-15244 1100 -2760 2336 22 381
-15388 932 -2440 2566 285 486
-15776 1200 -2728 2613 -172 413
-15468 1480 -3300 2998 -323 238
-15456 1688 -2636 2801 -349 -11
-15288 1616 -2604 2649 -131 -92
-15872 1632 -3276 2411 -230 -212
-15448 1336 -2820 2039 250 -72
-15292 1576 -2752 1498 -441 -138
-15564 1584 -3188 1400 -258 -175
-15156 1828 -2752 1116 -235 -315
-15436 1604 -2772 951 -289 -253
-15340 1532 -2936 719 -298 -180
-15504 1408 -2884 528 -189 -158
-15444 1424 -2512 329 -157 -24
-15504 1320 -2400 375 -99 36
-15548 1304 -2252 166 95 83
-15112 1320 -2952 194 309 111
-15156 1352 -2812 148 367 184
-15412 1372 -2628 -72 437 221
-15408 1412 -2784 -309 500 280
-15560 1512 -2844 -454 514 239
-15484 1336 -2692 -513 388 160
-15580 1428 -2860 -513 359 52
-15460 1260 -2772 -280 155 20
-15428 1376 -2940 -67 128 -70
-15532 1408 -2964 67 -74 -154
-15544 1344 -2972 300 -224 -155
-15404 1420 -2896 470 -304 -190
-15484 1380 -2928 555 -377 -49
-15304 1504 -2888 591 -200 -6
-15396 1356 -2780 525 -134 43
-15360 1548 -2944 605 -77 78
-15476 1436 -2712 538 122 111
-15524 1344 -2716 440 186 112
-15436 1460 -2844 361 143 217
-15500 1504 -2908 359 177 146
-15444 1504 -2720 185 155 80
-15444 1576 -2968 83 269 97
-15500 1484 -2836 -59 321 90
-15392 1492 -2712 -170 440 101
-15420 1492 -2736 -309 600 140
-15432 1416 -2800 -388 630 243
-15368 1516 -3024 -457 405 404
-15332 1440 -3180 -473 701 554
-15144 1472 -3284 -623 733 525
-15168 1416 -3216 -707 1163 551
-15364 1392 -3152 -732 1429 595
-15048 1464 -3324 -787 1575 840
-15840 1844 -3760 -1008 1960 1116
-15904 2524 -4188 -1176 2386 1492
-15236 2392 -4276 -1004 2163 1631
-14596 3160 -5364 -1256 2201 1538
-15172 3140 -5140 -1267 1588 1130
-15068 3436 -5172 -944 830 539
-15092 3376 -5320 -1029 155 -141
-15336 3260 -4856 -792 -191 -524
-15316 2952 -4648 -626 -405 -595
-14684 2944 -4268 -456 -215 -444
-14404 2712 -4576 -142 -47 -202
-14576 2368 -4408 185 228 -78
-14048 1960 -4348 -27 204 -5
-16552 2272 -4232 -443 1266 301
-16128 2208 -3316 -271 666 792
-12884 2012 -2752 -1032 746 1013
-14076 2460 -2728 -1213 1829 684
-16440 3260 -3444 -1258 3824 1595
-17020 1676 -1900 -704 3351 1615
-15036 2092 -3296 -1172 3414 1119
-15864 3204 -3268 -687 3550 1006
-17004 3392 -3064 -331 2670 576
-16044 2980 -3484 230 1667 -55
-16308 3684 -3860 993 2348 -40
-16448 3212 -2624 3226 1593 -86
-13588 2172 -2768 4286 7 -1291
-12008 2720 -10308 4545 415 -2137
-16656 2520 -11440 5003 1966 1136
-24368 144 -8876 3635 1374 103
-26992 1912 -12780 7122 -2053 1590
-20496 -72 -8252 8089 -3715 2785
-8940 3456 -10004 5248 -3763 2683
-7760 3784 -7456 357 -1464 2235
-3472 3576 -4476 -2770 -5681 1473
2256 3856 -6464 -7276 -7294 -71
-11908 2840 -1384 -9071 2714 -1115
-30020 11504 -6532 -8341 -198 1585
-28272 7076 -6552 -8078 2603 -605
-26660 5256 -3500 -6703 2592 -803
-16708 4016 -812 -4090 1117 -2078
-4984 -1384 -2108 55 -1723 -1579
5608 -3340 -3032 3352 -1337 -4269
-88 -2172 -5524 6986 -1064 -4867
-20592 3756 -4360 4802 3570 -4082
-32768 -456 -14140 11160 -1798 -971
-30892 2044 -7684 12903 -502 1541
-19976 1248 -8740 12047 -3951 2150
-11744 4688 -7380 5534 -995 2334
-3388 3648 -4824 412 -3574 2681
5740 4300 -4768 -4119 -4611 1959
2720 1072 -3212 -7409 -2813 -725
-15024 4028 -2968 -11028 6852 988
-32768 10068 -9072 -11648 5194 2639
-32768 4524 -5392 -10916 2245 -1939
-15064 -1608 -4124 -5483 2168 -2339
-13072 1164 -172 1858 2946 -1899
6472 -3984 -3056 4653 727 -2499
-116 -3400 -1944 8264 -525 -3212
-8280 376 -9700 7319 -1974 -4175
-32768 -1996 -12284 9437 1576 1304
-32656 1132 -6844 10382 -2223 2635
-21724 512 -7768 9852 -5323 4392
-11396 4604 -8584 3492 -1689 3733
-5292 2668 -4336 -717 -3611 4277
6224 3436 -3892 -3000 -5710 3278
3744 3480 -5976 -8169 -499 600
-32768 10440 -1268 -13300 18705 1102
-32768 11452 -2960 -12134 -8384 1707
-28664 3332 -6828 -11828 1927 -2753
-16480 -368 -1012 -6773 2944 -3617
-4520 1252 -3176 -2639 -938 -3400
6672 -780 -2596 -3276 -218 -5598
-1424 -5632 -1208 2899 -2901 -7972
-7664 -260 -10056 6376 -2529 -4839
-32768 -4308 -6608 8558 7228 -1194
-32432 -140 -6956 14343 1962 1598
-28896 -1020 -6828 15176 -1605 3777
-11844 3896 -7492 11461 -1386 4341
-8336 2556 -3852 4348 -98 3262
2568 2904 -4520 -734 -4057 2753
4640 2340 -3836 -2640 -1828 2271
-9144 4476 -2044 -6769 5227 527
-32768 12716 -8240 -11509 6435 3428
-29664 6328 -7068 -10978 1675 -513
-24236 1408 -3084 -7491 2158 -208
-8868 -520 -2108 -1124 2595 -1148
1796 -1980 -2100 852 2227 -2301
1568 -3040 -2296 4565 1123 -3560
-5676 -1784 -3844 6526 -905 -4100
-31116 416 -10640 7487 6103 -2747
-32768 1320 -12440 13324 -834 1003
-32564 -672 -7632 13405 -2681 2940
-15300 2628 -7296 9887 -1937 2963
-7384 1860 -4952 4600 193 3758
2012 3608 -4000 1029 -2537 3635
2104 4764 -5932 -3453 -774 4057
-4192 6428 -7364 -8615 -1414 1189
-32768 13340 -12084 -15098 11855 3622
-29072 8144 -6696 -13519 -469 -147
-25752 5192 -6332 -12728 3369 -1259
-15152 260 -3192 -7155 5843 -1586
-3196 -3184 -1716 -1490 2462 -1365
2528 -3204 -2884 1889 3109 -3935
-2748 -1700 -2312 7361 -348 -4879
-10444 -408 -9936 8575 -2312 -4961
-32768 508 -12144 11630 483 -36
-30136 1820 -11240 12087 -1518 1808
-29308 588 -11012 13726 -2214 3517
-15416 3784 -8960 10300 -1375 4797
-5780 3240 -3136 2831 -2180 6015
3636 1584 -4140 -272 -5456 3582
1612 2196 -5860 -2619 -2526 3635
-1256 5688 -6836 -6894 -2923 837
-32768 11388 -9360 -11969 14982 3399
-31212 10876 -7468 -13973 -4996 -2224
-27980 5544 -7476 -10875 2697 -2379
-15136 472 -2500 -6812 2733 -1272
-3488 -1960 -1676 -265 1710 -351
5012 -3592 -3436 2562 992 -2546
-1444 -1708 -3456 7013 69 -3410
-8356 1796 -9708 6985 -1548 -4024
-32768 588 -16688 7790 2851 -270
-29680 588 -10520 12854 -1532 4106
-26272 2336 -10728 13585 -4094 3785
-13592 3116 -7760 9039 -2958 3667
-6164 2772 -5520 3548 -3810 3442
3320 2936 -4000 719 -5446 2211
2864 3168 -5584 -4217 -3614 1199
-1936 7276 -6008 -9781 -2305 -806
-32284 12416 -9048 -12356 9949 1170
-30380 10232 -5160 -13065 158 -947
-31996 5748 -5924 -11414 5303 -1350
-18872 688 -1444 -7470 1704 -1754
-8224 -560 -908 -1364 1278 -131
6940 -1828 -4980 604 -1030 -3267
-460 -2000 -2600 4520 -1321 -3068
-3976 -1928 -4784 5212 -3467 -5537
-27964 3628 -5012 3945 10645 -2964
-30288 1424 -8536 11209 -530 -359
-32768 2740 -8236 12186 1268 2176
-23536 424 -6428 11945 -2211 3074
-12188 2164 -4512 5953 -2414 3295
-2684 684 -5060 3839 -2755 2855
4052 4848 -6064 -389 -449 3737
-724 2420 -4072 -4013 -2399 1777
-10524 4780 -9244 -8609 1596 -968
-32768 14832 -7068 -11204 6037 2822
-28892 8140 -10204 -11709 2848 -498
-28340 4892 -4176 -9909 2435 -2179
-12748 -120 -2352 -5513 2735 -540
-2912 -1740 -1976 -825 587 -1213
5764 -2372 -3688 1743 -14 -3497
-1792 -2228 -3316 6011 -561 -3414
-7592 -1616 -8072 7107 -4006 -6442
-32768 -1256 -14252 10811 8250 -1153
-30212 2092 -8464 13249 -1265 1064
-29424 1284 -10620 14628 -2681 3978
-16300 4012 -8380 10820 -565 3772
-7848 1500 -3576 5255 -2055 4391
2248 2808 -4388 1117 -4009 3275
2456 1492 -3092 -232 -2473 2713
-64 2292 -4720 -4506 -4410 -797
-22392 1768 -6500 -8918 8489 -2274
-32768 13024 -11300 -11144 838 2454
-32768 5784 -9628 -12374 2954 -777
-27812 2792 -2676 -9889 1479 -874
-10540 1028 -3412 -4646 3394 -837
1544 -2712 -3724 -2284 -219 -2432
2380 -1244 -2044 89 2608 -2234
-712 -1196 -2436 3270 -686 -2713
-1796 -3248 -4352 6700 -2313 -4340
-32768 3840 -10580 4411 12269 -215
-32768 -988 -10376 10898 -953 1850
-32768 2024 -11632 12819 -2149 4062
-21700 1636 -8144 10686 -4559 3508
-7852 1860 -5012 4224 -1001 3087
988 1668 -2860 1871 -2851 3363
2932 2152 -3784 -305 -2803 2979
-92 912 -3476 -2422 -3587 908
-5916 6400 -6948 -6961 -3517 -41
-32768 17812 -7368 -12694 14208 3698
-32768 8072 -5760 -13193 -1053 141
-30072 3216 -4212 -11775 2107 -1683
-18412 -628 -904 -6598 729 -2754
-2300 -1324 -2016 252 1240 -2785
3604 -2796 -1628 3504 -77 -2308
1060 -2080 -3060 6346 -169 -3348
208 -996 -3316 7963 -307 -3944
-16460 4140 -10040 4009 11916 -2933
-32768 -188 -16748 13242 -339 966
-32768 3824 -11064 12441 2837 2750
-25144 1300 -7336 12608 -4677 4636
-9692 3332 -6740 3487 -3745 3470
-2460 1568 -3940 -582 -803 4025
2860 2932 -3852 -3626 -4187 3330
-708 1408 -4160 -6275 -5859 1169
564 4148 -4216 -8280 -6282 -790
-29464 7092 -4872 -9666 13202 -1105
-30624 10712 -4400 -12470 -246 3455
-32768 5516 -7044 -12106 7354 760
-26420 3044 1488 -7879 533 -477
-10492 -504 -4052 -814 2881 -217
4740 -52 -2676 937 5705 -1848
476 -3852 -2368 4695 4364 -301
-1452 -2680 -1844 7007 53 -3658
-9992 3440 -10696 5983 -689 -4060
-32768 436 -19344 9874 1124 -1118
-32768 3720 -11820 12844 -1030 2300
-26736 316 -10800 11570 -2338 1687
-12460 3260 -7600 7977 -5703 1945
-3100 1856 -4440 3434 -1903 3858
2448 2828 -4028 -1069 -3074 2644
1020 2192 -4668 -4498 -3971 1862
-6448 4548 -6292 -8603 -4813 916
-26148 14092 -11444 -14662 7113 6883
-32768 12164 -11232 -14989 5183 2860
-30060 6048 -6056 -11336 4364 41
-15620 12 -2600 -8056 2755 -1129
-4692 -1268 -2512 -1740 -344 -2048
3912 -2512 -2876 1111 -127 -2677
284 -1632 -2792 4950 -357 -2652
-2964 -2560 -1264 8589 -3270 -5381
-18596 7824 -8208 7781 3731 -1760
-32768 3548 -19264 13164 3019 2648
-32768 3460 -11360 12623 3200 4781
-25468 1964 -10644 15641 903 3229
-10736 3872 -9108 8357 -1785 1015
-3408 3060 -4084 2940 1420 2141
2128 3356 -3128 -671 -2671 1677
936 2540 -3424 -4148 -3976 587
-6400 3908 -7808 -6099 -4384 -211
-31016 18000 -12208 -11363 4193 3908
-31568 13284 -12776 -13129 462 3668
-32768 6512 -7168 -15771 3995 -1381
-14548 -2356 -3796 -9949 1435 -5447
-5468 -252 -1096 -1272 2580 -2940
2892 -3144 -2304 1337 -167 -3390
960 -1168 -3224 5226 -784 -2525
-4364 -676 -3640 6416 -4871 -5850
-29164 3196 -6080 6351 10048 -405
-32148 5516 -14404 10238 -296 293
-31896 4676 -12096 13363 -1823 2927
-17692 1564 -8068 9010 -830 2357
-3596 4680 -6548 2302 178 2082
512 2096 -3352 -218 579 3310
2304 1504 -3996 -3559 -1099 1215
-1408 444 -3708 -4704 -3027 -636
-8588 8760 -6844 -10181 -36 -392
-32768 15444 -15672 -10606 9421 4672
-32768 11828 -9880 -12659 2800 -235
-31316 5540 -7864 -10731 3855 -3155
-16192 1584 -3308 -6913 828 -4099
-2312 -2140 -3016 1159 -353 -2879
3420 -2228 -2120 3604 -161 -2852
224 -400 -3136 6005 -486 -2542
-3712 -2100 -2888 9643 -2229 -2022
-32768 1792 -10208 8452 13546 2323
-32260 2288 -10964 15247 -5296 2331
-29248 1844 -12196 15287 -3535 2890
-16516 4584 -9016 10833 -3982 3295
-5124 3432 -4524 3518 -3591 5000
4192 3588 -3848 -1229 -3358 4026
12 4356 -6496 -7394 -1853 1282
-9336 4752 -5668 -13221 -8896 -943
-21144 11656 -11096 -10670 4805 5073
-30964 8932 -6060 -11327 1542 725
-28348 6904 -2368 -10023 4930 1655
-18428 2384 -2936 -4454 2187 1333
-2372 -2148 -3256 939 2975 606
3544 -2912 -2300 3477 2798 -1638
296 -2356 -3504 5863 2178 -4151
-7544 -1672 -2448 10063 -2146 -5283
-32768 7852 -7552 8379 9503 406
-32768 4708 -14236 15155 -2869 627
-29628 3412 -11560 15107 -4637 2858
-15112 3264 -7432 11389 -4527 2448
-1288 2128 -5640 5753 -2407 893
3068 3052 -4792 1864 -1424 935
364 2944 -3476 -2135 -1934 -33
-3976 5708 -7312 -8419 -2645 -1097
-29252 14156 -13848 -10461 7652 5623
-32768 12096 -6260 -16353 -1244 -2724
-28056 5340 -9416 -17275 3052 -872
-18876 -184 -256 -11343 1906 977
-4700 -1312 -2460 -4495 -2302 -277
5560 -2896 -3332 -432 170 -911
-340 -3024 -3176 4573 -222 -3597
-3108 -2976 148 8589 -2454 -5812
-23672 4832 -10056 8392 15272 -3054
-32768 4100 -16444 12831 -306 2591
-32768 3540 -13700 13760 337 4781
-19688 3032 -7424 12941 -5182 4337
-5896 3812 -6596 4162 -3619 2974
2288 2272 -2912 802 -2390 3302
700 3304 -3820 -2059 -3685 534
-1504 1696 -4208 -3472 -5057 -586
-11092 5756 -9148 -7741 1636 -774
-32768 12560 -7948 -9177 3657 2216
-28924 7508 -9196 -10121 3600 795
-29716 4116 -3824 -7278 4247 -871
-13084 -240 -3624 -3631 3784 -3748
-2172 -1640 -2000 423 2202 -2663
2208 -1544 -2772 4044 1262 -3523
-2972 -2336 -2644 8276 -2074 -4832
-6068 1000 -15336 9484 -3961 -5156
-32768 1192 -18780 9370 10662 219
-24560 3368 -12692 13134 -2695 3390
-26324 2960 -11376 11080 -2068 4526
-15720 2832 -9272 7404 -2614 3732
-6732 3484 -5928 2210 -3095 3118
-116 3996 -5096 -2739 -5918 2087
312 2304 -5076 -5572 -5990 951
-1764 1728 -4144 -9087 -10434 -2470
-28248 -724 -2844 -7461 7569 -5457
-28056 10288 -8964 -3657 -4261 3042
-24856 3064 -9008 -4515 5153 -25
-18200 5600 -3884 -3063 2026 1239
-12932 2484 -3668 279 1711 1001
-7192 1008 -3488 2756 -924 49
-6216 1228 -3720 4999 -1781 -2198
-8752 2104 -3588 6571 -2858 -4239
-13720 1092 -2496 7724 -4354 -4784
-27324 5884 -9508 3017 1798 -5107
-19564 1728 -6164 4771 -3026 764
-15248 1252 -6736 5200 -865 2557
-13408 780 -5668 4833 -1535 1063
-12864 1516 -5188 5258 -1107 1446
-13208 1656 -5856 4733 -1650 969
-15016 2480 -6340 2824 -1240 542
-14808 2212 -4984 1330 -1939 142
-15024 1828 -3748 -394 -2495 -417
-15852 2828 -1616 -2506 -2069 -703
-15772 2356 -1384 -2644 -1289 -164
-12916 1452 -1920 -2010 -805 335
-14584 948 -2380 -1384 676 -143
-16580 2024 -2148 -221 817 68
-15012 2352 -2536 -219 421 -34
-15376 1976 -1912 -732 647 -168
-16268 1928 -1328 -1021 259 -560
-15604 1944 -1100 -660 -26 -570
-14976 1824 -1832 -706 93 -447
-15456 1696 -1764 -910 -153 -467
-15072 1272 -1912 -259 -179 -248
-15124 1164 -2224 487 -42 -96
-15412 1388 -1952 621 135 -142
-15904 1328 -1756 790 -28 -21
-15492 1300 -1832 901 -179 104
-15544 1044 -1800 1195 90 59
-15372 1048 -2040 1502 65 -59
-15744 1268 -2372 1670 143 -250
-15056 1296 -2020 1819 103 -503
-15180 1244 -2088 1391 573 -619
-16092 1168 -1880 1121 379 -484
-15644 1108 -2124 700 411 -457
-15672 1044 -2548 327 423 -452
-16016 596 -2396 632 512 -326
-15440 136 -2484 1361 587 -256
-15556 192 -2344 2277 572 -208
-15132 504 -2692 2768 668 -169
-15808 996 -2692 2696 853 68
-15988 1324 -2924 2385 -87 377
-15544 1124 -3428 2057 -493 790
-15336 1776 -4284 1459 -271 1095
-15472 1840 -2852 853 185 1687
-15432 1412 -2140 -237 527 1773
-15536 1216 -2536 -393 91 1367
-15748 1480 -2864 -226 -146 1175
-15736 1360 -2968 409 -97 1317
-14952 820 -2772 1026 -66 977
-14696 1144 -2768 1697 1094 309
-15612 1924 -2276 2953 1319 -8
-15436 1980 -2724 3432 1342 9
-15588 3196 -3680 2328 1648 -57
-15172 3268 -4108 1086 678 -38
-15164 2964 -4456 -324 657 -369
-15168 3588 -4476 -1680 354 -734
-15784 2812 -3468 -2635 -184 -512
-15016 204 -3488 -2258 -476 -817
-15964 1416 -4168 -1138 329 -984
-15260 2316 -3484 -304 -83 -436
