-15380 864 -1500 653 -99 38
-15308 676 -2376 659 -376 53
-15396 760 -1940 674 -183 2
-15436 800 -1796 630 -337 -81
-15608 728 -1884 668 -388 -118
-15468 760 -1816 687 -229 17
-15504 696 -1808 643 -211 -20
-15420 732 -1752 781 -208 60
-15484 668 -2332 805 -98 93
-15672 800 -1812 1011 -162 76
-15408 736 -1776 1045 101 83
-15704 688 -1728 894 159 51
-15628 816 -1680 995 227 27
-15464 944 -1932 780 381 27
-15396 740 -1924 646 598 3
-15680 864 -1912 584 499 -214
-15752 880 -2088 757 283 -173
-15328 640 -1716 1128 246 -171
-15328 684 -2384 1204 288 -157
-15728 572 -1812 1050 258 -133
-15344 708 -2164 1151 263 -46
-15256 796 -2048 1188 216 87
-15432 640 -2076 1088 421 179
-15324 696 -2168 1037 334 308
-15160 540 -2016 1100 347 438
-15340 692 -2160 1130 476 435
-15368 588 -2588 1174 590 629
-15532 596 -2316 773 593 573
-15500 676 -2336 625 504 651
-15444 656 -2376 257 594 663
-15456 820 -2356 299 822 889
-15352 524 -2408 290 967 925
-15412 616 -2576 571 932 994
-15152 588 -2376 928 1170 995
-15348 616 -2760 1304 923 1133
-15668 436 -2284 1763 1014 1029
-15084 672 -2116 2152 889 1095
-13564 1536 -1896 1940 1301 1485
-14460 2304 -1888 1072 2668 1938
-17552 1104 -720 876 2242 1925
-15368 -32 -1264 1156 1953 1384
-14720 616 -832 1672 2025 1218
-14068 1172 -28 1767 1202 771
-11924 1212 -1532 2115 519 -348
-8944 616 -896 4271 -509 -1418
-13324 3680 -9588 2785 2800 -2732
-31616 -612 -7400 6909 -1154 292
-26976 1348 -5824 5987 -2025 1020
-21508 -888 -6140 7126 -1986 836
-14644 800 -5084 5883 -2495 1326
-6964 1780 -6088 3328 -1936 1703
-940 2656 -5524 1167 -1368 1471
2156 2072 -3160 -345 -2611 810
1292 5368 -5252 -4057 -1252 -1066
-32768 8124 -4844 -6436 12961 3785
-27300 4888 -192 -7607 -1826 235
-29008 2740 -5312 -7724 -12 -1115
-19864 2440 -1216 -5707 -921 -2480
-9968 16 -288 -5184 -2631 -3449
724 -1524 -1788 -1862 -4705 -5000
7096 -2292 -3384 3393 -830 -4266
-2360 -2272 -3568 5439 965 -3190
-32768 3880 -2788 2746 15223 -145
-32392 -984 -7932 12621 2628 0
-28944 2352 -5748 10208 -3131 2365
-15652 -172 -5352 7543 -3303 3181
-6912 572 -3928 3996 -3790 2121
5056 4080 -4004 407 -5634 1815
4652 4468 -4432 -2961 -1730 2082
-288 552 -3660 -3946 -4817 1667
-28960 488 4332 -4456 18237 3804
-32768 10192 -2456 -6817 -9290 2222
-30452 44 -6512 -9311 4546 -22
-20244 600 1524 -6000 2143 -1698
-9252 -536 1276 -2532 -2201 -1275
7252 -2100 -3112 -850 -3464 -970
9484 -1736 -7620 6973 3299 -1596
-2376 -252 -2036 7205 -135 -2291
-17804 1352 -14272 6746 3775 -8900
-32768 -1720 -9628 11125 -9090 1706
-32768 8140 -4564 9395 1332 1506
-18500 2512 -7324 6335 -7057 3070
-7444 2952 -2688 2076 -6165 2202
5992 3108 -4244 -1502 -6484 711
5860 4460 -4420 -6659 -1549 197
-1280 -560 -3792 -7484 185 -1297
1004 9620 -11652 -12634 1297 -2422
-32768 18440 -18624 -16883 -316 -8130
-25820 -1060 -7496 -9718 5519 1706
-23776 -936 860 -7816 1774 -1414
-14852 -632 -372 -1714 -1486 -635
-3580 -1744 -1476 3225 -1986 -1064
3320 -1816 -2920 5843 -3233 -3215
2480 -1284 -3632 10208 -2283 -3680
-1932 3216 -22800 8030 1742 -3520
-32768 -2120 -15596 10340 879 807
-32768 1480 -3164 13712 3968 1240
-18440 2132 -7076 10809 -9013 2830
-10808 2532 -2204 4205 -3519 1736
4348 2396 -3680 -107 -7763 1506
9668 4272 -5772 -3455 709 312
-2940 -872 -3704 -5171 -24 -2356
-304 12604 -11936 -13496 6987 -3391
-32768 22160 -4924 -9559 -2253 2132
-31368 -1332 -7908 -13214 880 -712
-22744 260 -2028 -12279 5429 -2093
-13180 -728 -1732 -7067 -3504 -2038
-204 -2752 -2240 -2705 -4101 -2475
4968 -2276 -2584 1177 -105 -2108
-720 -2412 -884 5584 -1563 -3286
-2268 -2952 -8876 5468 -1660 -3227
-32768 -5624 -16564 3579 625 -446
-32768 568 -1604 9750 4873 1724
-23492 -516 -4588 8568 -3615 976
-13852 2028 -3212 4847 -631 1999
-5664 548 -3096 1526 -3347 2240
6784 5448 -5732 -4140 -1269 191
-984 2412 -4448 -7027 781 1793
-488 1980 -2492 -9746 -661 895
-32768 1040 4236 -19499 23488 6706
-28300 3980 -1976 -13832 893 1322
-25308 -528 -3288 -11477 641 -1011
-15432 1596 216 -8860 327 -2396
-4876 -968 -124 -5058 -4195 -2257
7356 -2160 -2804 -1608 -3020 -1865
2064 -656 -4460 2470 1416 -3676
-1652 -2964 1984 3879 -1749 -4299
-32768 5176 -11860 -1664 19271 2789
-32408 2228 -12336 13419 1413 2246
-25676 4948 -3340 5870 -3165 856
-17388 2032 -5136 3126 -3409 1708
-4820 1528 -1880 -1113 -5008 -281
5380 3208 -4972 -4282 -3162 144
436 1852 -3852 -6604 -2464 -351
-204 1452 -4196 -11260 -3286 -2431
-32768 6776 3268 -16393 25514 10170
-32768 924 -2688 -18612 -490 -2043
-25584 2816 -2372 -18353 4400 -2578
-18308 160 -1692 -11521 -2718 -2137
-1408 -3708 -1536 -5032 -5053 -3315
6832 -2116 -2628 -3178 251 -1751
-452 -260 -2648 214 2008 -1548
-464 -996 -480 2316 -636 -2493
-32768 5268 -4896 -1161 17284 6696
-31788 544 -8324 7854 -2221 1536
-30184 -808 -3856 5960 -1890 632
-20744 2216 -5544 7392 -1686 2085
-6208 1316 -3152 3211 -4696 1198
6704 3164 -4540 -155 -2365 418
-908 2032 -3584 -3263 -1795 1246
1352 1132 -3684 -4777 -1938 -328
-32768 2440 2256 -7806 17372 10335
-32768 5064 52 -8805 417 -226
-30628 2944 -2728 -10811 823 -2275
-22172 1936 0 -9184 121 -2636
-5636 -1120 -544 -4361 -2007 -2067
11308 -3480 -4940 -1391 -820 -2099
-1880 -708 -2612 1576 450 -2438
1336 -716 -2308 5035 -1336 -2981
-25464 844 -12224 6492 13880 1122
-32768 -1744 -2520 10373 -5581 -706
-32768 -1864 -4204 9043 -1532 1212
-19760 1344 -5452 9612 -1044 2727
-9864 1908 -4468 4795 -1615 2458
2896 3388 -4188 -697 -1967 1146
1228 2972 -3080 -4107 -2035 921
-2556 2736 -3460 -7831 -5380 673
-32768 4184 4540 -8385 18816 18952
-32768 5220 -3696 -12348 662 -1489
-25384 2108 -488 -14398 1226 -2983
-15684 1212 656 -8379 -1080 -2410
-904 -2464 -988 -2818 -5666 -3176
7872 -4156 -4004 1394 5023 -304
-104 -1780 -3216 3421 3063 -3912
-4900 2460 -11492 4232 3769 -2672
-32768 -2132 -13540 8108 -1504 360
-32768 1460 -3300 10567 490 1907
-23244 1120 -8112 9968 -3604 2361
-11904 1148 -4732 6772 -3026 2105
836 1540 -3820 2800 -4248 1218
6040 2712 -5208 -497 638 1814
-1632 504 -2448 -3447 -2391 676
-7320 2372 -5644 2959 -9266 -1230
-32768 17916 -18484 -11282 7299 9744
-32768 -512 -13724 -8712 -4078 -2898
-21604 1784 -2340 -10353 5122 -2688
-14232 312 -532 -4785 -1990 -2162
2424 -1724 -1224 -2352 -4772 -3363
2532 -2460 -2024 13 1604 -921
712 -152 -3872 1684 253 -1503
-2260 -692 80 3808 -2195 -2707
-32768 2440 -21940 -3345 10756 1489
-28584 4268 -6056 10330 1568 2674
-28288 612 -7264 8882 -2186 845
-17800 1704 -6064 8012 -4298 1078
-4480 528 -3856 4771 -4576 359
4324 2608 -3956 1052 -1747 189
948 2192 -4012 -1830 -674 14
36 1240 -4164 -2677 -2486 -811
-16988 8620 -6388 -7823 8170 -1367
-32768 12568 -7116 -1069 -7728 2820
-32768 -120 -7684 -8996 933 746
-23116 2740 208 -7224 1765 -830
-11068 -1180 -336 -2863 -2267 172
4272 -2636 -2644 1163 -4044 -379
3676 -2328 -3508 3183 1353 -485
-1128 1060 -2456 6014 -2076 -2306
-732 -1336 620 8720 -3745 -3363
-32768 4128 -22200 -1122 10219 574
-30664 3608 -3644 16439 1099 2709
-26784 4 -3996 12579 -2630 2859
-15288 2016 -6036 11027 -3679 2867
-4232 2072 -3460 7282 -3396 2391
8316 4192 -5988 1447 -2879 193
-2208 1528 -3996 -2855 -1021 1604
-2292 4888 -5072 -5687 -3840 296
-32768 9216 -15268 -7818 4374 1433
-31004 780 -2720 -6374 -3826 -2675
-24284 1112 -468 -5931 2647 -2912
-16884 -200 152 -2009 -2890 -2845
-1928 -3376 -232 4795 -5686 -2781
6168 -3040 -4292 7434 -1326 -2722
-1820 -252 -4228 10107 553 -337
-888 -1044 -832 12454 -2087 -1907
-32768 1296 -11168 6112 9863 2102
-30668 1640 -3176 16535 1997 1079
-29356 -1196 -3576 12936 -4397 1183
-17844 1768 -5040 11769 -2220 2691
-6912 -1112 -2460 6944 -5615 1200
8832 3408 -5624 3077 -4019 -92
-2096 2504 -2860 167 940 2793
-228 2324 -4548 -3525 -3711 2160
-32768 8444 884 -4049 21825 8171
-32768 10760 2372 690 -2571 3042
-27248 -1528 -6856 -6112 747 743
-17564 2096 892 -4986 1849 -1959
-8988 -680 -656 289 -2820 387
4960 -2088 -2408 4018 -4047 -1783
3072 -2556 -3744 6965 622 -2214
-5000 -1608 -32 9873 -3382 -5141
-32768 3496 -12308 3671 12787 574
-30108 5080 -5484 14445 517 2191
-31664 -2148 -7816 13174 -6463 2976
-14268 1984 -4304 11035 -6267 2203
-1768 892 -3344 8085 -7478 1134
7612 5208 -4236 2897 -1878 1391
-1812 1904 -5376 -2175 -2875 320
-676 3664 -3308 -3867 -38 1134
-32768 10616 -13224 -2010 10230 2686
-32768 4424 -1376 -4639 -1342 -2526
-24900 3280 -184 -7314 3766 -3379
-13584 1972 84 -3686 -1821 -3324
-3308 -1716 560 -226 -3935 -2818
8900 -2716 -3972 1830 1301 -3868
-1868 -1100 -2484 5900 2551 -3876
-4056 -612 -14252 4042 152 -5690
-32768 -1216 -23252 8214 3711 1731
-29504 2476 -2188 12713 282 212
-25840 1456 -7404 9866 -3275 1729
-14884 1544 -3924 8719 -5423 2252
140 2608 -2852 4361 -6625 432
6300 3216 -3728 -436 -2784 -46
-996 1760 -4016 -3288 -1340 1095
148 1032 -4256 -5778 -2413 -2197
-32768 -1320 -2328 -2611 24113 8396
-32768 2296 5744 -7748 -4107 -696
-27880 -2612 -2984 -7732 4107 -192
-18148 -408 984 -3301 -1065 -504
-6788 -1332 88 2825 -4247 -710
7152 -2016 -2580 6064 -3780 -2509
624 -2096 -2600 9417 4380 -1437
-2036 -3144 -2204 12289 352 -3202
-32768 4932 -5644 9268 19808 2423
-29184 1224 -9172 18325 1456 1571
-32728 -372 -5240 13183 -3965 1939
-16256 2156 -5696 10367 457 3424
-7240 476 -2732 5289 -5269 2190
7520 6816 -4320 -834 -2648 -421
-2216 112 -3648 -3813 -1644 864
312 2204 -3928 -6493 -4287 -917
-32768 4540 -9064 -8389 17983 6172
-32768 4404 -552 -7254 -3377 -982
-22864 -1400 -5220 -9966 5627 -1356
-20796 1756 -820 -10367 2839 -3934
-5924 -688 -1612 -5722 -1196 -1807
4328 -3648 -1872 220 -1324 -299
2984 -2188 -2840 2759 1639 -2116
-1692 -2352 -1568 8169 -878 -3740
-32768 4180 -15860 8345 15230 -2977
-32768 -1924 -8960 16693 -3096 758
-31324 -420 -3616 11120 -4103 1345
-19068 -360 -5456 10903 -1700 2247
-7948 -512 -1928 6980 -5578 810
6536 3396 -5624 2258 -3772 -629
136 5208 -3396 -1815 -407 1618
1040 6608 -5796 -8828 -2825 138
-32768 1212 628 -6374 14960 11453
-32768 4584 -2720 -9081 -1457 -706
-24708 -1228 -3796 -10599 2714 -1130
-16400 1828 268 -7929 989 -1508
-4724 -1420 108 -4410 -3536 -873
8420 -2132 -3536 -927 -1756 -1684
-512 -2676 -3884 2448 347 -1689
-2192 -1088 108 5617 -3703 -3132
-32768 4852 -13636 -67 17649 -958
-25952 3656 -7268 14259 1181 1717
-30820 488 -3404 7117 -5064 842
-16496 1648 -6216 7453 -2040 1306
-8348 1656 -2364 3388 -3030 2497
4892 3400 -4660 -2345 -3991 -365
1012 4976 -3584 -6799 -1483 530
-2492 3036 -4896 -9856 -3563 -745
-32768 -7524 6456 -10713 23358 11827
-28392 748 -1100 -7430 465 -1393
-25372 1524 -2672 -11583 2521 -1009
-19416 656 584 -7632 1300 -1743
-10128 -696 736 -2664 -562 -683
-388 -1736 -1792 194 -2830 -2784
4180 -980 -3532 2938 -988 -2423
-168 -1036 -1984 5796 -1290 -2846
-32768 7004 -7220 5295 13550 -1621
-32048 -2556 -3208 11821 -2887 2409
-31140 1276 -868 6308 -1300 -599
-18236 784 -4460 6494 -1929 324
-11212 2628 -2636 2050 -609 1177
12 2584 -2516 -2733 -1506 -206
6516 4376 -5644 -8080 1935 186
-3072 1776 -5692 -11085 2047 -656
-32768 -2696 5912 -11364 19185 6656
-32768 1636 -3984 -13493 3524 1066
-28316 680 -4208 -13430 3013 -380
-21272 1848 -720 -10294 1731 -2030
-8408 -808 -1788 -5367 -2895 -2075
2980 -732 -1124 -3636 -1175 -2225
2364 -1912 -3336 -1115 1283 -2508
-2168 -2408 -720 2583 -2618 -4058
-32768 8532 -15392 -2932 16379 509
-27092 1348 -6416 9103 -2596 1260
-26208 2056 -2488 5018 -5322 -282
-17228 516 -5508 5059 -1629 1389
-6552 1972 -2988 2043 -4647 326
3708 3628 -4456 -3434 -2207 -636
3660 4000 -5336 -7721 -487 -225
-2136 1784 -6096 -11434 1334 327
-32768 7940 -1044 -16972 23782 5450
-29092 292 -4432 -17694 6696 579
-25340 1288 -3328 -18212 4210 -1893
-16932 320 -1472 -12460 704 -2510
-3648 -1988 -1380 -6700 -2228 -2947
4576 -2564 -3408 -4529 -2409 -3543
-208 -1812 -2544 202 942 -2671
-4540 1780 -12640 554 686 -3880
-32768 -2460 -15228 -1127 5727 -933
-31408 920 -3760 6800 -1534 1025
-21248 -1060 -4348 6066 -5890 1709
-14144 -1124 -3712 5211 -4204 154
-3400 1452 -2792 2779 -4134 449
6108 4944 -6596 -3576 -2039 609
120 2848 -4900 -5358 -633 1776
-4824 15392 -15320 -15973 8207 2238
-32768 14448 -10376 -8531 -12338 1299
-32764 884 -4356 -14006 3505 -1018
-21384 4804 1368 -12345 -658 -2634
-8340 -2260 -632 -6745 -3040 -1674
5632 -2912 -2444 -2935 -958 -2112
3968 -856 -3812 -1740 5438 -1226
-3072 -820 -1156 886 1127 -3133
-27692 4044 -13548 2497 7933 -3692
-32768 -3476 -4724 12204 -8232 114
-32768 1816 -4688 9073 -4072 904
-20196 -848 -7652 10450 -5586 1892
-9208 1576 -2212 7124 -5547 1479
2796 1620 -3664 4029 -5056 1102
4436 4540 -4696 -1457 -1042 368
-568 2604 -3880 -3911 -145 175
-12896 11212 -5256 -11399 10341 2239
-32768 12496 -5056 -4361 -6174 3447
-32768 1156 -3884 -11528 2031 -648
-21772 2676 956 -9102 -320 -1775
-11048 -448 -500 -4379 -753 -2005
2944 -844 -1716 -2075 -5210 -3916
6332 -2780 -3776 436 3683 -2422
1228 -1656 -28 3477 143 -11974
-3104 -2792 -10932 4628 830 -2227
-32768 -3720 -20592 3899 222 -1847
-28672 2112 -1836 11520 3093 2466
-21216 -3112 -7732 10891 -6728 661
-14900 -12 -2968 9099 -1643 894
-1400 1452 -4264 6364 -4211 1219
5056 3932 -5260 1787 -1987 879
784 1244 -4564 -290 -392 1544
-2756 9172 -14628 -7351 2843 1715
-32768 16256 -16752 -9111 1273 5240
-31268 1024 -2800 -12405 504 -580
-22368 1748 -144 -10358 1173 -877
-14960 -1008 -1688 -7531 -615 -1713
-3204 -3432 844 -2942 -4208 -2011
9112 -3212 -2868 -737 -1534 -1798
-1732 532 -4584 5321 1113 -2036
-1352 -3296 -1748 5827 -3192 -3935
-32768 2656 -22444 -2273 10298 -1646
-29056 -560 -4148 12736 2043 1729
-23772 1088 -3568 8868 -6135 305
-13072 -140 -2312 6079 -3629 2648
-3676 460 -4264 3932 -4336 2580
564 3024 -4796 35 -3813 1288
-936 1104 -2536 -2046 -4076 85
1176 448 -3896 -3269 -4445 219
-32768 5040 -6312 -10942 32767 6049
-25784 -2356 -3988 -4170 -7104 4014
-25848 612 -6040 -3771 3499 533
-13444 3448 -2204 -2291 1180 125
-10636 -1044 -2324 -152 1639 2420
-7896 -464 -2460 3086 -85 839
-5480 -652 -1468 4708 -1954 -1034
-5276 1728 -3688 5746 -2376 -3949
-9876 1288 -848 6137 -3212 -4790
-23980 1732 -6260 1591 1035 -6725
-26152 -2896 -8552 6442 -703 625
-26324 1704 -6112 8064 770 -1542
-20748 3560 -9292 5314 484 -875
-17776 2616 -5904 3992 1247 2752
-12812 664 -5304 3656 -1227 2852
-9196 1292 -5420 2330 -125 1447
-11576 2072 -4888 621 348 1157
-13996 1936 -5380 -968 -1217 1430
-16324 1352 -5108 -1666 -841 1354
-15788 988 -4356 -2044 -1088 1324
-15468 1992 -3608 -3035 -117 1361
-16300 2128 -3164 -2644 -567 1048
-14324 2020 -2984 -2123 -448 1211
-14780 2052 -2608 -2187 -485 719
-15440 2408 -2540 -1920 -146 739
-15624 1780 -2784 -1641 166 425
-14604 1920 -2328 -1155 486 228
-15164 1692 -1396 -479 449 -332
-14732 1752 -2940 -450 469 -475
-15432 1608 -2708 -124 160 -585
-15440 1072 -2536 235 456 -577
-15400 2056 -2732 -110 282 -1173
-14844 1936 -2092 343 602 -777
-15380 1864 -2456 630 1372 -966
-15464 1300 -2560 159 1857 -1039
-15936 1024 -3180 -305 1624 -805
-16532 1636 -3756 -125 -194 122
-16328 1032 -2872 -155 -955 1485
-15392 1916 -3680 -424 -2751 1645
-15328 684 -2416 81 -3015 1966
-15180 1136 -2092 965 -2528 1669
-13652 2176 -2184 2007 -2132 1481
-14688 1372 -1100 1718 -268 229
-15748 2424 -1796 2534 -448 549
-14356 1992 -1452 3143 24 -49
-14436 2612 -2368 2781 1919 334
-15340 3624 -2024 924 3143 -317
-16720 2704 -3092 -569 2097 -712
-15328 1896 -3348 -360 1374 -497
-15688 1808 -3132 -6 766 -969
-16168 1320 -2856 840 836 -886
-15924 1368 -2628 1428 -71 -1381
-15560 1496 -3228 1917 -1072 -1636
-15288 1212 -3272 2089 -1211 -1409
-15808 1120 -3160 1922 -566 -1405
-15572 628 -2812 2652 -453 -828
-15348 988 -3120 2827 -897 -712
-15300 1716 -3064 2311 -939 -375
-15496 1128 -3136 1446 -287 -103
-15280 1120 -3208 1269 -278 -82
-15968 1048 -3176 783 -136 218
-15240 1280 -2960 719 -443 194
-15528 1256 -2376 -46 198 161
