4620512 4653058 -1216587216 5 8962820 9188682
5268 15084 -556 577 -154 -507
5504 15396 212 557 -1486 -248
5924 15224 76 772 -640 -383
5716 15336 284 622 -634 -541
5960 15424 404 247 -833 -439
5988 15404 184 200 -556 -131
5596 15456 -144 247 21 137
5532 15372 -288 239 -34 215
5412 15324 -512 418 -166 177
5288 15284 -516 614 -171 85
5264 15416 -624 690 -363 -43
5156 15188 -548 935 -514 -268
4996 15172 -512 1271 -470 -299
5308 15900 -388 1706 -785 -811
5252 15612 -224 1732 -1114 -1105
5556 15232 -392 1537 -568 -804
5308 15928 -1148 1385 -20 -651
5292 15832 -1364 1199 -696 -262
5232 15336 -1552 987 -129 -21
5372 15604 -1828 759 -408 -20
5276 15600 -1804 738 -218 75
5236 15516 -1596 762 -25 522
5220 15416 -1372 827 -301 652
5040 15264 -1192 936 -99 151
5280 15144 -1256 950 -599 -523
5940 14904 -1472 1210 -509 -1009
6124 17156 -1200 1596 2299 -2592
6212 17532 -1080 1351 2104 -2547
5548 16212 -948 1396 1418 -1405
5884 14372 -460 1767 2487 -419
5328 14224 -108 1479 3502 -551
5236 14408 -700 362 1582 -1313
5216 14640 -1176 -664 -527 -1621
5636 15644 -1308 -376 -678 -1994
5968 17392 -1092 858 508 -2472
5884 20072 -916 1991 830 -3203
5944 22276 -1424 2459 2337 -3689
1908 17964 -1508 -516 -5022 -4022
1752 10400 584 -2756 -3565 -266
1060 17448 -2068 -5604 -9434 2041
3000 13804 -1516 -4699 -5693 3361
3116 12340 -528 -2132 -263 5237
2792 12760 -1456 -1407 428 4113
3148 12516 -1280 -775 -1519 3342
3604 12272 -304 746 -1600 3475
4696 14316 8 1701 21 2466
4296 16752 -72 2175 -2212 1405
4440 21072 1812 1934 -8510 353
6812 24444 756 -304 -21994 -2419
11384 17892 -848 1490 3565 -1441
3216 16292 -3232 2032 17837 2130
3128 15080 -3856 1088 10163 1468
3444 14288 -3776 -768 4297 476
3864 12008 -3296 -1464 363 1323
4460 11692 -2428 -1038 -309 1817
4932 12076 -2488 -4 1852 224
4784 13920 -2744 462 2715 -1637
4372 17336 -556 909 783 -2670
5168 23020 -1880 1215 -1146 -4012
4348 27000 -16 349 -672 -6225
5280 13500 548 -1269 -5414 -5811
3472 13800 732 -1413 -1963 1672
1364 13960 -828 -3079 -3342 3942
3456 11904 -1304 -2219 -5470 4703
3368 11280 -568 -316 1059 4732
3336 11424 -1228 631 -1358 3756
4348 12080 -396 2041 932 3025
4764 14560 -48 3019 2200 2141
5392 17172 804 4120 2362 -70
5340 20564 624 4435 -711 -2064
5844 25480 988 3372 -8827 -4248
10500 20896 1236 1189 3405 -3281
40 18512 -3432 -2251 11384 1808
3060 14112 -3308 -2155 990 4792
4980 12740 -3264 -617 1953 5708
4636 12256 -3368 232 7853 4084
3456 12140 -2492 -6 4728 1549
4364 11628 -2436 -143 639 175
5004 13144 -2220 836 2120 -885
4496 15752 -1268 1726 2502 -2810
4436 20992 -8 2383 1930 -4859
5544 22580 248 2110 -4776 -6308
5804 20608 -1116 -835 -5267 -8091
2940 12480 2076 -90 -2161 -2326
1988 14328 -756 -1795 -4348 1496
3892 14064 -992 -3666 -7942 1880
3936 11920 -1004 -2373 -5675 2745
3792 11560 -628 95 137 2937
3700 11900 -944 1518 2748 2268
3620 13100 -816 2184 3542 2069
3808 15588 -248 2716 1215 1354
4892 18784 -176 3119 -826 -79
5144 22512 104 2580 -3960 -1550
6596 22336 940 1875 -5748 -3270
9292 15664 -208 2297 1868 356
2568 17460 -2096 1076 10820 3619
4268 16448 -3304 -539 5930 2396
3764 13124 -3488 -1300 3616 1757
4340 11856 -3276 -671 2379 3047
4428 12824 -2716 302 5539 2557
3848 12656 -2232 462 4597 744
3740 12672 -2456 484 2469 -356
4884 15456 -1532 816 1497 -2322
4336 20560 -2176 1311 -1390 -3838
7776 22968 604 1730 1423 -6452
2512 18784 -560 -891 -1508 -8139
1560 14600 2304 -1290 -4011 -2190
1348 16452 -1692 -4190 -5405 821
2860 12564 -1132 -3041 -7252 678
4100 11668 -1456 -552 -1408 1563
2868 12356 -1028 1166 2071 1263
3716 12016 -836 2140 1317 740
3924 12056 -32 2657 1839 1139
3004 14756 620 2727 748 1366
3672 19724 1148 3141 -2608 670
4352 23932 580 2556 -3311 -82
5568 25664 892 1060 -7257 -1827
3884 14384 -1140 1231 8175 246
3156 15872 -3148 -1378 6179 3114
1072 14760 -3568 -2248 187 1401
3400 13104 -3268 -1620 -2446 970
4424 12480 -2852 -803 2611 1026
3540 13076 -2452 -717 2615 1332
3888 13120 -2156 -551 785 1442
4068 14224 -1780 62 -135 681
4424 18764 -72 433 -456 -1188
3828 21732 -1052 366 -3511 -2981
4108 25588 -156 -352 -3749 -4645
4708 16396 1712 -1675 -3488 -895
3036 14636 916 -3109 -4388 4477
2936 14388 -208 -4138 -5696 5818
3612 11832 -760 -4230 -8019 6142
5400 14180 1004 -3957 -9448 12315
11340 15236 1684 -3233 -2470 16651
12180 13808 800 -1024 3551 20060
11912 10996 2584 504 7040 19893
12384 10100 1136 1413 3308 19949
14584 11420 2964 2316 3204 17091
13732 9376 2028 2616 -2184 9275
15008 9648 2712 3473 -2209 4046
12308 8392 700 3166 1443 3216
10080 7552 -624 761 -2246 -1946
12904 7776 -28 -1093 -3903 -3593
11776 6416 -1344 -2943 -7037 -4565
16824 6688 -3348 -231 -4658 -3049
18396 5316 -1756 2056 -204 1105
14904 4360 296 1509 3857 2087
15328 4512 428 2228 3733 2803
15832 7244 1588 2161 3243 645
16688 12004 1492 -466 -1151 -2636
14028 10868 -980 -6389 -15304 -8513
14228 7428 -948 -5723 -20974 -6925
12264 6200 -2600 -2418 -17596 -4806
13568 5804 -6444 -973 -12399 -3897
11992 7752 -5424 1645 -15760 -3687
14012 11408 -4052 736 -9662 -1181
13000 10844 -5700 472 -11280 1537
14540 9648 -7924 869 -2169 865
12384 9748 -7372 805 1179 -226
12924 10188 -7676 307 -215 1199
10436 14176 -11980 -2540 -1249 -2952
19512 16556 -11964 -1799 -214 -3678
11948 13880 -7060 -1591 -3155 -4596
10824 11484 -7780 -2029 6959 -2786
14708 9796 -8372 -2007 1302 273
9704 10192 -6736 -3555 15913 -2583
6976 7828 -6796 -1150 18881 -9748
7812 8904 -7536 2148 28177 -12791
5880 11100 -3592 4296 18727 -12603
7928 13336 -2392 2254 7583 -12050
6400 19484 -3132 -1334 2232 -13031
5008 26308 -4128 -5330 -8389 -11778
5840 25060 -2144 -5767 -18280 -10440
8448 12964 4584 814 -1895 -794
2252 16376 -2400 -970 358 3725
4196 12052 -588 -2364 -10659 3989
5760 8760 180 -438 -7505 4314
5832 10376 -1120 825 -2959 3204
6852 12732 -2088 1213 -1758 -125
6824 13012 -908 2582 3385 -2337
6380 14484 -520 3680 3438 -1270
6620 17784 -292 3965 725 380
6572 23024 -1928 3589 -644 -784
7520 22768 -1324 2943 3473 -2014
2708 16344 -1420 3262 10921 3166
2196 17132 -3664 357 4970 2431
4808 14044 -3548 -486 3913 2212
3888 12032 -3100 291 4090 3221
4036 11924 -3164 106 1322 3158
5188 13180 -3356 -752 1332 1288
3820 12856 -3912 -1549 -378 -806
5600 14064 -2636 -1516 -1623 -1632
5228 20040 -2908 -1225 -6214 -3261
8648 24152 -1672 55 -4075 -5915
8392 19252 -1316 324 865 -7750
4580 14016 764 1249 5492 -1857
2188 15076 -1476 -1337 -3780 2143
4104 12196 -1240 -2068 -8686 3356
4416 10732 -280 -747 -3229 3188
4428 11588 -1736 -641 -4388 2146
5880 12700 -1356 481 -1098 1075
5932 14672 -1540 1485 570 583
5328 16224 -1212 1793 -2838 656
6816 19280 -888 2036 -4940 284
8280 23068 -1240 1840 -4120 -2507
13576 21748 -1492 1398 4716 -4774
328 16752 -3328 2724 18398 3324
2744 15576 -3820 1069 3576 4947
5904 12056 -3740 1004 5062 4316
3880 10660 -3520 1833 7174 3416
4316 11784 -3152 881 5468 1326
5072 13572 -3212 -1010 3946 -1451
5456 13796 -2788 -2106 -404 -2566
5464 15688 -2156 -1317 -1449 -1483
5744 19296 -2644 -1005 -4104 -623
6740 23764 -1956 -1519 -5021 -2593
5408 18940 -3204 -2841 -9538 -6112
7876 12372 644 496 -1023 -1535
3700 15368 -1816 509 955 2613
4228 13104 -1876 -774 -4680 2895
5564 11356 -1836 343 -689 2785
4708 11940 -2012 1466 1420 2853
5584 12976 -2136 1486 -331 2145
6112 14040 -2136 2228 1683 359
6864 14780 -2464 3705 -2312 1414
6568 17832 -1796 3331 -7408 3198
9072 17676 -1412 2121 -11424 1421
13296 24592 -1284 1681 -11596 -4216
4916 16760 -2996 1570 18820 -2634
2392 16980 -4216 1886 17109 -640
2760 13436 -6096 2458 9461 -602
3140 11412 -5264 3274 10078 -480
4480 11388 -3348 2313 9765 -2162
5352 12828 -2932 232 10051 -4510
4344 13788 -2320 -1925 4344 -5274
4236 14592 -1960 -2142 -4477 -3318
7356 19312 -2292 -1150 -3057 -1292
-908 24844 -3420 294 -5938 -3915
356 22940 -7056 -1333 -7387 -8228
-820 14624 2340 891 -12285 -1089
3996 13992 -56 380 198 2939
3420 12984 -1856 -1393 -4106 3850
3820 11200 -1100 -820 -2948 4050
4080 12120 -1732 -294 -216 3484
4176 13592 -1940 -698 -2045 3300
4772 13784 -1276 -401 -3780 3577
5596 14932 -1500 -35 -5203 3560
4952 16160 -1340 830 -4317 1777
6528 19464 -852 1712 -2179 -1928
5356 24704 -908 1669 453 -6017
10796 20460 -2000 2071 8838 -4757
2356 16732 -2276 2287 14653 1798
2252 15476 -3604 589 7742 3478
3200 13560 -3512 -743 4251 2855
3540 12436 -3432 -1073 3334 3045
3836 12564 -2952 -1131 206 3710
4700 12804 -3040 -1439 -50 3148
4512 14240 -3184 -1515 -1018 2013
4752 16332 -2512 -1065 -3063 -297
4812 20036 -2072 -897 -6239 -1941
6508 24288 16 -1129 -5174 -4628
7092 19848 -1648 -3268 -9881 -6697
5800 11384 1436 -1697 -5374 -838
4840 13088 -1528 -2163 -4320 2943
5480 12500 -1848 -2050 -4074 3383
4988 10784 -1240 -28 -494 3063
5236 12000 -1456 1136 811 1529
5316 11852 -1468 1198 -586 219
5524 13736 -1400 1281 -418 -436
5640 14656 -544 1828 -2545 -855
6520 17736 580 2267 -1990 -1655
6596 22724 -644 1424 -4636 -3002
8520 23788 -124 128 107 -5992
6476 17276 -1856 10 7345 -1397
4420 16092 -2068 454 8301 2981
3596 13824 -3000 772 7926 4392
3904 11892 -2908 592 6243 5121
3940 11872 -2936 597 5144 4852
4484 12740 -3072 127 3659 2312
4724 12376 -2792 3 3525 -585
4356 14232 -2492 -45 366 -1983
4176 19248 -1772 -777 -5625 -2844
5536 21060 -144 -980 -7208 -4252
5800 23552 -1644 -1786 -6829 -6580
3964 14600 1860 -87 -1733 -2839
2164 14840 -536 -564 -4082 2155
4380 12968 -516 -1201 -5613 3575
4500 10552 -768 -427 -2443 2908
4540 11708 -1116 115 -1334 2060
5268 12988 -1256 387 -1724 1384
5516 14012 -716 1338 -1138 1144
5928 14780 -268 2002 -1719 702
6224 16208 308 2198 -1789 -687
6348 20908 -288 1726 -3509 -2203
7604 24032 -600 532 -6159 -4587
8904 16652 -756 417 3387 -4372
5348 15368 -1816 1207 11940 1207
3756 15912 -2732 568 8677 3331
4136 12364 -2900 -357 4680 4011
4372 12328 -3312 -863 4461 3571
4308 13248 -3492 -1675 1799 1664
5272 12480 -2788 -1421 212 -156
5692 13476 -2160 -926 3090 -743
4612 17784 -1988 -1300 907 -737
3656 20840 -1568 -623 -6060 -80
4252 25436 -1252 -1402 -8206 -1203
5028 13892 -1132 -1531 -10190 -3124
7316 14100 1152 1468 -1296 -629
4740 15452 -1028 582 -1914 1550
5776 11752 -428 302 -4330 3368
5836 11304 -624 1290 8 3902
5212 12836 -1920 1623 1081 2756
5380 13720 -1152 3729 4179 1663
6016 13568 -756 2936 -3184 1757
7968 13084 708 1572 -1804 530
7724 17388 536 88 -1798 -3383
7700 21632 -1028 -135 -4250 -7181
10352 20044 -804 578 2501 -8819
5060 16864 -2476 2696 12006 -2236
3624 16636 -3164 1177 8271 825
6060 13620 -2512 173 8299 736
5008 12888 -2860 -353 12231 1020
3260 12732 -2976 -1111 5470 3311
4284 13132 -2880 -1224 -406 5007
4816 13212 -2600 -513 725 5223
4752 14700 -2592 76 281 3830
3428 17260 -2132 -275 -5311 700
6776 18684 628 -862 -7655 -2670
7668 23664 -1740 -2438 -7871 -6506
6916 16244 1964 -1233 -4031 -4231
5396 17684 -1280 -922 656 1310
4900 13280 -988 -738 -1126 4679
5528 9856 -1696 -143 -1585 5433
5320 10596 -1828 232 398 3489
4736 11556 -1904 382 -1077 989
5232 12512 -1084 295 -2623 -768
5236 14564 92 -361 -4211 -1835
6436 16388 -844 -423 -6278 -4421
6684 21232 -88 604 -6505 -6597
9432 25528 512 1555 -158 -7977
8548 16316 724 727 4041 -5444
6684 17548 -1916 512 14339 901
1780 15432 -1112 98 11555 4977
4520 12244 -2492 -454 3910 6900
5064 11588 -2884 -107 6068 7261
4164 12460 -2896 -317 7053 5680
4244 12552 -3096 -375 4634 3596
3736 13212 -2504 -272 1322 1778
3952 17644 -2224 -907 -5056 -79
5596 20188 -972 -899 -10251 -2259
7368 24812 -1940 -1520 -9424 -6354
7016 15656 1972 -1051 -5492 -5074
4224 15908 540 739 679 1662
5152 14176 292 -887 -5044 3695
4892 10068 -392 -498 -2324 2002
4936 10468 -1184 294 1582 -880
4988 11876 -1644 164 341 -2806
5900 13020 -1076 667 456 -2934
6164 14732 -888 1961 550 -2680
5696 15452 232 2325 -544 -2019
6448 20500 -160 2480 -1857 -1801
8212 24924 -292 2337 -3296 -3073
8700 19148 596 2594 4270 -3692
4940 16852 -1148 2084 11355 1588
3696 15936 -2440 12 7068 4980
5300 14080 -2952 -59 8846 5342
3804 12132 -3228 -36 9310 5338
3144 12292 -3168 -490 5739 5688
3720 13056 -3136 -1013 1726 4714
4748 12748 -2844 -392 740 2564
4364 14016 -2224 501 -206 -19
4768 18880 -1596 40 -5325 -2509
7416 23132 -344 -29 -7982 -5545
7472 20012 -524 -614 -4743 -7750
5928 14916 1072 427 -575 -1315
4236 16292 -1128 -1230 -4364 2996
4824 12340 -644 -1282 -5235 3543
5184 9960 -1044 -271 -1294 3048
4068 11500 -1412 52 -690 1303
4836 13612 -2344 -242 -2645 -1166
4524 14144 -1560 1332 -1536 -1386
5260 14212 -276 1375 -5332 -2342
6896 15540 1164 961 -6678 -4677
7588 19556 1644 1891 -2809 -6374
15828 25680 -112 1796 2741 -7167
12216 18192 -1256 788 11420 -4159
3740 15888 -2740 -1168 10356 2153
3188 14516 -3028 -1692 350 5800
4892 14288 -3624 -311 5493 5764
3868 13064 -3764 574 9213 4755
3112 13868 -3500 467 5221 4465
4192 12564 -2772 461 3534 4140
4336 12512 -2584 1027 2383 3678
3856 16804 -1720 324 -2456 402
5512 20312 -2296 -436 -7236 -4923
7108 27364 -1484 -1268 -4961 -9076
6192 16936 420 -1017 -2579 -6946
3708 15248 100 59 2418 2123
2904 15228 -1804 -2294 -7570 5911
4668 11420 -1388 -1455 -6529 5101
4524 10632 -1060 -31 -924 2864
4420 11976 -1440 -70 -2617 805
5652 13076 -932 423 -1207 -1155
6232 14548 -580 1709 724 -2697
5772 15208 44 2884 2693 -3808
6532 18812 604 2118 -28 -4428
7400 23852 -72 938 -4961 -3453
8288 19836 -372 815 3121 -2702
4068 16872 -1952 1118 9824 2674
3016 17012 -3188 408 5975 4275
3296 14548 -3500 -45 4127 4185
3264 11632 -3440 339 3387 3958
3576 12208 -2848 1546 3662 2058
4676 13160 -2692 1511 5695 33
4028 13336 -2488 551 3814 1102
4492 16308 -1960 -777 -2875 807
3920 19220 -1108 -1456 -7626 -1626
6936 23120 -120 -424 -5598 -3963
5296 21076 -2132 -734 -3141 -6291
5168 13284 1060 579 1538 -2041
3744 14632 -1384 -788 -703 2238
4484 12792 -1900 -1950 -4209 3783
4260 10828 -1248 -861 -1583 3468
4212 11696 -1588 -60 -500 2911
4448 12792 -1264 277 -2455 1744
5364 12656 -200 1499 -1717 433
5272 13944 516 2010 -181 -825
5868 18076 760 1680 16 -2005
6148 23644 -384 -171 -6178 -2495
7064 22688 -548 -835 -7644 -3758
7484 16716 -1324 373 4375 -1893
4780 15408 -1936 1073 7962 2213
4744 14620 -3132 1074 7910 2829
3916 14460 -3672 398 7824 1179
4140 12212 -3316 140 3635 1163
4908 11896 -2908 684 2541 1468
4324 12284 -2488 986 2551 626
5080 14196 -2040 722 1357 47
5296 17788 -1076 -611 -4933 -539
5204 20756 -576 -1375 -6922 -1229
4976 27208 -448 -2526 -6704 -2319
3356 13808 24 -3090 -9101 -2399
4928 14332 360 -801 -1402 1580
3556 14968 -1428 -1871 -5676 1082
5404 11296 -384 -878 -4274 868
5344 9728 -624 1116 -122 950
5060 11800 -1280 663 284 33
4820 13988 -528 404 -834 -1424
6000 15072 -704 1164 -1744 -1238
6012 16268 204 2166 -1479 -748
6744 19388 368 2482 -1705 -1369
7452 25320 -368 1886 -1537 -3959
6144 18516 -892 1315 5389 -4071
4984 17064 -1872 1660 12433 1059
2680 16136 -3520 806 9107 2840
3220 12596 -3208 96 5589 3208
3608 11736 -3152 -36 4148 3996
3872 12368 -3184 -640 1954 3967
4528 12264 -2916 -622 1188 3135
4568 13496 -3204 -8 1155 1377
3252 17248 -1288 -42 -1968 -1889
5712 21164 -3064 641 -1592 -4685
5508 28068 -1224 1457 -3138 -7389
5120 14108 1600 3256 5177 -6351
956 15968 -1628 561 1627 1538
2888 14972 -1248 -3427 -12852 5598
4376 11728 -1104 -2371 -10521 6145
4788 11660 -744 -1194 -4657 5210
5392 12492 -1336 -1188 -3802 4025
5256 12292 -1176 -30 -2650 3010
6324 13724 -748 1081 -907 699
6408 14524 -96 1528 -840 -1859
6152 20056 136 1035 -2321 -4172
6804 24988 -1084 -1148 -5133 -7452
8104 21124 -536 -1509 -2789 -4139
6376 14660 -892 907 5027 2398
5380 13608 -2140 2430 10390 4654
4572 13604 -3332 1977 11570 3252
3528 12688 -3536 506 7396 834
4340 11688 -3672 49 3880 244
4436 11832 -3104 298 2636 141
4244 12812 -2384 596 1106 388
4696 15552 -1632 109 -3770 422
5264 20316 -1356 -1048 -7701 -771
7100 24360 -448 -829 -5689 -2919
6028 19432 -1052 -1324 -2393 -5059
4184 14436 544 -168 -1016 381
2700 14508 -1612 -1301 -4640 3270
4476 12032 -1436 -1144 -4962 3162
5216 10916 -1372 368 -1138 3146
4340 12284 -1484 929 -1553 1906
5696 11952 -1372 1135 -2079 535
5788 14240 -388 2016 -540 -1581
5972 15756 -8 2842 673 -3071
6768 18156 244 2940 -446 -3128
8284 23752 -420 1586 -309 -4957
6676 21776 328 59 3790 -6234
4980 18012 -2188 -62 7684 1172
3944 16988 -2756 -135 6186 5721
4344 14232 -3624 30 6163 5786
3612 11668 -3784 509 7052 5065
3776 11472 -3412 531 4351 4131
4224 11852 -3476 60 3699 2553
4276 12104 -3196 -37 1483 1180
5156 14704 -2596 486 778 -1067
4612 19772 -1568 -745 -6772 -3080
6896 21412 -208 -277 -7400 -4385
6292 21808 -1180 -1164 -4918 -7203
6120 15856 724 34 1006 -2954
2320 16876 -2220 -1867 -4119 2331
3732 12548 -808 -2158 -7733 2997
5012 9964 -1240 -363 -1818 2954
4360 10768 -1328 331 -398 2318
4512 11920 -1408 166 -2144 1178
5472 14344 -968 594 -1908 -273
6164 15144 -424 1400 -1482 -1470
5340 16808 612 1435 -2732 -2261
6220 20992 -360 1621 -3652 -3300
8580 22948 -724 1070 131 -5762
5960 18340 436 567 4494 -4292
2776 17224 -2252 741 13272 -529
1772 16056 -3056 -804 6939 680
3352 12280 -3452 -1151 1322 3940
4500 11664 -3376 -308 2911 6427
4628 12168 -2896 -99 2748 6351
4744 12784 -3260 -322 2882 4282
4664 13712 -2680 -261 1352 1782
5316 16788 -1724 57 -932 -805
5284 20536 -1976 524 -8135 -2153
6848 26800 68 1649 -1410 -5225
5772 15848 2152 1682 3343 -4823
1216 16684 -372 -551 2231 1146
2976 15000 -1620 -2569 -7007 5004
3688 11884 -2456 -1772 -7284 5118
5244 11964 -500 -2228 -5339 5828
5980 10716 -552 -2259 -3952 4188
5568 11320 -92 -928 -2195 612
6696 14028 388 120 -370 -3457
6616 14092 524 908 1719 -5617
6556 17780 804 1114 331 -6030
7584 24752 -56 2799 2239 -7042
7856 24336 -664 2068 1844 -7349
6172 14572 -1248 2160 6624 34
3356 15888 -2168 1683 9318 5029
4320 14540 -2692 1445 8238 6223
3096 12612 -3560 590 5864 5584
3916 11380 -3356 14 4478 4715
3544 11100 -2512 11 2769 3946
4732 12676 -2372 -185 2264 2526
4392 16248 -1524 41 329 -390
5396 19552 -1188 -629 -5215 -2875
5364 21072 -404 -668 -5570 -4852
7004 21752 -1656 -677 -5197 -7592
6280 16668 244 217 271 -4740
2864 15952 -288 -564 -703 253
4920 14132 -852 -1972 -6734 3007
4232 10220 -596 -783 -2327 3494
4156 9756 -1024 -139 -294 2730
4112 11672 -1240 -259 -1706 1520
5296 14428 -912 281 -2461 -208
5304 14904 -160 1667 -1144 -1448
5904 15924 620 2166 -1731 -1184
6540 21960 -8 1752 -4395 -1863
7892 23952 836 1395 -4252 -5089
9884 17652 284 1000 4591 -5333
5228 18040 -2324 -876 8742 1775
4784 15052 -2332 -634 3244 5001
3700 11676 -2508 165 5455 5420
3708 11616 -3220 133 6975 4744
3968 12828 -3276 -853 3816 2996
4128 13088 -3112 -1003 1692 1190
4248 14384 -2716 -303 -1274 551
4700 17912 -1416 549 -2989 -104
4860 19656 -572 -122 -6464 -1747
4996 24968 -1328 -438 -5713 -6562
5524 15536 1720 550 -1273 -5646
2160 15340 -308 44 1425 224
2660 13416 -808 -2541 -9302 2027
5264 10636 -912 -1008 -4242 2411
4432 11500 -1484 186 -1423 1140
5228 12356 -724 194 -1901 -168
5272 12980 -44 613 -2076 -650
6172 14884 344 1328 -1574 -1008
6544 15156 724 2329 -1245 -690
6400 23120 360 2114 -1703 -1419
8112 25252 -460 1200 -1411 -4005
6896 16776 -1340 1911 8084 -1728
3952 17128 -2268 1324 9243 3168
3624 15284 -3460 141 4702 4331
3632 11996 -3756 536 5140 4730
3792 11400 -3332 1042 5751 3870
4056 12332 -3224 467 3843 1600
4412 12296 -2564 -83 2079 66
4396 13992 -2344 -143 1175 -2011
5452 17492 -1524 -461 -1596 -3515
5712 21336 -1780 -590 -5095 -3023
5384 29572 -2132 -1303 -5519 -4509
5596 14620 60 -1059 -4098 -5147
4248 14732 700 788 1900 1695
1636 14592 -664 -1831 -6658 3775
4168 10916 -284 -1364 -5148 3489
4464 11032 -628 177 -811 3014
4504 11964 -728 390 -217 2255
5124 13512 -704 562 -641 811
5564 14548 -396 946 -1013 -513
5552 14852 -268 1756 -906 -1007
6092 18632 -36 1672 -2519 -3280
6408 23212 -152 1893 -2827 -5167
9728 24704 -572 16 431 -5629
4928 16016 -348 1292 10002 2754
3424 16424 -2420 1849 9803 8252
2292 13496 -3284 388 7156 6704
3916 11896 -3212 -377 5646 4374
3784 12204 -3108 -286 4938 3611
4016 12528 -3308 -273 1855 2539
4408 12680 -2796 60 1184 493
4528 14504 -2208 541 -352 -2057
4700 18204 -1492 145 -3175 -4548
6404 22696 -332 -427 -7673 -6271
6880 22824 -1612 -210 -5216 -8730
4104 13004 1308 1234 2683 -3132
1208 16664 -1628 -1847 -5086 929
4532 13732 -284 -2122 -8681 2163
4552 10668 -140 -115 -2147 2704
4808 11228 -1080 93 -1994 3295
5328 12624 -364 228 -2384 2582
6548 12844 -444 1026 -1632 800
6348 13724 -264 2346 765 112
7040 14204 -120 3237 -486 2861
7416 19680 -228 2962 -1858 2873
9072 24520 -856 1705 -4225 -1554
6692 19332 -440 296 4052 -4670
3656 17588 -2148 -77 6617 2912
3524 16244 -3600 -372 3379 4547
4456 12600 -3544 816 5648 3790
3344 12048 -3568 1539 7879 2518
3312 12468 -3080 520 3808 13
4456 12784 -2940 -558 1443 -1731
5096 13472 -2804 -592 -610 -2567
5524 15380 -1940 150 -1308 -3391
4008 19124 -1572 -317 -5549 -4140
7724 18296 840 -1113 -8621 -5138
6668 25072 -2644 -1926 -4499 -7544
6740 14432 896 -191 -3247 -4509
3268 15000 -928 207 582 787
3424 12612 -1228 -1520 -5259 3402
4700 10764 -1496 -881 -2869 4090
4228 11416 -1232 -337 -1103 3550
5836 14132 -1632 462 -636 2776
5428 14308 -1000 1679 311 1880
5572 13664 -376 2679 1039 1539
5396 17932 92 2559 -834 664
7012 24804 -544 1471 -4541 -2137
8204 23436 -608 -667 864 -6166
4432 16908 -1140 1144 10323 2082
3284 14900 -2396 1539 10000 5352
3856 12552 -3404 691 9219 4072
2748 11536 -2980 -72 6826 2180
3940 12044 -3452 -512 4371 1236
4016 13068 -3244 -725 1931 -288
4448 13984 -3196 -476 -137 -1558
3864 14660 -1732 310 -2501 -1644
4848 18872 -1084 -141 -4809 -1286
5452 25816 -452 -53 -6523 -1768
5968 19024 -136 -208 -4935 -5861
4268 13496 1968 1086 4321 -2214
2004 17396 -1956 -2637 -7053 873
4404 12932 -100 -2820 -8955 2066
5180 10684 -68 -845 -2246 2439
4096 11432 -884 -622 -1916 1593
4916 11960 -752 -219 -1945 251
5632 13468 -564 1111 -917 -691
4976 13284 488 2234 310 -1284
6360 14192 520 2901 1556 -1303
6748 23164 60 2351 -1004 -1505
5972 24308 -360 552 -4471 -2824
5808 17324 -1012 759 0 1049
3412 16548 -800 1705 4888 4542
4192 16444 -2660 1618 8092 2987
3144 15356 -2764 868 6701 3259
3308 12696 -2372 1029 3393 4550
4172 11836 -2668 1438 4326 3476
3612 12288 -2040 546 3458 187
4256 13208 -2280 -137 2193 -1636
4876 14332 -2364 -389 -1376 -2450
4348 17908 -744 -925 -4788 -3177
5064 19512 -1268 -1198 -6804 -3563
6360 27924 -3152 -2125 -7940 -7971
5752 12804 3580 1706 4546 -5185
328 15432 -1500 50 5440 1925
1968 14980 -1708 -4490 -10403 3031
4516 11580 -920 -2978 -7972 2788
3812 12212 -896 -336 -759 2135
4040 13944 -972 497 -457 2009
4068 13392 -432 1390 221 1639
3864 13200 -332 2256 1073 1343
4528 14576 -556 2766 1135 689
5496 17544 -580 3346 -284 666
6316 23132 -948 3276 -165 -336
5252 21112 -524 2403 633 -1988
5876 15168 -1456 2043 4213 -1007
4144 12924 -1944 2213 5638 1656
3684 15736 -3176 1496 7697 2068
3208 18976 -4624 75 5396 1314
3228 16120 -4240 -283 1956 1974
4212 14632 -3472 -189 1605 3087
4280 15832 -3460 -361 2381 3200
4492 16896 -3776 -1303 -1432 2721
5180 16812 -3620 -1717 -2662 2283
5260 16196 -3336 -1633 -2978 2489
4920 15604 -2724 -1419 -2709 2789
4772 16864 -2860 -1794 -2544 1800
5460 15492 -1856 -2005 -7456 -664
6924 13632 -764 -491 -3577 -2591
6544 15280 -952 -267 2083 -4271
5128 15772 -540 -862 1886 -5778
4548 16276 -436 -1457 -3587 -6301
7364 15208 -372 -816 -1102 -5029
6476 14988 -484 459 2545 -3642
5716 15464 -588 941 3017 -2302
5168 15768 -452 1018 1421 -457
5320 15484 -324 370 736 1679
