6394080 6422530 -1217455568 5 2016004 2241866
2016 16252 -5068 350 89 125
1852 16208 -4912 330 6 71
1948 16208 -5028 320 13 152
1952 16240 -5060 304 19 77
1836 16208 -4984 331 -57 92
1848 16256 -4820 266 -56 174
2008 16172 -4992 279 -54 265
2012 16168 -4856 234 -52 218
2080 16248 -5096 294 -14 124
1988 16220 -5108 380 19 101
1948 16124 -4864 392 16 115
2016 16196 -4988 361 17 83
1908 16144 -5128 376 60 32
2020 16176 -5244 244 150 -70
1936 16240 -5124 141 252 -135
1920 16192 -5052 140 100 26
1884 16164 -5004 107 -58 158
1876 16184 -5020 197 4 151
1960 16208 -4936 308 -25 3
1964 16308 -4936 353 27 20
2008 16220 -5012 479 69 24
2056 16132 -5176 704 106 36
1732 16200 -4944 659 204 -176
2128 16644 -4348 -3563 2368 528
2356 15584 -4012 92 1114 405
1552 16036 -4744 -601 3867 -325
784 16244 -4676 634 2520 490
2504 16496 -5108 1003 1007 1131
2424 16484 -5316 109 -376 113
2628 16264 -4588 1688 -949 -808
1760 16056 -4640 1308 -525 -1146
1684 16100 -4748 1792 433 -1917
1476 16384 -5496 1493 183 -2454
1044 16228 -4944 1464 354 -3544
1572 16748 -5820 1163 -621 -4949
632 17476 -5640 984 -1397 -8279
3540 22968 -5756 2401 -2647 -11942
3960 24616 -4120 4870 -7965 -20081
14656 32767 -3708 7392 -19064 -32768
-6288 26840 -9868 -18 -3213 -22787
15968 4960 -892 1904 8629 5215
8048 6292 -608 -4104 5583 25251
1176 13552 -4092 -5545 1366 32767
-2760 23772 -5708 -5181 5083 32767
-4540 21596 -7792 -10129 6938 30958
-5636 25940 -5440 -15730 1032 28114
-8320 21920 -5384 -5814 -1323 18431
-24424 17936 -10588 -625 2239 -3705
32767 32767 2304 1423 -12053 4572
6320 22320 2752 -5554 -199 -11283
3676 17616 -10724 4937 -805 -6268
6440 16092 -4672 3692 -1791 -2662
5188 16596 -5064 1053 -1227 -3982
5528 15376 -3460 578 -642 -6781
2440 15764 -5072 4076 3172 -7106
1784 16000 -4288 3247 3835 -7321
216 16812 -4468 1612 3654 -7971
-44 16756 -3748 3502 3495 -13123
2140 20112 -4288 5611 91 -13892
2152 24296 -3476 7531 -3200 -15975
17444 32767 -4444 18925 -20450 -32768
-10136 27912 -10796 4046 -1598 -32768
22020 5136 -1644 -1485 -1199 -3188
8392 4448 -1652 -5720 5115 22014
1700 11844 -5120 -3376 -313 32767
-2160 21004 -4612 239 1278 32767
-5180 24292 -6504 -4979 3097 32767
-5124 24240 -5688 -9192 -2111 29913
-4584 27528 -4332 -11456 -1371 24180
-32768 17316 -10168 -871 14747 6096
32767 27540 8092 22912 -529 2728
8064 14908 1844 -2599 -1191 -17198
3300 12512 -8120 5451 1950 -5942
2708 17628 -2812 2241 -628 -5706
1980 15768 -3136 -8 -218 -4763
1648 15864 -3644 2534 -108 -5233
1048 16548 -3312 6984 -1801 -3940
1596 15364 -6632 3257 839 -5296
-6892 19616 -11724 1841 15650 -6133
-1828 19204 -4304 4027 -363 -12092
2156 22520 -2904 7314 295 -16481
17544 32767 -3992 16424 -12790 -26342
-8620 28180 -10776 9240 -8281 -32229
12720 26784 -5148 -11528 -19524 2742
8744 7328 -1480 -9555 -7121 9378
4216 7632 -2512 1130 2450 29732
-616 14636 -2188 5275 2230 32767
-1024 21400 -3520 963 7408 32767
-3820 24604 -7644 -7843 6189 32767
-2580 28124 -6884 -12913 6519 29694
-17624 15104 -5384 -8473 5287 18744
-20652 17012 -13616 11417 8511 -9949
32767 25456 16800 2843 -20435 7043
6304 17808 5592 -1423 5433 -14851
3060 14064 -7616 4873 5718 -6385
2328 15352 -324 3439 -2098 -1967
3620 16496 -4396 1929 -442 -1499
3112 15364 -4020 1887 -2917 -1441
4172 16216 -3504 3361 -810 -3371
3828 16940 -5892 3359 1521 -6080
2232 17280 -4864 4088 964 -7639
4452 17796 -7040 4067 1421 -13462
4432 25728 -2460 5701 -3265 -16257
10096 28124 -3200 11015 -10416 -24972
2700 28940 -3496 9935 -11108 -32768
5504 25588 -13328 -10758 -7041 -18189
9092 6272 -1908 -6489 -5160 6665
5208 4328 -1980 -5010 -2231 25901
640 14244 -4960 908 -1412 32767
-440 18836 -2220 2126 7536 32767
-6036 23588 -7832 -6525 8742 32767
-2424 26456 -9500 -12723 4377 32767
-13068 19196 -6416 -8525 846 17549
-19292 18020 -12848 15050 6248 -11813
32767 22444 32767 2008 -7833 6732
15848 15612 7932 -10999 2267 -11416
2928 16352 -9660 5661 -2314 -5436
5348 17196 -5636 4464 -2199 -2206
4640 16016 -4428 -121 -875 -3844
2924 16480 -3212 1672 72 -4637
3084 16212 -3224 2527 1502 -5010
3244 17568 -6760 3935 3055 -8103
1884 16832 -5228 3922 2303 -10864
-276 19528 -3656 5429 -142 -13609
2320 22428 -2568 8293 -48 -16278
13508 32767 -396 17406 -18269 -27047
-11656 22484 -10792 6297 -8273 -32768
16120 12188 -2440 -6704 -19407 -5010
11320 4220 -1028 -5842 -9226 16935
5104 10032 -2632 4875 2019 32767
-2112 22384 -4316 3223 7799 32767
-4764 23996 -7156 -7987 13494 31660
-3072 23680 -7576 -7597 7984 32767
-6020 26760 -5636 -15226 4751 28730
-22880 17032 -7944 -3584 1895 14875
-13976 20688 -12380 6334 8867 -15196
32767 16680 3444 31849 -6081 -32768
-13556 15236 -6900 -1988 -4348 -22451
4736 17000 -11216 4095 351 -3930
5228 16592 -2552 1296 -527 -5275
1760 16504 -4360 2482 -1307 -4334
1776 15036 -1792 2957 716 -2861
2272 15732 -5044 4170 -64 -2213
2704 16672 -5948 3633 931 -4783
2200 16588 -5344 3408 1895 -6447
736 18148 -4448 4115 730 -9066
2124 20456 -3372 6689 -543 -12758
3340 24584 -4948 7218 -6698 -16498
30220 32767 -9944 5301 -2224 -30154
-636 25696 -9688 12647 -582 -16176
10456 15524 -5136 -5029 -20068 -1014
8896 8232 -3192 -5690 -8827 14384
3740 10056 -3328 2349 1076 29461
-148 18400 -3596 421 5522 32767
-2964 22520 -6880 -5061 4503 32767
-704 25152 -6008 -6254 2753 32767
-7152 26288 -1916 -14309 1426 26582
-32768 14688 -7988 -3606 4660 12034
-19000 24688 -15828 9612 14442 -19033
-6692 21368 -264 23777 21431 -31723
-6596 17132 -3980 5098 -5984 -11862
3320 17300 -9072 6379 971 -3980
4040 15912 -3272 -692 -1023 -4642
1428 15328 -3008 3445 347 -2709
2224 16244 -4352 1958 -634 -3224
4136 15572 -5032 3508 466 -3762
3460 17144 -7260 3829 2386 -6918
472 17092 -5404 4099 2524 -11358
-1004 18880 -4192 5264 -1465 -11422
936 21692 -3008 6953 -3321 -13805
15392 30464 -3044 16333 -14651 -27157
-7312 18796 -8756 6937 -3793 -32768
15384 17412 -2856 -3700 -10171 -9415
11292 6848 -2864 -9122 -7022 8741
3172 8000 -3968 -3984 -4095 29848
-716 17784 -4776 -1225 -1582 32767
-1616 23992 -4616 -3820 2680 32767
-2716 23980 -6084 -4730 7274 32767
-6268 27720 -7280 -13962 9146 31368
-20804 21352 -4248 -9543 -2694 11989
-24372 17928 -11348 8323 8519 -14663
172 24896 -9964 6515 -6636 -32768
-10780 15164 -2308 3586 -2233 -13588
2840 17112 -5576 4553 -1339 -6421
2700 16572 -4656 1465 -1243 -3076
3140 16868 -4236 2766 -1878 -2446
2948 16068 -4592 1467 13 -3243
2372 15832 -4368 2159 633 -4040
-156 17960 -4916 3281 1139 -4217
1680 16880 -5432 2020 1172 -7129
1220 17196 -4912 3202 -331 -11692
4948 24300 -3088 4540 -2873 -14993
8984 28468 280 13688 -6720 -22047
7520 25312 -4880 3259 -22044 -32768
-3568 23376 -10824 -951 -9350 -22620
15160 4972 1340 -3865 1654 -1689
7392 6952 -6948 -3152 17441 16901
-5068 11824 -6444 -5790 788 32767
-1412 18788 -2652 -5850 -3656 32767
-996 22320 -4444 -5915 2601 32767
-3672 27812 -5424 -10246 2365 32767
-10488 24216 -8468 -7453 7662 27465
-32768 11032 -9528 4191 37 -3362
17548 31220 22700 4585 6697 -10347
5524 20848 4908 -8564 9934 -8034
5520 15800 -6980 8323 658 -6967
6556 17360 -9164 4692 -1039 -2543
3700 15484 -5600 1767 -329 -4216
2120 15820 -3312 2971 -1218 -3462
2272 15060 -3976 3755 -44 -4045
3400 13480 -5232 4072 2236 -4937
3632 17432 -6096 2803 3033 -9558
148 16348 -4296 4139 66 -10721
620 19892 -3364 5117 -504 -13633
3284 24792 -5376 8719 -7377 -14993
15064 32767 1080 8159 -19107 -32417
-21608 32767 -11144 19117 -4289 -22154
13084 4520 244 -8079 -13904 -3319
8584 5100 -3548 -7473 -5334 18337
2696 12240 -5592 2175 3223 32767
-3576 18996 -6356 40 5915 32767
-3092 22224 -3808 -4082 11008 32767
-2164 26936 -7892 -11159 6686 32767
-11820 23728 -5680 -14084 3447 25475
-32768 12360 -7224 -1760 8913 6180
27192 30448 -10664 27382 -11698 765
16080 19356 5752 -10209 51 -17220
-5828 19268 -6296 10212 3560 -4024
7988 16296 -8588 4049 -2458 -4150
2772 16136 -4992 697 1377 -3360
2112 16020 -3900 2825 -1305 -2534
2676 15672 -4428 5112 135 -4374
3608 15976 -6700 4548 1449 -4075
2680 16676 -6716 3820 2234 -7276
2548 17808 -5280 4125 234 -9748
3152 21756 -5804 5482 -1837 -14602
8044 26640 -6732 7258 -12784 -21416
11488 32767 6140 -3688 -2457 -32768
9580 30200 -10700 -2071 -4120 -18932
4884 9444 -2424 -4600 -9321 2524
6680 4404 -2460 -6922 -6684 16145
3332 10744 -4428 -1029 -1135 31599
-1944 20076 -4940 -2576 5630 32767
-2964 25048 -8036 -8159 9869 32767
-2408 24020 -8240 -8122 3181 32767
-6028 24040 -3272 -11802 -566 27522
-24216 19696 -9764 -5209 2167 8395
-22836 20256 -15876 4268 3021 -20430
32767 15020 892 31309 6366 -32768
-10796 25296 -20060 4863 1506 -3149
3140 13396 -4088 1631 1340 -8307
3296 17404 -3632 4157 1066 -3330
4984 15868 -4892 652 -146 -3750
2620 15768 -3436 2754 1157 -3815
3764 16924 -5348 2496 1067 -4390
908 16504 -4504 2481 1956 -5132
4392 16768 -5688 4849 1793 -7202
1432 17028 -7288 4463 -1439 -10042
2884 21928 -4612 6749 -1507 -14312
6324 27108 -2992 13320 -16437 -15648
14100 24972 -9184 723 -15167 -32768
-1828 24644 -12948 5609 -6807 -14452
12088 7236 -2496 -7688 -10026 -730
5736 5732 -1764 -5496 -3122 19106
3184 10936 -2780 218 125 32767
676 19164 -3212 -14 688 32767
-72 25520 -2608 -4960 4538 32767
-1196 29552 -8944 -8082 7014 32767
-14944 21284 -14228 -5186 4411 25993
-29736 14312 -13220 2281 2343 -6841
5996 32767 -17188 25934 -11258 -32768
-13644 19588 3352 -5157 3777 -9077
2012 16192 -7364 6652 -1844 -2348
3016 18752 -6136 2984 -3560 -1930
4068 16092 -5184 171 -364 -3108
3016 15572 -3152 1839 -337 -2671
2864 16500 -3368 2153 -12 -3971
3564 16348 -6240 1762 -1155 -4509
456 16808 -4828 3813 911 -6909
2640 17396 -6232 4569 1343 -8684
1308 18548 -4156 4962 842 -12596
3364 23260 -8036 7752 -2617 -12361
15380 32767 -7028 10856 -14170 -26379
-17780 32396 -11616 9078 -10967 -32768
15428 14632 -3500 -3247 -23808 -9780
10600 5652 -524 -6089 -5382 10527
3532 10264 -5028 1015 2542 28877
-240 17264 -4000 -1793 7496 32767
-572 22356 -7176 -8174 11545 32767
-624 26036 -8300 -9726 9919 32767
-9440 29740 -8768 -13339 16235 26821
-32768 18872 -13360 -4292 22997 7384
-12292 18108 -9996 13393 19801 -17334
1668 21612 -15704 10685 -742 -32768
-12140 24336 -5800 6409 -3234 -1029
3208 16736 -4500 4458 -1547 -5291
3356 16976 -3144 4728 -397 -2096
788 16220 -3908 -1222 128 -1615
2020 16436 -3464 1493 -158 -908
1372 16696 -3320 1878 196 -1684
1720 15996 -3544 3027 294 -3681
2144 16476 -3420 3312 1305 -5845
1892 20308 -1804 5264 1236 -12137
4092 24196 -2448 6836 -1956 -16999
19260 32767 2868 1019 5077 -32768
-7040 32767 -8888 8352 17494 -29341
9784 13044 -4528 -10816 17753 -7682
8092 9744 -8692 -24408 6667 7606
6352 14112 -17532 -25480 8386 20961
4372 17652 -20840 -17971 10841 28078
6808 22316 -21076 -8946 21647 32767
3052 24364 -19048 -5912 18365 32767
-60 28220 -16336 -3393 14261 27752
-16908 19516 -5756 94 2461 13865
-19940 19092 -12892 8340 7437 -7827
26568 20000 -5744 32767 26992 -32070
436 8196 7288 -6828 -4301 -18710
4548 22432 -5080 6917 -1800 -1411
2284 16876 -4972 4204 56 -3906
2308 17272 -3904 1575 -1087 -2879
960 15488 -1712 2755 304 -2527
1812 16428 -3276 3403 -56 -2228
1688 16116 -4764 3818 -366 -3806
1124 15656 -3504 3781 2094 -6149
56 16824 -3784 4056 240 -9449
1076 19408 -1812 5913 1579 -11156
3796 24244 -3964 9047 -6685 -16232
18240 32767 -4384 2271 -12191 -28993
-1084 29116 -11832 9967 -21529 -20306
16896 8688 -2440 -6966 -19387 1238
8300 4908 -1920 -4894 -2348 19698
2680 13636 -3196 1863 4665 32767
204 20792 -4360 -3958 8768 32767
-3236 24760 -8832 -6702 8909 32767
-4596 27824 -10152 -10116 8272 31702
-10268 22308 -10612 -5204 2592 21971
-24972 16648 -10344 -698 1911 -544
-13116 19432 -6584 14657 6940 -16264
-32768 30732 -20656 16149 28535 -32016
7128 13144 2248 -628 -497 -12919
460 15484 -2840 4761 -3369 -2150
3700 16424 -3736 4428 -1032 -2447
3928 16196 -6900 -596 -1205 -2811
1104 15884 -2368 3133 553 -1997
3716 16720 -4272 1926 1292 -4420
2468 16360 -4332 3942 2997 -8352
1684 17584 -6528 3699 523 -9743
2380 20540 -4592 4989 -4776 -10512
1296 22516 -4172 8126 -4469 -13022
17380 32767 -3324 20045 -21744 -29834
-12688 31388 -12356 7961 -1289 -32768
18724 9696 -4476 -3220 -18209 -7609
6416 4924 -3600 -5584 -11724 14666
2108 9488 -2924 -2564 567 28076
-800 12656 -2624 1151 8125 32767
836 18292 -3472 -2417 12682 32767
-32 26212 -5512 -6702 2841 32767
-8628 32767 -5496 -15004 110 32767
-32768 19620 -10972 -5925 10558 8064
20984 28604 3012 20434 -9751 2664
15152 20944 1468 -2291 9587 -15298
-8460 19288 -4428 7696 4395 -5750
3028 16560 -4752 3654 -557 -2810
2872 16516 -3588 1478 -1880 -2354
3460 15804 -4768 908 -1301 -2673
2720 15608 -3156 3175 -866 -2830
2620 16244 -4512 3346 -446 -3530
1780 16508 -4920 4284 56 -5404
2508 16836 -4980 4496 1954 -8969
532 18852 -5612 7587 3930 -14951
3292 25548 -4956 8158 -6253 -19241
23516 32767 692 9318 -22267 -32768
-12188 30080 -12076 5835 -5447 -18767
14820 5416 -2020 -4274 -5042 -2098
8044 7112 -2300 -1671 1590 21339
1580 12316 -3852 862 2667 32767
588 18068 -2312 -2414 5705 32767
-2392 25808 -6212 -6894 9871 32767
-4548 31720 -8368 -14116 7938 32767
-16092 22540 -11248 -11313 -2882 23451
-20596 15840 -10840 7769 2189 -7606
32767 15824 23892 14049 -9321 -10276
14488 17144 2672 -13725 -4242 -24290
1800 14780 -5220 8228 1065 -4294
8772 15900 -7612 2310 -2949 -4676
3112 16256 -5364 496 280 -4741
720 15536 -1652 2670 33 -3122
2420 16192 -4592 4029 182 -2980
3364 16236 -6148 2595 1974 -5559
1156 16476 -3772 4230 4582 -8803
984 17052 -6544 4906 4389 -13861
-2376 19216 -3352 5273 685 -15228
3764 26900 -5608 7073 -11943 -15768
21924 32767 3620 15278 -19730 -32768
-17152 32767 -14608 13967 -551 -19847
9536 7964 -3264 -9490 -8797 -1559
8224 4632 -3692 -7926 -4631 19047
4556 10496 -5100 -1498 829 32767
-1588 18584 -4980 -1047 3277 32767
-4896 28572 -8224 -3908 5263 32767
-3296 26536 -8684 -7001 1700 32767
-9856 22192 -2964 -7939 2452 25822
-27888 15160 -8344 -1743 6575 3797
-22028 21404 -11596 9187 11123 -19493
-32768 22276 -13704 30350 32767 -30188
-536 16540 -4888 6899 -6016 -12784
1340 15176 -3176 3387 -2960 -5917
3856 17040 -2780 2425 -329 -4304
2996 16624 -5576 623 -2460 -4099
2432 17080 -4412 3734 -1553 -3939
4512 16168 -5084 3072 1197 -5110
1588 15020 -6752 4592 4832 -7086
-1316 17448 -4072 4065 2799 -10475
1660 21976 -3696 4716 -711 -14752
5112 25648 -6848 9212 -6794 -17024
16064 32767 -10324 6549 -24489 -30236
-988 30368 -10064 12783 -10188 -27036
16792 11932 -4444 -8060 -19635 -1401
8360 2692 -180 -3384 646 21075
788 13188 -5952 3172 3065 32767
-848 19732 -3984 -5 7903 32767
-2152 28036 -9584 -1081 11913 32767
-4496 25876 -8532 -6461 5492 32767
-7940 25824 -3116 -10581 4705 29105
-31724 18456 -10460 -2433 5992 8117
-8752 23176 -5812 16715 13618 -23409
-32768 30916 -11772 10391 24431 -3292
10484 26364 -12932 4903 -57 -5618
3288 17520 -4788 4073 701 -6361
1808 17760 -3164 2701 1098 -3704
4688 15172 -5704 1370 -136 -4564
1144 16512 -3348 3382 2139 -5197
3092 16160 -5612 3935 1594 -5165
2368 15940 -5604 4111 1776 -7818
1984 17080 -7788 5310 -164 -10239
64 19632 -3028 6189 -2776 -12029
3756 23176 -7072 7400 -6523 -15473
16372 32767 -3236 13514 -17663 -31811
-4844 28544 -13736 7494 -6005 -32768
18880 9264 1380 -1225 -17037 -4428
11648 5872 -1848 -7281 -7608 14388
2564 11324 -4188 399 2484 32767
376 17044 -5176 -4399 5117 32767
-2528 25788 -8256 -1441 7958 32767
-2668 24084 -6560 -8222 3990 32767
-3540 31464 -5700 -12905 2538 30979
-30664 21740 -10320 -3617 5575 10565
-18576 21056 -14628 11648 7648 -21649
-32768 27100 1968 9045 20657 -32027
3608 15180 -8816 4787 -6385 -12546
-1868 18400 -2892 2771 -476 -5070
3412 15328 -280 3502 -616 -3678
3820 15688 -6080 1526 -52 -4305
2436 15768 -3012 3556 361 -4558
2284 17220 -5884 3127 2207 -4685
6636 12716 -2228 4445 5568 -6859
356 17636 -5360 4911 1848 -9951
992 20636 -1564 4419 -2834 -12750
3980 24552 -7400 7431 -4389 -16787
15208 32767 -2828 12114 -14726 -28336
4888 22524 -7560 10837 -7744 -32768
18612 11512 -2424 -3441 -16411 -6539
6552 6760 -3116 -4904 -4627 13418
1804 10644 -5472 -24 -2030 32767
-2256 18332 -4160 -859 1120 32767
-2140 24300 -5412 491 5977 32767
-1952 23832 -5736 -4981 5644 32767
-6084 23512 -1704 -10528 4283 31039
-16320 18100 -9904 -4216 8793 15512
-14800 20544 -11892 14784 8926 -18883
-20596 21856 -17328 13859 14470 -32768
-9608 11924 -13124 9027 -3202 -10646
-7100 20076 12 4592 1226 -3677
3428 16580 -2964 2619 -2441 -2651
3868 15916 -5296 1616 -2593 -2982
1672 15672 -2548 3769 -368 -3612
2000 16176 -6104 2442 64 -3974
1412 16536 -3672 4288 1823 -5966
600 17368 -5332 5214 2667 -8352
2308 19272 -7224 5728 1416 -12210
2644 23028 -2892 6570 -3732 -14995
11844 29620 2476 10781 -12900 -24972
-6812 22276 -10764 15768 -2826 -32768
5828 23400 -5760 -7087 -24622 -9182
12620 5652 -2876 -9089 -19320 7857
6488 5976 -2552 1674 345 28692
1624 16436 -3040 7406 6148 32767
244 23028 -5532 -1107 10401 32767
-3316 23876 -7416 -8740 5862 32767
-976 24836 -5036 -10998 5322 31468
-16016 22772 -6344 -7092 419 20301
-20464 16024 -12912 8821 7954 -11381
32767 23812 27532 17793 6836 -2115
9216 12456 2968 -6040 6760 -18395
11056 13340 -11236 6564 -776 -12176
612 18220 -2260 2283 68 -4540
2248 15480 -3184 1767 1287 -3779
2092 16100 -2852 2072 663 -4308
576 15340 -3900 3646 819 -4663
1164 16164 -4372 4051 388 -5097
-2444 16232 -7776 5909 830 -9718
1864 18120 -6512 5602 -2780 -11237
880 22540 -1112 4984 -2858 -13237
4448 24316 -6896 8706 -9236 -17565
9352 32767 2740 10544 -12014 -31138
460 24408 -7404 9839 -3818 -32248
20344 11728 -1100 -14648 -9880 1274
7888 1920 -1800 -11523 -9098 19852
2472 10564 -4328 1106 -1686 32767
-3124 18372 -3972 430 -2400 32767
-28 26024 -5672 -4157 2531 32767
-1492 26676 -2720 -6396 2347 32767
-7380 27808 -6340 -11864 4712 28624
-32768 19752 -9688 -3329 5913 4314
-11536 20804 -10704 9352 10014 -22043
-32768 26512 -30656 2364 17713 322
12792 16976 -10624 8060 1583 -10789
2724 13564 -2692 6251 -172 -4454
1424 15220 -2788 1792 904 -4724
3656 16072 -5676 1005 114 -3716
2728 16516 -4080 3714 208 -3203
3300 16084 -4736 1720 974 -5653
3872 16176 -3988 2534 -2134 -7287
1104 17160 -2972 2921 -616 -10878
2444 22840 -1548 3677 -719 -15723
9212 27260 -3940 10756 -4381 -21690
7696 30144 -6620 6113 -22546 -32768
-12176 28300 -11768 2101 -15711 -21686
11592 6780 -1116 630 -5159 5288
3140 12908 -7624 8480 5164 29115
-116 16884 -3180 4645 7140 32767
-824 19812 -5340 -3810 8235 32767
-2276 21624 -6248 -6649 12478 32767
-2104 24744 -8700 -5201 14252 30371
-10264 23272 -8792 -11698 -116 22480
-25864 17716 -9876 1874 -1712 3857
-760 22468 4020 22382 -5554 -11195
-852 26360 3844 -8325 9701 -3170
-1780 13884 -11320 13341 4022 -9316
152 17076 -4148 -1835 -1637 -4714
2592 16664 -2844 546 -1386 -5020
2420 16092 -5664 2104 -1934 -2166
3852 15508 -5748 4895 -672 -2365
2864 15968 -6568 2716 1657 -7189
-724 17348 -2116 4196 3623 -8377
-100 17596 -5772 3884 3520 -10746
-708 20280 -4944 5679 -164 -12792
3168 24000 -7828 5155 -6827 -15613
21576 32767 -4684 13032 -17291 -32339
-11612 32596 -9884 6571 -3390 -30436
15508 12408 -1648 -10072 -8820 -4015
8080 4136 -1260 -6674 3577 19017
3048 10588 -4800 -1758 3594 32767
-3188 19996 -6316 -4673 2965 32767
-3208 24800 -7788 -4576 5141 32767
-3372 24008 -6536 -4099 5322 32767
-8272 30260 -5604 -9600 4163 28282
-28480 21420 -11240 -6291 2132 5328
-11108 21576 -3268 20353 5146 -23555
-32768 32767 -15660 9862 28745 -1068
3604 16856 -9060 4799 -3363 -10981
4296 16460 -4636 5765 -166 -4502
3140 14796 -1736 533 2141 -4991
2540 16332 -4292 475 -329 -3810
2300 15968 -3252 4258 345 -4487
2248 15888 -5132 3863 188 -7165
-60 15804 -3964 4045 3075 -10366
-632 17276 -5068 4326 1075 -10953
-640 20524 -2236 3863 -128 -12483
3968 24584 -8016 8241 -7020 -15399
11476 32767 3716 6836 -16231 -31559
-7684 30900 -10184 12378 -2299 -32768
18932 7964 -984 -7405 -15500 -3930
8756 3804 -764 -4644 -5839 16489
1904 10880 -5492 -595 201 32767
-3320 19044 -5252 -1110 3383 32767
-1520 23864 -7084 -1727 7444 32767
-4316 23724 -7684 -6561 4268 32767
-7148 26032 -2716 -10021 2006 31507
-29860 18880 -8820 -1492 4819 8030
-15192 22680 -12316 14065 9800 -21363
-32768 30892 -14892 9469 25306 -19086
1332 10620 -5968 5667 -6456 -14319
-1552 16076 -2788 5512 -1584 -6100
2468 15672 -1916 1736 655 -4619
2224 15648 -5236 2256 -676 -2827
2176 15796 -4000 3907 195 -4263
2300 16152 -4928 4007 982 -5268
-48 15624 -4288 4215 2049 -7294
2844 17640 -7084 4746 2093 -8717
20 19688 -3552 6296 -1291 -10563
3564 23884 -5920 7439 -7044 -15369
19416 32767 -3324 17467 -14941 -32768
-64 27544 -8280 11960 -8305 -32768
13928 15044 -2044 -9037 -21008 -640
7644 3284 -1568 -8791 -9988 13120
3784 9696 -5180 2234 1737 31879
-1268 17824 -4076 1894 6164 32767
-2636 26328 -8352 -1361 9132 32767
-4208 24204 -7852 -7178 3684 32767
-4844 28780 -4604 -9011 3486 32767
-20028 19960 -6956 -4002 2277 16434
-20716 19244 -12596 7364 8210 -15645
32767 16244 3132 17303 -16473 -32768
-9976 12716 6080 -3124 -118 -18930
552 17880 -5060 5315 1686 -5484
2044 18256 -3824 889 -4788 -3987
2552 15516 -4632 1103 -1432 -2800
4864 15644 -6428 1817 -662 -3172
1360 16264 -4336 2715 571 -2886
2940 16280 -5360 3800 -340 -3907
1340 17188 -6148 4924 5441 -9285
376 18028 -7872 6025 4767 -12661
-172 20024 -3492 5241 -1465 -12709
3496 23188 -5668 6546 -6830 -15898
17624 32767 -3872 11426 -15449 -31810
-4244 30280 -10676 11389 -1468 -32768
16236 11540 -880 -6767 -15838 -5420
9160 3556 -2296 -11964 -5389 12334
3208 9764 -5600 -1258 -356 32423
-1280 17060 -4288 -284 746 32767
-1828 25192 -6356 -861 3869 32767
-2436 24924 -6176 -5639 -68 32767
-5880 26832 -3168 -12040 1975 32596
-26900 17712 -5320 -3493 4132 9323
-8180 27632 -3420 12990 7705 -24308
-12424 31196 -5092 6526 18818 -6609
-24776 32767 -14940 2921 6798 -2731
6288 14932 -1604 2567 -2282 -3224
2756 15576 -3228 1375 -3047 -3559
3656 15820 -4840 2807 -1490 -3042
2636 16372 -4016 2952 17 -4098
1720 15600 -4504 4085 -63 -4610
1704 16324 -4900 4160 1340 -6457
2384 15436 -5320 5370 3195 -10224
1136 19660 -5184 5794 835 -13648
1676 23452 -4232 5259 -4057 -15843
19748 32512 2976 20296 -15796 -29717
-12244 22228 -13480 21802 5902 -32768
13380 13352 -944 -14799 -11432 -5023
7384 3912 -2624 -10223 -8814 15493
3816 11092 -5780 -5740 -3508 32767
-1612 17460 -5732 -2049 61 32767
-1776 24816 -7048 -4034 7570 32767
-3172 25300 -7364 -5284 5546 32767
-6716 29404 -4696 -13356 1898 31557
-32768 18208 -11052 -5774 5691 4767
-21972 22928 -14888 12558 8768 -17095
-32768 20924 -6684 16272 21267 -28400
-1732 6740 -22356 22366 -5751 -11350
-2472 21264 -8376 4466 -2660 -4659
3136 15652 -1984 1996 -147 -4128
2588 15192 -4268 1653 583 -2717
3392 15796 -4408 3533 219 -3541
1784 16952 -4316 3012 2670 -6001
1864 16660 -4828 4180 3600 -9241
876 16652 -5256 5760 2268 -10514
-1960 18768 -4776 5404 -598 -11761
2800 23736 -6708 6428 -5939 -13688
18456 30748 -1080 19667 -14554 -29435
4088 21068 -11524 14313 -9117 -32768
14672 15324 -492 -14972 -12642 -1062
8132 4900 -2204 -4966 -3586 15175
2476 11248 -4112 -269 -814 32767
-1120 17104 -3752 -248 -1043 32767
-60 23456 -5800 -2969 6795 32767
-3296 25248 -6924 -5859 8028 32767
-7180 30600 -6508 -13765 4278 32222
-29176 20220 -7664 -5915 49 8352
-21384 29012 -16188 9242 11187 -18904
-32768 26948 -13188 10005 17436 -32768
-1028 8588 -10076 11066 -4181 -9479
3196 18208 -5832 4686 -700 -7796
1788 16420 -1320 2470 1898 -4988
2964 15508 -2928 1352 -2532 -3990
3020 16560 -4980 2956 -749 -3960
2708 16416 -5408 4100 41 -5022
2160 16020 -6212 4423 2297 -6872
1488 16000 -5108 4219 2470 -9535
320 18180 -5796 3989 100 -10588
1748 22028 -5768 4903 -3359 -12678
5820 28052 1868 7346 -17833 -20864
12644 21664 1128 4185 -6402 -32768
-2024 22072 -8440 505 -256 -17728
16436 6296 -2712 -10518 -9292 3017
4964 6324 -5736 -6516 -8228 26970
-720 15712 -6024 -3890 -3828 32767
-2244 20612 -5628 274 3173 32767
-2880 22936 -8000 -4072 7908 32545
-3592 24060 -6476 -5957 4823 32767
-3740 21440 -4284 -8714 -2098 25635
-16116 18168 -4564 -3223 -3911 8893
-18576 19468 -9672 10559 6292 -13938
32767 23292 8284 7633 -17865 -32768
-5704 8256 11392 -3516 -36 -16987
4540 20716 -6560 3982 -2110 -2641
3556 18368 -3700 1905 -3634 -3269
3488 15212 -4964 1886 -1699 -2819
4036 15796 -5952 3971 -1183 -3732
2496 16960 -5120 3088 1439 -5506
2396 16112 -5444 3453 3021 -6868
932 17100 -3868 2870 4255 -9743
-664 17480 -4556 3866 2267 -11259
2396 24412 -4568 5694 -4373 -12892
4828 26316 -5420 7911 -14325 -18448
19728 32767 -3268 3881 -11774 -31896
788 26832 -12436 3347 -7744 -11459
10960 6864 -4056 -10280 -10791 1999
5876 2520 -2044 -6316 -4449 21754
1692 13408 -5352 -206 149 32767
-1440 18556 -4428 774 4478 32767
-2992 23656 -7020 -4717 4551 32767
-956 26576 -5464 -6809 4266 32767
-6792 22524 -3764 -10047 4552 25639
-31552 19200 -10452 -2344 6268 5346
-19044 26332 -16076 5866 10511 -19307
-15012 25120 -29080 24886 16098 -32768
-3508 17672 -3208 -2129 -7050 -16074
964 16576 -5568 6099 -1746 -6275
2232 16248 592 2834 -1192 -4540
4304 15520 -6348 1035 -1718 -3739
44 15948 -2312 3367 -895 -4463
2096 17516 -4536 3626 346 -5454
1012 15488 -5520 4348 2671 -5351
728 17712 -6612 4182 3210 -9022
520 18704 -3888 4146 -284 -9769
2684 22916 -4292 6342 -3788 -15592
15288 31996 -728 15334 -14160 -28164
-8188 18628 -6824 9784 -7318 -32768
13080 14320 -3176 -6614 -18064 -8670
10576 4700 -2772 -8276 -7492 11063
4224 8752 -3928 640 -3136 28557
-576 16120 -3120 155 717 32767
-1544 22688 -6496 1111 7409 32767
-2132 22212 -6172 -7397 5846 32767
-2028 25224 -4636 -7230 5811 32533
-7904 22352 -6784 -7840 1384 21999
-26188 17180 -10712 7260 6167 -5628
32767 21272 32112 12657 -2297 18277
9824 16764 9540 -7004 4721 -17439
6636 18860 -5944 8001 2300 -7799
52 18536 -3880 3255 -600 -5138
152 16036 -2116 997 219 -4323
2672 15560 -6256 2693 -433 -3111
1064 16056 -3464 3982 1381 -4266
1900 16156 -5492 3605 2646 -5867
752 16092 -4696 4104 1583 -9041
-520 17452 -5580 4460 398 -10021
984 21120 -3096 5245 -1801 -11913
5272 26856 -6416 9113 -11724 -18174
10164 32767 4324 216 -15938 -32768
4460 31216 -16352 -2286 -1058 -12174
10552 6240 44 -3252 -13721 -1837
14776 -1908 -4892 78 710 22401
2020 12660 -3172 1971 293 32767
-488 19380 -3148 2845 7688 32767
-1916 25128 -8600 -6789 9535 32767
-2136 25960 -6332 -7205 6115 32767
-8900 26560 -7100 -11868 1496 26968
-32768 18644 -9172 -2707 6761 7350
-8704 23588 -4808 14791 6735 -20133
-30688 29600 -11092 12631 24890 -2300
-3696 25748 -8676 7268 5235 -8107
2412 15944 -3768 3346 -92 -4031
1888 15316 -1388 -281 -1536 -3274
3132 16080 -5180 1585 -1032 -2300
3248 15780 -4412 5180 -339 -3494
4188 15968 -6592 4753 1611 -5295
2704 18300 -7484 -1819 8965 -8955
3680 14040 -2496 6251 6478 -8373
4344 23044 -6100 6720 -2962 -10764
3588 24920 -6316 9420 -11958 -16372
15552 32767 2076 5722 -15191 -32768
-15780 30284 -16068 9514 -2311 -22597
13556 12216 -2900 -6675 -12452 -2326
7480 3216 -1504 -5744 -2310 18150
3916 10100 -5244 -949 -125 32545
72 17984 -5080 111 2733 32767
-1680 25412 -8840 -5089 7583 32767
-1692 26388 -5736 -4553 5218 32767
-7532 31556 -8032 -11841 2224 27266
-32768 21580 -10912 -1442 3938 5703
3488 27856 8292 7319 3535 -14946
-6504 30144 -5804 -22 15200 -2673
7980 12972 -4632 4943 -548 -9788
1388 16328 -2328 5610 -312 -3890
1956 16208 -4044 496 -432 -3893
2944 15988 -4088 817 -256 -3225
1972 16152 -2856 2930 1385 -3950
3928 16744 -5784 2661 843 -4387
392 17200 -3964 2335 -3347 -6738
948 17492 -5184 3207 -1704 -9811
3360 22992 -1200 5455 -1377 -13973
6628 25912 -5216 8053 -8905 -20274
13888 32767 -7440 8869 -9694 -32768
-6144 27036 -14412 2718 -8217 -19015
10956 6400 -3312 -3502 2843 1160
6100 6244 -4424 1704 4168 22575
528 12192 -2024 -3660 -2404 32767
-1432 19188 -2604 -2706 -2387 32767
-2724 26900 -6300 -7462 1736 32767
-1932 29308 -5904 -8933 6996 32767
-10996 22848 -6604 -8444 -623 23257
-32768 16856 -9592 -2448 1220 -118
-14364 18756 -8636 8680 9897 -16841
-32768 32767 -18064 7882 32767 -8000
6796 12768 -9236 9384 -4551 -13166
-764 15648 -1748 5153 -3111 -4379
3420 16004 -3456 834 -1460 -4218
2704 15956 -6896 1822 -794 -3415
2624 14804 -3752 2787 135 -4098
2840 15992 -5696 2394 1714 -5386
1628 17136 -4384 1901 2969 -8488
-916 16820 -4368 3701 2807 -11996
-2452 19656 -5564 4604 -173 -13201
1960 23328 -3468 5899 -3097 -16397
18028 32767 -5124 16817 -10797 -27622
-1876 29612 -11460 12758 -4460 -30843
20476 13952 -3228 -9554 -16685 -7098
6968 3144 -436 -11903 -5305 13962
2032 15700 -8440 -1553 2135 32767
-2368 17456 -4236 1747 1412 32767
-1020 25124 -7424 584 2314 32767
-5324 22888 -4232 -3164 1234 32767
-3720 26876 -3508 -9624 5870 29741
-21384 18748 -7500 -5056 2292 14519
-18532 18644 -14372 11061 4964 -12724
32767 14816 8680 22652 -9033 -22165
1944 13568 2908 -9936 2052 -23029
-3968 17036 -640 4726 2718 -6814
3040 17556 -3572 2888 -2354 -1816
3660 15388 -5364 1659 -2276 -2134
3224 15684 -4224 2057 -1063 -3164
2560 17368 -4220 4811 2127 -5043
2344 17036 -6012 2962 2370 -7449
336 16392 -4496 4859 1859 -9251
156 17048 -5032 4597 1067 -11655
1456 21952 -4188 5321 -4140 -13450
3368 25072 -7292 7168 -9446 -16663
16260 32767 -252 13016 -15480 -27892
-7004 23796 -9468 5602 -10689 -28562
17548 9740 -1704 -9231 -14145 -6828
8884 1672 -1448 -2597 -2001 16448
2540 7016 -1376 5814 9878 32767
-3132 17416 -3892 -1396 2932 32767
-2200 22680 -7212 -3808 3557 32767
-360 23988 -4704 -3418 5157 32767
-5844 30632 -4388 -10667 6080 28615
-29296 18748 -5172 -6012 5681 8327
-18416 18564 -5952 10241 -208 -20358
-14704 32592 -9860 7702 13912 3812
648 14952 -5520 4480 2726 -8732
3380 16240 -2492 4956 -1738 -3712
1576 16164 -3036 335 -900 -2912
4128 15232 -4332 1163 -2412 -2195
2780 16240 -4908 2827 360 -3108
4896 15608 -4140 3920 534 -4962
1868 16272 -5736 4608 6318 -9823
-736 16616 -5224 4894 2038 -10688
-2520 19548 -2308 4748 -451 -13001
2000 23952 -6276 4421 -6588 -18324
20584 32767 388 15812 -15908 -32768
-18288 26940 -10876 8471 -70 -32768
18184 5956 288 -7140 -9486 -1385
8484 4384 -852 -4844 -3495 17157
2320 12888 -3996 -2103 -1716 32016
-780 18336 -4548 -321 -1753 32767
872 24104 -5204 -3594 4870 32767
-2664 27092 -5728 -3779 6842 32767
-7656 26184 -6272 -15721 2876 26376
-28796 16148 -5684 -1390 2928 9089
-7676 16940 -9876 15774 11147 -23646
-32768 32084 -11696 8903 25448 -5561
5216 24056 -9876 3428 856 -3854
6352 17144 -5448 6341 -1800 -3759
1628 17080 -2932 1455 92 -4295
3464 16060 -3316 1038 -806 -4565
1512 16120 -3796 3360 1838 -5041
2292 16288 -5008 3084 1410 -5096
1708 16496 -5284 1459 -4154 -5808
1104 15792 -3932 4369 2019 -10036
1908 21152 -4812 6020 -2479 -14300
1164 25028 -5848 4319 -6495 -17282
21672 32767 -2652 20372 -10146 -32768
7700 21436 -7536 -603 -10266 -28818
12528 -276 1028 -732 -9425 2174
10304 2748 -1404 3157 1470 24131
888 15700 -4708 4130 1643 32767
-200 19164 -4444 -2415 1087 32767
-1916 24444 -7008 -5844 3860 32767
-2112 25448 -5980 -6708 7880 31202
-9004 21624 -4680 -11819 3707 25083
-24056 18280 -7272 -3084 3809 5177
-9276 25960 -10404 18515 14324 -20172
-30588 30376 -4772 2829 18330 -1538
-732 24540 -14224 9493 3032 -5994
4168 15848 -4436 4626 390 -4920
1956 16692 -4036 789 -999 -4489
2696 16216 -4848 1015 28 -3724
1688 16496 -2380 2807 472 -3931
3008 15892 -6012 3376 3128 -5961
1144 15900 -3016 3863 2366 -8390
336 16920 -4700 5050 2524 -11570
-1104 22328 -2196 4875 1113 -12217
4836 25956 -8604 6710 -6730 -17487
21200 32767 -2584 17785 -19401 -32768
-2412 24924 -10524 4941 -12375 -27834
19236 4796 788 -9140 -14625 -4153
10216 832 -1144 966 -1 21513
2112 11128 -3252 5986 458 32767
-2340 21496 -2936 387 1293 32767
1292 25528 -5644 -4455 6111 32767
-4916 30820 -5336 -5681 9939 32767
-8840 20640 -8132 -7490 4803 29877
-28176 13892 -10064 -194 4017 941
-1460 23212 -2528 15373 9714 -16601
-15296 30376 7580 -6602 17158 -4115
-3624 30972 -6600 7483 3110 -9696
2396 17780 -4716 3252 -2799 -3416
4928 16068 -5032 2785 -2061 -4078
3596 16428 -7008 2721 -1688 -4117
1852 16832 -3708 3720 1664 -5209
2808 15816 -5248 3109 2550 -4932
580 16908 -5144 4357 3588 -6670
1196 17296 -5444 4892 1242 -9147
-1348 22268 -3332 4299 -1639 -12399
2828 22844 -6624 6246 -6435 -17701
15032 32767 -952 16660 -16462 -32768
-8128 28052 -9204 5241 -4366 -26625
13244 10904 -2728 -5613 -20452 -5616
7584 3356 -2780 -7412 -13493 13638
1468 8680 -4056 3599 -5248 29639
-376 16444 -2660 5627 788 32767
-792 22324 -5868 724 7652 32767
-1712 25552 -7172 -4273 4265 32767
-3332 32767 -12556 -13378 5517 31526
-30408 18280 -8644 -4096 -5925 8551
-5656 25648 -3120 20750 5829 -19337
-32768 32040 -9412 15380 32767 2460
-3068 18668 -2740 1527 6207 -7888
2324 16408 -3012 5176 -1713 -3407
2864 16500 -5248 2712 -447 -3464
3896 15844 -6504 1680 -375 -3530
1872 16192 -4332 3104 967 -4025
1088 16368 -4912 1763 -756 -3869
1724 16672 -6288 1974 1507 -5581
68 15784 -4660 3406 4012 -8068
3452 21240 -5368 4883 -1935 -12149
3248 23128 -5272 5224 -5408 -15251
21684 32767 -5068 9645 -12368 -32740
-2984 32767 -13616 7857 -2465 -29994
16584 10200 -2920 -4263 -18959 -3652
11096 5912 -2020 -5056 -6334 15591
4244 10956 -3436 -2185 3129 31766
424 19152 -5468 -4479 12957 32767
1012 24168 -11416 -11444 18785 32767
100 26408 -13400 -8550 23568 32767
-10052 24048 -15220 -8151 26385 22731
-26156 14856 -16644 663 14695 3780
4840 30968 14076 14886 24601 -15372
-22524 31372 -5780 691 5771 -7949
8772 16360 -8260 7319 -3240 -5604
1204 18160 -2372 5480 343 -5327
676 17708 -3548 171 743 -4026
1740 15608 -1100 -149 1664 -3903
472 15520 -428 902 1527 -4056
936 16868 -2012 1095 2009 -5549
-164 16580 -1312 505 1544 -6806
-2004 17448 -176 1071 2920 -10606
-52 19952 604 599 1978 -12705
2400 24252 -936 3213 1231 -17914
14660 31756 1208 -5698 -11976 -30205
1320 29684 -5772 -10593 15356 -26360
11480 8768 -6544 -5471 15445 -1240
3264 7216 -6060 -5858 3594 17499
1688 12960 -9016 -7815 -4343 31666
-2404 19556 -9592 -3202 -391 32767
-1512 24896 -9968 -2765 20388 32767
-4648 26984 -13352 -873 23799 32767
-6772 22732 -10624 -6419 9633 26838
-10064 17540 -5120 -1715 905 16737
-16736 19208 -7072 3050 8233 -3182
-10560 22060 -8772 14208 11604 -20304
-32768 32767 -8512 8886 16658 -11385
3136 12720 -5412 6770 -2113 -7893
1272 17168 -2908 9037 -454 -4599
3528 17564 -3228 1731 1184 -4054
2940 15680 -4344 1320 684 -3172
2484 15628 -3816 4165 1644 -3694
860 16696 -3828 2854 1216 -5489
152 16412 -3340 3381 631 -7242
-840 15748 -3600 3294 1305 -9696
-2028 18244 -5780 5108 2413 -11133
-936 21056 -124 4298 -502 -12555
5000 25932 -1300 8517 -11250 -13354
15024 25792 -5296 621 -12954 -32768
15340 30100 -7220 -1915 -17907 -13484
8220 10292 -3268 -7302 -8200 970
5724 5284 -2152 -1386 -1723 17651
-456 12716 -2528 -558 -483 31003
-836 19356 -2416 2375 2021 32767
-1288 23752 -4680 -3476 9076 32767
-2060 25960 -5948 -7530 10739 32767
-8332 23884 -6984 -13901 7622 25624
-30896 16860 -6856 -3875 1630 4548
-11436 13360 -6708 12285 3179 -18374
-32768 28608 -12596 10270 14749 -11485
10748 15148 -16724 11933 -402 -5220
-1044 17196 -4224 3335 -661 -5818
820 17856 -1420 55 -162 -3947
2972 15920 -4224 495 -1100 -2473
3008 15352 -2068 3429 1019 -3457
3024 16104 -5316 3481 1622 -5396
1576 16344 -3892 3684 2954 -9033
460 16688 -4500 4659 1629 -10602
-1996 20464 -4072 4252 2419 -12063
1244 22764 -4716 4418 -1872 -14392
16448 32767 1036 13099 -12723 -23645
-7680 21712 -6372 12207 -8423 -32768
9984 17312 -3236 -3553 -12661 2112
7840 7900 -1628 -7361 -4299 10810
2692 12560 -4404 1514 961 27829
-776 15096 -4088 -3697 -737 32767
1248 20840 -3852 -633 3526 32767
-1448 22404 -5160 -5706 5564 32767
-5904 25824 -5216 -13323 3277 30280
-14404 19972 -4372 -4266 -718 16484
-19180 23456 -13136 9959 4085 -14089
-28972 32256 -16756 12614 10770 -32768
-168 6608 -12116 1195 1465 -8600
-312 16756 -1920 4544 -1258 -3844
3688 18600 -4416 1145 1827 -3834
2552 16668 -3964 761 -330 -5189
924 16616 -1284 3657 435 -4597
1468 16348 -4048 2381 -659 -4743
1952 16800 -4036 2094 -599 -4500
2116 16456 -5976 3040 666 -8721
1156 18052 -3960 3549 -1227 -12371
1484 23528 -168 3930 -3592 -15771
13132 32767 -2832 10714 -14056 -21986
-9920 26592 -9676 12332 -7824 -32768
14840 8644 -692 -76 -19517 -10817
9688 4224 -424 46 -1815 13205
2888 7392 512 10322 7304 28853
-1408 16276 -432 1448 4365 32767
-356 21664 -3796 -3316 10841 32767
16 23400 -4432 -4992 12947 32758
-6900 25676 -7164 -16677 7165 26691
-14448 19184 -6140 -5015 -9128 15365
-19540 17608 -7688 510 3445 -3830
32767 20408 9604 26727 472 -14122
4168 18184 2956 -10781 1147 -22180
2512 13376 -5932 5619 1908 -6903
4504 18492 -7224 1945 -1259 -2246
4056 15480 -5028 1161 -291 -3716
2904 15736 -2228 1586 -1889 -3391
1496 17276 -2880 2929 885 -4379
4132 16244 -5944 4125 827 -4992
576 16544 -4696 3799 1044 -8325
2624 17068 -6864 3566 -1559 -9486
2200 21132 -2292 4718 -2535 -12116
4048 23424 -5824 6078 -5772 -17928
18244 32767 -5492 10489 -15002 -32768
-13392 26372 -3336 17258 -11152 -32768
5588 11968 -848 -1972 -13727 -9454
2644 5084 -6980 -4064 2282 15921
2648 7140 -2004 914 4776 32767
-132 15584 -440 -3255 2750 32767
1008 21576 -4808 -6032 7454 32767
-2696 28024 -6304 -8368 5539 32767
-7580 25308 -11024 -9776 5329 28111
-20656 21336 -4120 -2410 2956 7657
-25452 19472 -13372 4376 9767 -15588
11604 21372 -6584 19598 -8818 -32768
-23452 22092 -13328 13723 5372 -3806
3584 16064 -4588 1772 -457 -3599
3096 15996 -2188 3911 -1747 -2954
1444 15520 -4248 637 -2326 -2812
2888 16120 -4024 1718 -477 -3260
1296 16008 -4196 2308 -860 -3317
1704 16632 -4708 2551 2591 -6383
108 17044 -4388 3543 3429 -9340
3308 19680 -2308 3530 3825 -12404
2840 22168 -1884 4665 244 -15809
13100 32692 -2812 14526 -11140 -26620
-8632 31180 -2500 8306 -5410 -32768
196 23520 -9384 -9875 -13131 -8027
6672 5372 -2456 -5743 -7250 9378
3856 9824 -4452 -1197 -3382 29577
-452 15484 -3184 -1680 -2277 32767
696 20920 -3852 -113 1592 32767
-544 25472 -6020 -2678 6121 32767
-3452 29732 -4536 -10050 5307 32767
-19744 20280 -5480 -4900 599 16571
-14036 19032 -8852 12615 8126 -16518
-10168 23680 -10496 16280 10431 -32768
-6640 6420 -7428 2965 2658 -13650
1672 13792 -3396 4793 -2072 -7597
2892 17080 -3856 2598 -2445 -2978
3284 16092 -4600 -180 -622 -3027
3852 15180 -4596 2444 923 -4282
2040 15892 -3928 3055 2117 -5734
1388 16812 -2876 4249 2904 -8684
-236 16340 -5100 4211 766 -10333
-1232 18872 -3128 5233 -334 -12425
2548 22376 -3196 4508 -119 -14791
14016 31024 476 12955 -15011 -23390
-5132 21308 -3860 14211 -10494 -32768
5820 20960 -3852 -190 -15371 -704
5492 5936 -1612 -3005 -10029 10461
4372 7992 -2860 2745 -2346 29428
-1336 14920 -2328 959 1892 32767
-1148 22412 -4820 1683 8107 32767
-2924 22692 -5320 -7531 6979 32767
-3924 27940 -4688 -10929 6556 32767
-1832 20984 -7620 -1565 5007 19632
-19308 18320 -14208 8880 5152 -11378
7652 32767 -19580 17626 -76 -32768
-804 16104 -8672 -965 -7705 -14512
-812 15568 -2356 4430 -3608 -6726
3228 18488 -272 1794 -2342 -2953
4000 16228 -5520 -283 -1198 -3107
2464 15068 -4704 3592 305 -4048
2432 16636 -3888 3940 2476 -5390
1344 16740 -3412 3863 4399 -8412
1148 17016 -5404 5623 5170 -11674
-1732 19008 -3556 3474 -741 -13070
1268 24156 -2440 4143 -2192 -15914
16840 32767 -3868 14308 -24957 -20733
-6416 30160 -7764 12070 -3512 -32768
21720 10440 2264 -9757 -17325 -769
5936 6764 -1072 -2896 -4630 17446
2360 12932 -2900 877 -563 31411
-972 17668 -4392 -4340 -54 32767
368 21568 -5564 -1553 8367 32767
-1568 25732 -6408 -4901 9728 32767
-7088 28248 -7044 -14394 2445 27441
-20628 26276 -5624 -7061 -539 12305
-17976 22276 -12008 9365 12673 -17132
32767 15400 -7884 31000 4846 -32768
-12284 32592 -21964 327 -1293 -7626
2908 17408 -4452 4277 1625 -4952
3244 16804 -1460 5757 -1261 -3031
3520 16320 -3348 -415 -1117 -4081
1296 15484 -2440 3742 -77 -4424
2712 17916 -5860 3032 2646 -5459
4364 15092 -4140 3933 1382 -9868
-1008 17184 -4416 5365 -97 -9052
564 19584 -2940 5735 -484 -13135
3024 23524 -5336 5976 -3487 -16934
18308 32767 -752 10854 -15862 -32768
-6440 32767 -21452 6849 2994 -32768
20976 11280 432 -8079 -20608 319
8860 7768 -3096 -4680 -3603 15567
84 10352 -3260 759 -490 32391
-972 17408 -764 -3521 -4518 32767
392 21300 -4040 -4719 1970 32767
-1036 23900 -3552 -6841 3288 32767
-10916 29780 -2916 -14747 5591 29518
-26776 18068 -13100 -331 7646 19167
-5288 23076 -2848 12625 8659 -24696
-13952 32767 -4692 3759 21349 1424
-2024 16348 -19508 23984 4226 -7844
-564 15284 -6840 6696 -2045 -4071
2244 16136 -1168 549 23 -4217
1032 16040 -2744 1654 -412 -2878
2072 15588 -2380 2923 941 -3838
1512 17072 -5208 2923 1668 -4838
808 16788 -3524 2891 -589 -5423
1384 16504 -4488 4293 1773 -9410
-76 18708 -3408 6068 1020 -13882
2140 24368 -2244 4461 -3829 -17021
16624 32767 -868 11388 -21380 -29675
11636 28820 -5760 7380 -9851 -32768
-18256 22228 -10160 -16458 -7153 1
928 4980 -1792 -1458 -5845 17237
4948 7604 -444 2201 -4183 32767
-2428 19644 -1396 2786 -1483 32767
-904 21800 -3404 1212 6183 32767
-4040 27260 -5212 -4204 5847 32767
-7008 26624 -6188 -11796 6280 28668
-21672 24484 -9688 -5994 3442 14438
-3632 18288 -5628 18907 14405 -23435
-29716 32348 -12868 12796 24199 -2694
-2656 21792 -17412 16449 3185 -2890
3336 16896 -4608 4487 -1453 -5686
1224 17368 -3140 903 -2554 -2752
3948 15380 -4252 1969 -1111 -3469
1968 16196 -3140 2020 805 -4256
2448 16080 -4140 2939 142 -4385
-1208 15964 -4828 3288 1353 -7811
1612 17196 -5692 4322 2048 -9022
-372 18004 -3648 4968 212 -11390
1756 21488 -5060 5370 249 -13457
9964 27368 -5040 13406 -12100 -18991
-3192 20288 -5872 9475 -7634 -32768
8676 22236 -4544 -4169 -21327 -15127
10584 6856 316 -8802 -8945 6205
3324 8524 -3028 -2168 -3493 26863
-804 17004 -1964 -1033 -2256 32767
-132 23720 -4128 -1727 3430 32767
-1828 23116 -4552 -8212 5881 32767
-1768 27372 -7124 -8187 14529 30247
-16272 18592 -10016 -8942 13255 16980
-28080 12828 -15252 6494 15831 -4584
32767 7180 25884 32767 13042 -17145
5416 14864 6152 -14542 -12236 -24670
8068 15600 -5820 6112 -2595 -7765
3292 18384 -4464 863 -1719 -5852
1552 15988 -3364 -455 1264 -3976
392 15740 -1752 1828 1760 -2902
2004 16664 -1724 2217 35 -2434
1404 16068 -3680 2097 2028 -4403
-1208 13808 -1504 4294 3052 -10072
-1920 18804 -2288 2183 98 -9129
1116 22664 2636 2707 553 -14267
6868 27932 2952 6026 -3383 -21501
11860 19160 -2684 3239 11175 -32768
14624 19476 -1808 -17199 11219 -9177
10028 9832 -4704 -20076 7553 6044
4224 13764 -10168 -17636 10773 23096
3624 18928 -18488 -19847 15424 28850
1008 22892 -22888 -10893 25227 30599
-1884 22680 -19424 -7194 21841 32767
-756 22920 -12224 -4756 14023 32767
-3224 25184 -8344 -6503 2748 27890
-20648 17400 -9856 -875 -6838 12993
-8804 24952 -4464 18551 1027 -11248
-23248 29008 -15484 15198 13121 -32768
-12976 19896 -6712 5296 3133 -6036
2652 18164 -3284 3873 -4472 -1770
3556 17128 -2964 2981 -3190 -3251
3308 14988 -3188 1316 -3450 -4161
2596 15944 -3924 2182 2080 -4497
896 16368 -1528 2018 1683 -4913
1792 16532 -4068 2876 3774 -7156
1452 15928 -4080 4379 2751 -10227
-652 19000 -1588 4586 745 -13150
3208 24064 -4296 2845 -392 -15425
7028 29464 -2604 7361 -10257 -19072
-376 16276 -4836 11849 -7223 -32768
11368 16932 -2188 -7446 -17639 -11721
10996 4736 -1560 -6405 -9631 10027
6596 9104 -4348 1159 -336 31323
-1892 18136 -2984 2556 1786 32767
-456 23004 -5716 3178 9151 32767
-3620 24144 -5808 -5184 10962 32767
-4816 27436 -8192 -11091 7657 27246
-15944 20140 -5404 -3062 -2260 15006
-18788 18828 -10600 6778 5966 -5633
32767 24588 16 15807 -11541 8554
9900 15988 10588 -4850 -757 -17794
-8388 25708 -9896 5892 2709 -10942
2568 17188 -2644 3425 -1243 -2653
3068 15380 -3372 100 478 -3225
2700 16412 -4992 764 -1549 -1670
2184 16336 -2552 2545 806 -2888
3236 16140 -5236 1810 436 -3189
2600 16588 -4660 3813 822 -4813
4804 16676 -6156 6071 3863 -7989
260 19372 -2376 3601 -1466 -11535
2800 22584 -5520 4584 -4071 -14495
15952 31052 -5672 8167 -6970 -23553
-8020 24016 -3668 12017 3653 -32768
-4392 21924 -9048 -7804 1041 -30665
9904 364 -1060 -4401 -7769 3386
8868 5980 -2036 -3072 -4718 26102
2392 16840 -4680 -5209 -2716 32767
2488 19628 -3324 -2228 4904 32767
-776 25860 -5408 -5085 7641 32767
-1580 31788 -6820 -13703 6107 32767
-22116 22408 -10640 -7722 -2991 16059
-19176 23388 -18040 9680 4329 -13772
32767 5792 22168 29668 -2019 -32768
3032 15060 1332 -11102 -5089 -24734
3428 14912 -4828 453 -1142 -5214
4672 18132 -4996 1590 1281 -5409
3768 16056 -4512 336 2720 -4068
2136 15124 -1412 3576 1570 -4241
1648 16576 -3460 2163 2982 -4740
1468 16080 -3076 3051 1713 -5081
2068 16692 -4408 6098 801 -8271
1304 18204 -6920 5207 -2803 -11416
1412 22108 372 4587 -3371 -14365
7700 27900 -2832 6570 -9182 -21598
800 31320 -5228 7727 -17010 -32768
-7940 22412 -6584 891 -6427 -19324
13576 3360 -324 -3317 -7552 1589
7132 4960 -1084 -483 -2251 26224
-300 20088 -4952 -2973 -2398 32767
-2620 21880 -2860 1137 330 32767
-3440 26340 -6856 -3695 4546 32767
-5208 24152 -1344 -4508 6647 31614
-10740 22288 -5184 -8656 11242 22317
-32768 19604 -15740 -2106 14324 -6569
32767 22512 31916 9792 2573 11765
-10380 29296 6320 -5145 -5417 -10186
2148 13332 -6384 5699 -2482 -6399
3104 18540 -3300 4666 -1270 -3474
2268 16700 -5820 273 -1933 -3495
3660 15808 -4544 860 -101 -4674
976 15896 -2124 2663 701 -3612
3632 16456 -4672 3949 2213 -4851
2128 15784 -3964 4784 2833 -8278
-264 19060 -4824 4194 581 -13066
1340 22856 -860 5832 -184 -15375
9660 30036 -492 9125 -11164 -21133
2788 16828 668 6591 -12411 -32768
4840 22508 -4872 -5755 -19436 -15666
12448 7840 -1208 -8646 -11399 5969
4036 8444 -4268 687 -1261 29762
-2460 19704 -7132 1859 -2643 32767
-664 21088 -3160 -1272 141 32767
-2364 24112 -5864 -2605 2048 32298
-5868 26696 -4852 -3666 6382 28657
-13120 21752 -6776 -4797 5246 19424
-32768 15788 -12996 -538 12641 -1142
32767 19560 21420 10440 -3058 24439
19712 17944 8148 -11091 3768 -20419
-2116 17852 -1884 6515 2539 -5742
3168 17700 -3480 4433 1327 -3966
1204 16448 -1636 1188 1460 -3634
2504 15680 -4300 2876 84 -3669
2412 16656 -3528 3468 1036 -4565
2396 16524 -4904 3460 113 -5282
408 16848 -3960 4310 977 -7647
448 16880 -4560 4731 -149 -9056
1740 20624 -1936 5320 263 -13759
3956 24544 -7064 6139 -4874 -19553
13272 32767 7268 10327 -13607 -32768
-1860 31040 -4928 3046 -10301 -27770
19952 12856 -1476 -6582 -20799 -460
9260 4584 -500 -3403 -6246 22777
7572 6216 -2884 8226 5601 32767
960 19812 -3700 -277 6855 32767
-2168 25744 -7652 -3903 6705 32767
-2292 27056 -8240 -9933 2148 30922
-10164 21312 -5740 -5649 3142 22355
-31368 21240 -11660 -1308 9562 2562
-6708 19820 -976 15619 12411 -16143
-32768 32767 -10252 1650 20310 11601
10268 16896 -8396 3486 -720 -4914
7260 16536 -7152 7103 -1375 -4171
4180 17228 -3548 1715 1132 -5171
3056 16400 -2448 2685 1172 -4436
2396 16948 -3440 3884 134 -3140
2364 15768 -4100 2979 -1164 -3657
3032 16276 -4848 4430 1925 -5959
1320 17148 -3848 3933 821 -9570
1816 20488 -1364 3802 1632 -13131
4464 24884 -7084 5662 -3342 -16328
14216 32767 1028 5155 -12899 -32768
-11628 25684 -10396 11919 -4704 -32768
17824 16288 -64 -2081 -18762 -498
11744 5248 -2352 -9739 -15738 14147
4760 11548 -2996 1927 -6328 30340
-936 20708 -4392 414 2339 32767
-2408 24456 -3772 315 6407 32767
-1420 27304 -8172 -3529 4022 32767
-9368 26764 -6824 -11588 5961 30344
-23228 21964 -10124 -5404 7747 16662
-15464 19800 -10908 15638 14926 -20478
-32768 32767 -5128 8858 24848 2946
6580 19156 -8296 8204 1051 -10057
2812 16496 -5052 4693 -943 -4497
1560 17856 -1368 989 -1518 -3815
3644 16360 -4588 1509 -1054 -3618
1740 16488 -3288 3521 -926 -4105
2316 15784 -4216 3444 -384 -4381
2468 16436 -4508 5460 3874 -7834
-964 16688 -4124 4253 942 -10930
1872 21420 -3460 4648 -425 -13303
5036 24540 -6752 6252 -4361 -16396
23620 32767 -1628 3114 -5271 -29010
-16564 32767 524 4156 -7111 -27435
16268 9356 60 -3723 -16367 -2798
11012 1500 648 -3022 -7971 18648
3776 13532 -3808 -850 -1565 32767
-584 19452 -4012 -3202 2559 32767
-2956 23420 -6508 -4155 8087 32767
-956 24048 -5296 -5319 5534 30554
-19824 25500 -8236 -19204 2670 21442
-23844 17272 -7116 -1839 4444 8432
-12896 22596 -2568 9704 14871 -18583
-32768 28588 -15104 15189 17325 -2683
14064 16812 -14532 11647 5581 -9060
2492 15304 -3996 6089 2165 -5899
956 16844 -1772 2065 2700 -3852
1628 16144 -3740 798 -78 -3265
2232 15876 -1792 2682 -835 -3230
2404 15888 -3700 4214 2454 -5768
-8900 14408 -9784 256 7673 -15292
2004 17180 -5384 5086 308 -9312
-1508 17424 -2976 5117 -2433 -11205
1008 23088 -2908 4412 -1891 -15162
11740 29052 384 11841 -12520 -18952
-3964 14452 -8260 14626 -8267 -32768
22008 13216 -1432 -5091 -18144 -6270
11672 5452 -2048 -6514 -13993 13588
4900 10056 -2184 2153 -6281 30584
-1652 20328 -3600 1160 -370 32767
-1980 22696 -4752 267 7811 32767
-1116 23596 -5764 -3699 9059 31945
-5012 25116 -7668 -9312 5385 27423
-15852 20248 -7336 -3120 -5520 14374
-17596 16900 -10264 7304 972 -8275
32767 31004 20708 8184 4416 21664
5548 15432 8016 -10220 -3646 -19611
4652 17784 -8760 3830 -702 -8104
1172 17340 -3932 3901 -3802 -3532
3680 15548 -2668 670 -1173 -2826
4244 15496 -5864 2664 108 -3414
1772 17344 -2912 1554 1254 -3269
3036 15260 -5020 2560 -568 -4879
2020 16160 -5060 5605 4134 -7526
692 17016 -3428 5079 1477 -11209
-916 18620 -3188 3512 -952 -14890
2208 21528 -5128 5335 -3515 -15283
18576 32767 3540 4106 -20402 -25694
-14128 32767 -20308 7329 1676 -25935
17756 11640 -3416 -1888 -7147 -1076
8016 7196 -3900 -2505 -2634 20928
3572 13712 -4564 -606 -3199 32672
512 17520 -4336 -5005 -1335 32767
-368 23592 -6908 -3023 4939 32767
-4528 24548 -4096 -5096 5169 29655
-7800 21232 -3956 -10072 1821 27167
-24960 19120 -7864 -3653 4180 4613
-17612 23476 -12736 12761 12129 -15210
6248 28648 -14648 16010 -3764 -32768
-9880 9440 -4 -78 -3380 -11938
1860 15100 -3868 5010 1493 -3902
4356 17144 -1868 2384 -445 -3864
3640 15776 -3392 844 -47 -4030
3044 16072 -3016 3493 650 -5007
2272 15880 -3228 3225 1106 -5589
2080 16192 -4400 2633 1655 -8186
500 16924 -4164 3749 1244 -10920
1456 19912 -4088 3477 -966 -12896
2272 23496 -2280 2385 -1025 -16241
15816 32188 -5700 11210 -15071 -22096
-11120 26176 -14676 13180 -7847 -32611
15596 9212 -456 3248 -15878 -6890
11092 5912 -2124 -359 -5654 14456
3468 10180 -3020 4383 -1959 31876
984 12352 -972 9442 6455 32767
-204 22564 -5624 -2193 11150 32767
-1888 25020 -6420 -4925 13957 32705
-6588 24516 -6388 -13920 4385 26054
-20992 21744 -6144 -4672 -5099 7058
-24320 23312 -14356 6765 1073 -15967
32767 20236 -7640 24010 6128 -32768
-15832 916 1364 370 -5526 -17132
1176 14956 -5184 812 -4433 -4517
4268 16540 -3344 4237 -406 -2999
4448 16500 -7628 1175 -2226 -3526
3764 15768 -3876 1363 8 -5624
1164 16496 -3368 742 235 -4246
2236 17080 -4564 1988 2217 -6668
384 17036 -4552 3502 3128 -9436
3548 22116 -1396 4334 1174 -11973
2464 22996 -1440 7545 -46 -16720
14864 32767 -4468 3382 -8885 -28731
-18696 30572 -4312 15133 4971 -32768
21004 15184 -476 -645 -22743 -6687
15204 3236 708 -8045 -9350 12464
3324 14180 -9372 229 7786 30561
-4812 19748 -4308 -1983 4698 32767
-5516 22580 -6828 -12081 -3137 32767
-2628 21016 -3120 -7861 -1006 32767
-6444 25756 -6244 -12329 -260 27821
-22952 19824 -5056 -2412 2691 9245
-13064 21776 -8980 11008 6718 -18890
-32768 25984 -5500 7514 7346 -28335
4892 3944 -4944 3467 6976 -11966
-4268 18644 -3828 8061 1099 -4954
2016 17528 -1624 563 -1796 -3987
3912 15472 -4380 925 858 -3101
3344 16092 -4960 2616 -417 -3894
2636 16620 -4164 3477 2338 -5356
3116 16720 -5328 3658 2761 -8407
-876 16072 -2364 4727 1908 -10572
-400 16944 -5824 4852 1410 -9716
-348 18764 -3572 3715 -1388 -8620
3844 24640 -7784 6036 -5428 -15003
16968 32767 7224 4983 -13742 -30005
2536 32767 -9544 -5891 -5874 -25054
13864 16196 -4968 -6346 191 -1097
5276 8788 -5776 -4978 -3216 20916
2824 13848 -3412 -7281 -6965 30800
-1828 17852 -3476 -5983 -4109 32767
-1148 22692 -6640 -612 3928 32767
-6440 23720 -3080 -3939 672 32767
-5976 23408 -2088 -13276 -5003 25401
-26892 20888 -5464 -2412 2329 9176
-12984 27644 -10184 15120 4518 -18548
-32768 23676 -12644 5992 11664 -27471
2652 22192 -17984 11771 10219 -4317
-772 14676 40 2849 1615 -4851
2944 16452 -2048 952 -1638 -4726
2920 16068 -5620 2290 -514 -3177
3432 15844 -4060 4334 -311 -3327
1532 15984 -4392 4065 -648 -4326
3008 16976 -7120 4681 2508 -8520
1864 16864 -5800 5007 -31 -8080
1928 19444 -7876 4043 -3525 -10033
2504 22476 -3920 3366 -5501 -14285
12216 29996 -3020 9447 -20714 -25327
8492 26848 -6812 17983 -6884 -32768
15756 24164 -12184 -10951 -8363 -5722
6484 7428 -3576 -6498 -3480 15721
3936 9184 -3744 -2438 -6894 32536
-212 21616 -7396 -1019 -4641 32767
292 24504 -5544 -271 5400 32767
-4028 27564 -5156 -6465 6112 32767
-6984 21536 -4112 -10777 1659 29100
-28556 18964 -8756 -1018 607 7297
-16496 22692 -12724 4580 8202 -14390
888 23144 -15224 16492 2710 -32768
-8012 2700 -2968 1982 -4812 -13613
6104 17740 -6712 1202 1474 -6493
888 19404 -3828 891 -1041 -4280
4268 15244 -4692 1028 -971 -3537
2336 15908 -2072 5297 -1337 -3845
1420 16092 -3716 4225 -1311 -4104
1872 16180 -5068 4934 1231 -7042
4940 17772 -5276 3769 2892 -7590
-380 20848 -3324 5351 -220 -14282
4036 23368 -3624 4967 -5771 -17749
29120 27084 -656 11293 -5261 -27987
-2668 32767 -8384 6254 6976 -13613
11476 17756 -4296 -5291 -13384 2084
6216 7812 -2912 -8148 -14819 21612
4744 13712 -4464 -3951 -7204 32767
552 20292 -3904 -1000 911 32767
-1508 23852 -5408 -5873 4119 31470
-6384 27124 -9412 -12675 3232 30356
-11652 19236 -7260 -1475 1263 22443
-24588 17604 -8020 4866 9015 1805
25532 27748 2936 16394 6731 3996
3552 18576 3800 -1844 7590 -10680
-4144 21452 -4128 8931 1106 -8432
3004 16912 -2252 3142 -2094 -4435
3544 14636 -2820 130 729 -4012
2920 15560 -4384 3021 -630 -3136
1656 15528 -3356 5557 148 -4565
4220 16356 -6696 5046 2987 -7788
1060 15944 -2660 5676 2294 -8722
-636 16308 -5792 5151 580 -9874
5188 23208 -5584 5606 -4560 -13263
8340 26496 -5308 10021 -12968 -20298
8396 28308 10328 4432 -19103 -32768
25768 21992 -5032 -12437 -14826 -8702
7228 8604 -1832 -14372 -4565 9313
4252 10084 -1852 -4473 -2120 27222
1188 20896 -8984 -7355 4340 32767
-352 19984 -6656 -8463 9511 32767
-2332 25716 -10292 -8663 6139 32767
-7984 28548 -6836 -15709 -192 32439
-17272 24592 -7516 -9562 -1784 10974
-23784 17652 -15132 12511 5029 -10109
32767 14816 20024 28176 5510 -32768
-5792 14244 528 -5832 -1612 -18721
-140 15060 -3252 2774 -2238 -5888
3192 16976 -1556 1480 -2638 -3157
3912 15720 -4384 1219 -1976 -2724
3920 15552 -4484 2598 -62 -3556
2636 16432 -4284 3626 1983 -4590
2620 16376 -4036 3485 2925 -6770
964 17532 -3092 4487 2905 -9767
-2312 19124 -3144 3831 394 -13415
2292 22456 -5940 3698 -4475 -17144
12392 26240 144 13974 -13204 -20031
352 11512 -696 10297 -2589 -32768
19912 22548 -4832 -11021 -16081 -11285
12372 5964 -744 -8130 -7353 9818
3368 10600 -6080 -3963 -4103 27613
-276 17224 -6372 1101 1967 32767
-576 19580 -5380 -1705 7629 32767
-1744 24252 -7684 -5837 7020 32767
-4476 29620 -4832 -12697 785 32767
-19640 23560 -8788 -7477 -4586 19704
-20376 11492 -13156 11424 471 -11245
32767 12636 32767 -1421 -4799 -5548
5176 22720 -2856 -16683 -4395 -20705
4436 14220 -10596 3215 2216 -7306
2616 16868 -2400 2872 371 -5519
3376 16072 -4568 1172 -995 -3946
3720 15632 -4912 3568 265 -5561
1988 16492 -3220 2749 2516 -6483
1456 16388 -4088 3191 2658 -8794
724 16960 -5252 4012 682 -10115
-1952 19116 -3096 3417 -1900 -12499
560 22588 -2592 2143 -2449 -17760
10824 28232 -1444 8822 -16848 -22959
4984 22788 -4728 3036 -19311 -32768
-11312 30408 -13164 -2935 -4441 -11544
17744 544 12 -1054 -2082 8463
3248 7480 -4248 1152 3281 32675
-276 15568 -4068 5821 2958 32767
184 19128 -4160 -2562 8536 32767
-5616 24656 -6196 -3412 7985 32767
-4168 29320 -6192 -10749 1847 32767
-11460 22916 -4360 -6970 -3537 23040
-32768 18580 -10288 -3290 4615 -1207
32767 24612 -13668 19449 -10343 9626
12380 17752 9232 -12324 787 -18717
-2520 19376 -6680 626 3278 -8331
2676 17096 -3628 2604 -3058 -3378
2992 14860 -3500 1286 -1015 -4603
4068 15748 -5524 2304 -1663 -4509
3152 16744 -4780 4182 1126 -6011
2352 16396 -5504 2824 4056 -9238
-336 16384 -3832 4439 1556 -8839
1792 17936 -5136 4554 1103 -11993
-128 21200 -5072 3690 -2133 -17058
3268 23556 -2900 3920 -10266 -19161
7328 32767 4204 6676 -15796 -32768
-4796 18852 -10636 4017 -7247 -32768
6732 10312 -1124 -4402 -20217 7564
3196 5400 -764 664 -7008 19910
2432 9316 -744 5207 -3377 32767
-4476 21692 -1444 7010 -6441 32767
1100 25980 -2652 -237 1867 32767
-2384 29116 -1792 -6071 4640 32767
-8836 28568 -5348 -13950 7986 29843
-32308 17532 -8404 -7843 7203 5881
-12696 26976 -13772 9351 16351 -16284
-30164 20620 2676 32767 7735 -32768
-2604 9148 2356 8193 -3187 -10945
3364 17244 -3676 3230 -1536 -6936
3304 16536 -1028 2121 -673 -4851
2760 15424 -5256 2334 356 -4008
2596 16056 -4628 4021 704 -5043
212 17576 -3628 2884 2089 -6159
1232 16064 -4228 4063 3090 -9891
-844 16440 -4400 4976 1129 -8423
-2208 20804 -6896 6238 -943 -11328
2008 22672 -4092 3907 -2937 -13840
14988 30288 2428 13732 -21821 -24504
6128 26708 -6104 -1291 -8994 -32768
52 19064 -5012 -3907 -19857 -712
4680 6156 -980 -1066 -10539 9613
3840 9104 -2468 -255 -1047 29410
-544 16276 -3104 1572 -818 32767
-436 23916 -4492 619 2894 32767
-1588 24440 -4936 -5258 3141 32767
-2704 31700 -3388 -12699 3944 32767
-22500 21460 -9640 -5563 -3070 18610
-19740 15904 -10908 13841 4692 -15846
32767 21708 -10240 32767 2175 -32768
-11708 13608 -5924 -4375 -3049 -22322
2380 15728 -9600 4182 -2885 -7481
3844 16780 -1888 3691 -376 -5858
2404 16396 -5264 1318 1117 -5470
2024 16304 -4596 3131 1674 -7141
-1272 16048 -2700 3719 815 -6335
392 16408 -6252 3188 3830 -9051
-644 16684 -4936 4223 1889 -8514
-3464 17724 -3672 4600 -1751 -11403
704 23172 -4488 4182 -1924 -16050
17080 30332 3256 13780 -17592 -22594
11604 14424 -52 2785 -5856 -32768
-9072 8424 1068 -5463 -16218 -3290
4340 6492 -1624 -5586 -6925 13683
2420 10764 -4516 -3272 -4830 32767
-3268 17392 -4004 752 -2212 32767
-2988 25672 -6088 166 2415 32767
-2764 24332 -6376 -4785 2653 32767
-3856 29940 -3892 -10171 3340 31295
-21432 24120 -9300 -7564 1468 19742
-12996 19308 -5568 17575 12700 -16469
-32768 23556 -15992 16390 10730 -32768
-9880 14356 -16040 13127 10572 -3623
1804 17228 -2660 4350 -1666 -3581
3396 16448 -1880 295 -1626 -4494
2648 15948 -4076 1770 410 -3682
2716 15976 -3520 2842 1644 -5057
2644 16168 -3792 3365 3720 -6564
1524 16308 -4096 3034 3187 -9605
1200 15768 -4816 4649 1146 -11931
-1000 19016 -5312 4923 1684 -12906
300 24804 -4604 2165 -2052 -14826
14404 31124 1968 9833 -14397 -20403
-500 22208 1376 -4486 -1735 -32768
26236 32767 -9124 -14892 -4706 -15906
4824 -872 -604 -3854 -1307 5597
4664 7024 -4780 -4750 1504 26915
-496 14204 -5584 -2991 -667 32767
-2504 20896 -5164 -1195 1537 32767
-3180 25444 -8120 -3590 6135 32767
448 30544 -6060 -5507 5883 32767
-17716 24572 -7876 -3944 -254 23474
-23936 11764 -16804 9429 9994 -14275
-19076 32767 -9500 10230 4100 -32768
-15384 12844 -10652 14527 901 -5857
1924 17460 -4264 3882 -2220 -7279
2160 17824 -2668 1641 -1235 -4087
3216 15576 -3452 2043 909 -5079
316 16620 -2488 2884 2245 -5283
740 16088 -3436 3792 3024 -7140
-60 15820 -4000 4055 2257 -9122
-52 17928 -5280 5118 801 -11149
-1752 21172 -2684 4405 -1730 -12564
3492 25028 -4424 3579 -1821 -15882
19388 32767 -1128 15761 -19059 -26574
-4108 32767 -13292 3996 4742 -32768
10852 12536 1012 346 -16198 1547
-920 784 -920 829 -9420 15258
3284 9440 -2604 683 -2581 32767
-2228 18600 -2544 2883 -2093 32767
-416 21708 -2692 -651 4215 32767
-1648 24900 -4724 -5171 4274 32767
-13204 28376 -2792 -17266 5144 29115
-21096 24056 -8928 -2841 1187 16176
-13728 21972 -12728 13579 11840 -12535
-32612 32767 -5900 8315 1580 -32768
-116 8876 -5188 11466 -2011 -10138
2848 14600 -6088 6893 -793 -6889
2576 16756 -500 1998 -2029 -4097
3064 15880 -4868 2101 -397 -4846
3536 15696 -5044 4361 1536 -6169
828 15808 -3212 4013 3928 -7364
1884 16224 -4072 3677 4342 -11063
-1560 17040 -4500 4283 1188 -11072
856 20580 -2796 4750 -398 -11494
2440 24640 -5172 4751 -1790 -15779
15664 32196 -604 13652 -15566 -24626
-17292 32767 -6948 9784 9163 -32768
11572 15232 -588 2274 -17500 -7839
11664 11132 3504 -2904 -11301 11620
2144 8732 -3752 -1604 -4273 30173
-4404 23244 -6640 392 -1164 32767
-1876 20264 -4412 -1675 3457 32767
-8020 25568 -5244 -7734 1181 32767
-6704 29196 -6096 -6463 3467 32767
-11476 22512 -3996 -5031 5207 20408
-26064 19784 -11140 1291 9418 -6522
32767 17100 -1648 26191 -3397 -15618
4696 13432 2672 -9514 -432 -26536
-3008 21272 -4420 5951 966 -7014
2088 18576 -3632 1305 -1050 -4493
2956 16532 -3504 610 56 -3647
2868 16008 -4364 2420 28 -4375
2360 16616 -3512 3994 1595 -5507
2200 16852 -4824 2847 1435 -7463
168 16080 -3184 3730 2403 -11544
-556 17232 -4852 4291 909 -11939
268 21812 -1324 3893 178 -12595
3756 24116 -5644 4060 -1974 -16832
22208 27368 10792 12040 -7987 -25275
5592 25592 -6536 3605 -2582 -32768
21732 15096 -4044 820 -15673 -608
6280 6392 -1612 -2680 -3655 14869
2836 9988 -4024 136 605 32767
-1896 18080 -4344 2886 1917 32767
-740 19840 -5652 -3467 5359 32767
-3004 24672 -5376 -5081 1431 32767
-7408 31256 -10364 -9020 2921 32690
-18440 19052 -2016 -3553 -6980 19801
-23812 21532 -9528 4795 13044 -13130
-21660 32767 -10160 10989 1928 -32768
2584 8844 2524 -432 1384 -13414
908 18728 -6088 5503 -106 -6257
2104 18020 -1684 2517 -528 -4520
2824 14696 -4860 1925 1652 -4460
2460 15732 -3980 2963 -16 -3093
2144 17768 -3868 1694 -4640 -2428
1020 16552 -3284 1029 -404 -5611
2680 16900 -4324 4745 4392 -9971
-236 17536 -5764 4802 4625 -13064
1296 23640 -1836 4233 1553 -15848
1132 32767 -10328 -2244 -9807 -18988
9196 32767 -2068 -412 -10064 -32768
-7724 26416 -9812 3275 -777 -23481
16976 10292 -780 -5077 -17649 -4415
2408 8804 -2556 -2311 -7724 20121
1388 11752 -6212 403 1054 32767
-2064 18872 -4748 -1532 4601 32767
-6996 28716 -8392 -1697 3421 32767
-3144 24372 -5604 -3491 -1584 32767
-12672 25680 -1424 -13145 -1469 24887
-26156 20312 -8660 -4331 6541 2147
-14580 19944 -6008 13177 11915 -21197
-32768 31560 -12628 7991 16465 -8104
-8192 26420 -7204 3146 2886 -10462
2068 17172 -3396 6644 776 -3706
2896 16544 -3536 1514 -59 -3102
3876 15708 -5680 3518 594 -1898
2936 16288 -3732 1558 -1144 -2966
3800 16456 -5224 2268 3220 -5369
2048 16560 -3648 2758 3159 -7695
-336 16672 -2748 3842 2482 -11454
740 19348 -3824 4521 1528 -12574
1000 22836 -1056 2080 -1344 -15828
16460 32767 -4744 8806 -18127 -25109
-2736 24712 -4172 7776 -6111 -32768
-2228 16304 -4200 906 -15917 -9947
6724 60 -992 -2855 -8246 6450
7712 8556 -3256 -3190 -608 28592
-3244 20480 -8560 3888 -1116 32767
268 19900 -4356 117 3526 32767
-2480 25188 -6480 -6935 1398 32767
-7636 32767 -1876 -8673 618 32767
-24036 21940 -8440 -7005 3806 17953
-11544 21240 -11540 22049 4193 -16351
-32768 22992 -9588 16647 12077 -24728
1292 9456 -9660 12673 1158 -9240
3856 14532 -2560 6500 -3164 -5781
4324 16796 -4160 -104 -1331 -3748
3776 15152 -3460 1782 -2264 -4064
3676 16832 -3864 2294 1055 -5079
2884 16696 -4136 2783 1761 -5363
1520 16924 -5132 3868 3682 -8905
440 16468 -4728 3686 4462 -12850
-352 17656 -4068 4081 2595 -12568
-328 22780 -1320 4002 437 -16419
9744 31140 2544 6723 -8814 -19579
-8008 17708 -3484 -539 -1474 -32768
6580 24172 -2464 1546 -12839 -16773
10980 6252 -1132 -3608 -8838 1729
30096 -5516 -5888 265 4399 25797
164 13340 -4932 -1336 -1726 32767
-3232 17964 -2536 1341 -4033 32767
-2096 24020 -5976 -2957 -4476 32767
-2620 26532 1068 -967 963 32767
-11980 24828 -5860 -10829 8863 31026
-32768 12276 -7704 -7619 14792 -6610
12292 29632 16340 17751 9242 4954
-2096 29264 2720 -10699 9315 -9310
6984 7408 1472 6542 -2853 -11354
4928 17072 -4464 2312 -4022 -3427
4920 17888 -5352 549 -1498 -3192
3964 15852 -4544 3522 -449 -5447
1660 16056 -2424 3855 2214 -5127
1960 16584 -4800 4376 2487 -8117
-192 16108 -3800 5582 -62 -9726
572 17724 -5908 5413 -1117 -10985
532 21440 -4016 6243 -721 -13864
2460 24596 -2552 6184 -6984 -18263
23356 32767 -560 8874 -10080 -26536
-15856 17852 -4460 2612 -4246 -22851
9972 11152 384 -2702 -20556 -4363
8948 7860 -1712 -2376 -6305 15548
1856 11716 -3724 154 5858 32186
-1724 16228 -3272 -1414 4518 32767
-3312 22596 -7596 -5179 901 32767
-940 23208 -6628 -7445 -3834 32767
-10840 29352 -3184 -9970 -3664 28917
-20116 23088 -5996 -2771 4724 13450
-17816 15408 -10600 13381 13189 -16309
-13596 32640 -14088 12967 -3087 -32768
-9788 11408 -6688 9902 1837 -8384
392 13224 -1872 5227 -1835 -6420
3556 17056 -1692 68 -3371 -3884
3472 16176 -4444 2673 -218 -2828
2868 16396 -4408 3428 -1338 -3021
2428 17200 -3992 2772 17 -4245
1300 16148 -4244 2241 1624 -5785
1060 16444 -3616 2863 3860 -10655
-912 17968 -980 4110 2297 -13022
-420 21164 -4960 4798 600 -15662
9504 29236 400 6432 -12220 -16754
-19484 -6824 -32768 -5485 836 -32768
4152 21716 -4700 8618 -9666 -10222
8264 6668 -2316 -7437 -21071 -2007
4824 6228 -2940 -4105 -10518 18703
1320 12864 -5060 1253 -3885 32767
-3664 23476 -3020 7734 -2361 32767
-2912 24132 -5148 -875 1743 32767
-6408 30084 -5840 -7543 312 32189
-13232 21844 -2712 -7077 2731 23026
-26348 15284 -7208 -113 12241 1379
-1440 19180 1408 9630 779 -6027
-24912 31196 -4860 3634 8018 -3336
-1664 28388 -12080 241 3115 -6313
4868 14208 -2108 1690 -2912 -1286
4856 15316 -1780 1532 -420 -2281
5588 15636 -3452 1417 -1892 -1960
4660 16428 -3840 1799 -401 -2526
2924 16288 -2216 1477 -1852 -2189
3304 15804 -2796 1646 16 -2396
2440 16272 -2584 1559 1009 -1919
2940 16072 -3228 980 457 -1489
3332 16080 -3624 967 701 -1556
2948 16020 -3692 1035 1246 -1662
2188 16720 -3964 303 743 -1779
2080 15796 -3436 205 -13 -564
1832 16384 -3280 214 540 -583
1544 16152 -3436 113 -102 -68
1700 16176 -3452 111 -277 522
2308 16320 -3208 116 -108 305
2108 16284 -3572 -8 -55 -48
1912 16236 -3188 50 -77 -169
2152 16300 -3468 140 4 -213
1652 16292 -3064 -18 -362 -179
2020 16296 -3468 -1 -424 -133
1720 16160 -3228 105 -283 -66
1816 16320 -3416 -23 -166 -114
2020 16328 -3336 79 -41 -239
1848 16272 -3308 75 -137 -207
1632 16188 -3168 152 -103 -265
1640 16272 -3260 142 -352 -223
1480 16232 -3048 198 -128 -124
1524 16360 -2928 148 -109 -34
1464 16200 -3016 190 35 -9
1556 16344 -3200 144 60 40
1580 16272 -3228 141 51 30
1580 16320 -3152 323 222 8
1396 16264 -2912 362 -16 226
1544 16328 -3020 355 238 92
1600 16392 -3300 288 97 104
1596 16256 -3268 205 358 -66
1456 16352 -3220 201 317 -105
1512 16220 -3212 129 287 -117
1424 16336 -3132 114 207 -72
1432 16280 -3100 139 248 -35
