7068 122 78 194 0 14206282
2768 15760 -7288 190 -61 181
2712 15776 -7292 175 -216 211
2876 15988 -7044 -296 142 316
3212 15360 -7056 214 148 104
3092 16012 -7040 374 321 68
3076 15752 -6972 223 535 80
2968 15904 -7132 469 166 5
2808 15616 -6976 258 -27 40
2828 15692 -7008 638 -386 169
3144 15828 -7164 472 -512 235
3160 15612 -7288 591 -127 237
3140 15532 -7148 773 536 191
2696 15968 -7036 914 513 174
2912 15904 -7136 346 31 127
3052 15696 -7080 308 -1 281
3276 15604 -6696 239 277 492
3080 15312 -6952 592 468 702
3588 15028 -6536 1050 581 1304
3240 15780 -5908 1044 341 507
2648 16220 -6548 2573 -205 651
4008 15176 -6680 2467 -1206 704
3472 15112 -6324 3711 -873 1024
3508 15148 -6548 4734 -270 1270
4384 14524 -7164 4802 1343 417
2588 13476 -6884 6310 2420 686
496 14756 -7720 2148 1871 1630
4952 14044 -8228 2985 2274 2006
1056 19396 -7288 -2578 3417 -744
1776 18648 -6960 4835 -2841 -1562
5312 27148 -7960 9302 -2450 -4910
700 29804 -10020 -457 -364 -7037
1104 15092 -7112 -6794 954 -5307
-1228 1744 -3464 -4189 2101 1591
1568 1368 -2356 -1342 2985 2847
1304 3352 -2100 -1001 3916 -1826
3564 7056 -23784 -3925 -18866 -1957
18220 32767 2276 32767 1629 -4143
1880 13296 -15308 -14179 5436 13376
9428 32767 -15188 -2081 5306 11461
7392 17044 -8840 -4064 6866 9424
-644 2464 -3508 -10692 12473 1134
-1852 -4324 -1536 1094 -2697 -3864
2900 4148 -1268 -4129 438 -4481
2692 -3696 -5376 -6505 -281 -2187
13152 17376 -27848 4427 -11412 7713
18348 32767 -10756 23650 5620 -1008
2228 32767 -5940 2937 -4743 -4306
1336 28736 -9568 -3938 -8539 -8124
504 -10688 26076 -15632 24676 -592
3708 -7864 -3972 -12136 779 3854
2768 6580 -11888 10538 2506 2254
-332 -2952 -4444 -4574 3864 -3202
6084 6252 -22936 12195 -7720 -8113
2024 32767 -15772 32767 -10285 -2737
10384 20388 -5848 -32768 837 14889
8280 32767 -10140 -16871 9596 12379
-6296 -444 -7156 -17727 3438 644
1628 -4448 -4380 -422 -6879 -3278
3988 920 -7324 -12894 -904 -5168
2884 -3712 -6172 -743 896 4785
-728 32767 -23600 22595 -3498 17013
17556 32767 -13216 -12648 66 -7232
-4284 32767 -11848 4241 -4638 -5722
-332 23664 -17460 -28163 17816 -4896
2960 -5128 -2040 -7104 -4398 922
4924 216 -12444 4591 2596 1977
-888 -568 -2852 -8327 -1118 -3845
12124 6112 -26808 14357 -8524 -11330
16232 32767 -15132 32767 -3715 -1402
6236 22616 -10940 -32768 2755 16145
7524 30888 -10156 -13822 11977 8161
3540 -6944 -224 -8113 5043 1215
-3868 -4876 -2208 506 -2541 -3780
4456 560 -6568 -4411 -593 -4805
2608 352 -5896 -5079 -194 3826
-2724 32767 -18020 30027 1817 13221
15148 32767 -15040 -28506 -1177 -4899
-2636 32767 -10876 1478 -11708 -7997
3248 13716 17028 -27643 2279 1471
5860 -4608 -4456 -3779 -63 -863
1396 1956 -5336 4818 3427 538
1628 -3360 -7640 -3069 959 -4696
16672 12960 -32768 25664 -23563 -6880
12556 32767 -32768 13754 -142 3325
11612 16 3244 -8724 -780 10517
12040 14372 -8652 -17305 14993 5805
-1044 -2620 1680 -13561 462 2841
1120 808 -4792 312 -4742 -4019
5588 1312 -3736 -7879 3363 -2200
20392 12180 -26376 13380 -4208 5838
2196 32767 -18988 32767 1922 -11523
13048 23156 -3404 25564 -8178 -5267
-1640 27156 -9024 -25370 -6721 -5450
4384 -624 1864 -22615 -6795 1491
2888 -1124 -10060 -5927 2831 2724
1128 2384 -4012 -604 3772 -1630
-1808 -756 -5580 3595 -1609 -6085
17720 30704 -17836 17184 1806 4454
-7788 32767 -32344 -9145 4548 9341
15744 24712 -5452 12025 5188 11429
6892 -4284 -4476 -29748 7679 4179
-4212 -2400 652 5777 -689 -2561
3872 -236 -11008 -4040 -585 -8351
4804 -648 -3728 -6666 2440 2652
7172 21792 -16416 11586 -6342 16954
11204 32767 -20784 14509 -5535 -4734
6488 32767 -7864 21073 -5765 -5712
3376 12468 -7704 -16212 -2880 -15195
4004 -212 804 -16488 -1780 4265
3760 -4316 -9064 -2952 2602 521
-220 1172 -3184 -3158 -388 -2761
-980 492 -6228 4305 -4238 -6283
31044 32767 -32768 32767 7924 5409
-648 28960 -26084 -31499 5236 7189
14188 28224 -10384 18644 16830 9786
-3188 2144 -5620 -12830 10982 3713
-4416 -724 -2004 2495 3598 -2566
660 2540 -9780 -1880 -629 -4928
5220 -1896 -2924 1217 -538 2809
-8588 32767 -1680 -13040 -10435 20651
22408 30296 -17132 -11867 -12109 -1766
5640 32767 -10820 19156 -6441 -6729
5060 704 -13688 -11047 -1569 -10922
5476 -3744 2220 -6407 2745 4403
3732 884 -5544 3104 2958 581
-192 688 -5012 1181 4438 -2480
-2148 6404 -15084 4744 -9066 -12713
32767 32767 5620 32767 30728 -1135
-804 32767 -20484 -32768 4520 12623
15748 30916 -10872 9641 13846 7057
1308 -4904 -3744 -6662 9131 1271
-4040 -4632 -3456 1786 1373 -2371
1892 2748 -8824 -283 2215 -5731
15568 4644 -15888 -4881 -2446 2261
-7360 30352 -16192 -1046 -14829 12122
27312 25820 -5604 -3010 917 -4526
4112 32767 -9628 -2991 -6099 -9682
1780 10348 -2284 -15638 -7690 992
4200 -4012 336 -8988 3235 3606
3152 3336 -2952 5950 3262 2426
-1784 -148 -4876 -3765 5301 -2122
2928 18664 -32768 32767 -30674 -12414
11652 32767 -29252 984 529 6580
11268 29400 -1440 -12118 3289 10252
9096 17484 -6816 -20732 16315 7592
-556 -3348 20 -1233 14304 828
-6544 -3436 -4056 7921 -4713 -5551
4256 1808 -7280 34 1337 -4105
7204 2764 -8284 -7848 -8263 3041
-20784 32767 -3924 -28364 -14939 29302
26428 27316 -7640 -14276 -4482 -3726
2124 32767 -8572 6519 -9364 -9444
5952 1392 16456 -5342 3909 -6272
2584 -2696 -1144 -8217 3033 4531
4020 3664 -2980 4672 1574 655
728 1456 -3916 1026 3874 -4176
12360 17068 -29416 20138 -27924 -10689
22224 32767 -7024 -3021 1815 4406
5696 23792 -11076 -23340 3458 15716
10072 27008 -6580 -7507 15071 6393
-2300 -8076 -1604 -2691 9496 -3105
-4404 2824 -5248 10547 -3837 -2114
4224 1952 -4156 4913 4993 -3813
15792 3160 -17968 2667 -3292 2956
-10652 31232 -23812 -8488 6659 8868
20836 19912 3888 16153 -3349 -3351
-1272 32767 -9032 -21062 -9081 -10478
2020 2736 -1308 -19888 -4768 -122
6308 -5084 -3776 -7014 2233 1065
3012 1276 -4172 8682 1901 438
-1092 1476 -3444 1815 7743 -6135
10300 24972 -31304 28779 -7945 -8138
396 32767 -31788 -23973 6597 7567
14472 31016 -4060 16089 -148 10771
2788 7296 -2748 -20064 8986 6302
-4224 -3640 -820 5981 7888 -1143
-2484 780 -4264 -7634 -5550 -4247
4268 7196 -2268 -2849 2961 -2430
21292 7952 -27424 172 -256 7137
-3372 25332 -12640 3175 6273 -523
16340 22992 -5500 20293 -3432 -3216
-52 32767 -7996 -16896 -7490 -11876
7336 12380 2436 -16684 -1091 727
1624 -1360 -4840 -9354 3305 2785
4792 3212 -1768 5917 4749 1343
-3100 192 -6720 -431 6379 -4189
16496 13340 -30280 17211 -32617 -12661
25160 32767 -5148 29506 -2338 6150
9176 15800 -7092 -27275 5901 14225
10848 22700 -3120 -13595 10870 8442
-3440 -7816 -3552 -13037 3812 648
-432 8876 -788 3799 -959 -4389
5276 4764 -4372 -2255 -385 -3166
6376 -828 -7396 -6593 1614 3284
-6572 32767 6176 -21828 4275 17530
25004 18796 -2308 -1345 -3404 -7442
5868 32767 -5928 9612 -4820 -9773
4292 16352 7276 -14302 2470 -650
2512 -2328 -4036 -6389 2119 3536
4104 2200 -2920 6366 1027 2571
-1124 1844 -4716 1397 4272 -3636
8036 21992 -32768 26074 -29473 -10130
17868 32767 -16060 3715 -4137 5996
6600 32472 -11500 -3255 43 16969
10788 26036 -6172 -16020 12133 5542
-1104 -7308 -3760 -1240 3200 2120
-2292 6312 -1688 7630 -1378 -4880
5280 -1556 -6300 4609 4182 -5183
1756 3532 -5492 -8597 -805 4491
4604 32767 -4932 -13700 -5821 14687
26880 29920 -13620 -16662 -4017 -1874
6624 32767 -6576 13735 -5496 -6006
8160 -5480 -10300 -5662 1186 -13871
-560 560 -2980 -14813 3579 5888
5500 -1568 -8248 8745 2056 2515
-3840 -1864 -4648 1541 4133 -4446
5628 7724 -16748 10875 -24603 -15328
27504 32767 4280 32767 3958 -4965
2708 25188 -16196 -24538 438 11448
14452 32767 -7964 3469 10699 9451
-1612 -5552 -1544 -11606 5861 3502
-2724 204 -3804 13823 -685 -7787
3288 340 -9132 -480 -806 -6355
5456 2944 -4368 -10577 -1237 7984
1852 32767 -3016 -1536 -10908 26403
32767 24092 -4756 -20730 2910 -6449
4228 32767 -5268 19570 -6754 -9736
2736 1996 -25208 -2477 10315 -11407
2636 -456 -3168 -11357 2461 5523
2800 1256 -4428 5393 2391 2116
-4196 2604 -6652 1430 4140 -5102
13144 21888 -30360 8595 -32668 -4976
14228 32767 -11232 10467 -2253 8371
13060 32767 -4088 -6137 2235 14430
6112 19272 -4508 -19603 13741 5811
-524 -5044 -2848 -7681 7958 4365
-2440 9200 -4068 -4839 -856 -3271
4780 -1932 -9800 2930 2432 -5772
12700 1080 -11444 -260 2793 2638
-9184 32767 -6020 -9873 318 7650
25968 24696 -8636 6861 -3033 -5511
2136 32767 -6284 -741 -6389 -5516
6380 1536 -32768 -2951 -6449 -10101
300 -2432 68 -13623 6348 6825
4652 -344 -7012 2611 3737 3584
-3476 -1220 -5812 1638 4763 -4214
8984 10928 -19020 9572 -28609 -14065
23044 32767 22292 32767 6600 -3531
1692 24732 -18068 -23984 5554 10938
12948 26552 -8996 4558 5256 9984
20 -7324 -3520 -11999 1926 3909
-2848 2532 -548 1365 135 -1378
4412 2488 -9120 -1800 1362 -5814
2996 1680 -4044 -6879 -613 4071
-10996 32767 7440 -21186 3839 21079
26960 16516 -2544 -2868 -8383 -3870
2424 32767 -8480 4460 -7291 -2670
7444 -5628 -32768 15228 -4373 -9821
4904 552 -1944 -8283 3994 2652
3812 2236 -6796 1054 2026 1762
-2652 348 -7768 -2642 8086 -4198
8824 18384 -21724 16244 -32768 -15625
28808 32767 -9972 32767 -8777 3700
5264 28736 -1692 -10527 2114 8240
18988 25732 -4528 -8730 13855 8753
-1820 3848 4144 -8626 8164 5105
-2972 -1812 -2332 -5323 642 -644
2124 304 -9812 -829 -2850 -4645
5856 1620 -2816 -5393 -1423 3869
340 32767 -6552 4796 3256 22765
24956 30040 -14100 -5702 -9687 -5766
4312 32767 -5920 8426 -9097 -5437
5252 11224 1680 -13917 -2323 -7531
8344 -2408 -2992 -17736 -8007 3481
4636 2776 -10852 3646 7153 4283
-1860 -324 -5368 3563 9953 -2802
400 2168 -11216 2975 1677 -8555
32767 32767 -32768 32767 -4207 5963
-432 18520 -18328 -32768 783 7354
19960 28364 -7124 2879 11162 10155
-2452 7872 7344 -13231 7352 6171
-432 -924 -2960 -7180 1394 -1534
-584 1260 -10752 -8806 -5732 -7219
7708 2524 -2956 2 -2942 2237
844 32767 1992 11631 -2193 12666
21056 24848 -16820 -8830 -5645 -3970
6096 32767 -5888 17457 -4432 -3323
5708 8808 7712 -13057 18793 -15212
7580 2948 784 -16944 -6979 2785
1864 -2928 -13800 -13149 4756 4096
-1836 -1228 -6396 3699 1769 -2802
-6332 8312 -13160 5820 -6416 -13739
32767 32767 3556 32767 8410 -5968
-6220 31184 -22256 -19634 3460 12114
19964 31452 -3084 6630 8742 12231
-3568 1124 2080 -9207 3352 5049
252 128 -2432 -1928 3318 -1216
-540 -3404 -9460 -8932 -3300 -4501
3668 2512 -2264 -5277 -3575 5717
6820 32767 -15060 -1556 -9209 14629
19276 32767 -14720 -17615 -11750 -3309
10176 32767 -5916 20106 -8471 -7417
6784 17120 5460 -3210 -6651 -12070
6768 -3168 -4112 -5743 12357 234
2344 -1176 -11652 7355 7250 284
380 -216 -5324 1543 6847 -3691
-4240 19860 -20000 16592 -32768 -13238
26704 32767 -6888 -8123 979 6328
7284 32767 -7596 22707 4996 12657
13152 19060 -1756 -9019 10754 8364
-384 -2388 3048 -5959 1399 7115
-7784 1672 -5016 1349 -311 -7205
6148 -772 -7696 -153 3055 -5526
8292 -68 -9092 -6008 -1759 5719
-5704 32767 -8680 -17808 -3235 10877
27532 20276 -3892 -7013 -4476 -479
4052 32767 -4704 9196 -9644 -6833
5476 5892 7276 -1129 -1884 -8767
5428 -3312 -2408 -6466 4392 2899
4112 312 -4964 5766 5714 2025
-1980 416 -6984 -3050 8872 -4582
5232 14252 -21304 15563 -30281 -15010
32767 32767 1928 1201 5915 2030
5036 27220 -10984 -3717 6297 11573
18188 27936 -3620 -10147 15097 6305
-208 -5264 -6236 -5411 7447 3669
-5292 684 -4736 -353 1393 61
2036 3036 -6652 3030 95 -4890
2876 44 64 -3159 -1241 3581
-1224 32767 5640 -13347 -1398 17369
24004 20400 -11460 -70 -3623 -3895
11328 32767 -6308 11718 -5015 -5726
7644 6108 -27368 -2264 -6694 -10405
4212 1592 -3288 -12316 -5455 3055
1780 -3628 -3696 -2589 7047 2456
468 820 -4600 -1191 953 -1840
3064 7752 -13720 2612 -9290 -10097
32767 32767 -6448 32767 17404 -3307
-2196 30556 -19452 -21172 2245 9473
20508 28608 -6396 3986 6645 12203
-992 2744 -8372 -20004 8035 4491
-1336 -3220 1240 15720 -683 -3899
-2500 1704 -3632 -4371 -3745 -5536
4188 0 464 -8365 -762 -1832
29284 20468 -32768 16810 -9702 13797
4604 32767 -16248 5294 1430 -10560
17616 32767 -6856 26304 -5886 -1682
-2108 31560 -6340 -26288 -5634 -11322
6440 9704 7608 -3985 941 1302
2188 -2140 -3904 -13028 4006 2445
4296 312 -4000 253 -828 349
-84 568 -4156 1640 7559 -4067
3392 27700 -32768 32767 -20844 -12077
4680 32767 -27120 -29532 14163 5866
12996 20496 -2716 -5555 4478 15619
3052 15508 -5416 -27158 7988 4094
-4808 -4704 484 17421 5910 -3019
-1812 -2928 -6448 -1307 -938 -7073
4784 672 -2992 -4893 -4978 -2542
23252 13624 -31000 14638 -8569 7620
18020 32767 -11996 -8135 9231 -2638
12468 32388 -6592 16100 -28 -2258
-1268 31340 -32748 -939 -2345 -11415
13180 7116 -1152 -5927 -1710 -2897
-2144 -1932 -4964 -11713 35 -192
4668 -1036 -5404 -1250 2813 1865
616 36 -5276 -2716 2498 -1116
548 19388 -24432 32767 -10767 -16247
7976 32767 -32476 -3904 1867 10091
11700 28936 -6436 -1372 201 11762
12648 15272 -4712 -12855 9608 10046
-2400 3840 -1508 -4237 1594 2919
-888 -3492 -4784 -7152 136 -908
1268 1352 -3520 -2400 -2395 -3038
3756 -340 -3896 -3920 -2280 203
8108 32767 -17432 12177 1767 31682
9868 32767 -15576 -22146 -2559 -11227
13748 30480 -5156 10720 -10341 560
6468 18408 -216 -32768 -848 -8614
4124 8980 3100 -8351 -4309 2529
1136 -3244 512 -11459 3408 1883
2400 -1756 -5272 -1748 1364 2691
2008 -400 -5580 -4989 3607 -506
1880 32767 -32768 32767 -25588 -26308
6336 32767 -32768 -32768 10498 -3289
2992 3520 -12700 5516 5004 3901
11060 31008 -2876 -2798 6464 8684
-280 8772 -5524 -12122 6514 -857
4876 10468 4636 12599 -4947 2436
1040 2100 -3380 -2215 -4630 763
7600 12060 -2568 -5908 -8557 -680
11816 21700 -17276 161 -3069 7541
5956 17344 -12380 -3238 1341 1815
7652 16468 -8384 2335 -2618 -1399
3268 13276 -8488 2223 -3934 -1740
3620 10660 -8396 1532 -6711 -59
4872 15228 -8264 -2086 -7417 -733
7576 14940 -7740 2689 -5182 1143
5740 14596 -8124 -767 -4841 1057
6524 15732 -7924 864 -4908 455
5752 13916 -8020 561 -4135 -189
4960 14764 -7624 18 -4026 -711
5844 13236 -7372 377 -3628 -1166
5572 17776 -8240 283 -1975 561
3888 16204 -6996 -1580 -2297 374
4680 14936 -7308 -1488 -2949 167
4084 15608 -6908 -2079 -2701 1098
5472 16092 -7580 -2004 -2677 1516
6268 15240 -7428 -3350 -705 686
5980 16432 -7576 -889 193 289
5484 14908 -6608 -272 -488 -300
5112 15188 -6500 -647 -1144 207
5884 14740 -5732 -1615 -1649 149
5676 14796 -5680 -2243 -2494 587
5276 15472 -5392 442 -3616 903
5372 14976 -5504 -484 -4207 293
6128 14812 -6228 149 -3577 622
6696 15608 -6436 1217 -2034 812
6196 14976 -6672 2361 -561 285
5820 15132 -6448 754 -103 103
5800 15800 -6096 1 -245 262
5720 15088 -6416 -434 -21 355
5372 15400 -6128 -735 -125 296
6112 15472 -6444 -629 -776 375
6196 15304 -6304 -906 -239 299
5924 14956 -6312 222 379 655
5604 15600 -6084 163 601 533
5584 15540 -5900 166 372 346
5340 15336 -5772 -55 40 123
5564 15464 -5852 136 0 156
5644 15592 -5648 212 448 -31
5756 15208 -5860 591 797 -104
5608 15600 -5900 162 1061 -226
5652 15736 -5984 296 553 -246
6368 15636 -5656 599 598 530
4680 15100 -5652 -502 -90 530
5144 15512 -5936 327 -1624 391
5600 15740 -6228 140 -1433 369
6108 15048 -6032 -287 -840 210
6488 15048 -5936 809 52 179
6172 15476 -5544 646 866 292
5652 15552 -5468 149 662 244
5824 15300 -5800 736 -221 179
5664 15840 -5844 -93 90 271
5416 15284 -5740 -276 -317 64
5884 15112 -6008 543 154 -69
6292 15556 -6420 1775 824 -63
5444 15252 -6252 1004 889 45
