-15164 -1476 -4636 414 -32 85
-15312 -1624 -4684 416 83 -93
-15344 -1808 -4952 516 -10 27
-15340 -1680 -4852 621 -93 241
-15128 -1460 -4828 612 -90 251
-15280 -1476 -4676 551 -65 18
-15224 -1620 -4884 465 18 -119
-15312 -1520 -4868 383 -16 -134
-15272 -1580 -4912 348 -59 -120
-15256 -1624 -4880 337 -16 -172
-15176 -1676 -4776 328 -80 -211
-15356 -1780 -4892 444 -100 -65
-15244 -1680 -4712 346 -75 -5
-15160 -1648 -4752 367 -107 53
-15276 -1740 -4824 430 -140 156
-15192 -1528 -4876 418 -183 211
-15272 -1572 -4548 380 -189 181
-15272 -1464 -4852 304 -62 125
-15356 -1512 -4648 407 -137 189
-15400 -1532 -4700 431 -209 333
-15280 -1544 -4480 256 -246 285
-15236 -1312 -4664 522 -108 210
-15452 -1348 -4564 559 -65 131
-15252 -1488 -4600 417 -48 29
-15276 -1328 -4548 429 -50 7
-15388 -1364 -4588 494 -24 -26
-15220 -1384 -4520 437 68 -118
-15120 -1360 -4224 -771 -149 -115
-15600 -1700 -4512 1176 428 217
-15368 -1596 -5220 1034 -400 -67
-15304 -1260 -4880 746 -827 -296
-15284 -1328 -4644 264 -1131 -432
-15264 -1440 -4548 160 -1377 -504
-15284 -1360 -4344 336 -1270 -692
-15424 -1900 -4188 237 -1602 -683
-15244 -1928 -4936 1415 -1550 538
-18908 -6168 -5680 740 -6155 7245
-29604 -10916 -13852 -4410 -8643 16028
-27560 1548 -9472 -2777 -10551 19350
-16092 -9140 -6408 -4509 -2246 11420
-11188 -5284 -2736 4018 4263 3121
-8640 -1176 -788 6358 7291 -4561
-7952 3636 -1052 5021 8120 -9708
-8192 4012 1128 4700 7354 -11834
-9728 5500 -976 5619 6768 -10768
-10568 5240 -200 4898 4523 -7940
-12472 6596 -3128 4474 4068 -5097
-15232 6088 -1364 4754 438 -378
-13328 2636 -2424 3555 -1748 2135
-32768 32767 -5912 16504 4604 3691
-12528 5372 -12048 2169 5499 3816
-13780 -172 -2260 3426 811 4855
-14812 676 -4964 1214 -246 2711
-14852 1864 -5332 -811 -225 1377
-15312 1516 -4780 1897 532 -271
-15380 740 -5300 80 178 -666
-14980 1080 -5364 1159 799 -1143
-14872 1324 -5132 1223 1348 -1771
-15104 868 -6100 -240 3423 -2022
-14952 308 -6904 -1413 2574 -2795
-15136 -84 -6876 -156 1169 -3565
-15728 -1900 -6384 -754 1699 -2433
-14488 -392 -6688 834 369 -1015
-15440 -8 -5392 468 -534 -846
-15460 -1840 -5676 470 -1071 308
-15020 676 -6208 1331 -1547 -1365
-15556 -1592 -5544 -898 -564 -1524
-15236 -596 -6756 885 -758 367
-15608 -1880 -5756 -662 -668 435
-15152 -1372 -5884 357 -659 1678
-15468 -604 -5624 -21 -682 1456
-15696 -1436 -6716 -1224 -1655 2596
-15664 -200 -5976 -808 -2628 3307
-17668 -1580 -3728 -1774 -2319 3140
-19404 -796 -6384 -3838 -2338 3290
-17748 -3428 -3328 -6299 -2147 2504
-15688 -220 -6092 -2507 -3558 3264
-15828 1220 -6292 331 -4413 3453
-17348 6420 -5948 -535 -3465 5054
-15024 7204 -1936 -1052 -4710 4191
-16412 3648 -3724 -2639 -1505 4311
-15212 5612 -436 -7084 -3379 6016
-15152 1928 -428 -2767 -1042 4987
-15080 3180 -2224 -2029 -3376 7661
-17376 1540 -2388 -317 -4191 9939
-21128 1688 -5232 -632 -5120 13194
-21188 1672 -6528 -4353 -2822 12344
-15840 1308 -4328 -4818 -2281 7101
-11016 -1492 -3968 -2884 56 -3494
-9660 308 -1008 319 4219 -8295
-10576 3568 -2000 3431 7947 -14125
-11248 5456 192 3175 10464 -17210
-12344 7260 -128 8050 11219 -15643
-12208 9404 -680 10649 10055 -11309
-10860 11524 -1388 11648 7526 -7464
-10412 9656 -1900 7047 4165 -4843
-13368 8148 -500 4686 -169 -343
-17892 32664 9500 -1421 -8322 6859
-1040 9392 -10296 5899 205 1038
-16044 436 -252 3125 -2724 3744
-14836 2692 -4564 970 -1035 1686
-14944 3584 -5320 836 97 -261
-15176 3264 -4312 1489 845 -2604
-14804 1232 -3464 1516 2063 -3939
-14932 696 -4596 972 3014 -4233
-15092 -168 -4864 1400 3390 -3884
-15188 628 -5772 -142 1808 -4037
-15564 -1480 -5804 -18 1657 -2769
-15436 -800 -5708 461 1363 -3263
-15084 -1456 -6652 276 1463 -2977
-14744 -1764 -7000 482 1517 -1651
-15144 -1304 -6024 84 1422 -1535
-15000 -788 -7412 -412 1138 -1703
-14648 -2384 -6692 -121 -82 -970
-14956 -2392 -6424 24 -705 110
-14980 -1668 -6364 -24 -1453 669
-15004 -1812 -6692 1255 -775 526
-14856 -2552 -6720 427 -957 1574
-15092 -1340 -6680 1121 -1465 1813
-14716 -2212 -5248 -2374 -2490 2503
-15464 -1232 -5952 -1007 -2909 2947
-16060 -1748 -5372 -1681 -3201 2071
-16332 -2336 -4752 1034 -2223 3242
-22240 -1104 -10052 -1821 -1006 3874
-21452 -6784 -3492 -6524 -1402 1490
-19840 -3920 -3220 -2470 -4561 7612
-13944 14480 -6864 -707 -8536 6900
-16612 13144 -1976 -5603 -4 3837
-16348 2260 -1904 1953 -6595 12389
-14524 6192 -2352 -1180 -4445 11407
-14900 -252 -2532 -3860 -3948 12245
-18200 3356 -3312 -177 -4193 13697
-16764 828 -4116 -3929 -3850 12014
-15488 1892 -2968 -6114 -2516 8276
-13360 1624 -3432 -3793 -1106 3582
-11184 1788 -2024 -2140 2632 -2084
-10272 2188 -956 433 5256 -7105
-10196 4476 -944 1399 6975 -12216
-11248 5116 -388 2330 8080 -14821
-11968 6832 -136 4556 8399 -15152
-13464 8828 -752 4318 8078 -13465
-13080 7444 1472 5566 5773 -9955
-14740 7616 284 6007 3261 -8535
-16308 5532 -96 6643 516 -4547
-16048 5788 -1692 5594 -870 -2192
-16448 4408 -2776 1472 -2219 852
-12420 4444 -3232 1053 -1115 4622
-12628 -4164 -5460 10335 748 3002
-11732 8736 4924 -674 -1257 8309
-18360 5156 -2768 432 655 4668
-15248 3912 -4620 588 1524 1197
-15144 2948 -6024 432 1845 -2054
-15732 2100 -3820 2368 1398 -2128
-15004 3028 -3820 1928 1508 -3048
-15232 2120 -4508 1068 2420 -3148
-15448 1484 -4572 256 3712 -3651
-15072 660 -6772 -770 2891 -4167
-15044 -252 -6544 -156 1837 -3846
-14940 -608 -5424 263 1547 -3265
-15144 -176 -6316 -1047 2082 -3543
-15340 -1284 -5164 -445 3026 -3643
-14524 -1092 -7076 0 3872 -4257
-14740 -3632 -8636 -232 2118 -1520
-15284 -1788 -8964 608 -985 1509
-14524 -864 -7468 613 -1611 1464
-14508 -532 -6672 177 -1355 1020
-14808 -1140 -8136 -563 -1361 794
-15164 -1060 -6572 773 -1979 1782
-15348 -960 -6820 -176 -2419 2094
-15224 -312 -6016 -371 -2178 2069
-15552 -12 -6788 -259 -2851 1966
-16132 -804 -6096 -588 -3373 2162
-20384 -2564 -8024 -1171 -3885 2592
-21740 -2184 -4712 -4098 -2580 2562
-17796 -5052 -6016 -6394 -3984 3664
-18316 3960 -6856 1302 -7237 8475
-11932 17300 -4836 -1656 -5187 4297
-16064 1448 -8736 -11310 -3919 -25
-15216 2632 -32 -5152 -4076 3652
-14772 2480 -552 2930 -4450 7408
-14652 -972 -1884 3078 -5655 8450
-18716 -1472 -2864 1040 -7940 8230
-20212 200 -4528 -356 -8279 8939
-16924 1044 -6180 161 -6463 8151
-14228 1844 -5684 -3160 -2770 4311
-11560 2900 -1976 -1667 1392 -461
-9876 3216 -1476 1973 5922 -5786
-10784 6032 -268 1618 8646 -9859
-11048 5052 1472 4703 9560 -11556
-11680 8192 20 8939 10275 -12048
-13276 9080 -452 5397 7938 -11400
-13056 7152 1412 6525 5380 -7176
-13376 6788 -1060 7132 3531 -5638
-12992 4728 -1076 7223 1108 -1761
-11432 3908 -3424 3253 834 -2139
-13460 2016 -2412 4076 -576 318
-32768 -32768 -10888 -3164 -1306 8424
-15488 3440 -5924 -1614 -2506 6066
-16132 2720 -3180 1356 3 4826
-16076 4144 -6180 1572 788 2069
-15016 3488 -4680 782 2178 -884
-15232 2432 -5236 569 3061 -2632
-15088 2008 -5340 -500 3586 -3759
-14932 1144 -6832 -502 3506 -4553
-14744 460 -6592 -858 2985 -4493
-14620 -108 -7260 -81 2335 -4189
-15108 -152 -5700 594 837 -3719
-15032 -572 -6472 -230 1300 -2900
-15108 -672 -6692 -142 1200 -2431
-14900 -360 -6612 -880 1475 -2824
-15376 -2416 -7828 169 1030 -1740
-14480 -816 -7252 674 908 -2408
-14816 -2804 -7312 -221 560 -2257
-14548 -2140 -7944 1262 92 -139
-14996 -1924 -7544 321 -1077 20
-14716 -2216 -7124 587 -1483 1040
-14568 -1320 -7724 240 -1054 854
-15056 -1760 -6628 -233 -1490 1162
-14824 -2072 -6968 277 -1291 1813
-15312 -1360 -5932 -300 -1947 2005
-14372 -1840 -7272 1227 -2242 2890
-15844 -2364 -6620 -369 -3751 3374
-17524 -600 -5136 -1556 -3623 3706
-19972 -4032 -5092 -3381 -3073 4588
-21076 -4604 -7576 -5595 -2662 4570
-16880 -4776 -3420 -3038 -6032 7167
-15596 8412 -8724 5872 -5680 7743
-16072 13640 -4336 -2225 999 479
-16516 16500 -568 -5751 -2894 6053
-14836 4860 16 -1548 -1582 4365
-14960 3772 -3200 -2263 -4833 9207
-16556 5328 -2048 -3964 -3512 9806
-19684 -780 -3028 -1854 -6377 13631
-20864 2396 -6512 2535 -6858 14906
-18388 1492 -7536 -3448 -4197 10322
-14768 2524 -3952 -3153 -373 3735
-11080 4404 -2688 -830 3711 -4774
-9484 2452 -1696 2189 6673 -11505
-9252 5136 -1100 4341 9012 -15709
-9668 5612 200 5574 9183 -16404
-10096 7272 204 10834 8509 -16115
-11232 7696 -248 13970 6406 -12634
-13436 14028 -3916 10907 3462 -9363
-14120 10348 -4608 -2272 -310 -4918
-13940 6672 -504 1275 -578 1418
-10276 4980 -3708 3686 187 4812
-6396 -10424 15244 -6652 -24944 12477
-13644 1108 -1476 1610 -1955 4436
-15912 2660 -6976 1214 -1227 2230
-16148 3320 -2208 609 685 -80
-15348 2732 -5440 695 2450 -2050
-14552 1788 -5756 -799 2892 -3042
-14756 2004 -6292 698 2836 -4112
-14832 1164 -4724 749 2668 -4551
-15276 320 -5416 -763 3228 -3842
-14536 -132 -7732 -350 2503 -3177
-14888 -468 -6816 661 1625 -3063
-14968 -956 -6196 -451 1715 -2643
-14976 -1868 -7120 378 601 -894
-15540 376 -6704 -446 594 -1291
-14776 -2356 -7856 -2006 642 -1532
-14852 -304 -7720 -350 81 -243
-14508 -732 -6740 47 245 -1790
-15076 -1600 -6704 -1010 26 -1682
-14984 -1564 -7120 -621 -299 -1080
-15152 -1452 -8224 -958 -1147 520
-14940 -1184 -7508 -310 -1178 1364
-15336 -956 -6348 -1582 -1363 1101
-15016 -744 -7356 -497 -1857 2004
-15252 -352 -7024 -330 -2352 2270
-15396 -448 -6544 -256 -3177 3063
-15244 -732 -5300 536 -2884 3115
-18092 -1336 -6132 -488 -3703 3790
-19740 -1364 -7416 -1391 -2029 4035
-20068 -3108 -7028 -5464 -2092 3122
-21048 -4264 -2644 -2616 -6843 5180
-15600 22700 -2192 2321 -3870 7325
-16880 3328 -568 -13128 -4521 2360
-15096 4320 464 -4034 -4529 7134
-13620 3536 -2640 1106 -7127 10987
-12816 1204 -4068 1322 -6638 11485
-16812 1132 -3276 3950 -8168 13086
-14240 -872 -7024 1952 -8674 11955
-11280 -1140 -5152 -212 -5832 6891
-9880 -1640 -4404 4015 -2723 468
-9468 360 -4876 2445 1715 -6513
-11604 -48 -3528 2319 4851 -13616
-12580 588 -3068 3800 8340 -18353
-14952 -92 -2312 4718 10740 -22996
-19204 -1652 -3408 9207 12407 -26000
-23852 4 -6568 11071 12871 -27830
-24832 2368 -8128 2369 10535 -25359
-22732 3272 -3916 -2721 8229 -19113
-17864 4944 -1156 1935 4899 -8111
-15152 5996 -1040 4667 1878 1253
-13512 4352 -2004 6578 -324 6857
-12836 4364 -3812 4530 -605 9042
-3900 -32768 -15484 2068 -17929 -6591
-26408 -8332 1896 2384 4677 10316
-12208 -2072 -9940 -3521 2316 7116
-14800 -2000 -3844 -3924 -510 4355
-14192 -4392 -6588 874 2159 2378
-14244 -2940 -8768 -2066 -454 2528
-14892 -4196 -7304 -2283 332 3034
-14388 -2876 -7968 -4418 -590 2988
-14636 -2572 -6724 -2254 -222 2054
-14704 -1776 -7420 -2071 -202 1025
-14444 -1952 -7440 -2152 -606 1174
-14492 -2636 -7500 -2071 -1164 1923
-14720 -2252 -8008 -1915 32 2074
-14300 -1704 -7948 -2339 -290 1589
-14924 -1460 -7328 -1481 -1038 1498
-13944 -1984 -8876 1856 -1314 3682
-16332 132 -4140 2052 -2289 3910
-14892 -372 -7560 1235 -2340 4332
-16020 456 -6552 208 -3845 4749
-15960 1164 -5756 -640 -4199 5165
-15620 648 -5340 -2411 -4164 5215
-16092 1424 -5652 -1707 -3218 5409
-15608 2668 -5000 -1905 -3445 5604
-16928 2728 -5980 -2184 -4002 6747
-18672 500 -5052 -810 -4096 7821
-17548 772 -4028 -4699 -3260 8022
-14528 4844 -2892 -1404 -5304 9059
-13852 8244 -5212 -2595 -4582 10431
-16580 7148 -7376 -1369 -4067 12576
-15844 7156 -3024 -6291 -4472 11620
-12460 1292 -2340 -7687 -1687 5740
-7528 1476 -2452 -782 1300 -151
-4988 356 -2812 503 5939 -8324
-10436 -1616 -3584 4033 6079 -15382
-14484 -1304 -5880 3553 7349 -21392
-18540 -2528 -5360 4504 9844 -25016
-22124 -2444 -6428 8844 12259 -26669
-25216 -816 -7124 9428 12442 -26583
-24768 604 -6400 5363 11384 -24468
-21492 2072 -3108 3608 9152 -18996
-17968 7460 -1596 5939 6813 -10699
-15956 7960 -1972 3882 1736 -127
-14800 7100 -3088 1371 -598 7182
-14672 5344 -3500 -359 -1662 10922
11900 -32768 -32768 12257 9944 -4731
-16056 -4212 3800 -14 2904 6832
-19628 -2232 -15748 4210 2608 7335
-14552 -2596 -7200 -6792 -3086 5671
-14604 -3848 -5572 -1917 2217 4042
-13656 -4212 -8788 -2749 75 4060
-14400 -3560 -7824 120 22 4531
-14492 -2732 -7292 -67 -619 4989
-14256 -2840 -7268 3 -1042 4476
-14716 -1292 -6580 -213 -1025 3926
-14908 -1284 -6932 -2066 -931 3132
-14808 -524 -7764 -2097 -624 2709
-15152 -700 -6264 -1707 -356 1852
-14688 -72 -7240 -1952 -760 734
-15116 -984 -6380 -1230 -779 1109
-15124 -732 -7492 -1462 -1414 1698
-15188 96 -6496 -751 -1463 1824
-15076 76 -6664 -869 -1614 2030
-15184 668 -6304 -849 -1716 2363
-15524 1056 -6996 -1074 -1390 2244
-15508 596 -6464 -2128 -2110 2668
-15928 1156 -6008 -1875 -2305 3635
-16100 1224 -5416 -3097 -2606 3757
-17424 128 -4044 -3197 -3607 4494
-15728 932 -5236 -2891 -3972 4754
-16904 3612 -8212 68 -3613 6052
-18472 92 -3372 -6360 -4461 6227
-17720 1524 -3752 -4618 -6483 10408
-17632 6644 -10388 -4531 -5689 15389
-17128 6052 -7496 -9305 -5298 14151
-7572 3408 -5204 -9421 1888 8300
-7992 -1296 -908 -2130 -1681 490
-7256 -456 -336 50 1946 -6190
-9496 -40 -752 3470 4134 -11776
-12540 1008 -2564 3050 6107 -16305
-17052 140 -2700 5057 7602 -19005
-18868 -16 -4436 10424 9217 -19386
-20376 268 -6480 11683 10547 -20042
-22212 -144 -7848 9063 9415 -20166
-21804 536 -8212 5121 8778 -18833
-20480 -256 -5916 3083 7968 -15194
-18360 1164 -3244 4071 6356 -9789
-15612 368 -3160 5951 3972 -4518
-14212 1884 -4328 4236 2183 -371
-12544 -112 -3524 2548 886 2171
-12680 -1368 -3812 3782 165 3928
-12192 -1588 -4644 3581 87 4542
-14428 12 -5120 -774 -552 4857
-12860 1408 -30404 -7941 1584 -6901
-20100 -15984 -7704 9239 2627 9191
-16452 -404 -8900 -974 -1073 8914
-14460 -3528 -3956 -138 -231 7109
-14192 -3164 -6716 -304 1353 5603
-14508 -2888 -7200 -1206 -62 4428
-14808 -2268 -7176 -1490 231 3565
-14468 -2828 -6816 -758 263 3035
-14712 -2344 -6528 -526 125 2113
-14796 -2308 -7560 -448 473 1615
-14720 -2568 -7452 -234 -2 2236
-15268 -1564 -7408 -331 -595 2490
-14684 -1412 -7348 -446 -319 1626
-14952 -2064 -6688 111 -192 1617
-14668 -696 -7612 -294 -525 1666
-14908 -1068 -6592 -443 -657 1184
-14856 -1156 -6664 -247 -522 960
-14756 -972 -7068 -199 -733 1366
-14932 -920 -7020 8 -874 1610
-15160 -636 -6644 -137 -1185 1771
-15008 -752 -6888 -190 -1507 2033
-15128 -284 -6452 -42 -1958 2493
-15352 -100 -6584 -721 -2387 2954
-15364 616 -5976 -1492 -2614 3127
-15476 908 -5900 -1476 -2702 3357
-15836 1348 -5508 -1759 -3047 3447
-16456 1360 -4956 -2746 -3113 3574
-15804 2712 -8004 -2011 -3797 4432
-17936 1676 -5984 -876 -4083 5020
-17012 2144 -2976 -3959 -3239 4715
-14600 2560 -4548 -3977 -3309 4804
-16416 3340 -4152 -4847 -4092 6422
-16096 3720 -5028 -1696 -3960 9251
-16324 4268 -2720 -5277 -4712 9903
-17604 6068 -868 -4323 -5640 10949
-14336 2612 -2060 -4203 -1540 6186
-12284 2964 -1596 -3027 -2119 4314
-11968 4004 -1476 -3184 568 -26
-14224 4728 1644 -1397 982 -1881
-16268 6700 1020 2735 1363 -4222
-17912 8884 -532 3423 14 -5206
-16004 10576 -532 3278 81 -4714
-13488 8352 -1456 3370 2348 -6169
-10632 7944 -1724 4217 4610 -7917
-9260 6896 -1480 3269 5890 -10049
-8912 5404 -528 6742 7663 -9827
-10256 7836 -1800 7528 7861 -10098
-12552 8676 -840 4182 5864 -7914
-15364 7732 36 2371 3854 -5124
-16144 3300 -428 3204 1461 -2578
-15736 3340 -2560 6031 413 -527
-14896 2340 -5700 2440 -193 -412
-14308 1136 -4256 766 17 625
-14324 2480 -5148 557 644 832
-14796 1092 -3008 -563 -600 3544
-8068 1256 -3828 2665 630 4829
-10132 -15948 -4196 6449 -3337 365
-13816 12184 7036 148 -2003 5971
-18724 2780 -184 718 630 2135
-14908 3668 -5260 599 1706 -469
-15028 2992 -5028 860 2037 -1843
-15444 2656 -5392 1325 1213 -3144
-15268 2164 -4544 791 2564 -3452
-15256 2172 -5676 -715 3293 -3189
-14536 1180 -7556 -1245 2342 -3327
-15000 476 -6628 -203 1366 -3143
-14952 580 -6220 6 909 -2637
-14768 440 -6324 -1284 -1 -2570
-15160 72 -5860 823 352 -1919
-15352 364 -5900 -210 1102 -2947
-15476 -3212 -7588 -1116 775 -2007
-14700 176 -7312 779 146 -1262
-15448 332 -6424 -827 -65 -2396
-14780 -1628 -6848 -40 -203 -1176
-15220 -704 -6696 311 -637 -319
-15180 -2664 -7084 -290 -1441 1082
-15192 -720 -6488 422 -2313 2496
-15312 -728 -6308 487 -2600 2529
-15228 -172 -5636 -144 -2535 2395
-15532 -48 -6676 149 -2957 2204
-17692 -600 -6304 150 -3353 1851
-21796 -2028 -6168 -2626 -2548 2418
-19092 -3568 -6032 -5210 -2139 2687
-18936 -2248 -4084 -891 -6949 6719
-17376 7412 -2072 5787 -5172 7564
-15184 4560 -5308 -1993 2196 2456
-17156 5968 -1580 -6575 -5821 12646
-16008 3568 -2716 -3132 -2748 11081
-18972 3364 -4056 -5267 -1948 12335
-19572 1956 -5852 -9059 -2737 13019
-16748 -516 -4008 -5941 -2238 10666
-12584 820 -3236 -1187 -664 6002
-9792 2516 -3104 3499 2826 -928
-9300 4880 -2352 5491 2989 -6034
-9288 6748 -1844 5953 3286 -11271
-10360 7792 -816 6840 4272 -12799
-9484 7128 -2012 7989 5431 -12363
-8596 5860 -1676 5647 5678 -11431
-11064 6848 -2000 8859 5271 -11450
-15844 8908 -3828 6068 3671 -8697
-16792 8052 -4044 2156 1162 -6237
-16412 5384 -2744 342 -183 -2264
-15420 4044 -1992 1384 -303 72
-15412 6556 -2700 -2335 -2269 3535
-5004 2748 1732 310 -3975 6830
-32768 -26252 22956 -8941 -26212 9555
-16492 832 -1784 -983 -1012 2205
-14924 3016 -5136 1501 1759 -1305
-15340 3340 -4700 -355 2892 -2232
-15028 1964 -6088 -111 3687 -3617
-14948 2028 -6076 -1085 2969 -4950
-14816 1092 -6224 -527 3184 -5619
-14792 -660 -7412 -607 3113 -5352
-14440 -1032 -7420 485 1646 -4016
-15428 -1400 -6248 872 1709 -2455
-14808 -972 -6996 396 1394 -1706
-15168 -1192 -6764 -270 1032 -1088
-14784 -616 -6968 -67 757 -930
-14884 -1764 -7060 -216 595 -1326
-14848 -1432 -6804 85 617 -473
-14728 -1396 -7848 -232 326 -362
-14664 -2208 -7932 -191 -809 708
-14976 -864 -7284 140 -1195 1127
-14764 -2108 -6912 -239 -1160 1557
-15124 -628 -6804 -530 -1489 2270
-14980 -1132 -7188 -584 -1909 2712
-15244 -572 -6704 -969 -2064 2594
-15152 -440 -7144 -120 -3028 2827
-17872 -1136 -6204 805 -3492 2502
-20004 -4352 -6996 -2968 -3234 3453
-19984 -4808 -6104 -7837 -2312 2816
-18412 -1748 -3208 2167 -6576 6986
-16868 7544 -4176 9621 -4487 8335
-15652 4084 -8392 1225 -755 1041
-14440 2972 -4468 -5033 -3054 4947
-13880 3976 -2788 -1603 -3196 5954
-12268 1904 -2508 -5036 -3913 5422
-18664 -460 -3788 -3438 -5544 6526
-22368 2516 -5492 3675 -6113 11216
-22488 3340 -7776 2434 -4598 11383
-17204 3120 -7908 -3871 -2987 7074
-10668 668 -2444 -3190 776 -126
-5992 2060 -1956 4192 5995 -8968
-6784 2992 -1104 4153 8502 -15767
-8836 4376 1628 6306 9368 -18107
-12392 6984 900 5223 7886 -17957
-14032 8572 3772 6269 5036 -12438
-16648 11392 612 7161 622 -7514
-15296 9496 -1060 6836 -2356 1364
-12524 12384 -5304 6253 -923 5970
-13304 3976 -556 -2322 -19271 380
-15508 5152 11540 1797 1567 7205
-17468 344 2456 212 1566 2829
-16252 3196 -2568 1175 3100 -200
-15692 3024 -4672 884 3696 -1810
-15176 1624 -5628 -712 3761 -2553
-15304 1648 -5872 -1555 3135 -3142
-14160 1760 -6308 -1696 2687 -4260
-14792 1192 -6360 -1309 2974 -4910
-14984 236 -6732 -1826 2376 -4516
-14572 -768 -7588 -1406 1658 -3700
-14948 -760 -6796 -187 1203 -2480
-14852 -188 -6528 100 622 -1932
-14984 -1292 -6980 -87 840 -1332
-14564 -692 -6848 75 718 -1919
-15148 -1948 -7272 -318 453 -1386
-15980 -1360 -7004 528 -113 -713
-14840 -1320 -7220 413 16 -134
-14436 -1808 -7844 868 -881 1011
-14544 -956 -7944 144 -1663 1006
-15128 -1252 -6528 -58 -1307 908
-15028 -844 -7152 -492 -1456 1185
-14972 -1068 -6856 358 -1969 1830
-15332 -1012 -6292 499 -2411 2525
-15348 -548 -7584 2492 -2419 3192
-19784 -296 -7348 350 -2588 3185
-22088 -7816 -4856 -3961 -1728 3864
-19136 -4100 -8980 -5917 -2888 4457
-18844 -4516 -5856 -171 -10616 10322
-17648 8356 -2616 2068 -6158 8700
-18068 4860 -3228 -2993 -314 5872
-17476 7036 -1972 180 -8090 14853
-18312 3264 -3272 -1508 -5300 13217
-16380 4292 -3620 -6754 -5795 12964
-12524 -1376 -11904 -5899 -5878 7812
-11916 1280 -3260 2516 -1900 3703
-10596 2704 -4360 4565 -246 -1484
-8828 3380 -4824 2671 2646 -8109
-10108 5616 -3628 2073 4900 -12848
-11668 6188 -1784 3087 6791 -14602
-12008 7948 -1488 4926 7569 -13312
-12028 8600 -1680 5510 6718 -11777
-12428 8524 -2356 4033 5355 -9671
-11656 5196 -1588 3209 3757 -7178
-11312 4412 -2712 4902 3539 -5009
-14952 4700 -3132 5204 2710 -3332
-16484 4284 -4476 4098 848 70
-13864 3680 -4504 2369 -545 2547
-15412 24 -7180 -1926 -4306 3952
-17180 2784 -5000 445 -2115 3100
-15864 2984 -4100 1320 -564 360
-15304 2348 -4444 1322 1767 -1815
-15072 1316 -5168 974 2995 -3139
-15068 1072 -6648 -466 2847 -4554
-14864 -248 -6248 560 2807 -5040
-15416 -1260 -6028 772 2156 -4004
-14760 -2040 -7104 -323 1950 -3277
-15104 -228 -6948 434 1260 -2297
-14888 -1752 -7008 -496 1330 -1722
-15044 -1352 -7256 115 348 -747
-14928 -1440 -6652 -424 96 -1158
-15004 -688 -7452 -495 191 -1162
-14876 -1620 -7476 1351 -858 -255
-14464 -1912 -7236 294 -915 210
-14740 -1308 -7280 -933 -812 -93
-15024 -1936 -6912 -816 -548 218
-14732 -1956 -7000 -686 -948 893
-15004 -1860 -7736 92 -1240 1695
-15092 -1044 -6648 -362 -1469 1786
-14824 -1420 -6968 -492 -1952 2271
-15796 -628 -6536 -504 -2590 2813
-15592 -2496 -5468 -1043 -3627 3990
-18440 -584 -6964 -1678 -3260 4073
-21056 -4400 -8844 -4286 -1466 3013
-19920 -4908 -5984 -8022 -2809 3682
-20296 2432 -4888 5627 -8896 8821
-13280 12692 -5920 4409 -5785 6376
-14508 1808 -11720 -8126 -352 199
-13364 2772 -2832 -8713 -3285 4033
-13776 3912 -844 -1212 -2068 5410
-15144 2948 -3548 671 -4063 9909
-17516 2468 -4420 1022 -4870 13043
-17428 2956 -4484 -2062 -5037 12909
-14208 4484 -1616 -2133 -2973 10175
-12304 4524 -1640 -1932 -1300 6347
-13604 3044 -2036 664 585 2351
-12072 3016 -3596 4388 1926 -1894
-11592 2636 -5344 3879 2456 -7472
-10768 3964 -4064 4412 3969 -13140
-11652 3792 -3168 11314 7036 -15516
-12420 7220 -4876 14179 7624 -16142
-13680 9212 -6008 5470 5167 -15291
-12796 8756 -2920 647 3565 -11850
-12520 8180 -860 1581 2972 -8115
-14224 7140 -1120 3355 796 -3070
-13940 7256 -3636 2786 -884 2267
-32768 18140 -21876 2342 4931 3963
-7512 5280 -10760 682 -5559 5037
-15656 1560 -4792 3218 -1434 2759
-15452 2044 -2836 799 -355 1247
-15256 2348 -4672 348 1285 -1006
-15040 2512 -6232 354 1579 -2583
-15108 1152 -5020 1691 1596 -4025
-14872 556 -5300 1352 2507 -4540
-14908 440 -5780 280 2981 -4787
-15056 -208 -6592 -227 2608 -4236
-15056 -1988 -6988 200 2271 -3168
-14936 -1476 -6016 542 1225 -2410
-14960 -1040 -6712 338 960 -1750
-14556 -1128 -6592 -172 1357 -1421
-15096 -1472 -7112 -272 954 -1851
-15028 -2272 -6908 -611 -1007 346
-14992 -2084 -7228 319 -1512 2126
-14892 -1204 -6744 -111 -1469 1636
-15052 -1276 -6660 -151 -1460 1933
-14964 -888 -7020 -512 -1952 2085
-15552 -1644 -6592 -201 -2205 2580
-14940 -664 -6324 -977 -3903 2623
-16284 -1096 -5744 -302 -4199 3902
-17648 -16 -6952 -1827 -3958 3848
-19700 -356 -2724 -3842 -2381 3857
-22480 -2560 -9292 -6785 -1215 3218
-16336 14020 -7184 2008 -4408 6587
-17552 13960 -2108 -20117 -759 -2675
-15768 2132 1356 -16673 -5867 3475
-14368 1352 3216 -1425 -7206 9855
-14076 324 -1436 7771 -6493 13136
-15080 -192 -4988 9263 -5928 15303
-14072 -460 -7404 5552 -4971 13176
-10368 -412 -6272 158 -3352 6766
-8216 -888 -5300 -507 -961 -1048
-8752 -2108 -4288 1572 2054 -8063
-9916 -2216 -3780 6915 6299 -14715
-12688 -904 -5220 7452 9623 -20544
-18392 920 -6284 2092 11859 -25198
-23328 -920 -4768 -1128 12212 -25580
-24340 432 -4076 5967 12331 -21907
-22064 1704 -5452 7515 9636 -16724
-18272 3016 -4216 5101 7011 -11568
-16104 2952 -1772 5776 4355 -5812
-14904 4644 -3044 7243 2584 -921
-14252 5692 -3824 5153 872 3175
-18880 -32768 -4824 -449 -10054 4789
-17836 -6824 -2972 -2136 1695 10459
-13812 -2536 -6044 3010 2226 4753
-14128 -4196 -9836 -5806 -535 5660
-14156 -4116 -5360 -1298 1466 4548
-14692 -3840 -7092 -1523 843 3990
-14224 -2772 -7488 -2531 -204 3587
-14608 -2384 -6648 -1814 497 1499
-14184 -2596 -8512 -2549 590 388
-14156 -2988 -7956 -1391 58 250
-14176 -2824 -7952 -1459 -8 481
-14384 -2704 -7588 -760 -327 973
-14204 -2712 -8004 -485 23 1002
-14424 -2304 -7740 -376 -224 794
-14384 -2404 -7888 100 -119 322
-14496 -2424 -7864 186 -475 503
-14664 -2240 -7880 -53 -817 676
-14552 -2004 -7648 609 -991 542
-14688 -1660 -7208 243 -1133 10
-14600 -2400 -7548 10 -1237 288
-14532 -2276 -7448 650 -1590 956
-14848 -1848 -6904 1384 -1304 1173
-14720 -1936 -6760 910 -500 725
-15184 -2180 -8128 555 -1512 654
-14560 -1724 -6208 8 -1733 1205
-14864 -1276 -6948 -317 -1475 612
-15048 -1740 -6468 -267 -1666 581
-14992 -1212 -5852 -151 -1138 526
-15136 -1316 -6400 -320 -957 399
-15072 -1480 -6168 6 -1260 815
-15112 -1032 -5536 385 -1049 1005
-14952 -780 -6008 -18 -946 504
-15244 -1148 -5376 353 -536 334
-14940 -908 -5884 296 -511 209
-15060 -936 -5764 335 -545 21
-15312 -1116 -5636 332 -225 -141
-15124 -1104 -5644 406 -149 -51
-15180 -1008 -5516 412 -301 103
-15008 -1004 -5592 630 -184 43
-15256 -852 -5224 501 -132 -137
-15232 -1044 -5624 617 70 -299
-15288 -1084 -5436 592 5 -282
-15360 -1368 -5508 698 76 -288
