-14220 4600 -7044 504 21 30
-14272 4556 -6952 547 0 4
-14156 4708 -7096 558 29 51
-14340 4640 -7084 567 36 39
-14232 4588 -6984 582 38 13
-14232 4600 -7016 582 71 61
-13808 4828 -7264 730 33 -24
-14220 4712 -7020 532 -21 -16
-14224 4636 -7044 494 -25 -11
-14156 4668 -6928 500 -34 -45
-14240 4692 -7100 512 -35 -41
-14248 4644 -6936 518 -85 -42
-14240 4588 -6940 542 -73 -6
-14228 4600 -7096 593 -47 4
-14224 4668 -6940 454 -30 -23
-14156 4592 -6924 532 4 28
-14244 4536 -7004 630 59 103
-14192 4668 -7104 677 93 131
-14288 4932 -7352 675 -8 18
-14316 4800 -7084 465 -39 21
-14260 4752 -6924 426 -65 -30
-14172 4588 -6976 355 -50 -57
-14236 4712 -7012 427 29 -12
-14052 4604 -6976 515 85 7
-14232 4744 -6980 537 -11 59
-14144 4704 -7000 505 110 66
-14200 4620 -6948 437 87 46
-14276 4616 -7056 479 105 55
-14324 4668 -7176 506 12 27
-14292 4712 -7040 511 -17 -2
-14300 4696 -6880 532 20 66
-14200 4620 -7248 585 47 29
-14120 4716 -7048 587 33 46
-14224 4796 -7044 561 -30 40
-14188 4724 -7096 529 50 47
-14296 4756 -7056 436 56 59
-14140 4800 -7116 503 88 23
-14196 4644 -7116 511 20 36
-14176 4792 -7248 520 43 38
-14168 4712 -7096 512 11 10
-14100 4844 -6972 506 -6 43
-14076 4840 -7100 522 14 8
-14160 4844 -7184 523 1 14
-14132 4944 -7204 504 36 26
-14080 4720 -7256 499 5 6
-14184 4924 -7008 523 30 49
-14120 4720 -7180 513 49 0
-14040 4796 -7084 518 -9 30
-14228 4828 -7224 486 6 -4
-13900 4632 -7140 531 -21 15
-14212 4836 -7136 462 31 49
-14112 4792 -7176 495 91 46
-14012 4820 -7356 517 35 31
-14168 4836 -7072 502 65 74
-14120 4828 -7152 510 -41 47
-14132 4852 -7060 490 75 68
-14076 4948 -7180 447 67 16
-14112 4680 -7096 370 28 38
-14212 4836 -7228 436 101 24
-14060 4884 -7284 434 125 69
-13856 4880 -7404 467 281 -63
-14184 4888 -7436 320 403 115
-14052 4700 -7516 227 337 196
-14160 4776 -7524 352 420 232
-14140 4840 -7500 236 317 273
-13860 4944 -7684 110 401 296
-13888 4976 -7540 104 457 340
-13760 5032 -7812 172 804 447
-13604 4932 -8068 348 1235 233
-13844 5052 -8592 401 1198 738
-14512 5064 -8472 -77 642 1143
-13132 6004 -9044 -1350 384 2565
-11392 8712 -8324 -3355 1403 3274
-15052 6132 -7528 -2192 1917 2378
-15468 5560 -6772 109 246 2029
-14156 6808 -7176 105 -1280 2303
-12912 6452 -6220 -402 -2313 1620
-13472 6104 -6020 -387 -1540 1636
-13068 6972 -4528 367 -1733 642
-12780 6580 -4876 1356 -1397 359
-12712 5532 -4892 2554 -295 -155
-13676 5956 -5104 3885 11 -42
-14584 6232 -5300 5543 -1898 -9
-9892 10200 -14080 1524 -468 -77
-16460 8328 -10056 996 1544 3218
-11104 5380 -5180 5748 -2413 1450
-13408 11252 -8432 3091 -30 2693
-14784 9176 -6868 2380 691 3050
-14684 10220 -8380 1058 348 2035
-14400 9580 -8952 1052 1793 569
-13548 9092 -9940 943 3037 296
-11432 7800 -9884 1783 3335 -895
-11564 6788 -10468 3219 4290 -2346
-11592 7804 -10792 2197 2722 -3119
-12044 6004 -9908 2334 1152 -3979
-12064 4760 -11084 3266 478 -3681
-11168 5336 -10408 4043 992 -3148
-11032 6136 -9564 3801 -258 -3501
-10780 4056 -10508 3520 64 -4312
-11876 4308 -9616 2293 172 -4450
-12020 4088 -10252 897 -1 -4212
-13220 3948 -10284 -675 291 -4676
-12576 3168 -11040 -1855 -3405 -5126
-11252 3312 -9004 -2743 -601 -4219
-13496 1976 -9452 -3762 2341 -1425
-14356 2816 -8660 -4511 494 -591
-12924 1828 -7996 -3850 75 522
-14788 3340 -9668 -3016 1547 1593
-11184 2048 -13304 -1214 1832 1425
-15256 5420 -11128 1529 2688 -3335
-12012 1216 -8944 -3348 -450 52
-14780 2288 -11156 483 3731 -567
-16976 4344 -13212 728 2107 -854
-18056 6052 -13992 -59 -268 347
-15712 5608 -15104 -911 1000 2644
-11220 4540 -14776 -2131 -1101 4354
-9556 5764 -10536 -2534 1686 4360
-11712 4676 -10112 -1316 -755 3662
-12304 4688 -7988 -1424 -2571 3371
-10896 6000 -8592 -2050 -3361 2142
-10676 5920 -8856 -2788 -6514 2907
-13360 5788 -8408 -2012 -6198 829
-10688 7840 -6516 -3053 -6561 802
-11428 6872 -5984 -569 -4209 -104
-12104 5652 -5536 1661 -1131 -118
-12548 7156 -5628 3348 -463 -75
-13884 6072 -5900 5304 -2289 200
-13388 4696 -6504 6101 -1675 200
-12652 10016 -7196 4478 4667 2885
-14752 5756 -7516 -495 -2904 2281
-11332 6408 -6424 5287 -850 1568
-13292 9448 -8084 1426 496 3991
-16068 9600 -7240 -814 -1687 2860
-13172 9220 -7972 952 -271 1833
-15692 10108 -10384 1278 893 2096
-15356 11088 -10220 2402 1432 747
-12532 8584 -10188 2416 4090 -1520
-11604 7764 -9844 1882 3908 -2661
-10636 6460 -9028 2284 2909 -4228
-11224 6344 -8180 2556 1564 -4093
-9800 4040 -8860 3162 512 -3877
-10932 4664 -10160 3011 1545 -4302
-11152 6048 -8844 1672 -1361 -3939
-12308 4796 -10072 731 -2498 -3965
-11804 3412 -8480 916 -1188 -3623
-12620 3516 -9376 595 -1245 -2560
-13136 3584 -8772 174 -276 -2886
-14544 2672 -9120 -145 -196 -2745
-13424 2820 -8604 -735 -120 -888
-14032 3276 -7688 -2095 -506 -1244
-13900 2488 -8264 -2379 -199 -962
-13940 2900 -8348 -2891 1107 -391
-12888 2792 -10648 -1431 2090 547
-16244 4704 -10912 1130 3596 -2547
-15820 2712 -9588 -2244 2133 558
-16092 3528 -12084 180 1923 638
-16412 5924 -12248 344 2476 1098
-13880 5780 -12628 -1624 1626 3237
-12160 6952 -11152 -2252 601 3778
-11760 5848 -10080 -1975 99 2910
-11964 5576 -9584 -2510 -307 1995
-11208 5808 -9288 -2742 -1096 721
-11996 5868 -9312 -3140 -2214 2200
-11804 6720 -9196 -4079 -2455 2971
-10388 7244 -8080 -4146 -4302 1775
-9576 6148 -6388 -2825 -3388 845
-11236 6788 -6592 -1609 -1831 -62
-13068 6504 -6988 -904 -2310 -930
-13360 7112 -6508 -717 -2554 -797
-13508 7600 -5612 -180 -3035 -120
-13044 6316 -4248 1034 -3025 -542
-12936 6460 -4756 2053 -1373 422
-13296 6780 -4908 2925 -1288 1064
-12972 7368 -5084 4606 -1885 769
-13712 7880 -5732 4477 -1329 1338
-14640 8260 -5420 3783 -1419 2501
-14676 11512 -8340 1456 -2212 2785
-20176 11304 -6844 1067 -2641 3612
-14560 9264 -7596 2589 2280 -1202
-12572 7688 -8380 3936 6796 -1689
-11744 7364 -9608 5084 4269 -2495
-12128 8040 -8072 4570 2659 -5039
-10844 4832 -7800 4228 -394 -4092
-9392 4224 -8692 4921 516 -3705
-10304 6372 -7796 4591 1272 -3115
-12316 3436 -10496 5165 1721 -2838
-12484 3936 -9836 5048 196 -2182
-12912 4332 -9388 4881 -538 -1264
-13524 4712 -8920 3033 -1392 -1333
-13444 3288 -8556 2059 -1330 -2229
-13460 2964 -8840 1338 -447 -2207
-13988 2756 -8776 -158 42 -1769
-14084 3252 -8100 -1829 -9 -1227
-14056 2196 -7888 -2126 129 -1031
-14024 3016 -8884 -2217 397 -787
-13684 2956 -8232 -1667 896 474
-13724 3312 -10504 -1747 1821 962
-14412 2260 -10512 -1736 2858 1885
-14788 3184 -10356 -1743 3067 1435
-15428 3668 -10244 -2213 1903 20
-15340 2152 -10968 -1219 1547 388
-16184 4776 -11652 228 1862 535
-15300 6672 -11612 -408 1194 1221
-12688 5952 -12204 -1111 -1767 2291
-12792 5740 -11020 -761 -2238 3225
-12184 5912 -9848 -224 -1598 2846
-11432 7628 -10128 -1887 -1748 3254
-10844 6268 -8932 -2837 -3046 2777
-8300 6224 -9356 -4158 -3096 2034
-8636 6840 -7356 -4628 -507 1368
-11712 5236 -7948 -2569 558 -42
-12560 7428 -9068 -596 1437 752
-13952 8644 -9788 -1599 616 1885
-12716 8456 -6880 -2921 -3084 1880
-11312 6988 -5600 -2737 -992 1335
-13156 6504 -5456 -1496 189 602
-13248 8244 -4492 -939 -1954 -437
-13336 6408 -4848 2 -739 -579
-13344 6708 -5460 1994 -616 -154
-12840 7600 -5536 3170 -999 213
-12696 7552 -6884 3760 -446 859
-13388 8580 -6696 3291 -1441 1187
-13232 8592 -6344 3463 -2156 924
-14440 9680 -6256 3823 -4210 810
-17996 12400 -6968 4146 -3 1255
-18132 9368 -8160 2792 -2353 -6
-11528 7388 -7832 3837 4352 -2312
-11504 7872 -10236 3399 1623 -1641
-11464 7568 -8884 3704 1513 -3186
-11516 6596 -9436 2519 -115 -4026
-10712 5228 -8668 2627 863 -4296
-9920 5368 -8324 2788 1074 -4018
-10872 4200 -8988 2919 900 -2980
-11992 4212 -9676 2786 1983 -2583
-12340 4704 -9392 2563 1958 -1860
-12472 4012 -9376 2642 1156 -1078
-14232 3492 -9596 2823 1312 -1254
-13636 4244 -9664 2155 -426 -1485
-13396 3644 -8448 1418 408 -1283
-14456 2696 -8988 1271 190 -1183
-13464 3788 -9204 -359 -135 -1363
-13496 3324 -8424 -2012 -569 -643
-14144 2764 -8756 -2140 159 -764
-13624 2780 -9108 -1966 865 -363
-12460 2928 -9196 -2165 1395 99
-13612 2580 -10908 -1885 3271 1207
-15516 5048 -9572 -2063 3561 30
-16536 3792 -12168 -2508 1705 135
-20528 4908 -13888 -612 1956 671
-17380 6560 -12668 -1553 -1501 3224
-12864 6120 -10828 -2241 -3680 3940
-11952 6212 -9368 -1654 -3283 3753
-11808 5796 -8576 -356 -4326 3584
-10340 6232 -7480 -241 -3933 2582
-9876 5472 -8020 24 -2552 1902
-10980 7148 -8548 -158 -2726 1352
-9796 6740 -7668 -1293 -3025 1590
-11528 7284 -6632 -1556 -768 1531
-12348 6280 -6220 -665 -1932 300
-11880 8192 -8376 61 -30 -206
-12556 7960 -6468 -84 -1198 -1156
-12832 6792 -6900 -390 -253 -333
-12648 7248 -5632 -426 374 106
-13152 6960 -5488 483 2087 365
-12936 6856 -6296 1075 1301 45
-13144 6736 -6136 1413 737 -35
-13880 7652 -5736 1499 1166 121
-13708 6812 -6372 1705 1062 -14
-13736 6692 -6460 2596 -79 169
-14228 8144 -7332 2278 -367 782
-16916 7704 -5480 2561 -2512 1711
-16920 10252 -7812 1527 -2640 1938
-17724 10316 -7892 696 9 973
-14848 7296 -9944 3679 2807 6
-11480 6408 -10212 4861 3815 -1922
-12324 7500 -9616 3869 1262 -3136
-11172 6452 -9068 2958 -851 -4689
-10108 5164 -8940 2657 -644 -4428
-9220 5084 -9376 2809 120 -3821
-10520 4420 -8548 2998 366 -3768
-11700 3088 -10292 3371 940 -2836
-12700 4636 -9540 2660 361 -738
-13832 3880 -9344 2650 -205 -1160
-13752 4536 -9380 1621 -215 -1359
-14128 3620 -8800 190 -699 -1509
-12916 2144 -9392 161 65 -1424
-13780 2368 -8876 253 -52 -1135
-13356 2328 -8848 -252 17 -1125
-13968 1988 -7356 568 -280 -1064
-14248 3620 -8848 958 -227 -1088
-13656 3644 -9004 -1970 -670 514
-14136 2704 -7796 -3605 841 1045
-14628 1580 -8712 -2699 1774 781
-14780 3004 -10628 -2637 3023 1113
-15232 3232 -9504 -2522 2293 -1763
-18336 2212 -10984 -1685 3837 -592
-18664 5520 -13580 -301 1696 337
-15408 7108 -11728 -2556 -59 2633
-13032 3924 -10368 -1159 -215 3100
-13316 4452 -10260 66 -2349 2021
-11540 5832 -8660 -1021 -3352 2044
-10404 6900 -7420 -2543 -4322 1263
-10488 4464 -8364 -2197 -3033 1253
-10092 4616 -9188 -1323 -2522 2542
-10044 7064 -6988 -1215 -2434 1707
-11064 5772 -7040 -322 -1784 1139
-12740 5572 -7680 360 103 1737
-13376 6320 -7504 822 -928 1173
-13232 6340 -6296 255 -2198 554
-13612 5368 -6104 1590 -864 -9
-13408 5508 -6564 2396 -1202 55
-13444 6256 -6008 3004 -2166 -328
-13644 6168 -5776 3143 -1792 -821
-14080 5832 -5800 3747 -1231 -1346
-14628 6408 -5608 3898 -1385 -1079
-15356 5952 -5392 4149 -1198 -866
-15168 4324 -5268 3483 -1898 -31
-14120 4304 -3596 5653 -2386 -360
-15440 7240 -7528 4208 -162 1762
-16436 8476 -8604 842 -267 3200
-12084 3740 -6132 3228 -1412 -325
-13392 5756 -8428 3733 1305 298
-11712 6208 -10048 2726 2073 -119
-12364 7732 -9796 1293 1012 -1441
-12244 6196 -8912 -623 183 -1852
-13156 4976 -9088 -629 360 -1799
-12960 5060 -8860 -262 183 -1798
-13360 5072 -9100 15 214 -1555
-13184 5024 -8924 -497 680 -2020
-13676 4732 -8664 -1021 1074 -1944
-14228 4164 -8328 -1359 1091 -2111
-13864 4296 -7788 -2071 863 -1878
-14008 3744 -7336 -2424 639 -1703
-14088 3188 -7356 -2861 720 -1114
-14256 3400 -7136 -3068 5 -552
-13888 3432 -6856 -2680 190 -223
-14416 4008 -6852 -2172 520 578
-14472 4300 -6956 -2187 1102 743
-13980 4088 -6628 -2888 1217 1340
-14272 3896 -7508 -2590 2360 1686
-16096 2640 -9996 882 4535 847
-16952 4180 -10044 2859 3721 -1124
-13136 4768 -8204 209 2272 -867
-12516 4964 -7508 -1002 2086 -1110
-13244 4512 -9876 233 3367 -515
-13924 6828 -11464 1164 1440 201
-12848 7812 -10644 -800 429 1315
-12700 6852 -8912 -1227 -1925 807
-11344 4900 -9892 102 -1835 -113
-11428 7020 -9812 -516 -1837 73
-12492 5548 -9820 800 -1666 23
-13028 6284 -9864 428 -1392 819
-12912 6588 -8536 115 -2293 864
-12344 5280 -8480 1126 -2298 959
-12520 4244 -8240 3320 -1070 830
-13576 5528 -8092 3925 -610 938
-14216 6112 -7408 2964 -706 933
-14156 5900 -7160 2132 -786 409
-13072 4620 -7288 2065 -871 80
-13144 4560 -6740 2267 -284 -34
-14116 4388 -7364 3274 -1100 -279
-14324 5060 -7300 3343 -1208 -243
-14152 5536 -6808 3115 -1083 -181
-14020 5096 -7140 2937 -836 277
-14516 4504 -6732 3406 -231 662
-15896 7240 -9428 2651 1048 2378
-15648 6848 -8848 1486 -640 2254
-14556 5692 -8156 1302 -1097 2531
-12800 5012 -7080 1901 -1808 1522
-12492 6088 -8284 1603 -795 1581
-13504 6348 -8600 295 -1807 1867
-12532 5148 -8812 308 -1339 721
-12220 5952 -9328 542 -574 -384
-12496 6352 -9900 166 -250 -1884
-11944 5904 -9544 -460 -300 -1957
-13156 5348 -9648 -801 -144 -1705
-12932 5628 -9276 -1197 -71 -2266
-13084 5040 -8928 -803 330 -1928
-13288 4676 -9116 79 545 -2208
-13484 4664 -8648 228 805 -1880
-13788 4708 -8060 -205 1294 -1779
-13744 4472 -7744 -1150 441 -1407
-14048 4396 -7176 -1810 959 -1462
-14276 3780 -6904 -2226 821 -1114
-14568 3992 -6980 -2762 88 -1036
-13936 4120 -6384 -2993 -254 -1172
-14232 3248 -6748 -2886 -98 -232
-14552 3436 -6832 -1986 -57 120
-14568 3780 -7288 -1945 411 241
-14036 3756 -6816 -2309 578 517
-14600 3184 -6752 -2461 1826 1018
-15212 3876 -8000 -1729 1820 1261
-16868 4352 -9236 665 2872 -286
-16052 6648 -7920 295 1773 -195
-14364 5352 -7488 -1222 -681 -575
-12164 4500 -8084 -431 19 -149
-12760 6232 -8364 -111 239 66
-13304 7328 -7780 -774 -548 -69
-13008 6332 -9332 -576 -87 416
-12356 6652 -8628 -623 -1047 1068
-12352 7356 -7720 -381 -1170 634
-13268 6132 -8148 -190 -801 466
-13472 5908 -7708 144 -1491 301
-12988 6848 -7640 -339 -1264 -136
-13332 7116 -6892 -1333 -788 -286
-13092 7276 -6764 -1919 -590 -583
-13816 5528 -6772 -1437 -194 -457
-13596 4868 -6536 85 -538 -157
-14136 5176 -5604 1263 -815 -5
-14608 4784 -5612 1713 -1745 -372
-14476 4720 -5132 2319 -2098 -611
-14340 4860 -4772 2330 -2555 -568
-13796 5132 -4700 2502 -2144 -497
-14684 4404 -4844 3945 -1401 -440
-14660 4576 -4816 4950 -1136 303
-14012 5176 -5120 5301 -870 790
-14108 5636 -5244 5361 -576 1057
-14800 6628 -4560 4253 -954 908
-17416 8600 -7568 3387 1946 2956
-16176 7332 -6228 1758 475 1774
-12952 3404 -5084 3841 -38 808
-13300 5172 -6924 3768 661 1007
-13444 6240 -7956 2135 470 1482
-12432 5904 -8036 1867 768 -5
-13260 5212 -8956 2233 1516 355
-12788 5540 -9188 1971 752 -150
-12416 5968 -9436 1862 755 -575
-12880 5876 -8860 1314 281 -774
-14092 5288 -8312 1324 67 -1244
-13784 5000 -9044 1645 -24 -2063
-13696 5380 -9140 2091 -318 -2274
-13284 4924 -8796 1932 -264 -2432
-13692 5120 -8104 382 784 -2395
-13660 4304 -7876 -512 805 -2164
-13832 3208 -7240 -1094 919 -1243
-14532 3352 -7448 -1314 1115 -689
-14240 3444 -7452 -1827 412 -646
-14412 3564 -7216 -2409 -237 -381
-14484 3388 -7344 -2474 3 -269
-14052 3180 -7660 -2159 223 -154
-13592 4032 -7024 -2843 439 -296
-14304 3688 -7292 -3971 1248 -49
-14228 2940 -7080 -4293 1277 359
-14620 2708 -7120 -3950 2127 768
-15112 3764 -7660 -3960 2000 852
-15680 3116 -9632 -1127 2077 416
-16644 5316 -10192 2127 3185 -1370
-14076 6240 -8528 -1784 -258 211
-12532 4320 -7532 -1601 -576 46
-12660 5568 -8560 -234 510 59
-13124 7412 -8760 -525 -926 1190
-12948 6648 -9288 -369 -176 1840
-12336 7300 -8424 -1082 -1565 2130
-12020 6764 -8696 -398 -845 2322
-12984 7408 -8340 -228 -87 2693
-12016 7364 -8292 -539 -1743 2015
-11300 8160 -7852 -1049 64 2634
-13328 7688 -6828 -765 133 2962
-13668 6468 -6172 719 -1091 1856
-11772 6760 -6300 1573 -982 1830
-14628 6376 -5912 1435 -4269 1720
-13212 6680 -5692 1944 -4257 617
-12364 7488 -4732 2179 -3304 195
-12572 7184 -4500 3002 -2106 -398
-12308 7168 -5656 2949 -621 -495
-13700 8236 -5232 2841 -1083 450
-13928 7284 -5720 3669 -468 1288
-14760 7996 -5068 4350 -792 1822
-15208 9912 -6908 2888 -314 2354
-16060 8316 -5236 2803 -2506 2865
-16096 10348 -7488 2933 -1211 1503
-15024 9924 -7452 2629 28 709
-10768 7012 -9364 3823 1674 177
-11016 8444 -8208 4000 4554 -1666
-11512 7184 -8620 3264 2774 -3030
-10420 6172 -9120 2869 2951 -3471
-10480 5696 -9048 2842 2657 -4868
-14096 6572 -10284 2104 594 -5465
-12184 4760 -9676 2004 -63 -5232
-11220 5132 -9312 1411 -640 -3917
-11608 4880 -9320 1706 -147 -1679
-12420 5004 -9848 1388 -296 -1535
-14232 4032 -8668 1435 88 -2261
-13272 3960 -8720 1138 121 -2707
-13412 3528 -8784 407 -270 -2640
-14500 3168 -8636 -136 -948 -2142
-14260 1364 -7976 360 -879 -1497
-13916 2792 -7432 -105 -728 -873
-14200 2648 -7760 -1204 -600 -483
-13828 2488 -7976 -917 475 94
-14376 2544 -8452 -1024 1092 199
-14524 3164 -9436 -1228 1975 516
-15224 3880 -8660 -1544 2569 -320
-15580 2668 -9872 -1864 2767 773
-15776 2720 -10444 -1040 2818 940
-16732 3608 -10864 -66 2864 626
-16848 5160 -11228 -435 1459 640
-14696 6308 -13204 -2220 752 1283
-11864 5872 -10740 -3417 850 2430
-12472 5128 -9608 -1813 -795 1992
-11508 5468 -10316 -1124 -391 2328
-10648 7236 -9012 -2767 -927 2894
-10112 6736 -8444 -3903 -1869 3104
-11044 5868 -8172 -4771 -426 3525
-8860 5528 -9352 -4250 794 3517
-10044 6724 -7200 -2952 -602 3154
-11848 6732 -7060 -679 -74 2573
-14184 7920 -6540 -427 -1819 966
-12064 7824 -6268 -575 -2165 339
-12704 7044 -6076 385 -2571 -328
-12080 6768 -5216 2108 -3124 -927
-12740 7328 -5952 2389 -2399 -1052
-13264 7832 -5816 3394 -1909 72
-14008 8184 -6252 2597 -2047 619
-12428 9068 -7472 1793 -372 1403
-14628 9164 -6448 1858 -507 2384
-14044 10128 -7340 3381 -1737 1072
-16764 12088 -7820 1506 165 1441
-14940 8768 -9264 3799 2769 -710
-11696 7848 -9796 4696 4198 -847
-11660 7884 -9812 4080 3502 -1992
-10460 7664 -8836 2127 1644 -3136
-10848 5456 -9512 2538 872 -3479
-12120 6064 -9888 3128 1026 -4923
-10508 5080 -8452 2466 -871 -4472
-10816 3908 -9612 2523 -254 -3219
-11532 3972 -9880 2860 123 -1089
-12520 3832 -10196 3649 -2 -622
-13184 4012 -10156 3868 -5 -1120
-12772 4320 -10200 3483 339 -1467
-13364 5580 -9928 1628 456 -295
-12808 2240 -8480 2362 -191 -2281
-16032 2524 -8888 3439 1234 -1006
-14136 3744 -8420 2288 -1035 -1602
-12588 4288 -8948 -163 -1063 -868
-13444 2568 -9692 -1594 -514 -116
-13980 2768 -9844 -2155 -620 193
-13392 2732 -9140 -1621 252 72
-14272 2856 -9844 -769 1338 -756
-15700 3716 -10736 -1748 1260 -806
-16760 3912 -11392 -2271 1514 21
-16768 4296 -12484 -2022 532 135
-17420 6656 -11808 -2613 225 604
-12840 6180 -11720 -4043 -1206 1685
-12124 5192 -10000 -2805 -728 3027
-12112 5184 -8892 -1782 -1257 2584
-11432 5700 -8252 -1715 -1228 2580
-10816 5300 -7780 -2105 -1654 2459
-9400 6732 -8760 -2437 -1291 3205
-10712 8012 -8416 -4021 -381 5374
-11748 6336 -8036 -1591 -226 4408
-10992 8244 -7740 -1466 -714 3768
-11480 8676 -7596 -1797 -2195 2519
-11988 8352 -6488 -2397 -2558 1284
-12520 8232 -5432 -1947 -633 546
-13028 7608 -5996 -782 197 467
-11676 8156 -5620 6 -1923 -107
-12344 7748 -4684 1119 -1823 92
-12288 8012 -4864 1854 -729 -491
-12812 7736 -5200 2572 -319 -847
-13504 7668 -5700 3076 -331 -475
-12996 8124 -5892 3188 -471 95
-12604 8708 -5528 3267 -1638 -103
-15072 9116 -5928 4046 -2347 2
-16608 11080 -6756 4077 -2960 716
-15624 14428 -9580 2370 -80 492
-13956 7464 -8976 3250 2523 -1412
-12152 7644 -8916 3768 3726 -2073
-11892 8256 -8836 2956 1431 -2470
-11528 5964 -10296 3799 1858 -4168
-11156 6264 -9704 3506 837 -5448
-10900 5480 -8668 2329 -357 -5650
-9460 4028 -8488 2353 -637 -5242
-10804 2680 -10380 3813 1623 -3364
-12708 4744 -9256 3064 602 -1845
-13604 4016 -9504 2440 -991 -1730
-13604 4116 -9392 2396 -873 -2349
-13488 3908 -9376 1683 -567 -2725
-13628 2596 -8628 1347 -407 -2556
-13520 2340 -8752 1068 357 -1727
-14268 2844 -8928 321 169 -1579
-13932 2892 -8716 -541 -214 -1097
-13840 1632 -7792 -1450 -852 -672
-14300 2036 -8280 -1077 474 -95
-13392 2100 -8308 -1238 1114 645
-13640 2628 -9160 -1201 2328 892
-13980 2960 -10168 -1550 3393 781
-14324 2316 -8884 -1737 2578 -73
-14472 1488 -9508 -1326 2851 401
-14812 2232 -10408 283 3183 342
-15932 3124 -10980 -163 2649 277
-17972 4784 -13180 -34 2444 547
-18828 8776 -12976 -2012 -89 250
-13184 6224 -12308 -4859 -539 2304
-10800 3948 -12512 -4655 965 4396
-12120 5760 -9816 -3081 -413 3785
-11664 4176 -8744 -2577 -3759 2474
-9868 5092 -8916 -1604 -2124 1925
-9576 5400 -8540 -1926 -2252 1885
-10140 5796 -8172 -1780 -2470 2047
-10560 6232 -8188 -695 -2430 1234
-11244 5912 -8784 938 -2334 958
-11528 8188 -10352 826 -886 2308
-13544 10768 -7832 -2382 -2079 1021
-12920 7312 -7180 -3242 -622 -314
-12844 5864 -6692 -1669 1076 -188
-12752 6464 -6480 -73 881 -149
-12716 7064 -6076 228 -835 -29
-12656 6284 -5280 1162 33 -425
-12616 5580 -6188 3030 1795 -173
-13200 7192 -7672 2997 1615 681
-13588 7220 -6216 2349 681 1362
-13956 8508 -8260 2144 -107 1735
-16188 10024 -8172 669 -1462 3189
-13896 9352 -7920 2098 -5887 3756
-15220 11344 -9056 2201 124 2616
-14868 10008 -10600 3146 2313 935
-12408 9424 -11432 3312 3219 -254
-11024 7912 -10452 3504 2683 -794
-10948 7368 -11200 4241 2251 -2387
-10292 7388 -10332 3718 1774 -4884
-9480 6504 -10656 2644 1259 -5517
-9792 5224 -9232 2362 -664 -4833
-10092 3532 -9472 2422 -446 -4168
-10304 4720 -10164 2401 -1026 -2410
-11956 4752 -10824 1939 -1066 -1551
-12420 5092 -10128 1894 -1762 -1763
-14016 3620 -9968 2539 -152 -2005
-12972 3924 -10056 2536 -1099 -2522
-13212 3928 -9992 1563 -927 -1861
-13200 3412 -9832 758 -1242 -1699
-13380 2712 -9120 952 -722 -1030
-13616 3560 -8564 103 -1121 -333
-13660 2220 -9308 -279 -489 441
-13924 2904 -8740 -1552 -860 955
-13600 2384 -8556 -1019 -252 453
-13952 2364 -8892 -1138 1050 476
-14128 2864 -9184 -932 2076 491
-16520 4452 -9888 -945 1865 -1414
-17292 3936 -12292 -974 2449 -639
-19968 4008 -13276 425 1222 868
-17940 8184 -13224 -1220 -1266 1354
-12140 7044 -11676 -4388 -2033 3917
-11720 5488 -10596 -3021 -610 4535
-10140 6180 -9188 -3159 -2485 3721
-9404 6232 -6148 -3750 -1256 3919
-8848 4576 -7264 -3106 -963 2532
-11936 6956 -7600 -1865 47 1931
-10740 6824 -7576 -2465 -1377 1583
-12000 6972 -7540 -1479 -4066 1011
-12652 6972 -6828 -662 -2122 101
-12256 7548 -6484 -1161 -1357 259
-12288 7972 -6076 -480 -130 498
-12420 7148 -6236 155 136 138
-12656 7180 -6104 1183 1 -156
-13104 6504 -5868 2012 425 16
-13452 6852 -6556 3167 922 276
-12532 7496 -6360 3093 709 1164
-12852 7740 -6432 3098 610 1429
-13116 8176 -6588 3075 201 1330
-15696 8076 -7196 4302 -1918 1598
-16660 13108 -9796 1695 -5426 4821
-17124 12388 -9072 1253 -3803 2932
-15004 11184 -10128 3740 4868 353
-10308 8636 -11272 3649 5669 -1243
-11356 7992 -9368 3805 2613 -3023
-11876 6492 -8528 2911 1554 -3669
-9180 5828 -8696 2864 -242 -4222
-8464 5228 -9392 3646 -1456 -4343
-9812 5268 -9568 3433 -1362 -4686
-9528 5860 -9748 1457 -586 -3349
-11656 4520 -10176 1455 -173 -1824
-13356 5492 -9608 804 -313 -1009
-13524 5188 -9332 1535 -35 -1639
-13312 4324 -9624 2054 -66 -1940
-13240 3028 -9652 2594 1227 -2756
-13120 3268 -9452 1874 1331 -1923
-14016 3664 -9180 1307 852 -1635
-13796 2924 -8944 772 49 -1431
-13352 3176 -9260 -3 -166 -596
-13448 2660 -9132 -425 -97 228
-13580 3720 -9268 -1507 -140 249
-14000 3292 -9764 -1563 905 877
-13348 3644 -9764 -1726 1067 967
-13864 3644 -9848 -1998 1795 1107
-13360 3548 -10428 -1995 1994 1483
-15600 4448 -10220 -1098 3730 -469
-15988 4952 -12804 -1481 1922 -471
-19456 6132 -13980 -300 3133 -121
-14460 8748 -14256 -3977 103 2185
-12332 6096 -11204 -3031 -871 3024
-12824 4396 -9916 -483 -2159 3389
-10840 6036 -8904 -759 -2744 2725
-8796 6344 -7516 -1657 -3265 1546
-8560 4660 -7824 -1248 -3187 1317
-8784 5448 -8460 -787 -2357 1422
-9812 6596 -7496 -284 -2185 648
-11368 7248 -8476 -21 -1298 -346
-13248 6612 -8716 695 -355 -634
-13432 7372 -7900 328 -671 -889
-13276 6388 -6988 569 -2237 -693
-13608 6584 -7088 1147 -1959 -433
-13452 6676 -7292 1951 -3118 -472
-12860 6872 -6156 2153 -3419 -1151
-13332 6004 -5880 2676 -3127 -1269
-13936 5952 -5912 3056 -3100 -1476
-14324 5880 -5332 3568 -2973 -1636
-14064 6196 -5540 3919 -1627 -481
-14488 6440 -4944 4421 -1708 -328
-14408 5520 -4700 4917 -761 -755
-18664 10472 -9868 1133 1260 3471
-11676 5872 -6904 767 -2021 -2549
-10348 3908 -7048 3718 2280 -2590
-14460 5332 -9208 1802 1545 -1216
-12612 4312 -8580 1968 764 -526
-13556 5224 -9600 1760 889 -168
-13780 5240 -9368 977 570 -1019
-13124 4656 -8928 1248 1117 -1619
-13352 4208 -8980 1175 1574 -1242
-14140 4060 -9216 1047 1685 -1316
-13560 3988 -8660 988 825 -1015
-13368 3684 -10012 1135 1433 -634
-13680 4364 -9480 804 851 -553
-13540 4236 -8712 -62 363 -582
-13896 3764 -8296 -790 162 -242
-13884 3788 -8096 -1535 142 395
-13880 3692 -8616 -1097 122 380
-13884 3324 -9332 -251 557 389
-13940 4324 -8596 -348 -84 723
-13804 4276 -8308 -457 -589 882
-13940 4788 -8392 -613 -900 862
-14152 4864 -8420 -239 -385 62
-13584 4512 -8100 -205 -351 -178
-13784 4548 -8144 -382 -160 -37
-13904 4604 -8104 -334 -99 -208
-13768 4668 -8400 -257 -10 -297
-13908 4620 -8048 208 63 -203
-14092 4612 -8088 210 -31 -215
-13792 4644 -8224 314 -39 -116
-13920 4604 -8252 310 -73 -98
-13668 4636 -8320 385 6 -70
-13704 4488 -8144 368 36 95
-14072 4776 -8216 406 86 147
-13844 4768 -8112 326 -108 107
-13772 4784 -8256 405 181 168
-13976 4896 -8272 257 52 121
-13936 4856 -8044 469 -108 123
-13768 4936 -7940 369 -101 40
-13620 5276 -8384 -81 181 -43
-13820 5276 -8624 -709 33 -128
-13724 5048 -8072 -1027 406 -236
