-14212 4664 -6876 862 45 137
-14252 4800 -6796 935 3 88
-14236 4664 -6736 1009 -4 138
-14260 4708 -6720 1038 41 103
-14220 4756 -6660 950 44 212
-14336 4848 -6724 892 32 179
-14180 4688 -6928 772 91 111
-14340 4872 -6684 783 28 130
-14348 4560 -6792 987 -33 22
-14232 4644 -6940 1118 -47 73
-14420 4656 -6884 1085 -158 82
-14192 4604 -6816 1080 -265 95
-14172 4816 -6776 960 -136 270
-14268 4664 -6856 960 -175 81
-14188 4768 -6968 863 -249 47
-14356 4808 -6980 806 -168 -13
-14200 4632 -6972 656 -114 -20
-14172 4676 -7032 437 -90 -15
-14248 4596 -6988 424 28 -3
-14200 4584 -6784 338 131 68
-14260 4768 -6880 291 137 121
-14260 4744 -6732 383 161 58
-14368 4692 -6712 322 54 84
-14260 4764 -6780 315 -12 55
-14336 4596 -6860 370 -210 -39
-14300 4692 -6828 495 -265 -20
-14228 4724 -6772 486 -241 -18
-14192 4776 -6928 407 -170 43
-14164 4656 -6664 355 37 144
-14344 4684 -6724 455 85 117
-14240 4756 -6652 422 25 57
-14312 4712 -6668 482 -22 24
-14192 4836 -6928 519 -51 7
-14100 4888 -6732 320 -129 -56
-14192 4692 -6884 353 -8 -4
-14252 4844 -6808 348 -118 -9
-14184 4812 -6796 416 26 70
-14092 4836 -6808 361 -9 43
-14208 4820 -6748 410 116 131
-14112 4824 -6756 315 183 149
-14288 4900 -6872 309 345 110
-14192 4828 -6884 298 347 -76
-14256 4744 -6740 191 130 -86
-14308 4696 -6696 281 269 104
-14276 4852 -6864 281 183 209
-14240 4860 -6820 413 275 264
-14144 4976 -7024 387 344 309
-14148 4856 -6932 364 320 196
-14016 4792 -6844 458 394 208
-14176 4464 -7104 714 388 111
-14152 4280 -6852 1159 56 457
-15032 3436 -7012 2327 -662 671
-15088 4224 -6372 2111 -2267 999
-13052 4984 -6876 1315 -1588 820
-11716 5928 -7008 278 900 510
-15852 5984 -7164 364 1893 888
-16064 5344 -5176 901 -878 280
-13940 4844 -6120 1182 -1933 798
-12552 4896 -4996 1226 -1548 -913
-12816 4632 -5188 2565 -1572 -2236
-12480 4596 -5368 3547 -121 -3597
-11348 3792 -5780 3826 -249 -2943
-10664 3300 -5192 3073 949 -957
-11328 3180 -5288 3026 1311 -1148
-12148 4524 -4500 2857 298 -645
-13160 3072 -4728 4546 -21 -426
-14608 6752 -9548 2983 271 51
-21952 8608 -14824 -246 2266 4791
-22012 5192 -4240 -4283 -4109 724
-13068 1356 -6312 36 -3853 -5883
-13500 2636 -7736 -382 1584 895
-11940 5848 -7532 -916 669 154
-15392 3644 -8148 -397 610 -96
-13504 2352 -7688 795 1410 -143
-14752 5616 -8932 279 1510 -534
-13660 3760 -7744 61 1553 -1634
-14984 2452 -8352 528 725 -2406
-13732 2736 -7868 1558 1290 -1008
-14504 3140 -7268 1975 921 -473
-14940 3292 -8284 595 475 -17
-15076 2820 -8372 -769 498 227
-14580 2872 -7904 -958 -68 -608
-13576 2364 -7880 -1509 639 -428
-14308 2452 -7764 -1600 1513 -316
-13916 2708 -7168 -1629 1117 -927
-13624 2508 -7992 -2243 1686 1028
-14024 3176 -7204 -2542 454 1723
-14336 2996 -7720 -2221 455 1471
-14344 3808 -6916 -2691 437 1394
-15324 3296 -7764 -3111 232 1200
-15192 3348 -9428 -2516 288 1108
-15244 6228 -8516 -1478 171 -403
-12436 4636 -8292 -2184 559 263
-14220 4972 -8000 -2350 -1085 888
-13552 4800 -8328 -1090 -1239 215
-13692 5120 -8188 -100 -678 1108
-13020 6852 -8588 -271 -1096 1701
-12316 7812 -6384 -307 -2043 960
-14228 6944 -7232 374 -1056 551
-14056 5848 -7004 1262 -1697 346
-13472 5696 -5912 1614 -1852 524
-13020 5592 -5888 2062 -1551 494
-13944 5912 -5264 2615 -2011 -793
-13728 4440 -5532 3539 -1472 -1434
-13508 4908 -5408 3928 -337 -1620
-14044 5620 -5368 3053 -591 -2136
-11536 4088 -4868 3237 77 -2582
-12460 3148 -4316 3836 507 -1991
-10884 3488 -4604 4671 -276 -1800
-10916 2416 -4528 4379 -352 -938
-10980 3884 -4068 3799 -1902 -1456
-13148 3560 -3384 3776 -3173 -2972
-21496 6656 -13884 2427 2788 3303
-30708 7240 -13340 -3879 142 4883
-17732 3996 -7160 -629 -3446 -3768
-14944 2980 -8936 210 437 -481
-12932 3312 -6496 -11 668 -1977
-12652 2888 -6928 -19 706 -1144
-12912 2460 -7892 1221 1324 -651
-13936 3888 -7720 1503 1691 -41
-15052 3156 -8208 1650 521 -262
-13392 3212 -8448 2225 845 73
-14520 3800 -7944 1319 721 53
-14644 2520 -7664 1221 618 364
-14472 2616 -7784 1327 1127 972
-14596 3564 -7572 530 1560 563
-14404 2828 -7712 -46 1654 266
-14480 2656 -7264 -406 1605 201
-14068 1980 -7872 -148 1564 825
-14720 3056 -7904 -2 1356 999
-14192 3236 -8060 90 929 804
-14420 3256 -7652 -310 941 671
-14356 2960 -7564 -1460 208 582
-14420 2996 -6976 -2502 106 934
-14484 2720 -6792 -3226 -690 1155
-14296 3368 -7176 -4426 -797 1932
-15620 4496 -11596 -2795 -1015 1302
-15292 4460 -9232 -78 1373 -2378
-12152 5268 -7856 -1985 671 385
-15008 5152 -7072 -2669 -1234 406
-13120 5260 -8100 -2079 -334 220
-14968 5796 -8428 -1334 -1093 681
-12840 6420 -7988 -1953 -1721 684
-11908 6528 -7224 -1792 -903 1081
-14204 6628 -6652 -1489 -1067 917
-14080 5956 -6876 -536 -2056 181
-12620 6380 -6440 -376 -1396 912
-13180 6432 -5436 20 -1219 -55
-13560 5228 -5684 1151 -199 166
-14076 5760 -5156 1988 600 722
-14616 5644 -6112 2441 282 658
-13952 5956 -6268 1641 341 272
-13608 5136 -5908 1720 -336 -205
-12852 4228 -5224 2982 265 -1308
-12884 4640 -4680 3185 137 -2542
-12476 3788 -5372 3399 98 -1717
-9776 4060 -4208 3160 -754 -1194
-9260 3188 -4008 4348 -77 -1062
-12988 4820 -5640 4556 335 -943
-13156 4824 -3744 3602 -1159 -1873
-13176 5204 -8668 2277 -2192 -1353
-23380 12340 -14736 -824 1756 4475
-24760 6212 -12672 -4897 -1267 1101
-16740 3992 -7292 -1149 -822 -4459
-13288 1000 -9500 519 1862 -1134
-12260 4800 -7640 371 2331 -1327
-12748 3528 -7040 395 893 -836
-14580 2880 -9160 1782 2797 -633
-14248 4236 -7892 874 1269 -997
-13780 3016 -8036 1559 878 -976
-13848 2696 -9040 2437 1833 79
-14356 3944 -8068 1491 804 758
-13964 2880 -8028 1691 682 495
-14524 3124 -8328 1364 1457 706
-14060 3500 -7948 149 1202 849
-14464 2576 -7436 330 917 373
-14940 2528 -7436 319 581 426
-14332 2972 -7736 523 292 338
-14300 3664 -8272 81 432 282
-14500 3988 -7392 -1538 -746 -28
-13956 2660 -6744 -2878 -914 77
-14496 2100 -7064 -3209 -624 737
-14404 2396 -7944 -3266 -960 1287
-15000 3576 -11776 -787 808 547
-14856 5452 -9616 -237 310 -1750
-13692 4324 -7696 -2123 -308 311
-14544 4808 -7560 -2551 -2625 -58
-12684 5736 -8220 -2096 -1475 1080
-13104 5892 -7604 -1660 -1335 602
-13252 5844 -6880 -992 -981 524
-14956 6216 -6624 -458 -1203 1076
-13368 5968 -6960 -263 -1743 1042
-12032 5916 -6968 -428 -196 1378
-13564 6584 -5496 -1181 381 914
-14280 4876 -5820 -226 556 -217
-13936 4736 -6120 1438 1091 -113
-13908 6208 -6908 1472 318 -65
-14448 5836 -7072 868 712 126
-13440 5540 -5756 1351 495 -341
-15056 3732 -5468 2514 -170 -564
-13860 2820 -4920 4235 -1326 -1434
-12652 4728 -4856 4563 -1155 -1731
-10808 4192 -4276 4312 -1448 -1443
-10228 3636 -3800 4075 -240 -1775
-10180 4028 -5280 4137 -995 -1032
-10568 1668 -3420 4097 215 -816
-13084 3696 -4760 6403 -1046 -2858
-21272 7888 -15044 3752 1635 3538
-30172 7588 -16228 -906 -1171 5354
-17740 6580 -4648 508 -4332 -4589
-12648 1636 -8260 1515 -231 -2384
-12716 2500 -8084 725 2127 -248
-14468 4180 -6908 534 631 694
-13496 2920 -7552 693 475 -549
-13712 4540 -8448 -137 2182 -402
-14416 2756 -7660 -520 822 -281
-14620 2460 -7880 1281 1119 -745
-14344 3916 -7356 719 909 201
-13768 3344 -7352 372 873 405
-14720 3096 -7644 139 1527 779
-14176 3592 -7308 -263 1101 602
-14700 3100 -7736 -201 1469 732
-14668 3696 -7524 -316 800 355
-14188 3344 -6916 -1135 785 326
-14640 3048 -7376 -1329 587 217
-14644 3568 -7008 -1871 -116 189
-14336 3156 -7072 -2462 -185 -199
-14168 2844 -6800 -2823 98 450
-14512 2304 -6912 -3214 -880 1276
-15080 3604 -9472 -1683 275 1113
-15848 5212 -9348 168 1710 -1264
-13368 4908 -8280 -1628 463 -61
-13600 4844 -7152 -2169 -938 198
-13588 4864 -7364 -1146 -680 -92
-13732 4500 -8476 -897 -293 277
-12884 5268 -8356 -380 117 515
-13428 4988 -8292 149 146 791
-13100 6360 -8152 61 -246 994
-12804 6328 -7364 706 663 641
-14664 5800 -7396 1584 360 774
-14032 5484 -7396 1837 44 1080
-13296 5836 -6244 1361 -757 565
-12724 5268 -6076 1737 -423 407
-14300 5524 -6616 2922 -249 -24
-14496 5596 -6680 3628 227 -803
-12708 5348 -7200 3187 -622 -1700
-12108 4584 -6212 3662 -332 -2244
-12112 4156 -5672 4679 -864 -1494
-9888 2108 -7372 5421 -1370 1092
-10152 4252 -4212 2824 -1596 1285
-10976 4100 -2684 3138 -2253 -1630
-12016 4008 -4656 1457 -2473 -305
-21868 11552 -13732 -2929 1275 3929
-26756 3464 -8932 -3209 -6262 -1018
-18016 4108 -10980 1371 -1670 522
-15472 6112 -7992 874 -748 -2626
-12840 4464 -8248 -140 1029 -2682
-13200 1928 -8020 26 1282 -3175
-12944 2548 -6564 171 544 -1388
-14436 1768 -7540 976 586 -1318
-13872 2772 -7948 1955 1052 -819
-13744 3560 -8328 1358 1274 -490
-14236 2916 -8280 812 1712 -604
-14912 2884 -7776 1048 1460 -29
-13988 2996 -7652 986 1781 128
-14108 3276 -7880 387 2212 626
-14376 2716 -7848 433 2213 595
-14212 2988 -7784 232 2319 573
-14392 2620 -7800 3 2320 808
-14880 2412 -7980 -496 1611 1817
-15444 2468 -7176 -875 423 1455
-15136 3192 -7448 -1364 -299 1122
-14424 3060 -7080 -1970 -413 793
-13652 3288 -7588 -3126 -932 882
-15396 3192 -10844 -2392 137 479
-14412 4696 -8380 -1436 342 -1667
-12812 4056 -8104 -1913 720 -164
-14976 4208 -8672 -2009 -314 368
-13820 5004 -7644 -1354 -1029 423
-13852 4940 -8180 -967 -1035 668
-13424 5208 -7872 -795 -1263 586
-13904 5212 -7936 -613 -1354 636
-13488 5780 -8240 -884 -1376 694
-13120 5844 -7476 -1181 -1687 681
-13152 5744 -6744 -391 -720 502
-14776 6048 -6052 113 -348 610
-15120 5608 -6748 452 -740 462
-13384 5872 -6420 377 -1021 904
-12724 5840 -6092 581 -461 581
-13224 5724 -5928 791 453 157
-14244 5920 -6140 1395 1047 -94
-14232 6320 -6744 1216 231 -443
-14332 6432 -7164 427 159 37
-14504 5784 -6008 704 661 504
-14556 4052 -5372 1970 275 479
-13580 4884 -5796 3403 605 291
-12636 5760 -6316 3622 220 -399
-11776 5212 -6472 3515 23 -951
-12148 4312 -5604 4931 1422 -3018
-12656 4864 -4956 6020 247 -5449
-10292 3672 -6524 5929 -946 -1405
-6472 3692 -4088 4831 -2135 807
-7656 4128 -1364 2852 -2597 -482
-17292 6632 -16204 1434 3320 3787
-29944 7928 -15472 -2487 894 1943
-21932 4500 -7348 -2611 -7394 -1227
-16148 2584 -9120 464 93 -3999
-9776 4288 -8972 -2576 1599 -2123
-9172 2012 -6716 -1983 3118 -1312
-14784 1088 -8956 653 2441 -2560
-15332 1772 -8112 2157 1433 -731
-14936 3804 -8332 2482 528 -666
-13720 4012 -8632 1897 1003 -1045
-14196 2872 -8480 409 361 -571
-14884 2448 -9104 -154 641 -428
-13868 2584 -8128 43 871 -931
-13796 2484 -8692 231 2009 -577
-13532 2136 -8308 274 1692 204
-14432 2604 -8012 -104 1244 766
-14048 2160 -8448 -18 1113 1251
-14484 2732 -8304 -61 943 1505
-14968 2300 -8556 319 52 1640
-14396 2568 -8516 593 -299 1664
-14352 2752 -7772 356 -868 1790
-14628 3180 -7168 -634 -1356 1608
-14360 3080 -7156 -2266 -1910 1819
-14104 1592 -8880 -1532 -1572 1767
-15988 4956 -8780 1674 494 -1023
-13260 4300 -7828 669 -500 -905
-14096 3868 -8516 -256 -34 314
-14980 5396 -8380 -864 -1756 144
-14144 4700 -8744 -627 -1330 1340
-14156 5048 -8392 -495 -1788 1770
-12892 5236 -7760 -614 -2417 1527
-13588 5760 -7716 -874 -1673 1445
-13848 5792 -7264 -652 -2038 1125
-12832 6160 -6908 -1073 -508 1316
-13288 6332 -6276 -1120 71 1216
-14484 5824 -6884 -683 -433 638
-13384 6216 -6384 -700 -951 297
-13448 6368 -5992 -368 -1165 -375
-13752 6176 -6088 -292 -1571 -1354
-13960 6896 -4660 -517 -1772 -1841
-14272 5152 -5140 -444 -1344 -1819
-13680 5016 -5016 -873 467 -497
-13304 4544 -5164 -81 1198 -457
-12948 3856 -5396 1347 716 -1529
-13496 3772 -4388 2734 802 -2553
-11244 2700 -3980 2980 711 -2646
-10632 3404 -2772 2831 1652 -2438
-11688 2936 -5000 3416 1041 -1923
-12696 4592 -5040 3837 734 -1644
-14536 3860 -5728 4389 1166 -1416
-21040 8560 -13340 1606 -124 1358
-30676 2668 -17240 -3968 -839 7123
-14512 6556 -3020 -412 -4705 -5011
-14704 2028 -8088 -735 275 -962
-13792 3052 -7184 -1371 850 -858
-14352 3864 -7004 -588 318 6
-13288 3344 -7276 476 604 -389
-14956 4040 -7072 548 816 197
-14200 3512 -7312 802 1536 -458
-14684 3392 -8108 884 2574 -10
-14824 2756 -7560 1168 1261 -932
-14344 2264 -7656 1817 1081 -477
-14188 2880 -7664 2859 1869 -460
-14112 2936 -7496 2410 1513 211
-14536 2216 -8064 2938 2106 295
-14528 3196 -7508 2405 2361 477
-14348 3472 -7180 1082 1607 491
-14572 2812 -7376 403 1529 739
-14628 2684 -7448 -93 900 1230
-14692 2876 -7412 -469 75 1154
-14288 2856 -7248 -746 -168 1045
-14508 3108 -7500 -1363 -419 1422
-14512 2884 -6732 -2204 -1283 1398
-14488 2520 -7332 -2572 -1279 1934
-14688 3424 -8544 -2534 -961 1651
-15052 5296 -7904 162 812 -1438
-12260 3624 -8352 134 1574 -977
-13904 4356 -8200 -1145 1423 85
-14684 4892 -7824 -1430 604 -671
-13808 4560 -8496 -972 580 -10
-14080 4880 -8668 -1235 272 732
-13804 5220 -8156 -1267 -720 631
-13260 4968 -7880 -1304 -293 847
-14024 5232 -8072 -898 -396 915
-13800 5660 -7980 -792 -887 1116
-12824 6160 -8004 -1104 -603 1209
-12752 7084 -7428 -2228 -114 1808
-14556 5952 -6424 -1250 -931 685
-15024 5028 -7012 -94 -1083 417
-13460 6068 -6844 110 -1661 448
-12824 6244 -5268 -490 -2013 -579
-13572 4904 -4876 268 -944 -1064
-13884 5060 -5608 1622 -251 -1585
-13160 5192 -5596 2026 236 -2372
-12964 4696 -5752 1584 789 -2028
-13316 2900 -5204 3325 469 -2226
-11856 3280 -4552 5008 -743 -2395
-9692 3480 -3844 5020 -1596 -1821
-9136 3332 -3960 4538 -1223 -397
-11772 4332 -3176 4301 -1654 -1856
-14704 5556 -9900 2585 591 303
-23876 11568 -14560 -1394 1066 2887
-23344 4600 -9356 -5347 -4185 865
-13672 4112 -5240 -386 -2562 -6422
-15916 2288 -10188 -1737 1089 -538
-12472 3508 -6608 -1625 1012 -1402
-13928 3740 -7716 -1166 945 -1060
-13164 2416 -8044 -24 1906 -324
-14408 3812 -7584 447 1584 -984
-14004 3584 -8588 188 1930 -897
-14728 2596 -8548 1254 2013 -650
-14428 3352 -7392 991 1870 -729
-13736 2928 -7800 130 2051 -90
-14456 2900 -8284 -163 2883 174
-14460 3300 -7656 -286 1688 -907
-14980 1560 -7280 184 2111 -847
-14680 1824 -7612 1 1730 -190
-14464 2172 -7832 -224 1621 661
-14992 3132 -7884 -730 561 802
-14432 2596 -7848 -859 182 370
-14688 2796 -7264 -1408 -55 495
-14404 2836 -7672 -1649 -645 718
-14696 3228 -7304 -2281 -1436 1285
-14672 2912 -7072 -2684 -2157 1250
-14608 2280 -7108 -2113 -1722 1088
-14208 2812 -9112 -1994 -1359 1304
-15344 5952 -8560 -869 76 -730
-12240 3860 -7900 -1436 35 -363
-14012 4236 -8064 -1552 898 536
-14336 5580 -7524 -1861 -201 348
-14296 4940 -8036 -1912 -254 564
-14052 5880 -7784 -2352 -472 1072
-12448 5840 -7824 -3386 -809 841
-13308 5816 -7348 -3502 198 417
-13272 5568 -5872 -3244 1524 -306
-14796 5404 -5980 -2189 1514 -873
-14796 5824 -6424 -2322 186 -726
-13416 5564 -5168 -2061 -658 -992
-13280 4996 -5112 -1381 -9 -1339
-13048 4952 -4896 -211 772 -2415
-12488 4528 -5504 1197 2209 -3043
-11700 4860 -7608 2332 3297 -2327
-8832 2788 -5748 1810 1419 -1080
-13512 3412 -4580 1632 4844 -2935
-15144 3356 -5980 2101 -461 -1061
-13688 3748 -4320 2126 -679 -1359
-15872 4736 -4104 1190 -2899 -2038
-14816 4796 -9176 531 -2086 -122
-19124 7624 -13284 -270 657 2008
-26416 4760 -13240 -3567 -2159 2175
-12500 3036 -5536 -2211 -2871 -6301
-12336 1488 -8100 -1637 2339 -1527
-14388 980 -9128 -857 3176 -163
-15448 3340 -8764 28 598 -2181
-12388 2928 -8448 836 1126 -920
-14736 2700 -8880 747 1562 -250
-14900 2476 -8748 1184 471 -164
-13940 2432 -8492 2114 293 340
-13952 3232 -8196 1666 691 133
-14008 2952 -8184 987 1326 488
-14532 2272 -8272 1051 1124 628
-14564 2280 -7944 1440 1203 680
-14324 2764 -8072 1013 1234 850
-14404 3168 -8112 268 1028 771
-14300 3052 -8392 -249 190 425
-14252 3336 -8348 -402 722 423
-14268 3156 -8008 -1088 410 73
-14440 3292 -8272 -2218 533 -23
-14268 3800 -7836 -3458 36 -495
-13952 3136 -7968 -4518 19 -531
-14024 3596 -8340 -5439 134 77
-13852 3472 -7540 -6622 -1074 1181
-14228 2632 -9568 -5657 -81 1392
-15032 5576 -8964 -4615 797 -181
-12452 4636 -8656 -4503 1465 -799
-13148 4540 -7948 -5374 1530 46
-13920 4864 -7996 -5575 356 -592
-12556 6160 -8332 -5830 936 -1019
-12832 6312 -8140 -6198 1400 -1164
-14852 5816 -7428 -5779 2084 -964
-15228 5444 -6104 -5195 1175 -1352
-14528 5412 -6228 -4587 290 -1332
-13804 6352 -5784 -4907 886 -936
-13152 5684 -5876 -5102 907 -683
-13936 4916 -5208 -4031 1623 -950
-14056 4460 -5552 -2504 1835 -1026
-13936 5120 -5412 -1199 652 -1922
-13936 5128 -6140 -742 417 -2174
-13692 5840 -6644 -1001 602 -2890
-13476 4116 -4492 -384 651 -2427
-10244 2172 -4436 1153 866 -1607
-11952 3412 -3884 876 -204 -2293
-12372 3736 -3868 1000 1293 -3033
-14944 5376 -3760 398 246 -2649
-12032 1040 -3192 -35 -1551 -2018
-14580 3252 -6524 388 -1014 -1043
-23792 9832 -13664 -165 1483 3218
-20504 6308 -8912 -3188 -1775 2475
-14000 4552 -6264 -879 -2463 -4288
-12748 2912 -9156 -1596 2550 1904
-12380 3964 -8924 -832 3005 1147
-13912 4528 -8568 -337 638 135
-14152 4280 -8664 -482 1789 9
-14968 4108 -7568 -178 857 -416
-13536 4852 -8564 -137 2343 -1336
-15088 4616 -7232 -753 1209 -1597
-14448 3776 -7916 -297 1685 -3013
-13920 3432 -7704 -568 2227 -2319
-13692 2592 -8376 -408 1954 -1257
-13816 3372 -7644 -1768 1556 471
-14136 2680 -7380 -2260 859 1140
-14532 3332 -6776 -2938 177 1311
-14908 3044 -7104 -2680 310 482
-14564 2888 -6396 -2542 -194 -607
-14136 2208 -6264 -3162 338 162
-14204 2584 -6828 -3426 888 856
-14836 2892 -5820 -3827 968 379
-14880 4772 -9756 -2930 545 -77
-19748 5264 -10104 1679 3042 -3616
-15160 6192 -9348 -2469 -472 -62
-12072 3864 -6720 -2449 -2521 694
-11132 5208 -7384 -1152 -96 317
-13204 6888 -8440 -758 434 746
-13676 6972 -8664 -1284 -375 545
-13492 6272 -8352 -536 -718 1287
-13176 5748 -7712 260 -1559 1723
-13848 6468 -7456 726 -1946 1597
-13260 6272 -7068 942 -2114 1039
-13376 7008 -6356 314 -2381 612
-13624 6272 -6444 557 -1760 213
-13396 5888 -6788 1291 -980 972
-13448 7008 -6412 1323 -1078 1082
-13692 6520 -5732 1266 -688 1077
-13564 6036 -5928 1737 -347 813
-13464 6276 -5184 2055 -97 761
-14108 6028 -5432 2067 94 808
-13964 6340 -4996 1697 -1059 -63
-14584 5804 -4880 1926 -610 -825
-14100 5496 -4752 2611 -403 -536
-13580 5968 -4460 3139 196 -717
-13676 5384 -4332 4016 579 -565
-13852 4536 -3428 5029 420 -1721
-15016 7196 -6504 4549 2096 166
-18836 10312 -9636 -355 1939 5037
-14632 4136 -6020 1080 -2748 627
-11944 4800 -6440 3471 188 -461
-13048 5916 -8496 1201 333 -206
-13464 5812 -8628 1395 284 -1114
-12920 5704 -8840 637 117 -2049
-13544 4664 -8132 181 151 -1914
-14336 4160 -8252 -284 -476 -1154
-13572 4840 -8272 -107 -1405 -2148
-12904 5356 -9180 538 391 -2405
-13804 4856 -9380 -526 223 -2464
-13788 4724 -8868 -1402 217 -2732
-13356 4316 -7940 -1934 817 -1909
-14248 3500 -8284 -2001 2674 -1053
-13732 4380 -7156 -2291 835 -160
-14604 3532 -7728 -1642 1694 -116
-14356 3908 -7560 -2169 1621 -402
-14072 3960 -6516 -3041 1522 -488
-14040 3536 -6828 -3047 1921 -370
-14188 3500 -6748 -3084 1534 187
-14260 3660 -6524 -2756 1297 345
-14712 4648 -5900 -3289 823 556
-14796 3928 -6064 -4216 320 881
-15640 3576 -6688 -4559 -631 975
-14960 3060 -5252 -4747 -1280 707
-14048 3356 -8772 -2223 449 14
-18112 7812 -6588 -1029 211 -2906
-15104 4824 -8132 -806 -757 -2044
-14564 5980 -6908 -1667 -3167 -679
-11384 6192 -7336 -378 -2954 699
-13292 6248 -7632 1488 -67 1688
-13988 6516 -7584 1352 -1580 1654
-13280 6804 -7612 1175 -1659 2405
-13040 6264 -6972 1209 -1022 1510
-13620 6596 -6936 1511 -1180 990
-14620 6072 -6428 2028 -1982 959
-13428 6400 -6076 2764 -2708 138
-13632 6200 -5340 2296 -1951 900
-13748 6488 -5540 2239 -1973 -256
-13208 6384 -5388 2978 -1056 -392
-13848 6436 -4960 3216 -330 66
-14320 5888 -4376 3194 -140 807
-13548 5608 -4456 3362 -189 512
-13940 5944 -4344 3228 -631 37
-14200 5220 -4576 3303 -504 -540
-14688 4572 -4448 4080 -748 -418
-14796 4760 -3916 4561 -1369 -363
-14740 4364 -3440 5619 -1865 -705
-14068 4696 -3284 6316 -1421 -906
-14140 5416 -3612 6389 -1008 -1026
-16340 7532 -6376 5395 1328 353
-15332 9904 -9180 1832 1303 919
-16624 3968 -5360 512 -885 2411
-12236 3008 -4984 3255 -661 -621
-13260 5748 -7928 1834 232 1078
-13092 5512 -8360 1042 26 98
-13236 5340 -9072 920 1294 -989
-13568 5816 -8384 -628 994 -1046
-13884 3844 -8116 -677 775 -1483
-14476 4832 -7628 -275 1031 -1994
-13160 4264 -8092 140 1355 -1900
-13924 4120 -8052 563 1471 -1373
-14192 5116 -8376 -286 1090 -1509
-13196 4140 -7900 -637 1355 -1875
-14556 3384 -7496 -637 1804 -1035
-15112 4152 -6684 -1488 1140 -1329
-14296 3800 -6320 -2413 680 -911
-14760 2700 -6124 -2461 593 -537
-14688 2868 -6040 -1791 425 -580
-13996 3524 -6212 -2295 300 -7
-14476 3736 -6216 -3014 550 215
-14244 2648 -6020 -3183 413 328
-15032 2072 -6588 -3043 517 796
-13796 3024 -6124 -3575 416 576
-14244 3528 -4716 -4660 514 723
-16464 3356 -7920 -3120 -1452 711
-21080 4216 -9400 3097 1846 -3419
-14824 7732 -8232 -1171 324 -449
-13132 5928 -6888 -2797 -2984 983
-11464 4944 -8024 -865 559 1173
-13700 6244 -7232 -313 1147 1737
-12888 5276 -7996 286 -357 632
-12884 6168 -7168 -127 451 290
-13788 5712 -7824 637 -415 320
-15568 5188 -7684 1784 -951 1160
-13044 6540 -7196 2605 -2207 602
-13144 6924 -6960 2079 -1440 1159
-13888 6864 -6444 1161 -2050 1092
-13492 5712 -5796 1207 -1501 874
-13728 5572 -5636 1905 -796 1137
-13804 5476 -5148 2175 -826 740
-13872 5432 -4460 2808 -569 214
-14516 5060 -4744 3292 -475 19
-14536 5244 -5184 3626 -788 -232
-14312 4948 -4908 4070 -1060 157
-14540 4320 -3908 5012 -1359 -156
-15240 4428 -4696 6115 -3447 -305
-14076 4684 -3500 6014 -6263 -1460
-16768 6696 -7040 7032 -564 862
-17292 11668 -8848 -460 443 1868
-13980 3096 -3608 571 -831 -486
-13236 2164 -4428 3909 924 -889
-14640 5288 -7728 1396 1167 2576
-13736 6320 -7588 1011 -217 1446
-12428 6148 -7756 860 617 18
-13116 5580 -7680 -25 1103 -352
-13984 4224 -7972 308 771 -256
-13836 4688 -7820 1218 211 -569
-13696 5448 -8260 947 -125 -498
-14292 5252 -7548 667 79 -1372
-14124 4432 -7060 607 -118 -1998
-14456 3992 -7348 896 32 -1637
-14128 4096 -6888 1172 -315 -1727
-14124 3596 -7128 1268 451 -1286
-14464 4116 -6332 1107 967 -569
-14528 3968 -5892 914 554 -409
-14464 3260 -5896 604 702 -64
-14732 3592 -6076 112 377 201
-14540 4012 -5676 -710 317 8
-14432 3784 -5524 -1710 331 -36
-14460 3088 -5464 -2256 332 128
-14484 3024 -5260 -2611 -125 496
-14372 3000 -5220 -3437 -125 688
-14324 2548 -5348 -4084 282 971
-15188 5420 -8148 -2682 288 1888
-19252 3700 -10796 2270 4432 -2360
-17304 8000 -7300 -1223 1600 -1255
-11980 4632 -5536 -2863 -1517 642
-12108 4216 -7316 -265 866 620
-13900 6428 -7948 -193 628 1035
-12748 6200 -8128 146 91 977
-13144 6392 -7960 521 228 1259
-13252 6204 -7856 443 70 1411
-13096 6304 -7820 685 -122 1334
-13772 6660 -7244 774 60 1012
-13968 6404 -7008 991 -619 1393
-13320 5944 -7524 1780 -385 1343
-13920 6736 -6892 1706 -409 1524
-13812 6112 -6364 1790 -1031 1080
-13868 5652 -6568 2341 -1864 720
-13920 5616 -5720 3357 -1927 484
-13696 5368 -5384 3845 -1545 446
-13904 5816 -5712 4027 -1343 319
-14320 5608 -5508 3866 -2103 -113
-13772 5008 -5196 4731 -2334 -34
-14244 5548 -4760 5612 -2108 973
-14228 3836 -4564 7632 -1975 952
-14044 3644 -5064 9740 -1329 1007
-14148 5208 -3924 10380 -2550 659
-14632 8708 -11360 10474 438 919
-15652 13500 -13044 2866 393 4839
-16192 3480 -6776 3348 -2493 3074
-11212 2936 -5344 7813 -836 -173
-13268 6356 -8960 4674 -1073 2354
-12356 5668 -9480 4056 -1807 1721
-11996 4588 -10112 4400 -820 637
-13356 5268 -10060 3618 153 214
-12944 5460 -8972 2250 -133 -711
-13676 4308 -9016 1681 -55 -1189
-13464 4360 -9400 1798 340 -1592
-13256 4940 -8684 1379 10 -1028
-13756 4272 -9000 1609 -100 -1172
-13460 4480 -8992 1506 623 -1233
-13680 4052 -8556 1337 595 -1015
-14012 3968 -8352 1272 842 -737
-14208 4488 -7568 265 285 -633
-14148 3340 -7104 212 -220 -663
-14816 3240 -7620 290 -725 -186
-14304 3480 -7276 227 -1331 -94
-14652 3612 -7084 184 -1584 -449
-14092 3060 -7028 -53 -1798 -395
-13780 2592 -6768 -125 -1372 541
-14296 2328 -7088 408 -789 1588
-14624 2680 -6988 283 -1254 2396
-13704 3644 -6724 -927 -662 2505
-13572 4724 -7800 -2518 325 2712
-16564 2036 -9420 2460 2811 396
-15524 6452 -7932 1702 1738 -110
-15164 5356 -7924 -181 -1138 -1149
-13452 4516 -7828 363 -761 -685
-12956 6204 -8068 999 -344 919
-12696 6348 -7908 1697 -1512 938
-13044 6452 -8800 2016 -756 1426
-13128 6644 -8332 1676 -1376 1319
-12964 6120 -7840 1869 -1272 1333
-13608 5792 -8096 2398 -1343 1633
-13404 6116 -7268 2684 -1597 1473
-13916 5528 -6984 3193 -2215 1175
-13704 5320 -6916 4519 -2071 1206
-14324 5984 -6712 4575 -2069 1733
-13920 5104 -6316 5053 -2578 1662
-14020 5016 -6064 5691 -2035 1688
-13740 4596 -5696 6455 -2971 1196
-14220 4548 -5592 7397 -2933 1114
-13288 4164 -5272 8173 -3385 209
-11864 4144 -5432 8669 -3490 -753
-11296 3004 -4488 11097 -3556 -38
-11024 1592 -4700 12453 -3664 1810
-10948 2460 -4216 12632 -3941 1551
-13044 5236 -2884 13315 -5147 -559
-11332 1056 -5440 13444 -5016 131
-10652 7956 -9408 10957 -4009 -309
-30804 12832 -26844 6640 8554 10323
-16020 8416 -2892 -523 -11171 -2304
-16108 3204 -9032 6182 4339 3366
-14972 5936 -7648 696 -2600 1920
-11552 6588 -5236 769 1210 887
-15272 4088 -6132 -859 1230 -267
-13136 3052 -8844 -837 4023 -1953
-12628 3184 -9388 -105 4622 -2667
-13388 2440 -9024 380 2574 -2205
-15480 3072 -7596 2451 1411 -1834
-13424 3528 -7760 4002 1084 -2502
-14196 3412 -7792 4341 1286 -1207
-14700 3648 -7988 2076 1288 -372
-14396 2848 -7448 681 1004 -225
-14012 2724 -6936 -396 34 495
-15212 3288 -7080 -1222 214 572
-14012 2880 -7132 -1845 -487 723
-14736 3192 -7364 -2424 -924 1117
-14660 2844 -7048 -2787 -978 955
-15108 3544 -6396 -3234 -1255 440
-14156 2388 -6452 -4421 -917 531
-14156 1564 -5900 -4953 -467 1249
-15840 5612 -9464 -3345 -137 1305
-14916 4916 -8992 1146 2902 -3926
-11808 5340 -8304 -1043 3292 -477
-16588 5000 -7840 -2221 627 713
-14440 4816 -8248 -874 -14 928
-13432 5296 -7912 -649 -385 1856
-12720 5452 -7596 -1010 -1349 1261
-13012 6512 -7112 -1116 -672 413
-13344 6804 -7392 -1547 587 367
-14916 6572 -7228 -1314 254 294
-13968 5608 -6828 -934 -682 133
-13292 5372 -6324 -668 -1417 -290
-13728 4660 -5788 277 -1452 -1337
-13488 4724 -5064 2078 -617 -1213
-15456 5316 -5516 1908 -641 -414
-14008 5088 -5540 2475 -1271 -457
-14220 4504 -5576 2578 -746 -386
-13656 4888 -5296 2345 -888 -1086
-13376 4112 -4908 2803 -928 -1446
-13056 2884 -4388 3190 -1196 -1817
-11188 2580 -3308 3368 -1500 -2406
-11328 2488 -4112 3876 -242 -2357
-11436 2524 -3480 2958 -2786 -828
-11084 2132 -3204 3662 -3387 -1918
-11820 6380 -8716 2991 -350 -1298
-24212 11548 -13100 -167 2747 4868
-28316 5000 -11676 -2032 -338 2097
-16704 3220 -4896 1042 -2988 -2997
-12508 3756 -6344 1009 -619 -1678
-12444 2472 -7632 -799 2309 18
-13836 4224 -6944 -487 2140 552
-14308 2460 -7792 1085 2596 -157
-15224 4648 -7276 1072 1451 -167
-13864 3256 -7656 536 811 23
-15308 3384 -8116 938 2188 323
-15284 3520 -7444 180 512 553
-14348 2560 -6892 456 994 -363
-13968 3004 -6284 408 1930 -248
-14380 2708 -6792 251 2724 101
-14448 2992 -6612 -141 2184 587
-15024 2696 -7184 -800 1595 581
-14236 3152 -7564 -1052 1106 1114
-14136 3324 -7248 -1243 1628 1139
-14592 4240 -7148 -1985 1121 1452
-13840 3512 -7176 -3302 818 1809
-14336 3908 -6668 -4148 912 1761
-16220 3600 -10152 -1366 1045 290
-15852 4176 -8924 1380 2548 -1489
-13320 5104 -8260 -44 1340 944
-13112 4416 -7248 -2248 -953 975
-14432 3900 -8052 -840 282 -77
-14192 4932 -8460 -53 -372 305
-13012 5296 -8032 193 -1308 806
-13064 5652 -8512 504 -1383 560
-13584 5904 -8288 470 -1791 555
-12860 6684 -8756 554 -2241 1112
-13476 6976 -7560 993 -888 1497
-14160 6492 -7500 1011 -1873 979
-14100 5692 -7420 1167 -2047 807
-12560 5716 -6428 981 -2227 308
-13064 5912 -5724 940 -1717 68
-13904 4952 -4860 1686 -1777 -973
-14468 5268 -5556 2163 -1776 -1557
-13748 5344 -5120 2152 -1503 -2239
-13760 4640 -4880 2917 -1447 -2448
-13312 4192 -5196 3589 -69 -1242
-12580 4564 -4696 3936 110 -1874
-9048 3216 -3836 3582 -1860 -1664
-9656 2492 -3324 5105 928 -1924
-11296 3728 -3560 5320 -439 -1398
-12020 3036 -2720 4925 -1876 -1089
-20716 9172 -13624 2126 571 3516
-25316 7556 -13672 -1191 -707 2303
-19452 5444 -6960 -1446 -4807 -376
-14500 3604 -7836 -1107 514 -2872
-11908 2292 -7016 -2365 2614 -1052
-9804 976 -8016 814 3568 -1717
-15412 4480 -9396 -278 2013 -338
-15672 3188 -7148 -273 275 23
-14112 2212 -6916 2067 -191 -2679
-14004 2656 -8392 2321 2011 -1149
-13820 3700 -7824 1145 1698 -51
-15028 2896 -7640 763 823 -5
-14536 2532 -6920 1268 941 -194
-13972 2500 -7232 734 1408 1178
-14496 2652 -7080 364 1490 1417
-15128 2912 -7104 195 1671 1195
-14816 2792 -7040 -221 1194 873
-14324 2484 -7184 -261 992 1157
-14760 2652 -7156 -764 196 1269
-14680 3036 -7100 -2374 -218 1391
-15004 3784 -6688 -5303 -889 1647
-12900 1876 -7332 -6355 -2504 1229
-18748 7064 -8468 -1133 2335 -1927
-15604 3704 -8824 -1659 248 -540
-11876 3956 -7440 -2439 -2094 1664
-12420 4600 -6660 -747 -996 91
-15036 4200 -8324 674 662 579
-13892 5696 -7428 1143 -1368 280
-13444 6520 -7544 347 -1702 442
-12624 6980 -7532 -584 -1851 428
-12884 7368 -6488 -460 -883 357
-14564 6780 -6220 -136 -1345 -360
-14040 5796 -7004 24 -1106 305
-13200 5744 -6520 251 -1359 546
-13724 5332 -5036 514 -1683 299
-13744 5464 -5284 1067 168 51
-13916 4952 -4184 1896 -6 -1299
-13796 3816 -5504 2593 998 -2338
-14356 5232 -5796 1682 1527 -2133
-13332 4644 -5268 2261 253 -1179
-10872 1392 -4752 3461 -2158 -287
-11092 3672 -2084 3292 -740 -2317
-10996 3536 -4032 3737 -2223 -1959
-10556 3768 -3976 3080 -684 -1945
-12108 4792 -6684 2523 -257 -325
-20884 12376 -14208 -3449 4721 3907
-25104 5852 -10400 -7723 -864 1044
-20856 2524 -7832 -3551 -2367 -1695
-18500 4008 -8876 -1246 -69 -579
-13208 4872 -6600 -896 764 -2792
-12300 2228 -7296 -190 1900 -2123
-11948 1648 -6672 1984 2053 -1206
-12996 2376 -7244 3384 3125 -1042
-14332 3836 -8532 2288 2595 471
-14684 3244 -8708 2298 1897 1640
-15972 3264 -7148 2543 454 161
-13840 3776 -6532 1342 213 59
-13928 2720 -7636 461 1700 1018
-14800 2480 -7688 1037 1432 1061
-14976 2828 -8332 1802 1303 920
-14504 3312 -7248 1435 525 416
-14336 3376 -6924 145 -190 547
-14680 2340 -7712 -938 -587 1364
-14676 2424 -7656 -1004 -783 1662
-14224 3400 -7764 -1879 -653 1220
-13624 3496 -7368 -3277 -257 1118
-14064 3296 -8836 -2323 693 501
-16740 4472 -8804 537 1332 -1298
-13880 4864 -7972 -365 721 574
-13404 5712 -7500 -2083 -2512 730
-13412 4196 -7524 -1342 -2012 -185
-14800 3460 -8320 489 -993 539
-13888 5496 -8056 910 -2410 825
-12892 6612 -8004 261 -2805 948
-12428 6680 -7332 -546 -2154 438
-13032 6832 -6472 -728 -1840 204
-14396 5656 -6280 191 -926 323
-14716 5836 -6552 622 -874 989
-13136 6468 -6276 313 -1131 1131
-13392 6224 -5908 28 -315 1036
-13632 6032 -5796 129 185 745
-13800 5784 -5944 754 228 710
-13828 5868 -5840 1096 535 476
-13664 5760 -5964 918 539 -166
-14088 6416 -5592 264 637 -157
-14724 4292 -5344 1809 1030 -532
-14684 3568 -4204 3236 340 -1737
-12072 3480 -4052 4434 -661 -2781
-11556 4184 -4964 4926 -1915 -3198
-10300 4320 -3304 4460 -3458 -3074
-9396 2288 -3248 2895 -1533 -1726
-12028 5260 -3480 2277 -1596 -2167
-11548 3568 -8160 2353 108 342
-26204 15180 -15136 -1632 1213 5113
-25256 5740 -9996 -7868 -8740 2939
-15732 1388 -3056 -1577 -4452 -3750
-15824 2548 -5960 242 1220 -1347
-11916 4772 -5364 -1013 1877 353
-14308 4536 -5408 -985 1992 -95
-14652 4348 -6916 -541 4122 -144
-14676 3600 -6676 240 2399 -1514
-14764 2884 -6364 2161 2484 -2072
-14860 2580 -6304 3655 1372 -1258
-15236 2988 -6148 4403 985 -905
-14168 3384 -6208 4715 603 -80
-14416 3524 -6720 3893 900 385
-14256 3348 -6976 2548 1422 964
-14268 3288 -7044 1602 1358 1623
-14876 3624 -6620 751 1636 1572
-14948 3248 -6224 324 1370 941
-14668 2804 -7372 582 1958 949
-14604 3828 -6472 -579 1948 516
-14484 3260 -6496 -2663 1284 -21
-14544 2652 -6080 -4205 718 85
-14640 2852 -5992 -5119 847 -2
-14152 3520 -7700 -6583 630 537
-16844 6736 -8052 -1706 3073 -4337
-12512 3440 -8764 -1445 3094 -1275
-15036 4784 -9228 -3139 -64 983
-14288 5184 -7092 -2692 -1446 -34
-13184 4452 -7720 -1947 -124 1125
-13968 5256 -7772 -1670 -1192 899
-14220 5616 -7600 -1210 -2360 724
-13236 5696 -7756 -1361 -2033 1070
-12728 5860 -6940 -1233 -1092 1253
-13204 7132 -6108 -1427 -700 778
-14472 6100 -6056 -590 -766 153
-13996 6176 -6308 -307 -1191 643
-13264 6360 -5572 -105 -1398 435
-13260 5600 -5452 449 -956 217
-13992 5532 -5164 1055 -185 -3
-14072 5548 -5028 1875 -212 -83
-13952 5244 -5548 2331 -147 -606
-14472 6120 -6020 1468 82 -607
-13204 5136 -4896 1557 -205 -1352
-14332 3640 -4108 3105 -1164 -1897
-14224 2836 -3448 4610 -2028 -1531
-10248 5544 -2688 3911 -2844 -2044
-8712 3308 -3296 4172 -1374 -1612
-8396 1980 -2944 3670 116 -1174
-10860 3968 -3784 4359 -104 -2561
-14348 6624 -8532 3031 1293 -184
-23452 9616 -12752 -199 1254 1624
-26416 4388 -9072 -3373 -3812 2135
-18736 4808 -5364 2031 -2538 -4059
-16184 1864 -8724 1577 614 -1640
-10196 4584 -6340 886 721 -1800
-12664 2984 -6532 459 1126 -344
-14056 2376 -7396 2007 2279 -684
-14992 3968 -6936 745 1093 -256
-14588 3024 -7360 519 1161 -723
-14952 2940 -7692 259 1380 -500
-14720 2748 -7276 -225 951 -632
-13684 1752 -7208 232 2155 -494
-14420 3100 -7044 12 2348 -209
-14460 2748 -6952 -394 2462 -85
-14736 3092 -7904 -643 2875 525
-14396 2968 -7596 -219 3318 482
-14788 3052 -7784 -590 3023 301
-14408 2312 -7024 -1206 1992 211
-15068 1952 -7196 -1391 1299 733
-14348 2644 -7212 -1655 -206 1205
-15004 3188 -7084 -2177 -969 1711
-14264 3028 -6740 -3351 -954 1918
-14356 2344 -8972 -2492 -1067 1814
-15944 5892 -7644 637 1080 -1832
-11984 2792 -7956 114 1196 -70
-15624 4864 -8556 -1400 -780 730
-14108 5420 -6948 -2275 -3166 -299
-14784 4024 -8400 -616 -1554 668
-14172 5060 -8152 -306 -2359 1340
-12664 5896 -7008 -354 -3373 926
-12932 5356 -6520 224 -1489 645
-14472 6140 -6464 429 -815 420
-14856 5664 -5872 944 -1894 280
-14068 5684 -6280 1466 -1304 683
-13852 5708 -5840 1504 -1154 685
-13172 5568 -5880 1606 -736 423
-13600 5704 -5724 1679 32 153
-14548 6048 -6512 1420 216 116
-14368 6356 -6548 393 282 148
-13828 5780 -5568 437 355 51
-13604 4316 -5240 1350 521 -362
-13200 3856 -4916 2436 908 -1478
-10544 3568 -4432 4229 1765 -2623
-11160 3740 -5524 4919 1705 -3129
-13224 3688 -5440 3880 1729 -1839
-14416 4888 -4544 3335 -1208 -887
-10176 2704 -2824 2367 -2846 -1050
-12216 3704 -3376 3293 -2892 -1696
-20476 8348 -12800 871 1244 3473
-26800 5544 -14268 -1220 1117 2607
-15820 5484 -3476 -2559 -8144 -4395
-12888 2252 -6592 -44 -295 -4598
-12648 2320 -9308 -2878 1744 -702
-14068 2400 -6284 -971 1097 -988
-14588 1912 -7560 1289 1734 -1764
-14680 3708 -7580 531 767 -913
-14184 3132 -6860 56 365 -1081
-15084 2068 -8040 1026 668 -925
-14208 2444 -7372 1361 754 32
-14396 3148 -7692 1599 1438 -95
-13980 2308 -8136 1980 2053 -242
-14936 2728 -7604 1700 1600 402
-14556 2616 -7436 2094 1607 441
-14836 2792 -7672 1536 1983 509
-14592 2560 -7376 578 1571 289
-14192 2100 -6816 35 1430 893
-14764 1584 -7564 -58 1394 1276
-14484 2364 -7844 -84 1153 1304
-14264 2840 -7788 -939 1351 1247
-14200 2964 -7804 -1665 965 1396
-14440 2876 -8004 -2747 345 1807
-14684 2952 -7388 -3489 -551 2059
-14460 3128 -8652 -3537 -1234 2318
-15640 5432 -9144 -1400 987 144
-12728 3884 -8804 -1540 892 215
-13612 4568 -8040 -2109 379 1227
-13632 5360 -7292 -2247 -415 -229
-14500 5212 -8264 -2030 -291 131
-13612 5108 -8080 -1589 -495 308
-13944 5720 -7584 -1178 -1008 391
-14188 5492 -7780 -1371 -1318 556
-12920 5796 -7460 -1529 -1469 312
-13404 6184 -7632 -1368 -688 537
-13980 5872 -6856 -1234 -788 97
-14732 5692 -6368 -445 -1944 -162
-14132 5904 -6128 -212 -2231 -220
-13292 5656 -5800 146 -1575 -80
-13480 5796 -5456 424 -824 -290
-13368 5680 -5332 737 -255 -513
-14252 5616 -5852 947 -89 -662
-14308 6276 -5844 683 -14 -837
-14324 6152 -5840 -5 40 -823
-14600 5220 -4976 -12 202 -675
-15208 3056 -4704 1673 -1190 -617
-13776 4260 -4136 2968 -529 -1002
-12128 5672 -4188 2348 -1201 -1838
-9684 4024 -4512 2477 -111 -2206
-11348 4996 -4392 2084 783 -2057
-9792 2464 -3952 1727 -618 -1414
-10796 5004 -3356 2531 215 -1032
-10616 3024 -3812 2447 916 -741
-22164 9424 -13812 1426 4483 2544
-22632 5396 -9344 -2637 49 -162
-23128 3776 -8540 -1850 -1981 200
-19228 3500 -8052 -479 -568 -2244
-13548 4084 -8044 -571 184 -2228
-11932 2588 -8232 -565 1509 -1921
-11616 2300 -7588 270 2606 -1575
-14492 1976 -7892 1844 2694 -1246
-14028 2656 -8284 2326 1691 -613
-14524 3368 -8364 2789 1764 -107
-14460 3096 -8460 2541 1459 -304
-14160 3228 -8084 2002 1341 -364
-14620 2864 -7788 1684 1570 -392
-14704 2440 -7756 1193 1337 -30
-13968 2852 -7832 381 1012 678
-14336 2756 -8408 -223 962 1154
-14848 3224 -8248 -507 539 724
-14244 2920 -8668 -757 535 470
-13964 2824 -8716 -1046 882 389
-14276 2848 -8100 -1395 490 382
-14132 2628 -8160 -2088 283 556
-14760 2976 -7792 -2791 -256 925
-14172 2296 -7616 -3336 -1279 1344
-14768 2700 -8604 -2958 -756 1316
-15848 5196 -8704 -1408 -473 -257
-12540 3652 -8388 -1328 -124 -243
-13448 4044 -8132 -1517 625 562
-14760 4928 -7816 -1938 -77 22
-14012 4560 -7944 -2072 -563 -37
-13360 4780 -7460 -1599 -198 346
-15116 4852 -7868 -1375 -1139 780
-14192 5592 -7796 -1674 -1957 1303
-12876 6344 -7636 -2272 -1408 1722
-13264 6196 -6820 -2292 -852 1250
-14484 4888 -5780 -812 -406 580
-15184 5192 -5836 267 -981 510
-13644 5824 -5864 175 -1850 376
-13404 5452 -4552 555 -1841 -98
-13800 4664 -4564 2028 -628 -588
-14380 5348 -5004 2480 -620 -629
-14128 5372 -5516 2627 -604 -1040
-14444 5492 -5488 2598 -485 -789
-14256 4892 -5432 2989 -411 -952
-13812 4260 -4620 4040 245 -1259
-12724 3732 -4216 4871 -872 -2481
-11524 5224 -4704 3674 -992 -2159
-8272 3928 -3576 3923 -1089 -2505
-7228 2156 -4488 4091 -349 -747
-8360 4332 -2996 3114 -1336 -2216
-20000 7056 -12420 1572 4019 2146
-17644 4560 -8392 619 -2324 -1245
-9056 3764 -7512 77 1697 -501
-13456 1080 -7648 1321 1788 -367
-15236 1344 -8516 3863 2108 296
-14280 4472 -7536 2262 1106 404
-14004 3356 -7880 1052 1383 245
-14736 2412 -8128 1376 1775 -302
-14412 3504 -7564 225 1938 -368
-14468 2848 -7544 -600 2558 -419
-14556 2448 -8252 -740 1846 -811
-14016 2596 -8176 -806 1743 -145
-14488 2528 -8272 -1112 1759 447
-14220 2656 -8352 -1114 982 663
-14424 2812 -8284 -1243 734 965
-14356 2920 -8244 -1222 536 849
-14244 3312 -8076 -1808 -217 1150
-14200 3600 -7640 -2740 -605 1630
-13988 3196 -7964 -4106 -884 2816
-15124 3940 -9976 -3543 56 1722
-13524 5380 -7752 -2731 670 -1748
-12164 3652 -8288 -2862 1878 -307
-15188 4220 -8032 -2803 963 101
-13972 4836 -7396 -1465 206 -95
-13700 4760 -7732 -745 333 277
-14176 5496 -7892 -640 -675 233
-13452 5556 -7584 -664 -1185 187
-13912 6424 -8136 -1183 -172 897
-14084 6600 -7620 -1742 -1385 947
-14188 4564 -5808 -16 -1866 53
-14272 5116 -6348 946 -1550 606
-13700 6188 -5960 305 -2514 216
-13004 5736 -5052 -87 -1830 -639
-13588 4948 -5028 283 -924 -766
-14644 4144 -5120 977 -1369 -1250
-14708 5192 -5136 1988 -1713 -1162
-14284 4040 -5084 3077 -1761 -677
-13808 4204 -4600 4355 -1971 -724
-11924 4012 -4656 4980 -2165 -515
-11144 5332 -4628 4904 -2819 -364
-9620 2908 -3268 5932 -2681 305
-9208 3588 -2628 6189 -2485 -789
-9500 3504 -732 6275 -3333 -2218
-11208 2760 -10380 5240 2609 -751
-32768 18780 -26856 -3736 8691 7223
-20252 4592 -3928 -984 -3272 -8503
-22244 3292 -11360 3947 2471 1420
-16948 2032 -8048 4437 278 -891
-9664 4612 -7608 2830 8 -562
-12076 2676 -7724 1515 1374 1097
-12380 2268 -8436 2429 2845 158
-13336 2036 -8220 2271 1400 209
-13420 2928 -7884 2280 1988 673
-14992 3584 -8616 1585 1384 626
-14824 3136 -7984 1694 634 -576
-14736 2704 -8856 1124 1073 -1500
-14048 2756 -7732 -931 1028 -1374
-14000 2764 -8184 -1533 1483 -1375
-13912 2292 -8672 -1291 2077 -1669
-14304 2572 -8520 -1110 2174 -1150
-14420 1676 -8508 -395 953 -698
-13956 2472 -8524 -184 1224 -148
-15220 2440 -8828 -721 415 -127
-13376 2880 -8748 -753 -286 164
-14608 1976 -9268 -638 -923 944
-14080 4364 -8000 -552 -446 1134
-14348 2180 -8640 -1124 -1354 1036
-14444 3840 -8232 -866 -1126 1040
-14584 2732 -8332 -1303 -2477 899
-14240 3612 -8756 -426 -1813 1207
-14308 3864 -7572 -451 -2816 678
-14184 4316 -7536 268 -1551 527
-13960 4216 -7240 -143 -1292 340
-14064 4340 -7280 -307 -933 519
-14336 4356 -7084 -169 -897 221
-13956 4328 -7204 74 -477 126
-14532 4140 -7008 163 -484 248
-14448 4396 -7012 116 -684 165
-14492 4240 -7032 243 -713 186
-14564 4324 -7132 343 -586 216
-13864 4320 -7436 15 -901 380
-14360 4200 -6800 575 -320 778
-14116 4360 -7184 439 3 836
-13964 4584 -6764 23 568 843
-14676 4384 -6756 450 845 682
