15308 -416 5752 -559 -786 -510
15016 -520 6196 -60 -1263 -480
15212 -324 6192 -237 -845 -954
15268 -776 6368 -514 -363 -995
15036 -916 6152 -291 29 -691
15132 -952 6032 -223 146 -353
14984 -1016 5780 -326 347 0
15136 -880 5956 126 172 283
15128 -640 6068 585 -262 512
15392 -584 6080 977 -214 408
15352 -356 6084 1144 -278 485
15276 -356 5956 1183 -260 118
15064 -504 5780 852 -25 84
15188 -656 5556 1109 -66 274
15056 -664 5120 1218 -514 116
14980 -824 5472 1306 -1015 146
15352 -1000 5764 1151 -1037 485
15556 -760 5916 1977 -987 715
15452 -672 5884 2050 -977 784
15348 -512 5864 2188 -724 425
15516 -596 5852 2027 -277 282
15496 -580 5616 2059 348 436
15404 -700 5392 1708 859 521
15484 -628 5164 1162 1217 699
15556 -816 4852 888 1190 800
15308 -680 4484 767 788 929
15048 -376 4836 332 -489 476
15032 -420 5284 950 -1398 164
15524 -296 5672 744 -1138 -110
15896 -520 5652 511 -497 -124
15556 -664 5640 442 -175 16
15312 -536 5472 179 305 -61
15384 -728 5288 136 307 -243
15412 -880 5364 503 112 53
15448 -816 5132 387 86 72
15448 -688 5160 306 -122 139
15268 -648 5316 379 -190 182
15396 -740 5236 467 -347 100
15312 -760 5388 652 -619 139
15512 -776 5304 842 -605 119
15344 -640 5680 621 -539 8
15604 -868 5548 661 -245 -62
15500 -860 5484 453 -57 -27
15456 -892 5364 653 78 58
15508 -904 5480 792 241 217
15548 -944 5260 848 278 303
15412 -896 5332 963 310 329
15448 -704 5176 993 187 242
15412 -716 5088 1053 19 234
15428 -624 5352 985 -222 27
15464 -804 5360 975 -300 52
15384 -840 5360 964 -167 10
15412 -764 5320 717 -172 66
15284 -608 5312 532 -114 246
15304 -688 5292 402 60 172
15300 -404 5396 371 -68 373
15432 -440 5292 396 -108 406
15216 -180 5144 101 -304 206
15392 -160 5176 272 -539 75
15252 -416 5048 558 -781 -264
15220 -688 5292 456 -1030 -332
15392 -828 4964 174 -862 -196
15436 -1112 5048 67 -766 12
15580 -1324 4984 227 -718 504
15680 -1364 5836 -374 -682 1637
15720 -1832 5620 -3180 78 2732
16344 -2304 5488 -239 1172 2379
14308 -2220 5056 2097 346 3019
15924 -2292 4552 5044 -1136 1600
15324 -1744 4188 2882 -1944 -56
14692 -2644 4760 533 -2084 -70
15144 -2448 4524 1912 -1510 624
15428 -2056 4076 225 -1343 -77
15800 -2184 4296 -316 -1299 -922
15500 -2392 3840 -1944 -1548 -1523
15516 -2416 4172 -1928 -2418 -1946
15860 -2360 4536 -2375 -3345 -1808
16216 -2660 5064 -5607 -2886 -2494
16676 -3692 5564 -3893 -1862 -3012
18588 -3600 5920 1379 -1638 -2643
17708 -1936 5760 3653 -1178 -544
18852 -1848 5000 5173 112 168
20164 -36 4804 4043 1581 -598
20040 1048 1964 2408 1268 -2179
18104 1620 2348 -2823 -432 -5065
15256 732 1536 1458 -1399 -4050
16892 828 -244 4321 11 -1757
16280 1452 -824 -98 1549 -2892
17028 1936 344 -3792 1340 -1829
17856 1932 -1080 -5257 2343 -3277
14800 2768 176 -6872 2597 -2802
12960 2208 1556 -3063 1717 -1544
13540 2104 3336 -747 2503 -1249
13396 1448 3508 -1638 3366 -1598
13332 596 4452 -2976 2797 -1670
13888 -384 4988 -2365 1458 -1061
14048 -268 5608 -1635 351 89
14280 -584 6092 -515 -366 1154
14204 -324 6056 957 -416 2068
14400 -168 6384 1956 -733 2710
14888 -332 6904 1685 -457 2828
15124 -320 6692 2545 -740 2955
14944 -60 7336 1839 -1463 2859
17400 -420 7452 4009 -1570 2867
17700 632 6576 3869 -101 2699
17960 -224 5748 1600 1200 3039
18908 -388 5060 2047 1687 3165
20672 -800 4428 2079 2306 3991
19432 -408 3260 365 3125 4786
16788 -1532 2448 -2219 2255 2718
15252 -2600 4156 -760 -607 1955
14764 -3088 4776 3134 -2224 2617
13724 -2796 4808 4639 -2232 3380
13152 -3120 4940 5642 -1897 3762
13228 -2560 4804 8033 -1361 4281
13796 -2312 4032 7754 -56 3851
14976 -2184 3952 6533 737 2865
15324 -1876 3644 7060 106 2137
15264 -1720 3124 5334 -1090 545
15188 -2148 3572 5614 -2587 -140
15292 -1964 3508 6321 -3457 8
15436 -1620 3756 5140 -3086 74
15292 -1024 3272 1484 -2457 -662
15032 -1452 3608 -1638 -2782 -1535
15732 -820 3744 -2629 -4597 -2434
17688 -1836 6292 617 -5861 -3219
19796 -1068 5640 439 -6186 -4868
25208 -1400 6668 -1224 -2635 -4261
21748 -628 5844 -2485 795 -2858
18640 248 5096 -1758 2176 -618
14812 116 4252 -2321 3719 -1224
14128 324 4256 -438 4848 -992
16416 300 3920 559 6378 -814
16892 596 3724 -1029 10892 -1260
15640 996 3152 -2044 12186 436
14576 1744 3728 -2531 11641 881
11852 1664 2608 -1295 9954 1097
11696 2344 2304 -718 7547 832
12044 1856 3404 1576 3688 -692
12352 2244 4084 3435 -643 -3023
13556 2300 4220 1564 -3338 -4618
13968 1492 4484 -4572 -5894 -6323
13816 200 5412 -5969 -8911 -6401
14408 120 7112 -1424 -11888 -4395
14772 884 6824 3235 -13178 -2774
15588 1556 7608 3004 -12497 -2302
16364 1548 7960 2030 -10051 -2220
15876 1868 7268 -1383 -6506 -1740
15524 576 7228 -3912 -2732 -916
15624 456 6952 -3874 -268 275
17196 -36 6680 -2869 803 1431
17808 892 6852 -1696 1266 2939
20500 488 6904 -907 2209 4104
22032 -120 5860 -141 3594 4752
21000 304 5844 1116 4915 5816
18476 -316 3868 1314 5858 6590
17484 -812 3256 960 7373 5497
16016 -788 2984 1632 7163 5425
14212 -1012 2776 1328 6634 5297
13192 -1700 2836 1123 6342 5021
13376 -1700 2800 1861 5813 4582
12692 -1712 2336 2119 4728 3893
13168 -1280 2684 2115 2665 3370
14148 -1256 2768 2390 -622 1223
14468 -1048 2996 1769 -4607 -901
14388 -1144 3516 557 -7826 -2851
15260 -1340 3916 -2809 -9907 -4301
16748 -1912 5428 -10957 -9886 -6063
16076 -4852 5300 -9161 -8351 -6913
15832 -4516 6636 -1162 -6983 -5460
16376 -3204 6536 2885 -6627 -4051
16900 -2224 7344 4025 -5239 -4458
17360 -3300 6924 4542 -3584 -4249
21664 -1328 7872 5110 -2016 -3675
21116 -2132 7816 311 585 -4833
22304 -1556 7096 -1177 5069 -1261
19796 -968 6208 1198 6903 2049
16140 -344 4268 1407 9285 4278
16408 -268 3972 1750 11557 5232
16204 448 2952 3177 12732 5219
15828 944 2448 2068 11973 4062
15220 976 2632 1616 10248 3220
13260 856 2356 1877 8467 2662
12560 824 2740 1845 6625 2162
12096 1180 2616 2126 4339 1684
12316 1856 3128 2250 1070 1038
12116 2584 4280 572 -2996 -1222
12916 1504 5144 -2804 -6717 -3561
13708 240 7796 -3857 -8760 -5849
13800 -880 8572 -2388 -10113 -6424
14164 -848 8072 -724 -8602 -6340
14612 -960 7536 -695 -6840 -6180
14520 -688 7488 -1578 -6756 -5798
14872 -492 7908 -1138 -7535 -3364
15400 -244 7752 -576 -6906 -2114
14948 200 7428 -1495 -6012 -1352
15672 36 7476 -1257 -5584 -484
17216 -276 7452 271 -4329 337
19092 112 6804 248 -2212 1304
22068 -688 6236 -1342 -36 2097
21488 -1148 5552 -1266 1088 3065
17272 864 6520 1130 2000 6330
17648 -1332 3008 -669 5750 5880
17188 -1880 2756 -1865 9329 3067
15080 -1404 3276 823 7918 5629
15596 -1696 3344 5114 5824 6758
14888 -1136 2736 5313 6134 6510
15136 -1340 3060 3501 6375 4750
14260 -1288 3088 2576 5424 3604
13552 -1392 3488 2257 3875 2801
13640 -1516 4000 2585 1728 1634
13480 -1800 4152 1022 -593 -470
13348 -2248 4416 104 -3108 -1140
13924 -2536 4648 1389 -5371 -2090
14476 -1752 4688 2462 -7214 -2779
14928 -1592 5068 1318 -8538 -3648
15456 -1552 5684 1803 -9034 -4308
16044 -1148 5900 1814 -8933 -4522
16556 -1444 6220 1116 -8082 -4759
16952 -1212 6716 1191 -6796 -4726
18480 -1368 6504 -15 -5022 -4562
19788 -940 6596 -816 -3298 -3806
22144 -1392 7280 1723 -534 -2338
21596 -24 6472 2478 1076 -656
18444 212 5140 208 4387 -116
16304 -452 4768 -388 6765 2336
16404 356 4528 2345 8586 4271
16208 756 3444 3285 11534 4197
15928 1360 2392 1029 13721 3695
14712 1060 2468 -1103 13397 2862
13500 1112 3012 -497 10599 2520
12612 1656 2720 -159 7980 1920
12728 1588 3536 -433 5438 512
11944 2872 4552 -669 2005 -1013
11432 1312 5900 -1885 -2163 -908
12584 -28 6760 -1736 -3878 -2240
13540 -988 6492 -2135 -2810 -3163
12544 -1544 7108 -3949 -3127 -3761
12024 -1856 7856 -3131 -4996 -3189
12364 -1644 7744 -631 -6489 -2966
13124 -964 8088 -671 -7430 -2973
13720 -864 8260 -660 -8760 -3515
14580 -668 8340 752 -9666 -3663
15772 -744 8568 2216 -8716 -3408
17520 -124 8116 3060 -7434 -2568
20264 -420 7780 586 -5114 -1827
22976 -1484 6716 -1199 -3162 -459
21260 -1300 6972 -1240 -1627 1550
16676 -1664 5724 1903 -27 5671
18144 -1732 4100 3140 3970 6084
15924 -1240 3120 1614 6957 5003
14712 -1400 3232 1564 7783 5786
13708 -1304 2548 1828 7946 5638
13832 -1404 2732 1668 7937 5403
14196 -1952 2872 2094 7011 4642
14140 -1904 2996 2070 5666 4454
14732 -1544 3876 2984 2999 3601
14324 -1080 3360 2984 382 1895
13924 -1060 3584 1359 -2437 -25
14020 -1396 3916 1907 -5633 -1602
14384 -1532 4472 2642 -7961 -3000
15144 -1612 4748 2908 -9049 -3875
16188 -1504 5020 2446 -8995 -4559
16932 -1728 5348 1663 -7765 -5453
16728 -2096 5736 1145 -7042 -4937
17768 -2076 5860 952 -5737 -4043
18684 -1416 6180 124 -4095 -3555
19764 -1556 5996 681 -2652 -2825
21452 -984 6796 4384 -2005 -1156
21596 804 6712 5823 -1702 -1103
16292 324 4732 1985 365 -924
15800 -280 4644 -390 5283 1900
16424 388 4056 2321 8597 4265
17240 836 3580 1308 11769 4034
16492 928 2956 324 13724 4603
15352 1288 3104 640 13632 4647
13944 1508 3044 2329 12332 4276
13260 2492 3080 3542 10218 2965
12420 2508 2728 2617 7195 734
12096 1720 3180 629 4022 -1809
13328 -1208 3988 553 223 -3181
12720 80 6524 684 -3137 -1497
12404 676 8056 650 -6607 1251
12520 468 7592 44 -6966 -76
12200 344 7364 -1659 -6245 -1884
12824 216 7748 -2027 -6531 -2918
12976 64 7508 -2325 -7861 -3311
13852 -60 7424 -1984 -9351 -3372
15372 -52 7604 -506 -10004 -3533
17012 20 7452 -325 -9415 -3491
18216 324 7952 380 -8268 -2600
23332 -208 7052 -244 -6600 -1526
23564 -292 7568 -2385 -3620 -145
20324 -672 7268 -3028 -1157 2008
17828 -1500 5868 -871 2782 4447
16664 -1328 3480 -1146 7237 3741
16132 -1868 2932 -1403 8763 4960
15904 -1720 2572 -528 9989 6273
14860 -1808 2260 1209 9503 6871
14408 -1120 2216 2676 8055 6050
14148 -1508 3648 3054 5526 3678
14716 -2020 5632 6328 3843 2197
15452 -1996 5240 8194 3724 2430
14568 -1048 4748 5408 4315 1712
13004 -1312 4460 2793 3030 1826
11980 -1304 3440 2522 1473 1684
12504 -1844 4224 1769 -1712 -74
14252 -1300 6572 149 -4627 -570
13120 -2364 6404 -1786 -5056 -1525
12884 -2068 7544 -958 -6641 -1638
12832 -1896 7604 437 -8518 -2670
14292 -796 7668 1965 -9329 -3105
15816 -940 6272 1121 -8207 -4437
17368 268 6284 -2846 -6189 -5512
16644 -144 6424 -3277 -5071 -5419
16824 112 5656 -8758 -5068 -8413
20788 -1868 5808 -10377 -2975 -9982
19176 -1448 7756 -8185 -2428 -7841
18968 -1780 7684 -3307 -1782 -3330
14776 -560 5392 -3506 2610 -328
12932 -1144 5544 -4019 6410 3020
14440 -972 5172 -449 9442 4956
15992 392 4464 3167 10192 4996
16260 844 5340 4137 8750 5228
16188 1472 5452 5781 7801 5925
14244 1252 6076 7224 7050 5510
14436 1092 5676 4257 7025 4329
14340 1208 5456 1493 6010 2866
13908 932 5120 62 3779 2167
13388 844 5212 -739 1604 1999
13304 1280 4476 -479 -987 942
12608 1992 5080 -1854 -3579 -1001
12680 1632 7124 -3369 -6988 -1861
13652 308 8404 -6707 -7853 -2850
14344 -2396 8640 -11759 -6083 -4731
14216 -4272 8872 -7624 -4813 -5255
13744 -4008 8152 5 -4723 -3439
14096 -3076 7596 3358 -5747 -2376
15276 -2976 7328 4267 -6613 -1966
18152 -2068 8372 5408 -6846 -1624
18680 -1836 7472 6375 -5443 -124
17804 -924 6308 3731 -1177 1268
15568 -728 4808 -1081 3140 3374
15548 -1424 4864 -1057 4693 4240
15860 -1664 4124 2937 4375 4125
15804 -1600 3592 4212 4228 3357
15952 -1928 3724 4637 4144 2983
16408 -2140 3984 4209 4506 2696
16240 -2388 3808 2065 4904 2484
15764 -2404 3912 -106 4837 2324
15304 -2092 4064 -436 4007 3117
15308 -1516 3892 -847 3324 2905
15100 -1316 3324 -3013 2002 1294
14008 -1316 3380 -6209 -603 -189
13300 -3172 3512 -14235 -4300 -2529
13912 -5196 7336 -8115 -6788 -3732
14496 -5436 5908 2972 -6233 -4303
15444 -3728 6392 2796 -5704 -4147
15836 -3492 6360 5124 -4881 -3445
15952 -2604 5984 6156 -4034 -3484
15460 -2120 5080 3923 -3607 -4277
15724 -1956 5080 1649 -3646 -5108
20104 -2536 4772 568 -4293 -5331
18156 -1968 5456 -1734 -4440 -6020
21516 -3592 5900 -266 -5967 -6794
15600 -1652 9152 7901 -5382 -1025
15860 -1044 6232 13888 1308 2491
16680 420 3108 3961 9636 1162
16728 20 3692 -5944 14747 1470
17020 -204 5176 -2056 14744 4597
16996 672 3904 2538 14060 5336
16192 1720 3132 2006 13008 4251
14720 1760 3532 1102 10051 3030
13452 1400 3656 2435 5735 1373
13328 1600 3848 3606 2066 -627
12556 1548 4512 2173 -1833 -1971
13400 1552 5956 1005 -4544 -3439
12788 1156 6744 1173 -5982 -4103
13456 1112 7136 1719 -7459 -3939
13888 1008 8044 2730 -8252 -3793
14788 1648 7416 911 -9715 -2918
16136 1336 8392 1859 -8955 -2533
15928 1424 6440 1463 -4942 -1823
14344 2360 5768 -2075 -2265 -376
11920 1120 5176 -4603 -3317 -1051
12452 -96 6152 -3442 -5649 -1324
14688 -852 7068 1855 -7020 -1691
16956 -8 7836 3810 -5857 -961
21168 1312 7892 2292 -2636 2529
20852 816 7688 2577 1595 2822
20388 500 5852 1363 6123 3480
15808 2592 4840 -691 9432 5517
14296 876 5072 -1083 8176 6642
15444 -212 3264 4886 8134 5018
16556 796 3780 5282 7713 3367
16580 1096 2660 2020 7125 3237
16460 -176 3000 487 6757 2879
15548 108 3008 -48 5594 1825
15344 -128 3156 -1796 3833 1490
15252 -904 3480 -1780 2459 482
14796 -924 4344 -1285 1045 192
14088 -316 4520 -1554 -882 -61
14224 -552 5224 -3090 -3353 -1133
14968 -80 5476 -5131 -3640 -2465
14680 -1840 7232 -7645 -5357 -4243
14184 -2472 6800 -5910 -6513 -3709
14428 -2688 7052 -2302 -7601 -3793
15172 -1864 7160 -1694 -8754 -3029
16120 -3388 7100 -877 -8126 -3788
16588 -3024 6412 -621 -4745 -4645
15864 -1592 6896 -2733 -1845 -5319
15164 -2148 5916 -5147 -417 -6920
18804 -3420 5872 -2264 -362 -5811
18564 -1884 6844 2824 -1928 -5862
17176 -664 6736 5457 -3669 -2097
16552 4 6288 8953 -2496 1892
15792 16 4340 6655 1660 1559
15760 960 4136 891 5786 1715
16164 736 4704 -47 8631 2760
16912 868 4340 1735 10478 4304
16672 1376 3844 3081 11612 4205
15988 2004 3564 3027 11085 4152
15452 2516 3668 2376 9385 3314
13960 2080 4544 813 6939 2486
13408 1860 5492 -463 4526 1859
13152 2052 5340 -10804 3147 303
13136 -368 7828 -14016 3163 -295
11632 -1704 7376 -6891 1664 -78
12140 -2224 6984 -3255 120 -867
12008 -2172 7496 -3757 -1198 -1986
11688 -2828 7424 -3473 -2639 -1764
11596 -3136 7624 -2107 -4453 -2060
11968 -3236 8008 -1488 -4986 -3102
12600 -3324 7812 -150 -5466 -4064
13040 -3244 7800 545 -5634 -4332
12904 -2940 7748 1988 -6503 -4764
14040 -2284 7804 6371 -8731 -4228
16252 -2312 7100 11267 -10211 -3025
19564 -504 7076 13677 -10865 -1487
20980 -324 6924 9286 -9738 151
18416 284 5044 3447 -4872 1689
15176 -384 4424 -2169 -362 3181
14900 -1376 4536 -1319 1522 3447
16148 -1528 3984 1827 3856 3561
16864 -1904 2956 3061 6707 3549
17492 -1544 2824 888 7297 2390
17384 -1888 2600 -262 8304 2192
16024 -1652 2660 -1977 7244 1684
15168 -1852 3176 -2243 5033 1890
15356 -2132 3760 -1034 3065 1842
15840 -2360 3612 -19 1842 1094
16236 -2480 3748 -189 305 466
16184 -2960 3560 -728 -703 776
15664 -2824 3988 621 -1810 1324
15356 -2708 4404 2843 -2673 1178
15200 -1784 4532 1549 -4175 -652
15556 -1848 4128 1345 -4344 -2261
16128 -1484 4908 2645 -4501 -2899
15520 -1372 4844 2587 -5363 -3978
16276 -1688 4428 737 -5608 -4454
17536 -2316 5464 2862 -5517 -4825
19324 -1020 5372 3000 -5079 -4715
22972 -1192 5052 990 -4075 -5763
22380 -1392 5060 275 -4319 -5355
18240 748 4892 4659 -4822 -2688
12276 1940 3256 5026 -3776 471
14616 -424 3312 4254 -613 -419
16400 -248 2800 5437 4033 -1308
15796 904 3240 3249 7928 1116
17348 1588 3056 1280 11612 3687
16096 1888 2712 -903 15487 5032
15532 1852 2924 240 16887 4234
14608 2580 3484 3599 16166 2681
12936 2236 3312 4500 12077 1753
12332 2296 3324 8649 5908 -8
12744 2892 3504 3420 184 -1384
13888 2052 5196 -3059 -1655 -508
13436 1008 5084 -4897 -1961 -472
13296 712 5560 -6404 -3464 -1127
13192 668 6500 -5955 -5389 -1981
13660 748 6580 -3898 -7549 -2424
14680 612 7300 -2876 -9114 -2771
15272 708 7068 -1985 -9558 -3015
15796 860 6844 -2207 -9300 -3480
16824 -160 8092 -1715 -7332 -4230
16568 272 7208 -3351 -4472 -3978
17580 -196 7488 -5031 -2811 -2114
18068 568 7756 -3429 -3181 -1545
18684 344 6704 -892 -3818 34
19136 180 5844 1861 -3675 175
17812 416 5464 2129 -2399 1584
15952 112 3036 736 70 2553
15624 -476 1736 -1354 1594 1357
16152 -2088 2712 126 2055 -536
16720 -2140 3556 4339 2789 680
17192 -456 4168 6278 3931 5330
16884 -676 2956 4199 7365 6930
15656 -300 2604 527 9275 7051
14832 -880 2468 431 8606 6137
14588 -1024 2852 1202 6555 4937
14588 -1404 2988 3054 3694 3331
14532 -1096 2680 2561 758 1767
15476 -1544 3444 2966 -1882 1062
14992 -1076 3516 2125 -3923 631
15616 -1724 4252 998 -5115 -469
15972 -1172 5044 1724 -5646 -2170
15968 -1556 4772 6107 -7169 -1783
15040 -1284 5420 6946 -8864 -1118
15148 -888 5440 6680 -8175 -1072
16764 -240 4788 4753 -6370 -2259
17408 -556 4772 -1454 -4963 -5269
20604 -2392 4580 -4124 -2532 -6614
23012 -3696 5248 -2046 1822 -4833
18756 2788 3936 -160 -2134 368
15668 324 3252 2333 -5676 972
15924 696 3164 4751 -3128 -263
16128 1556 3232 5995 -176 395
16036 1848 2656 1043 4500 463
15792 -140 2752 -1703 9242 177
15216 728 1356 -2958 11879 1356
15040 280 2740 -1037 10447 2643
14456 2060 2088 -194 9994 2451
14876 1216 3464 3379 9797 1917
14992 2068 3660 3489 8933 262
15640 1964 3756 -1235 7190 -311
15704 728 4520 -4447 7262 -811
12920 1192 5692 -3884 5341 336
12488 2060 6100 -3086 1941 -6
11972 1028 7484 -5576 1411 -2291
12088 8 7892 -7661 -853 -4393
12232 -1432 8316 -8610 -2876 -5309
12388 -2372 8588 -5893 -5080 -5499
12668 -2156 8576 -2039 -7171 -4831
13452 -2004 8400 -929 -8326 -4060
14896 -1832 8784 -1643 -8975 -4544
15468 -1704 8684 -953 -9306 -4628
17900 -836 8232 2947 -9306 -2759
19096 -1060 7228 6714 -8017 -573
21596 -316 6520 6391 -5744 1334
19148 -20 6108 3515 -4012 1651
15876 -980 5372 2828 -1050 2555
15848 -2188 3940 3097 2900 2924
16212 -1632 4208 4297 4846 4548
15684 -2004 3540 7381 5954 7263
15752 -1600 2552 10018 7242 8022
13988 -988 1552 7599 7938 5500
13468 -1448 1812 4257 6765 3107
14136 -2136 2804 3053 5489 1215
14716 -1240 2932 -777 3532 -193
15340 -2252 3304 -2076 2880 -622
15812 -2344 3684 -3348 409 -1537
14908 -2472 4244 -3021 -1598 -811
14432 -2136 4480 -933 -3117 892
14784 -1260 3980 458 -3820 864
14884 -1472 4060 -1138 -4890 -705
16068 -1792 5296 -617 -5320 -1461
16416 -2748 6984 628 -5581 -2140
16512 -2480 6824 1700 -5543 -836
17588 -2560 6296 1990 -4848 -814
18640 -1604 7660 2846 -4448 -2150
21832 -1800 5384 3932 -3496 -2870
22520 156 5708 -945 -2702 -5164
16292 -352 7144 -1360 -4307 -5334
13212 -700 4640 2624 -1854 -1729
14832 -816 3856 2875 1418 -1037
15300 -940 3596 2979 2945 -778
15040 -788 3076 1689 4644 216
15464 -336 3312 -1091 7043 453
14572 552 3852 -1610 9062 1380
14732 900 3748 -739 10802 1662
15520 1324 3456 -236 11428 1302
15648 1364 3556 -1232 10386 241
14316 2164 3364 -2028 8491 -1052
14352 1232 5708 -2473 6009 -1638
12396 1552 6436 -4273 2334 -1417
11936 400 7828 -5339 -1205 -443
12552 -1564 7476 -3139 -3637 -37
12404 -1960 6764 -587 -3639 -575
12548 -1368 6432 -147 -4594 -540
13060 -1464 5852 -1469 -5498 -1422
13596 -1240 6008 -3211 -6348 -2567
14252 -1048 6484 -3485 -7553 -3550
14628 -768 6792 -2434 -8721 -4100
16968 -1496 7288 -518 -9583 -4712
19284 -2096 7684 2650 -9405 -5123
21148 -1700 6300 6419 -9229 -1680
23380 -1124 7248 8040 -6249 2134
18616 1080 6184 6164 -3946 3749
16448 380 2924 792 -657 4896
15636 -2220 2144 4560 1073 2057
14500 -1924 1796 5216 971 -17
15344 -1920 2404 6033 1424 734
16104 -2180 3652 5585 2939 1303
16544 -2612 3844 4654 5896 1604
16648 -1512 4056 2756 9059 2546
16432 -1140 3148 612 11591 3363
16720 -1132 2964 -1484 11650 2921
15992 -1372 3016 -1670 9496 1367
14576 -1128 3232 -1003 6709 772
13960 -1248 2764 -396 4046 1275
14120 -1060 2992 796 1194 939
13436 -572 2740 843 -2000 -202
13776 1372 2968 -2541 -4601 -1248
14552 -644 3340 -8423 -7433 -3669
16236 -2548 5728 -8183 -9029 -5995
17384 -4120 7168 326 -9024 -6524
17988 -3160 7088 3836 -7604 -6178
19272 -2736 7012 2799 -4957 -5895
21124 -272 7164 1455 -1309 -7622
21284 -564 8148 -1718 -559 -7819
19280 -196 8600 196 -1102 -7215
15092 -1112 5832 3041 1084 -3320
14232 -132 4452 3973 5302 1947
13996 456 3964 2270 7553 3610
13836 964 4048 745 9345 4685
14356 752 3632 975 9613 4996
14312 1548 3696 715 8482 4252
13940 1920 4756 1977 6536 3832
14244 2212 4848 5127 5559 4238
14700 3284 4988 6961 5397 3504
14588 3584 4880 4910 5672 1729
13480 4476 4356 1318 3473 503
13680 2236 5072 -1840 2293 -1906
12324 2236 5912 -4617 250 -2961
11712 508 7112 -4866 -2845 -2903
11732 -504 8424 -2551 -4590 -2897
12500 -952 8736 428 -5515 -1937
12460 -192 8096 -296 -5908 -843
12320 232 7772 -909 -5944 -541
13488 620 7592 -497 -7074 -490
14704 724 7336 -768 -7664 -1011
15000 1044 6868 -932 -7288 -1497
17156 416 6896 -1059 -7746 -812
19436 420 7184 257 -6756 -977
21744 524 6592 -1365 -5877 -106
22132 96 7020 -1007 -5312 242
17076 388 6696 1135 -4544 1848
16964 -932 4728 3468 -1293 2337
14796 -788 3712 1971 2463 1333
14552 -1156 2952 -1068 4776 2685
15172 -2056 3448 -1331 6173 3169
15280 -1692 3496 551 7452 4114
15376 -1048 2708 20 8594 5547
16200 -1368 3260 671 8597 5254
15852 -1084 2856 2116 7089 4167
14620 -920 2768 1212 4506 2713
14568 -1188 3264 1316 1367 1256
14128 -1316 3392 2228 -1449 472
14552 -880 3764 1381 -3506 -405
14580 -608 4164 -182 -4793 -2142
15276 -980 4472 -1436 -6096 -3624
15268 -1316 4916 -1542 -6768 -4911
15996 -1868 5272 -157 -7601 -5244
17152 -1732 5680 1685 -7339 -4919
17444 -1468 5536 911 -6076 -4581
18920 -1368 6404 923 -4264 -3477
20872 -1540 5916 3708 -1784 -1761
22684 -320 5520 5661 -1256 -1120
20996 48 5568 5569 -3274 -2165
16596 400 4988 5989 -3681 -1435
12756 -284 3088 4814 -1436 -330
13900 516 3304 3964 1626 1089
15272 468 2440 1546 4830 985
17264 -280 2500 1958 7871 2567
16572 1688 884 -285 10063 4581
14960 2956 820 -499 9181 4735
14884 2896 1304 433 7538 2187
14612 3140 1820 542 6993 -1043
15108 2404 2744 267 6792 -3255
15368 2244 3156 -1817 5667 -4316
14896 1812 4036 -5017 3185 -4431
13764 428 4820 -4255 576 -3475
13372 392 5356 -1693 -1407 -2530
13456 584 5392 -2281 -3270 -2344
13096 368 5744 -3028 -4570 -2947
13556 -48 6256 -2931 -6194 -3010
14312 -48 6592 -2472 -7549 -2561
15120 432 7228 -1452 -7268 -2015
15328 492 6604 -1677 -6087 -1770
16380 496 7180 -1361 -4969 -943
17208 1200 6960 -982 -3332 -80
18700 892 6776 -182 -2033 1068
20712 520 5800 1266 -2277 1011
19928 -192 5060 2410 -2904 1523
19472 -576 4764 4053 -4036 2918
16488 -208 4332 4692 -2765 4479
16524 -1152 2388 1861 1149 3289
15768 -1772 1960 -1802 4813 1678
14216 -1440 2212 -2758 5487 3721
13456 -2404 2892 666 4563 5334
13268 -1956 2644 4695 4410 5581
14696 -1608 3304 4809 4937 4737
16172 -1688 4048 3995 4753 3565
16568 -2108 4028 3651 4583 2302
16560 -2240 4036 3943 3629 2077
16400 -1780 4036 4610 2662 1941
15380 -1384 3172 3583 1487 1660
14576 -876 3532 3623 -266 939
14528 -648 3180 2670 -2144 -454
14632 -592 3724 703 -4009 -2552
14484 -784 4364 179 -5883 -3786
15240 -796 4932 328 -7017 -4560
16632 -584 5052 153 -7103 -5236
17640 -360 5328 -1896 -5991 -5569
19160 -736 5460 -3794 -3974 -5247
21268 -1260 5300 -3503 -2467 -6446
18504 88 6140 -4130 -3195 -6331
14168 -788 5852 -3840 -1988 -4347
12308 -436 4480 -2132 1830 -1522
14656 -468 4000 -1287 3934 -731
15816 688 4748 -557 5228 214
15864 1404 4796 826 5584 3135
16720 2200 4108 3162 6523 5389
15496 2700 2932 3163 6896 4847
15084 1972 3468 3258 5276 3625
15816 1836 3140 3615 3932 2100
15276 1608 3368 819 3127 669
14728 1104 4072 -1647 2139 602
14848 360 4848 -1216 1149 -601
14692 976 4692 178 -1009 -1193
15820 796 5512 471 -2014 -250
15816 396 5516 677 -2387 558
15512 816 5412 1119 -1644 1206
15668 648 5536 756 -2675 1820
15664 852 5396 664 -2701 1438
15648 884 5296 314 -2260 359
15400 856 5380 88 -1861 -461
15404 512 5216 273 -2137 -177
15840 40 5084 1360 -2163 -142
16268 -68 5216 2258 -2201 -50
16228 -296 5048 3289 -2212 104
15676 -592 4472 4146 -1856 1015
15728 -504 4324 3857 -1914 1259
15872 544 4624 1998 -2124 610
15748 76 5040 -1177 -1602 -390
16552 -160 5536 -1566 -403 -599
16340 -92 5592 -786 576 -379
16196 -168 5600 -898 1918 385
16276 -372 5328 19 3315 893
16364 -236 4828 435 3948 1227
16064 88 4772 360 3717 1401
15580 -92 4532 606 3430 1171
15444 -48 4148 702 3123 1024
15336 -28 4156 12 2085 411
15020 -188 4236 -590 499 -211
14924 -396 4740 -235 -935 -547
15452 -412 4804 435 -1650 -799
15400 -504 5128 187 -1853 -890
15536 -648 5460 382 -1940 -511
15556 -700 4992 844 -1727 -455
15508 -420 5360 686 -1666 -635
15500 -432 5288 398 -1376 -579
15652 -572 5604 450 -661 -403
15752 -484 5252 741 -112 41
15692 -396 5184 539 97 66
15668 -464 4884 680 -43 225
15696 -212 4884 937 -237 417
15724 -148 4632 594 -254 203
