-15120 -1448 -1188 -875 -699 -15
-15344 -912 -932 -1886 -1071 321
-15932 -960 -624 -2416 -1264 854
-15656 -872 -772 -1959 -872 1257
-14976 -704 -388 -2368 -819 1208
-15160 -824 -488 -1749 -973 1114
-15144 -724 -956 -1622 -605 968
-15392 -656 -284 -1015 -263 725
-15308 -656 -264 -829 -428 531
-15460 -596 -236 -527 -276 183
-15160 -424 -148 61 -277 58
-15088 -316 -76 555 -256 -180
-15400 -380 -268 777 -143 -305
-15256 -380 -104 898 -196 -309
-15408 -572 -240 1127 -155 -313
-15380 -432 -356 1258 -63 -234
-15584 -464 -40 1095 -89 -223
-15348 -508 -356 1063 -290 -178
-15232 -556 -724 896 -270 -155
-15340 -520 -380 995 -289 -77
-15560 -648 -240 853 -425 -20
-15264 -724 -128 918 -705 120
-15028 -668 -336 957 -319 408
-15192 -188 -12 518 -70 95
-15300 -380 -156 299 302 232
-15176 -260 -172 10 615 361
-15656 -548 116 35 832 394
-15756 -708 88 355 377 444
-15620 -948 -368 770 -58 467
-14892 -152 -716 413 652 637
-15388 -408 -416 7 733 180
-15600 -160 -396 457 540 266
-15080 8 -632 221 245 150
-15524 -168 -328 185 267 49
-15296 -284 -264 194 21 14
-15416 -284 -872 393 -208 70
-15340 -12 -684 -73 -47 -93
-15472 -232 -620 49 173 -195
-15492 -248 -260 205 -49 -23
-15228 -300 -484 287 -36 -35
-15208 -40 -236 247 4 -108
-15664 -376 -592 175 -113 -151
-15232 -16 -800 298 -329 -244
-15488 -432 -380 86 -65 -250
-15468 -808 -456 430 -464 22
-15180 -432 -500 609 -344 12
-15392 -500 -336 666 -352 -8
-15308 -300 -388 759 -280 -62
-15392 -348 -340 667 -272 -114
-15368 -456 -412 639 -315 -248
-15036 -572 -552 643 -55 -183
-15484 -392 -124 640 28 -85
-15368 -676 -164 505 -191 -149
-15236 -412 -760 703 -170 -72
-15128 -272 -340 591 9 -55
-15388 -424 -280 542 145 -78
-15496 -532 -184 545 188 9
-15396 -732 -140 670 178 116
-15364 -488 -296 709 235 200
-15356 -476 -432 592 193 226
-15428 -564 -536 491 284 251
-15312 -456 -440 467 359 273
-15400 -612 -616 414 394 333
-15512 -704 -24 746 451 291
-15196 -580 -796 596 453 381
-15340 -872 -584 519 648 418
-15216 -724 -900 583 762 521
-15524 -748 -868 579 870 606
-15532 -500 -924 531 868 706
-15348 -532 -1068 591 779 811
-15444 -316 -1348 817 734 1027
-15512 168 -1336 421 842 1254
-15288 1552 -1860 -878 1840 1599
-14432 2040 -1088 -2025 2883 2231
-16772 528 -120 -889 3084 2123
-15552 224 -592 -311 1784 1177
-14480 892 -724 -133 2526 814
-15636 744 -712 764 1695 515
-14912 932 -724 968 1266 202
-15304 944 -1024 1646 1081 27
-15264 1100 -956 1966 983 -52
-15488 1064 -696 2099 833 -175
-15732 1388 -708 1883 796 -348
-16304 1452 -540 1924 870 -367
-16960 1720 -1632 1802 1067 -370
-17968 2740 -3928 1111 2187 -273
-20812 1372 -3572 1943 2004 -884
-16880 2040 -5040 991 1686 -1078
-15132 936 -6464 1073 1754 -999
-14496 1380 -7744 563 1529 -591
-14992 1276 -7156 501 1308 -303
-15236 580 -7420 328 958 -316
-15128 348 -6904 1108 811 -518
-14156 480 -6632 1394 490 -659
-13784 76 -5836 2022 163 -485
-13852 -588 -5796 3920 -1155 -827
-12804 -272 -5812 4130 -1118 -1132
-13524 -20 -4476 4032 -1007 -1174
-16224 -312 -4936 3330 -1929 -1404
-15720 -924 -4248 2433 -1308 -925
-15044 -664 -3316 1090 -1459 -858
-15052 -696 -3260 186 -1481 -269
-15236 -1120 -2984 -469 -1315 295
-15176 -1276 -2528 -1129 -1291 479
-15372 -1160 -2464 -1510 -1308 743
-15408 -1140 -2284 -1736 -1084 1060
-15824 -1220 -2756 -1817 -696 1510
-16400 -1172 -2100 -2040 -349 1629
-16732 -1044 -2568 -1800 370 2084
-18708 -256 -3308 -1684 559 2307
-19188 36 -3228 -2003 488 2518
-20484 976 -5764 -2245 730 2652
-16908 3176 -5464 -2524 710 1911
-14160 3584 -4936 -1852 447 1683
-15256 2484 -4864 -783 -768 1639
-13888 3168 -4524 -725 -449 1565
-13300 2600 -4224 -831 -937 1392
-12268 2968 -3912 -919 -1335 1251
-11708 3348 -4040 -1741 -1096 1169
-13280 3372 -3512 -2326 -599 1097
-14408 3376 -2796 -2439 -937 1167
-14456 2764 -2412 -1954 -714 1018
-14700 2584 -1880 -1217 -137 482
-14996 2428 -1512 -162 101 8
-14608 2340 -1284 588 -28 -478
-14556 2408 -808 1240 219 -851
-14996 2396 -1696 2059 237 -1149
-14756 2136 -1100 2487 107 -1437
-14880 1856 -696 2923 233 -1532
-15148 2272 -1292 2739 528 -1584
-15856 2140 -1304 2368 1542 -1134
-16804 2596 -816 1536 1454 -1253
-18920 2864 -2788 701 2380 -728
-22676 2900 -3308 2871 2845 -293
-21224 3384 -5352 3479 767 -912
-17668 1360 -7120 4696 427 -1250
-13068 2328 -8376 2870 592 -1698
-15020 1224 -5188 2504 463 -2102
-11392 304 -5556 2412 -1393 -2373
-11136 588 -4860 3106 -2151 -2588
-11408 80 -5276 3145 -2821 -2507
-12284 -344 -4984 2040 -3033 -2665
-13816 -596 -4600 591 -2033 -2434
-13984 -1100 -4272 414 -670 -1468
-15700 -1244 -3536 736 545 -707
-15788 -1232 -3048 1321 959 177
-15024 -1140 -2500 1148 731 475
-15648 -1024 -2460 939 665 779
-15408 -1272 -2532 607 359 901
-14924 -1152 -2856 445 943 1353
-15100 -344 -2340 -334 1390 1640
-15636 -824 -2204 -446 1535 1814
-15316 -628 -1928 -312 1226 1722
-15152 -888 -2676 -327 1455 1900
-15868 -872 -2856 76 1424 1858
-17192 -284 -3296 840 827 1379
-17708 -484 -3292 550 -576 256
-16692 -256 -5388 734 -70 370
-19164 1100 -5608 622 535 649
-20248 1148 -6032 -453 344 495
-18252 2576 -6672 -1091 -151 1224
-14800 3240 -6228 -1099 -64 1390
-15420 2372 -6200 -35 -1036 1324
-14628 2984 -4996 -153 -1058 1228
-13164 2520 -2956 -69 -1525 1148
-10572 2108 -4452 -76 -2974 962
-12076 3020 -4232 -777 -2142 877
-13080 3096 -3388 -1657 -1799 638
-14308 2832 -2516 -1815 -1370 523
-14044 2004 -2060 -1264 -1042 614
-14480 1748 -1936 -209 -75 374
-15116 2200 -1812 255 265 -11
-15268 1944 -940 449 434 -420
-16012 1836 -1328 217 -1082 -1107
-14524 1668 -1564 587 -537 -1235
-15288 1504 -1740 1410 -246 -1089
-15796 2420 -852 885 284 -983
-15884 2020 -620 508 396 -520
-15772 1668 -1156 1245 837 -83
-16304 2700 -1944 1388 1860 12
-16672 2888 -2456 973 1748 -637
-20380 1948 -3740 742 3018 -1759
-20192 2044 -4676 1065 1910 -2127
-15960 1596 -6380 1577 868 -1883
-14808 1296 -7636 1205 1271 -1434
-15292 1260 -6576 844 1044 -1274
-14212 512 -6524 350 433 -1151
-13256 112 -6144 934 -188 -1043
-13168 152 -4892 1135 -224 -377
-11976 92 -4592 1833 -597 175
-12228 132 -4436 2320 -1181 675
-12744 500 -4900 1817 -235 1155
-16252 28 -4788 2001 -782 913
-15764 -60 -3896 2255 -436 835
-14972 -16 -3416 2228 -483 216
-14936 268 -3184 1913 -335 -136
-15300 260 -3212 1189 -201 -179
-15536 380 -3496 191 498 -34
-15604 488 -3488 -403 -92 276
-15264 924 -2312 -1489 -112 650
-16636 -376 -1608 -296 -1411 1913
-15204 -376 -2368 -139 -1154 2107
-15312 -200 -2784 103 -836 1572
-16456 -504 -2696 391 -109 1345
-16584 152 -3152 584 281 1359
-18764 1640 -4124 255 887 1463
-20596 1924 -3380 -6 411 1742
-18592 2788 -5564 493 549 3298
-15652 4540 -5480 -112 1417 3520
-14768 4948 -5752 88 474 3119
-14416 4856 -4952 -273 -200 2693
-13288 3904 -4400 -879 -1222 1954
-12220 3988 -4024 -519 -1810 1080
-12304 3928 -3864 -182 -2287 182
-12348 4392 -3992 -257 -1098 -329
-13096 4660 -2948 -1306 -764 -869
-14356 4340 -2168 -1694 -1118 -868
-14048 3720 -1868 -1855 -934 -440
-14004 3372 -2292 -1471 -283 -298
-15020 3520 -2004 -1186 409 -346
-15368 2828 -1216 -334 433 -561
-14964 2696 -1144 -194 -201 -921
-15164 2712 -984 839 -24 -923
-14700 2640 -1184 1631 28 -1215
-14736 2692 -2236 2189 705 -1351
-14988 3080 -2364 2333 1371 -1471
-15568 3124 -1740 1951 1514 -1571
-15756 3212 -2240 1687 1515 -1212
-16156 3456 -2268 1594 1683 -856
-16980 2512 -2060 2062 1141 -1207
-18028 3204 -3824 1493 2275 -2186
-22232 3884 -5176 839 3818 -2713
-18852 1316 -4500 1694 2204 -2188
-13032 2056 -8896 1944 650 -1563
-15904 864 -7100 2668 1106 -1501
-13232 984 -5992 2282 -905 -1823
-11384 368 -5500 1561 -1160 -2280
-12128 396 -5172 1673 -1528 -1575
-13644 -116 -4424 2170 -2612 -1317
-13824 -360 -4504 966 -1946 -1053
-14756 -332 -4516 1191 -1458 -1004
-14684 -456 -4012 576 -705 -753
-14932 -204 -3408 644 -437 -504
-15296 -484 -3164 543 -423 -59
-15768 -848 -2812 647 8 1
-15576 -1140 -2588 1403 -1205 -91
-14948 -988 -2540 1784 -262 -75
-15152 -960 -2336 1427 266 21
-15264 -560 -2344 790 306 448
-15596 -476 -2188 222 501 920
-15260 -172 -2196 -330 882 1499
-15356 -528 -1880 -289 606 1704
-16300 -760 -2872 29 1150 2115
-17820 -492 -3728 525 1226 2377
-19216 380 -5076 -35 626 2648
-21204 1060 -5836 -843 101 2480
-20280 2876 -6404 -2108 705 2677
-14656 3648 -5112 -2073 913 2883
-13392 3596 -5924 -865 -249 2147
-12656 3456 -5228 -1159 -148 1289
-12416 2980 -4760 -1200 -1386 123
-13272 2656 -4084 -1425 -2192 -804
-13528 2792 -3712 -1708 -1861 -1216
-13404 2388 -2992 -1667 -2142 -1501
-13864 1944 -2792 -1563 -1920 -1521
-14032 1812 -2328 -805 -1301 -1250
-14252 1300 -1424 -683 93 -1160
-14624 1028 -2000 -422 590 -1472
-14920 1320 -1776 403 1317 -1115
-15356 1560 -1528 647 937 -859
-15244 1324 -1752 1163 636 -658
-15060 992 -1584 1670 384 -560
-15540 976 -1908 1894 321 -564
-15768 1224 -1524 1326 540 -626
-15760 1408 -1616 507 696 -486
-16248 1728 -1692 384 1106 15
-17500 1748 -1796 574 1342 105
-20164 3060 -5696 317 3106 -147
-24412 1336 -3900 2420 3525 -1546
-16028 -164 -6064 2940 1073 -2116
-13972 -100 -8648 3303 1660 -1689
-15644 380 -6700 4625 1924 -1127
-11848 84 -5708 2935 -314 -2141
-11356 -384 -5652 1961 -1408 -1866
-12024 72 -6016 1776 -1847 -654
-13612 -892 -5608 2048 -2463 -654
-13796 -728 -4820 971 -1815 -435
-14836 -760 -4040 1436 -2721 207
-15300 -1032 -4200 1675 -2440 649
-15280 -1072 -2568 2301 -1920 1002
-15308 -1300 -2792 3352 -2423 696
-14956 -984 -2124 2834 -1746 134
-15148 -1148 -1824 2566 -1002 -48
-15280 -392 -1484 1993 -1217 -64
-15144 -520 -1296 1228 -849 681
-14684 -584 -1448 419 -349 1235
-14932 -684 -764 -89 2 1661
-14736 -840 -1160 -844 384 1884
-15628 -1256 -952 -1022 -87 1730
-16792 -1200 -1460 -924 539 1868
-17664 64 -2404 -397 1242 2363
-18920 776 -2260 -1135 1970 2103
-19736 904 -3736 -844 1976 2158
-19252 2448 -4624 -1541 2558 2049
-16936 2844 -4376 -1305 2017 1989
-14748 3116 -5160 -316 717 1496
-15056 3332 -5852 -318 201 701
-15152 2952 -4132 -14 -815 332
-13112 2884 -3724 227 -1571 170
-11792 2884 -3668 -388 -2084 -397
-11552 2324 -3820 -175 -2526 -530
-13136 2932 -3676 -978 -2202 -1012
-14724 3036 -2440 -1701 -1758 -1157
-14280 1620 -2208 -1250 -2040 -1068
-14484 1368 -1980 -656 -1290 -1012
-14716 1260 -1260 -68 -720 -1181
-14920 1552 -832 -33 -659 -1415
-14784 1452 -672 496 -531 -1255
-14936 1420 -392 1105 -310 -1176
-14900 1048 -476 1159 -223 -1223
-14820 680 -40 2233 -252 -1063
-14180 204 -396 2545 -261 -1495
-15976 568 -68 2351 668 -1780
-16300 360 472 2839 422 -1819
-16036 40 -140 3468 -201 -1910
-16420 796 596 2725 719 -1597
-15488 -460 984 3126 148 -1343
-17460 412 -1760 2423 -274 -1442
-17132 1020 -3868 1041 1916 -719
-15708 -680 -1704 1245 1047 -635
-13856 -112 -3300 1605 -548 -1097
-14728 -604 -5416 809 198 -887
-17016 -1120 -3624 1049 267 -787
-14272 -948 -4312 1017 -576 -492
-15400 -1060 -3424 634 69 -234
-15132 -1468 -3152 981 -640 37
-14780 -1412 -3056 856 -692 271
-15020 -776 -2708 306 -102 378
-14916 -1012 -2828 -218 464 756
-15664 -1176 -1820 -594 694 1118
-14744 -952 -1724 -1317 433 1324
-16252 -1256 -1724 -876 89 1611
-15200 -1164 -1204 -976 -141 1556
-15156 -756 -1428 -1241 -329 1411
-15468 -392 -1580 -1349 -553 1587
-15160 -452 -1320 -1424 -393 1753
-15708 -116 -444 -1540 -685 1557
-14972 -168 -844 -1911 -618 1582
-15576 -968 -540 -1660 -563 1407
-16308 -932 -76 -1063 -517 1368
-16448 -672 -60 -1240 -1008 1016
-18752 324 -904 -693 -978 955
-17064 432 -1480 1311 -627 1173
-15948 924 -1308 1648 -800 826
-13380 2176 -2824 1290 -776 218
-13940 4172 -4044 109 -465 46
-16284 3620 -2712 -224 126 95
-15144 3096 -2136 -831 -897 524
-14500 1888 -1948 -555 -928 421
-14588 2076 -1400 49 -858 75
-14432 2308 -1156 243 -91 -239
-14640 2400 -684 16 128 -484
-15196 2068 -972 76 193 -431
-14948 1580 -292 125 353 -488
-14884 1324 -632 650 488 -690
-14948 1152 -300 1136 795 -861
-14884 820 -456 1613 743 -1249
-15348 848 -228 1814 935 -1481
-15396 708 72 2121 782 -1537
-15380 384 40 2536 488 -1328
-15400 540 164 2746 511 -1066
-15668 580 -264 2603 428 -576
-16464 600 428 2712 138 -342
-17628 816 -556 1661 227 -483
-17932 1184 -2628 652 1753 250
-15408 768 -1164 378 1951 773
-14292 668 -1968 366 518 275
-13916 712 -3852 404 356 -134
-15380 1080 -3544 -687 882 -212
-16104 576 -4084 -780 771 -147
-15240 -248 -4076 390 244 -210
-14860 44 -4280 1216 312 -478
-15600 512 -3656 1884 -55 -715
-15468 -44 -3692 2138 -274 -885
-15536 56 -3372 1588 -368 -1165
-15212 100 -3228 1373 -7 -516
-15088 -344 -2916 1476 -688 -112
-14920 -256 -2612 1015 -491 16
-15068 -292 -2140 208 -274 293
-15320 -356 -1944 -75 -523 563
-15548 -192 -1888 -792 -580 779
-15340 -380 -1484 -1277 -1187 864
-15712 -456 -1584 -1779 -1299 1062
-15396 -508 -1160 -1566 -565 1434
-16252 -1268 -292 -1377 -272 1270
-16200 -1176 48 -1078 -589 869
-15672 -1040 380 -717 -367 1123
-16312 -460 156 -651 -1149 742
-18064 -64 -372 -148 -100 535
-16296 600 -1548 1266 -524 622
-15140 896 -1860 1225 -787 225
-13608 2276 -2924 1246 -383 -83
-14384 2884 -3452 952 -352 -249
-15048 3384 -3432 212 156 -426
-15980 3328 -2024 -514 -270 -210
-15020 1664 -2580 -286 -1070 -213
-14700 1764 -2904 -138 -328 -151
-14844 2188 -1776 -362 -125 -669
-15280 1460 -1480 -544 -183 -913
-14748 1224 -1924 -250 45 -1022
-15368 876 -1036 124 396 -1010
-15076 1032 -864 464 411 -770
-15348 596 -760 1117 536 -719
-15164 336 -356 1347 323 -548
-15512 476 -636 1814 193 -413
-15352 572 -612 2294 94 -383
-15536 244 -600 2563 122 -424
-15132 68 -128 3025 119 -487
-15444 -52 -20 3454 372 -692
-15388 344 28 3439 371 -729
-15264 556 -192 3044 508 -708
-14936 424 464 2670 252 -819
-14812 96 132 2465 -477 -1336
-18980 456 -1712 907 595 -1896
-18744 1076 -2968 -115 485 -1535
-15280 -916 -248 656 -2 -1341
-12944 -1356 -2796 1893 -1844 -1193
-14008 -1096 -4812 1744 -394 -1052
-16320 -1136 -3296 1595 35 -740
-15936 -820 -3036 1197 309 -732
-14424 -908 -2896 1032 142 -326
-15120 -1268 -2940 1071 -101 139
-15756 -1296 -2344 1559 -457 222
-14428 -1448 -2472 775 101 331
-15224 -1180 -1168 -126 488 436
-14772 -1512 -1924 -241 716 826
-15472 -1156 -1588 -744 750 819
-15952 -1140 -1296 -876 369 1031
-14788 -788 -1140 -1596 233 1275
-16532 -1096 -1036 -1055 -373 1675
-15296 -844 -1328 -1087 -564 1852
-14876 -228 -1332 -1941 66 2082
-15660 -140 -520 -1721 -479 2046
-14980 -428 -892 -2217 -223 2263
-15376 -492 -424 -2630 -295 2197
-15632 -440 -528 -2153 -291 2373
-15716 -504 196 -1922 -660 2087
-15964 -200 0 -1873 -527 1660
-19064 -128 -208 -1632 -41 1472
-16956 296 -1076 1720 16 1981
-15152 844 -1188 2158 -427 1377
-14508 2416 -1972 1079 -842 427
-14628 3840 -2724 1282 -115 359
-14428 2700 -3636 1284 -453 138
-14172 3132 -2812 880 136 -180
-15416 3552 -2448 -46 159 -476
-15100 3072 -2360 -468 327 -208
-14896 3100 -2360 -903 587 323
-15532 2772 -1968 -518 750 827
-15240 2800 -1248 -238 538 985
-14732 2668 -1112 150 499 1145
-15016 2384 -776 887 295 1124
-14604 2424 -748 890 312 750
-15168 2720 -1528 1207 401 360
-15816 2896 -616 869 833 -153
-15148 2436 -492 1559 64 -164
-14912 1884 -1008 2449 229 -497
-14916 2024 -556 2793 290 -976
-14736 2260 -520 2752 574 -1276
-15356 2076 -576 2926 1092 -1134
-15808 1936 -316 2812 1417 -1104
-16792 2080 40 2402 1199 -1083
-16952 2156 -120 2021 890 -1202
-17604 3408 -1884 831 1819 -1390
-20560 2272 -3308 581 2256 -1858
-19696 1672 -3348 -351 2315 -2154
-14676 1200 -6300 -1041 1539 -1730
-15436 1120 -6548 288 2308 -490
-13260 1196 -5964 658 779 -449
-13288 676 -5936 593 71 -813
-13688 740 -5432 1003 -1025 -1121
-13776 176 -5288 1349 -1523 -1181
-14184 -180 -4856 1736 -1652 -1301
-14152 -68 -4384 1293 -1492 -1188
-14520 -300 -3972 1696 -1130 -711
-14728 -300 -3376 1485 -508 -174
-14908 -268 -2384 1928 225 77
-14420 -216 -2688 1893 -444 437
-15008 -456 -2636 1494 92 575
-15696 -316 -2288 1204 -25 523
-15216 -572 -1976 939 -90 430
-15192 -484 -2212 746 -258 483
-15588 -248 -1820 606 -162 628
-15936 -332 -2228 51 -192 777
-15740 -108 -1440 -163 -383 802
-16740 -600 -1952 -430 -671 1179
-17772 -320 -2540 -879 -494 1121
-20584 740 -3492 -1391 853 1709
-20792 524 -3008 -1051 624 1590
-18340 1372 -3836 -1317 -185 1061
-14264 3348 -3196 -1353 -596 1201
-14424 3232 -3928 -500 -1343 1191
-13948 2624 -3872 54 -1167 1091
-12668 2120 -3960 -44 -1522 234
-13272 2364 -3244 -612 -1249 -71
-13140 2880 -2656 -1090 -1782 -263
-12636 2332 -3060 -1415 -1441 -78
-14200 2296 -2456 -1055 -1052 85
-13972 2396 -1728 -1684 -348 -55
-14544 1712 -1380 -1677 -13 -160
-15188 1952 -1256 -1114 595 -100
-15468 1900 -636 -1244 398 -154
-15220 1156 -428 -1211 196 -298
-15292 872 -368 -597 177 -169
-15280 792 -572 80 -25 -370
-14952 916 -880 1019 2 -391
-15228 616 -124 1467 408 -435
-15160 844 -464 2561 595 -278
-15392 1176 -340 3137 811 -178
-15224 1696 -212 2937 1096 160
-15268 2332 -644 2467 1507 633
-15732 2388 -296 1766 1555 809
-16876 2680 -864 1252 1729 610
-18580 3280 -2916 1001 2607 92
-20980 3020 -3368 775 3048 -630
-18820 2304 -3388 987 2279 -984
-16016 544 -5628 806 2243 -967
-14892 868 -6712 351 3335 -705
-14344 1204 -6172 610 2762 -1000
-13084 296 -5312 839 1658 -1473
-11416 284 -5820 1671 559 -1502
-11964 -172 -5320 2427 -4 -991
-13492 192 -5796 2191 -496 -447
-15364 856 -5444 2667 -63 1197
-14836 -4 -5308 3042 -979 1330
-15944 -56 -4760 3484 -2147 1318
-15628 440 -3952 3444 -956 974
-15252 820 -3636 2839 -964 303
-15076 844 -4248 1886 -1600 81
-15688 912 -3744 1177 -1403 500
-15496 904 -2976 450 -2317 346
-15452 504 -2720 -141 -2720 205
-15028 220 -2388 -881 -2061 41
-15252 208 -1996 -1182 -1495 197
-16008 52 -2404 -1290 -987 635
-17208 220 -2396 -909 -190 1972
-16504 520 -2176 -257 -33 2465
-17584 772 -2724 11 455 2239
-18536 1716 -3896 99 476 1766
-20816 2612 -3668 -406 1538 1323
-16192 4024 -4436 -380 590 1289
-14004 3972 -4660 -707 241 725
-15000 3820 -5184 -445 113 689
-14164 3452 -4656 -506 -538 522
-13444 2960 -3512 -652 -1262 206
-12628 3008 -3300 62 -2109 215
-12824 2644 -3156 175 -1883 108
-12980 3224 -3084 -288 -1493 -220
-13496 3268 -2128 -583 -1472 -525
-14444 3240 -2080 -665 -1242 -511
-14780 2776 -1284 -570 -601 -605
-15012 2344 -1144 -214 61 -558
-15064 1908 -1008 -119 513 -759
-14964 1652 -708 176 715 -1016
-15108 1908 -1108 647 118 -1208
-15044 1872 -696 1346 -10 -913
-15084 1552 -388 1289 -28 -965
-14760 1416 -676 2003 -34 -935
-14956 1068 -608 2537 649 -769
-15116 1408 -972 3151 957 -1004
-15832 1748 -732 2571 1699 -1286
-16844 1880 -688 1757 2001 -1516
-17908 2304 -2220 1230 2364 -1476
-22100 2316 -3444 912 3000 -1466
-19720 1428 -3648 1099 2424 -1651
-15880 932 -6056 1012 1699 -1497
-14924 680 -6624 683 1303 -1389
-15048 1028 -5716 828 874 -1088
-13956 4 -5028 1105 -201 -1468
-12508 280 -5144 1327 -854 -1332
-12988 0 -5240 1888 -1028 -794
-12972 -20 -4768 1884 -1420 -544
-14132 -424 -4576 1836 -1582 -448
-13964 -372 -4196 1216 -1125 -248
-14852 -360 -3268 1539 -246 -113
-14784 -460 -3348 1631 -992 444
-15340 -924 -2596 1763 -954 -211
-15020 -832 -2540 1929 -617 -7
-15228 -496 -2368 1622 -91 122
-15224 -352 -2200 1577 -83 612
-15464 -480 -1976 1184 -357 752
-15436 -552 -1684 757 -843 766
-15752 -544 -1548 471 -722 1028
-15652 -540 -1764 53 -1084 1031
-16076 -516 -1796 -342 -560 1351
-16732 -620 -1876 -662 445 1350
-20576 -348 -2480 -63 246 1736
-21656 716 -2680 586 540 2681
-19012 1924 -4696 -330 1035 2666
-14768 3356 -3884 -603 1222 2781
-13988 2936 -4864 -46 -218 2100
-14144 2348 -4588 264 -457 1504
-13268 2100 -3752 -445 -1023 413
-11916 2592 -3244 -1262 -733 -230
-12636 2684 -4444 -2288 -897 -574
-13392 3020 -3172 -3091 -723 -395
-14540 2436 -2616 -3103 -566 -184
-14560 2572 -2232 -2818 -350 339
-14644 2492 -1960 -2515 -284 413
-14960 1528 -1476 -1875 -326 216
-15056 1524 -1428 -1053 -113 121
-15240 1592 -1488 -455 94 -143
-15308 1520 -756 -246 355 -319
-15084 1668 40 507 253 -415
-14752 1148 -884 964 398 -297
-14772 1300 -516 1501 478 -563
-14912 1416 -636 2082 763 -731
-15188 1692 -820 1956 711 -828
-15376 1452 -412 2002 1041 -605
-15988 2412 -1168 899 1459 -168
-18096 2540 -1508 590 865 -435
-19168 2652 -3556 890 1294 -694
-21420 3072 -3080 890 1804 -1211
-18476 2332 -4644 1118 1425 -1061
-14744 1020 -6168 1829 2216 -828
-14376 2076 -7284 419 2448 -908
-14740 1228 -5556 629 1593 -987
-13128 544 -5052 318 -137 -1547
-12464 228 -4956 478 -513 -1676
-12344 -76 -4512 1472 -1000 -1490
-13072 -24 -4956 1907 -912 -1300
-14524 -284 -4316 2119 -628 -1196
-14512 -392 -3620 2035 -353 -1052
-15020 -520 -3816 2198 -802 -530
-15104 -376 -3080 2095 -565 -220
-15256 -500 -3440 2117 -626 136
-15172 -376 -2956 1884 -384 387
-16252 184 -2552 831 -1184 217
-14908 -1828 -1636 55 -631 339
-15340 -476 -4148 99 2 1124
-15368 604 -3512 738 1594 1873
-14412 468 -2568 591 603 1522
-14444 -368 -3152 797 266 1446
-15492 -864 -3120 624 137 1045
-16872 -552 -2436 414 142 1047
-17180 -144 -2724 402 -524 934
-18520 -324 -1788 862 -1425 1034
-19584 -56 -4388 209 -1311 894
-25032 3132 -4532 -419 322 1845
-17824 3264 -4192 -2239 723 1828
-14940 3812 -4784 -2029 -17 1664
-14004 2724 -4536 -635 167 1297
-12112 2520 -4600 -254 -541 1315
-11544 2560 -3484 -556 -913 712
-11996 2304 -3704 -551 -1582 203
-12332 2788 -3392 -660 -2148 -139
-14308 2660 -2852 -701 -1484 -251
-14796 2952 -2308 -567 -1582 262
-14640 2456 -1580 -442 -1316 385
-14892 2400 -1484 -159 -1468 346
-14472 2048 -1496 47 -1004 137
-14388 1892 -1332 229 -516 -97
-14996 1748 -276 212 114 -373
-15016 1708 -352 868 157 -654
-14840 1416 -412 1630 549 -816
-14936 1520 420 2213 849 -1227
-14236 920 -136 2502 1400 -1696
-14804 1280 -44 2406 1866 -1968
-15756 1804 -1428 1575 2461 -1681
-17308 2028 -2680 189 3254 -1479
-18900 2160 -2768 677 4019 -1239
-22240 2416 -4360 749 3219 -805
-19856 1904 -5124 1951 2385 -572
-15144 208 -7544 2713 1829 -380
-14616 700 -7192 2314 1385 -996
-14204 844 -6340 2784 803 -727
-12868 388 -6068 2115 11 -1140
-12896 108 -5520 2861 -1270 -1659
-11756 -236 -5076 3326 -2625 -1820
-12924 -212 -4920 2986 -2506 -1839
-14208 12 -4592 2301 -2077 -1356
-14448 -768 -3476 976 -1985 -931
-15092 -1028 -3528 838 -1670 -461
-15440 -968 -3364 737 -1039 68
-15060 -728 -2724 499 -502 268
-15192 -912 -2620 719 -662 374
-15244 -964 -2508 461 -659 381
-15264 -1196 -2428 192 -500 376
-14960 -824 -2632 42 -395 438
-15228 -940 -2168 193 -149 654
-15324 -1136 -2152 -379 -2 803
-15720 -1184 -1620 -334 -150 871
-15500 -1164 -1540 -399 -168 1112
-15992 -1420 -1352 108 -240 1410
-15832 -1080 -1792 266 -150 1835
-17488 -824 -2720 747 331 2203
-22388 1004 -3976 -319 789 2330
-23156 2592 -4712 -949 1597 3008
-17484 3612 -3880 -1665 1806 3659
-14716 3112 -5100 -549 473 3268
-14500 2124 -4540 38 -320 2419
-12340 2372 -4184 -610 -1097 1720
-11332 3072 -4128 -634 -1524 1206
-11220 3016 -3344 -266 -2308 663
-11928 2740 -3756 220 -2054 5
-13732 3772 -2868 -590 -1637 -568
-14412 3752 -1892 -1219 -1669 -560
-14488 2864 -2188 -1146 -1900 -405
-14904 2320 -2040 -933 -925 -333
-14888 2376 -672 -1413 -560 -583
-14836 2152 -880 -616 -575 -699
-15076 1908 -392 -162 -103 -866
-14784 2068 -224 266 -328 -1084
-14732 1632 -96 1100 -566 -1351
-15036 1384 76 1665 -752 -1784
-14744 996 64 1805 -714 -2297
-14872 928 512 2311 -1118 -3026
-14952 368 1840 3294 -1021 -3548
-15120 496 1236 3450 -1302 -3585
-20536 1212 -212 2412 -940 -3904
-17784 884 -864 2091 -112 -1793
-14024 -92 -1284 784 1058 -435
-15264 696 -1544 1397 907 -209
-13652 664 -3484 714 145 -299
-15248 -152 -3144 -65 1108 -391
-15036 -64 -3468 223 705 -81
-14464 -264 -4976 489 1565 161
-16816 -680 -4004 1217 1495 621
-15892 -244 -2608 1373 471 1076
-15052 -444 -2928 1127 292 829
-15336 -392 -3376 1345 276 689
-15328 -452 -2924 1408 145 413
-15372 96 -3240 1027 242 401
-15500 660 -3144 427 550 553
-15784 380 -2432 108 639 946
-14840 -368 -1484 -376 119 833
-15080 -268 -1864 -792 -36 355
-15704 -4 -3004 -1105 -629 330
-16448 184 -1752 -1315 -653 287
-15384 660 -1984 -998 -961 518
-15276 748 -1452 -695 -832 384
-15248 1088 -1604 -601 -100 354
-15740 1304 -1732 -628 -430 551
-15272 1236 -1984 -802 -301 740
-15516 1056 -1844 -477 -443 593
-15200 1168 -1468 -391 -808 72
-15612 792 -1400 -69 -617 -208
-15348 672 -1492 264 -564 -403
-15580 588 -1300 490 -258 -626
-15316 364 -1040 682 -78 -750
-15664 396 -1356 1057 45 -612
-15456 684 -1364 1011 74 -472
-15416 508 -1316 1017 79 -511
-15724 296 -972 1026 -358 -360
-15320 332 -1508 1231 -344 -197
-15076 544 -1164 1499 49 -298
-15380 748 -1604 910 -38 18
-15680 404 -1096 621 -99 -119
-15384 444 -1432 728 -267 12
-15424 284 -1336 526 -349 -50
-15380 416 -1132 503 -310 25
-15356 332 -1156 332 -228 -24
-15360 244 -1124 241 -78 -255
-15404 192 -1200 348 257 -75
-15576 -4 -944 568 288 -60
-15244 -80 -1540 1284 -32 184
-15248 308 -1312 1029 21 -73
-15348 352 -1252 1230 -138 10
-15284 344 -1068 1360 -257 8
