-15288 -320 -472 773 208 178
-15260 -72 -672 922 259 230
-15404 -204 -280 384 381 369
-15436 -124 -544 1150 -31 444
-15012 264 -736 958 288 307
-15324 88 -752 734 155 197
-15236 56 -852 689 37 55
-15196 300 -640 363 -25 -143
-15292 276 -628 219 80 -23
-15484 152 -644 -200 281 5
-15516 -120 -556 -231 347 37
-15468 -152 -908 -205 302 187
-15092 -152 -48 278 494 163
-15472 84 -840 19 670 176
-15528 -268 -692 49 715 115
-15480 -144 -1076 399 398 130
-15496 -40 -1196 686 343 123
-15492 84 -1024 1001 129 139
-15420 28 -1012 835 124 128
-15852 -120 -932 924 -186 99
-15720 112 -1360 793 -479 -44
-15452 372 -828 957 -331 -182
-15392 -88 -1224 655 -446 -206
-15408 -96 -988 461 -50 -221
-15404 -224 -964 521 179 -88
-15244 -92 -944 538 278 -90
-15564 -36 -1112 452 474 -138
-15580 8 -972 468 287 -76
-15672 -32 -968 565 191 26
-15332 -8 -1316 617 142 52
-15232 220 -932 775 294 80
-15532 200 -1412 443 43 204
-15504 100 -984 304 83 163
-15264 180 -1144 509 57 227
-15464 192 -1068 156 122 202
-15368 512 -1728 385 -191 -28
-15312 -212 -1180 595 -84 245
-15428 28 -1124 825 2 740
-15604 -48 -916 826 48 1081
-15560 192 -848 689 290 1186
-15448 464 -1592 767 -125 1098
-15640 636 -1176 529 112 700
-15168 732 -1460 532 -598 478
-15160 972 -888 720 -330 632
-15836 1096 -972 228 -283 770
-15276 844 -892 168 -397 571
-15404 836 -900 250 -806 632
-15416 1116 -556 316 -974 778
-15452 1048 -1264 -275 -595 665
-15140 1224 -928 79 112 672
-15364 984 -856 501 -113 414
-15396 1340 -468 114 -165 242
-15108 1288 -1012 496 -341 133
-15248 1088 -888 795 455 -409
-15500 1420 -672 856 26 -370
-15208 1180 -852 621 147 -646
-15224 904 -864 798 -188 -332
-15152 1052 -1004 1063 501 -869
-15404 940 -1104 1110 565 -947
-15320 1012 -300 1455 758 -1072
-15448 700 -1148 1211 460 -857
-15556 712 -996 1019 501 -822
-15524 632 -1160 841 366 -728
-15740 416 -1288 552 424 -626
-15604 452 -1260 592 406 -675
-15496 316 -1088 584 268 -514
-15600 228 -1144 691 229 -387
-15388 340 -1248 986 121 -334
-15376 200 -1452 1198 90 -164
-15532 404 -1332 1111 141 -91
-15356 284 -872 960 18 -110
-15496 328 -1656 791 -194 17
-15700 344 -1032 406 -205 12
-15280 352 -1572 539 -362 53
-15408 412 -1248 445 -280 -46
-15416 452 -1144 256 -254 -193
-15400 60 -1220 461 -165 -271
-15296 308 -1228 396 -333 -286
-15416 104 -1168 387 -68 -177
-15524 -60 -1132 522 -169 -85
-15340 148 -1124 555 -50 -227
-15368 68 -1268 450 -17 -121
-15524 4 -524 887 3 -92
-15316 -52 -1356 475 27 65
-15524 20 -916 472 36 140
-15296 144 -1276 574 114 165
-15424 40 -1244 440 214 177
-15424 144 -1104 516 235 295
-15404 100 -1092 411 362 581
-15568 -308 -1244 487 255 533
-15280 268 -1148 520 458 432
-15536 144 -1392 475 458 459
-15596 380 -1240 418 390 485
-15380 388 -1388 500 391 539
-15344 252 -1208 520 308 584
-15380 268 -1564 589 154 674
-15436 0 -1124 625 95 670
-15764 48 -1760 934 136 404
-15168 360 -1124 716 -230 41
-14512 1744 -2668 -489 938 151
-15792 2092 -1192 -1427 892 -131
-15784 536 240 -992 446 -110
-15992 -388 -296 239 -243 -628
-14272 72 -672 1377 -187 -819
-13280 172 328 2451 -744 -1507
-12624 112 -428 3457 -1252 -2014
-11940 304 24 4464 -1243 -2104
-10736 -48 -944 5529 -1293 -1674
-10928 812 -728 5294 -705 -1516
-12380 392 -1076 4220 -463 -1464
-15912 832 184 3176 -854 -1288
-24092 -104 -2208 2025 280 -430
-28620 12 -3652 243 2385 -36
-19592 -1360 -1212 -1006 -263 -480
-15292 -892 284 -2071 -1885 -827
-13292 -576 -2728 -1486 -2285 408
-15020 -460 -1504 -2741 -507 -208
-16680 -1920 -1300 -655 -1032 -80
-14008 -1484 -2032 122 -28 480
-14684 -1052 -1304 -167 993 523
-15348 -1420 -1844 907 1120 703
-14616 -984 -1592 365 1876 781
-15688 -996 -1316 91 2365 941
-15792 -1112 -1352 806 1881 1170
-15572 -1052 -1656 1021 1721 1110
-15292 -996 -1308 1249 1088 947
-15368 -648 -1688 1176 667 799
-15504 -748 -900 805 -42 519
-15096 -1016 -1036 424 -483 381
-15368 -844 -1280 277 -533 502
-15632 -812 -576 -42 -606 557
-15584 -904 -584 108 -784 742
-15276 -1424 -720 264 -1326 790
-16048 -192 -1480 -606 -1528 581
-18856 -460 -1600 -293 427 526
-13416 2344 -2712 -572 -569 1508
-16216 1092 -2856 -829 957 1395
-15384 1776 -2416 -670 -2 913
-14996 1724 -2276 -581 -227 860
-15556 1728 -2084 89 -244 805
-15568 1768 -1320 1245 -877 783
-14472 1904 -2204 1366 -622 543
-14884 2016 -1772 1097 -122 176
-15564 2192 -1636 487 -38 95
-15316 1872 -1164 122 -86 409
-15108 1840 -1144 572 -309 340
-14852 1472 -784 1390 -452 117
-14324 1492 -1000 1716 -155 -259
-14660 1956 -1520 1493 290 -728
-15204 1632 -332 1694 193 -1159
-13876 1056 -636 1594 -482 -1456
-13084 984 -320 1789 -213 -1522
-12504 476 -480 2561 -344 -1521
-11880 92 -288 2992 -461 -1637
-10936 420 -1024 2676 -223 -1785
-14068 1000 356 2256 -314 -1871
-14352 976 284 2032 -1181 -1444
-19876 552 -672 936 -1897 -1765
-24440 340 -4140 1333 -1018 -219
-24820 -436 -1616 -2012 1452 -762
-18036 -968 -1336 -2733 -1232 -195
-11436 -604 -628 -2826 -1455 26
-14372 -984 -2448 -2260 -908 292
-16676 -1468 -1180 -1931 628 199
-15464 -1368 -736 271 184 842
-14356 -736 -1012 868 1329 1144
-15436 -656 -1140 1458 1244 1114
-16040 -520 -1120 1746 1116 1290
-15432 -212 -1208 1523 796 1600
-14540 336 -1568 1721 858 1777
-15112 -120 -1316 1026 278 1788
-15552 72 -1020 -103 579 1486
-15460 268 -1032 -966 231 1262
-14876 244 -624 -551 49 1209
-15196 -160 -568 -374 -176 910
-15904 -4 -208 -385 -124 910
-15316 -436 -200 -504 -401 647
-15792 80 -228 -810 -854 268
-20500 912 -924 -2255 1235 -374
-14964 2988 -1940 79 35 656
-15312 508 -2144 -224 -158 248
-14668 1024 -2292 112 -214 -171
-15056 2548 -1260 260 -495 -318
-15156 2308 -2168 252 -524 -359
-14576 2368 -1776 944 -539 -50
-15264 2904 -2504 668 137 189
-15672 3176 -1528 667 -89 360
-14812 2268 -1620 1011 -621 286
-15020 2100 -2156 798 38 -85
-15108 2312 -860 291 41 -570
-15064 2004 -1500 86 195 -615
-15500 1880 -1168 -194 229 -684
-15268 1936 -280 -212 506 -703
-14996 1344 -856 -404 76 -644
-15332 1260 -640 -239 -176 -758
-14784 1276 -556 -99 -255 -829
-14912 1136 -236 -156 -177 -927
-14224 264 -52 632 -300 -1061
-13456 -380 84 1427 -675 -1600
-11880 -616 904 2498 -330 -1776
-11440 468 56 2901 -244 -1750
-13884 604 340 2665 -170 -1804
-13520 344 504 3046 -799 -1436
-13580 284 -208 2890 -555 -1313
-15340 192 964 3018 -1197 -1203
-19912 16 -912 2451 145 -275
-20564 272 -2308 1971 -407 -271
-26328 -820 -1080 610 1039 -443
-15736 -432 -500 -102 -789 42
-13168 -392 28 107 -957 -322
-13992 -1600 -2736 256 -935 -406
-16008 -1688 -1800 582 1037 -1058
-14416 -1024 -1160 -205 1145 -1373
-15112 -1288 -1412 -590 1869 -1367
-14496 -1592 -1380 -605 2143 -770
-15784 -1724 -900 -353 2464 -285
-14624 -1416 -1948 -946 2427 399
-16416 -1888 -1380 -940 2417 662
-14800 -1852 -2040 -794 1585 1052
-15400 -1672 -2000 -502 1465 995
-15680 -2220 -2196 492 752 821
-16080 -1824 -2216 670 375 539
-15716 -1548 -1700 719 282 694
-14892 -1168 -1688 530 -155 1089
-15708 -1468 -1496 261 -490 1237
-15176 -1384 -1704 -16 -1107 1385
-15332 -1592 -1428 -273 -757 1564
-15412 -1412 -504 -219 -1257 1326
-18248 -592 -1708 -1071 -562 718
-14692 660 -2080 37 -850 1380
-13560 1728 -2996 -1193 -119 1601
-16736 1632 -2932 -1256 -188 963
-16832 1936 -2368 -748 -445 1274
-15156 1452 -2204 -1136 -1110 854
-14948 1392 -1636 -964 -618 681
-15128 1956 -1220 -715 -1072 453
-15172 1772 -1560 -859 -800 169
-15812 1348 -1200 -741 -684 -89
-14964 1084 -1292 -623 -536 -177
-15444 1012 -1224 -380 -337 -313
-15088 1348 -1008 -136 -371 -192
-15340 1160 -124 -87 -180 -68
-15136 920 -316 607 -336 -15
-15336 1172 -284 1070 26 -146
-15732 372 132 1380 -466 -762
-14780 888 -348 888 -360 -1238
-14552 760 120 714 -216 -1372
-13832 -200 36 1425 -368 -1560
-13028 52 112 2128 -234 -1834
-11804 484 -280 2378 -74 -1838
-11400 412 -212 2715 124 -1522
-13000 428 -108 2773 420 -1607
-14608 92 764 3020 -482 -2096
-14068 256 -200 1742 14 -1905
-13084 -652 432 756 -1507 -1649
-23412 -448 -856 468 1423 -664
-25664 -232 -4856 -828 1120 245
-20492 -1756 -1828 -1114 -271 130
-13040 -1492 -292 -671 -752 -23
-14688 -2404 -2776 1455 -1412 -193
-15328 -856 -3168 -21 508 -1367
-14988 -1764 -632 61 622 -1176
-14684 -1920 -2300 858 419 -892
-14868 -1740 -2208 -49 1442 -768
-16420 -2008 -832 592 1021 -181
-15072 -1744 -1696 -316 1082 320
-15420 -1724 -1144 -905 1311 789
-15340 -2520 -1248 -688 1257 1155
-15420 -2180 -1696 -564 890 1132
-15524 -2032 -2252 -220 1189 1275
-15052 -1336 -1660 -13 1500 1603
-15492 -1324 -1648 -16 1270 1527
-15848 -1504 -1572 -219 393 1349
-15392 -1724 -1396 -304 -147 1352
-15064 -1608 -1676 61 1 1645
-14864 -1532 -1876 42 24 1742
-15288 -1644 -1848 417 -715 1535
-17048 -860 -2292 -577 -239 1139
-17288 -468 -1468 166 150 1066
-13384 508 -2860 78 -91 1498
-16116 460 -2732 -191 338 1226
-16364 1360 -2820 -268 -12 1320
-16040 1780 -2736 -598 -133 1371
-14772 1568 -3008 -1553 334 1498
-15136 2208 -2160 -1875 810 1323
-15704 2272 -2032 -1127 69 972
-15864 2184 -1872 -62 -549 853
-14760 2408 -2104 179 -808 442
-15008 2268 -1868 602 -1100 226
-15020 2280 -1392 641 -1360 -58
-14804 1860 -1112 1245 -1408 -363
-14576 2252 -1620 1147 -1063 -579
-15576 2116 -856 854 -536 -957
-15024 1944 -1156 1130 -734 -1008
-15112 608 -276 1624 -944 -1435
-14288 120 428 2704 -1558 -1682
-12508 120 -516 3951 -1353 -1653
-12960 560 168 4598 -1121 -1955
-11008 676 -616 4736 -1457 -1884
-12032 996 -240 4430 -1069 -1926
-12312 1572 -48 3105 -1582 -1946
-13000 328 -92 2577 -1633 -1545
-27172 472 1640 1489 1038 -822
-16120 180 -2396 887 -1457 -628
-26512 -796 284 -1824 5146 -267
-17648 -1340 -1784 -923 -3280 -541
-11048 -388 -404 -1358 294 -424
-14184 -1088 -1852 -697 -54 -704
-16620 -1536 -1940 -49 1066 -512
-15916 -1224 -1416 55 1015 -298
-15264 -1044 -1112 1238 1176 -63
-14840 -836 -1400 1928 1619 475
-15400 -660 -1688 1794 1956 550
-15492 -708 -1440 1959 2117 981
-15244 -644 -1476 1763 1881 960
-15452 -624 -1896 1247 2198 872
-15456 -752 -1776 874 2039 903
-16020 -764 -1920 483 1178 693
-15560 -612 -2168 362 530 650
-15528 -324 -2080 9 305 786
-15852 -212 -2344 1 64 1017
-15532 -308 -1824 -38 -527 886
-15272 -504 -1596 -834 -931 992
-15628 -488 -1584 -1095 -1406 1030
-14956 -380 -1392 -1003 -1181 1281
-16004 -440 -824 -1364 -1722 726
-18924 8 -384 -1029 -644 304
-13684 1028 -2052 -162 -1390 1138
-15012 276 -2060 -855 -708 404
-16360 1264 -1848 -943 -102 272
-15328 1408 -1692 -647 -511 479
-14776 1260 -1820 -996 -355 163
-14644 1600 -1260 -565 -450 320
-14680 2116 -2164 -584 -408 463
-15668 2416 -1492 -1118 56 463
-15072 2252 -1236 -919 -259 550
-16012 1720 -680 -409 -240 516
-14936 1632 -660 -111 -519 320
-14816 1776 -284 63 -177 98
-15148 1724 -48 101 -405 -57
-14892 1228 -212 584 -90 -235
-14492 1376 -292 1123 176 -550
-14476 1208 -240 1784 502 -1032
-12976 616 -228 2752 643 -940
-12852 656 -824 3261 897 -1354
-13140 456 -172 3599 1286 -1825
-13068 -80 -52 4313 396 -2013
-12952 292 392 4428 108 -2305
-13544 800 -332 4000 -207 -2026
-14392 968 644 4256 -1275 -1797
-15576 1264 -2568 3259 -1595 -1501
-24696 504 -3452 2662 -812 -930
-20136 580 -2520 -433 220 42
-23512 -1220 -984 698 -1857 126
-13080 -1088 -1388 -127 -2218 189
-15740 -1476 -952 502 -600 -460
-15528 -584 -2712 680 -546 -843
-14632 -1168 -1036 487 186 -685
-14920 -612 -1500 250 563 -671
-14976 -692 -1660 773 703 102
-15220 -884 -1108 397 1222 389
-15384 -700 -1344 446 802 798
-15668 -748 -1016 -16 1034 751
-15592 -964 -884 -333 681 767
-15568 -1176 -1064 -30 451 843
-15212 -1044 -1108 -156 757 811
-15364 -804 -1240 -544 803 876
-15356 -752 -652 -137 649 955
-15568 -860 -952 -657 190 925
-15300 -860 -808 -733 -283 795
-15448 -840 -524 -873 -879 703
-14984 -488 60 -1418 -1284 696
-15044 -932 -448 -1415 -1505 675
-19524 -456 -192 -1444 -396 183
-13516 1012 -1480 -32 -521 960
-15196 940 -1228 -987 452 927
-17764 236 -1040 -1403 208 526
-15220 1000 -1360 -808 -628 717
-14996 820 -1856 -824 -440 653
-15160 1404 -1540 -270 -553 619
-15504 2164 -1596 269 -1235 494
-14800 2000 -1232 -364 -869 654
-15128 2076 -808 -372 -780 584
-16072 1464 364 -366 -848 173
-14956 2212 -388 -240 -1368 205
-14948 1940 -388 -186 -559 565
-14916 1588 272 287 -684 647
-14704 1380 424 390 -590 565
-15032 1112 292 746 -102 224
-14396 1116 676 1334 -16 -132
-14668 1264 800 1787 -100 -742
-14380 1528 688 1517 153 -937
-14304 1668 792 1530 673 -836
-13232 652 120 1560 812 -1004
-13208 392 352 2409 274 -1334
-12112 256 748 2882 -206 -1947
-12060 740 1208 2431 -183 -2232
-12092 340 408 2672 -664 -2315
-12320 828 544 2126 -589 -1934
-15344 612 680 674 -994 -1655
-24532 332 -144 -534 -318 -469
-20084 316 -1880 -432 1044 872
-23056 0 720 -593 117 231
-13776 -676 248 277 -2125 -18
-14848 -1452 -852 1249 376 -593
-14736 -1404 -1888 1567 -881 -1090
-15192 -528 -680 1554 1008 -802
-15740 -900 -808 1853 587 -542
-15376 -824 -664 2125 1303 -279
-15140 -860 -436 2446 1102 160
-15032 -788 -680 2555 1473 383
-15368 -772 -604 2539 1364 666
-14888 -384 -784 2109 1697 800
-15140 -344 -780 1584 1755 895
-15724 -100 -332 818 1673 998
-15364 -212 -528 -122 980 1084
-15440 -208 -972 -963 818 1295
-15820 -104 -744 -1149 412 1334
-15536 -608 -628 -1728 -95 1278
-15252 -568 -512 -1717 -673 1268
-15416 -572 -840 -1532 -824 1247
-15024 -336 216 -1832 -1286 1216
-18348 740 -684 -3122 -1602 472
-15860 832 -1400 -1216 -1204 745
-13872 1452 -1688 -398 -400 1024
-17840 888 -1644 -497 109 298
-14836 2144 -816 -763 -629 355
-14388 1812 -1380 -1160 -231 203
-14832 1884 -1488 -425 -184 347
-14616 2488 -960 -332 -179 390
-15256 2272 -1068 -161 -306 410
-15512 2284 -616 -669 -134 389
-15644 2024 -728 -365 -573 377
-14108 1628 -552 -233 39 432
-15020 1768 112 -474 531 -55
-15160 1964 140 8 454 -281
-14920 1244 268 463 428 -345
-15452 1232 196 810 344 -695
-14940 1480 -476 1022 631 -641
-14788 1740 -1000 1038 880 -551
-14780 1392 -372 1559 885 -749
-13956 668 -408 1879 768 -1192
-13648 344 256 3210 922 -1773
-11816 220 172 3165 643 -2137
-10864 500 -1060 3347 878 -1469
-11628 768 220 4036 -51 -1193
-9812 1144 -1304 3367 -1172 -1155
-13784 928 -812 2845 -1353 -1172
-25372 1540 -1708 1105 1118 -238
-30312 -880 -1960 -189 -552 -483
-18948 -700 -1488 -702 -2182 -377
-18852 312 144 2 -1466 -845
-14192 -1280 -2176 748 -2880 -816
-12228 -768 -1392 -605 -133 -1417
-14240 -572 -1752 309 -549 -736
-14300 -600 -1556 215 510 -501
-15684 -920 -200 307 621 -325
-15212 -848 -428 599 1092 152
-15012 -832 -876 1078 1613 644
-15268 -740 -720 1495 1761 605
-15360 -676 -756 1137 1888 586
-15424 -772 -1336 760 2031 529
-15368 -576 -1304 261 2244 524
-15948 -468 -1688 -34 1721 301
-15644 -528 -1572 -958 1118 5
-15344 -404 -1032 -1681 1223 110
-15508 -648 -2032 -2212 641 417
-15248 -576 -2084 -2949 645 638
-15512 -568 -2464 -3501 487 830
-15512 -800 -1860 -4065 104 936
-15620 -748 -2172 -4455 -318 1050
-15992 -92 -2000 -5384 -578 1063
-17532 -164 -2040 -5304 -534 1077
-14536 164 -2572 -3801 -420 1713
-14744 -160 -2464 -4096 -284 1373
-15704 680 -2332 -4375 -230 1133
-15544 1528 -1924 -4398 -367 1184
-14592 1156 -2000 -4237 -143 1261
-15792 1156 -2312 -3911 223 1330
-14680 1952 -2268 -4196 664 1327
-15208 1940 -2116 -4404 1192 1198
-15968 2336 -1372 -4475 1187 866
-16672 1708 -1128 -3808 221 498
-15092 1752 -1192 -3481 -177 281
-14388 1908 -1128 -3324 2 -145
-14944 1948 -940 -3085 -355 -424
-14900 1916 -784 -2451 -361 -584
-15144 1380 -864 -1541 -426 -856
-14256 1184 -828 -988 -178 -753
-13148 776 -772 32 334 -913
-11960 352 244 1199 976 -1077
-10896 -608 -508 2258 766 -1613
-12888 1092 -176 3102 83 -1955
-13068 1036 -840 2756 -386 -2251
-14412 1452 48 2869 -854 -1671
-14504 1812 -584 845 -1780 -1316
-24440 2236 -1284 -1257 346 -86
-22812 -1452 -3312 282 -1455 467
-21060 -588 -2720 -1517 1133 -315
-17368 292 -2288 -1898 -21 -260
-14892 -1116 -2532 -443 3 -578
-13312 -996 -4240 -910 1159 -1353
-14060 -996 -2944 -1387 1857 -1974
-14360 -1796 -2428 -995 1916 -2079
-15492 -1928 -3492 -603 1267 -2108
-15456 -1916 -2608 -869 1336 -1830
-15544 -1968 -3008 -86 1102 -1108
-14772 -1900 -3052 -118 1274 -287
-15788 -2140 -3304 -121 1083 209
-15352 -1816 -3660 -270 760 494
-16140 -2032 -3064 -53 472 666
-15076 -1712 -3628 126 74 872
-15276 -1888 -2996 587 5 1057
-15504 -1752 -3368 676 96 1373
-15488 -1520 -2988 388 -105 1563
-15852 -1248 -2712 -123 -342 1876
-15616 -1160 -2900 -591 -1131 2176
-15436 -1036 -2964 -482 -1853 2656
-15440 -584 -2756 -1165 -2021 2670
-16148 -408 -2560 -1236 -1445 2859
-15816 832 -2580 -1102 321 3729
-14032 1840 -2852 -851 118 4047
-15468 2380 -2820 -1665 177 3249
-16024 3200 -2136 -2072 -304 2639
-15272 2708 -2164 -2271 -916 1751
-14728 2732 -2268 -2516 -492 1340
-14904 2988 -2140 -2825 -40 715
-14896 3360 -2124 -3275 356 284
-15156 3332 -1652 -3721 740 -80
-15836 2972 -1168 -3538 279 -549
-15304 2708 -1320 -3465 194 -908
-14812 2628 -1364 -3423 -165 -1024
-15088 2488 -800 -3460 -448 -1543
-14928 2520 -680 -3276 -769 -1777
-14936 1992 -656 -2791 -658 -1842
-15048 1696 -804 -2271 -689 -1840
-14056 1340 -460 -1598 -717 -1875
-11624 1020 -992 -1803 -405 -1727
-13996 272 856 -828 -167 -1933
-12092 -296 1356 -449 -2386 -2294
-12500 -120 832 -421 -1431 -4026
-10244 1344 -1164 -958 -913 -2289
-19540 412 3876 -1092 554 -2330
-13172 332 680 -1803 -2985 -1074
-19988 84 -1096 -2863 1177 66
-22856 -2728 -244 -2337 -26 1319
-20052 -764 -1860 -2665 2157 856
-17628 -244 -1344 -2596 993 -679
-16340 -1352 -2324 -2341 706 -1148
-14084 -1320 -2256 -2470 679 -1246
-14072 -1752 -2812 -1636 781 -1228
-14136 -1628 -2388 -2013 474 -1493
-15508 -2088 -2328 -1831 402 -1226
-15040 -2100 -2540 -1242 477 -576
-15604 -2052 -1792 -1535 650 -353
-15596 -2248 -956 -1206 474 165
-15088 -2308 -1476 -809 86 446
-15528 -2520 -1084 -891 73 554
-14888 -2220 -1776 -515 -42 580
-14700 -1932 -1004 -930 739 845
-14544 -1688 -1628 -1585 1009 1106
-16136 -1456 -1664 -1850 1049 1343
-16148 -1664 -944 -2171 355 1689
-14880 -1312 -1364 -3031 86 1967
-15556 -1708 -968 -2881 -234 2599
-15160 -1688 -960 -2830 -224 2659
-15032 -1448 -148 -3038 -386 2188
-14932 -1888 -172 -2927 -1024 1757
-15704 -816 -584 -2826 -1740 1461
-19928 -144 -2360 -3374 1496 597
-15356 2556 -2528 -2084 -272 2446
-16932 -776 -2696 -2707 -2030 646
-14704 1700 -3060 -2476 -898 1310
-14680 1820 -2252 -1807 -1938 1084
-15132 832 -2596 -372 -1207 653
-14792 1836 -1732 545 -1533 -77
-15108 972 -1964 676 -1108 -1032
-15096 1532 -1548 980 -521 -1016
-15160 1492 -1652 782 -379 -1014
-15240 1440 -1352 895 29 -594
-14972 1300 -1312 1465 82 -372
-14984 1080 -1152 1229 389 -253
-15184 516 -700 1451 853 -501
-14640 -64 -1072 1550 1335 -1208
-15544 56 -300 1809 1362 -1613
-15188 236 -76 1491 921 -1639
-15512 -124 -312 1567 868 -1214
-15676 -652 -264 2193 399 -874
-15272 -1080 -416 2624 343 -851
-15224 -672 12 3366 456 -898
-14548 -424 -740 3850 731 -1405
-15920 -320 -388 3079 1530 -1556
-16188 -512 944 3164 542 -1530
-14924 -1228 -328 2909 995 -1043
-15944 -1160 176 2978 822 -729
-18452 -632 -1692 2304 490 -872
-16776 -472 -2916 1065 287 -484
-16108 -884 -1588 755 340 19
-14784 -1260 -3396 1996 -1128 507
-14360 -1796 -4776 2498 -418 199
-15684 -612 -4880 1601 113 -107
-15180 -1328 -3876 1501 -445 -87
-15108 -1548 -3704 1251 -94 -472
-14856 -1444 -3440 869 -272 -414
-15428 -968 -2816 812 -281 -199
-14948 -976 -3268 -168 -161 291
-16384 -1248 -2276 -552 -17 302
-15948 -1376 -2484 -533 -732 297
-14848 -1468 -1788 -724 -947 314
-14756 -1880 -1748 -133 -1387 433
-14688 -1872 -1468 -130 -892 316
-15708 -1852 -1328 -439 -235 262
-15364 -1608 -1460 -118 -346 510
-15296 -1288 -1364 -7 -11 913
-15736 -1468 -832 -75 -975 811
-14812 -1448 -340 -570 -1640 886
-14788 -1576 464 -1098 -1338 1099
-15112 -2008 -488 -811 -1468 1317
-15148 -1420 432 -956 -734 1597
-15428 -1516 520 -966 -603 1794
-15844 -1512 760 -781 -1381 1765
-16320 -1152 1012 -807 -2088 1466
-16928 -860 416 67 -1721 1440
-16848 160 -136 757 -2024 1393
-14772 840 -468 -139 -1268 1152
-15796 900 -828 320 -1280 738
-13220 2504 -1476 -310 -433 960
-15380 2252 -276 -435 123 526
-15380 2012 -896 159 -406 570
-14632 1812 -84 929 559 444
-13988 2064 -708 247 829 268
-16036 2088 980 -73 747 -62
-14508 1720 352 -17 115 128
-14988 1364 236 -289 1240 220
-15112 1304 656 -1 1291 530
-15032 732 676 402 1460 387
-15288 992 644 689 1572 113
-15296 1084 792 1259 1456 48
-14736 760 324 1917 938 -256
-14652 668 440 2557 873 -740
-15036 76 1092 3319 512 -1315
-15028 592 776 3685 452 -1657
-15440 464 1404 4384 298 -1907
-15216 964 1504 3773 699 -1535
-14684 1048 724 3060 860 -1597
-15772 512 -8 2577 1180 -1470
-20320 1664 -2352 733 2108 -1587
-16312 352 -2484 651 1285 12
-15044 56 -1176 663 832 -595
-13796 724 -3152 759 -1184 -843
-15620 -1008 -3240 107 -405 -892
-15888 -1932 -4572 1062 -285 -712
-15492 -472 -3784 386 527 -995
-14748 -376 -2928 40 -213 -578
-14872 -940 -2804 524 9 -317
-15588 -888 -3196 375 -191 5
-15688 -1368 -2144 729 -617 9
-15300 -1344 -2244 1398 -819 223
-14532 -1148 -2000 1440 -51 387
-15244 -916 -1456 1382 -4 543
-15148 -892 -1332 1174 -419 627
-15352 -1036 -948 880 -598 820
-15524 -584 -988 329 -848 980
-15972 -528 -1024 581 -1050 1446
-15324 -752 -464 527 -1720 1446
-14944 -952 184 320 -1918 1122
-14532 -816 372 280 -1536 976
-14764 -700 200 300 -1410 883
-14852 -1524 1408 10 -1507 612
-15624 -1004 1532 342 -1628 433
-18360 -288 1396 239 -1334 -374
-16448 300 560 2149 -1428 -19
-16428 256 848 1190 -1201 -383
-14392 604 -700 1337 -703 -410
-13452 3148 -2360 -40 1141 387
-16156 2036 -1212 330 1503 778
-15472 1280 -1204 973 851 913
-14932 2052 -1112 109 1519 850
-15276 1572 -132 1091 768 917
-14692 1400 -1152 1438 695 786
-15180 1424 -104 1674 625 431
-14460 1724 -556 1949 660 239
-15724 1836 -32 2069 690 96
-15092 1296 152 2195 501 -154
-14596 1136 124 2535 731 -426
-14848 1308 -120 2351 358 -768
-16140 1256 -560 2018 901 -997
-15156 840 272 2362 332 -1304
-15144 488 -236 3027 139 -1622
-15020 -96 856 3842 -125 -1728
-14744 476 364 4514 -511 -1601
-14964 796 672 4231 15 -1304
-15720 220 1596 4460 -62 -1572
-14668 524 996 4054 -16 -1805
-18444 1040 20 3075 580 -2186
-17848 868 -1976 1851 801 -1126
-14056 -724 -1752 395 1342 -551
-15496 -356 -2560 1536 737 -258
-16024 -512 -3756 1574 202 -243
-15920 -972 -3056 1379 397 -615
-14812 -616 -2820 838 113 -820
-14516 -440 -2392 836 -119 -618
-15052 -1320 -3248 688 -344 -407
-15168 -732 -2680 111 -448 -169
-15984 -800 -2124 207 529 124
-15844 -1112 -1320 894 -392 522
-15060 -732 -1508 395 -29 753
-14992 -600 -1672 84 -205 710
-15196 -940 -1152 -271 -553 645
-15460 -1032 -1268 -343 -447 736
-15416 -788 -1072 -348 -602 841
-14956 -628 -680 -646 -533 942
-14688 -452 -388 -1108 -1088 1069
-14460 -1204 -1000 -577 -1360 1329
-14888 -1092 104 -596 43 1295
-15788 -792 940 -190 -816 1024
-15504 -1000 780 -239 -1125 929
-15228 -796 944 -385 -687 1126
-16548 -84 28 -1020 -428 1133
-17640 -232 188 1011 282 1468
-16004 -512 -84 1546 -958 1075
-16568 716 -948 1307 237 -61
-14676 2828 -1312 637 420 356
-13584 2868 -2784 171 671 509
-15892 2592 -1900 450 709 237
-16296 2340 -1956 594 65 571
-14840 1400 -1452 622 50 304
-14640 1732 -956 848 168 95
-15140 2268 -1016 1015 -149 -266
-15212 2376 -1100 500 -26 -244
-15092 1568 -860 443 130 -106
-14664 1140 -400 696 311 170
-15292 1660 4 869 582 248
-15220 1624 -500 1200 325 99
-15596 1508 -324 1090 543 -281
-15364 1600 364 878 255 -147
-15308 972 -336 1128 145 -247
-14656 692 220 1863 60 -408
-14288 892 224 2403 262 -743
-14604 932 496 2839 191 -1098
-15184 748 496 2882 348 -1488
-15660 776 848 3294 220 -1545
-17128 720 -260 2927 41 -1904
-18588 1460 -1064 2477 -928 -1645
-16480 2000 -1556 600 1327 -916
-15904 -316 -1668 1414 -103 -1052
-13268 56 -2928 676 -570 -1588
-14328 -136 -4364 927 -200 -1569
-16328 -892 -3600 503 -24 -1501
-15448 -672 -2752 -248 -104 -1539
-14600 -764 -2604 -224 5 -935
-15048 -976 -2724 415 198 -454
-15616 -976 -2312 867 158 -76
-15756 -1180 -1908 888 52 76
-15364 -1024 -1672 699 72 58
-15536 -1016 -1536 867 88 376
-15304 -812 -1620 909 80 648
-15264 -1064 -1480 170 167 604
-15900 -908 -924 446 385 578
-15252 -664 -1732 100 223 961
-15480 -724 -852 -298 362 1090
-15376 -568 -784 -814 -139 1041
-15020 -656 -500 -1045 -249 1249
-15104 -1068 -564 -912 -331 1295
-15324 -968 -404 -670 -209 1388
-15084 -720 -332 -651 -293 1352
-15244 -752 16 -785 -700 1389
-17796 -184 -40 -2123 -17 1027
-16496 -236 -1396 -1029 -355 1658
-15860 384 -1208 -179 -221 2022
-15844 516 -444 -260 -602 1529
-14500 1264 -1256 -158 -431 1528
-15384 1028 -1108 -40 -494 1080
-14472 1136 -1728 384 -777 563
-15748 2556 -2080 57 -498 340
-14932 2884 -1520 -271 -653 224
-15176 2592 -1716 -360 -371 197
-15924 2096 -1264 143 -422 45
-14912 1548 -912 945 -637 -18
-14724 1704 -832 1567 -98 -295
-14780 1944 -500 2312 -75 -373
-15420 1792 -280 2664 -63 -474
-15204 2352 144 3055 -39 -330
-14832 1352 -464 3416 -113 -113
-15080 1216 -212 3873 45 -120
-15012 1252 -240 4472 156 -545
-14840 1132 20 5044 79 -951
-14992 1056 64 6051 -153 -1377
-15228 1052 560 6757 -129 -1648
-15004 892 628 7402 -439 -1858
-14972 648 796 8082 -307 -2068
-14596 488 1120 8787 -363 -2340
-14800 900 1128 9044 -333 -2594
-16708 1084 -1064 8399 311 -2674
-21544 688 -2212 7908 801 -1741
-11468 576 -2592 6774 1656 -467
-15392 480 -1484 6682 2962 -789
-15500 72 -3544 6979 586 -937
-14776 -628 -3596 5628 1904 -1323
-15896 -628 -2424 4818 1753 -1415
-15440 -1088 -3348 5453 1540 -1197
-15420 -1360 -3428 4834 1923 -1451
-15360 -1280 -3500 4250 2250 -1438
-14856 -1788 -3732 4493 2132 -1077
-15208 -1816 -4104 4650 2393 -908
-16208 -1672 -3848 5001 2032 -680
-14912 -1708 -3328 4698 1845 -613
-15124 -1580 -4360 4912 1443 124
-15912 -1968 -3544 4707 1085 605
-15548 -1712 -4120 4643 172 955
-15648 -1740 -3884 4614 -162 1160
-15652 -1204 -3540 4442 -582 1329
-15520 -1212 -2788 4007 -956 1408
-15080 -1620 -3532 3609 -1502 1396
-15120 -1344 -2676 3386 -1615 1505
-16180 -1312 -2900 3123 -2394 1264
-15752 -1432 -1992 2730 -2982 1612
-15980 -1064 -2048 1955 -3587 1159
-17048 -420 -1476 2174 -1929 724
-13636 424 -2480 2472 -2498 1355
-15236 404 -2284 1595 -1335 804
-16016 1104 -2424 1349 -911 803
-15344 1416 -2088 1318 -774 1005
-14876 1164 -2292 1098 -607 877
-14884 1876 -2040 1140 -246 788
-14976 2764 -1800 809 -211 543
-15632 2568 -1664 277 50 483
-15944 2044 -760 556 -418 548
-15000 1396 -1076 1388 -744 472
-14404 1448 -548 1980 -513 -13
-15028 1772 -612 2730 -467 -268
-14724 1752 -456 3118 -468 -613
-14856 1712 -272 2679 -335 -887
-15600 1176 -740 3637 -19 -716
-13532 1320 -624 3592 -422 -634
-13416 676 -144 4012 42 -1050
-12480 872 -20 5283 -608 -1433
-11072 480 -136 5246 -640 -1892
-13352 668 -300 5956 55 -2079
-14548 1272 4 5521 -885 -2597
-15652 1136 -60 5493 -806 -2368
-17904 604 -392 4326 -2134 -2333
-24436 632 -1096 3868 -1480 -913
-16956 804 -2548 2017 -1105 -274
-19344 424 -500 450 -78 -549
-16328 -1188 -936 609 -2668 -455
-12744 -488 -1060 -861 -408 -774
-15132 -544 -1460 -1273 215 -572
-16400 -1376 -712 -325 119 -44
-14896 -472 -484 -432 749 -12
-15372 -184 -212 -572 1048 164
-15296 -900 -352 -57 1057 125
-15032 -772 -844 -416 1754 94
-15412 -1764 -816 -417 2023 -371
-14808 -1352 -1696 -188 1881 -268
-14888 -940 -1240 -1196 2648 -315
-15264 -1308 -1180 -1064 2634 160
-16568 -1176 -1136 -1129 2171 575
-16096 -960 -1436 -1199 793 1203
-15696 -608 -1476 -1372 418 1908
-15548 -984 -1392 -1553 -170 1976
-15376 -1292 -1588 -1526 -761 1864
-15440 -1180 -872 -1405 -894 1429
-14780 -1328 -520 -1184 -1265 1060
-15044 -1392 -428 -788 -1306 728
-17932 -684 -1420 -1366 -1208 517
-16884 656 -552 588 182 1542
-12776 964 -2092 832 -1051 2302
-16516 1144 -2468 -432 -123 925
-16080 1820 -1348 -577 -1332 1422
-14600 2408 -3004 -1226 -1120 1493
-15940 2008 -2292 -1774 354 1130
-14152 2072 -1040 -1682 212 588
-14868 2596 -964 -1396 -40 -245
-16284 2456 -872 -817 -386 -493
-15328 1812 -988 -411 -717 -231
-14824 1516 -968 -274 -56 -487
-15252 1480 -672 -221 -503 -1004
-15188 1052 592 1158 -1275 -962
-14744 1344 192 2434 -1107 -804
-14880 1848 32 2621 -1256 -677
-15584 2432 -128 1734 -467 -215
-14680 1316 -192 1016 -83 -49
-14532 -68 268 1573 -9 -410
-13980 -200 1240 1936 -264 -1182
-12948 700 732 2601 -199 -1918
-11164 684 -208 3776 -343 -1825
-9844 652 232 4672 104 -1271
-11584 996 604 3564 115 -1643
-13064 1220 -400 2473 -242 -1156
-15232 2124 -1036 338 -335 -763
-28896 -468 -776 107 1354 199
-19256 1312 -3032 -1328 1301 1497
-22212 860 532 -2024 -315 91
-13916 -1044 -672 -1412 -2605 468
-12788 -396 -756 -1560 -1093 -219
-15984 -756 -1452 -293 -208 -312
-16496 -984 -1040 457 -317 -71
-14424 -408 560 723 731 -470
-14864 -376 -612 2067 691 -268
-15580 -732 -112 2655 1073 -253
-15132 -284 -584 2093 1514 -260
-15332 -396 -144 1925 1743 -42
-14928 -440 -688 2165 1903 237
-14796 -76 -980 1301 2021 415
-15716 -412 -508 920 1128 407
-15572 -1004 -1108 259 1203 486
-15700 -200 -468 95 1404 473
-15412 -508 -936 -295 776 474
-15284 -268 -444 -518 -104 589
-14768 -672 -148 -1257 -404 382
-15392 -1088 -556 -1675 -570 307
-15588 -1348 -300 -1684 -489 548
-18760 244 -1160 -2520 183 147
-15680 864 -1752 125 -773 1030
-14364 588 -1824 223 -1433 561
-16420 1068 -2296 -976 -474 -329
-15356 1508 -2228 -794 -700 511
-14248 1572 -2256 -940 -315 600
-15384 1984 -1880 -994 -253 569
-15680 1984 -1396 -621 -428 558
-16364 1388 -1248 -325 -1045 336
-14964 1524 -900 -627 -400 527
-14936 2004 240 -283 -418 377
-14676 1648 -408 321 -554 522
-14592 1096 -568 -75 -660 -48
-14596 1268 -284 16 -85 -529
-15364 1416 356 -98 40 -953
-15184 972 356 -88 -176 -1230
-15068 992 -304 -711 176 -1297
-15068 616 40 -616 337 -1373
-14644 -792 356 277 -169 -1941
-13520 -800 872 1143 -220 -1933
-11732 -448 600 2118 -593 -1706
-10412 100 304 3308 -715 -1500
-11568 448 276 2783 -399 -1394
-13580 300 -352 3041 -39 -908
-16024 736 1892 1842 -851 -920
-19432 -560 -792 550 -369 -491
-21772 432 -1968 923 -71 1022
-20140 -776 -108 -255 810 1036
-20096 -1500 -636 -76 -816 365
-15400 -1128 -916 -187 -691 -110
-13688 -1416 -1152 -195 -344 -248
-14340 -752 -2540 -48 409 78
-15736 -592 -656 -306 671 441
-15972 -1260 84 649 176 604
-15240 -1276 -380 1054 13 668
-15240 -1208 -564 861 852 318
-15240 -652 -356 470 752 427
-14644 -864 -1044 560 628 646
-15204 -1080 -88 42 853 626
-15500 -1100 -472 -42 668 479
-15292 -996 -32 475 -319 127
-15068 -1084 -1020 1252 -27 -484
-15636 -612 -224 1194 -380 -402
-14748 -1072 476 31 -464 -239
-14900 -1772 864 -538 -626 -158
-16160 -1860 496 -600 -893 -124
-18332 -1556 80 -435 41 -711
-14356 -32 -576 -112 -6 208
-15476 320 -1024 74 278 400
-16524 -212 -672 405 86 642
-14616 -216 -956 761 -313 637
-14860 112 -996 685 -299 405
-15540 504 -868 875 -299 510
-15160 604 -1176 410 -274 226
-14908 852 -1204 -252 172 190
-15224 1380 -856 -185 258 345
-16364 828 292 55 116 266
-15692 408 -264 412 -536 357
-14360 712 -232 220 -150 361
-15272 856 88 419 -51 359
-14920 832 220 280 -247 250
-14904 408 380 377 -70 165
-15248 796 700 874 48 -96
-15152 640 -124 452 282 21
-14716 1012 -312 -609 911 -18
-14268 -60 188 -45 656 -463
-14184 -1732 1164 1416 581 -1462
-11876 -216 260 2171 -901 -2502
-12452 72 460 2734 -574 -2368
-12608 -272 104 3311 -539 -2028
-13696 -228 468 2921 -187 -1589
-12684 416 -896 2420 -581 -903
-15108 108 1612 1255 -962 -264
-23120 -1456 -1516 867 476 119
-21236 -592 -1724 1054 -170 1075
-19628 -1540 -92 -196 787 351
-16836 -1412 -544 -258 -909 -14
-12132 -656 -528 -586 -612 228
-16084 -1188 -1084 -52 506 234
-16400 -1060 -1140 643 -175 412
-14892 -276 -456 -266 710 551
-15040 -1060 -728 261 730 466
-15332 -964 -452 754 988 532
-15448 -1280 -692 248 981 13
-15192 -1144 -784 -120 1599 -51
-15116 -1084 -784 -93 1763 210
-15196 -1484 -1064 90 1621 288
-15300 -1552 -488 -190 1497 466
-15780 -1388 -808 -493 971 538
-15604 -1180 -1008 -81 676 738
-15480 -932 -988 8 249 972
-15660 -972 -668 -117 -337 1059
-15104 -1160 -500 -517 -862 1201
-14892 -680 -912 -1377 -816 1044
-17236 -288 -1172 -2197 33 972
-17096 -296 -1584 -796 -223 1059
-14332 256 -1552 -1223 194 1418
-15988 -12 -1332 -1203 -10 686
-15420 684 -1744 -1356 -434 795
-15240 596 -1296 -946 -956 678
-15360 328 -1528 -199 -1142 322
-15068 820 -1364 496 -1052 129
-15056 1504 -1764 441 -898 40
-15668 1320 -1248 495 -863 -31
-14640 1520 -848 213 -442 62
-15820 1676 -352 436 -324 82
-16052 1384 -300 1410 -693 291
-14604 1196 -252 1621 -551 363
-14888 1244 68 1625 -453 186
-14988 1248 -172 1912 -567 113
-14804 1276 392 1539 -431 -183
-15800 1072 -116 1370 -67 -629
-15256 1308 -344 904 404 -512
-14844 1432 -516 -77 1184 -197
-14952 512 -176 521 1254 -385
-14196 -832 772 1594 1093 -816
-11696 88 148 1784 459 -1545
-12932 1100 772 2051 886 -1066
-12900 380 -208 2286 -241 -932
-13028 672 -408 2017 119 -753
-15340 -84 716 1986 320 -1026
-13260 756 324 1525 -224 -635
-16436 40 228 859 18 -613
-20544 704 -1684 545 1086 734
-19532 1072 -1724 -88 -147 711
-20212 -308 -1864 -735 72 580
-18396 -152 -1652 -175 -1469 194
-14352 -88 -1168 -122 -1388 -246
-14372 -264 -2128 -251 -960 -533
-15008 -660 -1848 330 -102 -615
-15416 -924 -2012 606 339 -675
-14760 -880 -1380 866 864 -571
-15668 -1004 -1128 1007 1282 -530
-15192 -592 -948 1025 1555 -203
-15464 -844 -1188 652 1651 172
-15232 -700 -1432 561 1541 760
-14932 -1256 -1448 -441 1167 1158
-15708 -948 -1768 -387 1277 876
-15912 -376 -1316 -806 1211 1131
-15444 -476 -1392 -1275 382 1302
-15536 -1096 -1368 -1101 -403 1292
-15436 -764 -1176 -1759 -949 1066
-17096 248 -1440 -2733 -800 720
-15460 880 -1224 -1492 -848 828
-14080 932 -2040 -868 -1015 1157
-16744 1028 -1936 -432 -739 805
-15900 1684 -1532 -366 -966 767
-15188 1548 -1588 -366 -1074 564
-15664 1528 -1548 71 -793 677
-14816 1888 -1028 537 -1017 563
-14600 1668 -1120 597 -1264 119
-15236 1972 -1144 825 -1032 -80
-15580 2240 -228 445 -1077 -276
-15144 1624 -296 392 -1115 -316
-15796 1308 -176 596 -991 -224
-14668 1468 12 186 -876 -262
-15040 1504 128 -115 -400 -390
-15208 1412 264 -183 -187 -324
-15060 912 468 79 9 -265
-14960 1056 220 462 70 -404
-15132 1252 312 433 676 -425
-15032 1428 628 369 628 -99
-14088 736 380 817 590 86
-13432 160 -220 1456 737 -163
-13056 304 468 2335 521 -660
-11636 296 896 2933 -34 -1164
-12820 1064 496 2863 -296 -1650
-12320 544 -112 3459 -438 -1816
-14084 1436 668 2775 -405 -1671
-15856 1232 792 2381 -807 -1929
-19344 1164 -740 1755 -943 -666
-19060 244 -2208 1343 260 -489
-21956 24 -708 -646 1015 -643
-18152 -272 -612 -374 -1053 -745
-13384 -768 -1008 -582 -61 -1078
-16488 -1832 -920 -266 -549 -1123
-15300 -1484 -1468 168 87 -1319
-14648 -1492 -524 347 414 -1114
-15492 -1472 -364 662 689 -879
-15196 -1292 -592 1058 700 -469
-15720 -2088 -188 1138 943 -308
-15556 -1512 -844 1018 682 11
-15024 -1468 -168 1172 1400 541
-14412 -1688 -868 1834 1542 1050
-15236 -948 -1052 1873 1773 1315
-15392 -960 -752 1707 1144 1255
-15296 -1112 -1260 1450 695 1251
-15716 -940 -900 1255 374 1127
-15424 -952 -892 786 -173 840
-15048 -808 -856 330 -387 805
-14504 -1420 -856 8 -309 605
-15320 -1436 -836 -302 -589 287
-17096 -720 -816 -1004 -109 28
-16632 220 -1076 -27 173 356
-14508 720 -1704 281 -56 863
-16120 392 -1868 -490 -565 463
-16280 808 -1264 -317 -505 821
-15352 928 -1996 -641 -947 845
-15804 864 -1916 -499 -669 828
-14864 1308 -1276 -452 -631 818
-15416 1300 -1436 -729 -530 574
-15036 1208 -1452 -503 -489 420
-14920 1180 -980 -466 -370 213
-15316 1368 -504 -552 -203 70
-15700 1508 -192 -594 -236 166
-15740 1020 64 -304 -417 266
-14780 772 -168 -149 -222 180
-15096 856 20 -14 95 29
-14736 920 204 87 17 -211
-14664 804 -16 646 -47 -547
-15460 976 212 1092 218 -667
-14508 308 -68 914 87 -715
-13480 404 -176 1115 711 -682
-13468 188 676 1757 531 -851
-12364 -104 348 2710 -57 -1171
-12616 180 356 2727 18 -1486
-11844 804 -32 2542 -194 -1252
-12744 220 -268 2114 -146 -1087
-13628 1140 -140 2030 5 -646
-19744 1560 -556 176 -517 -825
-23536 -1200 -4076 1342 -1971 20
-20892 944 -572 10 -198 561
-24188 -1248 -600 933 -4136 -549
-12212 0 344 205 -3376 -358
-12588 -1076 -580 -129 -1435 -683
-14492 -1548 -1752 336 -585 -891
-15888 -1100 -1000 839 584 -921
-14876 -756 -376 3 1257 -1018
-15332 -944 -476 148 1639 -885
-14560 -1068 -484 -131 2000 -581
-15124 -1032 -560 -409 2375 -119
-15532 -1844 -864 -893 2330 282
-15132 -1740 -88 -823 2249 513
-15812 -1460 -1492 -930 2656 992
-15696 -1136 -908 -644 1889 1204
-15472 -992 -1620 -104 1490 1427
-15424 -1104 -1644 -200 1330 1316
-15596 -1256 -1480 -158 770 1185
-15420 -1232 -1572 90 380 1105
-15396 -1396 -1400 -85 -181 898
-15180 -1168 -1200 -463 -685 997
-15660 -1032 -1012 -862 -1388 1020
-17228 -140 -1336 -1105 -1053 831
-16072 136 -1028 708 -1176 963
-13804 416 -1980 1374 -1031 1273
-15552 756 -2268 555 -361 777
-15852 1740 -1468 122 -245 784
-15108 1796 -1912 -541 -470 908
-15548 796 -1700 -537 -335 849
-14660 1812 -1296 -649 -18 838
-14972 1816 -1164 -885 -51 512
-15564 1692 -996 -863 -44 210
-15708 1496 -784 -520 256 -39
-16172 1256 -388 -370 -107 -252
-14940 1180 -484 -98 -283 -226
-15144 1244 -492 511 -181 -240
-14940 1432 -376 565 -294 -231
-15288 1372 -284 526 -199 -342
-15160 1248 -340 843 -53 -240
-15120 984 -212 734 6 -241
-14752 1540 -648 347 433 -140
-15368 992 84 437 745 10
-14024 44 412 1616 382 -374
-12700 -564 380 3134 452 -810
-11148 32 -660 4516 1140 -789
-9368 568 -1892 4790 1338 -196
-11440 1820 -1608 4777 1867 -674
-14584 2504 -120 3666 -412 -1544
-14348 1300 -2092 1075 -876 -1831
-29884 432 -3776 62 -829 -1234
-22332 1596 -2344 -1419 -1253 26
-20680 -628 -280 -2490 -3131 -1419
-15564 824 -1844 -2764 -3915 -1266
-14140 -140 -2164 -2531 -2545 -773
-14180 -612 -1368 -2365 -1824 -667
-15836 -1040 -1716 -1616 -823 -800
-14592 -1348 -1460 -1397 5 -1161
-14156 -1468 -412 -899 1402 -1062
-14820 -1700 -1268 -220 1702 -1149
-15240 -1524 -908 -276 2453 -1317
-15968 -1864 -640 -454 2551 -1324
-14908 -2232 -892 28 2284 -1004
-14684 -2768 -952 91 2012 -948
-15636 -2516 -1568 387 2004 -684
-15756 -1952 -2284 526 2554 -75
-15672 -1704 -2236 696 2291 439
-15536 -1364 -1888 326 1493 811
-16092 -1652 -1768 -239 -308 928
-15576 -2056 -2012 -1194 -1376 1108
-15584 -2144 -1500 -1105 -1475 1300
-15040 -1904 -2244 -1283 -1496 1554
-14992 -1460 -1628 -2100 -1549 1573
-16828 -1296 -1440 -2655 -1367 1402
-17176 -1088 -1456 -1439 -480 1579
-13680 -576 -1940 -837 -666 2016
-15136 -660 -1740 -1573 -403 1538
-15860 -32 -1616 -1505 212 1693
-15924 20 -1756 -1410 -208 1546
-15040 100 -2016 -1370 30 1566
-15068 692 -1772 -1249 29 1434
-15164 1408 -2496 -1438 -154 1280
-15188 1784 -2088 -1509 19 1152
-14736 2328 -2064 -2397 42 1106
-15560 1840 -1076 -2432 -155 885
-16600 1540 -572 -1924 -195 597
-15404 1060 -720 -1584 -904 -26
-14128 1088 -820 -1638 -233 -529
-14516 1320 -168 -1078 -203 -721
-14988 1124 -8 -691 -302 -1156
-14184 416 -292 375 34 -1048
-13712 636 -1072 1361 378 -1048
-12828 880 -964 2569 758 -889
-12252 40 -744 2190 367 -1262
-14940 -440 156 4031 186 -1762
-11272 952 -1192 3366 -1213 -1220
-14812 968 752 2257 -304 -1486
-12976 856 412 2326 -3056 -661
-19156 2172 -208 -865 -1262 95
-21676 -248 -3304 -359 -1625 883
-23424 -988 -1120 -1737 1247 820
-17748 -596 -1736 -1002 -1232 -662
-13000 116 -1088 -1421 937 -716
-14228 -612 -2336 -796 756 -1101
-14576 -1332 -2808 -906 1816 -1141
-15708 -1768 -2068 -762 1818 -1384
-15112 -1428 -2120 -219 1642 -1193
-15512 -1520 -2100 66 1827 -880
-15396 -1512 -1856 35 1883 -519
-15068 -1432 -2220 258 1913 66
-16072 -1388 -2440 360 1860 389
-15256 -1208 -2628 390 1363 616
-15496 -1132 -2864 178 1406 794
-15956 -1348 -2748 320 1034 1085
-15852 -1084 -2692 -103 514 941
-15816 -1060 -2656 -361 52 830
-15488 -1088 -2704 -513 -466 905
-15588 -1016 -2868 -876 -585 905
-15228 -932 -2844 -1001 -726 1125
-15220 -880 -2900 -1380 -339 1440
-15564 -512 -2644 -1733 -644 1615
-16224 -284 -2972 -1769 -684 1774
-16232 316 -2808 -1563 -761 1888
-14976 916 -2916 -1676 -586 1986
-15560 868 -2564 -1183 -1130 1812
-15568 960 -2948 -1239 -1234 1587
-15212 1832 -2208 -1750 -1028 1355
-15532 1756 -2000 -1630 -1101 1225
-15024 1828 -1952 -1152 -1111 1037
-15152 2216 -1836 -1266 -1050 660
-15648 2460 -1456 -1065 -645 528
-14776 2068 -1320 -1204 -276 464
-15672 1656 -464 -738 -362 211
-15140 1660 -552 -230 -306 46
-14796 1732 -212 59 -340 -449
-14672 1916 -264 456 -537 -834
-15132 1724 -12 838 -636 -1153
-14596 1464 56 1151 -840 -1301
-14096 1196 -580 1557 -545 -1250
-12724 1108 344 2259 -375 -1290
-11604 132 240 2529 -118 -1813
-13376 532 536 3322 134 -2472
-13828 112 148 3384 192 -2837
-14560 260 -92 3336 486 -2445
-14516 316 1556 2283 -911 -2416
-15212 960 1576 1284 -1476 -1640
-18988 1196 -56 28 -2640 -785
-19300 -1148 -4108 173 -1067 -130
-23932 -868 -3452 -229 510 167
-16020 -132 -1020 -1411 1359 661
-15668 -1144 -1352 295 171 1363
-13664 -860 -3896 970 877 499
-14824 -640 -2896 709 2144 120
-15092 -360 -1956 960 1487 279
-15396 -484 -2608 253 1096 -248
-15384 -152 -3132 -120 1143 -320
-16108 -372 -1888 -193 725 -189
-15708 -360 -2040 -4 186 -81
-15648 -996 -1668 520 -44 -136
-15160 -1052 -1988 772 -356 -22
-15492 -308 -2080 646 -256 131
-15824 -500 -1784 1064 -587 134
-15480 -492 -1512 769 -811 -3
-15352 -572 -1556 761 -968 -91
-15372 -628 -1368 1157 -758 2
-15372 -440 -1056 1606 -550 -77
-15724 440 -1328 1060 -460 6
-15228 352 -1996 317 -605 33
-15224 -244 -1172 -108 -297 -49
-15628 -368 -1328 38 -542 -188
-15616 -280 -1080 134 -573 -238
-15268 -396 -1276 218 -560 -175
-15328 -276 -1080 286 -335 -38
-15376 -268 -972 268 -293 93
-15360 -104 -916 154 -315 183
-15432 -152 -628 55 -179 254
-15204 -364 -768 150 -226 174
-15628 -156 -684 -296 26 14
-15328 -140 -512 -166 -82 158
-15136 -372 -916 75 -110 176
-15420 -312 -592 -46 98 85
-15476 -400 -372 206 -169 -14
-15600 -52 -728 168 75 5
-15456 -100 -760 0 56 -56
-15340 -24 -704 -52 6 -211
-15332 -96 -392 179 149 -99
-15592 -552 -640 507 86 81
-15480 -608 -868 498 -224 86
-15212 -368 -840 309 -139 23
-15420 -372 -596 426 -68 19
-15352 -176 -904 235 -88 41
-15500 -452 -740 694 -313 -5
-15316 -424 -676 600 118 352
-15356 -440 -520 532 317 344
-15088 -468 -752 624 459 381
-15340 -336 -332 717 579 180
-15276 56 -564 1050 618 98
-15584 184 -740 675 582 13
-15408 -396 -1036 771 -17 -87
-15088 -320 -988 928 1 -267
-15140 -56 -732 835 226 -903
-15780 -4 -848 945 481 -779
-15856 100 -1084 766 587 -279
-15268 104 -1484 998 447 31
-15348 -220 -1840 299 376 229
-15384 -524 -1532 173 188 -62
-15572 -484 -1488 493 74 -12
-15460 -744 -1080 543 -143 -80
-15404 -516 -1440 775 -412 -294
-15500 -672 -1248 810 -359 -316
-15472 -756 -1168 1121 -562 -493
-15576 -628 -1300 1300 -662 -436
-15308 -536 -1024 1390 -787 -329
-15472 -336 -1272 1604 -373 -120
-15300 -448 -1248 1106 -279 -132
-15792 -464 -712 983 128 -15
-15152 -508 -972 814 -31 434
-15300 -540 -676 455 -25 117
-15624 -748 -712 639 193 227
-15352 -368 -676 760 25 178
-15388 -484 -984 741 174 57
-15476 -428 -912 640 181 0
-15540 -556 -892 615 250 -104
-15720 -540 -912 850 -249 -74
-15344 -492 -860 908 -96 -102
-15316 -344 -792 1115 -18 -100
-15496 -504 -944 1324 107 -90
-15360 -200 -648 1258 170 6
