-15352 -1880 -5252 1370 177 1169
-15220 -1680 -4804 1407 162 1127
-15300 -1480 -4836 1029 289 736
-15236 -1488 -5276 900 308 492
-15136 -1508 -5100 866 476 323
-15312 -1568 -5212 693 359 303
-15300 -1736 -5248 711 229 418
-15292 -1500 -5296 457 -4 568
-15208 -1496 -5292 621 15 605
-15240 -1424 -4956 649 -86 455
-15292 -1224 -5200 655 -2 324
-15292 -1196 -5328 406 -73 221
-15120 -1328 -5112 434 -57 182
-15248 -1248 -5064 468 -107 173
-15184 -1184 -5008 410 -4 95
-15200 -1236 -5244 339 20 -69
-15204 -1292 -5196 376 -38 -47
-15308 -1524 -5304 527 -93 -23
-15292 -1248 -5108 385 25 -165
-15152 -1464 -5172 288 -29 -218
-15288 -1340 -5200 396 -3 -122
-15152 -1396 -5240 430 -96 -87
-15248 -1264 -5320 439 -138 -75
-15152 -1292 -5116 610 -91 -37
-15208 -1448 -5084 454 -76 -151
-15244 -1460 -5116 505 -10 -116
-15152 -1416 -5116 487 -64 -100
-15212 -1464 -5208 423 -62 -176
-15192 -1468 -5220 467 -46 -132
-15240 -1376 -5672 178 -216 -776
-16056 -3720 -3904 -388 -1836 1374
-17876 -3900 -6180 190 -6314 7345
-32768 -13376 -13036 -3726 -7193 14464
-32768 9964 -7016 -2421 -13263 22901
-20536 -1960 -3152 -8970 -11580 19375
-2808 -5664 -124 -1447 -2362 10228
4012 -6872 -1112 10066 5852 1211
4456 -4220 -2788 11606 9790 -8086
256 516 -784 9702 10033 -15419
-9540 8136 -56 3507 6477 -17101
-20708 19956 2920 7141 588 -8439
-17224 32032 5452 -6485 -9892 4268
-14072 15228 2656 2582 -4579 2334
-13836 5980 1764 2444 641 -925
-16176 1548 -1740 635 3788 -3716
-15312 1560 -4572 -429 5134 -5235
-13904 1500 -6064 563 2841 -7255
-15720 -528 -4856 5241 743 -6217
-15244 -2816 -4116 3776 1620 -3432
-14788 -1724 -6976 3655 2450 -1916
-14676 -3728 -6408 1213 1422 -1317
-15024 -4492 -7408 -831 65 564
-15516 -1196 -6196 -199 -683 1832
-15652 -2004 -5684 -3326 -2265 2029
-14652 -3624 -7168 -4088 -4406 5008
-10428 -5960 -2700 -4194 -3589 6222
-18200 2640 -8912 -3803 -3214 3949
-32768 -12800 -8800 -7712 561 4839
-25284 -19844 -7264 -9347 -2987 11791
-32768 13484 -14176 -6493 -10945 23905
-26596 460 -17048 -6336 -14443 22846
-4556 -2724 -3624 -3592 -2701 11162
5708 -10024 -2944 7640 4233 -3145
3900 -6804 -3692 11945 10655 -14220
-1520 -2036 -756 16797 11062 -21603
-6708 8432 -1100 15355 8548 -21609
-15264 25968 -292 8945 1676 -13813
-14884 23664 -3732 1010 -2502 460
-32768 16056 8716 -3110 -13123 5776
-13032 1700 -8100 -1819 -5300 6274
-18356 1956 -2852 1355 298 -3156
-16240 1960 -5016 542 2644 -4100
-15336 -628 -5204 -1270 2951 -4465
-15472 168 -7064 -1684 2252 -4002
-15476 -2028 -5552 -1157 1522 -2306
-15596 -1504 -7216 -533 86 412
-15260 -1532 -5548 -1086 -1146 2121
-16732 -2704 -5564 -896 -1796 3843
-16424 1184 -7356 -2250 -1776 4421
-19756 -564 -6196 -3463 -2177 4729
-27176 -7500 -9596 -3882 -3968 9964
-26852 -14096 -10220 -14428 -4129 14465
-25408 7476 -8216 -4090 -13356 18989
-23576 1100 -9260 -3710 -3087 9777
-12728 656 -3412 -7628 -2695 6865
-4948 -4752 -712 3350 2210 -607
-1160 -1668 -2808 7451 8005 -8401
-3332 -68 504 3045 9739 -15935
-4708 1804 1044 7581 7601 -19113
-5900 7620 -56 13346 5629 -17913
-10624 21928 -5252 13792 4795 -10430
-6272 25204 -5412 -2373 799 974
32767 20428 -26944 8646 11829 5583
-15696 7548 -6584 -310 -1453 1964
-14600 2812 -3696 833 1914 -1560
-15064 1836 -5488 -1540 2420 -4250
-15144 -260 -5640 -2187 1834 -4990
-14976 -828 -5468 -1199 1496 -4218
-14792 -2380 -6200 11 437 -1697
-16096 -2460 -6020 913 -471 989
-14804 -1032 -4868 234 -1290 2757
-15744 -1124 -7328 487 -2854 4331
-16496 -924 -6268 -74 -3155 4922
-19444 248 -5388 -2536 -3013 4961
-25188 -5856 -1836 -5580 -2350 8486
-26784 -14744 -14284 -14320 -2387 12994
-29836 8948 -13440 -722 -7393 20065
-23412 5556 -8568 -3224 -4852 14933
-11348 628 -3592 -6572 -2036 10121
-4704 -1060 -1320 4174 926 1854
-2276 -3056 -2712 8070 3805 -5957
-1960 -1556 -3524 7414 6482 -14409
-3484 1152 -112 6264 6709 -19663
-4752 5904 1852 14493 4735 -20029
-11064 19156 -5328 12621 3652 -14460
-16292 27536 -6664 4912 1065 -3536
-32768 -32768 32767 -19777 -28856 19627
-13428 -84 -96 2759 -4552 2036
-14396 3424 -5332 907 -376 -644
-15056 2244 -4088 1080 2673 -2060
-15416 1192 -4928 -971 2821 -3473
-15128 -764 -4784 -1342 2940 -3908
-15156 -804 -6692 -1518 1713 -2875
-15472 -1448 -5520 -457 675 -1038
-15120 -244 -6016 15 -181 1259
-15416 -1120 -5596 -1018 -1002 2387
-16796 -212 -6404 -521 -1088 3033
-18180 936 -6612 -2256 -1385 4059
-22224 -3144 -5348 -5560 -2457 4361
-27452 -8216 -13100 -9282 -3572 7681
-30620 -1656 -6916 -4776 -9185 18491
-26512 15524 -7264 -5637 -10785 22364
-21028 -152 -6100 -3101 -9654 17965
-8932 -3308 -3376 -811 -834 8865
-2216 -5348 -2936 5138 3201 -1150
-748 -3040 -4236 7079 7672 -12091
-1404 -968 -2144 3092 10001 -19415
-3816 2988 1440 6360 9255 -22381
-9904 15000 140 7595 6746 -17407
-14812 31560 -2912 8794 2619 -5488
-32768 -32768 1420 -5806 640 13973
-2360 9124 -6644 5064 -3301 2231
-15452 3732 -7836 -163 -608 -352
-15124 3096 -3812 -245 2774 -2320
-15536 1836 -5672 -1396 2990 -4012
-15340 168 -5340 -1567 2731 -4600
-15248 -592 -6112 -1202 1328 -3167
-15588 -1656 -5532 -21 790 -1131
-15584 -332 -6904 -66 -598 1213
-15904 -1004 -6624 57 -2196 2750
-17212 332 -6296 -1835 -1485 3126
-20228 -768 -8192 -2532 -1745 4381
-24424 -5536 -5440 -4775 -2205 6468
-23760 -10340 -15588 -12602 -5176 9177
-28592 12284 -16764 -7157 -6888 20524
-30852 4384 -2552 -6925 -9962 15595
-13336 -4696 -5036 -1782 -10082 16555
1692 15660 2004 -9077 -2228 13366
7520 -15700 -7588 17402 -266 -7820
100 -8668 -10304 18664 5305 -17378
-3276 -12000 -4592 3298 8783 -30862
-16636 -7936 -9260 2042 11315 -32768
-32768 8616 -6772 17522 18870 -32768
-32768 32767 2208 3743 2591 -13226
-32768 32767 6920 11261 -1566 9230
-23892 5020 -10068 -5739 361 9781
-15720 -2524 -3276 -295 -1646 3251
-14824 -4 -6796 -2574 -911 2672
-14956 -1480 -6004 -1093 -237 2038
-14792 -960 -5468 -478 -515 1605
-15468 -1388 -5196 -245 321 2083
-15456 -2052 -7008 -345 -1282 3976
-16000 -28 -5996 -622 -3478 6096
-16112 -700 -6012 -1221 -4637 7410
-18720 -2008 -3172 -1373 -6659 9974
-21584 -1224 -5432 -1818 -6975 14630
-26972 -3912 -7952 -4565 -6461 21142
-32768 -14692 -14856 -15633 -9036 24461
-20428 -2060 -10532 -7773 -13757 27298
-3052 10324 -6200 -12313 4897 4398
1388 -8720 -4836 -5139 9112 -13203
-5044 -4984 -1904 5946 15336 -22868
-10436 -3156 -2972 9417 18360 -32768
-18876 -3552 -1408 10257 16834 -32768
-30816 3720 -6228 11932 14600 -32768
-32768 14264 -4760 4769 9412 -28474
-27780 30956 4072 2346 4652 -2981
-22724 -532 5656 8481 -14730 19180
-19220 6952 -7308 4579 3570 17154
-12336 524 -12392 -3842 -737 10961
-15360 -4024 -3696 -3319 -2453 7918
-14744 -860 -8016 -571 -1021 4910
-14920 -2236 -4628 -3100 -2865 4007
-15264 -176 -5788 -1524 -1474 3834
-15376 -1224 -5300 -473 -1000 4170
-15656 -788 -5396 -1114 -1664 4901
-16144 -348 -7240 -1717 -3067 5938
-18944 -1756 -5788 -2616 -4999 8313
-19948 -1164 -7780 -379 -7701 12817
-24352 -2988 -8384 -3001 -8482 18690
-32768 -9020 -12712 -14619 -8375 23364
-27492 680 -10056 -10916 -13733 27774
-11248 7396 -8436 -1046 -5844 18611
240 -6344 -5804 -1356 5735 -5626
-1088 -2896 -2448 4353 11001 -13440
-5444 -3196 -836 9675 15504 -23417
-12824 -1116 -308 9625 14867 -30282
-17236 156 -3992 10533 12641 -32768
-28244 3404 -7432 6042 11668 -32768
-32768 12516 -6060 -1716 9393 -29810
-30724 32104 8972 -945 5965 -1923
-14128 21384 -712 12128 -4094 17825
-31836 9776 -7020 1852 3740 11846
-14532 -1076 -10256 -9524 -5411 10250
-15452 -1644 -3320 1671 -858 6125
-14972 -1100 -7568 -3096 -2379 4150
-15408 -1564 -5036 -551 -984 3074
-15036 -1692 -5712 -1315 -980 2977
-15016 -1588 -6336 -359 -800 3179
-15176 -1448 -5476 -758 -602 3457
-15840 -1812 -7088 -1163 -2526 5553
-16752 -1108 -6484 -739 -3977 7951
-18084 -1676 -6676 -1768 -7080 10887
-22564 -1096 -8400 -2270 -7038 14892
-32768 -8300 -10216 -7691 -6198 21434
-30812 -6560 -8180 -17774 -7538 26604
-13572 12136 -5612 -1887 -4859 19506
-10420 -404 -2680 -3031 -17 3565
-3076 3932 -2228 2037 5377 -4519
-3828 1748 -1436 4480 9064 -14220
-4572 740 2316 10914 9417 -18828
-6776 4104 -1900 14638 9925 -21853
-10044 9208 -1468 13262 5959 -20902
-13896 17760 -2944 7261 983 -15662
-15052 19884 -3228 2286 1118 -6782
-11916 19092 -5056 2389 -346 4788
-32768 -32768 -32768 555 1281 2085
-12332 5236 -15176 -124 -1991 1954
-15228 1648 -4556 160 876 219
-15060 1976 -5344 77 445 -1849
-14936 1244 -4316 838 881 -3098
-15092 920 -4604 -500 2327 -3581
-14928 32 -5832 -1005 1307 -3726
-15100 -1464 -6052 722 312 -2192
-15476 -1128 -5016 -397 2 -780
-15932 -2576 -5196 -1461 -489 1722
-15996 -468 -6360 -116 -2143 3998
-17088 896 -6732 -1402 -2251 3638
-21428 -2008 -8912 -4233 -507 2803
-26168 -7788 -6968 -4807 -1917 5931
-25904 -11716 -12740 -9905 -8006 16544
-32768 22596 -10616 -16074 -14521 23882
-24476 -1796 -6844 8 -15237 24715
-9188 -596 -5636 4446 -4208 15805
-552 -6900 -3280 4682 -802 3020
2152 -7320 -2428 7471 2241 -7519
1360 -3180 -3412 7211 7172 -17547
-3668 -328 -576 8282 9775 -23356
-9808 10076 -2564 13359 7685 -23042
-19268 28544 -1276 6770 2191 -14966
-9928 22984 -728 40 -1732 2159
-32768 -11600 -29404 3211 -748 5315
-22092 3260 -5540 -580 -769 1826
-15048 3172 -2728 485 1922 -1281
-15340 2608 -4520 -418 2512 -3806
-15232 984 -5304 -851 2433 -4311
-15112 -56 -5860 -1015 1533 -3669
-15152 164 -5380 10 429 -3127
-15536 -204 -4692 -210 363 -2201
-15736 -880 -6000 -426 -408 -1477
-15628 -2876 -6608 -175 -1172 1498
-16324 -384 -4808 -1162 -1643 2391
-17328 1952 -7684 -3055 -1329 2663
-26380 -4476 -6540 -6880 -1116 2091
-25032 -11952 -12356 -10040 -3564 7813
-29692 10048 -15440 -3583 -8278 19421
-31712 16784 -2368 -13823 -9540 16647
-20712 -1348 -2780 -4614 -10590 19942
-6908 -4144 -2000 8237 -2166 11367
-2764 -3480 -4588 9392 2880 624
-1360 -1764 -4792 5601 5368 -8664
-2780 -968 -2132 2641 8104 -16784
-4656 140 -2340 6609 9559 -21409
-9020 7340 916 15511 8090 -21392
-18364 31644 -6312 8405 2701 -13452
-32768 32767 32767 -14392 -9439 5409
-2440 15928 7140 1395 -1332 1721
-13728 4788 -2392 1697 609 -864
-15316 2352 -4292 931 3352 -2977
-15008 984 -6244 -1315 2896 -4282
-15240 -188 -5940 -2246 1540 -4220
-15252 -1964 -6396 -650 733 -2923
-15584 132 -4876 -753 224 -1376
-15272 -1040 -5984 159 161 0
-15556 -1508 -6812 -425 -586 1943
-15456 -660 -6144 -1792 -1305 3447
-16336 1196 -6232 -2361 -2285 4152
-20292 -808 -8900 -4669 -2251 4380
-25472 -6300 -11448 -7795 -2931 9455
-22972 -13264 -4252 -8434 -3719 15180
-29608 8092 -12840 98 -9559 19930
-25320 6968 -6844 -4666 -7626 17826
-14280 2704 -4024 -4803 -5814 14775
-3576 -4300 -1764 4026 -1266 3742
860 -8064 -3640 4646 3600 -7447
-40 -5928 -2368 2776 8266 -17873
-3656 -3288 1072 4811 8961 -24167
-9220 5844 -64 14521 7065 -23997
-16648 29864 -2872 11674 3907 -15371
-18008 32767 11084 -5759 -1369 -1716
-17460 19744 -8108 -658 -4388 3768
-16264 5576 -3964 1240 296 1053
-15536 2584 -4372 378 1985 -1645
-15064 1488 -5440 -1320 2098 -3126
-15244 904 -5112 -1551 1897 -3705
-15516 -468 -5196 -1772 1724 -3344
-15512 -996 -6036 -989 1042 -2172
-15688 -1700 -5632 -730 119 -191
-15568 -196 -6220 -148 -584 1827
-15996 136 -5240 -838 -605 2397
-16752 -996 -5288 -2483 3 1593
-22184 -4872 -4768 -2387 -2891 5109
-24188 -6816 -9764 -2334 -4077 7045
-22796 -11664 -10192 -9475 -5929 14712
-32768 10528 -10476 -4988 -13661 20929
-25936 4496 -6912 -1185 -7755 16823
-13864 1992 -4304 -1037 -5082 13859
-3740 -3872 -2452 5158 -729 3683
-1352 -4164 -3692 6939 3387 -6163
-48 -2112 -5036 5840 7398 -15002
-2432 -80 -2524 5571 9450 -20526
-5328 4104 -1212 12028 8342 -20997
-10608 20740 -4008 13490 5689 -17708
-14592 26768 -2112 1256 676 -4705
32767 17408 -13432 -329 1377 3220
-14344 1508 5964 4626 -2030 2178
-14560 1356 -2700 750 1909 -708
-15108 2232 -5180 -1292 3726 -2511
-14864 1672 -7212 -2416 2530 -3803
-14924 156 -6580 -1271 1649 -3947
-15544 -852 -5932 -1895 1311 -2622
-15300 -1440 -5936 -1533 827 -708
-15500 -412 -6964 -472 231 1021
-15544 -628 -6144 -2810 -811 2220
-16004 -888 -8656 -1301 -1429 3247
-20120 440 -8360 -4266 -2080 2760
-23604 -4684 -5804 -6599 -2429 4631
-24368 -11324 -14116 -10560 -5544 10391
-30300 10476 -13928 -10299 -7530 18945
-32768 732 252 -14811 -12117 19610
-14092 -2580 -1316 1625 -13989 24451
888 -9944 -6048 8320 -5476 9835
4364 -11304 -6608 8967 -28 -4732
2460 -8456 -8236 7048 4218 -17498
-4572 -5116 -8460 6327 9756 -28185
-11828 -4876 -7692 6912 13988 -32768
-25016 -3112 -4744 12906 13399 -32768
-32768 15908 -6032 9860 10092 -32768
-28372 24412 -1336 7119 4546 -13878
-32768 -13312 -7628 5320 -648 13914
-8936 5216 -1736 -3643 6986 12118
-13576 -2224 -4336 -589 -681 4980
-15496 -2824 -4228 280 388 3136
-14080 -2480 -6384 -1124 -157 2569
-15164 -2696 -5856 -2056 498 1489
-14832 -2216 -7248 -1403 581 1233
-14672 -1644 -6780 337 -228 1621
-14540 -2028 -6792 267 5 1288
-14284 -1292 -6760 -365 122 519
-15436 -2628 -6664 -836 252 -253
-14600 -2228 -7448 513 -239 460
-14988 -1968 -6904 410 -805 661
-15256 -1872 -7416 55 -1974 1199
-14524 -1216 -6228 -115 -2018 1128
-14860 -1424 -6348 -702 -1006 -25
-15004 -1808 -5744 -212 -830 -262
-15088 -1628 -6252 267 -653 -29
-14972 -1404 -6100 156 -860 212
-15120 -1676 -5852 477 -918 474
-15164 -1264 -5876 666 -884 495
-15016 -1296 -5552 536 -687 338
-15124 -1484 -5712 588 -659 401
-15272 -1160 -5440 283 -243 -132
-15244 -1440 -5612 540 -202 43
-15196 -1404 -5708 454 -318 345
-15152 -968 -5568 498 -301 288
-15140 -1220 -5264 388 -252 222
-15164 -960 -5412 410 -252 244
-15168 -1072 -5440 358 -221 160
-15140 -996 -5436 321 -274 209
-15192 -1144 -5256 476 -239 225
-15252 -1116 -5292 610 -241 297
-15156 -964 -5304 416 -35 55
-15148 -1012 -5268 408 74 47
-15264 -1204 -5448 514 86 101
-15296 -1068 -5380 515 38 262
-15244 -1160 -5552 409 -33 467
-15368 -844 -5344 218 -21 435
-15172 -892 -5520 262 105 312
-15192 -788 -5220 268 65 107
-15312 -772 -5584 693 225 196
-15232 -800 -5396 472 -40 134
-15164 -796 -5416 551 -61 130
-15140 -728 -5412 654 -81 104
-15264 -768 -5368 601 63 -32
