-14252 4948 -6900 654 28 31
-14272 4872 -6988 540 -14 46
-14248 4844 -6972 461 -62 -14
-14212 4824 -6932 428 -75 -10
-14288 4836 -6880 351 -21 6
-14212 4844 -6924 386 -14 -49
-14252 4784 -6792 366 110 13
-14364 4828 -6924 496 59 -22
-14044 4756 -7080 527 -40 1
-14328 4868 -6960 531 -3 19
-14252 4796 -6740 525 -102 -41
-14268 4840 -6892 476 -28 -9
-14248 4792 -6864 494 -35 -15
-14200 4860 -6860 549 -27 -45
-14256 4852 -6696 440 -21 38
-14232 4792 -6836 439 -97 -45
-14332 4764 -6820 430 -53 -23
-14304 4728 -6884 459 -10 -37
-14348 4796 -6812 415 -77 -39
-14364 4648 -6812 433 -27 -37
-14280 4644 -6840 457 -168 -48
-14352 4664 -6856 369 -58 -59
-14108 4808 -6924 267 95 -107
-14296 4724 -6964 103 173 -92
-14416 4736 -6696 200 150 22
-14212 4788 -6660 259 -34 -47
-14360 4752 -6720 406 -72 11
-14312 4860 -6632 491 -198 -36
-14172 4860 -6812 460 -200 -66
-14228 4600 -6756 482 -159 55
-14364 4600 -6724 608 -59 73
-14272 4592 -6852 726 -14 52
-14336 4896 -6788 613 -80 53
-14284 4796 -6772 515 -43 -20
-14176 4856 -6808 411 -13 -15
-14360 4896 -6680 359 14 27
-14148 4852 -6824 373 40 -2
-14256 4940 -6848 417 71 25
-14332 4796 -6772 346 131 38
-14280 4812 -6828 371 115 57
-14216 4732 -6776 424 67 55
-14236 4868 -6712 458 84 31
-14268 4868 -6796 430 42 36
-14292 4860 -6876 380 60 3
-14248 4796 -6700 373 61 17
-14248 4820 -6808 418 23 56
-14284 4780 -6876 449 69 36
-14216 4864 -6836 524 39 59
-14104 4860 -6908 470 53 10
-14236 4716 -6964 510 92 101
-14112 4840 -6880 545 45 21
-14244 4872 -6828 491 35 74
-14020 5016 -6944 460 232 30
-14336 4596 -7016 692 669 -141
-14320 4228 -7060 716 869 -428
-14092 3852 -7356 552 724 -15
-13688 4160 -7156 -61 941 863
-14448 3532 -6928 -152 853 1311
-14712 2884 -8076 646 308 967
-13804 4256 -9204 394 1435 1560
-9668 10588 -6768 -3526 713 1630
-20136 4276 -6248 -1675 2628 1274
-18276 5336 -4780 -458 -1056 3159
-13200 5224 -5276 800 -4006 4287
-12712 5596 -2584 939 -1257 5014
-13208 6216 -3640 1287 -1634 3202
-13188 7224 -2988 545 -138 2918
-14056 7092 -2908 1076 -1739 2280
-14816 7328 -2488 2409 -2176 1851
-15256 12680 -4772 1241 -4026 1397
-22740 12036 -7524 117 -366 2527
-11400 12424 -8388 1804 2727 -496
-12796 8120 -13368 3654 7317 -2412
-10564 5852 -11524 3913 4406 -3036
-12248 9352 -9172 3163 6152 -5956
-11560 5832 -8632 1691 4424 -7152
-9020 3292 -9204 1204 4478 -5484
-10772 3956 -9036 265 6168 -4345
-9796 5444 -8004 -4451 831 -461
-11940 2756 -7944 -4073 -1078 240
-15272 3112 -8232 -2784 -4169 993
-12096 4788 -12660 -1618 -4258 1672
-12416 10112 -11936 -1264 -260 591
-13364 9076 -10276 -4654 1445 1700
-13280 8024 -10288 -4276 292 2895
-12744 8092 -7720 -4257 -1804 2578
-11352 5912 -8020 -3861 -438 2902
-10440 6984 -7308 -1746 -1639 3305
-12644 7384 -6192 -506 -1711 1678
-12952 8692 -5060 283 -494 1472
-13120 9748 -4264 1773 -2253 587
-15756 8728 -5040 2050 -15 568
-15620 11504 -7516 2157 -1285 758
-21324 18156 -6016 1915 576 4402
-9760 4936 -8312 10064 6515 -3438
-12132 10864 -11076 7764 6154 -2373
-10968 9500 -7364 3945 2730 -5964
-8644 4464 -8868 2847 2185 -5779
-10232 2640 -8960 5226 5460 -4467
-9604 3416 -8908 6309 4216 -4595
-12016 4788 -8472 3615 2291 -4373
-12156 2476 -10640 1094 1689 -2806
-13752 2300 -9672 656 -1211 -1992
-14532 2800 -10260 -417 -681 -336
-16428 4888 -10960 -667 -827 9
-15172 5124 -17572 -1085 -942 1293
-22236 9484 -18908 1584 4490 -2142
-10516 7868 -11476 -8527 -1758 5883
-9372 2932 -10648 -4477 621 4369
-13460 4844 -9128 -2712 -3489 4766
-8636 5780 -8524 -3178 -3118 3534
-8084 6704 -9016 -2944 -3119 3440
-9884 4484 -7464 -3420 -5570 2762
-10488 7264 -7060 -2050 -4525 1446
-10552 7904 -6356 -1171 -3295 660
-12284 6564 -5396 1018 -1617 533
-13532 7656 -5328 2970 -2984 1136
-16456 9556 -6444 3156 -4924 1101
-21260 18360 -7432 733 -4759 3887
-8920 8244 -6104 2568 -6293 -2298
-13044 10324 -14536 5516 12060 -1471
-9836 7740 -6324 2635 2800 -4066
-11996 6068 -6840 3172 4638 -6523
-9136 2716 -8800 2984 1398 -5333
-8788 3648 -7808 3368 3927 -4873
-10432 5340 -8352 1685 1968 -3631
-12304 4592 -9972 229 2570 -4431
-12336 2488 -9748 433 2897 -3075
-14584 940 -9900 1576 723 -3831
-13536 2132 -7744 1638 892 -2537
-17448 5336 -11344 957 -754 -2640
-21308 7456 -17128 2249 2850 -2009
-17608 9376 -17960 -6097 -709 3826
-11036 5328 -10228 -6328 -4354 4445
-10292 4208 -8272 -3144 915 3734
-10400 4284 -8164 -3342 -2377 4447
-8168 6204 -6892 -2730 -1210 2358
-10788 3952 -7064 -4457 -5545 4384
-11580 5136 -5992 -3112 -5056 783
-11812 5624 -5432 -740 -2161 239
-12312 5468 -4884 2758 -3106 1164
-17304 8256 -5644 3686 -4937 3626
-17496 13912 -10596 -1046 -5576 4808
-21064 11204 -11836 -2334 -1187 4835
-9820 7452 -8104 8981 6038 -4637
-12964 9420 -12840 4762 4726 -3472
-9436 6624 -6684 3048 3970 -4523
-12976 6868 -8688 1924 2262 -7125
-10012 2540 -6416 2017 2620 -7469
-8992 2668 -8484 3428 3770 -6735
-12772 3024 -8740 2777 3006 -3540
-13460 1836 -9512 1603 719 -1871
-13508 2520 -8740 1078 -1456 277
-15044 3040 -9784 645 -404 605
-17504 4440 -14724 641 343 476
-21836 5396 -16960 2468 1595 2759
-13892 8648 -15672 -2575 -4036 5604
-7476 7356 -8876 -2621 -1973 5824
-12328 5564 -8956 -2262 1373 4526
-11104 4600 -6612 -2355 -1602 2075
-7908 4072 -6984 -2789 -1602 3027
-10400 4416 -6732 -3209 -3419 3502
-9964 7252 -5868 -1233 -3819 290
-13728 7320 -5364 937 -1456 1632
-15888 8800 -3884 1091 -1938 1430
-19960 7132 -6892 456 -5487 2279
-15592 15304 -11488 -371 -3627 5542
-12760 9932 -6744 1494 -5056 -899
-9984 6288 -9996 7351 11321 -4262
-10380 8828 -9792 2886 3199 -3837
-10676 5592 -5984 3200 5847 -6119
-10196 3824 -8608 1711 2217 -7343
-8952 3068 -7108 1921 3007 -5163
-10536 3976 -8576 2383 4799 -5117
-12688 2684 -10236 1518 308 -4639
-15088 2964 -8472 611 703 -2525
-15744 2880 -9100 792 -1571 -1064
-18264 4052 -11452 286 -1782 -173
-21908 6740 -13968 1824 4275 1251
-15036 7276 -18808 -4395 -922 3365
-8580 5044 -10700 -4302 -3097 5544
-11900 5392 -9884 -2811 -1292 4165
-11572 3832 -8416 -1856 -3046 4326
-7836 4384 -5892 -950 -1127 3746
-8976 3996 -7316 234 -1129 4344
-11128 5848 -7600 -868 -2252 2400
-11028 8556 -5456 -997 -977 2502
-15236 8428 -6084 -1709 -2302 2557
-17968 8860 -5048 -912 -4337 2704
-12032 14204 -13828 -3374 -5822 3235
-13536 7080 -7512 1892 -1491 -879
-10912 7988 -14072 8600 12491 -5566
-9872 8940 -8132 4822 1387 -4798
-12292 7064 -7268 2315 4181 -6389
-11524 2004 -7808 1305 -847 -3923
-8564 2388 -7784 3138 602 -3126
-9260 4712 -6848 2988 -376 -2700
-10972 2448 -8564 2033 -500 -1753
-12796 2496 -8352 1567 -417 -395
-15100 4376 -7168 -331 -3368 659
-14912 3316 -7612 191 -3175 -921
-17056 5628 -7288 -1130 -1815 -550
-16104 4560 -13916 -1676 -1633 256
-17300 5860 -13312 947 -2695 -1151
-6848 9900 -7112 -514 -1131 1182
-14496 3596 -7848 -182 -970 2215
-12920 4912 -7820 -6 -2547 1017
-11000 4020 -6796 652 -2181 1774
-13088 6244 -5280 1834 -927 1950
-12996 6504 -4212 64 -3012 -24
-14564 5368 -2908 1057 -5133 -1399
-14592 2920 -5384 3808 -4214 -1822
-17280 7120 -3892 3284 -2430 262
-20868 10732 -10916 1737 -870 3105
-16724 12624 -12344 -1692 -659 37
-6612 320 -8680 1316 -214 -1856
-14492 7040 -9256 3050 5904 -28
-12056 4868 -7136 694 1034 -2828
-12192 4980 -7748 1038 2894 -2853
-13896 2792 -7952 629 2673 -1201
-14244 3268 -7104 188 1146 -1351
-13316 4060 -6292 -1714 -600 -641
-13944 4236 -6244 -2783 44 -53
-16848 3564 -7764 -2145 1066 -596
-17484 2776 -5964 -3774 -465 -1297
-18396 4176 -11060 -94 400 -1034
-12952 6940 -11460 -162 -933 -765
-8540 7280 -6576 -2105 -232 2322
-16620 4192 -8808 1130 1830 1972
-14108 6064 -6960 -337 -1770 2961
-10856 5232 -5076 -540 -2268 2133
-11640 5920 -4644 -803 -772 2230
-12640 5276 -4336 -346 -1417 1320
-14380 6272 -3812 1082 -3970 -341
-14620 3772 -4324 2821 -3517 -2389
-17828 8028 -2192 1528 -1749 302
-18900 8328 -5308 1914 -1713 -628
-14936 11232 -11512 -1896 1028 610
-9688 1348 -8736 558 -1521 -1141
-13232 6096 -8392 4380 3866 -931
-12876 6392 -6460 469 961 -3287
-10952 4956 -7012 207 2750 -3235
-12680 3284 -7972 529 4788 -1212
-14356 2276 -7868 248 2808 137
-13768 3460 -7308 -1067 1413 738
-14260 6472 -5032 -2918 683 1979
-15484 2808 -8508 -2420 2237 1375
-18628 4180 -6128 -1531 2888 -906
-17260 5440 -10316 -681 -1095 -666
-16736 8136 -12856 272 1836 -470
-6992 9648 -7156 -3968 -1743 219
-15468 1876 -7012 -811 -59 2602
-13552 5360 -7312 1820 804 1690
-11840 6696 -5992 991 -1508 1674
-12572 6428 -5412 1418 -963 1556
-12200 5896 -4688 814 -1801 -348
-12772 4652 -4376 2013 -522 -592
-14160 5436 -4696 2541 -2177 -1083
-15300 5128 -5108 3402 -2196 -532
-16776 3616 -4296 5109 -1838 658
-20644 13968 -12208 364 -1783 6322
-15096 10012 -7120 -2269 -3414 -390
-9100 1220 -8840 2364 1834 -3438
-11916 8352 -11040 1058 3832 2177
-12896 5320 -8968 2705 2644 -2376
-11464 5168 -8576 4819 5182 -1818
-11448 5312 -9828 2928 7798 -590
-14280 4672 -7352 1678 4398 -1955
-14252 2484 -7572 1398 3605 -4739
-13672 3540 -7532 73 4235 -5195
-15876 2008 -9136 -1403 3985 -5189
-18408 2108 -12872 -1565 1770 -1778
-16600 3632 -24232 -181 -37 4464
-13328 11988 -21216 -1068 -4405 -754
-5896 6484 -10292 -7786 -1159 7729
-13844 5248 -10580 -2454 -1794 4793
-10268 3216 -8184 -3324 -3222 4356
-6468 6208 -5280 -2702 -994 4180
-10872 4576 -8328 -2742 -4201 4885
-10928 6492 -6528 -1423 -4145 1568
-13540 9064 -5044 -491 -3641 2161
-12348 7236 -4388 96 -2655 1450
-16996 5968 -6096 2641 -5440 1802
-21900 17684 -7436 804 -7470 4125
-10496 9368 -5260 2458 -6318 -1544
-11676 9592 -12140 5207 12656 -1009
-11056 8480 -9128 5120 3039 -3205
-12092 6004 -7004 4167 5719 -5502
-10268 4772 -8636 3145 3048 -6503
-9184 3008 -6980 4375 3245 -3669
-10788 4640 -8088 4256 2961 -4144
-12416 4288 -9368 2513 912 -3982
-13584 1588 -9560 1718 -572 -2443
-16384 2128 -9028 1655 -2362 -193
-17576 4152 -9204 1425 -3024 57
-18120 4372 -15292 2373 -3087 1313
-17120 10232 -16236 -1589 -3639 -80
-8992 9540 -9528 -6804 -2453 4569
-14496 3872 -9532 -1339 2197 3224
-8936 3424 -8412 -1530 1352 5691
-7132 6016 -6172 -2028 -999 4824
-7396 4580 -5476 -1427 -1503 4602
-12072 5096 -7412 -1829 -4696 2656
-10992 7216 -5800 787 -2490 2545
-14076 8284 -5264 1110 -2458 2131
-14888 7088 -4056 1694 -2279 2152
-17008 7112 -5440 5132 -6123 1381
-21776 22404 -7932 762 -1373 4035
-8156 4296 -8084 2973 -4556 -5090
-10724 8728 -15912 6465 9206 -1198
-11616 8932 -8240 4514 5333 -4614
-11116 5580 -6356 2828 3927 -7658
-10164 2208 -7952 2990 4177 -5739
-10168 3764 -7128 3148 3077 -3826
-11900 4424 -9304 2190 2795 -3820
-12304 3448 -9848 464 1516 -3060
-13464 3460 -9132 578 1299 -3147
-15512 2632 -10248 315 1632 -1886
-17136 3900 -9352 -1302 336 -780
-16372 4108 -17100 527 434 1391
-19232 13668 -16160 -2041 2492 -594
-5640 5212 -10692 -6566 -3574 6988
-10868 2492 -8556 -3168 1162 3752
-15176 5744 -9344 -2695 150 3619
-7576 4924 -7420 -4024 -3307 2996
-10812 4776 -9012 -2252 -20 4254
-11864 6260 -7968 -3201 -4826 2260
-12280 7452 -6588 -1345 -1683 1973
-13076 8264 -6016 -708 -1763 1722
-13744 7520 -3488 -325 -2127 355
-16052 8232 -7780 956 -7678 -895
-20040 13868 -11844 -1415 606 5074
-8528 11092 -7840 1767 -175 -4078
-11788 9660 -13840 3050 6024 -1838
-8072 7472 -10172 4087 5470 -2881
-12300 5824 -8304 4121 6475 -5490
-9324 3892 -7736 2946 6899 -5958
-8460 3116 -8660 3074 2842 -3946
-10768 2708 -9032 3914 2331 -3421
-13052 4600 -9004 3302 1888 -3638
-12112 3748 -9836 1627 135 -2993
-15016 3016 -11128 1387 -33 -2805
-16232 3368 -11164 -441 -1270 168
-17068 2864 -18384 767 -4482 1250
-17880 12664 -16552 715 -1119 -1118
-5636 7900 -9080 -6021 -4601 5488
-12536 3944 -10204 -1935 1265 4059
-14232 5432 -7792 -2693 1306 4479
-8532 5420 -6496 -3373 -4184 2809
-7780 5348 -8460 -2810 -1351 4261
-11768 5732 -6960 -2550 -4215 3166
-12012 6564 -6072 -1701 -4754 1155
-12368 7728 -6056 -1079 -3175 2204
-13668 8032 -4912 -57 -2171 3011
-17048 9608 -3480 3755 -5015 1872
-21588 16388 -5328 3073 -3908 3095
-8580 7104 -6808 3016 -4819 -2650
-11784 10396 -14180 5526 9655 -49
-9788 6652 -9188 5721 3483 -3128
-11864 6420 -7528 5970 4864 -4475
-9516 4608 -8060 4356 2955 -5372
-8252 3392 -9060 4086 2451 -3499
-11068 4040 -8596 3622 2895 -2781
-12532 4916 -8592 1512 908 -4667
-11920 2720 -7468 713 763 -3142
-15108 2284 -9444 1889 521 -3559
-16512 2472 -10600 238 395 -1028
-14776 4240 -18832 423 -2923 559
-21056 12128 -20260 -452 757 -847
-7876 8584 -11796 -8491 -2881 7172
-11324 5552 -11780 -4057 3311 3788
-13372 3444 -7232 -2788 -125 4913
-8684 6420 -8352 -4031 -2170 2886
-8680 4920 -7420 -3479 -3008 3250
-9468 5516 -7780 -3152 -3546 2528
-9976 7016 -6700 -2611 -2887 894
-11536 7064 -5944 -949 -1630 1552
-14424 8360 -5960 1589 -1813 1783
-16036 7676 -4644 4448 -6176 1879
-20988 17804 -8720 1869 -8328 1430
-9580 6216 -5532 1999 -4548 -596
-10912 10228 -14108 5479 10925 -1337
-6848 8860 -11772 4127 -438 -3584
-10584 6372 -8812 3399 2688 -4141
-10144 5064 -8952 3693 1823 -3592
-9960 5204 -8448 3469 1002 -1729
-10204 4480 -7692 2808 192 -2376
-9988 4592 -9644 1137 -926 -729
-12084 4432 -10508 2498 -192 -254
-13356 6984 -7652 760 -1402 -145
-13728 4564 -7600 -414 -1470 -269
-15052 3856 -6788 -2005 -2001 -643
-14676 4388 -5568 -3130 -2157 -1625
-11904 3804 -10052 -3367 -4636 -2511
-19308 13528 -7560 -605 3393 -7515
-7988 6412 -13192 -8539 -3807 857
-14028 3308 -9600 -2701 1078 -524
-11348 7768 -8120 -1904 -1288 -399
-11580 7068 -9020 -1717 -695 1731
-13560 7440 -8100 -1028 -1551 -181
-12188 6716 -8052 -1242 -1510 23
-12252 7004 -7760 -861 -1587 -52
-12980 6804 -7116 -276 -1189 45
-13128 6980 -7124 516 -750 -164
-13216 6728 -6312 883 -1570 -343
-13336 5408 -6204 2171 -1407 -761
-13752 5340 -5392 3730 -1040 -1137
-14308 6668 -6008 4266 -1248 -2347
-14280 7444 -7664 3304 -376 -2100
-14376 5680 -8620 2022 -99 -1159
-12656 5580 -7252 1850 -344 -767
-13896 5420 -7752 1955 -438 -554
-14104 4548 -7432 1558 55 -247
-13920 4944 -7056 1768 -59 -216
-14160 4800 -7436 1505 353 -303
-14312 4728 -7236 1290 472 -108
-14176 4584 -7368 1277 290 -79
-14228 4812 -7528 1281 200 58
-13976 5084 -7184 1495 -171 340
-14312 4800 -7188 2012 -498 595
-13684 4520 -7364 2090 -772 1096
-14444 4140 -6988 2638 -231 1492
-14560 3524 -6972 3049 486 1142
-14308 3544 -7436 3630 813 1508
-14464 4032 -7520 3934 490 1791
-14852 4356 -7304 3820 -540 1469
-15024 4380 -6616 3794 -1076 1408
-14592 3896 -6972 3587 -1043 1093
-14412 3944 -7224 3036 -1518 1191
-14900 3680 -7436 2567 -2044 1242
-15176 3112 -7340 2846 -2818 1181
-14008 4048 -8092 3025 -3072 1596
-15688 5012 -6712 3085 -2763 763
-13912 3704 -7260 3546 -3119 162
-14216 2896 -7160 5763 -2247 860
-14356 5252 -7404 7409 -2754 1033
-12900 6052 -6892 7292 -3719 2211
-15084 6320 -7580 8461 -3349 2909
-14592 7408 -6524 7407 -4708 2957
-13252 6472 -5400 7219 -3902 3478
-13400 5936 -5632 7803 -3087 3219
-13284 5988 -5416 8290 -2496 2949
-13824 6212 -6052 8876 -2216 2949
-13764 6488 -6000 9570 -2782 3006
-13300 6636 -5680 10572 -2518 3167
-13664 6660 -5484 11361 -2066 3759
