-13936 4932 -7696 658 -464 -70
-14028 4936 -7616 488 -404 -51
-13976 4728 -7620 526 -387 -29
-14104 4836 -7616 598 -314 10
-14036 4972 -7380 543 -371 -41
-13992 4864 -7376 551 -235 12
-14032 4920 -7432 446 -125 -6
-14064 4956 -7432 279 11 -26
-14196 4592 -7444 409 3 33
-14156 4920 -7376 548 73 105
-14044 4908 -7424 475 45 24
-14024 4780 -7512 493 174 69
-14160 4676 -7336 526 201 -32
-13940 4828 -7420 573 248 -1
-14032 4752 -7532 542 91 -37
-14200 4648 -7300 614 -86 -68
-14100 4636 -7192 683 -205 -59
-14136 4748 -7440 699 -161 -81
-14160 4832 -7396 588 -91 -91
-14028 4852 -7556 511 5 -143
-13976 4924 -7464 394 62 -77
-13948 4928 -7460 354 103 -49
-14064 4772 -7776 263 298 116
-14032 4660 -7660 273 46 -2
-14152 4372 -7636 616 158 14
-14132 4748 -7556 770 36 16
-14052 4680 -7688 699 -137 -101
-14084 4792 -7452 679 -151 -79
-13908 4788 -7596 565 -130 -93
-13940 4648 -7688 668 -96 -120
-14068 4636 -7772 754 -195 -116
-13872 4700 -7692 906 157 -112
-13952 4896 -7556 488 213 89
-14036 4732 -7720 442 453 116
-13892 4680 -7768 455 503 161
-14204 4716 -7416 459 351 193
-14080 4788 -7768 460 576 118
-13860 4676 -7764 193 398 -149
-13948 4788 -7924 -145 635 42
-13940 4632 -7848 -566 735 184
-14108 4504 -7552 -671 888 138
-13960 4164 -7932 -504 1144 460
-13792 4456 -8272 -217 783 800
-13996 4488 -7884 -250 1030 850
-14052 5140 -7424 -508 591 627
-13604 5128 -7724 -511 949 583
-14040 5724 -7868 -141 1394 -9
-12772 5136 -8316 485 1468 196
-12976 4604 -9020 2494 2450 549
-14088 5440 -8156 3244 1288 1017
-15108 5104 -8244 1307 657 -118
-14660 3748 -7756 1444 1262 -1786
-13316 3200 -7480 1703 2209 -1894
-13768 2880 -7812 358 998 61
-13996 3352 -7592 -1016 -433 499
-14232 3764 -7448 -1512 -855 402
-14044 3320 -6952 -2036 -1036 -121
-14500 2060 -7712 -2250 -1215 -243
-14968 2300 -7068 -2520 -1627 -567
-19336 5780 -12336 2204 290 -908
-14904 9948 -14164 -1345 -1219 -521
-7164 8192 -5868 -6561 -4397 2837
-14076 3888 -7852 -1191 1300 2081
-13496 7176 -8284 -463 -466 2268
-11948 7168 -6360 402 -1700 1041
-11884 6888 -7092 348 -347 2183
-13096 6940 -5616 923 -1678 1098
-11940 4504 -5460 4148 -1835 -1127
-10728 4628 -6056 6702 -1574 -2235
-9248 5004 -5068 6677 -871 -4253
-9540 2976 -4332 6873 -1299 -3549
-8224 2348 -5992 6854 -1780 -1893
-10468 3548 -4844 7489 -1891 -2775
-11292 10304 -13484 3733 -2199 -1525
-32536 12204 -30576 -3724 2517 10422
-20776 11652 -6876 -1374 -4562 -6531
-18748 1676 -12244 -106 6317 -273
-11664 3676 -8872 201 4355 -1491
-10144 2140 -6492 -741 2263 -1361
-12612 892 -7484 337 3778 650
-13452 2776 -8064 -50 2667 3482
-15648 3136 -5732 -2281 -1238 2362
-14396 2552 -7312 -2759 -539 1856
-15284 2740 -5988 -2428 -1251 1458
-14908 2260 -7148 -1789 -2179 -1628
-12304 8708 -14292 -2366 -1689 -2520
-17288 7080 -14280 -129 2755 -2004
-13080 5012 -8844 -3293 -1353 949
-16800 4924 -7100 -287 -1872 1490
-12256 4864 -6744 387 -1803 2218
-10228 5272 -5580 1593 -2958 -79
-10372 4840 -4436 2031 -455 -1564
-9404 2072 -4344 4255 -1167 -1851
-7416 1712 -5052 5579 -2021 -1398
-11152 3440 -5020 5510 769 -2164
-16620 6224 -6036 5211 -2746 -1783
-16480 5800 -11380 2602 -1914 574
-25064 13364 -22832 -2413 3634 6771
-19828 5780 -6884 -1958 -5441 -3792
-16384 3132 -12528 2822 3727 498
-12504 4840 -7852 2012 2001 -730
-10940 3684 -6996 1032 1912 -1054
-12580 2188 -8260 1596 4354 1004
-14180 2976 -8224 363 2874 1893
-14300 3216 -5488 -1406 449 1583
-15072 2272 -6516 -1927 502 2145
-14764 2620 -7352 -1312 -688 830
-13536 3820 -6860 -3210 -1744 -987
-13812 11484 -8616 -2120 779 -5637
-16936 6012 -12544 -3022 894 -1227
-12792 5108 -8316 -4441 402 1248
-14400 5816 -7016 -2737 -1972 -27
-13036 5784 -6300 -2543 73 1005
-10620 5692 -5448 -1307 -112 -894
-11520 4072 -5640 -227 1516 -1498
-9616 3240 -4576 2120 671 -2320
-6152 1336 -4904 3462 -831 -814
-10008 3540 -3484 2500 835 -1031
-13788 5084 -4944 2866 -2938 -2176
-17456 7936 -11312 1090 -1886 -117
-32372 13348 -23456 -3998 3087 9114
-16960 9644 -4412 -2797 -4352 -6289
-20004 652 -13484 1029 5000 1136
-11452 3364 -6680 1947 4107 -2373
-9800 3732 -7112 -678 2931 -945
-13340 1584 -8476 -536 4679 -91
-15348 3172 -8100 -76 3274 456
-13728 3020 -7952 -1186 -221 724
-13604 2520 -7860 -1722 65 627
-15004 1732 -7648 -1284 -870 454
-14364 1884 -8476 -1009 -1298 127
-13564 4576 -12520 -931 -1706 -1105
-16260 6556 -11628 559 -137 -2204
-10216 6576 -7704 -3811 -1707 200
-15300 5860 -5332 -858 -1114 254
-16264 4072 -6776 -340 -506 1781
-11700 5900 -5380 257 -922 -412
-9728 4396 -6308 1520 461 -686
-10852 4220 -5572 3124 1162 -1796
-7752 1732 -4652 5211 -852 -1241
-6200 3112 -5500 4044 1742 784
-8884 3272 -5252 4040 -716 422
-11256 6172 -10292 3103 -1165 -550
-27732 13648 -17140 948 4132 5588
-24560 5628 -10460 -2354 -3742 -1970
-18920 4248 -12356 1628 3865 -313
-15172 3440 -10176 592 1457 -2261
-9292 3332 -8760 -161 1863 -2041
-10976 1544 -8744 -282 2766 -1094
-12424 1700 -9116 -215 2348 560
-13128 2624 -7404 -1002 -177 1916
-16760 2584 -8760 -165 -316 2310
-14712 3252 -7412 134 -2070 1262
-12604 3836 -6480 -1145 -2320 -618
-13864 316 -11496 -2085 -3697 -51
-14876 8200 -8636 1781 1486 -5226
-11952 5504 -9120 -1097 -943 -57
-17024 5128 -7168 -395 -909 144
-13752 4836 -7296 -224 -1345 1656
-14724 5368 -7228 585 -1031 1715
-11940 5456 -5772 658 -1156 177
-12120 4520 -5820 825 783 -918
-11516 4556 -5660 1324 564 -1379
-10340 2728 -5516 3746 -496 -1576
-5968 1920 -4352 2345 -629 610
-10656 3264 -3452 1592 2093 -386
-13772 4320 -6068 2114 -1038 -2242
-22276 8812 -16228 2090 1608 802
-30432 5972 -16952 -4560 -1616 4571
-15320 5920 -5404 -1181 -3223 -6449
-18148 1128 -11852 712 4155 828
-12784 3468 -8968 -579 3543 -1380
-11592 2748 -7680 -1488 3353 -976
-13472 952 -7344 -459 3377 -32
-15176 1472 -7572 -117 2031 822
-14544 1900 -7000 -184 -301 807
-14036 2012 -7924 191 -102 1650
-15392 2440 -6992 204 -907 1842
-15448 2748 -7420 -212 -2869 1060
-13200 4148 -11672 1121 -2724 -1799
-15380 4644 -11216 2008 -852 -1085
-11608 6356 -8848 -1530 -1143 2673
-14412 6140 -4888 -831 -2205 553
-16060 4628 -6924 -183 23 1792
-13248 5252 -5756 -463 -545 521
-10880 4336 -5476 209 840 -779
-11796 4060 -4628 1283 1758 -1487
-8892 2676 -5196 2223 -703 -486
-8276 2740 -3992 1611 -784 -411
-11672 4544 -3908 3089 -934 -1345
-13028 1872 -3552 3991 -3114 -982
-20636 9780 -13536 3346 306 -521
-25716 7868 -17836 -3826 -1326 4024
-17952 6556 -6220 -93 -557 -3327
-16852 480 -11300 1840 1655 -454
-12584 3332 -9328 2119 3612 -384
-10620 4220 -8492 549 2874 -1424
-12472 1676 -8864 -192 3730 -10
-14336 2892 -8324 -503 3356 420
-15056 2572 -7912 -1888 337 776
-14904 1940 -7548 -1082 -1084 1371
-14196 3272 -7940 -991 -1295 1942
-12976 4308 -8484 -2118 -2562 2106
-17356 5316 -10208 928 -382 1448
-15268 5272 -10340 532 -514 650
-7660 6396 -8764 -3022 -334 3619
-12928 6688 -6424 -2363 2432 1786
-17304 5232 -6408 -1270 1151 -386
-14196 5396 -7008 31 1071 -1043
-11664 4276 -6424 -754 -444 -1938
-10352 3184 -4328 1622 72 -3643
-10260 3484 -4460 4019 -358 -3126
-8116 1564 -6048 3990 -1119 -1145
-9728 4988 -4196 3945 -3721 -3172
-15424 5128 -9032 4138 -2466 -2942
-22712 7272 -14216 3515 -922 2973
-26076 4952 -12308 -933 -2266 3389
-17684 3784 -7384 1150 -3183 -4133
-16240 1308 -11292 2126 2654 115
-12812 3916 -9164 -246 1462 -1680
-10512 1872 -8332 -681 2930 -1582
-13168 840 -8292 -179 5026 -1067
-14840 1500 -7264 -1060 1948 -569
-13272 1884 -7532 -2209 -260 969
-15376 2316 -6924 -2296 -1106 2080
-15020 2872 -6552 -3747 -3267 2603
-13932 2588 -12884 -3118 -3222 1040
-12552 5944 -8852 -1351 -1315 -4747
-10828 4068 -10032 -2696 1284 672
-17244 5452 -6780 -2251 1321 82
-16780 3960 -7308 -1847 996 1411
-13836 4876 -6672 -1914 -200 2240
-12220 4452 -6164 -1018 -144 2283
-12332 3628 -5496 666 807 567
-11136 4356 -4716 2927 2132 -1047
-8708 4140 -4188 3419 -289 -1600
-5444 2892 -3088 3346 -2573 -272
-12128 1364 -3356 4109 -534 98
-14616 4800 -7816 2708 -1995 -1852
-22516 9776 -16296 2181 -376 1752
-28200 5304 -13712 -2717 -3633 4193
-14336 6108 -5760 720 -3540 -6872
-19092 1756 -13016 1326 3745 2433
-11904 4384 -9444 534 3160 -641
-10728 3296 -7256 -610 2805 -904
-12264 1656 -7632 -487 4290 -210
-14752 3592 -8148 -1577 2436 181
-15920 3584 -7508 -3233 -612 956
-14504 2256 -7032 -2762 -1410 -42
-13864 3784 -7508 -3292 -1593 984
-13872 4244 -8756 -3904 -2101 1962
-16132 6912 -9172 -823 82 -1148
-12184 7024 -9204 -2892 223 266
-8792 4712 -6948 -4002 2409 944
-14744 5616 -6288 -2657 3134 -489
-18484 5148 -6164 -1653 3253 -1620
-13584 5688 -6040 -2445 -428 -2005
-11236 3456 -4736 -1008 435 -1618
-10308 3768 -5828 1941 1463 -1827
-8556 2632 -4864 4190 -1059 -526
-7596 2756 -2772 2789 -1814 -308
-11040 3932 -4144 3161 -4555 -301
-11556 5260 -8056 3444 -2547 60
-26372 11312 -17236 4946 5613 4731
-23052 9368 -6780 -2951 -6325 -1161
-14336 3968 -9356 2396 1141 -2519
-18916 2552 -13972 2599 4781 1335
-11856 5236 -8616 1598 2230 -3112
-10336 2684 -6832 669 1891 -940
-12976 1012 -9708 1209 4839 -652
-13560 3844 -7680 -527 2571 427
-14804 3760 -7180 -1015 103 405
-15376 3364 -8064 -1387 314 257
-13980 5564 -7216 -4752 -2192 667
-13352 5004 -9968 -6501 -2814 815
-11280 7788 -7988 -5281 1137 -5752
-15164 5040 -9152 -5239 5701 -1272
-17440 5704 -7320 -4383 4489 -968
-14072 6788 -5616 -7242 -1969 -2117
-11704 4844 -5492 -5877 727 -2001
-12208 5252 -5036 -5391 1905 -3477
-12608 5292 -4580 -5084 1186 -4994
-9920 4736 -4952 -4878 700 -3652
-10748 1184 -3808 -2790 2315 -5018
-11488 5300 -3096 -4754 -203 -6390
-11736 2624 -284 -7243 -1008 -5599
-17868 7348 -6200 -7418 877 -1530
-20876 8308 -19448 -7853 3346 3140
-18360 7372 -10608 -6095 148 132
-20252 7012 -9936 -4420 2528 -1068
-15288 4116 -11104 -5828 1842 -3754
-10516 5744 -7324 -6601 5110 -3686
-11080 1936 -7664 -7497 5058 -3278
-10924 -200 -6752 -5335 6538 -1887
-12876 3412 -8392 -5597 6124 302
-16620 4128 -5572 -5962 2184 1885
-16260 2864 -6128 -3866 -48 40
-13232 4480 -7032 -4179 -693 1177
-15308 6704 -4952 -6160 70 88
-14700 3864 -7136 -7765 -649 -833
-22792 3988 -13828 1511 3987 -3970
-11624 8888 -12724 -1899 -217 416
-5452 5748 -7648 -5355 -2003 4581
-15060 3852 -9004 -429 2686 -932
-13452 7048 -7936 -2447 107 1587
-12132 4680 -6616 -642 -1531 674
-12728 4580 -6576 1222 568 1872
-11996 6156 -4488 891 -1232 898
-13780 5940 -3500 2293 -1681 -675
-14556 5076 -3968 2748 -3624 -1887
-14284 6972 -5036 1733 -2275 -1700
-16508 4584 -3212 2706 -375 -301
-20920 12900 -12240 280 1352 2380
-13996 8784 -9020 -2527 -3073 -1238
-6104 344 -9692 2855 3625 -1852
-15532 7912 -8460 -973 1352 -861
-11284 5336 -7040 219 1547 -3148
-12120 4012 -7024 118 2756 -1912
-14512 2196 -7080 -396 1173 -1353
-13204 3636 -6512 -2137 -568 -781
-13260 4320 -5360 -3700 -1278 516
-14436 3092 -7652 -2583 -577 -623
-18528 3712 -6056 -2207 606 -2229
-18024 9044 -12812 -3032 -2640 1595
-17444 9196 -14576 1229 505 -6896
-11216 7188 -8216 -1573 -2961 1002
-15204 5012 -7796 1437 -722 1522
-9624 6156 -7012 215 -3149 2552
-9668 4944 -5240 1337 -855 3062
-12516 6168 -6120 2738 1345 2633
-12628 6564 -5500 1593 768 1639
-12968 4868 -4356 3046 127 734
-14684 3932 -4156 5791 -545 -660
-14052 5644 -5476 4976 -1682 -967
-15900 4584 -2112 3189 -3207 -890
-20972 11180 -13504 2329 250 4972
-14948 8752 -10708 -2323 -6020 2668
-11840 4796 -10656 4456 -874 1042
-14860 7404 -8428 2615 29 -2973
-10060 4140 -7064 1706 906 -3539
-11232 3956 -8460 2232 2948 -960
-12664 5100 -8084 789 2690 -552
-12632 3432 -7468 -194 2513 -662
-13716 3940 -7136 -977 1548 486
-13200 3696 -6620 -3034 1539 1137
-13896 4620 -5956 -3404 737 142
-15148 3844 -6076 -2487 1860 -879
-16948 3980 -4540 -3951 -153 -2708
-21156 3356 -11808 1106 2732 -2982
-13920 9064 -12080 1665 173 -2830
-9780 5508 -6744 -784 -3214 2233
-15424 5132 -9448 1734 -944 1694
-13312 6740 -8908 1183 -2904 2093
-11780 5656 -6848 1265 -1170 1710
-12976 5156 -6700 1916 -986 1679
-12040 4744 -5228 2384 -541 933
-13212 4844 -4768 3365 -311 281
-13584 5036 -5264 3352 -2486 -241
-14588 6064 -5004 2612 -2191 190
-17352 3240 -2800 5183 -2324 -777
-20432 10268 -12772 2754 411 4817
-16964 10728 -7800 -31 -8309 334
-8560 -608 -13820 4968 -293 -864
-15676 10292 -8544 553 2642 1416
-13236 4528 -7960 -489 -376 -4036
-9460 2620 -7092 1375 3638 -2613
-11168 3260 -8640 132 3915 -27
-13668 3096 -6880 -274 2070 -260
-13488 2772 -6544 -415 959 978
-13336 3624 -6688 -1533 307 1665
-15600 4464 -5712 -2614 -772 1453
-14760 2720 -6544 -2331 -1120 -99
-17956 3424 -4020 -3967 -527 -1499
-22164 1376 -13788 1644 -185 -1348
-14944 7912 -13172 5605 -2387 -1665
-5288 8360 -5360 136 -5783 2607
-16160 3644 -9008 5259 1335 2381
-13644 6008 -8320 4693 -4965 1671
-10692 5068 -5760 5214 -3057 1146
-13396 4628 -6708 6231 -1263 3349
-12820 4252 -5868 6864 -2551 3059
-13676 4296 -5864 9185 -1549 1894
-15672 2548 -4508 9986 -4584 1574
-13420 3888 -4864 11243 -6037 81
-14440 4896 -4940 13045 -4592 981
-13084 3772 -6416 15221 -4483 605
-19800 13696 -20444 11889 3808 9248
-11484 2088 -10904 10825 -5920 3238
-10976 6672 -9980 13570 3439 1898
-13848 3804 -8864 9613 -981 1453
-11444 2408 -9284 10596 1167 539
-14656 4016 -9404 7428 -114 3586
-14244 3356 -9576 5844 -1626 2333
-12448 2264 -9232 5143 -1805 2039
-12892 1788 -9772 4431 -1894 3171
-14068 3064 -7524 3823 -3810 3482
-15088 3468 -8612 3288 -5283 3168
-13164 5408 -12692 4956 -1732 761
-12292 6140 -10576 3839 -396 656
-16264 4216 -7072 4051 -2139 1818
-15504 5804 -7040 4012 -3708 2148
-10972 3740 -6980 4851 -3071 2513
-10316 3700 -5520 6837 -1045 1230
-9824 4624 -5036 7459 -1429 969
-3932 2060 -5360 6750 -1706 794
-7784 4232 -4056 6478 3482 84
-16808 4588 -6616 7384 -1148 -2463
-16876 7004 -11380 3418 -3272 -2381
-27248 8868 -24636 1030 -2590 5506
-17984 11452 -6780 -445 -5547 -1453
-15328 2780 -11336 1070 -785 -1867
-13096 1504 -8760 2356 3008 -1285
-11868 4500 -8092 2624 2667 64
-10776 2324 -7692 1860 2902 653
-13900 2336 -7828 2101 3490 1542
-14100 3328 -6688 413 379 993
-13392 3404 -7252 -1996 1227 1095
-15756 3156 -6532 -2849 -1064 1705
-15376 2712 -7124 -2005 -2433 -801
-13124 4376 -14364 -2813 -2435 -9
-15456 7656 -10532 -1289 1400 -1885
-10932 6156 -8616 -4342 -650 126
-16640 5008 -6500 -1468 1333 811
-13296 6184 -7272 -1200 -1965 1126
-12320 4636 -6044 702 -2283 -266
-9156 4428 -5556 2126 -271 -1143
-9676 3856 -5400 4017 -16 -1338
-7652 2156 -3428 5253 -804 -953
-10036 2684 -4248 4917 -2306 -1275
-12664 4592 -4348 4312 -1589 -2645
-13552 4040 -8260 3609 -2932 -457
-23496 12816 -15184 1965 1070 4437
-22124 5232 -7584 -3203 -5669 -378
-17748 2888 -9164 1235 695 -669
-17456 2300 -8336 3876 -349 -546
-10540 5604 -7320 3495 1566 -1262
-10704 1656 -6672 2533 2243 796
-13808 2008 -7112 3442 3164 1499
-14656 3032 -5192 1561 -92 2503
-13636 3160 -5776 1396 -64 2464
-14804 3444 -6144 522 -1109 2533
-15156 3792 -6884 251 -1687 1434
-16232 5428 -12104 1925 825 1015
-16160 6952 -10664 -162 -796 578
-9036 6380 -7080 -3135 -505 1187
-13240 4912 -8008 -268 2840 1647
-14676 7408 -7532 -838 1000 1340
-14960 5760 -7704 -502 -318 -677
-11452 4140 -6132 -37 1672 -673
-11004 4912 -5984 761 -461 -2099
-8924 4252 -3816 987 -787 -1537
-9776 2800 -4336 1383 -519 -2059
-10888 4032 -5368 327 -736 -3787
-13328 4024 -4624 298 -2231 -2355
-14784 4608 -6740 -1489 -1472 -2660
-23928 11544 -15092 -3795 -593 2925
-20916 5996 -8080 -4921 -4560 -675
-18032 4656 -7724 -1466 1658 -2707
-15864 940 -8832 1167 2638 -2808
-11176 5044 -6536 1358 4484 -2336
-11096 1744 -6980 307 4927 -949
-13412 804 -8104 1083 6653 1020
-15856 3880 -6828 -1074 3194 1109
-14268 2676 -4640 -3806 680 509
-15324 1756 -5820 -4491 -835 1155
-15356 -160 -5856 -2556 -3570 824
-13932 9020 -8984 4394 -1421 -1031
-17832 10836 -14828 540 2291 1005
-11940 7924 -8596 -5388 -3066 341
-13484 5300 -6100 -4235 924 -326
-13448 3732 -7492 -2267 1492 1749
-12924 6136 -6152 -1335 -356 156
-11696 6152 -5952 -1295 -543 -934
-11240 3816 -4864 583 254 -1832
-9020 3132 -4784 3005 -792 -3203
-7676 2568 -3604 4952 -1378 -2480
-10896 3292 -4696 4246 -304 -2824
-12080 3968 -4512 3134 -3745 -1909
-15432 6996 -9700 1841 -1400 -1536
-27204 11116 -18684 -2123 764 6337
-17584 8676 -5544 -3309 -6903 -2844
-20120 3052 -9304 535 1428 -79
-11192 2112 -6384 1010 2233 -2358
-11700 3720 -5728 -1032 3695 398
-13180 844 -6972 -442 4702 957
-15684 3048 -6224 -473 3293 1869
-14528 1268 -5360 -1834 -914 985
-15164 3380 -5880 -1535 -1208 1225
-14796 2080 -9624 -999 -1302 588
-17884 6972 -7708 1925 1752 -2345
-14224 5060 -9484 -1855 -1002 1021
-9260 5472 -7360 -3217 -745 1246
-13172 6340 -6976 -683 2373 776
-16672 5280 -7996 438 1782 1779
-13412 6612 -6428 1180 717 -337
-10684 4532 -5752 344 -315 -867
-11092 3628 -5652 2313 348 -1288
-7744 3348 -4452 4768 -992 -1397
-8920 3828 -5168 4642 -38 -17
-11064 3904 -3332 3091 -700 -32
-12748 4876 -3768 4135 -3535 -1143
-19064 4876 -14388 4049 1284 2869
-25868 10736 -13600 -1451 -1913 3907
-20608 5788 -9440 71 -1789 -2103
-17252 2344 -11092 2203 1167 546
-13500 4224 -9704 1617 1905 -801
-10488 3248 -8676 -410 2765 -493
-11916 2260 -8828 -283 4385 -583
-13776 3144 -7672 -928 2986 97
-13940 2616 -7600 -858 774 663
-14332 2744 -7840 -472 -478 1064
-14848 2608 -6624 11 -1529 1420
-15252 3424 -11092 867 -1320 1012
-14524 7568 -10592 -392 -696 -2639
-10340 6992 -8492 -4142 -979 -1683
-13632 3844 -8148 -2845 282 92
-15144 5316 -6636 -468 771 557
-15568 5788 -7344 30 -1254 1161
-12168 4844 -6672 333 -1500 770
-11268 4428 -5556 692 -445 -719
-11368 4516 -5724 1807 508 -2565
-9932 5024 -4772 3150 1382 -3162
-6944 2128 -5984 3266 -1486 -320
-10264 2980 -4284 1367 4191 164
-17008 3140 -4724 3986 -2373 -1878
-18012 7452 -11712 1665 -2102 -91
-23480 9548 -15184 -2959 -2413 4164
-18240 6160 -10616 -1482 -1691 -1088
-15864 3284 -9932 293 323 -1851
-13108 2672 -9008 1807 2368 -887
-11548 3080 -8476 401 1979 -493
-12540 2784 -8068 -8 2937 473
-14336 1424 -7540 771 2259 990
-15192 2984 -7356 361 420 1079
-14120 2372 -6992 -430 -1727 1191
-15220 3272 -5968 -1129 -3409 1151
-14244 3396 -11900 50 -2958 -318
-14796 4992 -10068 2475 535 -2684
-14068 5232 -10680 -1830 -1916 979
-12268 6480 -7240 -2255 -2337 813
-13400 4760 -5756 -629 494 544
-16160 4460 -6572 687 -990 202
-13392 6252 -6648 -104 -1295 306
-11552 4520 -5692 -148 -549 -48
-11472 4128 -5516 1028 1251 -1241
-9844 3456 -5912 2436 1648 -1926
-8836 4612 -4832 2886 2143 -1022
-8064 2288 -5768 1741 1139 778
-11868 3776 -2744 2631 -962 -1452
-16728 2568 -9676 3983 -210 -678
-24792 15732 -16632 -3307 2920 5199
-24448 3884 -10824 -4105 -4627 -2423
-17056 3524 -9980 137 2214 -1398
-14956 2952 -8796 -582 482 -2391
-8772 3404 -7264 -1838 2661 -2454
-11756 1336 -8028 -1650 4174 -494
-14680 1640 -7808 -545 2329 1178
-14892 2312 -7132 -295 25 1456
-13736 2440 -7812 -84 -81 1866
-14736 3096 -7260 375 -160 1961
-14940 3172 -8076 281 -2346 1934
-15744 6976 -8208 2202 -290 -2222
-11852 4876 -10180 173 140 -1366
-13372 6104 -8996 -1619 248 584
-15448 5492 -7724 -1702 177 187
-15740 4676 -7184 -158 53 1182
-13088 4932 -6784 -125 -1025 1095
-11844 4344 -6412 599 -403 828
-11912 3788 -5612 2570 -221 -437
-10768 3576 -4392 3089 -2484 -1184
-7720 1640 -4104 3804 -1705 -403
-10528 4844 -4128 3051 -619 -1236
-10572 1424 -4488 3524 -4253 -773
-16204 7108 -10300 3791 -1101 -640
-26344 11392 -15164 -2402 -118 4735
-19396 5272 -8080 -1689 -2805 -1589
-20040 2752 -10272 690 2446 -700
-15696 3248 -8488 1567 1433 -1246
-11700 3964 -7340 132 1910 -1841
-10644 1848 -7084 -15 3789 14
-13280 1288 -7624 769 4187 1138
-13660 3572 -8016 -1406 2484 2262
-15204 2784 -6836 -2812 1275 2539
-16404 3172 -6696 -1901 -189 425
-14548 1584 -6816 -1738 -2860 -1023
-16172 5876 -10176 -125 -1418 -1239
-14508 4956 -9844 493 -1193 -3088
-11656 5400 -10124 -3200 -154 -391
-14812 6560 -7412 -3931 -819 244
-12468 4828 -6448 -2928 -855 -28
-16800 5076 -7584 -413 553 204
-12488 7048 -6400 -1726 -1225 -446
-11092 4780 -5744 -1498 -213 -418
-12072 4920 -5412 -442 1537 -1265
-11508 3376 -5404 2242 1101 -2013
-7592 2200 -4684 3103 -27 -1020
-8716 1792 -3208 911 203 -2299
-14128 4544 -4048 847 -1047 -3441
-13412 2136 -8972 -706 -1314 -1461
-21008 10804 -13908 -1197 158 2306
-23764 5996 -13180 -3729 -2186 1541
-19456 6036 -7192 -775 -448 -1763
-16180 2916 -9800 -151 1945 -2391
-11076 2064 -8056 -440 4560 -1553
-11716 1988 -8064 -791 4914 -76
-14600 1620 -7564 -962 4700 622
-14988 2672 -7844 -647 2943 509
-14328 2016 -8024 -946 2193 1291
-14884 3160 -7304 -1752 563 1746
-14964 3620 -6524 -3001 -1318 710
-13360 3704 -8336 -4823 -2121 2074
-14868 9432 -8580 -4233 -313 -2353
-11264 6984 -9628 -3738 2288 -2228
-15384 7200 -9228 -7860 2159 1200
-16312 4716 -6568 -7079 -1070 -1707
-12104 4492 -5376 -5805 283 -188
-12544 4592 -5280 -3560 -224 -1141
-13200 4536 -5092 -1829 -308 -2688
-11760 3864 -5180 40 -938 -3582
-9696 4744 -3824 1785 -673 -4259
-8492 2988 -3628 3351 -393 -3131
-11420 3744 -4956 2648 959 -2320
-14896 4944 -2708 1379 -3423 -2479
-18828 4120 -8816 921 -2671 438
-32768 10228 -17344 -4383 1683 11024
-15604 4612 -4856 -1367 -5654 -5670
-17308 5124 -13368 125 4190 1969
-11716 1696 -9652 -866 1574 -1623
-10496 4452 -7316 -85 5624 44
-13564 2460 -9332 -594 3571 -791
-14952 4084 -7596 -1987 1617 27
-13976 2872 -7916 -1720 -718 -327
-14932 3864 -8316 -1626 -862 1906
-14316 4572 -8496 -2745 -5597 2483
-13804 4856 -8432 -2021 -4262 1333
-13496 6028 -7500 -1585 -99 -473
-11984 4528 -7668 -2251 1215 -169
-14396 5548 -6704 -2195 1727 -192
-14680 4920 -7344 -1017 1681 174
-14044 5244 -6584 229 930 389
-14056 5568 -6276 344 777 559
-14176 5168 -6324 602 757 269
-14240 5292 -6704 767 926 466
-14568 5728 -6724 777 517 127
-14228 5224 -6496 825 96 5
-14172 5024 -6732 891 8 49
-14316 5256 -6852 975 -17 35
-13988 5188 -6844 1100 -101 54
-14064 5156 -6940 1198 -187 119
-14004 5008 -6852 1281 -200 113
-14176 5084 -7196 1173 -259 65
-14124 5148 -6756 1034 -365 -31
-14084 5176 -7000 1016 -263 -115
-14020 5172 -7084 857 -218 -144
-14208 5176 -7068 639 -138 -223
-14140 5152 -7004 566 -108 -223
-14144 5060 -6924 660 -177 -158
-14196 5060 -6832 602 -149 -114
-14116 5148 -7112 432 -231 -139
-14132 5080 -6836 373 -60 -129
-14044 4836 -7024 276 143 -54
-14508 4720 -7084 500 -146 -114
