14596 -284 6700 -997 -2480 -3482
15492 -764 7352 -1904 -1930 -3639
15600 -1028 7568 -1391 -1111 -2416
15692 -704 7336 -1397 455 -1122
15396 -736 7000 -2119 1919 -591
14884 -444 6476 -1779 2392 -134
14224 -408 6084 -1482 2296 105
14700 -528 5944 -1039 2314 -111
14616 -352 6124 -616 1576 -300
14580 -312 6676 -767 717 -395
14392 -436 7300 -1613 748 -630
14100 -856 7228 -1746 751 -1211
13720 -1376 7312 -983 185 -1492
13636 -1364 7412 -313 -176 -1593
13724 -1760 7524 -258 -668 -1413
13852 -1624 7752 350 -847 -1217
13864 -1588 7660 894 -995 -905
14240 -1628 7828 1845 -834 -285
14752 -1184 7488 1921 -45 570
14432 -1072 6988 1796 337 1584
14516 -724 6684 2076 -75 1715
14492 -548 6868 2547 207 1894
14560 -400 7388 3291 563 2406
14316 -500 7116 2887 -229 2618
14540 -400 7208 2292 -395 1799
14648 -232 6984 2229 -260 1184
14544 -120 6892 2075 -433 769
14564 -52 6700 1525 -568 402
14388 -156 6412 996 -736 -50
14536 -304 6368 494 -1058 -477
14800 -488 6140 66 -1106 -802
14456 -452 6808 65 -784 -204
14084 -568 6728 -438 -1306 40
14240 -1436 6948 -410 -1361 -186
14108 -1580 6408 -345 -531 224
13932 -2056 6076 -376 -655 1268
12236 -1664 6100 553 -1615 2634
16132 -1444 7888 2934 -4583 3951
17884 -3060 8176 9203 -7393 4129
15692 -1916 6668 5813 -4366 715
12712 -1268 5272 835 -300 270
11056 -980 4576 -561 3145 -100
7232 244 4108 -2000 5904 -2024
7844 -324 3808 -5904 6423 -440
17044 -2272 6296 -2974 5614 -729
22468 -4548 4792 -3644 6508 -1188
28512 -4920 6768 -7644 3652 -3544
17216 -2796 10952 -6332 291 -6814
14028 824 10928 -515 -1864 -739
11828 -1064 7640 2905 225 -1332
10592 176 6364 353 -1207 -3357
11416 -2160 6260 4112 -1125 38
12992 -1024 6716 11905 -661 2639
12980 200 6248 6361 -1347 2419
12468 -824 7048 -1418 -2552 2209
10428 -2780 7836 133 -2681 3104
12284 -2364 8304 4996 -1971 5461
17436 -2460 7608 2348 -2957 4933
20856 -3532 10008 8947 -5576 1691
14864 -492 7432 11705 -3488 4680
18804 -856 6492 11708 -1331 8117
17568 -828 4556 8208 827 3572
14688 -508 3452 -1741 3560 -771
13404 -1228 3748 -2752 4752 -278
13252 -1236 3312 -551 4051 -388
11592 -668 2916 -871 3486 -2569
8520 -272 2764 -2815 3008 -2998
13032 -1628 2996 -2937 2578 -3116
12832 -816 5708 -785 1112 -6813
13772 -2168 6616 -4106 1009 -5660
22128 -3620 8792 -2492 2793 -3377
27160 -3296 11148 -1830 -3 -3614
15564 1260 12680 -4389 -3859 -1650
14096 -2000 10896 1056 -3433 2301
9744 980 7692 2028 -581 656
10228 128 6620 -2778 -975 -1399
12584 -1196 6932 -2059 -2138 -1023
13340 -1728 6952 2883 -2947 246
12908 -736 6692 4828 -3657 1628
12612 -404 6844 4183 -4034 1949
16536 -1260 8096 3905 -3398 2169
19960 -724 8912 6399 -3398 491
19700 -532 7116 3280 -734 967
16048 -1260 6804 2987 1056 1085
15524 -940 5600 2857 2721 2216
15524 -1168 3868 3001 3934 256
14372 -656 3668 -1069 4448 211
14180 -1720 3236 -1395 3983 -341
13020 -1252 2664 -847 3425 -1127
10696 -1080 2904 -1455 2656 -1466
9020 -836 2844 -2708 3224 -1551
9264 -948 2724 -3334 4342 -1734
10816 -748 4224 -3590 3441 -2234
15360 -1280 8328 -2569 3477 -2120
25388 -2816 10808 -1782 3287 -2114
18228 -1440 13032 -3032 -953 -8442
17952 1296 15416 -5798 -6034 1325
14908 -1580 11464 6387 -1352 -614
11512 400 9128 -4340 -1109 -3588
10268 -1804 8188 -2263 -1613 -1135
10856 -1448 6684 2845 -743 1765
12052 -388 5912 4856 -1291 1390
13244 328 5964 3206 -3110 -47
14192 48 7168 2045 -3474 585
14272 -256 8024 2254 -3123 1664
14304 -124 8540 -1698 -2299 1373
17416 -1364 8464 -3210 -1875 2160
15840 -2312 7856 339 -1683 521
16012 -1796 6744 2452 -2285 1958
15948 -2316 5708 6465 -1131 2052
16708 -2036 4968 4364 332 431
14704 -2112 3928 2117 1046 -41
14788 -1836 4392 1299 630 858
14356 -1456 3620 1407 1261 -13
13308 -928 3436 -416 1015 -831
11448 -764 3820 -318 734 -1737
8280 -216 3252 -979 2069 -1479
9556 -1608 3340 -2917 4181 -1437
13448 -2360 5548 -1279 2773 -3026
15040 -2472 6972 -1964 2551 -1464
23860 -2560 10116 -1082 1292 -399
27760 -804 11720 4137 -2543 -2208
17116 2028 12624 -1539 -4942 2015
13420 -1904 7924 3012 -867 3677
10248 -288 5296 9 954 174
10052 -1708 4740 -891 -732 -354
12988 -1780 4940 4718 -3903 -70
15580 -440 5928 5797 -5257 563
15036 8 6192 7264 -4976 1764
14836 1208 5756 6894 -3146 3655
14820 508 5832 3214 -2575 2417
16852 -328 5332 3961 -2390 3729
18260 -200 5932 5970 -3344 3297
15240 128 4304 3855 -1852 3440
17488 -1044 4528 2628 -550 1959
17428 -1032 3860 915 -322 -986
16380 -2648 3772 -2686 -542 -2431
15216 -2976 4040 -747 1226 -1109
15040 -1764 3808 2180 2541 -132
14488 -896 3360 -112 3896 -1351
10732 -836 2648 -1991 5625 -1563
7824 -944 2180 -3673 7748 -411
11908 -716 2244 -2849 7598 480
15388 -2060 3856 923 5032 -3278
20336 -1768 6124 -155 4246 -2886
23608 -1904 8584 -3842 2123 -2245
19432 -1128 13112 -3799 -4122 -4459
17456 636 12592 -74 -5869 -42
12596 -612 9588 664 -2062 -446
10340 240 6932 -2411 592 -1309
10448 -1016 5508 -1484 997 -1185
13416 -952 5520 1538 -1251 -1724
14692 -636 6268 1840 -3275 -1410
14340 -68 6812 3606 -3481 869
14320 1252 6684 4929 -1710 3016
13600 1188 6492 -495 -1155 495
14084 296 7604 -448 -1333 846
17804 -160 7564 495 -1509 808
15744 -1092 7008 2834 -1080 -141
14888 -1056 6300 3359 320 1998
16576 -632 4852 4085 1761 2740
18032 -1352 4608 1946 1614 -610
15052 -1444 4020 -1458 1385 -1267
13432 -1248 4552 -871 586 546
13284 -420 4268 1200 480 187
12320 -4 4108 -769 1361 -1802
9940 112 3544 -3165 2903 -2036
10228 -1172 3736 -4156 3696 -3062
11432 -2380 5544 -1458 3476 -4044
14244 -1132 8500 -2265 4340 -1701
21840 -1852 10492 -1454 4519 -1643
28072 -548 13488 -332 1112 -439
17136 1744 12476 -2366 -2025 1665
14140 752 10600 5038 -593 2415
9856 1156 7832 1977 -652 535
9696 -24 6316 -261 -1071 -60
11924 -1144 7220 4344 257 1062
13236 184 7460 6468 517 879
12856 1668 6840 1367 -262 -1518
12664 952 6572 -2193 -498 -932
13180 32 6692 1983 -1487 1102
13324 960 6000 3139 -3260 2779
19296 676 8140 2370 -6038 2014
17528 492 6992 554 -5498 902
13588 -252 5836 -3208 -4192 869
16140 -684 5800 327 -2440 1986
17280 -1512 5368 2518 -450 -1213
15988 -968 4672 -1169 -441 -2827
14508 -1132 4676 -2469 175 -1255
13248 -1296 4388 -1491 1295 -1099
11092 -736 3976 -645 2130 -1560
8228 -136 2988 -3116 4268 -1294
10532 -1300 3636 -3954 6913 297
14688 -2808 8468 342 7466 371
21216 -1748 6268 6218 8323 1686
22764 -648 7744 1297 3777 -2465
17088 644 11192 -4639 -5272 -3541
20172 1604 12540 1570 -7621 1528
12880 1156 8968 3454 -4585 436
10588 20 8292 -6692 -3540 -1878
11328 -1124 7588 4972 -813 939
13396 568 6248 5051 -1489 723
14488 416 6516 2954 -1588 538
13852 776 6500 1914 -2308 64
13768 636 6556 918 -1925 722
14144 432 6348 1386 -1363 1172
15648 124 5864 166 -1192 1065
17804 608 6792 -6 -2380 395
15904 -1080 5992 242 -1478 829
17828 -1568 6708 5261 -1111 550
16368 816 5552 4508 -1419 949
16356 -752 4860 -214 1026 -322
14776 -988 4172 415 4055 390
14188 -384 3744 180 3379 43
13956 -612 3264 -1809 3122 -1422
10476 -188 3356 -2581 3496 -1665
8000 -172 2816 -3278 5030 -733
10352 -732 3096 -3050 6675 -908
13076 -640 4704 -2779 6289 -1891
19060 -2840 7196 -5154 6161 -3432
26756 -5744 11328 -7562 5254 -4136
16700 -440 16016 -6168 -1404 -2435
16944 -520 15680 4797 -3873 2338
13492 4104 10412 809 652 -525
10200 1784 10188 -1490 148 315
9948 892 6708 4529 -82 1230
11548 744 5784 1815 557 861
13100 -280 7124 1509 -1924 -183
13676 -312 7420 2986 -2996 -395
12300 348 7580 2490 -3399 576
10760 4 7508 2221 -4468 1010
11936 -1616 8112 3279 -4334 1083
18308 -1620 8404 4187 -5797 1909
16752 -1356 8816 5216 -6282 2785
15428 -628 7576 4065 -4033 1863
13696 -116 7028 2979 -1639 3625
16552 -432 6848 6236 -263 2999
16292 516 4960 3019 1107 -260
14696 -884 5020 -1239 1540 -928
13360 -772 4448 -491 2600 -18
10520 -468 3392 -652 3924 -804
7292 -372 2840 -2229 5493 -82
10608 -968 3444 -3318 7405 318
14320 -808 5668 -1304 7235 -1107
20340 -1780 7732 -2195 6406 -2533
25048 -2704 8832 -3014 2113 -4723
14020 724 12132 -3307 -4473 -3261
17632 188 12112 3851 -7144 1670
13132 292 8696 3273 -4191 -300
11272 -120 7884 -332 -4829 -614
12016 -816 6484 2439 -5394 716
13752 -1232 5712 5441 -6844 554
14992 -376 6224 7998 -7624 1589
14764 -816 6292 9719 -7057 3283
14348 688 6424 11598 -5816 5284
14088 432 5664 10088 -4660 5365
16780 1748 4876 8908 -2585 5106
17580 -940 4780 10373 -571 5183
18408 -116 4452 8459 498 3924
18284 -880 3316 6465 1429 3337
19532 -1808 2056 6330 2108 1579
18040 -1448 2308 5892 1105 257
14712 -1268 2568 4113 167 595
13732 -1512 2956 5125 -1058 1903
13476 -1464 2064 6593 -1434 883
11764 -800 1828 4715 -603 -1157
9288 -1452 1380 1723 1527 -1310
12396 -396 1304 -107 3049 -1251
17872 -668 3352 630 2267 -2255
22740 -608 2764 3736 1947 -2890
27156 56 4700 8563 123 -3835
20400 2308 7552 6974 -1917 -1795
15628 3544 6804 332 -1064 3700
14540 940 4056 -1865 2469 1496
11808 -92 3636 2227 3790 279
13760 408 3632 6812 1137 1776
16456 396 3516 7628 -127 2051
15940 1116 4208 7602 572 3789
14992 476 4488 8076 717 4961
13896 448 4660 7853 423 6150
14132 360 4876 7469 521 7141
16020 -84 4056 5515 139 6430
21972 -1184 6640 7037 -3230 4440
16412 -728 5764 10471 -4586 5457
16428 -624 4864 12385 -1527 8249
17428 -176 2400 14584 483 5854
16232 424 2200 9933 -474 1608
15444 -1224 2716 5791 -1065 788
15424 -1544 3288 8094 -294 1541
16184 -492 2832 7415 662 954
15276 -976 3488 2723 1005 -191
16820 -828 2912 1409 953 -213
19024 20 2968 2455 3308 -2104
22384 964 2288 -2450 2576 -3202
17844 1152 4732 -6012 326 -3389
13136 1344 4432 -1523 491 -606
11852 1336 2452 -2701 2676 561
13048 1120 2548 -2729 2503 -442
12948 900 2904 -2437 404 -1269
14044 1164 3524 -3702 -2329 -1567
14488 -504 5044 -3870 -5334 -998
14044 124 5452 2014 -5566 571
14064 340 4944 2312 -5286 826
16016 396 5072 1569 -4704 1626
17696 1276 5064 1010 -4959 1552
20184 3040 3192 -3317 -3385 -379
22412 2196 2968 -10223 -961 -2117
19932 -864 3376 -8492 2199 -4565
17364 352 2876 -4968 3784 -1212
14344 756 1424 -6289 2860 -418
14700 -720 2220 -4533 3344 -958
15508 -1208 3116 -167 4192 -1687
16164 -704 3172 3556 4801 -1583
16020 296 3384 3290 3867 -1630
14340 608 3716 1345 2327 -738
15780 964 4212 1055 1857 -976
17856 1308 3636 658 2626 -1736
18852 1676 3164 -2007 1883 -2853
20680 1292 3028 -1703 -1118 -2028
12920 1228 3912 -2337 -3188 -2022
14132 3252 1972 -7228 -3027 1914
15464 -260 3068 -5046 -1102 -269
13612 0 4804 1194 -2441 2
13032 796 5112 4673 -2156 1557
13948 824 5436 2621 -2129 395
13924 876 5364 1674 -2690 -1009
14536 188 5820 1921 -3166 -1292
14932 792 6144 2592 -2905 480
17532 692 6640 4683 -1807 1070
17992 1456 5836 3724 -449 1457
20824 1572 6856 1704 342 1488
18136 1104 6744 2312 3429 -874
15616 2044 6460 -280 6615 310
18032 1396 4592 811 8918 2369
16332 2292 3464 -1789 8631 752
15008 1200 3608 -3694 7183 627
14864 816 3448 -1893 6648 652
14680 872 3448 740 5303 426
13872 760 3908 608 3158 -820
13660 528 4444 966 1473 -1026
15192 648 4872 1885 144 -984
16864 1200 5020 2032 -1919 -741
17780 1152 4952 1655 -4508 -966
20692 536 4440 1282 -6726 -2045
13400 56 5504 1302 -7668 -4236
11396 1296 4400 -377 -8544 1544
16312 1520 4244 2120 -5082 3668
14576 436 2232 -1595 -2652 -949
13996 888 4628 -3800 -4366 -357
13992 612 5248 -1545 -5835 1719
14204 328 6900 647 -5610 1223
13932 816 7104 4797 -5242 1315
15364 1348 7012 4916 -4123 1339
18628 252 6728 4211 -1931 240
19484 360 5800 2199 1123 55
20700 372 6340 -1067 2667 1313
19480 -1332 5820 1842 3691 347
13600 148 5008 4321 5618 2386
17272 124 4140 4523 8257 4951
18080 212 2208 4379 9738 1968
16600 964 2372 347 8404 662
16084 -376 3244 -1513 8335 1204
15864 -744 2808 -2775 9127 111
15132 136 3176 -2261 6962 -56
13820 -584 3176 -2082 4308 -667
13576 -332 4128 160 1910 -698
16352 -420 4608 2262 -179 -1778
17424 904 5140 982 -2441 -3337
21116 8 4692 -2162 -5794 -4823
13572 1188 7212 -1506 -8281 -6484
12756 1584 6108 -3913 -6714 -2894
14912 1240 5184 991 -1166 -3980
15972 2424 6164 -10140 -2297 -5075
13844 1116 5500 -10836 -1682 -4006
12852 -1332 6756 -3484 -3277 -1970
13408 2632 4600 -1850 -1580 -4483
13964 -840 6640 -2602 -4247 -3178
12756 -416 5992 983 -4484 -601
13572 236 5676 2863 -3356 659
15468 248 5984 1045 -3357 479
16808 260 6696 650 -3067 2667
21212 0 7416 1840 -3461 2104
17740 84 8296 1237 -3058 -132
11544 140 7300 -1052 784 2262
18676 196 6496 3660 4742 5032
20512 1064 4148 4901 8348 2767
17696 1332 3184 -4180 8406 484
15912 256 2832 -2820 7976 3292
14688 1248 2432 2601 6507 2638
15300 1328 1664 -281 4731 835
13760 1188 3172 -3374 2259 -2165
14548 364 3700 -2706 -389 -3061
16392 396 3596 -2319 -1380 -4379
17136 648 3768 -4492 -2134 -5685
22684 -568 2940 -7783 -3359 -8389
15792 -56 5360 -10931 -4134 -9588
14120 508 5164 -9156 -3232 -4431
16152 -840 4760 -5448 -992 -3630
14016 440 3428 -6897 -2241 -6688
13136 236 3912 -8684 -5698 -7043
14304 -768 4168 -6552 -7865 -6248
14816 -472 5096 -6177 -9007 -5086
13676 -496 5528 -6918 -9208 -2588
15352 -900 5904 -4903 -8658 -482
15668 -324 5680 -4024 -6215 453
15916 -340 5992 -5444 -3787 1658
19156 -172 6844 -4514 -934 1559
19096 -736 6256 -3210 2012 1687
20624 -876 7112 -574 6484 213
18264 636 5664 -1514 9303 2051
18440 272 5416 -106 11573 3406
15224 -628 3608 1972 11884 4221
14532 -240 2796 1522 8840 2081
14980 -756 2744 649 6758 -539
12432 112 2740 -1425 6390 -1723
10000 144 3156 -4035 7192 -556
12152 -508 4104 -2940 8931 -359
13820 -104 5448 -693 9276 -163
14188 324 6044 1934 7459 -957
21652 -864 6500 2087 3860 -3245
23232 -320 8584 -2072 -2506 -6221
14176 -1128 12152 -2172 -7488 -2599
16112 1068 9040 1324 -7254 -3526
11520 2952 8416 -595 -7063 -4212
12284 1044 7552 -8397 -7512 -6383
13672 -976 7328 -3434 -4794 -7174
13952 -968 6788 -4652 -4363 -8048
14228 -3476 7832 1941 -7074 -3408
12540 -1048 6572 5588 -8013 -1761
14508 -860 5704 2996 -6570 173
14420 324 6312 -274 -6589 1313
18840 -904 6692 1434 -6652 2321
17232 552 10508 9676 -6017 1445
14316 904 8032 8282 -2204 3812
18984 660 7964 9949 4719 5581
19420 1344 5172 5892 9962 2892
17252 1120 4716 -1692 11085 726
15712 -508 4000 -3955 12570 1278
14584 -164 3796 -2512 12857 1056
12288 168 3200 -964 11486 879
10772 -52 3704 -352 10612 215
12308 576 3140 2999 9911 722
11776 1772 3888 3949 6315 -169
12332 1080 4764 4809 2148 -401
17840 1624 6960 8189 1007 -1730
18244 2308 7100 3280 -2507 -3912
21128 680 8236 -3079 -8714 -4938
15496 2992 11272 896 -15471 -1472
14872 1528 8100 860 -12632 -643
13908 2200 7456 -1219 -7384 -903
13780 1592 6288 -4245 -5996 -1658
14360 2308 6880 -6531 -8594 -2315
13884 992 7588 -6497 -8505 -2532
13488 392 7692 -2856 -7330 -1320
13500 900 8100 902 -6160 32
14920 916 8336 674 -3521 417
18168 200 8700 -1206 -859 1177
20024 -544 9592 98 1277 1133
17840 -508 7616 -384 5463 1927
15764 -52 6516 -199 8594 5520
17636 -276 6620 6153 9753 7247
17300 880 4580 9075 9635 4872
15064 380 3944 844 8655 1266
14364 -768 3632 969 8597 94
13108 -60 3512 1499 7957 -529
10476 -452 2896 -1176 7722 -148
8376 -628 2260 -3064 8201 -15
11852 468 3692 -763 6421 1540
13768 2424 6480 3408 4024 1417
19416 1920 8716 2308 1007 -1609
21228 820 9804 -2626 -5251 -5295
17536 732 11108 -3174 -10971 -5341
16516 592 9988 466 -11302 -3712
13192 -84 7548 -2534 -8876 -4678
12300 76 6248 -4902 -8850 -3899
13696 -56 6420 -3527 -9484 -4101
14816 -52 6596 -878 -9921 -4247
14396 860 7576 -498 -9821 -4046
14204 732 7328 -1419 -8118 -3127
14844 104 7740 -272 -5689 -2147
15004 480 7556 -847 -3846 -543
19668 -600 8380 168 -2153 1285
19148 -356 8200 3709 725 2320
18524 -860 7888 3819 4271 4043
17432 388 6604 6097 8304 7036
17468 -68 5316 5446 10677 6373
17132 -1188 4356 5388 10165 4595
15208 -100 2888 7526 8113 3479
14580 -120 2764 7382 7528 2130
13948 144 3100 4188 7633 1117
11152 128 2564 822 8731 -503
8868 196 2072 -3360 10877 415
13468 316 3040 -2533 11012 1504
14016 1296 3732 2354 8018 451
18488 2532 5000 3173 1759 -1988
21512 1256 4480 -552 -5831 -3830
16792 1696 10632 -7760 -13129 -6585
18732 -836 10724 -2229 -15384 -4883
14984 656 10336 -954 -13128 -4459
12540 364 8160 -4321 -10279 -3205
13148 852 8172 -2233 -8974 -3205
14184 1600 8088 -1129 -9384 -3868
13660 1576 8640 -2052 -8323 -4399
14616 284 8832 -652 -5665 -2848
14824 -108 8360 1606 -4030 -487
14740 -208 7328 1636 -1035 2379
21092 -924 8780 5140 826 3216
19092 84 6412 4663 3971 3664
16048 428 6600 -790 5925 4409
16312 -564 6672 1611 7838 5323
17496 -416 5460 6195 9568 5051
16644 260 4552 3014 9999 3943
13504 -1008 3676 904 9018 3050
12588 -1096 3612 3610 7732 2338
10432 -92 3744 2898 8039 1667
11080 28 3384 680 9793 2918
14604 648 3532 3433 9835 1589
11436 1596 3536 4431 7026 930
18588 1384 5176 4732 2136 956
20856 1144 5404 9281 -4191 -1010
19352 3368 8676 3758 -11118 -2848
18940 2532 9600 -1410 -14304 -1470
14980 992 8556 -722 -12283 -504
12332 1768 7604 -513 -9943 745
13316 1568 5688 -1468 -8703 702
14864 972 5288 -3048 -8780 -1317
15268 208 5352 -3746 -9611 -1688
16272 2196 7412 -3540 -8825 -1251
14640 1716 8784 -2819 -6781 -216
15112 2100 8232 -801 -3609 1226
20916 868 8700 365 -1759 1100
19756 16 7820 2266 -173 -1603
16628 -144 7312 2283 4005 -540
15372 -1148 6132 2955 7533 2267
17784 -1384 5084 4332 8991 1810
17016 -916 4336 2017 9312 475
14628 -848 2996 810 9411 768
13796 -832 2880 2219 9862 1322
12232 -1176 2708 447 10978 1533
11164 -1556 1216 -2012 12763 3040
14936 -760 1884 -112 10994 5165
13924 440 3524 6923 4974 3509
17900 2492 5896 6429 -524 1164
19560 3060 7360 1037 -4803 -2387
20144 2268 8720 -5616 -9878 -6114
17176 1252 10160 -2465 -13276 -3568
13860 -1240 10076 -480 -9516 -4150
11420 2652 7080 -1128 -7843 -2297
13096 -96 7788 -2651 -5454 -2286
14720 224 7360 7995 -4857 -514
14568 3000 7088 4984 -6076 -2429
14080 1604 7084 -3695 -4219 -1476
13892 84 6908 -1944 -2144 -155
15256 812 6836 1558 -1805 2546
19128 1380 8284 3398 -2830 3706
16268 -584 5928 5576 -859 2466
19188 -324 6316 7817 3797 1790
17804 1060 5196 2424 7039 2036
18044 -656 5304 -2251 8032 2699
15952 32 4092 1507 9345 2755
14544 448 3532 -1794 9825 2611
13328 100 3464 -2042 9226 2425
9012 1404 3868 -2176 7177 1473
7700 280 3628 -1328 6337 1474
10544 -260 3988 2948 7449 977
12880 1332 4512 5052 6366 -203
18072 660 4488 3736 2219 -2423
21932 700 5980 1902 -3150 -4849
20744 1236 8632 -1530 -9650 -5395
20616 1296 10212 -1882 -14555 -3209
17076 1712 9352 118 -12894 -1198
14016 1552 6688 -4981 -8354 -1723
12328 912 6704 -6372 -6311 -1557
13176 684 6380 -107 -7581 -1553
15192 1656 5724 -1492 -9042 -2395
14608 968 6672 -5263 -9591 -2440
14912 148 6988 -2690 -8197 -450
15544 360 5704 -1603 -4962 -217
16000 264 7264 142 -2792 -396
21244 -324 8100 3227 -898 -496
18376 -528 7512 3747 1950 -732
16292 -888 7392 3590 4568 2119
16864 -552 6952 7070 8107 6022
19204 -916 4820 8530 11514 4448
18528 -1448 4100 5128 12907 2388
15924 -1020 3176 2700 12013 3150
14560 -628 2664 4503 12259 3520
12772 -88 2076 -406 12392 2282
10068 44 2608 -1796 12470 2276
12004 -288 1772 1136 11635 3191
12216 880 3108 2636 8604 1052
13188 504 4036 2378 3852 386
18700 1368 7028 -224 -2953 -3464
21160 8 7952 -5971 -11843 -7495
18656 580 11156 -3741 -17098 -5920
18916 948 8576 2066 -14056 -5634
12976 5652 8592 7092 -9271 -3867
13896 2544 7432 -8542 -8051 -6354
15916 -2360 9336 -2122 -5096 -4137
14844 3096 5512 6299 -6066 -4032
14720 468 6848 -7189 -5298 -4782
14048 -1420 6512 -6941 -1586 -2175
13864 -892 5884 518 -1813 793
13076 952 6636 2357 -3359 2473
18428 432 7884 3080 -4473 3107
17612 768 8504 6196 -4105 2157
16376 48 8588 3207 -432 2383
15504 -836 7888 6812 3619 4426
17072 384 7028 8770 6263 5724
18692 -2016 6012 5478 8924 4286
17076 -1244 3608 6560 8617 4730
15444 -1272 2924 6474 9123 5080
13640 -1024 2484 5895 9673 4190
10904 -440 1584 4266 9879 2983
10712 -1588 1160 -141 10327 -174
12060 1208 1872 1653 8707 801
11952 1624 3580 7000 4848 1307
19000 3396 5492 8551 648 72
22184 4260 8148 5602 -5750 -2303
20292 5008 10296 -7924 -12456 -4883
18344 2108 10448 -5628 -12840 -2634
14548 1384 9028 451 -9678 -3417
13684 2724 6084 -662 -9167 -2601
14168 2152 7136 -192 -8572 -2496
14340 2072 7232 367 -7044 -2457
14032 1324 7200 4694 -6245 -1076
15012 1492 6652 5979 -5125 336
14584 1244 6192 3996 -2891 1681
13312 832 4864 2817 -585 3696
17164 56 4852 3286 -379 5363
15968 116 5584 8459 -256 6470
18428 -500 4324 9731 1691 7319
20984 -1472 3420 9069 5411 5010
18172 -572 3212 2087 6299 2735
14744 -680 2596 -1086 5751 3859
14676 -1612 3504 4838 5318 6568
14012 -168 2716 8032 4134 4348
11748 504 1848 3583 4255 849
9892 -88 1608 -1415 5132 -293
13440 -408 1852 -187 4470 -1661
13060 436 2172 -988 2742 -4249
14220 784 3708 -1923 54 -3931
29556 936 4224 2326 -926 -6199
21140 2068 7364 2606 -3806 -12151
20748 3692 11616 -10394 -9211 -4195
14240 368 7644 -722 -5314 -1212
11088 1436 5740 -965 -1611 -603
13480 720 5168 -797 -1208 1102
14292 -48 4104 1197 154 2601
16680 1396 4784 2686 365 4733
15876 2604 3604 -146 1871 5722
15084 1620 3148 -6681 3324 4481
15172 -52 4532 -2276 2613 2692
14880 316 4352 1987 783 2733
16304 1296 4652 912 -1221 2326
16832 -80 4976 -936 -2859 -424
14840 -940 4592 -3986 -3416 -2662
15348 -1600 5500 -2969 -3097 -2580
17620 -1696 5408 1200 -2113 -2722
16856 -2476 6300 551 -903 -3058
16876 -1808 6468 5495 796 619
16808 320 4860 7977 2254 3612
16704 856 4032 3388 3335 3316
16328 368 3512 715 4145 1853
15676 328 3532 -463 4089 1672
15296 -24 3428 1174 3357 1307
15088 256 3524 2423 1784 1150
14876 148 4040 1177 -280 -279
15152 -136 4632 -834 -1200 -953
15264 -456 5460 414 -1804 -935
15256 -48 5116 928 -2008 -1142
15376 -116 5796 878 -2236 -1772
15312 -208 5984 934 -2275 -2099
15616 -148 6348 1258 -1948 -2110
15708 -296 6148 864 -1409 -1849
