-15256 -16 -864 119 -251 8
-15360 -120 -832 135 -233 116
-15268 -144 -444 282 -154 145
-15636 36 -988 59 -98 54
-15328 -176 -480 496 -23 -111
-15192 -152 -804 357 40 -230
-15472 -376 -532 442 158 -216
-15476 -176 -616 556 125 -219
-15316 -180 -444 686 48 -135
-15692 8 -604 741 92 10
-15488 -152 -496 737 220 12
-15360 -128 -764 732 333 -27
-15604 -240 -880 710 462 -28
-15344 172 -492 1006 470 -91
-15128 -176 -636 852 671 -192
-15620 -236 -604 1042 452 -45
-15380 -204 -1064 1225 496 6
-15384 -200 -904 1276 372 21
-15680 172 -788 1296 172 12
-15224 0 -896 1201 143 111
-15492 -56 -860 1148 168 118
-15564 -68 -1124 888 13 87
-15404 56 -608 1059 86 10
-15272 -4 -1180 599 170 -11
-15404 20 -1124 570 173 -51
-15460 -16 -1344 656 163 -67
-15400 -72 -1084 680 117 -103
-15480 -172 -1068 732 44 -120
-15520 -108 -1192 689 -22 -198
-15368 -152 -1308 812 -8 -202
-15524 -216 -1272 947 -65 -162
-15416 -332 -1008 948 75 -156
-15508 -312 -1280 803 64 -91
-15504 -200 -996 695 144 -102
-15368 -196 -1300 804 83 -39
-15552 -368 -1216 840 142 19
-15376 -136 -1316 889 130 107
-15508 -156 -1140 855 145 163
-15388 -276 -1164 842 82 163
-15452 24 -1240 892 105 195
-15408 -324 -872 821 -40 159
-15500 -28 -1484 797 69 204
-15476 -36 -1104 622 50 168
-15500 12 -1300 463 -35 151
-15424 24 -1296 509 -40 111
-15460 84 -1320 542 -3 152
-15516 -60 -1236 498 10 156
-15476 -32 -1040 484 -11 123
-15336 28 -1268 420 61 128
-15376 12 -1460 578 205 204
-15272 -72 -1048 566 194 163
-15508 56 -1596 561 290 228
-15380 128 -1096 380 311 237
-15448 84 -1376 377 313 225
-15588 220 -1320 364 407 247
-15528 336 -1708 319 345 217
-15504 316 -1456 350 197 240
-15592 396 -1584 371 30 156
-15468 456 -1720 303 2 98
-15504 328 -1740 396 -48 70
-15568 400 -1448 435 33 76
-15284 276 -1440 361 29 -70
-15436 388 -1912 417 165 -19
-15524 320 -1468 232 222 -56
-15460 336 -1740 347 223 -39
-15308 196 -1508 579 448 74
-15456 120 -1476 686 449 23
-15360 -40 -1776 751 466 74
-15348 -4 -1584 923 465 17
-15520 -160 -1680 1053 525 4
-15440 80 -1952 830 687 119
-15268 -12 -1768 1123 739 275
-15404 -320 -1628 1196 679 432
-15208 -560 -1280 1670 734 440
-14884 -1024 -2128 2237 976 576
-15716 -516 -1932 2562 964 537
-15512 -384 -1964 2892 556 402
-13728 812 -2108 1739 180 237
-17216 2808 -2716 -91 2196 461
-17700 -692 116 1983 -525 366
-15404 -640 -1228 2091 -144 -306
-13960 1072 -1236 2018 -104 -626
-14232 760 -984 2479 -181 -565
-13000 308 -908 3468 -1303 -999
-10420 -8 -888 4640 -2377 -1516
-11236 -40 392 5039 -3642 -1531
-9552 212 -200 3206 -5346 -2527
-13584 472 1672 3534 -4012 -2030
-16188 1092 -840 2357 -4406 -2360
-26932 -1112 -4364 2225 1069 -1473
-25968 -2432 -2420 804 2129 -490
-19644 -700 1388 -796 2791 278
-14136 -2280 -3300 1743 720 1387
-11484 -888 -2104 244 2161 787
-13124 -1684 -2012 474 2493 1100
-14076 -1548 -2244 975 1528 1338
-15420 -1208 -1480 366 1495 1040
-15700 -1228 -1528 -946 542 1528
-15836 -1592 -556 -1244 -1669 1263
-15180 -2340 -496 -1194 -2915 1314
-14116 1196 -1556 -3994 -3537 1184
-21388 4960 -660 -5774 3411 1713
-15892 2232 -1480 -758 569 3441
-15028 -364 -1880 -2758 1216 1064
-13528 1608 -612 -1980 1865 475
-13084 1672 -1396 -559 1179 418
-13564 1676 -672 957 1632 42
-11660 812 -764 2721 225 -776
-10624 -548 -1348 5228 -449 -1274
-7032 4 -1436 5355 -1370 -1163
-11348 2192 -972 4841 -1833 -1555
-17744 1536 -832 4568 -2488 -2324
-20152 3016 -1008 1632 -3658 -2296
-29996 -508 -5204 1815 99 107
-21516 304 -1548 1512 586 915
-21056 1464 1724 -2268 268 -309
-14904 -2344 -3800 1166 770 1905
-10828 216 -1896 -441 1824 767
-13544 -696 -2236 -1050 2823 442
-14612 -1136 -2000 -1339 1882 955
-15496 -1032 -2668 -1696 2360 811
-14988 -700 -1144 -2090 127 414
-14628 -1192 -2420 -1391 191 751
-15468 -960 -1876 -1098 -1375 764
-20296 936 -3540 -3517 -303 -854
-14552 4104 -5336 -313 791 843
-16252 1844 -1800 -1565 -930 -172
-16076 1336 -2084 -1321 296 -811
-14460 1640 -1092 -1344 -437 -957
-14088 1496 -1212 -363 -261 -833
-13012 1252 -768 -345 215 -640
-12528 696 -888 1320 -44 -463
-10160 -208 -1112 3043 -1315 -529
-6164 660 -1120 3604 -1261 -148
-11820 712 -716 2110 -761 -1020
-17852 1684 216 1986 -1663 -836
-16824 756 -632 1591 -2995 -858
-27072 148 -1604 2137 -897 22
-26112 -680 -1980 1486 992 453
-16496 164 972 148 948 581
-17576 -1560 -2300 2167 1602 1368
-13532 -324 -2556 1739 1290 1056
-12708 24 -1844 -9 2417 520
-13968 -476 -1992 173 1395 1120
-15004 -1140 -2024 558 943 681
-15660 -1624 -2172 -9 -661 -276
-15168 -704 -1836 -552 -1342 -412
-17268 1076 -2996 -2030 -2304 -993
-19448 2720 -1924 -975 766 -191
-11152 2540 -2976 444 73 1140
-14184 1576 -2872 -2960 1854 30
-16744 3116 112 -2160 1141 527
-15780 1352 -1024 -1034 195 644
-13076 616 -1404 -799 839 -65
-11728 724 -452 1034 478 -466
-11060 480 -440 2733 -115 -890
-10084 316 -128 4237 -971 -1502
-8208 740 -1192 5075 -2245 -1733
-11684 1596 -1220 3881 -1859 -1540
-18916 2064 -1256 2400 -2387 -1287
-26720 -44 -4840 2787 -771 426
-27856 -160 -1608 583 648 349
-21340 660 860 -1561 512 225
-15532 -1892 -2044 408 927 1182
-12120 -440 -2936 -318 1522 478
-11064 -328 -2232 -826 2550 374
-13904 -1164 -2864 -593 1815 512
-16112 -1684 -2680 -671 1506 -363
-14628 -1692 -3048 -726 1052 -758
-15244 -836 -3220 -800 146 -391
-14728 -1380 -2592 207 -979 335
-19516 1568 -4208 -2379 149 -769
-19036 408 -1440 1079 -528 880
-9740 1352 -3452 -834 -1751 1024
-15912 1508 -2268 -3128 2732 803
-18516 2368 -284 -1494 364 825
-15352 40 -1856 -663 -152 846
-13808 404 -1184 -405 934 621
-12696 828 -1016 976 351 297
-11172 848 -1468 2539 235 118
-10324 636 -2192 4048 -201 -194
-9868 332 -600 3643 -1493 -129
-8820 2536 -2584 2123 -2278 -273
-17816 208 624 4171 -3142 -1791
-23608 1212 -3920 3018 -1656 -1001
-28856 -16 -4404 1663 -2 97
-21236 -380 -568 746 406 431
-19204 -712 -428 1404 -177 739
-12380 -196 -3404 2063 191 1023
-11376 392 -2596 -203 2062 381
-13708 -40 -2532 -42 1622 341
-14592 -676 -3020 -667 1640 554
-14816 -800 -2964 -1946 1619 125
-17316 -1432 -2908 -1206 917 204
-15064 -912 -1764 -593 -637 219
-17812 1308 -3604 -2591 -895 -510
-14540 3812 -3292 -761 146 889
-15780 2220 -2212 -2717 -73 679
-17688 604 -2520 -2098 1024 501
-15348 1756 -868 -1540 107 538
-12968 1360 -1732 -1428 -151 136
-12764 1272 -1196 -426 -507 -105
-12160 852 -600 1338 -494 -435
-10680 220 -504 2332 -1508 -734
-8852 988 -696 2705 -3129 -562
-10684 2040 -1348 2797 -2923 -270
-16580 1308 572 3635 -3342 -1058
-19456 1832 -3016 2168 -3440 -729
-25336 1232 -2988 2163 -2680 240
-25880 -1228 -388 1758 -1348 -296
-18464 0 -412 2457 -594 174
-13888 -496 -1456 3821 233 402
-11756 780 -2884 3457 1942 115
-11928 1052 -1580 1262 2417 -205
-13808 148 -1108 192 1526 -143
-15044 -640 -2032 -971 1591 -98
-17152 -1240 -1840 -2019 1614 -160
-16196 -1216 -76 -1181 605 -258
-15152 -380 -1352 -1424 -339 -369
-17688 516 -736 -1178 2262 -34
-13452 2300 -3568 -1013 1119 721
-16460 1484 -2684 -2308 1870 408
-15608 2448 -984 -2532 1065 374
-16368 1484 -660 -1392 299 249
-14728 984 -1952 -979 -63 270
-13488 1236 -644 -594 -137 -301
-13088 1076 -708 566 -470 -661
-12164 524 -876 2077 -505 -954
-9680 148 -1424 3311 -1577 -1062
-7488 704 -1268 2732 -1046 -834
-13128 1088 -508 1980 -1105 -1595
-15816 1448 -2344 2199 -1784 -1780
-24624 372 -2584 2902 -1121 -802
-28740 -760 -2824 1548 193 0
-21104 396 1004 371 -204 149
-17104 -1384 -556 1359 -796 1043
-12688 -1128 -2980 2018 -58 878
-11784 72 -2172 471 1529 550
-13644 -916 -1712 100 1732 670
-15104 -664 -2260 -29 2001 889
-14284 -832 -1856 -1244 1836 398
-15676 -464 -2156 -934 925 1060
-16160 -592 -1440 -770 -755 985
-17992 548 -2940 -2814 -1492 89
-14784 2836 -3168 -1403 41 888
-14504 3312 -2984 -2079 51 683
-18392 392 -1184 -2496 239 -218
-14260 1540 -352 -2257 -340 -436
-15324 668 -652 -1625 110 -644
-14148 992 -972 -561 3 -551
-13376 940 -268 477 461 -830
-13416 700 120 1369 -97 -1229
-10696 -228 -472 3717 -477 -1321
-7000 -412 -1304 4805 -710 -909
-8816 1872 -1004 2754 -1261 -2199
-15712 928 92 840 -533 -2628
-21284 588 -2100 2284 -2567 -2173
-27860 -148 -4824 374 -701 -540
-23364 -376 -1416 -192 330 311
-17996 -504 1128 -1410 -102 1087
-14340 -2104 -3124 653 -752 1564
-11296 -1112 -2364 -74 1570 1040
-13328 -1248 -1960 -493 1832 830
-15464 -1260 -1916 -804 2445 882
-15072 -960 -2140 -1699 2374 517
-15404 -640 -1120 -2818 972 317
-15980 -828 -2036 -3255 207 1063
-14780 -152 -2280 -4285 -881 1287
-18592 1088 -1788 -6406 2123 1377
-12196 3460 -3272 -5691 -43 1800
-17356 1836 -2628 -6886 1422 1585
-15892 1960 -1864 -7085 1157 679
-14952 1220 -1380 -6543 703 534
-14148 1136 -1496 -5794 575 -75
-13412 1556 -636 -4164 940 -487
-12332 756 -632 -1511 829 -1220
-9960 -320 -1060 961 666 -2139
-8184 84 -1788 1830 232 -2108
-10860 648 -1836 807 -767 -3281
-16260 312 -1144 2327 -1196 -3041
-16880 1148 -3516 287 -2950 -2393
-29500 -1636 -5436 -251 -1111 -948
-22908 -1396 -3272 311 -1319 775
-20084 -876 224 -2442 -124 514
-17464 -1764 -2592 -480 -2386 1307
-12620 -1124 -3288 -818 -506 1466
-12976 -296 -2364 -1997 758 1121
-13796 -396 -2968 -2458 520 1619
-14876 -376 -2600 -3806 967 1805
-14280 -124 -3364 -5125 1289 1922
-14792 92 -3332 -6924 321 2352
-14948 820 -2932 -9920 -319 2855
-16256 3992 -1028 -11198 4443 3572
-17388 3192 -2464 -7855 1727 3001
-15736 1764 -1628 -9107 1698 1280
-15008 1024 -796 -8970 1038 -276
-14472 1988 -1408 -8128 1028 -802
-13836 1936 -896 -7693 789 -1807
-12336 1288 -856 -6182 0 -2252
-12248 748 -116 -5281 -1011 -2819
-12192 -112 796 -2756 -1885 -2664
-9668 76 -1596 -3519 -2787 -2560
-14944 560 2380 -4088 -1206 -1943
-14952 604 -2592 -3900 -4268 -1542
-28408 -336 344 -3089 -777 -1137
-24332 -2216 -3748 -735 620 254
-21128 -476 -2780 -1825 2065 -338
-13344 -252 304 -583 706 378
-10268 -856 -2928 -260 890 439
-12956 -580 -2900 -1195 2259 270
-15868 -1580 -2000 -1548 2488 760
-15384 -712 -2596 -448 1941 1290
-15920 -1212 -1092 -978 1870 1594
-15516 -844 -1484 -211 -139 1273
-15776 -636 -1596 -56 -1167 1313
-16920 -600 -924 -422 -2259 1430
-15972 240 -412 -1669 -3904 1211
-21928 -356 -1404 -2240 -1505 372
-15552 2616 -3336 244 -1688 1670
-10224 2652 -2372 -2840 -334 1273
-16492 1660 -1220 -3838 553 -9
-15320 1840 -1128 -1806 317 662
-12996 1176 -1184 -2585 775 436
-14352 272 80 -1645 1554 -61
-14788 896 424 -402 766 -251
-14316 948 68 -316 613 -872
-14684 916 -4 465 -54 -1078
-15972 1220 84 872 -989 -1563
-17252 1492 968 954 -1637 -1210
-18824 -124 1420 1144 -3122 -1630
-24304 1404 -1808 1485 -2545 -992
-12948 -232 -904 3811 -876 888
-10556 -2184 -4480 4325 -2649 167
-16820 716 -3044 2487 1341 -427
-13504 -404 -1524 2274 856 140
-13300 -860 -708 1441 721 325
-14696 -608 -1624 1616 1225 683
-14904 -912 -616 1780 772 732
-14792 -708 -216 945 -65 716
-15132 -592 -140 226 -667 527
-15392 -900 -308 -95 -718 357
-17576 -716 -136 628 -583 196
-16912 -284 1396 -960 -2484 -192
-19548 752 -1652 -3589 -2223 -1562
-14348 2944 -4452 -1243 2545 969
-14156 2648 968 -2323 195 330
-16388 -708 -1384 -2706 643 -374
-12436 980 -556 -1144 1913 415
-13052 612 -472 -1008 1694 -435
-15004 704 -72 66 1421 -295
-14528 780 868 569 979 -152
-14492 552 332 744 335 -365
-15660 148 268 1474 -133 -807
-16892 632 736 2288 -188 -922
-17752 -1252 2108 3543 -1451 -2029
-20004 -84 -2480 3716 -115 -2743
-13988 620 -4916 2894 -567 549
-16584 -792 -2120 2326 1834 70
-14760 312 -1216 2138 -338 660
-11724 -1160 -2128 1514 472 806
-14760 -864 -1996 1017 1011 1218
-14256 -984 -1588 780 691 773
-14800 -996 -1420 -173 398 876
-14532 -628 -1092 -421 -350 792
-15856 -1124 -364 -431 -941 814
-16456 -1100 -240 -661 -1343 858
-18060 572 -708 -2520 -2016 452
-20720 884 -2628 -2483 -11 133
-10928 2860 -2648 731 547 1978
-14904 832 -988 -1234 1336 182
-16968 1460 -1340 -350 1118 -96
-12772 1304 -1500 -26 470 317
-13792 376 -696 37 1269 -376
-14940 1220 -364 794 530 -262
-14612 1100 160 943 601 -320
-14036 488 -396 896 -86 -467
-15668 632 56 1676 -593 -1229
-16208 884 352 1201 -229 -1224
-17196 -980 1264 2005 -1509 -1866
-22876 -460 -808 2390 -194 -1593
-13816 -728 -2712 4604 -589 176
-13676 -464 -3644 4620 200 565
-16828 516 -2436 3359 1346 -128
-12368 -308 -2396 2752 804 462
-13416 -836 -1736 2177 516 579
-14416 -516 -2172 1724 832 840
-14372 -924 -1832 981 628 754
-15392 -788 -2000 40 -535 909
-16356 -684 -476 -370 -1222 1169
-15596 -1580 -884 188 -1966 1006
-18008 840 -464 -1553 -2352 33
-20520 1952 -1936 -612 437 -446
-12980 4284 -2780 -182 1805 921
-16044 2152 -1876 -1612 2117 109
-14936 1592 -2768 -841 2594 1162
-13288 1588 -2364 -1289 1923 718
-13880 1560 -1964 -1549 2505 499
-14952 1540 -1104 -615 1617 546
-14440 1392 -1916 -111 1306 -14
-15256 1020 -768 420 801 -701
-15672 840 -1296 2046 -461 -1673
-16260 948 -1064 2950 -1539 -2714
-17884 424 -1672 2524 -1639 -2896
-23912 -1028 -3820 3681 -722 -1261
-10024 -332 -4628 4697 -1009 576
-15024 488 -2708 3617 1968 461
-16256 956 -4044 4149 -595 1043
-13288 -1164 -3108 2937 18 636
-14668 -288 -2012 2973 18 743
-14276 -172 -2628 2181 229 644
-15344 -540 -1684 1746 -117 500
-14396 -676 -1556 1218 -995 463
-15776 -884 -1676 1280 -2116 318
-14880 -664 -2348 1453 -2091 581
-17304 1652 -1380 -878 -2270 604
-24212 628 -1160 183 -1233 -167
-12296 1648 -3432 2251 -1254 1202
-10804 240 -2356 206 681 -616
-17256 1328 -1848 2866 864 -185
-16000 984 -1936 4716 90 -245
-13508 -524 -1224 5003 1223 -743
-15468 248 -1264 7168 674 -436
-15060 468 -744 8626 779 -429
-14728 -72 -1060 9770 481 -742
-14196 420 -2068 11006 -4 -1605
-14492 360 -1344 12014 -615 -2479
-14112 -1020 -2828 12282 -867 -2750
-22972 -1440 -8312 13906 876 -442
-14256 416 -3328 10406 3568 -43
-17604 -144 -2840 11319 1011 274
-14484 -1300 -6216 10752 428 475
-14268 -1208 -4148 8570 1364 171
-14508 -1368 -4232 8579 779 226
-14404 -1464 -4872 7988 799 229
-15304 -1728 -4384 7259 974 81
-15740 -1400 -4336 7100 481 471
-15480 -828 -3916 6818 -290 692
-15920 -616 -3780 5962 -1690 502
-16876 652 -4128 4595 -2842 341
-13700 552 -3232 5122 -1652 550
-15952 740 -2124 3972 -1767 -190
-17184 -20 -1736 5048 -716 11
-14736 440 -1000 5153 -750 186
-12864 92 -1316 5313 -145 -273
-12952 44 -1048 6126 -239 -611
-11608 -324 -1008 7241 -285 -668
-9092 -616 -220 7737 -433 -746
-7500 992 -2884 7060 284 -1278
-14392 1920 -1252 5384 1663 -2170
-16204 1308 -1156 4691 -1284 -1991
-25432 -104 -2952 4354 -55 -1010
-27988 -348 -5972 2952 633 -338
-17340 -588 -492 350 1071 227
-20032 -1568 -2812 1764 -281 1164
-13632 -1628 -3764 1687 97 917
-11120 -972 -2196 380 2668 947
-13260 -1156 -2804 32 2165 758
-14540 -828 -3496 -56 2344 1056
-16168 -1112 -2572 -789 1591 551
-15524 -1296 -1976 -1096 216 772
-16116 -1364 -3444 -1126 -596 1074
-15400 -748 -1964 -1130 -3041 699
-17344 1172 -5060 -3453 -2123 9
-16788 3124 -4664 -2004 -1519 575
-15036 256 -3512 -1074 -1728 850
-12820 664 -2920 -2774 764 -1064
-16928 1804 -440 -1084 -320 -1160
-14576 352 -1780 747 -1410 -1110
-10852 312 -1484 910 -163 -1256
-9964 728 -1784 1492 -628 -998
-10724 1832 -1100 1419 -2054 -764
-12632 1600 276 1058 -1602 -550
-12412 960 -2344 1371 -1982 567
-15044 -744 264 506 -2568 -1105
-23316 -500 -1364 1298 -1028 -1425
-23032 516 -3504 3040 -1474 -317
-25228 -892 -1540 1746 248 -708
-17328 -1780 -132 2274 -660 -145
-12560 -1336 -1792 3527 -116 127
-12100 -548 -2212 1991 1304 -228
-13512 -1040 -1384 1177 1923 -298
-14288 -1536 -1512 1268 1482 11
-14988 -1276 -1260 468 1420 55
-16420 -2332 -1620 633 368 168
-14972 -2160 -840 893 94 792
-14100 796 -2272 -1168 -1625 -121
-20044 2304 -1760 -1618 1417 -165
-15092 788 -1028 -1432 315 896
-15460 -656 -2512 -2077 994 117
-16952 1116 -584 -1945 1735 114
-14424 544 -1264 -1199 574 446
-12616 -236 -1320 -914 1037 97
-12708 -152 -888 633 149 -263
-11488 -520 -1184 2579 -1080 -176
-7452 -52 -1668 3523 -2754 -684
-10780 1236 -840 3343 -1520 -1009
-14744 1108 -976 2658 -3679 -1458
-20328 1048 -1420 1533 -2094 -1140
-24064 -1268 -4240 1213 -1927 67
-22860 -796 -2024 -33 495 245
-21580 -1320 -280 148 -246 645
-17060 -2420 716 1005 -551 945
-11400 -1752 -1016 700 -28 175
-12128 -904 -1432 472 1359 665
-14016 -1076 -1440 -469 1535 717
-14700 -1400 -936 -967 1076 751
-14848 -1620 84 -1216 -436 518
-15476 -2400 -28 -341 -1312 516
-14596 -392 -816 -619 -2494 414
-21436 428 1752 -1633 382 202
-15260 588 -2080 -29 -1818 929
-11276 352 -2660 -2555 1044 296
-16264 1420 732 -2233 2514 -45
-16904 544 -796 -113 368 -136
-14016 228 -488 288 1098 -707
-12556 -96 -92 1165 1281 -1132
-12748 576 -632 2731 946 -928
-10740 -176 -680 4164 716 -884
-8728 520 -1884 5270 -417 -846
-12092 1160 -332 2673 -462 -1011
-15744 308 -456 1342 -1145 -1053
-17208 192 -988 1536 -2264 -274
-23856 -1468 -3676 2442 -1733 313
-27200 792 -2108 -501 1148 751
-19432 -896 -800 -667 -605 1320
-15008 -1436 -88 -548 -389 1326
-13600 -892 -1760 -206 379 1414
-12332 -668 -1524 -1929 1615 1197
-14984 -1628 -1460 -1986 1105 1165
-15632 -1432 -1476 -1020 1070 941
-13680 -1156 -368 -1367 602 548
-15608 -1824 -772 -791 399 550
-16012 -1172 -568 224 -266 873
-17432 204 -1304 -1021 -605 113
-15928 2420 -3204 -104 210 831
-16988 1316 -1632 -462 537 781
-14444 1648 -2064 -1690 1814 421
-16636 1912 -592 -1518 1243 -7
-14128 772 -1864 -598 317 245
-12860 1420 -1032 -145 351 -479
-13292 920 -1104 1498 77 -1001
-11636 -764 -956 3374 -1049 -1251
-6652 -1044 -1412 4841 -3012 -1385
-9772 2356 -1244 2353 -2551 -1944
-18076 1032 264 2472 -1904 -1329
-16932 948 -1252 2373 -3100 -885
-25036 -1200 -3512 2039 -1060 370
-26704 1064 -676 -229 1173 1702
-18112 -804 288 311 -905 1351
-14796 -1124 20 127 836 1409
-12184 -696 -1848 507 1287 1354
-12844 -548 -1824 -228 2702 970
-14976 -972 -736 -829 2817 915
-14572 -924 -1008 -987 2136 340
-14960 -1092 -652 -685 873 -120
-16208 -1604 -884 -266 -130 -425
-14732 48 -2520 -458 -1532 -804
-18920 2164 -1516 -1447 1248 -423
-18016 3460 -2116 -1476 723 621
-14804 144 -3072 -2189 913 713
-14796 1812 -964 -3294 1884 -338
-15356 1544 -1344 -1767 695 360
-14288 1200 -2028 -393 206 317
-13320 1144 -976 285 337 -269
-12628 656 -864 1608 -686 -725
-9440 -180 -2392 4212 -2039 -772
-6816 564 -1172 3089 -2625 -962
-11292 1748 -888 1175 -2383 -1600
-17380 1568 -12 1086 -3668 -902
-24544 960 -552 386 -2058 136
-26196 -772 -3956 -12 -44 826
-22744 680 1072 81 1126 1702
-18492 -180 584 1142 -1590 1732
-12744 -1160 -2656 2145 327 1490
-11688 288 -1384 1453 1533 767
-13616 -364 -1764 603 1788 626
-14824 -188 -1228 250 1460 562
-15336 -408 -1112 -588 689 219
-15124 -592 -1748 -1034 425 -600
-15800 -308 -712 -901 -414 -455
-18868 1092 -16 -1830 246 -1511
-12972 3820 -3876 -464 -154 -216
-17340 468 -1360 -1146 1161 249
-15776 1480 -1684 -753 1850 -42
-15460 1124 -168 -912 1064 -324
-14128 1120 -1108 -200 673 -34
-13736 1176 -404 439 649 -152
-13660 992 -516 1973 67 -583
-12424 104 -304 2921 110 -1055
-8236 -1372 -1324 5199 -1040 -1483
-6612 1088 -2860 4262 -691 -1830
-13696 2176 -800 1738 -421 -3087
-16640 392 -108 3008 -2330 -2703
-24412 560 -2016 1908 -1595 -406
-28668 -1620 -3500 537 218 -167
-20220 -572 -1264 -965 659 517
-19104 -1948 624 -198 1225 1999
-13204 -1736 -2668 1712 1063 2046
-12056 -584 -2072 240 2803 899
-13792 -576 -2568 -172 2420 788
-15748 -1584 -2196 191 1419 589
-14656 -1896 -2252 -386 550 81
-14988 -1000 -2328 -222 -590 338
-15348 -576 -2148 -549 -1487 595
-20820 296 -1828 -1708 1472 319
-12660 1936 -3996 1265 -452 1138
-12716 1336 -3768 -1820 977 167
-17976 1812 -1304 -1587 1903 -644
-16420 1740 -1380 -455 36 -165
-14256 536 -2508 -974 943 -620
-13544 728 -1232 -133 1018 -766
-12300 248 -1424 1474 662 -919
-10928 12 -1564 3886 588 -1200
-8864 -104 -2564 3699 -463 -1175
-11112 1932 -2504 1571 -502 -1439
-15244 620 -764 1149 -1247 -1096
-15972 504 -3340 322 -2753 -1473
-27912 -692 -6496 603 -2613 -690
-25648 -432 -3116 -1025 -112 1064
-21092 -748 -1432 -2569 -713 854
-15884 -1660 -3200 -1250 -947 1372
-13232 -880 -3156 -1182 820 991
-12044 -560 -2352 -1835 738 586
-13000 -624 -3344 -1998 947 870
-14608 -680 -2552 -1841 1537 751
-13860 -1180 -2976 -2474 1049 720
-16588 -1564 -3180 -2728 561 621
-16716 -1236 -2220 -2301 -817 652
-16556 -172 -2732 -3599 -275 574
-15968 1084 -2020 -1857 -1283 432
-12520 2224 -3024 -2520 -482 1208
-17224 2068 -2260 -4537 1220 316
-16452 1840 -1944 -3689 177 82
-15764 568 -1244 -3146 20 -620
-14772 620 -1864 -2439 288 -1198
-13464 1480 -1692 -1892 434 -1289
-13880 892 -1432 -987 129 -1415
-11672 544 -1392 38 71 -905
-10964 444 -1156 152 -853 -882
-11004 220 -624 920 -2029 -801
-11528 1096 -1496 -437 -2824 -977
-15128 -424 88 25 -2490 -1153
-23732 72 -1080 162 -2208 -149
-21408 -924 -4368 -1526 -551 411
-26356 -8 -1168 -2710 -557 773
-15544 -1144 -1216 -2187 1060 1877
-14212 -1880 -1220 -512 612 1474
-14128 -980 -2724 -319 961 670
-13096 -420 -2504 -1049 1952 381
-15000 -672 -1656 -1588 2124 664
-15472 -376 -1812 -1556 985 732
-15144 -812 -2216 -2355 -11 818
-16168 -1040 -2360 -2614 -425 1302
-16728 352 -2872 -3452 -505 1477
-16796 2340 -688 -4083 2013 1782
-12892 2876 -2952 -3752 721 1770
-17224 1184 -2224 -3541 1573 1328
-15900 1904 -828 -2659 914 370
-14352 1504 -1136 -2323 396 23
-13004 1436 -1068 -880 212 -686
-12816 1156 -748 635 -174 -1371
-11356 228 -48 2124 -1249 -2160
-8024 268 -1976 3254 -1964 -2033
-12020 460 -40 3149 -1817 -2472
-14068 2388 -368 1240 -3322 -2766
-15600 120 -780 951 -4354 -1811
-32300 -372 -2568 2100 -2560 205
-25204 -2544 -3012 2138 -1678 -86
-19400 -228 2056 -597 -465 -351
-13452 -408 -3596 1024 -1437 848
-11464 -248 -2188 -1295 897 156
-14844 -572 -1548 -1909 -378 -257
-13180 -412 -3604 -2369 284 642
-16188 -1516 -1880 -1942 926 594
-15056 -608 -1776 -2133 190 423
-14748 -1212 -1224 -1661 535 857
-15808 -996 -1480 -1186 205 771
-15716 -376 -916 -713 116 447
-15444 -440 -980 -26 302 468
-16208 468 -672 346 538 595
-16164 116 -656 872 120 681
-15272 -496 -972 1828 165 1118
-15316 136 -1380 1645 -27 552
-15172 332 -1256 1568 -195 452
-15272 0 -792 1694 110 360
-15464 4 -1324 1706 270 113
-15128 432 -1080 1695 661 -62
-15556 528 -1116 1368 926 -191
-15728 196 -1128 1792 640 -180
-15112 -308 -1296 1748 1035 -255
-15532 528 -1684 1127 1082 -454
-15612 480 -1412 561 601 -651
-15904 -328 -1156 499 85 -451
-15536 -396 -1992 614 -463 -543
-15476 508 -972 979 -120 -335
-15096 416 -2092 361 -476 -262
-15520 -56 -1060 135 -256 -211
-15512 -200 -1576 305 -496 -172
-15356 -136 -1368 235 -384 -193
-15532 -68 -1168 315 -340 -15
-15436 -240 -900 508 -238 113
-15356 -228 -1244 615 -129 5
-15408 -52 -1080 716 115 18
-15336 -32 -1280 823 117 -62
-15340 12 -1300 726 190 -112
-15432 28 -1648 502 297 -68
-15284 648 -1484 355 183 -33
-15760 -196 -1204 34 527 506
-15744 -404 -1236 242 -352 254
