-15180 -1332 -4800 464 -245 296
-15260 -1332 -4460 312 -100 125
-15328 -1276 -4804 361 160 -36
-15244 -1472 -4812 406 176 32
-15312 -1248 -4752 360 119 109
-15288 -1364 -4852 539 54 173
-15316 -1212 -4864 401 111 126
-15284 -1284 -4720 679 127 -20
-15324 -1292 -4880 580 79 -24
-15212 -1392 -4960 419 -19 -31
-15276 -1348 -4960 458 32 7
-15240 -1156 -4928 259 -32 49
-15176 -1232 -4820 109 -19 -131
-15284 -1156 -5044 -2 192 -399
-15384 -1396 -4932 -3 181 -461
-15300 -1612 -5004 78 -14 -343
-15276 -1408 -5100 201 -103 -126
-15300 -1524 -4988 233 78 -156
-15276 -1680 -4904 368 -47 61
-15136 -1288 -5028 357 -168 113
-15392 -1480 -4980 551 -106 136
-15208 -1444 -4928 481 -102 70
-15272 -1480 -5028 644 -76 48
-15248 -1580 -4816 503 -180 54
-15308 -1192 -4840 493 -85 102
-15264 -1208 -4828 470 -142 57
-15240 -1164 -4892 582 -140 113
-15288 -1208 -4644 470 56 82
-15188 -1224 -4840 459 -40 95
-15292 -1196 -4692 532 -81 160
-15336 -1144 -4896 551 -108 217
-15312 -1044 -4504 609 -40 130
-15284 -1024 -4776 600 42 -46
-15360 -932 -4756 720 183 -182
-15232 -1076 -4828 749 134 -223
-15536 -1716 -5296 1056 93 26
-15188 -1040 -4896 625 -55 -44
-15412 -1152 -4860 509 -447 50
-15348 -1516 -4908 908 -583 506
-14712 -728 -4584 2379 -333 721
-15552 -1060 -4500 1787 -790 777
-15620 -1476 -4688 1118 -1508 1299
-16124 -1292 -4720 574 -2659 1723
-16952 -2856 -4844 -1393 -7223 6178
-24620 -4504 -4208 -1792 -10046 14525
-32768 -13956 -11612 -47 -10991 27519
-32768 6968 -3984 -6225 -8894 22110
-11588 -2600 384 -4480 -1471 11677
8140 -212 3384 5135 7144 -5530
12400 -2100 -1184 10722 10273 -18135
2488 5948 -1612 12408 9573 -20216
-1232 31920 2920 5303 4410 -7344
1936 10556 13836 5932 -4615 5141
-22548 32372 -32768 17555 -7913 -9406
-20628 1356 4964 4520 904 10003
-15328 9008 -4192 -1166 2688 -558
-28828 996 -5220 -3848 5512 -4534
-18736 -9552 -4448 -8169 7253 -6103
-10716 17536 -9920 -4246 -1674 7154
-18444 -420 -1520 -12289 -8825 20429
-13632 -5128 156 -5023 -9258 20736
-31280 -1692 -8408 2474 -11295 23221
-23328 5644 -10840 -6091 -7438 10654
-6168 3128 3424 -3968 4884 -7169
3376 -1012 4140 8659 11663 -20092
68 3440 4288 5589 8430 -25892
-2908 6188 72 13460 5005 -17858
-5156 23288 -1492 11863 6233 -11142
-9752 32767 15060 -18968 -5879 -37
-32768 -16572 -23188 1450 -7381 7662
-20592 6080 -6680 1189 -290 6055
-18504 7344 -4180 -462 2451 -1329
-25380 2992 -7632 -4388 3460 -6276
-24188 -9392 -7840 -10167 5885 -11180
-13404 17176 -7352 -3031 -1168 2209
-11792 4536 -6948 -12441 -7066 9385
-5728 -10980 -3344 -3017 -9206 14831
-14680 -6112 -4356 6870 -5472 17539
-27992 8268 -8208 -1219 -8511 16551
-29840 9916 -1088 -7442 -6450 12918
-15588 11288 8728 -326 3051 2229
-3428 7912 2092 7203 7203 -8100
7440 -3492 -1780 2146 7195 -19362
1012 -3960 180 5172 7684 -21126
120 14428 -1900 12674 9844 -12065
-8832 11728 1496 -2019 1690 -6858
10508 7156 10816 13408 -4468 4006
-32768 -32072 -32768 -2824 -9757 3777
-7264 9520 2796 -2909 -613 11951
-13556 7776 -3036 -202 1360 -1601
-26516 3756 -7124 -940 1151 -8101
-22676 -8696 -6764 -8667 3504 -11687
-16036 18664 -4524 -1215 -1002 996
-14264 7328 -8376 -9077 -3664 7028
-5412 -5140 -788 -5906 -8296 15356
-19456 -6744 -2456 8804 -8615 19411
-25168 2116 -6176 3221 -8941 20550
-32768 7564 -6820 -8098 -8579 12829
-12024 8988 4804 -3515 3666 -2487
-1732 6212 3088 6297 12493 -11955
5396 -1660 976 5154 10346 -19770
1500 7720 1524 3112 4806 -18926
-3764 6836 4880 8671 3865 -10789
-1984 14784 -4732 20525 3339 -1247
-32768 -32768 32767 32767 32767 -15868
-26520 -10232 -1832 5008 -9812 6710
-10880 10700 -2884 433 499 6414
-16876 8960 -6572 -161 1916 -5427
-28324 588 -5388 -3053 4806 -8012
-22312 -13640 -7640 -11728 6730 -8604
-10456 15152 -7528 -1796 -2300 2634
-11108 6996 -4424 -13525 -6905 4906
-8860 -5104 -1416 -9228 -10211 18628
-18212 -6020 -2752 13056 -9838 21626
-22856 3672 -7920 -467 -11056 23415
-30560 10156 -6308 -10050 -10156 13088
-12308 8928 5436 -2832 3829 -2636
-2496 5564 4336 4032 11469 -13870
4332 308 -1768 3849 10813 -22681
2072 1820 -596 3459 9220 -20370
-1104 9108 5672 8885 8409 -10833
-6552 19036 -1580 13636 5079 -3034
-32768 32767 18616 -17681 -2321 11576
-4188 5696 3264 9101 -8851 -3358
-4296 9720 -1528 -961 -979 7625
-16684 8096 -5432 130 2203 -3097
-27488 3404 -8240 -3674 3139 -7222
-22124 -8532 -7800 -11894 3041 -10225
-17808 17644 -1928 -3453 -3363 6660
-14808 14456 -1336 -4980 -5960 11762
-9720 -824 -1864 -22 -9411 21339
-17968 -5904 -7448 3341 -9690 23812
-22256 6384 -3808 -2663 -8696 16277
-24356 7040 -524 -5932 -6058 8176
-11728 9060 3724 -471 7005 -6808
-936 1552 3184 2395 11286 -17162
5540 -4524 4012 6073 8068 -22347
5564 5280 432 11077 5944 -21672
496 8640 -5548 16035 5504 -18640
-30608 32767 9724 944 -6761 -287
-11844 32767 -32768 10948 -12439 -666
-23832 3316 -9628 2497 -1838 7413
-13292 11512 -6328 -644 1406 -451
-26908 540 -4980 -737 2448 -8155
-21036 -10648 -5260 -8142 6003 -10048
-22188 32767 -11876 -8648 -1110 7142
-21736 7088 -784 -14630 -8538 25162
-20560 -3492 -5652 -1111 -8161 32216
-23868 -3896 -6408 -4264 -8152 32767
-20156 -504 -1712 -2212 -8115 19284
-4420 5856 -1460 -7046 -1437 -2032
-624 1580 -316 2774 7560 -17492
3984 -3620 -6360 7180 12678 -26902
16 -1960 -1736 3353 13151 -29153
-6512 2596 3108 8978 11187 -22118
-16652 32767 7720 15974 5213 -8584
-12028 -16632 23712 32767 12853 -1013
-24956 -16020 7360 5972 -7972 5645
-16988 7852 -4852 -275 1827 -6305
-29616 480 -6104 -4540 5110 -9364
-18444 -14200 -6632 -11456 6524 -9977
-15512 32767 -13932 -10339 -949 4276
-16168 876 -1028 -11723 -13039 17541
-19536 -6404 120 7433 -9979 28486
-26896 -2552 -11724 5476 -8637 32767
-22504 4916 -7964 -6440 -5854 19607
-7432 2556 -1052 -4858 2427 -8
-316 -1348 -1048 8420 12840 -16730
4320 -1600 -4768 7727 15302 -25683
388 6056 5488 1980 11771 -25959
2516 24508 20888 11934 1952 -11437
-26356 -20280 14764 32767 32767 -19366
-24324 -22684 16080 2037 -11432 -2151
-19824 4596 -1768 -1163 835 -2089
-26772 -4476 -9396 -5899 217 -8742
-17556 -10268 -5604 -5261 1481 4183
-8896 13012 -12844 -5730 -934 9204
-18456 -4976 -4004 -13162 -7247 10267
-26364 -3100 -2748 -7408 -12603 27191
-26400 4052 -6712 -3198 -10744 26460
-13980 6408 -4592 -7483 -7390 12405
1760 340 2628 894 3034 -8385
6864 -96 -1288 9283 10283 -20482
2580 4472 -2972 8435 10515 -22221
-2844 5684 2408 7368 6422 -15339
-4096 21572 456 10516 2530 -8760
-1720 20828 17636 -16493 -9583 -1180
-32768 -8936 -25184 -7949 -11575 2490
-15528 9064 -6416 1085 89 -4394
-26036 -2532 -5372 -1860 2712 -10875
-19228 -5688 -7408 -6146 -370 -4106
-18408 21752 -7060 -8042 -3931 12546
-21968 3496 -6584 -7266 -6418 24393
-24448 -5964 -4164 3088 -9600 30482
-24996 5608 -13008 -4958 -5197 23708
-10804 2016 756 -8165 -3226 6774
760 4324 2076 8234 8249 -13323
6892 4228 -2780 8018 11036 -23326
3340 4940 2884 691 8852 -22357
-1892 5600 7000 7619 4109 -17741
-6340 17172 1536 14313 2286 -11567
-4192 16040 5088 2111 -7519 6893
-32768 -18964 -32144 11963 -2892 3312
-25164 4508 -4308 915 -1021 6705
-13024 10364 -4096 88 1939 -1947
-23408 4408 -6824 -2460 3433 -8300
-22356 -5368 -6020 -9013 5718 -9257
-12856 7956 -6112 -2698 -4070 4610
-15696 13968 -4472 -14088 -7849 16277
-12204 -4492 -2980 -3853 -13125 22370
-15028 -7360 -5732 4534 -7645 20421
-14700 960 -5240 5236 -5501 11176
-9552 7216 -5864 -2394 -143 -5588
-8988 4032 -2272 -3742 9067 -18127
-10024 796 -1964 1402 14186 -22720
-15064 1604 4056 9533 12184 -25758
-13532 17608 1692 15730 7739 -13116
-10392 25260 3332 5842 -679 4199
-16384 -20160 -19848 6894 -6710 3981
-25952 -124 -1936 4205 -5076 9794
-22808 6380 -7132 -1233 -1597 7673
-24768 5688 -9628 -2102 -1642 -357
-21524 -8948 -5532 -9128 2741 -5144
-16668 15744 -3324 -1469 -6157 10745
-17260 11316 -11952 -8341 -5301 21687
-13044 -7672 -372 -8497 -12508 21704
-10948 -10228 -4640 501 -6901 14662
-8004 -2168 -4748 -4500 -1278 3149
-9488 6440 -2816 -1266 6546 -15631
-11324 6212 -2232 -1304 13380 -24776
-12400 -112 4928 7970 14242 -27093
-14916 13736 708 25708 5750 -17070
-13500 25260 -3280 6679 1234 -8619
-13292 32767 5988 -6536 7614 -1949
-31704 -272 -14056 4868 1886 17472
-19848 3152 -5512 -2245 -2525 8469
-26172 5032 -5880 2052 -3739 -54
-28368 -1112 -4868 -1446 1339 -1363
-20556 -15976 -3508 -9326 4121 -5132
-19504 10904 -8768 1064 -9038 17170
-13456 -16 -7912 -4617 -7677 23983
-10640 -6368 -2360 -4403 -8127 21345
-10680 -2960 -6296 4939 -4215 16565
-7984 4716 -4188 -1109 2718 2266
-4096 8736 -1404 1052 7442 -13613
-4832 4784 124 1471 10264 -22996
-8000 292 552 -3160 10657 -31516
-15428 -2852 -312 7479 12989 -29771
-21736 21636 1728 20216 6518 -11873
-13976 32767 1956 -10694 -5215 10943
-32768 -13452 12180 14190 -19569 22812
-32768 480 7828 -3894 -3994 15941
-18728 8032 -7564 -2795 -1070 3887
-27072 592 -9980 -6245 1276 -1102
-20240 -11432 -3852 -10329 2180 -1549
-13256 14152 -7164 2324 -7364 11821
-15536 7456 -10000 -7552 -6271 20801
-11080 -5440 -5608 -6732 -6043 19549
-14800 -5740 -2600 -1032 -5989 17691
-12560 4136 -1768 225 -1085 6730
-6968 10032 -1584 544 4651 -11962
-8020 6728 -3256 -2295 9403 -23032
-7784 -2068 3128 -2531 11425 -28041
-10104 -2032 2288 17013 10314 -26305
-15720 20748 -1012 14726 3240 -15990
-11692 32767 -2016 -7789 -578 3807
-26960 -31276 -7900 14819 4478 14175
-28424 4684 1884 2239 -4420 14498
-20024 10500 -9092 -674 -2013 4171
-29128 2152 -8264 -3772 550 -1678
-19868 -16216 -1856 -14691 4710 -4509
-14704 14608 -3980 2010 -7652 13776
-16040 12700 -12116 -9186 -4385 19274
-8664 -12560 -8776 -17613 -10109 16218
-15900 -7792 -3552 -6827 -9781 14801
-14668 1068 -2968 6685 -3261 5783
-9204 14364 -6880 -238 3627 -9202
-8088 7588 2200 -1597 8438 -17911
-4156 1316 432 12005 14128 -20363
-7456 4832 -2148 18491 13788 -22997
-11484 9948 -5764 12317 2526 -15932
-8180 25824 -1668 -5040 6476 -10289
-22124 -28716 -32768 -14522 -25296 -1320
-27412 1076 -10164 1881 -8807 19099
-11660 11928 -7368 -300 -1407 8361
-22000 6360 -7876 -534 -167 -5027
-27444 -5820 -7616 -7638 2493 -8416
-14380 -4820 -6292 -7593 -4715 5454
-14440 17320 -9108 -10050 -5194 16268
-18320 -5032 -3484 -5987 -9174 21966
-16284 -4844 -5272 11 -9942 23683
-15248 -1112 -9320 409 -5014 16255
-5916 2404 -1120 -1686 -156 -1817
-5576 5848 -3456 -3145 7555 -17376
-4728 644 172 -2618 12723 -24816
-9100 -1276 5924 11018 14008 -26753
-12052 19220 12 27331 6244 -19081
-16384 23664 3616 -3156 -1352 -5551
32767 32767 -1624 2510 3729 -726
-32768 -11264 -14352 8198 -410 10797
-32768 -5904 -1684 -1273 -3284 13195
-17492 9652 -9360 -873 312 -2677
-27752 828 -4572 -4861 3815 -6371
-15932 -7096 -8064 -6605 3250 -6634
-32768 32767 -9484 -7595 -8262 14267
-24696 5700 -1632 -4924 -12324 28618
-28876 -4048 -3400 12275 -13700 32767
-25972 2452 -14928 -164 -6601 31090
-8732 -1404 -604 -5281 -2476 12383
3756 -3624 -104 2576 11411 -15776
3824 -3012 -884 4760 14518 -28919
-1400 -236 5056 3540 12430 -31151
-6844 5388 1028 17139 5900 -25052
-9340 25584 2020 7908 1861 -14097
-1880 32767 5244 -12801 -7242 956
-32768 -10716 16668 4003 -6354 11860
-17604 8308 -11708 1464 -686 5798
-18468 7100 -8664 -282 126 -1232
-19656 3632 -3908 -2109 2714 -6953
-20892 -5256 -5120 -7722 5273 -10592
-14000 9760 -2884 -2128 -3378 1267
-17116 19344 -372 -16207 -8421 18915
-24504 -6608 -5232 -18647 -19853 25692
-32768 -6884 -6128 8352 -19468 30853
-23584 6276 -19320 4781 -6758 21418
-3604 2728 -3208 -12368 1803 -500
2200 -5124 5728 8110 16756 -17644
2604 2348 -3360 15366 18577 -26110
-4612 5024 5964 3574 11449 -24319
-4092 21196 4492 8945 2928 -14976
-8644 17828 6040 9004 -2708 -1236
-32768 -32768 -32768 21309 4645 -6738
-22368 -16532 4448 2422 -6484 8244
-15888 7572 -2544 -898 -1127 4909
-19384 7508 -5780 786 163 -6415
-24784 3012 -5000 -3168 3786 -8817
-20184 -8860 -7844 -10404 7002 -9512
-16392 15992 -11380 -4320 -2617 3975
-19752 4604 -7680 -24715 -5854 14156
-18052 -6756 2844 -3866 -10859 23344
-24416 -1960 -5608 11468 -9988 25425
-25572 7600 -10400 -951 -9490 15675
-5804 1712 -756 -1881 -2940 -2160
2176 -2016 3076 8597 7927 -16911
3504 432 -2176 11328 11231 -23330
-2716 8108 -1744 2264 7098 -24507
-6796 8196 9396 5316 2462 -13388
-6732 19592 4392 25923 -1316 1832
192 -12616 -21140 1972 -9848 2359
-32768 -13952 -3084 2044 -4978 8425
-12412 9704 -3852 -1507 227 3558
-21056 6196 -7020 10 -196 -7190
-27192 -2512 -6416 -4449 3423 -11484
-14832 -5888 -7068 -7965 -2775 -1887
-17264 31836 660 -7239 -2316 12485
-14344 -1992 -8264 -14449 -12293 22162
-30248 -3160 -4300 -8296 -14563 32577
-26120 196 -4960 3440 -10010 28586
-16580 4768 -5924 -5198 -2636 14649
808 2388 2124 1015 7231 -7906
5980 -2524 -1396 9958 13503 -23404
5380 1172 -4848 2876 13272 -29214
164 7280 4972 10446 9522 -21900
-7004 26232 5272 8404 3713 -14767
-23808 32767 26320 23494 16339 -7573
-17628 5880 -6204 4785 -8808 -1063
-14296 5716 544 -806 -374 6690
-14736 8324 -5712 -1292 2372 -3270
-23904 2508 -7228 -2478 2398 -8417
-20868 -7668 -6424 -9057 5508 -10977
-12028 3644 -5476 -2465 -3162 2875
-14832 17040 -996 -13700 -6595 11274
-15004 -3412 -2648 -1709 -11592 22035
-28704 1064 -8428 6159 -13276 30942
-28544 5476 -13024 -5148 -13043 23003
-12564 5148 756 -4461 -4473 6939
-4632 1716 2784 8083 8490 -9617
3016 -600 -2860 8976 10895 -21830
4112 2532 -2456 -1780 8871 -25689
-136 5608 4776 6432 6642 -18289
-4100 16636 1744 12228 6568 -10902
-29688 32767 -5872 754 22742 -3496
-13932 -5656 7852 7656 -5358 -4368
-22280 1816 -6964 -2454 -1034 9298
-7388 11612 -4756 -580 1398 -909
-21752 3708 -5376 -769 2387 -8253
-25160 -4504 -5872 -8952 5069 -8407
-15768 2332 -2152 -1481 -2834 3568
-23220 14484 -9220 -12085 -6540 14675
-19008 -616 -1768 -14590 -17567 23160
-24432 -1688 -5476 5687 -11421 24483
-20984 7492 -12316 -2272 -5345 16485
-10144 7328 3756 -3481 -647 2631
816 1040 4816 7932 7810 -11619
7768 1396 -3308 6976 8649 -20634
3048 1900 2556 3197 5596 -23465
-3008 8308 -3480 13105 5470 -19125
-11920 24024 -2364 15805 3855 -8268
-25108 -14372 7432 -951 -6336 8634
-18828 4924 -3744 -1568 -24 5981
-18640 8104 -5136 -450 1404 -4638
-24988 -1028 -3780 -2843 6299 -5901
-18340 -9164 -7608 -8569 6800 -7110
-13852 9092 -1516 4459 -6903 5550
-14956 13764 -4572 1337 -9306 12625
-21116 -4344 -4532 181 -10690 27167
-29436 3712 -8000 4067 -6311 25439
-28164 6068 -5084 -12765 -4838 19541
-4600 3560 5428 -5770 6251 1993
6752 -884 2452 2302 13756 -14683
5152 -3628 84 3543 13157 -23459
-2400 4996 1100 6094 10293 -26791
-7356 12976 3016 9759 2951 -17155
-8940 20848 -488 12716 434 -2918
-24480 29208 -21816 6340 -5658 -475
-23336 -3312 3812 2348 -1917 6581
-13888 8280 -3968 -345 721 1282
-20420 6244 -6656 -1277 1724 -8259
-26476 -6320 -5520 -8704 6132 -12113
-14428 -6020 -3568 -5291 -2578 925
-22064 21884 -5512 -8182 -7464 14621
-16904 -4748 -5696 -7600 -11539 20306
-19020 -5276 -5128 1976 -8879 24777
-18052 3004 -6628 2396 -4529 18813
-17100 12636 -8708 -2123 136 5977
-4844 5440 2976 -2807 4583 -8971
2636 1516 868 6977 10052 -15449
6828 4564 -4468 5400 11230 -19209
-924 7596 4200 2819 6116 -15135
-3984 9112 3420 5467 2818 -10612
-10340 32767 1628 -7053 -7555 -1723
-32768 -32768 -32768 1035 -18001 5247
-23184 5108 -5280 -1299 -1203 5353
-15984 7588 -4492 -2782 2461 -43
-21804 2888 -6700 -3137 1915 -6841
-23164 -8100 -6288 -9628 5610 -8753
-15340 772 -5020 -4538 -5974 5684
-20188 18348 -4484 -10594 -6175 17542
-16864 -3140 -6964 -2861 -12273 23668
-26500 -2912 -7896 4331 -10243 29248
-6644 4496 2004 -2916 -15 -3236
720 1580 1000 4585 7440 -18584
3916 -1636 -1380 9546 10008 -24946
984 2408 -44 10565 10198 -24031
-3460 13936 -896 12957 7234 -17730
-10012 28460 -12 153 4380 -7039
-32768 18732 -32768 9688 -7451 4526
-17844 7744 -2480 4161 -4732 8308
-21768 5340 -8524 970 98 1007
-20880 4132 -5324 -2278 3199 -2974
-18228 -1084 -2348 -7702 5574 -8584
-18868 -4148 -6936 -4198 -1917 -2238
-26816 15644 -5952 3986 -6756 12585
-24548 -2084 -5172 -14873 -9312 22845
-31852 -2880 -6388 2232 -13639 32767
-30232 2656 -11708 -5017 -8316 27598
-2148 -3576 -2324 -6319 -2184 4764
9576 -10020 56 4627 8807 -19008
3552 -7532 -1260 9184 11724 -31661
-4664 3708 1908 1851 11212 -32768
-10348 20496 8968 1888 4683 -20490
-32768 32767 32767 4404 -14954 9323
-32768 -32768 -21060 -4910 -10416 14906
-16980 8824 -12544 372 155 7923
-17504 6596 -5184 -215 2608 2021
-17668 7272 -5644 -1257 3107 -5867
-23076 1392 -4744 -4355 4944 -6194
-18520 -4328 -7380 -11839 5853 -6362
-16464 3384 -6220 -1664 -4333 6165
-20336 -7500 2572 2607 -15487 29505
-18032 -4828 -7904 12062 -7551 23615
-5116 -4064 -7844 -609 -2299 6016
-1416 -4364 -4808 -4390 4158 -17217
-9696 -6944 -2824 4501 12109 -28980
-14528 -2896 -2148 8944 16456 -32768
-21088 9140 -1904 19824 8008 -25716
-18268 28644 -5320 2970 2016 -15974
-8256 22036 7872 -13478 -1147 7419
-32768 -9912 -16084 4553 -9395 26103
-10404 12360 -3852 -7012 -3451 11102
-17036 2752 -7088 1852 -570 2266
-15880 3540 -5360 59 -177 -4050
-15112 1832 -4996 -1987 1597 -6047
-14416 -1124 -6596 -2015 2337 -6100
-13204 -736 -5584 609 1533 -4279
-14164 -2012 -9552 1110 732 -2468
-16136 -2444 -5276 1575 -1331 -22
-15536 388 -5112 -476 -2614 -475
-14404 528 -5344 1172 -671 -854
-14936 -24 -5432 207 280 -3186
-15524 -1896 -4936 -330 651 -2709
-15148 -2176 -5884 427 649 -1443
-15232 -2124 -6196 -365 -513 -63
-15088 -2236 -5528 413 -505 871
-15308 -1008 -5732 735 -950 790
-15252 -1112 -5592 466 -310 608
-15132 -1176 -5524 266 -524 493
-15240 -988 -5108 627 -226 178
-15368 -1132 -5412 360 -401 189
-15244 -1188 -5096 440 -399 244
-15248 -1232 -5308 465 -434 466
-15344 -984 -5296 660 -496 634
-15292 -696 -4880 435 -229 332
-15324 -780 -5156 555 -101 188
-15268 -920 -5060 505 90 69
-15240 -764 -5208 239 47 -125
-15248 -628 -4948 410 269 -227
-15280 -1144 -5340 243 66 -183
-15352 -1308 -5456 626 129 164
-15224 -932 -5184 388 -165 507
-15524 -1100 -5484 742 -404 1099
-15332 -888 -5500 972 -430 1618
-15304 -384 -4900 970 -443 1668
-15184 -148 -5140 759 -302 1507
