-14068 5188 -6812 495 -109 -106
-14100 5284 -6716 470 -59 -44
-14048 5300 -6740 490 -72 -47
-14228 5244 -6760 422 -32 -72
-14160 5248 -6856 500 13 -80
-14160 5156 -6840 483 -4 -69
-14064 5128 -6808 507 54 -47
-14144 5244 -6764 548 21 -55
-14008 5140 -6900 516 39 -10
-14020 5152 -6900 526 120 100
-14124 5160 -6828 512 195 106
-14116 5012 -6728 591 188 155
-14284 5144 -6564 527 86 110
-14200 5096 -6768 600 -139 37
-14240 5384 -6740 650 -234 -54
-13964 5084 -6832 573 -191 -112
-14196 5232 -6752 402 -3 40
-13996 5244 -6820 309 -63 -73
-14052 5008 -6908 487 -175 20
-14292 5072 -6716 702 -263 -28
-13964 5240 -6696 719 -158 -28
-14116 5272 -6940 573 -58 -19
-14048 5256 -6772 458 -38 -24
-14216 5212 -6640 521 66 6
-14080 5244 -6812 376 58 12
-14104 5172 -6924 432 128 69
-14108 4968 -6916 717 556 23
-14184 4992 -6804 610 15 81
-14232 5356 -6884 599 129 73
-14052 5148 -6764 611 169 64
-14156 5308 -6824 585 142 85
-14100 5368 -6792 618 207 117
-14064 5240 -6860 517 288 116
-14252 5220 -6976 537 294 162
-14208 5180 -7064 512 269 167
-14148 5280 -7168 528 161 197
-13768 5592 -7328 557 90 122
-13904 5316 -7000 486 179 121
-13812 5404 -7096 481 203 87
-14068 5400 -7308 368 165 87
-13916 5316 -7136 329 162 28
-14020 5248 -7272 377 200 40
-13824 5376 -7192 403 316 122
-13556 5472 -7472 302 606 192
-13728 5524 -6952 138 1082 466
-13956 5344 -7468 -81 1265 857
-13268 4316 -6072 165 1050 204
-15288 5756 -7288 -288 1784 1497
-13592 4956 -6116 -676 240 1192
-14140 4876 -6616 -74 1223 2646
-14640 4732 -5640 -684 44 2383
-11932 4884 -9424 -208 1641 858
-7736 7376 -5528 -777 2257 -1008
-9688 6288 -9372 -2717 3381 382
-25068 12028 -10712 -4608 -817 6523
-32656 18268 -10240 -4577 -1646 3912
-23112 14124 -8532 -5028 -1158 4815
-8288 5396 -5876 1948 6195 74
-696 -1060 3188 6580 3451 -6294
-2232 -7232 1228 9729 -3495 -7515
-2376 6972 -16944 8465 -8479 -4051
-25652 12112 -12604 -129 -835 7264
-26240 9748 -17228 5364 453 -5705
-15504 7340 -13388 889 1163 -1075
-7384 6184 -5304 -3929 -3590 -840
1276 1612 -1728 -8520 -559 829
4020 -2920 -2636 -6226 -279 2562
-9052 868 -11904 -84 4715 1461
-23400 15376 -7840 -1324 4119 1639
-32768 14512 -12480 -2205 -5872 5477
-32768 15724 -10312 -8949 -12892 3720
-12624 11268 -8036 -139 1420 1284
-3832 1784 -1652 7209 7007 -7279
3108 -1464 2192 6755 1339 -6254
-36 -3508 -4616 5613 -511 -2623
-9680 9180 -10116 10524 3257 -1279
-26152 10668 -14556 3914 -384 3226
-22916 9784 -15472 4430 -418 -1871
-14576 8060 -11696 3152 -760 -2514
-5652 5812 -4728 -4624 -3922 759
3212 -696 1032 -7629 -4562 1378
1280 -4028 -3800 -2675 -1761 312
-4992 11984 -12812 -587 4581 2384
-32768 14592 -13884 -5477 153 4414
-32768 18376 -13988 -5793 -7711 4625
-25092 14044 -9116 -2965 641 3097
-7832 4236 -4940 2597 5573 -931
1732 588 1728 3321 2200 -4647
-324 -3052 1200 5921 -2193 -4848
-3372 -408 -7164 2659 -3062 -2107
-13068 15692 -13752 6344 -4190 5480
-29720 14976 -14892 4765 -59 4962
-24756 14584 -14360 6240 2938 -4148
-16116 7680 -9656 6331 2455 -5936
-4144 5884 -5912 -402 -514 -677
5856 -316 -1304 -6387 -1698 2064
1912 -3932 -1692 -3721 4562 348
1668 5952 -9692 -4922 723 1620
-31980 18260 -8108 -810 7822 8839
-32768 17864 -14040 -9029 -8188 -2024
-26928 13308 -5732 -4330 -4804 4767
-10420 5392 -6212 1958 5666 -1915
1692 2848 2504 2800 2818 -4045
-440 -4656 1644 4357 525 -3267
-4476 -1084 -1132 6231 -188 -2446
-7428 18828 -17316 2969 -8373 3825
-30232 11632 -16540 3858 -3547 6959
-24344 15932 -15684 5350 961 -6554
-19932 11384 -14312 6903 4574 -4175
-8156 5032 -6436 1008 -2293 -4806
1932 200 -2116 -4455 -4746 1116
5512 -1512 -2812 -4489 4476 5012
-4684 -644 -2264 -1927 2747 124
-4392 14356 -12560 -222 -1476 1752
-32768 22164 -17540 -3244 -98 7073
-30692 17364 -11368 -6962 -8566 -108
-23568 11952 -5272 -227 301 3436
-1056 3564 -1556 2674 5397 -7090
3508 -2260 -676 4811 -612 -5187
-1548 -4008 -1080 7885 636 -1553
-1248 2136 -5988 5051 -4076 -4197
-17900 17464 -16348 625 -1691 10206
-32768 15124 -13544 2967 7126 -24
-25204 9396 -13284 6606 3398 -4138
-18368 11800 -11352 3307 3713 -3325
-4892 4908 -3024 -4818 -4315 -819
4992 -2724 900 -4660 -869 1641
1796 -3904 -3260 460 6065 959
-2724 5444 -5120 -3041 5 -180
-14408 15064 -14156 -330 5271 6270
-32768 27812 -17996 -6691 -6083 2346
-26640 16940 -11384 -6195 -4354 3517
-12724 6428 -7844 689 1934 -4189
4264 -168 1136 822 5033 -7610
496 -4248 -52 3848 -1262 -3020
-4084 -3380 680 4185 -4177 -3778
-8364 13888 -10940 4129 -6363 1689
-30484 12092 -13380 466 -7682 9170
-26396 14800 -13740 7067 4207 -5800
-21060 11592 -12792 4651 5688 -2970
-12660 6044 -7792 1315 2184 -5368
-2080 1244 -1952 -2907 -5089 -1617
6092 -3304 -4736 -3032 2155 1457
-532 -1072 -744 -2592 3500 -798
-1424 9560 -9664 -3111 1190 877
-32768 10876 -14744 1319 4693 8095
-32768 21008 -16992 -4660 -10272 -1200
-29800 15032 -9220 -3783 -3805 6061
-8236 4856 -8360 2124 2109 -2771
2256 2368 -1116 1435 2466 -4119
1548 -2624 912 2267 -1727 -1211
-5080 -2576 1436 5510 -669 -2106
-2116 4904 -16260 1461 -3713 1893
-23828 16036 -10260 3741 -12622 9887
-32768 12648 -11704 5898 -2035 -7891
-21020 10468 -10588 8881 8218 -1121
-15832 8216 -11924 2312 1377 -3934
-824 2752 -4148 -2852 1235 158
2116 -4164 1252 -6346 1719 1664
140 -1516 -2132 -2171 3790 -666
-1016 4240 -4020 -4448 -1573 -2585
-11956 13068 -12056 483 13269 3454
-32768 22188 -20564 -1788 839 1878
-29516 13764 -11124 -7098 -5681 5426
-16524 9436 -7808 -1713 171 6995
-2372 5332 -560 665 6547 -1202
3076 -216 -1456 20 1850 -944
-2144 -5036 1712 5916 -1456 -3684
-508 176 -7864 5744 -3986 -5415
-19176 21448 -18728 1472 -1889 10546
-31956 14400 -15284 6008 1375 -2255
-21888 11768 -14244 7842 2503 -4312
-15500 9616 -12368 3575 738 -4030
-4632 3656 -2960 -2510 -6024 -2728
6864 -1240 -2992 -4740 -727 444
2404 -928 292 -1369 5723 -297
-1868 4132 -11748 -2711 1982 -867
-26936 19284 -13048 2330 4102 7467
-32768 22388 -20072 -6958 -7208 -2828
-29484 17408 -12040 -7787 -2639 6283
-11068 6284 -8636 -573 4479 -716
4436 4 -2832 2832 3403 -4235
2276 -2024 540 4354 -440 -2541
-5140 -2464 936 5376 600 -2515
-2156 2604 -12096 2630 -3924 -2259
-20712 17156 -15328 3072 -1668 10177
-32768 14364 -17792 3591 -1363 -1886
-19948 9468 -13964 6864 3719 -3564
-14092 9132 -11484 2854 4757 -3211
-3988 4008 -2860 -2103 -2053 -1512
1216 -2376 -1268 -3008 647 459
1604 -2004 -168 -2777 2394 10
-3528 4912 -6552 -4982 -2856 186
-27428 14620 -12448 1209 3848 5073
-32768 21532 -18568 -5141 -6745 549
-29396 15452 -9108 -7095 -1520 6763
-13184 8288 -9408 1972 6875 4737
-4116 3084 2008 3728 3000 -744
1552 -2072 -136 6109 -726 -2675
-2164 -4508 1668 8607 370 -2526
-4120 7172 -14952 4904 -4289 -501
-23552 7360 -13112 2674 -6807 10690
-25404 16696 -13296 6166 -3630 -5350
-17804 8248 -15140 6159 3326 -976
-14300 8724 -10576 2486 686 -3382
-5816 3888 -3860 -1781 -4442 -3241
140 -436 -2844 -2931 -2314 -1433
-488 -1268 -2436 -1850 -516 -801
-384 4860 -11336 -5704 -1392 -1584
-20376 16568 -13296 4128 7318 2578
-32768 17436 -19600 -4220 -407 -3632
-26344 14072 -11384 -8063 -3215 2682
-16524 7296 -6628 -4413 -248 -114
-944 504 -2892 -30 821 -3654
2644 -1204 -832 1395 -550 -1672
-780 -4448 -56 8182 -4784 -2109
-2188 -960 -8476 7160 -7096 -4428
-19568 24572 -19652 2217 5172 13483
-32768 10900 -17556 258 -639 269
-18740 8904 -11484 6162 998 -5318
-20084 8352 -10196 2515 2113 -2279
-5904 4152 -4152 -2112 -3592 -4456
1380 1912 -2768 -4914 -2637 -1724
2288 -3340 -1840 -4299 1967 -842
-3700 4204 -9044 -2959 167 -3070
-26460 10424 -13520 5432 8621 3446
-32768 15528 -17488 -3235 -3121 -883
-29952 14672 -11628 -5816 266 4870
-17940 6184 -6100 -5587 -1023 443
188 -1200 -2120 -1342 504 -2817
3684 -1508 -796 3005 2524 -1211
-2176 -1852 -264 3947 -2090 -3648
-4840 40 -6564 5387 -3885 -4564
-18800 16396 -15224 6918 6687 10611
-32768 10756 -18328 1754 -4547 1894
-20740 10360 -12356 9226 1445 -2721
-16920 6252 -9488 1392 -1503 -1972
-1260 3636 -3448 -3480 -5305 -1487
1876 -1040 -880 -3751 -635 648
996 -2928 -324 -1622 2330 498
-1844 5508 -11680 -964 2070 -1233
-32768 18920 -14072 4072 10442 3088
-32768 11740 -19904 -1334 -1281 -3474
-27512 11640 -8428 -6563 -1893 5154
-10448 4320 -5368 -5084 -1649 -1158
988 -932 -2460 -981 23 -1562
3112 -1664 -1656 2254 -1122 -3490
-2500 -3392 52 3297 -4597 -3420
-1280 3584 -9420 4457 -3824 -2690
-27664 15868 -15760 3705 4706 13294
-32768 11392 -16120 4475 -3845 -1560
-22392 12196 -11672 9161 276 -2528
-11364 6896 -8068 -834 -3158 -3576
1320 1352 -3016 -4088 -2186 -474
2640 -1512 -2732 -843 1950 763
-576 184 -2520 -207 -275 -1541
-2800 4252 -11036 23 643 -846
-32768 17512 -16496 5007 15914 402
-32768 11340 -18492 -2617 -1007 -2204
-28712 9660 -11172 -7320 -1904 5253
-12600 4664 -6416 -4944 -246 1993
-644 -808 -1548 1078 1480 -823
2460 -2944 -1412 3998 -926 -2776
-2560 -868 352 5870 -3567 -1958
-4640 4152 -16236 4247 -5647 76
-28148 19904 -21992 2064 494 15591
-28992 12988 -12812 4488 -2346 -4701
-18060 7756 -11312 5789 5077 -1338
-13560 5708 -6008 -284 955 -1461
-1716 1540 -2940 -3955 -1673 -1473
300 -756 -2048 -5322 -1283 -515
-216 -1292 -3648 -3895 -1125 -1688
-5196 7724 -8132 1928 4932 -633
-32768 12008 -15312 2380 7626 2598
-30128 14224 -17584 -1757 -1953 588
-24308 10048 -10572 -3597 -803 5746
-11720 4684 -4392 -2363 -596 1325
140 968 -1028 328 183 -2417
2112 -1784 -632 4274 -508 -3179
-2012 -2652 -572 5577 -2906 -4822
-3656 2172 -11616 2491 -4993 -2864
-23840 25156 -27172 -1794 7429 17479
-32768 10156 -10536 3211 -5687 -5670
-21812 9268 -14060 8120 6081 -2681
-18104 9044 -11120 2041 1112 -2570
-5960 3864 -4184 -2457 -2219 -1188
708 216 -4108 -2919 243 -1361
2244 -724 -596 -3975 2085 638
108 3356 -8420 -5775 230 -2243
-19152 15916 -16732 2646 16042 1113
-32768 16872 -22888 -6171 -4708 -266
-32768 18188 -12756 -9741 -6643 8014
-15268 7672 -7036 -2818 -129 1465
1580 -436 -1544 4969 4105 -2622
1124 -1988 1088 8129 1440 -514
-5260 -3708 2160 9331 -1764 -3911
-2388 -576 -9748 7831 -6933 -3987
-14892 20432 -22164 3256 3941 12471
-32768 17612 -22068 1999 1785 -175
-16844 7136 -13896 2387 803 -5107
-13136 6120 -8144 -1293 1140 -2451
1096 1032 -4676 -6751 -5843 -1828
3172 -1688 -1564 -5961 -200 1186
1224 -3200 -2544 -3046 1458 -1116
-6032 7896 -10992 -2394 6275 -1183
-32768 15092 -18756 3128 9504 1190
-32768 16384 -19976 -3650 -8249 -567
-32768 17348 -14660 -9535 -10739 8606
-12884 5480 -7556 671 -448 -357
244 480 -96 6484 1553 -3485
5836 -364 -1192 5200 -1864 -3102
-2352 -836 1484 5606 4189 -4509
-236 -2136 -6928 5286 -4460 -5488
-19964 10480 -13328 8204 11699 7003
-32768 11844 -17076 4356 -4636 -1131
-21328 8436 -16552 4891 -644 -3214
-14784 8452 -10552 729 1551 1698
-5452 4592 -5288 -6034 -8613 -929
5628 -1044 -804 -7549 -1891 61
2552 -4508 -2372 -1931 481 -1104
-352 3912 -7184 -3207 691 -1488
-20500 12660 -15512 690 10692 2317
-32768 17396 -21624 -5446 -7458 797
-32768 15776 -11992 -6122 -4937 9090
-14956 8540 -8736 -2248 1854 3414
420 -240 200 607 2719 -3723
2296 -3468 516 3826 -267 -2318
-3024 -2656 2084 6765 1110 -3133
-2260 1948 -9492 5006 -4591 -5861
-21340 13684 -12424 3321 6483 11465
-32768 14280 -18292 2698 -30 -1333
-19292 6804 -13180 3644 1802 -3681
-13300 6040 -8808 1221 243 -1577
-680 356 -3232 -3157 -2992 -1180
4536 -1064 -2916 -3653 -12 2078
644 -936 -1364 -4489 1904 -1362
-3856 11180 -7988 -7121 2533 -1815
-32768 12728 -16392 556 5003 6328
-32768 17192 -17500 -7450 -7350 683
-24356 10656 -10932 -3452 -4495 7423
-3004 5068 -3064 2408 9117 -1101
2196 964 -1216 458 1404 -1493
-868 -5672 -324 4879 -1048 -3902
-2624 -2668 -2456 7327 -1370 -4484
-6576 14876 -18612 7759 3743 2260
-32768 10348 -19452 5325 3914 7514
-21492 11868 -16876 5843 544 -3796
-17048 8380 -11700 4463 3307 -2043
-8032 2996 -6332 -1953 -3220 -2635
1760 880 -812 -3758 -2891 -356
4728 -808 -3008 -612 2059 -1504
-964 1956 -6852 -2493 1476 -1718
-11804 9112 -11792 1977 7561 1469
-32768 15660 -23360 -3960 -3611 2746
-32768 17904 -16952 -7315 -7020 6978
-22232 9068 -9740 -4841 -2851 3998
-3028 -1736 -2816 962 4587 -16
3412 -108 1248 1182 1454 -88
-1528 -3516 2588 5772 -1620 -2319
-1272 3584 -10408 3564 -2094 -4631
-20196 16036 -21092 2980 728 11078
-32532 14592 -17416 4693 1129 -3018
-18864 8152 -15064 6695 1615 -4814
-12656 6208 -9696 3632 -816 -2065
-4036 2304 -3976 -1251 -6126 -711
4592 -1116 -2584 -5345 -4552 267
1884 -1436 -560 -2732 -1165 -2955
-436 3636 -5232 -1156 2221 -3425
-32768 12036 -18968 2701 8976 4677
-32768 17824 -21356 -2768 -8944 -2052
-31404 13276 -11780 -5289 -5183 8795
-9904 5636 -7920 -691 4410 293
1480 3004 828 -904 5713 -2826
1836 -3540 -896 2483 -1245 -4388
-5092 -5312 1400 6028 2087 -3712
-3396 10352 -14204 3814 -3656 2418
-28096 6900 -11824 5616 -5014 11359
-29044 15160 -17648 7060 -2749 -4202
-19872 10796 -14672 6700 3755 -2241
-10892 7280 -8740 536 -2937 -1338
-768 584 -3760 -3142 -3833 477
1908 -128 -1316 -3026 686 1866
-20 -944 -2048 -2943 -1712 -1637
-2108 7720 -14596 -5403 -2341 480
-32768 10352 -13016 3025 6460 7083
-32768 19824 -22644 -5821 -7611 1720
-30196 16104 -12196 -7445 -179 7320
-4604 3636 -6152 -747 5509 76
1428 -1448 -152 2937 3007 -2331
-96 -3788 52 5958 -1751 -3750
-4004 436 768 4604 -1071 -4575
-1740 11432 -13872 -2234 -7384 -808
-29756 3864 -16600 185 -5394 12319
-29412 19948 -15724 5234 2298 -7393
-21220 9120 -14260 6397 6300 -4768
-14448 8296 -9952 1157 -1076 -4335
-756 2504 -3540 -5249 -3213 -353
4296 -2500 -2396 -4046 -777 -378
992 96 -1120 -4406 2508 -968
504 9536 -11776 -5094 5159 526
-32768 13348 -19912 3060 5721 5083
-32768 19360 -14780 -5453 -11584 1719
-25244 10360 -8984 -3991 -2610 5814
-1308 2612 -6984 6768 4870 2037
616 1868 1232 6332 1465 -597
-520 -3780 1988 7843 -5590 -3598
-2324 -2808 -5604 7219 -2383 -4099
-9956 18124 -21204 7329 2105 5741
-32248 13204 -14588 6013 3528 -286
-21548 8508 -15316 7592 -57 -7790
-14520 8360 -12584 4521 1284 -1637
-3228 6084 -4512 -2190 -4269 -442
3348 -912 -2576 -5375 31 565
1508 -3664 204 -3101 394 207
2612 1304 -5116 -3864 -709 -1842
-11940 15220 -8996 2887 8504 1412
-32768 21212 -24440 -6093 -5097 1218
-32444 18432 -19612 -7307 -6022 5304
-23908 13084 -9888 -6579 -517 4517
-2828 1412 1088 -297 10314 -332
2932 -1928 -624 3351 548 -571
-1048 -2124 2012 7139 -574 -2852
-4932 -2876 1508 7017 -1504 -2611
-160 11228 -20584 -257 -1895 3374
-27508 12228 -11260 -3160 -5563 12670
-27900 14140 -16280 4608 688 -8973
-19444 10448 -13416 5944 7923 -4364
-9092 8604 -6856 -1726 -3023 -6059
696 -548 -2752 -5985 -2620 -1353
3108 -3032 -1304 -3302 3451 1744
-1324 -104 -1476 -3447 1186 -636
1144 7992 -11908 -4700 434 -1419
-32768 16536 -17084 3609 10613 2506
-32768 15952 -22968 -2962 -9184 -3838
-32768 17784 -13140 -5401 -4184 6936
-12460 7268 -7408 -525 5222 4068
2308 1856 -8 3469 9039 -1028
-788 -2060 -444 4980 -3980 115
-1824 -2116 4492 7726 -6550 -2658
-1380 3616 -16024 3961 -7258 -3200
-20036 11728 -15612 4269 -6009 12715
-27096 14860 -17912 8523 289 -2821
-19520 9676 -16044 5218 4726 -2512
-12388 7668 -9136 438 1652 -4145
-4824 3440 -2876 -2452 -2769 -2964
-800 -688 -2140 -2796 335 -478
-2448 -992 -2560 -814 -2038 289
-3904 -836 -5288 308 -6097 -1285
-19056 16968 -21436 9147 4933 1172
-32768 9804 -21208 -2870 -693 -2080
-13960 11804 -7612 -6975 -1522 1320
-15412 7488 -10416 -4524 -644 3200
-8416 2656 -7416 -894 289 1730
-7164 5192 -6100 330 -472 261
-7576 6636 -6176 -1485 -657 -1113
-10868 4728 -8936 -388 -418 -2134
-14556 6816 -11968 2505 1479 -1419
-16348 10720 -10700 1095 1890 -192
-11844 7132 -9808 -632 829 -746
-11520 5204 -8788 557 2457 731
-11960 5068 -8172 879 135 -366
-12352 6048 -8756 656 -370 -307
-13156 7028 -10416 1342 417 455
-14072 7412 -10360 1087 772 697
-12716 6360 -9112 274 -254 49
-12700 5132 -8268 262 -933 -570
-12824 5828 -9248 293 -1629 -1010
-12928 7056 -9652 -457 -1826 -362
-13392 6232 -9480 -171 -1549 -635
-12896 5680 -9408 445 -1066 -618
-12456 5804 -8816 468 -1421 -531
-12372 6004 -8588 399 -1676 -639
-13548 5968 -9276 243 -932 -62
-13924 6624 -8992 305 -618 -130
-13280 6160 -8352 289 -872 -706
-12688 5772 -7592 427 -1064 -1052
-14152 5780 -7988 415 -758 -676
-13900 6396 -8200 25 -863 -716
-13224 5756 -7596 219 -1040 -606
-13728 5784 -7128 649 -926 -274
-13740 5968 -7232 343 -812 -152
-13356 5852 -7456 453 -339 -156
-14004 5564 -7224 394 -174 -135
-14256 4904 -7028 845 -351 -220
-14184 4916 -6960 1244 -706 -385
-14128 5376 -7008 1213 -699 -88
-13904 5548 -6892 1032 -791 -145
-13960 5512 -6932 921 -487 23
-13972 5572 -6944 792 -441 62
-13984 5468 -7124 891 -431 46
-13908 5580 -7100 740 -104 149
-14016 5556 -7008 711 -275 79
-14204 5348 -6988 546 -232 8
-13924 5468 -7028 499 -341 -122
-13948 5340 -7032 397 -287 -149
-13856 5416 -7016 399 -364 -189
-13892 5404 -7104 396 -344 -113
