96 64 0 5 1123076 1348938
5640 15404 -288 451 737 229
5544 15400 -408 550 1028 515
5380 15380 -548 556 1005 606
5380 15300 -560 576 738 586
5192 15532 -524 573 736 588
5140 15404 -692 508 372 545
5184 15884 -524 570 236 335
4856 15332 -308 462 -375 79
5216 15424 -208 357 -976 -64
5556 15196 -152 238 -1385 -345
5804 15340 -352 487 -1005 -749
5972 15368 -408 845 -337 -1038
5616 15336 -580 945 -50 -1075
5544 15844 -644 834 -1216 -894
5520 14988 -520 982 -1329 -530
5856 15096 -560 1478 -378 -772
5244 16180 -972 1459 167 -1449
5568 15900 -832 1434 187 -836
4652 15844 -1156 518 -1429 562
5140 15100 -1360 91 -2106 1221
5080 15072 -1548 192 -1413 1175
4668 15076 -1564 362 -1314 396
5372 15608 -1464 1015 -967 -1152
5156 15380 -1412 1237 -1432 -2172
6156 17084 -784 1634 -1013 -2516
5840 15056 -964 1469 -1743 -884
7092 14960 -1316 2086 653 390
6468 15236 -1264 1818 725 2126
6940 15088 -764 1726 229 2426
6488 14328 -1484 1375 935 2692
6060 14292 -1348 1549 1353 2398
2996 12760 -2936 648 1800 1865
-212 16396 -872 -4445 -939 1401
9340 32260 3016 -9720 -13403 9590
31568 32767 8028 -10267 -488 18127
18620 9724 8228 -6045 14914 11057
5632 -2440 -1088 -2247 -11565 -195
1504 -5280 -7624 -7243 -25032 2111
3792 -6228 -4616 -7625 -19927 4819
4788 -5600 -1088 -3959 -5739 6089
12876 -1048 3596 1879 -2274 11441
24316 5316 760 6035 1457 19444
32767 14800 -3584 9168 -1414 14044
32767 19348 -11620 11530 3635 10165
20092 11624 -9248 11206 3084 5111
4944 7604 -4376 8999 12471 4047
-4480 4976 -4036 5278 18596 2753
-5684 6788 -2420 -1038 7628 -2198
1200 11904 -672 -8073 -14433 -3816
32767 21636 -1404 -16158 -8987 -3743
32767 14240 3456 -12576 -18611 2137
27904 3852 -5580 -14666 -3208 -170
12680 -4636 -1180 -11886 -5184 339
-708 -6856 -1732 -8451 1988 3773
-1888 -6512 -840 -2794 7099 6656
2900 -7288 -784 4889 -434 8588
18524 -4756 -1416 14247 -14034 18480
32767 -3484 -7200 16668 2019 16065
32767 1008 -10776 15455 2378 5439
19764 5188 -7084 11686 108 -8416
4980 6132 -5584 8432 5663 -14311
1452 6444 -3212 6003 7039 -11393
528 8140 -4784 -596 2509 -8838
8584 11132 -5296 -6752 -470 -4939
23832 19796 3660 -12728 -12510 4550
32767 9728 -2084 -14393 -8648 166
32767 6512 2632 -12215 -6954 1228
19292 -4092 -1820 -12192 385 1263
2224 -7156 -2716 -10321 -2494 1659
-1676 -7636 -2304 -4217 2174 6865
1096 -8104 512 3934 9078 9657
12524 -5912 368 12931 -296 16646
32767 -10468 -664 16662 -1387 14495
32767 -1060 -7704 13611 -9568 2636
22184 4016 -5800 9828 -9261 -13127
11132 8444 -8044 5916 7254 -17200
3208 10248 -4328 2939 -2356 -13092
2240 8232 -5312 -3377 3909 -8180
6136 9332 -5424 -8964 4669 -3264
25320 11024 2808 -13979 -9233 -706
32767 10052 3100 -13928 -4557 181
32767 3784 2296 -12966 4310 744
10768 -5492 -1532 -12174 -10018 173
3464 -6952 -1344 -7278 2562 -3184
-1696 -8884 -2244 -1609 -5556 -582
9900 -7860 -1424 8543 213 6489
27196 -4216 -3912 18422 2410 19651
32767 2404 -3200 18265 6523 14329
26336 748 -6052 16526 -998 -2784
14152 8660 -7232 14032 4371 -19171
5708 10188 -5204 12857 -7206 -11307
6464 7888 -4704 7132 -4555 -2611
4164 6524 -5008 -2094 11179 2423
9720 10136 -1744 -8285 9431 9826
23684 6548 5560 -17791 7677 3980
32767 5604 6608 -15428 -17779 -1414
25028 -4896 1876 -12491 -11649 -2514
9480 -7336 -1104 -7024 -10599 -5310
1284 -6712 -1736 -1672 -3176 -2932
3268 -6824 -460 4509 6938 -1081
14156 -4740 -240 13009 2625 6656
27432 -1720 -3744 18168 5279 12957
32767 7952 -8024 15910 -327 5372
27240 5580 -8912 12982 -13441 -5619
9360 5284 -6308 8464 -7070 -11631
4468 7004 -2996 6117 8960 -8471
-712 7412 -5456 -1849 12144 -3222
6544 9916 -6152 -11672 -371 -1045
19288 16448 -700 -16052 -12721 12393
32767 2240 -7964 -21977 3027 2329
32767 1520 2680 -11868 -12923 3239
16228 -5792 -1484 -11201 4169 -28
-888 -4532 -2220 -9852 1247 -2972
-1620 -4248 -1532 -4590 -983 -2401
5132 -5312 -1128 3320 -2375 540
17460 -2700 -3216 13170 2591 8727
32767 -8840 -12648 20077 -211 4486
32767 4656 -11508 18544 -17546 -4803
24724 5840 -2312 13070 4793 -16453
4020 6344 -3768 8774 18749 -16215
-480 8248 -3868 3848 4246 -9291
3644 8612 -6796 -4324 -4030 -5128
12884 13116 -6780 -10840 176 4863
32767 11968 -6840 -18383 1283 13093
32767 2216 -1444 -17547 -21973 15578
23600 -1416 776 -13900 -5380 13351
2220 -6268 -2264 -14450 8791 4637
-1248 -4404 -2504 -8084 -2833 -1258
2380 -4568 -2320 2675 2284 656
12500 -5240 -3004 13809 -340 8147
23624 -5740 -1336 17502 1545 9030
32767 -5528 -7208 13041 -4292 -3019
18992 2152 -5620 10450 -12653 -15601
12412 7500 -5572 6247 4989 -23242
4428 9232 -6188 4462 8765 -14333
284 7320 -6356 -2210 7842 -8070
8308 11876 -6520 -10145 641 -487
21824 14228 -2696 -16182 -4029 6951
32767 10340 -624 -17556 -4897 1561
32767 5300 5732 -9428 -5581 950
14600 -2560 -332 -8374 -996 -1973
2976 -4204 -1432 -6549 -4751 -2747
1684 -4744 -2888 -2582 -5174 -347
6476 -5876 -1568 5105 -1678 3952
17884 976 -692 14525 -1046 10958
32767 1220 -4880 14711 6886 7539
32048 7804 -7828 11842 -15957 -1564
20840 9044 -5604 5818 -798 -12045
7708 8456 -4428 3226 21316 -14816
452 9844 -4560 -1904 5378 -11081
2144 8516 -6152 -8266 -6473 -6849
2104 8740 -6404 -12429 -3741 -3449
11904 14864 -204 -16201 -4184 1194
32767 17384 1060 -15897 2421 -6465
32767 15588 9700 -11554 -7949 -1170
16080 2176 -604 -13719 -11765 -4976
7056 -1396 -788 -11622 -24390 -7798
8132 -3080 -2592 -7681 -20996 -4763
6036 -5368 696 -202 -2263 1326
15332 984 2032 4231 -202 9436
32767 9636 1632 5141 1397 11306
32767 19536 -4652 2259 -12444 8750
23320 13304 -3928 5820 276 1326
8364 8564 -4052 3299 8030 -2048
2296 8564 -5456 -2675 6906 -199
-1992 6516 -5580 -8141 8181 -540
-2788 8896 -4712 -14533 -1361 -260
13772 15764 -1556 -21898 -6408 1308
32767 16760 2152 -22715 -15257 185
32767 7260 4696 -17369 2327 2432
18332 -4920 772 -14375 -1742 1395
3448 -6736 -1020 -10200 -11225 -448
1292 -6412 -76 -5407 -5323 2358
3028 -4268 -68 1218 -839 5079
17132 1224 952 7623 1831 12013
32767 4120 -3728 8320 2367 8686
32767 8588 -7528 5662 -11565 -997
23512 8008 -3836 1664 1752 -10025
6172 3460 -3392 6838 15186 -13502
-844 7084 -4412 6788 -10 -7546
11496 10584 -5920 -4787 5495 -3336
8308 9820 -3020 -11326 -7560 6880
24840 11736 720 -13966 -4954 6570
32767 5016 1240 -10720 -7769 3810
32767 13948 784 -14429 9059 1379
10192 536 -2004 -12688 1368 -6038
1300 -4556 -3392 -8212 -7893 -8278
1200 -6040 -1172 -2704 -11332 -2026
3056 -8448 -1256 2669 1542 3135
13476 -6540 -1120 8457 2714 8391
32767 288 -3852 12429 3783 11106
32767 9844 -9024 9046 -6198 7148
25664 10712 -11936 -1887 1263 -3504
11944 6984 -2644 878 3106 -12916
3916 7156 -2476 1626 1643 -11624
6044 6456 -3560 -935 -2055 -4863
9760 6108 -4016 -3415 2292 3730
15616 9096 -584 -3654 3244 17177
28228 3744 -4324 -5798 1981 5385
32767 4428 3456 -2714 1950 2077
23576 -828 -1100 -8241 2935 -2565
8196 -3764 -1320 -10020 -2888 -9607
5204 -848 -4112 -7909 -7598 -7120
4724 -3748 -1988 -1937 -969 908
12288 -5644 -2488 6269 3655 7502
20532 -4688 -680 15378 9566 16752
32767 3084 -5440 17351 9677 6012
28852 7044 -2384 19651 -9159 -1943
11648 8244 -3776 14427 -1475 -11661
4724 11204 -3260 7843 5741 -11885
-588 8416 -4640 -1993 -2322 -5294
6776 8708 -5384 -10568 -2215 -1687
12660 10820 -5036 -13219 -7449 7123
32767 3940 -4856 -14486 -6290 4539
32767 2956 -952 -12373 -3487 2768
24352 -1292 916 -12413 3468 -1971
8764 -4976 -964 -9519 669 -7874
2708 -4268 -1932 -5347 -6330 -6240
7396 -4044 -792 2818 -1380 126
15376 -3720 -1976 10346 6501 10402
32524 1028 -3312 15036 8446 14337
32767 4668 -5868 12278 -3232 6726
23184 6080 -6116 9199 -5117 -7553
9300 6764 -4492 7156 3288 -17022
3704 8448 -4548 5809 4955 -11634
2940 8076 -4240 -1204 6222 -3976
6304 7872 -6372 -7494 1361 1572
15420 12756 -1256 -8499 -8776 11559
32767 6636 -6440 -12001 -3001 6717
32767 5540 1928 -6157 -4717 6985
22360 -2876 -48 -7824 5308 1826
4932 -4412 -340 -5212 -5143 -3594
1568 -4352 -1044 -759 -5797 -834
3276 -5452 -372 5358 1567 2340
12092 -4324 -744 12704 5178 9064
32767 -5316 -1832 16331 4668 12202
32767 1716 -6500 13082 -5169 3416
25624 8292 -8456 7065 -4956 -10037
12004 7148 -5644 5344 6536 -18372
2360 9564 -4292 4850 -1340 -13157
5096 8544 -4832 -1309 -236 -4609
7096 7624 -5888 -8309 1545 2243
16568 12576 -696 -11316 -5114 11470
32767 6200 -6412 -14603 -7432 3748
32767 6340 2460 -10401 -3681 4221
18336 -4008 -2184 -10670 2017 1975
2784 -1664 -1548 -11678 -3842 1971
-380 -7396 -2796 -9161 -3873 2496
3716 -12820 -1996 5250 -4275 6059
17648 -6768 -1724 23341 -203 10206
32767 -2724 -6200 27141 8102 888
31280 3096 -10448 17878 3271 -6060
11840 6912 -8904 15317 2088 -16619
4616 4292 -3636 16631 7214 -12918
-1404 2272 -6600 12273 2933 -5270
9624 10776 -7548 2916 4170 1741
18584 20076 -2760 -9256 -2680 5743
32767 20748 -964 -12548 -14621 3105
32767 8940 684 -13414 -7107 2095
15160 -2512 60 -11154 2472 -3228
5344 -4304 -472 -5150 -1350 -2212
4540 -5808 -744 1862 1907 2383
7424 -6564 -1404 8394 5315 7402
15980 -3812 -3896 13964 2744 14005
32767 -804 -7412 13636 3073 8453
32767 4908 -10964 8232 -3925 298
21700 7332 -6200 4588 2126 -8161
8308 6572 -2600 5529 7018 -12300
2408 7676 -3172 1448 6370 -8564
1424 6880 -2976 -4325 -1410 -2259
11252 8404 -4560 -10611 -3144 5202
28284 6536 -1096 -14281 -5960 10426
32767 3184 -6032 -15173 -11905 2039
31536 1736 -1272 -7981 820 1944
12772 -4340 -3548 -6749 8384 -1555
2792 -4904 -1108 -5905 4007 -1493
16 -8320 -1312 1087 -1433 -470
9660 -9376 -748 13666 1039 4273
20280 -5488 -3580 23210 9601 10221
32767 -4676 -8816 25171 7857 1151
32660 8432 -9648 19929 3232 -8503
14208 9580 -6948 18163 16023 -15153
1828 10600 -4572 12713 9704 -13524
3348 6248 -2800 4454 -9 -3199
9472 8664 -2364 -2919 602 5777
14332 8908 256 -4114 -1680 12541
28016 5800 -3060 -6652 -181 3632
32767 11412 4964 -2114 -6097 1765
23520 5568 -2416 -4314 2307 1640
13604 -24 -2792 -3648 -2903 -1417
8756 -1780 -3496 382 -2214 630
12268 -4296 -1144 7614 5734 6080
13856 3024 1108 13851 16866 10415
27508 -756 656 16637 6622 6161
27080 5492 -2496 17875 -13179 -8309
17384 11532 -2080 23244 10330 -21307
1532 17324 -6064 17394 18770 -21552
-4212 12156 -4724 4597 4050 -16580
2960 7560 -3124 -767 158 -10152
12352 7856 -3040 -4634 -2062 -822
15992 14980 4412 -8880 1299 6403
16888 16172 6944 374 -10492 5946
24464 19268 3540 2323 -4130 5240
9068 7264 440 -3409 -9565 2019
6336 1880 -1688 1059 -9542 -2414
9408 4072 2772 5179 342 2234
9632 1516 884 7978 7929 6046
10100 11052 2248 9027 7019 14142
22352 18764 748 6722 10091 7283
21296 15288 -1164 4631 -5275 1222
23572 12180 -8440 5562 -11073 -7373
12200 12720 -1832 12243 7728 -8568
5444 10372 -2284 8189 7865 -413
2344 7832 -2616 1029 6274 8854
4340 8968 -1108 -4284 3752 12012
11112 15140 1620 -8050 -5444 20785
26424 13524 324 -10662 4269 12143
32352 15536 5212 -5391 -13382 5390
22248 2672 -616 -6826 -8471 -782
10628 -2096 -872 -9503 8101 -8321
1060 -5336 -2348 -7393 -1624 -5437
-1120 -9564 1780 132 9927 -2442
17884 -936 8236 4631 9932 6654
26204 3024 60 6014 -7689 13086
32767 10616 -944 8063 -11537 5129
29676 9808 -5940 10803 -5507 -7435
13124 5564 -5636 16719 2439 -15687
4408 6340 -4000 16025 1734 -14494
1428 6132 -2504 8065 -896 -6385
2988 7776 -4096 -1061 1361 -805
8872 15500 -2940 -5092 -7542 8833
31284 20116 -7048 -6854 -10558 9520
32767 20072 -2384 -7291 437 7689
25484 7620 -2008 -8518 10995 3930
7292 8 -736 -8238 7553 -1276
32 -4664 -2092 -3718 470 -921
1020 -4548 -1340 704 945 1921
8708 -3676 -2104 4309 1662 5449
17396 1728 -1720 11031 -1777 11459
32767 4424 -6364 18801 23758 1665
32767 20248 -3788 19011 -6671 -4321
20252 13460 -404 17114 2933 -9502
5816 10624 -108 8782 1430 -3477
248 8628 -5704 -2824 -5617 2677
1824 8020 -5668 -11545 -7527 4415
6068 8840 -5056 -13775 -5102 6244
22184 9264 -1492 -17176 -7584 7012
32767 14224 -3868 -13206 -16707 1892
31596 6028 -2360 -8003 2016 1140
12368 144 -1492 -9009 -2196 -1839
2740 -2308 -2384 -7910 -4746 -3936
3936 -5220 -1200 -2293 1530 -1828
9012 -6464 -64 7470 4046 3516
23500 3428 188 12252 10677 8807
32392 6704 -2860 10556 2614 2684
32767 11504 -7840 9037 -5245 -8409
15308 9132 -8432 8778 2659 -14022
4588 7632 -5664 6675 4784 -11070
1900 5912 -5508 3441 1815 -3423
2392 7484 -4316 -2473 -2180 3871
10392 11212 -4236 -6281 -2673 13236
31652 13560 -3336 -10657 1288 10692
32767 13008 2396 -8953 -8626 7661
28724 5020 2052 -8493 -1245 2834
11184 -1000 400 -7315 -1854 -2421
4356 -2580 -1468 -2734 -3797 -1349
1812 -2712 -2612 3031 2615 2337
9264 -3308 -2664 10282 5399 4217
15604 1460 -2108 13372 5112 10151
27192 -6576 -5304 12856 7560 3092
32767 14372 -8640 10054 -1108 -8416
22948 15632 -4700 10371 -511 -18617
13624 16248 -5956 10697 6414 -12811
7712 8612 -3920 5505 -5120 -2918
3668 5032 -3288 -867 4389 4914
5500 7156 -5584 -6505 1356 12167
15124 12732 -2852 -12133 -3739 15534
27220 9936 -788 -15508 -6059 7265
32767 7652 2192 -7736 -2615 4312
17484 -2324 588 -10448 7755 -688
4524 -3984 -924 -9173 824 -6418
636 -3696 -3820 -5027 -23514 -2270
5632 -4876 -2584 2806 849 2148
11428 -2492 -4088 10243 734 5029
26276 -1868 -4420 13445 4871 6048
32767 11516 -10996 9749 -4841 -2957
26572 11272 -5452 10807 -4637 -7652
14164 8300 -6140 9078 18083 -14265
3280 8516 -4540 3850 10237 -10267
1136 6520 -4576 -3132 -4632 -3769
5408 9156 -5204 -9246 -4831 1597
13772 13292 -3556 -14192 -4002 6252
32767 13068 -7636 -15089 -16193 -3644
32767 14316 1920 -6318 -6831 -1287
15888 3116 -1920 -12490 5355 -2019
5896 -2164 -2264 -13391 -3758 -4794
3260 -4840 -3120 -7553 -9550 -844
6288 -4256 -816 -1852 -1235 4423
15212 1124 -744 3202 2385 8356
26184 2784 -1456 4480 1215 6269
32116 9484 -7364 4157 -4794 -4794
23664 11076 -5296 8878 -9252 -15562
11252 8552 -4612 11002 18736 -22666
3440 7572 -3864 8339 8888 -17228
2196 4356 -5392 5480 3246 -8789
2476 8328 -3448 3387 18 -1974
4104 15560 -816 -1831 -54 6021
22160 32767 -8076 -11014 -1570 -131
27416 32767 3656 -7858 -29464 6649
11188 21540 -3592 -20591 -5064 2531
13840 6220 -1992 -16096 -20377 -2592
6868 -1380 -4192 -9289 -18967 -2656
6324 -4060 -3916 -9681 -10403 2711
11464 -2796 -2696 -7546 -6159 7585
18132 556 -996 -783 -6065 11144
30540 21072 -3932 -1513 9009 4495
26748 18876 1216 4454 -3554 -139
13160 13792 -2296 4829 2534 -5155
6340 8660 -2196 -1289 -1638 -5532
-400 6108 -5984 -3908 1555 -3624
684 9868 -2828 -9666 -3757 1815
9940 17508 -736 -19094 -11861 10431
29660 14228 -2608 -19123 -25687 10038
32767 14256 -1176 -10195 6191 8346
21692 1388 -48 -12118 -847 1990
6356 -2152 -6104 -11836 -2874 315
3640 -3328 -1788 -9358 -3356 4763
7276 -5160 -3628 -7077 -4966 10066
16204 -1588 -1200 -2290 -2388 18387
29052 -5776 -3340 2890 11817 19570
30576 112 2396 9516 5970 11152
28116 6492 3496 18506 8425 -3665
13204 3768 -988 15219 -8252 -13718
6068 7336 -3476 9125 79 -17713
2728 8916 -3436 3227 5945 -12856
5212 10204 -4488 -6259 -5373 -5962
16420 14652 -1448 -13818 -10075 3048
25812 8828 -1220 -10889 -5608 29
32767 10128 796 -8131 -2125 -3585
20128 5320 -512 -11123 -7794 -5420
9232 260 24 -8034 -6408 -5501
6068 -4080 -1380 -5162 2090 -744
7460 -5064 1472 -1266 2570 1673
13576 3680 2512 3574 4155 8649
26060 3560 1820 5130 3419 7711
25640 10792 -6940 6750 -4448 -2811
23176 13840 -5328 7966 -4445 -11757
9068 9252 -4644 6757 13274 -16795
3380 9800 -3944 2888 6169 -14380
2948 8244 -3212 -778 -2327 -5448
8924 11664 -3416 -3626 -4396 4468
16476 18176 164 -7366 -8448 12093
28772 20548 464 -9315 -6727 10821
32040 16480 996 -8292 -6844 5058
18484 3404 -1836 -5515 -4173 296
6300 -2392 -572 -2780 492 -718
-176 -6596 -368 1400 3134 2721
2080 -6464 -552 4916 1537 4853
15436 456 1836 7938 -2614 9192
32767 11492 -3404 8691 -3071 386
32767 32767 -4728 9123 4786 -9653
13696 -3720 -5176 16717 15920 -13250
-2432 5304 -2708 13659 13494 -8744
-2132 5368 -4952 2495 14769 -1481
-3840 5500 -9052 -7564 -6209 6226
9932 15440 -1544 -11203 -1524 11723
32767 10188 5968 -6296 -12123 5064
32767 18372 7872 -9794 6752 2755
12780 -2856 1560 -9125 229 -1799
5192 -3532 -1408 -3683 -11709 -1490
-712 -4656 -3636 -981 -11148 2304
12892 -2140 -352 1688 -7050 5607
26724 6260 -3616 6573 -10503 8821
32767 9996 -7308 7311 -3868 2545
30908 14304 -8832 9001 3713 -6830
18472 8936 -6880 8916 -4781 -11810
7336 6092 -5548 6871 7930 -12922
636 2996 -4216 5379 4613 -5680
328 3484 -4944 1993 537 497
4872 8772 -6084 -1513 -1879 6220
22516 19384 -7812 -6542 -2817 12315
31808 23540 -4356 -7963 -12098 10726
31944 14240 -4944 -10167 8989 7666
16580 -468 -2432 -13015 -4325 -21
8280 -2948 -748 -9850 -10688 -2302
240 -5712 -1352 -5322 -2337 5113
2244 -6032 -1824 999 1782 5674
13496 -1296 -2124 10095 4137 10724
24652 -5592 -3692 15994 3993 9417
32767 10116 -12136 11782 4222 -4899
28172 13304 -7252 11368 1848 -10425
11552 9268 -5196 10056 7544 -16286
4768 9184 -4236 4693 -581 -14242
3568 6784 -4328 40 -1918 -7960
5508 6584 -2404 -982 374 -1648
10176 13432 -3088 -5853 -2215 8181
29628 13916 -7252 -12731 -4523 4134
32767 14836 -344 -12140 -3886 8131
17700 696 -5136 -15024 -4209 3201
12324 -9412 1320 -5887 -16377 -3311
12000 -2252 5128 2042 -1712 449
4220 1256 2844 9792 15257 7248
11484 -3524 -3520 10725 13089 16410
18548 -3240 -5772 13515 -9254 12569
32140 7652 -10584 12875 11417 -4882
32396 12504 -5924 12089 -3027 -14479
16384 10372 -5720 11510 4581 -17355
5908 10012 -2696 9499 4901 -9929
-680 5796 -3812 550 4065 -2373
3868 9924 -5936 -7766 812 4195
7496 13840 -6212 -11543 -8609 12947
32767 11752 -10592 -17576 -3504 3400
32767 12712 1708 -7616 -10043 3841
19184 -1420 -6004 -5588 -3702 1028
9264 -6560 32 -3097 -12518 4006
3796 -3416 5812 -3980 285 7007
1552 -5760 -2892 1123 3796 7714
15244 -3108 376 10350 10421 12844
22408 -9240 -3520 10485 -11294 12627
31980 6212 -8796 7677 -3124 -1294
29088 8048 -10640 8558 -5655 -10752
13148 7216 -5116 12931 2452 -16572
2924 7352 -4680 9320 5263 -12143
732 5300 -4188 2258 -708 -6212
5036 8368 -3816 -6440 307 -1786
13764 13392 92 -12496 4750 5481
31708 14880 -5224 -13993 -7798 -3450
32767 15396 992 -8052 -9131 702
19872 3060 -3252 -12791 -703 -2251
9388 -2068 -1916 -10381 -4900 -4816
4280 -4216 -2920 -6267 -4531 -2557
4452 -5092 -2196 -189 -2576 879
12688 -948 -1992 7518 1359 4864
25880 6212 -4200 10195 2878 3855
27248 26396 -14124 3356 1949 -3326
20268 16080 -5716 5476 1274 -7992
13492 10176 -6512 8625 8445 -10800
7620 7232 -1108 9083 6446 -8604
2396 4976 -3552 3194 6263 -3878
5444 9008 -400 378 4872 -310
14388 18808 -2608 -3392 5199 -4417
18204 21596 2340 3879 -4852 -8822
17020 16484 -224 4657 9336 -7567
9920 7988 -844 3077 -1176 -8353
6272 3808 -1268 5685 -1807 -8613
4848 3064 -2868 8171 -520 -5762
6076 9936 -3656 7050 5449 -3449
13668 22820 -9812 3550 4432 -8022
11388 25952 -8192 3358 -3649 -7345
8216 20120 -8108 2545 5287 -6791
5152 14400 -5984 3411 2525 -4486
3328 12096 -6500 4503 2425 -4776
3796 12596 -5840 5036 4919 -4622
3716 13456 -7188 4146 4285 -6822
4764 15412 -6136 3722 3596 -5886
5860 19384 -6972 1696 4283 -4795
6192 18028 -6116 714 3201 -3055
6080 11420 -3784 2107 9118 -3345
5704 14808 -3192 248 23830 -8596
4820 16512 -6684 -2509 14687 -9453
2952 18160 -5976 -1675 1085 -4957
932 19768 -7328 -163 3479 -1176
304 17148 -6628 1944 11657 -1358
-1816 16016 -5792 2340 11235 -2198
284 14972 -5224 1875 7563 -4329
-208 16084 -5172 1239 5838 -5275
-752 16608 -4696 673 5293 -5025
-816 17104 -3964 428 2884 -4027
-1112 17304 -4404 -873 2851 -2494
-356 14684 -3984 -432 4529 -2242
1888 16352 -4136 39 5982 -1910
308 15996 -4528 -222 9421 -1233
-3444 16220 -5448 -1862 8392 155
-4520 15140 -5660 -2664 4943 -1049
-4044 13908 -5360 -2119 4576 -4140
-3952 14832 -5616 -1413 4717 -6086
-3004 14892 -5884 -46 3583 -6357
-1608 18196 -3432 1163 7540 -4557
