-14132 4960 -7380 327 15 -33
-14160 4956 -7036 366 46 -33
-14000 4836 -7360 407 25 43
-14040 4900 -7152 515 43 60
-13996 5076 -7184 478 74 18
-14100 4972 -7256 340 -1 -13
-14088 4964 -7240 249 -56 -59
-14060 4760 -7244 243 50 -20
-14240 4952 -7304 340 64 -5
-13988 4900 -7284 358 68 -32
-14080 4952 -7136 262 15 -49
-14020 5008 -7152 259 204 21
-14036 4880 -7124 312 173 -74
-13980 4864 -7176 341 180 15
-14148 4968 -7120 364 140 23
-14020 4932 -7096 326 198 30
-13976 4936 -7200 310 172 28
-14120 4972 -7380 378 168 61
-13940 5052 -7312 412 199 61
-14036 4828 -7128 409 229 137
-14104 4948 -7372 519 179 107
-14064 4948 -7236 577 146 97
-14052 5020 -7348 620 161 91
-13968 4880 -7384 518 122 87
-13896 5044 -7400 407 217 60
-13920 5120 -7536 317 284 96
-13948 5044 -7540 302 243 80
-13924 5140 -7640 262 314 64
-13996 5188 -7796 130 221 26
-13980 5164 -7280 40 46 -169
-14008 4904 -7476 7 35 -130
-13980 5068 -7580 138 33 -116
-13964 5256 -7548 199 -11 -41
-13816 5176 -7576 89 27 -79
-13864 5040 -7488 193 -5 -56
-13968 5160 -7612 285 97 -33
-13888 5188 -7416 311 -19 -76
-13976 5140 -7304 324 59 3
-13956 5096 -7600 447 21 12
-13920 5160 -7444 535 -64 13
-14000 5152 -7372 402 -143 -35
-13876 5212 -7404 358 -91 -105
-13992 5104 -7624 264 -2 -77
-13892 5272 -7468 240 -35 -49
-13852 5172 -7552 178 86 -36
-13972 5032 -7504 138 143 -1
-13888 5104 -7412 144 227 -25
-14024 4924 -7248 353 162 80
-14012 5008 -7268 527 264 169
-13948 5228 -7536 540 426 237
-13728 5044 -7508 420 746 122
-13904 5024 -7476 47 845 161
-14008 5244 -7380 -161 763 184
-14120 4628 -7144 165 751 300
-13972 5072 -7412 348 881 282
-13724 5220 -7660 145 1063 379
-14048 4748 -7528 390 1034 490
-14064 4808 -7788 715 1354 519
-13804 4884 -7908 1135 1181 600
-13740 4472 -8308 1121 1098 787
-13376 5372 -8952 750 1018 1136
-11112 6664 -8304 -1291 246 1520
-12344 6652 -8348 -1671 3475 1053
-19664 4508 -7864 391 2166 2450
-15172 6692 -6216 512 -209 3436
-11940 5660 -5004 -270 -2407 2381
-11168 2988 -708 1963 -2809 -1751
-12192 4956 -10820 5362 -1854 -4512
-14880 9424 -13744 3366 -50 1640
-19608 8548 -13076 3534 -2586 1350
-20676 9784 -13412 3514 1458 -1034
-13276 5700 -9948 1118 -36 -2102
-4996 3416 -7700 -3041 -1151 -1011
-1208 2352 -784 -7591 -463 956
1776 -2736 -2220 -6879 -6086 -1979
-19420 9444 -11904 3175 5787 -400
-32768 19464 -12392 275 3068 -6235
-15380 6284 -10396 -4506 -5001 988
-8720 3160 -3492 4942 -3168 952
1744 -5312 -768 6301 -2064 -2296
4476 1184 2072 7753 -6788 -6766
-2324 -1560 -2392 10499 -7101 -6329
-28856 19360 -23772 8907 17422 9663
-32768 8948 -16724 2644 297 4474
-21012 10148 -6292 4916 3262 164
-23040 7336 -10812 -5158 -2933 -4314
-7492 1564 -7552 -6411 1135 1283
-1876 48 -4332 -7454 -74 -1240
3300 308 -348 -8642 -2555 -892
-2628 992 -11000 -646 6901 3638
-32768 22184 -11856 5416 14487 6520
-23268 10268 -11012 -5077 -6314 -5815
-18480 4908 -6804 -1226 -21 5342
-13868 4444 -5384 4742 -944 2119
-896 -20 -2456 8055 -6289 -2316
7956 -1932 -3432 7457 -5346 -2309
1420 -1596 -420 10922 1142 -1590
-5592 -52 -12544 10598 -3808 -3778
-32768 18640 -21996 3302 22946 19457
-30220 11008 -12692 1804 -22267 -13077
-28896 13560 -17656 2774 7440 2520
-13200 8212 -11616 -6393 -4720 -2514
-3468 1236 -1904 -9325 -197 -1306
4380 -1820 -1664 -10495 -810 -1987
2152 -1168 -2292 -8451 1402 1205
-15604 2144 -12132 3146 12048 3644
-32768 21792 -11212 -2153 6161 -976
-18776 7336 -10012 -4443 -4373 -87
-12060 4768 -2840 1823 -2030 1102
-196 -3992 920 5511 -6651 -5377
6852 996 -756 3311 -4620 -5537
612 -2556 -900 7415 893 -4229
-8496 1236 -13460 4991 -1237 -4370
-32768 20648 -25304 2929 13468 17758
-27880 6452 -17264 -3843 -14967 -7651
-28436 10032 -11748 1754 7134 2590
-15532 8752 -11720 -4798 -3199 812
1372 3280 -4420 -7493 -1716 -1564
4620 -396 1332 -8767 1185 -948
2048 -1776 -8920 -6481 3124 1539
-14028 7832 -1344 2017 16091 4727
-32768 13108 -14392 -2184 3891 -2102
-23952 8964 -10844 -1748 -920 432
-12392 5120 -7128 3102 -1525 2303
-2272 256 -1084 6774 -2147 -2452
5936 -1532 -420 3634 -1311 -5203
-464 -3596 -40 8431 256 -4026
-5176 2048 -6216 7446 -4983 -6298
-32000 20088 -15640 3252 14279 14406
-32768 14968 -14312 1525 -10254 -3520
-21904 11216 -11168 4715 7489 993
-22040 7876 -12312 -1620 672 385
-4144 5028 -6620 -5285 -4903 -4285
2176 -1160 -1964 -5714 -277 -2872
1848 -2912 684 -5594 2696 104
-8380 3780 -11956 -8 12579 3800
-32768 14384 -13052 1794 11020 553
-23560 8836 -12700 -3366 -1833 -1919
-15496 4592 -8828 205 -3768 3280
-4224 1956 -2680 5804 -3730 -1528
6348 796 472 -289 -1720 -4348
1124 -7112 -624 5625 3169 -3818
-5468 -156 -13628 4144 -3709 -3057
-32768 19648 -7900 -321 6447 14172
-32768 14736 -15828 386 -5164 -6743
-24076 12060 -15580 2902 6198 3086
-22520 11412 -10852 -3872 -1294 -1291
-4708 516 -6364 -2714 -1258 -3589
1448 -2132 -1544 -2800 -899 -560
3352 -2812 -2596 -1795 592 940
-3024 6084 -8648 -167 5702 1725
-28756 11896 -10992 7020 9290 658
-32768 14800 -16728 -284 -867 -5230
-20340 7120 -10312 -3696 -3465 1727
-12352 4380 -5576 989 -3471 -2887
2136 -1824 -264 3608 -5835 -3526
7904 -2192 -1892 4370 -2059 -355
-108 296 -1296 6874 565 -576
-3580 1024 -15444 3206 -6119 -1227
-32768 10436 -15312 4982 10081 14421
-31136 10432 -15816 -2124 -15720 -8734
-27268 10432 -14364 1465 7394 293
-17400 6140 -8860 -2776 -1925 -2160
-2644 2336 -5248 -2910 -2091 -1085
2160 1292 -2772 -6314 -812 531
3684 -1668 -664 -5742 1727 152
-5748 2252 -6704 -4211 456 418
-20212 5672 -10556 6633 6994 -1331
-32768 18200 -11184 -558 4415 -3256
-27188 7084 -10596 -5828 -1819 1663
-20148 8552 -6820 -2674 -3993 1924
-5392 2328 -4832 3372 -4122 364
4840 -4096 -1812 6379 -9825 -2486
2432 -2420 1220 8538 -2735 -2711
796 -1672 -2324 11011 -2915 -4144
-13120 3768 -19340 7850 4811 3902
-32768 10320 -19984 -4235 -5969 14677
-19372 8096 -4572 3751 797 -4929
-24160 5668 -12352 -1375 1681 -1950
-7604 4304 -6512 -4350 -2082 -3015
1992 2516 -3552 -7436 587 -1986
4984 -1292 -3008 -7149 2684 -929
152 108 -7004 -6032 3149 -719
-23284 5340 -5420 6077 14973 423
-32768 14732 -16476 1405 7603 -4005
-25560 7008 -11184 -4957 -3017 2586
-20520 5756 -6872 -3022 -4546 2133
-9060 4176 -5484 1411 -4202 -32
872 -760 -1724 4785 -6203 -2384
5084 -200 144 4810 -1526 -3417
1392 -396 -2020 5988 -1023 -3367
-10408 2016 -17404 5712 4205 2666
-32768 15540 -23628 -5683 775 16115
-22056 7840 -7500 -877 -7368 -8104
-28924 6104 -14784 -1444 5570 -1275
-12176 4444 -9412 -4850 -1286 -1433
-1132 2544 -4624 -7905 1315 470
3816 -684 -588 -8758 186 -752
1024 -424 -3752 -10552 -523 -1636
-10988 2056 -12756 -1972 16338 598
-32768 18028 -15504 2758 13719 -2271
-21828 6404 -13432 -6433 -6671 -1232
-11056 6448 -6516 55 1482 3310
-4388 380 -3388 6098 -1602 -488
5276 -1756 -576 5209 -5074 -3339
1180 -2424 1248 7971 -2435 -4224
-6156 -988 -14212 5764 -4273 -3212
-32768 22492 -8244 -454 4463 15079
-32768 11592 -16776 -1538 -7176 -8525
-22984 12400 -16836 -2370 8479 1334
-19616 11260 -10792 -11718 3582 -4115
-2660 1820 -6640 -13296 3552 -4292
616 -1096 -20 -12577 43 -2600
1540 -284 -3968 -14853 5536 -141
-6704 5096 -13672 -10378 10027 2296
-30472 10340 -8760 -2803 11997 406
-27408 13040 -12660 -9421 4507 -11162
-19464 7344 -7796 -11822 1074 -5127
-13388 5040 -6076 -7835 -1125 -6778
1440 3000 -1620 -6599 -341 -7076
5160 -3140 -300 -6592 158 -8880
1012 -2128 -1096 -3991 3655 -9688
-6736 3884 -17792 -1572 7092 -7283
-32768 12756 -22260 -15913 316 11190
-31384 5784 -13988 -8329 -5745 -8023
-24340 13416 -11848 -4853 6422 -938
-16128 7724 -9160 -8255 2598 -4462
-5436 1716 -4952 -10647 2741 273
288 724 -1904 -8785 -1515 -1042
3000 -2680 -2008 -8604 3096 -1247
-408 2116 -9456 -9361 5645 -3474
-25424 14260 -12272 -3424 14623 -4732
-32768 11068 -18076 -7036 3358 -3239
-27904 8940 -11744 -7692 2622 5118
-17776 6132 -8140 -5459 -3861 3414
-6128 -856 -5968 938 -3010 57
2212 -2944 -2464 4041 -4006 -13
872 -3648 1912 8391 -2583 237
-5880 4224 -11488 8266 -3716 -322
-30128 14468 -14388 5673 2810 14403
-25144 9660 -12740 3721 -7420 -5950
-21664 8344 -14444 6855 2590 998
-13580 5984 -9152 1143 -5201 -1619
-2396 1080 -5092 -979 -7986 161
704 1152 -1880 -570 -4101 362
180 -32 -2944 -2612 -2853 -1726
-924 5108 -11232 735 -1028 943
-32004 16116 -13696 4539 11253 2449
-31280 12752 -15012 -3648 -1046 -2859
-29884 12100 -6412 -7151 -449 3166
-12608 3692 -3132 -4644 -2996 -1628
736 -796 -4776 379 -58 -1928
4812 -712 -3796 971 -174 -1943
392 2028 -2164 1557 -1534 -2653
-4140 1976 -10892 3523 -1206 -1237
-28716 12144 -21020 3991 11817 10566
-28328 14336 -10372 -1986 -1926 -3800
-25348 7820 -13136 4105 5188 -2755
-16088 5328 -8820 1303 70 -3475
-4032 2704 -3848 -1131 -3351 442
680 -116 -3440 -1063 -2769 -333
1844 -872 -344 -1160 296 -172
-1556 3276 -9308 -701 1707 -927
-24272 12844 -13796 6489 6325 1385
-32768 18372 -15560 -3300 -653 -3605
-27944 10692 -12304 -8604 -1533 2524
-20632 7124 -7208 -6655 855 3270
-3392 2492 -2500 -2018 736 -936
3636 328 -3208 496 -188 -1324
548 -5880 1704 5581 -729 -2676
-3496 472 -6928 5119 -4125 -3271
-26028 17524 -7472 530 4759 12858
-32768 7536 -15032 4918 -1414 -5358
-21860 10636 -11280 10322 2486 -461
-15092 7208 -8468 2836 -4442 -2392
-1656 1740 -4092 -1855 -4530 -847
4268 752 -1132 -2345 -2252 849
1944 -924 -3704 -877 2242 -1728
-5940 6328 -10772 -23 771 -2437
-32768 13976 -13020 1587 6884 5576
-31164 14720 -17628 -3245 -679 -2997
-26176 9424 -8644 -6125 -1086 5950
-14940 5400 -4800 -3012 -1499 978
-1732 -2592 -2964 1871 -479 723
3752 -960 -2424 3747 -1734 -2232
44 -1388 -2152 3977 -2842 -4266
-5816 4812 -14364 6671 -3816 -3450
-32768 19400 -21664 965 9049 15714
-27000 6848 -11304 4104 -4225 -5803
-18320 8276 -9500 6680 2562 -1603
-9364 3368 -6300 758 -2413 77
996 1720 -2552 -2002 -2466 1312
1260 620 720 -3195 -1968 1683
-820 -1992 -3288 -580 -2949 -1941
-18364 5800 -1244 5962 3281 -107
-32768 20984 -20432 1611 7153 -858
-29816 12544 -16960 -3816 1162 2120
-25728 9964 -7924 -4496 -1455 4997
-6728 1868 -3808 -1242 -2379 395
1608 -480 -1536 2559 -1016 -264
1876 -3812 124 5651 -1261 -2869
-3440 228 -3924 5075 -4451 -5083
-8552 9272 -19064 5138 -340 553
-32768 14084 -17560 231 4308 14476
-25660 10336 -12864 6274 -3410 -4632
-19632 8216 -9772 5874 1252 -174
-8760 3600 -6044 754 -3243 -254
1096 1548 -2100 -1321 -671 1819
1196 1180 -1980 -2523 647 456
-1288 176 -3492 -3782 -2472 -3076
-11280 5484 -12108 2763 6407 -1274
-32768 19608 -17400 1894 10095 -876
-27820 11184 -17132 -7196 -4334 -500
-27544 10576 -10280 -5366 -679 4159
-11072 4408 -6028 -2720 -3330 -282
-168 460 -1588 576 839 927
4512 -2288 -3112 2541 -1280 -2228
-2056 -1640 -1104 5504 -4612 -4720
-5700 4932 -12628 4188 -3081 -1820
-29024 14580 -18888 1718 1473 10629
-30200 11872 -13680 3122 -2831 -679
-21392 10860 -13880 7993 3670 -556
-14584 5868 -7416 1930 -1870 -2055
-3772 -76 -3736 -1456 -3342 -271
992 444 -2624 -1608 -1810 1336
-320 -1200 -908 -1741 21 -1145
-3592 5076 -10792 -732 -663 -2334
-26356 10712 -14804 7234 12843 198
-30820 15216 -16340 -1150 -2134 -2922
-25112 7420 -12328 -2918 -179 3709
-20392 5924 -8540 864 -3237 4905
-7484 2460 -3948 3791 -5275 3715
-356 -1780 636 7355 -5727 651
1980 -4636 -2056 9646 -5737 673
500 3404 -9992 9549 -3715 1123
-22976 17356 -17140 6204 -1158 13561
-32768 9372 -13548 7058 -9616 252
-21912 7136 -15052 14651 -493 1274
-17160 6128 -12272 10456 -2552 -1121
-4816 2380 -4980 3835 -7561 1712
-80 -612 -2468 5157 -6645 1935
448 -1488 -1240 5194 -7910 1289
-1676 8364 -15760 5202 -561 3768
-32768 13896 -14772 13045 10288 782
-27056 9124 -14612 8133 -3620 -560
-18332 6464 -9060 5831 -4735 6672
-12076 1560 -4504 12335 -4846 3254
3696 -1860 -1512 11883 -11237 -1636
5916 -4708 -488 16276 -6906 -958
1556 56 -4716 21212 -4010 -90
-452 -356 -15064 15646 -5717 -381
-32768 19548 -12332 6843 6487 24603
-32768 7860 -18336 2101 -10580 -5640
-24804 12132 -11176 7558 8440 878
-21320 7304 -11836 -37 -3056 -3548
-8956 928 -8400 -174 1429 -264
-4560 2484 -3468 -2563 -1843 -1034
2852 8 -760 -4239 -4932 -662
496 1092 -6800 -3383 -2235 841
-23768 5500 -13008 9497 5105 3786
-29512 20264 -7316 -1947 -961 -1143
-23188 8344 -9068 -6826 -624 230
-20160 5412 -4996 -3800 -216 699
-7292 5020 -4116 -185 -3821 -3892
808 -444 -4088 3009 -3815 -1782
4096 -3676 512 5429 1238 -861
496 -7452 -4452 9026 -464 -3192
-13108 10564 -18180 6988 9454 2717
-32768 13932 -22068 -10754 -16374 11132
-22192 9740 -7420 3931 -2531 -6318
-25760 9836 -13788 -751 3570 380
-9384 4560 -4860 -3939 -2792 -2285
-1164 0 -1064 -5861 -2769 -1230
8744 -2192 -2484 -5223 627 255
720 2784 -12924 -7263 4784 -1324
-24968 10300 -13000 5747 12170 -2440
-32768 14692 -13440 -1465 4065 -4372
-21612 7620 -9324 -3479 -1865 2928
-12680 4412 -6840 4238 -2168 1566
-604 -1052 -5044 8187 -7201 -2066
6052 1440 1952 5320 -1939 -2096
1088 -1844 -852 7197 -399 -5345
-2320 -560 -15516 6321 -495 -5470
-32768 14076 -7976 3844 13056 15268
-32768 11444 -21104 129 -11120 -6214
-27316 9596 -14672 2443 5063 2180
-17920 5816 -8320 -3070 -4579 -768
-1796 2380 -2980 -7083 -5057 -3011
5296 -936 -4420 -7563 -2419 1200
2000 40 -2956 -7755 1878 528
-7576 7888 -13112 -4701 7879 1261
-32768 11548 -14756 -50 10819 -624
-26208 9748 -13584 -3331 -1185 -2961
-16968 6388 -6368 -2344 -3039 1519
-7104 2312 -2864 2714 -2657 -1039
4712 -2996 -688 4917 -3383 -1539
3472 -484 -1984 4384 -642 -3648
-2096 -668 -2024 7444 -3122 -4318
-1528 5080 -20892 6196 -1081 -1969
-32768 14320 -32768 -6855 283 24063
-22816 8568 -11924 -887 -10078 -10518
-27644 9408 -14704 54 5650 3459
-20936 5956 -10080 -3320 -794 -3129
-3648 2380 -6988 -2018 -3070 -1787
848 1260 -2968 -3391 -1516 -23
4780 -1412 -2220 -4722 1586 53
-1840 2376 -10816 -5388 5544 2625
-28992 11440 -6636 6633 10057 1630
-32768 12252 -14784 72 1764 -5472
-21468 9480 -8776 -4847 -295 1674
-11180 5008 -6264 676 -1904 872
1836 -4540 -576 3925 -4969 -2071
5056 -2380 -3132 4021 -1240 -1404
-1984 -1732 -1264 8987 -1168 -3200
-9196 12484 -22572 2381 473 850
-32768 1600 -25612 -5317 -3721 19994
-21464 4988 -10788 4625 -7200 -5441
-25996 10724 -14792 2736 2277 112
-11060 5028 -7764 -3070 -8085 -7191
-452 1384 -6096 -4476 -3233 -1286
6400 -780 -2136 -4059 -2782 -877
1452 -964 -3092 -1547 2648 621
-14020 7040 -9816 7413 13831 1799
-32768 17056 -16864 2554 8451 -4244
-22408 7468 -14688 -5225 -3876 -2796
-18532 5000 -8448 -2388 -3200 4364
-5536 1764 -2448 5294 -3999 1111
7016 -6008 -2500 6031 -2356 -1698
2540 -2848 212 8735 -74 -3258
-3264 148 -3140 10495 -3395 -3603
-19992 11872 -32768 5169 7219 4857
-32768 9496 -15144 -1218 -1458 8601
-24632 7032 -15540 6364 7321 -2190
-23808 7800 -13536 -403 2303 861
-7112 2992 -8028 -4296 -5049 -991
-96 920 -2024 -5915 -1404 -956
7348 -2920 -2196 -4801 -224 -1
40 828 -6172 -5515 8172 1891
-19076 6284 -8636 4141 7685 2674
-32768 15248 -17296 1254 7257 -3920
-22908 6860 -17708 -2200 -3704 907
-15440 5232 -8628 1250 -10043 4727
3712 -3676 2128 8039 -10048 -2525
8056 -1932 -1216 4988 -2187 -2504
-412 104 -2672 6820 883 -1027
-5508 3656 -13868 -3047 -5395 -2992
-32768 10936 -8336 -1264 5865 12623
-32768 9144 -16716 1454 -14149 -6221
-23912 11584 -11912 4152 1851 -278
-19096 7188 -12212 -3166 -3558 -3519
408 2052 -4572 -4585 -3568 -5498
6172 -1364 -3000 -5917 -1351 -658
1232 -1648 -4292 -3421 6858 734
-15172 4036 -8412 3802 9156 3058
-32768 13580 -10220 3968 13564 -2543
-24248 7224 -13340 -3303 -534 -577
-22092 7204 -9428 -3036 -4996 7436
-6980 1544 -4328 1011 -6748 3172
4820 -3632 76 3117 -4936 -951
3624 -3032 560 4002 -3555 -3526
-2492 668 -4588 6074 -1943 -4202
-13248 8136 -19644 -935 1655 4966
-32768 11160 -22168 -12506 1402 25458
-19108 11636 -7720 7555 3529 -8795
-28696 7204 -12292 1989 3127 2447
-14772 6580 -10208 -1137 -5850 -5111
-3596 3704 -4164 -1722 893 -2114
3924 -1876 -1676 -3615 114 -355
3168 -1792 -2120 -4697 3238 375
-4228 5888 -11660 -1896 10282 1494
-32768 13564 -12328 5344 10972 1355
-28320 11000 -14808 -2394 331 -2955
-20000 10160 -9512 -6744 -3322 6757
3988 -4624 -736 1820 -4811 -4090
2692 -4144 -960 4719 -3005 -4978
-1436 1500 -2924 5403 -4247 -5984
-10516 13404 -13496 3150 9154 6161
-32768 7304 -15352 -6954 -11863 13928
-21748 16744 -6740 6853 9374 -2917
-28140 10096 -15304 -1591 5420 -3990
-6184 7360 -7328 -5157 -88 -4944
-1540 436 -2032 -7160 -1217 -1500
4424 -1984 -936 -5659 436 -392
-64 -324 -2540 -6702 2656 1073
-6384 8136 -15260 -2210 5956 1979
-32768 18704 -10260 -605 10681 -1441
-27232 12508 -11904 -11880 -164 -5805
-18168 5556 -6368 -11572 119 -4790
-10300 1064 -4840 -4281 -3791 -7415
3632 -2412 -4332 1003 -5531 -3596
7532 -2480 -3332 3718 1319 -4282
0 704 -1508 6766 2162 -5911
-7724 6124 -15504 3800 2634 -3889
-32768 5344 3944 -2182 1877 19849
-15548 3948 -5320 -670 -2929 -7222
-28844 976 -11772 -3886 2630 3823
-17076 4652 -7964 -3195 -3272 -4618
-7220 3476 -4984 -3935 556 -1076
-5760 300 -5588 -4960 2048 -626
-9600 4196 -8172 -6510 1720 2101
-17320 6320 -9108 -6751 -2268 4795
-15988 6572 -6640 -2579 469 -1233
-12808 3204 -6436 -1296 1496 -972
-12660 5488 -7844 -1563 2264 3126
-14156 6920 -5872 -410 2033 2358
-15352 5560 -5816 -745 926 134
-13520 5608 -6012 -1498 461 -346
-14588 5008 -6476 -625 860 -289
-14596 5152 -6544 85 -317 -716
-13864 5588 -6180 502 -476 -701
-14012 5208 -6800 1055 -658 -696
-13916 4904 -7064 2045 -477 -559
-14020 4596 -7112 3129 -648 -274
-14120 4000 -7576 4189 -527 543
-14176 4640 -7248 4867 -905 875
-14572 4764 -7108 5494 -919 643
-14404 3756 -6096 6368 -1285 720
-15228 4080 -5140 7068 -967 884
-15548 3328 -6552 8108 -2012 278
-14720 2316 -6816 9748 -2767 477
-14220 2432 -6720 11538 -3935 2374
-14612 2176 -6608 12845 -4647 3216
-14320 2892 -7180 13070 -4701 3587
-14816 5096 -6640 11067 -4350 3567
-13668 4380 -6316 8168 -4211 2992
-14072 4552 -6124 4911 -3925 3310
-14380 3972 -5972 4714 -3251 2805
-15680 6456 -5140 3409 -1764 545
-18996 5084 -8152 4539 -340 -27
-13812 3744 -7740 4267 -3049 1952
-8976 2788 -7348 6132 -2038 3540
-13952 7036 -5832 7161 1210 3356
-19792 7216 -7452 6870 -1098 2751
-14336 3600 -6092 8068 -4590 3397
-11632 3252 -5416 11757 -3034 4151
-13504 5708 -6948 13685 -2475 4344
-12836 6540 -8272 13452 -3004 3124
-13296 7924 -8896 10923 -1581 3216
-13852 7368 -7200 10270 -2919 3157
-13244 5392 -5064 12080 -3756 2241
