14676 -1668 6488 2614 34 875
14772 -756 5980 2692 -78 1559
14728 -1168 6444 808 249 1656
14700 -1468 6564 697 29 645
14588 -1172 6808 894 112 -402
14908 -924 6716 433 399 -831
14696 -1208 6828 342 448 -471
14460 -1224 6760 117 408 -466
14536 -1120 6660 488 55 -395
14308 -1328 6800 1278 -646 80
14496 -1472 6388 1335 -895 353
14324 -1380 6720 1127 -963 187
14976 -1204 6504 961 -784 68
14420 -1172 6588 1312 -529 -226
14740 -732 6404 613 -413 -220
14812 -664 6436 91 -415 74
14708 -1064 6408 -254 -262 -71
14344 -844 6260 229 -299 214
14892 -744 6712 191 -694 287
14640 -1060 7076 -537 -495 822
13912 -1492 6976 -2081 -27 1524
12848 -3012 6848 -2905 1025 1344
10580 -3460 6452 -5032 1901 3774
6772 -5588 6480 -3557 2473 4975
23056 -10412 10524 85 8421 12042
25788 -9940 12896 18674 -3349 8168
32767 -11320 12788 15447 -7820 -2773
17736 -848 7372 -2271 -11983 -5483
3304 4456 4292 340 -11013 -3572
744 1016 -72 -2605 149 -7650
1632 624 2344 -7689 4816 -3326
14536 -4004 8340 -6674 12714 1553
25896 -3920 10884 239 16457 2739
21928 -3568 11868 -11697 7844 -1130
14608 -5816 10700 -6882 -922 1574
6264 -1748 5856 2378 -4227 2305
-932 180 3896 3729 -5126 5543
-2012 -220 1648 914 451 2010
4296 -7292 6832 -674 8516 8045
18360 -13856 14276 1980 10242 13611
31460 -12492 15864 6023 5248 9898
26064 -13352 17696 8952 -2563 267
20700 -7864 13920 7707 -12927 -4193
4676 -548 6536 -1739 -14610 -3322
-2184 3460 -1876 9484 -6643 -5
868 1832 -180 11073 5914 -1370
8248 84 6240 -7378 7706 -2729
22560 -6780 18892 -11566 14653 -2917
19560 -9852 18476 -734 14745 -3274
15916 -6244 19316 9464 130 4650
7796 -1384 6960 6277 -2920 1880
532 612 3016 -1942 -6570 -1075
-568 -584 636 -982 -4812 919
956 -2940 3152 439 769 2402
8008 -5696 9948 -3527 3173 9121
16056 -11348 17896 -1484 2712 11060
23816 -16316 23724 7263 -1811 6761
25216 -12736 20200 18660 -5891 5164
15452 -4088 11696 6523 -13477 -4805
3412 2108 3232 -8480 -11969 2509
976 1976 -5272 -8014 -1679 1172
3436 0 -3096 2157 7154 1225
6528 -1732 4552 -279 6694 -4145
20848 -6380 15384 -19070 8010 -110
24272 -20040 22972 -10733 14103 -6500
16572 -1992 17828 17421 3172 9653
11296 4732 4792 -4430 -867 1362
2272 -824 1828 -8569 -4714 -6605
2936 -3536 2792 -4465 -2613 -8292
828 -2540 1960 -7930 1491 106
3072 -5304 4696 -7886 6363 466
8572 -8852 7524 -8561 8397 8372
13524 -21516 18136 5755 5504 10588
16232 -23036 22340 15201 -214 13071
20616 -11808 19532 24237 -10496 2129
16708 -1004 8844 -30520 -18051 -14579
5228 -2868 1208 -22761 -22607 -12988
3072 -4320 -168 9370 3859 318
1076 -3724 -1896 -8464 7150 -7259
10468 -8788 5784 -25205 -1771 8242
21100 -17184 9496 -2615 11873 13164
14152 -18904 13136 10401 10339 -181
10020 -12200 13516 13698 5131 -233
6084 -8784 6188 14008 -2885 1932
3432 -2888 4940 11857 -3038 957
5288 236 1576 5148 -1068 -2251
6572 -6788 5500 1661 1959 1708
13040 -6800 9652 -2364 10458 2812
10788 -11756 13000 -5474 6182 12542
8504 -20792 20488 9952 -3292 9548
18832 -26564 24704 32767 -5137 16910
9712 3924 8496 6478 -11556 -17724
4092 768 5244 -21049 -7302 -8454
3840 -4516 2552 -16509 284 -6029
5664 -3884 3984 -14654 7542 -1305
10768 -10720 10156 -18065 9195 6385
10092 -13048 12736 -14504 14434 8712
6884 -15760 12060 -9002 8212 389
7100 -13376 11828 3931 -2194 1835
5796 -6260 8448 5291 -1371 -5734
4080 -4936 4200 -2521 -3120 -10125
3004 -5712 5984 3029 -2942 -1923
1972 -4100 4076 -315 2845 2326
5616 -12384 9412 47 7132 8281
6432 -20480 14552 6573 5812 14010
3972 -19312 15576 15314 198 7003
4632 -19636 16156 6698 -7593 -2221
6232 -9916 10828 3470 -12045 -8120
5392 -4080 5660 57 -10470 -6354
4764 -2204 1652 1520 -3185 549
4788 -2884 1068 -161 -736 1256
7952 -5676 6256 2984 4077 5605
10196 -10956 17264 4011 6639 2190
8560 -12880 19356 -170 2653 3098
9700 -9168 20068 8024 -4904 3101
5348 -4872 9852 2985 -5658 -3179
3776 -4452 5332 -1835 -5573 -4346
3284 -3740 4820 2642 -2644 -729
3480 -3312 3992 3474 3779 2758
7052 -6936 8452 950 9534 8451
6672 -13108 13992 -2124 9128 12288
6784 -15596 20068 4478 1327 8699
5096 -14748 23740 7615 -8546 317
9152 -11020 18728 -12721 -15476 -16085
8240 -8232 10044 -5062 -16500 -11395
3012 3844 428 11162 -2527 -2983
4668 -2404 -1932 296 2785 -8787
5548 -6532 2336 272 4274 -2340
11888 -7208 12792 3607 7709 4223
13184 -7528 19120 4552 9388 -17
10140 -9936 22128 -2743 336 626
11152 -6088 20704 8880 -1037 2319
4652 -3724 9216 -5002 -3224 -4012
2932 -4456 4052 -2401 -5178 -620
2448 -2176 2956 5268 -28 6566
1644 244 1012 4721 5245 6192
3632 -8252 6548 -1660 9790 8379
7912 -12736 17280 3835 12269 16288
5828 -12304 24972 4403 308 7682
7628 -13700 31528 8575 -8916 4211
8132 -4840 18852 553 -13730 -4917
5888 -784 9080 -5018 -17467 -4757
5064 1316 2488 -139 -8794 454
5908 -4712 1488 -367 988 -4524
6752 -7040 2432 596 5406 -3799
10368 -9552 13564 -2534 7858 4759
11612 -8964 21252 13785 7849 -708
8252 -7088 20544 -2697 2704 -2973
5560 -4220 15104 -362 -1209 1056
1704 -496 4532 -3288 -2996 -4231
1832 -724 2420 -7590 -4772 -379
2848 -1152 2620 1990 -85 1966
3280 -4156 5996 1352 5534 3153
6988 -8116 14420 -1988 9171 7434
8808 -18680 27244 124 668 4205
8680 -17568 26212 5741 -6074 110
10488 -10392 17272 1245 -11226 -3915
5100 -1292 4968 -2530 -12034 -6417
1040 1452 -1512 -5270 -6800 -2202
3528 -1184 2648 -371 1805 -1604
9640 -9596 16940 5577 5634 658
18808 -7452 20808 1008 13 -2152
15716 -8284 17008 -4404 -1685 505
10260 -4336 6984 1465 -1435 -2225
5284 -3816 4584 -1875 -3588 -3134
3340 -2152 5592 -94 209 49
1684 -2088 4312 -560 6638 919
4968 -9296 11376 -3063 10166 8286
9484 -14328 21716 5466 3446 8235
10492 -14556 22064 5804 -4276 3485
11864 -12260 15560 944 -12998 -5077
8592 -3320 6668 2877 -16967 -6397
4044 2860 404 -4263 -9786 -4209
5372 -4764 4284 -2236 -2548 -4995
8884 -2952 6336 3223 3623 -1106
17552 -7576 15372 4546 8525 -1469
19548 -9284 19364 -3376 6401 466
19936 -5792 17968 3584 5123 2921
14692 -3948 11292 -3466 4723 -3363
9228 -4344 7120 -4583 1263 -3698
4336 -1208 3088 -1391 -336 -2387
1072 -684 1180 -2689 -106 -1360
1504 -1976 2636 769 4381 341
4776 -6660 7076 853 9198 3955
10316 -9856 14052 157 9058 8557
11124 -12072 21912 1505 2317 8474
12664 -11848 23628 8103 -4365 1903
11196 -6532 16032 -155 -7083 -4116
7108 -3548 7360 -1986 -9654 -7094
3816 -1312 1728 -940 -8127 -5978
1780 272 -172 -455 -3491 -3844
4248 -3072 3164 2171 3974 -3952
7232 -3768 7804 1927 9182 -1137
16064 -10212 22044 3012 10443 6
14964 -11020 26856 -2985 4537 -3096
17712 -8288 28032 3884 -1550 9568
9696 1800 12284 -1586 513 -2877
3040 -2820 5324 -11424 -6571 -5401
-596 -404 604 -1388 -3677 1110
-1484 -876 -520 2522 1467 2429
928 -4156 3104 764 4853 3510
6228 -9908 11472 1702 8593 7652
10784 -13324 20080 2382 5180 8105
12740 -17656 25864 5493 -1283 3996
13568 -11320 22256 8023 -6683 2964
11484 -5096 11568 -1474 -9547 -3859
6572 -152 5996 -3062 -9470 -7168
2384 784 2244 -2598 -4002 -5114
2216 -1080 3304 -1214 2540 -2133
3488 -2644 4276 1979 7961 -276
6968 -7788 12028 796 10623 4335
14812 -13204 27248 6030 10378 4568
10216 -7688 23444 -7272 4496 -3000
12480 -9104 25420 2400 -4363 6052
5304 924 10880 2473 -2567 -2245
1452 -836 4352 -20898 -5434 -1740
-584 -2620 1716 -9409 -2923 2842
-892 -1568 -308 3031 3710 6418
592 -4632 1948 6299 7186 6050
2396 -8864 10052 9067 5678 4891
8648 -19500 27156 6483 221 1821
12480 -15380 28140 4611 -5561 2111
11180 -10124 19492 4267 -10902 557
9756 -4084 8608 3475 -13392 -3869
8360 -1252 3436 -4987 -12602 -3987
4896 280 1064 -5195 -6653 -2730
2584 -608 -72 -5126 1975 -2890
5276 -4212 3976 -2160 9623 -1862
11140 -9108 15780 1706 12706 4009
19904 -19544 30240 10127 10091 53
9688 -8996 25568 -14956 221 1217
9764 -12332 22672 10574 -1964 3957
2012 108 7100 2895 -990 -5787
228 -824 2592 -11706 -4229 -2952
-1428 -1484 52 -1520 -279 -1101
-588 -704 -1048 3901 3126 2604
928 -5756 3104 1396 6045 5865
5320 -14812 14260 -177 6881 14227
9220 -17724 24584 8822 1880 8032
8252 -17896 27224 5973 -5566 4919
8400 -9468 19284 5412 -9131 4264
4660 -3580 8268 -1116 -11536 -398
4812 1288 2084 -5541 -8978 91
3064 824 -1600 -1882 -3691 -1262
3836 -832 -56 2576 3550 -2824
7156 -3204 6792 1426 8506 -620
12396 -10008 21336 -2686 11836 -1210
12784 -17520 30472 476 10279 -7873
9976 -13680 28100 -4512 -115 2612
5812 -6236 15564 6666 -561 -1201
2128 -3584 2216 -7433 1334 -7922
300 -1152 2176 -9721 3702 -3527
-792 -1532 192 417 5519 1293
-224 -4536 1712 6560 4395 4661
1824 -8220 8404 6139 5655 7862
-1016 -14384 19492 4742 1095 10025
2608 -19484 29524 17995 -2547 5071
3004 -10488 27188 6395 -7790 2973
5008 -6664 17468 -4836 -10729 558
5048 -1328 5288 -5097 -11364 -3077
2500 2056 -1464 -4746 -8526 -3279
2528 -356 -780 -1050 -2385 -3568
5192 -2600 6296 6904 5743 -2622
7468 -4860 16516 9125 9088 -1610
11840 -11880 31040 5921 5822 -8515
10600 -4672 27808 -9900 1046 -1858
7364 -5864 16340 2290 -2827 842
1532 1612 3424 -8842 -3752 -6117
1144 -280 1140 -13745 -6054 -4122
304 -2188 3036 -12 -2106 963
-100 -4828 5412 8878 4651 6555
2868 -7348 12908 6161 5501 10348
5632 -15796 23968 2532 -978 5538
11188 -18292 32364 12512 -3137 2667
9464 -9280 23252 2990 -3867 572
6068 -4916 11016 440 -5429 -2041
4424 416 1528 877 -6416 -2855
2360 1932 -2368 -875 -4588 -1924
4284 -1124 1464 2531 327 -1285
7560 -964 8236 7231 7132 529
9460 -5400 23940 5182 7545 -2845
11152 -9524 31840 660 1279 -7958
10860 -2812 21332 -12942 -4806 859
5764 -2636 8336 -4271 -6315 35
1236 164 1656 -11222 -7161 -4346
1472 -952 924 -2402 -1550 195
1016 -1704 3168 4115 4462 3661
3220 -7508 12800 -317 8249 8016
6296 -15280 27184 1465 5018 8906
13124 -20348 32767 15043 -70 3056
16848 -10500 24564 -1264 -3819 -4976
5576 -5720 10752 -4054 -9694 -14275
3552 -1728 5060 3038 -10327 -6847
1100 -60 -832 4929 -746 -4945
2812 -944 -1148 -3511 3229 -3987
7380 -2532 5688 2289 6444 -4118
11264 -5012 18500 623 6187 -4258
14064 -6200 27008 1439 3470 -6670
10348 -5288 20692 -11183 -960 1462
5252 -3508 9524 -5787 -3704 -2048
1124 -176 3156 -8155 -7222 492
-64 -340 1428 -218 -6198 6127
-828 -560 600 6047 593 5778
104 -3840 5436 2720 3420 8567
8876 -21084 27376 10853 -1787 19188
16088 -12064 31492 10515 714 15617
15916 -13760 28264 686 -2060 4487
9816 -7692 15620 178 -3481 -5921
3200 -8 6228 -5896 -20 -6014
4052 -276 -288 1520 2981 -2044
4396 684 -1392 5863 4239 -267
4984 -144 1996 5667 2146 1207
14288 -5960 20824 2992 3524 2681
14488 -5880 28312 3039 4004 -1742
12248 -4284 24132 -3096 1328 -2302
8100 -2352 11136 -5537 -1278 -5977
2548 -1652 2884 -10602 -7888 -4120
2340 476 2192 4285 -798 -2591
644 812 5568 12296 9311 -3689
-320 -1260 6344 -3029 11086 -3831
1148 -9644 12656 -7277 10022 4544
4816 -14904 25512 12376 7266 7544
2992 -13364 31488 11662 707 4459
5652 -8552 26640 23 -8305 3225
9508 -5540 14276 3575 -13645 -3962
5732 3024 2180 -328 -13130 -6587
396 2616 -3292 -2231 -7346 -11646
1456 -1208 -292 -1738 -2090 -7635
4916 -2080 6540 4415 2195 -3679
12024 -3588 19884 1819 5768 -1894
17428 -4140 30708 -2000 5908 -5194
8732 -1332 24684 -7543 2482 -1297
6268 -1348 17080 884 -431 33
2620 -1608 9340 -13459 -8049 1829
2316 -352 3184 641 -1723 116
344 472 292 4125 -296 2119
1056 -896 2704 540 4464 3741
2860 -2588 5016 -850 7287 6527
12640 -11696 23436 11064 2733 9549
6872 -7928 32767 8794 100 9337
10724 -4884 32767 1887 -9335 12107
6260 32 18112 2298 -10237 -79
3204 1004 3688 -4133 -14091 -3256
2428 776 -5188 2436 -7935 -6057
3996 -1416 -1188 3370 -628 -3973
8144 -596 2372 -1284 4197 -5696
9300 -480 8196 -2941 1925 -3105
20276 -5200 24760 11284 -2253 -10363
15180 7476 27020 -5497 -2182 -341
13244 -2700 20416 -2177 -2257 866
5444 988 6684 -1939 -536 -2865
2372 -12 764 -7411 -3742 -114
216 -212 -1252 239 -2078 4372
1480 -3336 1732 9446 3741 4864
1812 -2096 5020 19486 5137 7376
18828 -2360 28120 16321 2262 8803
21360 2232 32767 -2849 1937 -1172
17372 -2520 28820 -2752 -3316 3543
10832 1676 13732 -172 -8497 1619
5796 2812 2716 -1021 -7265 -60
-72 3564 -4800 -5185 -2327 -957
4564 -1008 -8 -5259 816 -1654
12372 -1736 8048 2322 6866 -4137
21268 -3004 22688 1434 8126 -5667
16916 2964 21720 -12491 7768 -3396
13140 -1880 17800 -5867 4415 689
7000 1144 9144 507 4707 -4038
4144 -1104 3780 -13247 2254 -5826
1112 2908 3080 -9599 4886 -8284
2136 -2924 3024 -6499 9874 -1501
1848 -3812 5152 -14590 12811 4179
3328 -17312 17804 -3317 10047 11148
6748 -13532 24588 13910 5295 13947
8092 -8388 24908 5386 -8381 3761
8068 -5244 17552 -385 -18226 -4158
6108 -1116 6720 -297 -21465 -5949
6020 1788 2896 -1735 -16445 -3065
4364 -196 -592 2397 -7267 -4136
7644 -2508 1328 -235 -308 -6950
10040 -4760 14144 -3399 3657 -6140
15036 -9096 32232 6919 4526 -4563
18248 -4812 30180 1410 5482 3032
14016 -2268 18824 5721 6751 5171
4676 2264 3628 -11146 2374 -2709
700 -1316 504 -14688 -3292 -25
816 -3168 -972 -674 -849 2595
120 -2992 424 6997 4818 4993
4572 -5756 7200 4015 9111 9344
7840 -11488 15088 -5096 4150 15610
12012 -22836 32064 -5836 -5846 14540
14044 -18712 32767 3031 -7938 7276
9708 -8712 19332 -2063 -10125 -3292
3792 788 4608 -770 -12124 -4881
-644 4272 -3520 -1845 -3444 -4433
2728 -1220 -1540 2447 5053 -6442
5388 -1752 1828 -1433 7640 -7174
9196 -11952 18116 -6322 10993 -1405
19284 -11908 22332 267 5257 -4423
13024 -8584 19356 -6627 5521 5128
8188 -5672 11372 1266 840 -2311
4132 -900 3868 4201 -828 -5570
1320 -740 1252 8443 -2278 -3862
824 -132 624 3912 203 -2004
1764 -4552 5656 3325 5137 -857
4224 -8908 11368 1172 11352 4722
4072 -18996 26336 3468 8416 9147
3672 -13544 32767 13238 7906 16066
6904 -10576 29996 9118 -1778 6940
5756 -1192 13148 -1473 -7698 -2766
5616 2404 -1200 -7989 -12662 -5829
3252 228 -3188 825 -7456 -6189
2196 -1000 -616 3770 -1904 -5673
4172 -4508 8792 -1025 2728 -3701
8100 -6616 21656 4466 6771 586
13516 -8908 30396 9582 8784 -758
11048 -320 23364 -7150 435 -2444
7352 -3012 15108 -11553 -6146 -583
3852 -2308 5700 -11127 -8812 -4366
2172 -2736 1876 3000 -2104 -1182
-236 -1580 3784 9687 2401 1747
-1100 -2548 3132 1002 5297 5001
1476 -6072 11948 -1484 8003 11791
4352 -15144 31276 7685 5572 13632
5304 -12064 32767 10162 3830 5795
5748 -12048 29164 -4068 -4007 4603
4680 -4728 12484 -1271 -10128 -5417
6132 3384 1212 -5288 -12647 -3806
3700 812 -2356 -1796 -8743 -4985
2324 -1124 1680 4624 -2823 -5645
4904 -2948 5884 6341 1496 -6274
8528 -1096 11912 2668 3852 -3855
11248 -7024 21164 -1170 1353 -6043
16468 -3088 28268 -3028 -1709 -1010
14324 -3712 21052 2503 -1456 1684
11908 1252 13028 4844 -1602 -1686
4528 284 5048 -4493 -4739 -5620
1192 -2252 3460 -3778 -4971 -7355
-1944 -2192 3864 -1490 -1679 -5044
-2420 -7160 4420 -5846 1287 2195
396 -3164 7816 2338 6386 11354
7220 -11620 22268 1308 3041 11012
10632 -14660 32767 3133 3562 10472
17996 -11588 31848 12199 3918 12750
11284 -5264 18220 3768 -1270 2921
9452 -4144 10352 -1372 -9022 -6519
6948 -96 1484 2219 -9356 -3335
3132 3500 -1068 -230 -5162 -1961
6960 416 3624 455 3173 -4872
5776 -752 4280 -13845 9583 -10816
6680 -7804 15584 -6651 10007 -9586
12292 -8628 28968 5667 6639 -4597
9100 -1152 20020 -1999 -1344 -1863
6000 -4972 11864 -7478 -6373 -4021
2236 -972 5052 -81 -9305 -645
-1720 -2084 1032 2467 -7707 3050
-1352 -1128 1960 8171 -2829 6483
1124 -3804 7932 2595 846 10137
4432 -10312 19212 -2357 4107 10304
19696 -17540 27968 11857 2268 8170
14944 -9724 25428 6234 1416 10206
12672 -7508 19592 4362 -7451 -1050
9612 -912 8696 8089 -10183 -1791
3608 2932 1384 -224 -8679 -1015
-500 1988 -1132 -3331 -3036 -2579
928 -2508 3452 80 5151 -3374
6624 -1304 8344 4453 12975 -3501
11592 -4300 14304 4276 14071 -2741
22748 -11228 26584 29 3510 -5442
15548 600 19308 -4357 377 3015
9448 -2772 14168 3602 -3305 1295
4932 876 10888 1343 -617 -4464
2612 -644 8016 -7317 92 -4707
1508 -2412 7880 -3975 604 -1899
3688 -3024 10956 5764 470 2274
9292 -2836 15056 7622 282 1964
8692 -620 14064 -1365 51 3404
6284 -2544 12964 -1033 -1610 6125
6708 -2428 12328 5446 -2235 4437
7224 -2440 13740 2718 -190 3221
7912 -3736 14772 447 635 2733
7692 -3276 13780 862 1430 2380
6888 -2528 12820 -912 1449 2824
6672 -2444 12600 -82 795 2361
6132 -2456 12820 170 118 1824
6940 -2496 13084 599 -158 1595
7020 -2656 12916 104 194 438
6600 -2988 12704 -826 271 -540
6496 -3872 13132 -570 -39 -716
6512 -3984 13376 260 160 -535
6188 -3692 13056 217 571 -238
5548 -3088 12244 539 657 -258
6136 -3068 12644 1398 82 -1105
6248 -2624 12332 1384 -184 -1133
6504 -2600 12224 1924 -866 -1557
5696 -1716 10720 644 -2507 -2257
5396 -1672 9884 -176 -4638 -2554
5680 -1544 9812 539 -7315 -1651
7336 -1580 9200 841 -9776 173
10020 -1508 10152 -4156 -12414 -1497
13476 -2076 9948 -7407 -13396 -4880
16104 -3192 10828 -7678 -13561 -8292
17108 -3724 10528 -1515 -12565 -10058
17704 -1736 9516 4138 -10852 -9488
16716 -560 7436 4298 -8451 -7838
16336 -1084 6752 4134 -6262 -5407
16216 -528 6452 3141 -4253 -4552
15572 216 6004 1544 -3784 -3586
15456 108 6400 -588 -3496 -3086
15404 -52 6920 -226 -2814 -2186
15488 356 7020 1069 -1279 -840
15492 856 6352 1366 774 266
15732 1200 6212 439 2773 805
15924 736 6080 23 4328 1454
15852 1452 5500 312 4773 1456
15500 1296 5344 -425 4905 1237
15344 1388 5472 225 4441 1375
15132 1596 5388 677 3528 1604
14824 1440 5392 1037 2518 979
