-15540 640 -2244 493 61 -45
-15408 848 -1836 589 39 -75
-15384 664 -2308 490 70 -12
-15508 704 -2044 281 33 -46
-15452 652 -2308 410 -48 -14
-15420 780 -2360 174 -13 -126
-15664 484 -2016 368 71 -66
-15504 676 -1976 387 112 40
-15372 704 -2196 392 89 12
-15600 688 -2036 442 177 49
-15384 628 -2196 407 283 57
-15564 560 -2172 453 252 37
-15524 816 -2100 397 159 -68
-15628 664 -2220 358 27 -134
-15412 732 -1948 420 141 -134
-15504 744 -2672 520 -49 1
-15500 608 -2112 406 9 -38
-15528 676 -2380 508 -107 3
-15500 604 -2160 575 -15 63
-15544 660 -2376 502 19 77
-15444 764 -2432 525 91 119
-15556 728 -2260 514 155 123
-15460 656 -2480 448 109 150
-15460 736 -2564 474 117 148
-15580 700 -2452 476 120 149
-15552 712 -2384 463 134 150
-15472 660 -2484 519 63 117
-15556 760 -2264 584 41 63
-15460 756 -2460 497 33 21
-15424 800 -2528 674 -97 75
-15380 760 -2388 552 24 42
-15532 756 -2372 518 -8 -4
-15432 684 -2404 602 72 5
-15712 776 -2308 670 28 7
-15420 776 -2308 606 119 7
-15444 776 -2144 638 113 65
-15356 724 -2024 601 234 135
-15304 724 -2116 587 302 150
-15320 536 -2000 679 387 217
-15120 368 -1860 623 323 189
-15736 360 -1492 603 434 91
-15416 -4 -1596 1136 701 179
-15844 524 -1988 812 951 177
-15432 960 -2412 1045 1657 598
-15376 812 -3104 880 1639 790
-15288 828 -3164 670 2074 921
-15024 1512 -4112 451 2541 1117
-15160 1824 -4544 234 2937 1422
-14936 1792 -4452 -81 3265 1659
-14704 1944 -4736 108 3188 1669
-14872 1548 -5320 330 2855 1480
-14772 1700 -5232 512 2152 1107
-13988 1264 -4588 936 1114 972
-15548 1080 -4832 1395 1173 856
-17520 384 -4864 2214 1209 1077
-16684 1248 -4196 1499 407 697
-12240 3864 -5456 -187 -1865 -439
-11304 7940 -5052 -6230 860 -167
-30504 4144 -3436 -8958 2340 -1808
-32768 4204 -2096 -5427 1608 -1277
-21364 1308 -2108 410 3138 -446
-4032 -2196 -3308 5656 2857 -1244
-84 -4644 -4600 11162 -1558 -2314
-8560 -2320 -7684 14512 -7702 -4191
-31372 1156 -13020 10272 1868 64
-26596 1396 -7972 6096 -595 1250
-15512 1456 -5732 3127 -574 3918
-3360 1520 -7296 -471 -1516 3450
-1880 2248 -5452 -4120 -1383 2175
-692 1784 -3116 -7038 -4399 1749
-1440 3028 -6376 -10904 -5396 126
-32768 8344 -2884 -11378 5731 3068
-32768 6588 -5764 -8430 -1462 -1915
-32768 4716 -3024 -4121 3905 -937
-10712 1196 -3448 2252 6365 2202
6076 -1732 -4784 3300 7290 683
-2432 -3000 -2560 6728 760 -2449
-2968 -1020 -1576 8405 -4733 -4123
-14532 1308 -10300 6672 -6920 -5356
-32768 -664 -15768 9043 1729 -132
-28512 1152 -6232 6677 -3012 918
-15836 796 -6932 4605 -1604 3227
-1416 816 -6536 -604 -3325 2120
2424 2916 -4904 -3721 97 2097
500 1604 -2316 -4247 -4487 2276
-2464 2068 -3832 -6804 -4761 1145
-25260 4420 -432 -6653 4124 2258
-32768 10280 -6768 -8219 2231 -1063
-32768 6104 -1308 -5462 2666 -1240
-23788 -1516 -5064 -254 2655 -1882
-7672 -728 -1976 4596 5274 -862
5536 804 -3644 5069 569 -2125
724 -800 -3552 6652 1144 -2170
-860 -452 -688 7757 -1716 -2882
-16052 -3244 -5772 8881 -6552 -3998
-32768 2064 -18060 5891 1772 2801
-32768 -1608 -5352 6721 2167 254
-20872 416 -7476 4451 -1416 2472
-4600 2064 -6860 48 331 3163
-776 1612 -3420 -651 -897 3882
2888 564 -3736 -2643 -4755 1725
2168 668 -3552 -4404 -5218 -161
-2736 3272 -3852 -7525 -2906 -1513
-32768 7572 -5884 -6941 7635 3576
-32768 6136 -5064 -8753 384 -995
-32768 4536 -3200 -7259 413 -1391
-22176 476 -2076 -1306 858 -981
-772 -1124 -3284 2355 -86 -1005
5396 -1348 -3924 3680 93 -2296
-1500 300 -1760 4730 -2233 -3460
-1068 -2820 -1584 7328 -4804 -4559
-22508 -2652 -6216 7321 -1960 -2175
-32768 2896 -6760 6449 -3488 -1195
-32768 -1800 -2860 6163 264 707
-17064 320 -5984 4034 -510 1412
-4504 2500 -3352 -355 -1722 1987
6480 2380 -6060 -3842 -1485 3310
1152 1340 -2764 -5297 1093 2926
1460 376 -4120 -6478 -1121 830
-12044 1312 1160 -8664 5455 1773
-32768 11608 -5732 -8668 2286 2910
-32768 6412 -1576 -6142 4289 1030
-30224 264 -3952 -2915 1789 -913
-6652 592 -2164 2085 2448 -144
7232 -92 -3944 2419 594 -2139
512 -2556 -2564 5598 1936 -2620
292 512 -5248 5926 -1078 -3691
-15512 444 -3512 3741 1548 -3323
-32768 -504 -13008 6836 -2604 444
-32768 -1372 -5656 5893 -2765 -1008
-21004 -372 -6664 5940 -2009 2690
-4848 64 -4612 2568 -1484 2150
3072 1612 -3452 1047 -819 2304
4116 2312 -3472 -2246 -831 1820
912 4 -4232 -2585 -2228 667
-2924 4304 -4764 -8265 -1945 344
-32768 9456 -3996 -8558 8573 363
-32768 4916 1220 -6358 2013 997
-32768 24 -3504 -3113 -631 -49
-7692 -924 -1188 1017 2776 881
7152 2596 -6988 2767 579 1671
-2616 -2248 -532 4386 -2078 -1593
-1052 -1724 -2252 6388 -6356 -4023
-16184 2352 -6592 3349 -1108 -6192
-32768 1804 -8672 5359 -2160 -25
-30916 1092 -7148 4709 805 2036
-17524 1400 -6472 2895 1146 4078
-3108 644 -4468 883 1074 3892
3656 2352 -3168 -1704 1431 2949
2024 1368 -3200 -4969 1746 2058
-396 -228 -2404 -5168 -2758 1215
-15284 5484 -892 -9885 -1404 -1294
-32768 8148 -4764 -5258 1385 1798
-32768 5316 -408 -4526 3642 1503
-29272 3984 -1752 -3017 1654 802
-7660 -128 -2848 1588 4227 516
5756 1604 -5244 5097 1807 276
-1740 -2056 -3080 6705 781 -2505
-1200 -2036 -1768 8802 -4754 -4552
-14836 1564 -6368 7186 -2153 -5308
-32768 1616 -11636 8500 -592 160
-32328 -580 -6636 7973 -1308 1
-19244 2068 -7428 4135 202 1610
-9288 984 -4344 2939 -6 2517
1456 2160 -3436 1185 -2136 2664
4192 2160 -5712 -2941 -1543 2737
-860 412 -2708 -1946 -3467 1581
-8952 4316 -2876 -8546 -2214 -1801
-32768 9676 -4744 -6940 4119 639
-32768 6680 -1388 -5031 -1869 -1912
-29948 892 -1884 -2248 1634 -2745
-6332 -844 -3356 2852 3933 -3234
4124 624 -3468 3992 2400 -3033
-1020 724 -2308 6268 1431 -2611
-508 -1124 -1792 7000 -3702 -3484
-16472 -1188 -4192 5935 -4754 -3785
-32768 808 -8668 4546 888 1769
-32768 -1780 -5776 5847 70 2645
-22928 260 -4416 2958 -1244 3061
-6908 1128 -5908 991 -1764 4177
2656 2400 -3028 -2302 -2182 3652
4632 812 -4748 -4680 -2700 3083
548 -772 -3204 -5042 -3087 1145
-10848 3728 -2996 -9557 -1017 525
-32768 6168 -2404 -9152 7069 2853
-32768 4548 -40 -5476 5800 -257
-32768 2908 -776 -2397 1919 -228
-9028 544 -3060 4754 2697 1071
7936 -600 -5844 4885 1640 -584
-2460 -892 -1976 7645 1947 -3052
-1356 1188 -2892 7750 -4595 -3819
-9684 -1888 -6068 8844 -7941 -5679
-32768 -1052 -10524 5762 5279 -758
-32768 -1556 -5732 7976 1549 920
-22784 1084 -4976 4813 1349 3492
-8940 1124 -5268 1410 1665 4367
-1184 2900 -3540 -1156 -1184 4300
260 520 -4484 -2782 -5350 3056
2712 1596 -3996 -4587 -6617 1607
-6744 2828 -2600 -8957 -1023 138
-32768 7300 -4356 -7887 5516 1944
-32768 6028 148 -7019 2111 -1011
-30676 1160 212 -4229 3400 -1766
-5296 -780 -2884 2140 5199 1182
4748 1184 -5832 3232 4134 508
-2192 -1052 -2708 4720 663 -1734
-1264 -1724 -1672 6411 -4845 -4924
-13756 1436 -4932 5096 -2525 -5648
-32768 1160 -9144 7816 405 593
-32768 -912 -5520 8040 -1164 240
-22636 2496 -4872 6062 -884 1786
-7340 44 -3400 3523 -259 3784
3876 2064 -4008 1331 -772 3111
1448 1988 -4728 -2591 -1729 717
-2532 1616 -4096 -5478 -5765 -654
-14616 4984 -2352 -9983 -1582 -1790
-32768 5852 -2132 -7341 2631 2044
-31320 3964 -280 -6447 -1297 -516
-20648 1092 -1092 -4008 1123 377
-6540 -316 -2560 -963 2700 1095
1332 -2144 -2792 1535 1838 -1266
60 -1748 -2796 4392 -3818 -3295
-3568 344 -3864 3771 -7707 -3866
-30132 -148 -4672 4514 1790 -3205
-32768 1648 -5376 7000 -145 -558
-30112 2340 -4304 5672 4079 2177
-19364 352 -4056 5089 2955 3545
-7404 852 -4108 3456 1444 2892
1224 2020 -4888 820 41 790
2404 1388 -5436 -2511 -144 716
-4572 3360 -2772 -6021 -4572 -721
-23976 6000 -424 -8757 1742 -1822
-32768 5864 -2944 -6469 487 1035
-29812 3904 -1832 -5308 1073 83
-19296 1560 -788 -4019 794 -113
-3800 504 -1548 -258 2943 2601
5656 -1260 -3864 927 1490 971
228 -2976 -3704 4866 -1898 -2165
-5060 -1656 -4248 5142 -4542 -4393
-30484 892 -760 5018 3815 -3911
-32768 1676 -5924 7050 -869 -1151
-32488 408 -4216 5458 2172 1222
-19356 296 -3956 3580 1033 2296
-3224 1616 -4076 1215 1905 3353
2996 2156 -4780 -2067 1646 3149
-312 1704 -4236 -4381 -1203 1771
-3240 1944 -4432 -6970 -4637 -243
-25344 5972 -636 -8802 2496 -337
-32768 7728 -3412 -6495 1300 1862
-30504 4684 -1980 -5257 2124 1067
-20812 2056 -1508 -1451 628 1818
-4068 -324 -2320 969 1600 2119
4924 -1436 -4672 2277 1287 -379
76 -1240 -4040 5010 -1127 -3852
-3432 -1984 -1568 6633 -5889 -6044
-21060 1232 -3144 6275 -831 -8924
-32768 6080 -14496 9031 3054 -1650
-32768 464 -3176 6951 5710 3602
-20524 -256 -4164 6229 -826 4006
-5452 88 -3672 4186 756 3110
4084 1472 -6016 909 -273 1753
804 2032 -3076 -1776 -1103 671
-3168 1640 -2816 -3708 -4613 -193
-19228 4460 -2324 -7265 -2877 -860
-32768 11124 -5708 -8102 2533 1779
-32768 3748 -3924 -5269 -648 1079
-21560 56 -888 -4607 1613 -487
-5664 592 -2824 -139 1660 981
2988 -768 -3672 827 1921 444
1088 -1212 -3072 3585 -1588 -3357
-2616 -1296 -2404 5308 -5496 -5009
-15072 -204 -5380 4599 -5204 -7148
-32768 272 -10236 6058 3932 -1420
-32768 1328 -5736 5070 1996 1671
-24664 1696 -3620 4280 1300 4672
-8660 184 -3116 1680 -432 5087
2672 1576 -4432 -797 -1638 3125
2912 1648 -5820 -3173 -1627 892
-1280 252 -3560 -4199 -3224 223
-10648 2928 472 -6625 -1787 -2816
-32768 7304 -3004 -5057 6943 590
-32768 6040 -864 -3845 -1433 -503
-26152 1412 -1060 -2746 1441 356
-11676 -376 36 1398 266 783
2256 -1204 -3700 4237 2042 608
2344 -1908 -3420 6022 447 -3311
-1744 -800 -1888 8381 -3201 -4596
-5140 -876 -6120 8116 -5129 -5940
-32768 -1016 -9592 6170 8494 -1283
-32768 -2132 -7620 5880 1924 1383
-28508 2560 -2756 4273 3753 4016
-12864 692 -6508 921 543 5800
-1624 2060 -4792 -1615 341 4602
324 316 -4340 -3169 -1619 2070
580 280 -3820 -5291 -3126 769
-2688 2800 -3944 -9569 -4065 -1312
-32768 7632 -3172 -9911 6921 -360
-32768 7056 2872 -8453 399 795
-32768 1200 -2036 -2649 5937 1059
-15464 2252 -3000 779 5407 1582
1964 -552 -3672 4216 5403 3301
416 -3140 -2992 6272 2127 -2169
-2256 -72 -1376 7296 -1026 -3430
-5328 -2564 -6852 8415 -8205 -5495
-32488 7512 -9992 3129 5765 -4252
-32768 -300 -11532 5607 -2752 1143
-26516 2820 -7940 3610 492 3722
-13256 68 -6512 2780 -2110 4038
380 632 -5232 -32 87 1829
592 1600 -3576 -1614 -2194 924
2500 1280 -4080 -3382 -3884 135
-2916 1864 -6696 -5485 -7425 -1960
-32768 7772 2764 -8499 -871 -2571
-32768 5328 -832 -6920 -369 -995
-32768 2460 872 -6446 2586 540
-24400 1912 -1236 -802 3221 1138
-2048 -1296 -3440 2864 3091 2909
3832 -536 -3424 2497 2095 -345
-1584 -2152 -2976 5798 311 -2348
-1004 -684 -2516 7006 -4003 -3834
-14148 1216 -6420 4561 -3338 -5738
-32768 -392 -10240 6708 408 140
-30016 104 -6964 6535 -95 426
-21264 704 -6880 3846 -706 2852
-5844 1320 -3884 1974 -1103 3163
3152 2332 -4148 -1039 -562 3475
3600 1264 -3152 -2621 -2439 1784
664 -116 -3024 -3704 -3894 357
-13996 760 2744 -5565 1239 -1764
-32768 10404 -3820 -6060 6319 3076
-32768 2376 632 -5676 2706 -31
-32220 2704 -680 -3308 2602 -517
-10036 1220 -1236 1405 3437 2231
5744 -968 -6160 3115 2106 1481
-1396 -1544 -2136 5400 748 -2710
-1360 44 -1476 4821 -2945 -3506
-11408 552 -8204 3744 -2914 -4496
-32768 504 -12968 6285 2130 525
-31524 -276 -7460 6518 -1622 -5
-18904 1656 -6240 4070 -822 3098
-5160 832 -3892 2214 -1295 4125
4292 2092 -4456 -283 523 3551
3400 984 -4424 -4094 -1510 669
-1640 252 -3044 -5235 -3628 -1211
-14120 5116 -404 -8828 -839 -1813
-32768 9128 -5384 -8033 4025 81
-32768 3828 -1588 -7168 159 145
-26656 -1436 -2316 -1240 4002 1165
-7448 2200 -1304 5285 838 2754
8824 -304 -5952 3987 -164 -2228
-2320 -1624 -2900 5386 1680 -3602
-5144 -3228 -3576 7448 -5246 -5408
-32408 960 -6216 5579 4985 -4039
-32768 -496 -9020 6344 -1087 -48
-23764 -1096 -5884 5544 -758 1629
-7116 2080 -6420 3196 -2184 3515
6176 4456 -4652 -351 -818 3313
2808 1828 -4512 -4633 -2698 2382
-2696 1544 -5160 -7421 -4605 942
-26860 4244 3192 -9192 5887 2745
-32768 7088 -3620 -6861 1857 1774
-32768 2844 -3612 -4055 2710 1508
-15096 636 -3196 -632 3489 928
3788 -648 -5600 3030 2712 208
72 -2616 -2728 4948 102 -3482
-1792 -336 -2944 6871 -4343 -4940
-11352 904 -7096 3901 -3914 -6898
-32768 360 -10432 5895 1427 -886
-32436 -1764 -5728 7559 -1296 1053
-25528 344 -5724 6483 901 2384
-12672 788 -5448 4635 -644 3010
1512 2708 -5604 1371 -1006 2734
1024 296 -2816 430 245 1394
1764 64 -4848 -955 -4075 106
-1824 2332 -3360 -3830 -3887 -782
-21200 4388 1472 -6467 1813 -1150
-32768 8352 -3996 -6831 3384 1280
-32768 3100 -1520 -5558 3141 -551
-22328 580 -1832 -1193 4307 -384
-4204 -1936 -3712 1889 7617 2093
3644 -760 -3480 3479 2788 -833
-1496 -1012 -1932 6136 -440 -2034
-2180 -404 -3996 4888 -6460 -3725
-16540 -92 -5380 3300 -2294 -3991
-32768 -3036 -10232 6070 -2989 -266
-32196 500 -6600 5741 258 1161
-19812 228 -5968 2592 930 3242
-5288 1276 -5212 175 51 4469
3488 2360 -4268 -2224 1867 4477
344 1372 -2284 -4354 -238 4442
-1016 -268 -2748 -5213 -5161 2687
-11064 2284 -3328 -8255 -3393 -139
-32768 10492 -6472 -8504 3455 -318
-32768 8336 432 -6564 1927 -1433
-32768 1924 -876 -4126 1045 -1418
-9956 328 -696 2099 1559 853
6280 28 -5108 2302 3445 1055
108 -2112 -3368 4510 977 -3883
-2812 -1360 -1156 7534 -3295 -5062
-11080 196 -7672 7391 -2875 -7369
-32768 -664 -11020 9819 198 -1199
-32768 -984 -6708 9357 -3347 -1105
-20840 520 -6308 6530 -1874 1719
-5244 1092 -5576 2537 -326 3087
3316 2400 -3508 73 -384 3347
2732 1580 -4772 -3511 -2569 1663
-400 936 -3696 -5100 -2883 766
-5860 2872 -1700 -8230 -2897 -226
-32768 3992 -6344 -5752 5615 3664
-32768 7644 1024 -4498 1729 653
-32768 -296 -1256 -5792 922 -365
-13088 676 -1496 -1211 3635 792
2116 -276 -3820 2634 3710 1987
1104 -2692 -3536 4372 1871 -1620
212 -436 -1704 7312 -1827 -2331
-7648 -276 -6960 6853 -2640 -2431
-32768 1864 -10196 6471 3879 410
-32768 2484 -10584 5499 -1893 15
-27624 1196 -7700 5151 368 2737
-14568 480 -5612 2624 -2135 2449
424 2052 -2156 857 -1976 1674
8088 1124 -3324 -1793 -508 222
-228 1048 -2964 -5336 -1712 -976
-896 2476 -6104 -7222 -3628 -1035
-27444 4336 -1832 -7989 3155 2063
-32768 9216 -4720 -7894 2626 -241
-32768 2316 -76 -7653 1287 -685
-26868 648 -20 -2793 1124 -55
-5384 -348 -1960 3205 2398 2074
6376 -1240 -4960 4013 -231 33
-728 -1816 -2724 7086 -350 -2257
-2480 -1584 -4108 7411 -3609 -4560
-28596 1400 -4528 6767 4877 -5700
-32768 1600 -12732 7380 -874 417
-29816 804 -5520 6427 -133 2527
-12136 112 -6248 4153 -1810 3061
-1236 2004 -3836 2308 -871 3019
2040 1084 -3340 -628 -2302 2086
2536 1728 -4092 -2818 -3942 998
-552 3456 -6864 -4869 -5384 410
-26772 4976 5152 -8277 4092 885
-32768 8176 180 -6909 433 1596
-32768 3184 120 -5866 2108 -887
-22196 256 -468 -476 2639 -1423
20 -464 -3752 2728 5324 1081
736 -1200 -4148 4385 1566 -667
-2416 -1024 -1060 7184 -3035 -2703
-3456 -1676 -4968 7577 -8970 -5671
-20648 1436 -3744 3686 1672 -4828
-32768 -376 -8836 4682 947 -715
-25380 804 -4472 4348 739 1777
-16312 -740 -3644 2739 -1442 2172
-8908 -44 -3508 1984 -1067 2548
-3960 1216 -3664 -402 -2359 1696
-5900 676 -4624 -1703 -3197 1112
-9536 -212 -4376 -3284 -4192 246
-18664 4924 -3076 -7629 -644 -1566
-27120 5124 -4752 -1489 -2198 1095
-10520 668 -3180 -3712 -2276 2939
-11732 -784 -1744 -3302 3210 230
-13496 3096 -3156 -2101 865 995
-15740 2524 -2752 -1407 580 -396
-16244 3028 -2588 -1288 1883 -747
-16116 1796 -1612 -931 504 -1255
-14496 748 -1400 1021 -481 -2054
-14500 1168 -2844 2077 -541 -2134
-17980 1800 -2196 1495 -839 -2582
-16812 96 -2984 1127 -884 -1728
-14360 -576 -2320 429 -437 -1326
-14136 -12 -2668 736 69 -817
-16260 -224 -2852 555 456 -340
-15992 -296 -2912 697 372 -238
-15388 -16 -3032 473 450 54
-15432 64 -3208 247 385 76
-15796 -376 -2424 245 299 89
-15652 -368 -2124 237 19 30
-15128 88 -2464 47 -315 -336
-15296 -100 -2096 479 126 -260
-15660 356 -1892 634 85 -114
-15388 148 -2260 602 117 -165
-15428 100 -2012 619 128 -196
-15204 -80 -1684 713 7 -217
-15308 -176 -2164 536 232 -60
-14824 -984 -1368 872 454 -139
-13880 -1876 -2128 1875 1168 -566
-15124 -3444 -2200 4268 2113 -525
-17240 -3756 -1760 6843 2626 -259
-16024 -2804 -1336 8744 774 499
-15600 -2788 -1100 10293 833 1123
-15172 -1540 -2128 10886 -174 2000
-15476 -1152 -2540 9173 -1100 2130
-15912 -1492 -1880 7440 -2683 2366
-19704 -1112 -3548 5914 -1717 2610
-21680 1848 -2248 6012 -2941 2693
-16960 -256 -3592 4293 -2874 2156
-12036 -76 -1924 5150 -1795 1078
-11112 2100 -3788 4583 -1572 -137
-15660 2228 -2248 5210 -838 -1199
-13112 2188 -2220 6710 -1777 -1561
-13324 760 -1232 7026 -364 -1631
-14816 344 -412 7765 -392 -1908
-15280 1048 -524 8422 66 -1576
-15312 972 388 8483 -131 -1219
-14664 956 -16 8169 -543 -1499
-14668 1076 -124 8301 -421 -1924
