-15456 288 -1440 511 -82 -76
-15532 452 -968 406 -130 -94
-15460 392 -1472 203 -124 -149
-15452 416 -1120 23 -175 -158
-15416 456 -1016 -165 -69 -122
-15480 308 -1164 -326 -20 -69
-15580 432 -1304 -471 323 83
-15232 384 -628 -258 627 194
-15636 432 -1220 -114 491 287
-15424 440 -1360 -63 518 295
-15264 368 -1524 292 366 337
-15616 292 -1276 587 553 381
-15860 636 -1188 317 137 132
-15460 568 -1392 468 125 258
-15464 436 -1424 664 179 389
-15600 660 -1588 631 -39 415
-15204 660 -1344 645 -1 288
-15320 584 -1668 418 129 108
-15568 832 -1248 324 84 49
-15308 648 -1700 442 132 67
-15408 704 -1468 310 81 -29
-15388 720 -1812 477 9 26
-15448 684 -1660 303 -63 -105
-15312 820 -1784 341 -52 -60
-15516 876 -1188 235 4 -91
-15396 636 -1684 463 -71 37
-15468 584 -1568 292 -1 144
-15448 632 -1540 307 -129 84
-15404 744 -1448 525 -86 27
-15420 872 -1572 357 -149 -9
-15464 696 -1364 348 -119 50
-15440 784 -1596 331 -167 98
-15608 832 -1556 201 -269 162
-15412 516 -1212 228 -149 141
-15420 692 -1604 76 -101 118
-15588 720 -1388 98 57 126
-15344 704 -1528 148 25 71
-15688 828 -1200 1 -4 -59
-15616 920 -1496 59 -10 -135
-15172 852 -1268 54 -34 -56
-15272 524 -1276 128 -29 28
-15388 884 -1216 141 3 -16
-15312 748 -1480 234 102 50
-15424 744 -1344 220 138 73
-15324 844 -1516 410 65 13
-15496 768 -1352 445 24 9
-15480 912 -1640 523 83 21
-15376 604 -1428 516 101 25
-15396 712 -1584 616 13 -1
-15460 776 -1604 584 70 56
-15432 704 -956 836 129 -42
-15412 680 -1668 613 210 15
-15600 564 -1312 598 176 28
-15172 596 -1432 740 311 114
-15376 508 -1516 716 325 98
-15184 444 -1308 796 535 187
-15384 308 -1420 817 760 247
-15292 196 -1412 945 861 327
-15640 448 -1152 667 673 241
-15380 156 -1136 521 596 341
-15400 12 -1096 596 753 495
-15792 392 -1852 681 991 559
-15872 940 -2220 742 1377 787
-15056 1004 -2252 783 1699 1064
-14504 1352 -2920 915 1947 1481
-14612 1480 -3252 1068 2083 1549
-15120 1840 -3444 1126 1784 1465
-16084 1600 -2472 1385 1814 1295
-15192 1624 -3496 1143 1503 1167
-15360 1932 -3080 1106 1260 967
-14896 2052 -3596 937 713 602
-15172 2640 -3176 -119 800 410
-14880 3376 -2880 -1295 1191 436
-18104 1908 -1308 -1254 1038 -63
-17452 1804 -1216 -625 48 -845
-15304 1132 -1244 712 -136 -1183
-12124 2016 -1336 2319 -1107 -1328
-6448 84 -2276 2793 -1335 -1005
-1988 584 -4324 3703 -2908 -1879
-3512 476 -420 4884 -4661 -3570
-9432 -1720 -9100 4073 -9831 -5699
-32768 2504 -8680 197 5880 -1178
-32768 -6596 1300 4888 -307 1488
-29852 112 112 5498 -1632 780
-15412 236 -3840 3490 -220 1914
-7612 932 -4344 1626 2589 2241
-1716 1156 -3368 -68 811 3021
-1188 1260 -2716 -1692 -1685 981
20 1200 -3868 -4613 -4782 -594
-13404 3048 2680 -7135 -1806 -2115
-32768 4472 -4208 -1511 3752 1252
-26772 5268 3188 -2325 4607 1924
-22908 884 640 -2527 4288 1765
-12236 824 -1596 356 3093 1968
-2356 -964 -592 3567 2991 2412
5424 -824 -4280 3182 -790 285
-860 72 -3552 4817 -2449 -930
-4224 252 -7764 5524 -7685 -1674
-32768 3704 -2440 1327 8679 -2536
-32768 -2708 -4236 8553 -2703 134
-30744 4004 28 4912 -1148 -989
-19460 1096 -4912 1591 -727 1963
-8504 1064 -3976 -2528 -4423 -141
6060 1720 -4008 -2233 -3717 2639
4980 588 -3424 -4571 -2163 -499
-2776 3536 -4820 -7270 -1477 -1901
-32768 5508 3324 -8230 8324 -298
-32768 4504 4000 -2307 -3751 -522
-25376 204 1664 -2208 1191 -746
-14632 2676 -1116 1767 854 1046
-5164 -696 -392 4036 3322 615
5416 -1932 -5840 6145 1922 133
856 144 -1492 6492 -1901 -1946
-916 -52 -3372 6409 -4525 -3930
-11500 1484 -2764 4990 -7381 -4472
-32768 2572 -15716 -2136 4706 -1112
-32768 -700 -236 3078 551 2399
-23992 1616 -3080 2803 -2055 1801
-10676 1376 -4392 -1615 -1072 2474
1220 2424 -3344 -3402 -698 2796
6328 -584 -5052 -5354 -1354 1026
-36 748 -2676 -5794 1127 761
-12136 1424 176 -7225 3419 -761
-32768 6996 -4324 -2725 6150 955
-32768 4320 -2752 699 -438 -711
-24432 1176 -1948 496 560 -1627
-12640 1624 -2696 3443 -440 -814
-1864 -1864 -200 6884 705 -875
8616 536 -6072 5527 -1773 -2986
-932 -1288 -612 8262 -150 -2743
-1968 400 -3736 9379 -3206 -2236
-31408 3280 -3868 2092 2668 -1764
-32768 -5708 -6472 2131 -502 -2399
-31788 -188 268 1837 -1147 94
-18572 -1124 -5704 616 -3340 1495
-5076 1100 -4496 -4176 -124 2507
5104 2208 -1116 -6901 1639 5956
2504 2368 -4260 -9278 -2104 2633
-18492 -600 1208 -9278 3737 1888
-32768 5816 -1188 -4693 1361 1273
-25096 3600 -932 -682 -65 1134
-15048 -304 900 1866 -696 -294
1260 -4680 -4564 10509 665 1862
4608 3372 -1208 7406 -723 -386
-2452 -1032 -3672 5611 -3543 -4738
-1876 1272 -3696 5460 -6400 -4589
-32768 5120 1284 -408 5611 -2786
-32768 -5940 -560 2104 -2427 -1428
-32768 368 4556 858 -1314 771
-16472 620 -5716 3 -2058 3295
-7136 2692 -3120 -3395 1891 3354
2440 1700 -3212 -5849 641 4356
2496 -1740 -1948 -5432 917 3271
-1788 484 -3528 -6246 -885 1139
-27004 4732 -352 -5817 4777 -875
-32768 7156 -1760 -450 90 -483
-32528 4864 572 376 1187 12
-16128 1392 -728 2865 -539 618
228 -2548 -3072 8177 -693 1028
6668 600 -3580 5460 -1441 -2353
-2516 -104 -1836 5538 -2459 -4167
-612 808 -824 5014 -5471 -4270
-15704 396 -2364 1373 -5316 -5275
-32768 2804 -11588 -2574 9204 -4572
-32768 -3292 4772 2448 560 -499
-24192 -60 -5252 4727 -1489 776
-8864 -176 -4444 373 2014 345
2024 2168 -2452 -286 2815 3192
4520 860 -3716 -1632 747 2385
-5012 76 -3948 -5053 414 1268
-25652 5908 -472 -6393 6384 626
-32768 5196 -3232 -3234 787 234
-28828 2420 -2384 -1615 -308 -441
-14124 -356 -1448 2204 -734 -790
-2148 -2484 -2512 9213 386 359
4876 -1272 -6540 8810 -601 -2276
-856 1184 -1276 6837 -1622 -5724
-412 -208 -2116 6653 -4565 -5414
-14220 1196 -6640 1392 -1048 -4826
-32768 -6204 -14696 -6281 2820 565
-32768 -3744 3400 812 -999 2068
-24776 -1304 -4136 2438 -3639 3084
-11468 -204 -4440 -2632 1344 3632
-4072 1972 -3512 -4762 2240 4236
3852 984 -2460 -6352 569 3950
1132 -1304 -2888 -6396 -1610 1270
-8732 -984 -512 -5979 -922 -235
-32768 3484 -548 -4607 4181 1280
-32768 2892 3016 -2475 1189 -437
-24452 -528 -628 270 -1083 -226
-12656 1064 -492 3509 1041 4
1532 -2848 60 7645 45 1971
5928 1052 -3712 5130 -1133 -1357
-2040 220 -1408 4339 -2488 -3503
904 -2096 -3832 6753 -3512 -3818
-27228 3996 -4340 3397 -3030 -3158
-32768 -5100 -4616 5564 -367 -1319
-32768 1172 2900 3163 685 -142
-23792 -2316 -2364 3377 -1667 1446
-8924 840 -5192 -1524 1765 2426
-1288 724 -2140 -3200 573 2568
5500 684 -1596 -2943 -4550 2542
652 2832 -3288 -7293 -1395 177
-22384 3524 4276 -8457 1916 -809
-32768 4752 -1848 -6150 2613 1868
-29452 2104 2680 -1663 -2106 121
-13988 1172 -1476 359 -229 466
-5168 -3296 1568 5442 1745 -25
7516 -416 -6424 6887 489 -2623
2056 188 -1452 6481 -1614 -5164
-4124 420 -1552 6169 -2811 -3916
-22440 4484 268 -1429 441 -2639
-32768 -3024 -10488 -2843 568 -2571
-32768 328 4344 -5055 564 -232
-18940 1544 -6756 -6402 34 3625
-6500 1144 -4244 -11308 2450 4414
5956 1164 -4196 -13729 2034 4391
1504 -1672 -3268 -13849 -884 670
-3644 1792 -5424 -16719 177 -756
-32208 4260 720 -16134 5404 348
-32768 7020 916 -12914 600 -1065
-24732 1384 -1312 -8534 850 -671
-10712 -316 -504 -4367 1428 -42
7880 -460 -5976 -4466 2859 1048
-484 536 -1640 -7935 287 -3728
-2736 -340 -932 -6730 -3483 -3166
-4552 -2124 -4828 -6044 -7005 -4587
-32768 684 -2652 -10167 11193 -3703
-32768 -5192 -2432 -4774 1680 -1324
-26732 -464 676 -4277 -557 254
-12520 -1836 -5032 -2525 -1890 3204
2000 1288 -2848 -4448 -1341 2839
2788 1180 -4760 -6278 -157 2547
-1432 964 -4900 -6932 -2420 2621
-16312 3028 -1680 -9232 1730 1336
-32768 7896 -3116 -11445 4009 1006
-32184 4520 -2796 -6607 251 2340
-24288 2184 -2368 -5989 2643 2383
-10620 1756 -1516 -3002 2308 3245
2224 -248 -2736 -2786 1359 1928
2972 -2500 -4320 -1953 896 -1244
-560 -1876 -3912 1126 -1688 -3329
-11628 -732 -3608 -97 -3473 -4926
-32768 2616 -8512 -763 5304 -2717
-32768 -3100 -2052 3913 -2479 -52
-23720 900 -3992 3178 -1520 1136
-11676 100 -4536 283 -2623 1110
-952 1844 -2800 -1546 -3476 1626
5072 2012 -5624 -3016 -4013 2201
-576 1424 -4076 -4730 -3261 1009
-19328 3964 384 -6851 1880 324
-32768 6104 128 -5452 2922 1735
-32492 4936 172 -5052 2182 1173
-23044 2288 -1040 -3526 723 1662
-8272 612 -1316 -821 154 1455
2932 -1240 -2336 1560 202 229
3088 -3084 -3568 5000 -1476 -2672
-5244 -892 -2512 6244 -3794 -2964
-22100 1748 -3632 4035 -681 -4290
-32768 -2832 -3272 4825 784 -1863
-27080 -88 236 5249 2150 -825
-17036 -512 -1368 6358 -619 713
-5348 1044 -3884 2913 -374 1925
2552 2916 -4608 -146 -514 1877
-1144 -148 -3052 -818 -3922 1820
-9180 2360 -3232 -4286 -5280 -91
-32768 6472 -180 -5885 3733 849
-32768 5220 1688 -4452 -1411 1128
-27568 524 -832 -4713 1334 495
-15980 2256 1916 -2213 -20 915
-1100 -196 -2012 -518 550 432
5728 -2912 -4424 946 1680 -1123
-760 -756 -3248 4478 -458 -1737
-5420 800 -3752 2996 -2064 -3379
-31680 -1160 -2608 2633 5854 -2052
-32768 2368 -4340 4845 1374 -1041
-30420 -1152 -1308 6816 948 2321
-18180 1180 -3536 5640 -1746 1790
-6096 -120 -3728 2843 -917 1329
1120 1076 -3768 969 -968 1023
2424 2208 -4716 -1912 -1027 925
-1584 1892 -5032 -4785 -3140 -588
-21696 4052 2316 -7602 1882 -1072
-32768 6744 -3084 -5772 2884 1496
-32768 4868 400 -5884 549 812
-24632 1128 772 -7072 -217 208
-10428 -276 96 -2051 206 1350
2776 -2076 -3160 396 164 306
3452 -2204 -5420 2970 -1266 -3127
-3460 -268 -1280 5041 -2928 -3524
-10828 604 -3528 4936 -2355 -4525
-32768 -1452 -5736 6691 3372 -922
-32768 680 -1980 6606 1404 63
-23432 1064 -2132 5804 -571 2050
-9896 -80 -3896 3208 593 3081
40 1748 -3412 -239 599 1893
2184 2072 -4676 -1661 -1722 1648
-1100 1052 -3332 -4246 -3377 754
-13220 3016 -100 -5423 -5164 -863
-32768 4684 -388 -4943 5664 3069
-32768 6092 552 -4332 2598 1447
-28440 808 -452 -6827 -391 89
-12204 44 1024 -1759 220 18
1448 -2852 -1912 2611 -743 -996
5836 -2660 -5216 7350 -1009 -3857
-2856 -716 -796 9658 -777 -3602
-10184 -1976 -4396 10092 -1630 -4891
-32768 1872 -5108 8234 6097 -1889
-32768 -940 -3316 7304 3201 343
-25000 124 -1936 5102 1463 1535
-9832 944 -2100 2863 -442 3218
1632 1900 -5196 -778 1197 3521
1564 1980 -3496 -3510 809 2389
-1964 1300 -4240 -4699 -2190 2197
-21908 3592 -1000 -6815 3020 1128
-32768 5996 -4076 -5201 2667 1353
-32768 5960 -1220 -3299 1024 1142
-24248 1640 -292 -5858 564 256
-11676 84 -712 -1638 105 -412
552 -924 -3388 1392 -1078 -2276
4040 -1548 -4912 3412 -2345 -4937
-1600 -2240 -1956 7103 -3217 -5420
-13144 -680 -3504 6709 -3887 -5442
-32768 -1260 -8084 5696 2534 -2165
-30156 -2412 -1128 6550 794 1071
-21612 -612 -2044 6443 451 2303
-8124 -736 -2344 4697 311 2417
-1088 1656 -3388 2597 -1297 2000
2824 1760 -5272 315 -1298 2200
-2388 2096 -4884 -2379 -1235 1028
-22836 2536 700 -3261 3235 -2058
-32768 3872 -3684 236 -31 1067
-32768 2360 -1628 -5391 5651 571
-25684 12 -1936 -2614 1299 1622
-12244 -176 -1312 736 2646 918
-1412 -1772 -2016 2018 1281 241
4176 -728 -4448 5262 -2356 -1312
-2848 -1864 -2084 8829 -3270 -1771
-15668 224 -4336 6587 -5439 -3591
-32768 -456 -8464 6335 2793 139
-30556 468 -4464 6917 1747 3230
-20436 772 -3708 6862 387 4795
-9172 -144 -4952 4518 337 3638
-1480 2308 -4592 2366 -1276 977
4 224 -4040 432 -2558 37
-1284 1808 -3420 -1168 -4026 -799
-15180 2344 -1276 -1957 227 -1062
-32768 5280 -1196 467 1268 1528
-32768 5656 -104 841 -786 1639
-27404 524 -268 980 -24 1350
-18288 1688 -448 4075 -28 1201
-6520 796 -1620 7231 587 1332
2096 -2292 -1236 9722 -790 -1590
2056 -2504 -5340 13059 -3112 -4326
-5508 -1256 -4760 13461 -5359 -5671
-32768 1304 -6592 9678 4258 -3923
-32768 -3380 -8012 13839 -2221 -1340
-26384 -1832 -2752 14353 -596 1099
-12732 -1776 -6664 12255 -989 1080
-6180 352 -5296 8924 397 276
-3404 2096 -3920 7121 -3578 797
2156 2468 -3656 3516 -4520 955
-7588 1988 -1796 665 -1203 -1308
-32768 4832 -816 472 3107 1322
-30476 1372 1140 5091 -1501 642
-20960 -1756 -1044 7053 2206 -865
-8212 752 516 9403 2360 708
5540 -4456 -5156 12800 4348 3008
2444 740 -2944 12616 -3072 -3088
-2284 460 -2140 12701 -3496 -2874
-4940 2224 -7160 10787 -7484 -3519
-32768 128 -3964 2759 13067 153
-32768 -6560 -1360 7200 -750 1841
-32480 -580 -1020 6805 -2253 1970
-15984 -1072 -4568 4365 -1282 3877
-5796 296 -3844 3310 -2076 3147
1960 1476 -3380 1558 -2782 2573
2588 676 -4592 -397 -1710 451
-5976 2208 -2408 -2621 -918 -841
-32768 5100 -456 -2563 4988 614
-32768 3880 2564 -882 -3730 -2329
-24336 1900 -1252 1402 -1784 -940
-11708 -924 -672 3168 -2606 -1032
2748 -1644 -2788 5580 -1442 397
6196 676 -3280 4458 144 -1253
-764 -1704 -1724 5345 -383 -2798
-748 1736 -8776 1852 -1752 -2642
-32768 4124 3656 -1761 13075 2164
-32768 -2704 -340 -2970 2476 -370
-32340 -956 1476 1178 1882 2127
-20844 504 -3648 2016 -1610 1986
-7812 700 -4040 -1354 -105 2149
216 688 -1976 -2330 2391 2089
3668 224 -4312 -2075 256 873
-2488 2596 -4832 -5285 388 -334
-29336 4108 -40 -5756 5995 -15
-32768 7204 296 -3089 -85 909
-27616 2224 -380 -1812 -2568 617
-14124 -528 -1216 2366 -1834 737
1156 -2624 -3004 7541 50 2558
4960 1260 -2220 5460 -1424 -1901
-2508 -176 -2704 6396 -2217 -3823
-192 668 -3048 5507 -5942 -4958
-32768 5112 -688 752 12533 -3868
-32768 -7256 -5684 3933 -5107 -565
-32768 604 840 2395 -2250 -412
-14684 112 -5196 1690 -3333 2408
-5236 1368 -3468 -271 -3904 1768
4276 784 -2860 -1933 -74 2241
2600 628 -4436 -2673 565 1052
-3600 2548 -3272 -5271 674 -106
-27816 3116 -564 -3481 6434 613
-32768 6572 584 -1517 1308 830
-27528 2640 284 -2167 -230 -1067
-18140 932 -176 79 -2165 -1235
-5700 -724 -2148 5668 751 1271
5924 -1676 -4136 6110 -431 -221
984 180 -712 6572 -3130 -3611
-1156 -188 -1132 6549 -3703 -2882
-18272 480 -436 2021 -715 -3848
-32768 -3084 -12536 -3483 1404 -2656
-32768 116 -1508 436 1159 1372
-20648 -64 -4044 1094 -956 3932
-6040 -1464 -2204 -2391 598 3144
5508 1320 -2588 -3598 -407 2164
2164 900 -3904 -4666 -936 2528
-5772 2368 -3076 -6592 76 1104
-32768 4196 612 -5510 5292 1459
-32768 4188 352 -1701 -684 183
-23500 1424 176 508 -246 -84
-7364 -1556 -2356 7113 -596 1944
6144 -460 -5864 6880 1942 1898
-72 -56 -1448 4080 -1136 -3726
-148 428 -1756 4725 -1631 -4193
-8100 -528 -6608 2352 -3802 -5267
-32768 2324 -10728 -3257 11794 -1210
-32768 -2300 420 4394 -1962 2673
-25564 600 -1944 5764 -5588 2968
-13044 4 -5164 2662 -1008 3551
-5076 2128 -2904 1039 -1629 2302
4560 868 -3408 -1200 -1113 2382
2076 452 -3920 -3132 -536 255
-11596 3912 -932 -5930 2553 -1217
-32768 6964 -2788 -4260 4629 703
-29748 4652 784 -935 1439 -339
-21184 2404 -1348 796 94 242
-5828 -560 -2324 4310 210 1982
4364 -556 -4096 3836 -375 -577
1060 -200 -2212 3923 -3288 -4138
-76 -476 -968 3748 -3692 -4015
-15136 1316 -3120 207 -2666 -5186
-32768 -3192 -10268 -882 2624 -4683
-32768 100 2700 238 982 575
-21820 104 -2124 3441 -4660 3911
-7648 -924 -3588 -263 -629 1943
1828 1564 -2804 -1027 1674 1195
4008 1688 -4088 -2212 562 1194
-1752 1220 -4228 -3899 -523 276
-16740 1612 -2240 -5718 3522 -594
-32768 5480 -2684 -3571 4985 200
-32380 3912 -56 -2319 775 -408
-24328 1252 -1300 -1718 -673 -342
-13720 1432 -1952 2947 -223 1070
1172 -1804 -3000 4804 -71 939
4696 -420 -2752 4465 -1957 -519
480 -860 -2136 6214 -1861 -1358
616 -184 -380 6905 -3918 -2048
-23728 1396 1428 4040 756 -3481
-32768 -6000 -9372 288 1097 -5427
-32768 -852 544 3194 3063 -1843
-18456 -620 -4484 2740 -2270 1567
-4620 708 -2900 -942 1207 2916
6420 1484 -4056 -2064 -863 2617
548 504 -2436 -3686 -2039 835
-30360 3040 216 -4717 4486 2317
-32768 5648 -1884 -342 -1065 2915
-26600 1568 -1780 -627 185 524
-16336 540 184 1759 -413 -230
-3184 -784 -1872 5693 -1097 1728
7640 904 -4260 4973 -1474 2192
196 452 -2756 5482 -532 -1709
-1180 -2076 -552 6668 -2806 -2106
-12352 1084 -5136 3333 -2430 -6047
-32768 -216 -10792 436 6862 -5855
-32768 -1728 -884 4924 297 81
-26388 -752 -760 4542 -4577 -479
-13716 132 -3068 2642 -789 1197
-256 1300 -2852 -104 -1628 1059
6168 1684 -4272 -2453 1667 1593
160 1512 -2080 -3804 469 -80
-12684 1264 -872 -7450 2506 -1432
-32768 4504 -3704 -5227 3974 -674
-29200 2404 -1304 -1460 -236 -330
-17396 -2028 -2252 148 1023 -1338
-2572 -452 -1912 3799 1780 -457
6640 2416 -3548 2301 -119 -1186
-1408 -504 -3284 1532 -2624 -4934
-220 -1052 -3036 3698 -5021 -5075
-17500 3204 -1492 -2473 -3811 -5963
-32768 -13120 -11924 -3933 -683 -2661
-32768 -3424 1804 -63 2756 -352
-21512 300 -3996 -1854 -1189 1613
-10640 -804 -3600 -4178 1271 3910
-2176 -192 -3676 -4488 -698 3167
2880 1476 -4124 -5857 -121 3289
-496 -12 -3408 -6185 -2134 2426
-12664 1872 -1164 -8683 -1465 165
-32768 6744 -4884 -9360 3789 3106
-32768 4240 844 -7220 -907 1772
-22052 -16 -2252 -6162 -2214 938
-7156 1268 -1444 -2353 -812 1328
5792 -2808 -3392 -1798 -523 874
2892 356 -3424 -2512 -2974 -3462
-1616 440 -2460 -1733 -2919 -2911
-3968 -864 -8048 -4184 -7705 -3573
-32768 -96 -12984 -12957 14628 -2791
-30180 -4520 4356 -6416 -728 3092
-28868 244 -2864 -4068 -1702 2922
-12892 -1712 -2632 -4069 -355 4607
-6284 1324 -3540 -4728 -550 2886
-3804 540 -3612 -6412 -1748 2710
-7596 820 -2860 -7813 -2657 189
-25288 1660 -1968 -6352 2830 -735
-22688 1544 -460 -1372 595 1199
-12800 -1188 -1092 248 -237 1729
-11892 1224 -2368 660 571 1741
-13976 2744 -1892 578 319 1172
-17824 2832 -1400 132 592 553
-16228 2980 -976 854 192 1192
-13816 1396 -1508 765 28 553
-15312 1564 -1440 681 534 -442
-15820 1616 -1072 641 265 -831
-14968 1316 -1808 -93 181 -773
-15708 992 -1268 -412 -55 -717
-15156 824 -1780 33 -168 -948
-15896 908 -1576 582 -36 -675
-15104 876 -1560 256 -612 -895
-14936 832 -1380 47 -556 -774
-15720 856 -1720 -292 -625 -771
-15628 592 -1400 -252 -608 -939
-15660 336 -1052 375 -942 -1118
-15552 188 -1112 126 -836 -1302
-15264 292 -976 334 -436 -1498
-15424 228 -716 607 -390 -1255
-15488 -64 -1016 731 -358 -1051
-15236 -200 -808 823 -210 -799
-15488 -416 -680 950 -131 -677
-15532 -216 -904 1128 -18 -363
-15272 -364 -1020 1194 -130 -183
-15416 -240 -1296 1157 -146 -180
-15660 -704 -484 1151 -229 -243
-15300 -556 -912 859 -385 -513
-15460 -444 -844 830 -247 -690
-15416 -392 -804 601 -154 -510
