92 6668 11188 -53 -243 448
-432 6892 11840 397 -18 471
-608 7572 11256 405 -61 372
-564 7476 10948 524 67 564
-668 7604 11252 395 101 367
-732 7472 11080 425 199 372
-952 7604 11252 552 157 213
-932 7316 11404 662 102 194
-972 7184 11156 885 104 350
-988 7236 11212 1279 -12 362
-1004 6956 11000 1563 -26 288
-592 6872 11356 1958 120 403
520 7272 11076 2528 292 1185
728 7636 12288 2853 567 2993
-744 7440 12964 1132 232 2318
-668 6288 11148 561 280 758
-124 6268 10652 605 1060 -25
304 6196 11588 908 789 -357
144 6080 11592 1351 -87 -951
640 5880 11336 1432 -504 -1457
284 6288 11708 1554 -103 -1422
392 7212 13652 1412 507 -806
432 8036 15260 791 667 -389
-532 10396 17076 -1755 70 -1883
-2268 13456 10832 -3791 -2066 -2989
-3816 10692 5864 -2421 -2807 -3267
-1608 9820 9772 -95 -1320 -2028
-632 7888 9076 184 -1763 -699
-1432 7140 8532 -980 -705 694
-1044 6580 8988 -781 -488 1370
-1324 5868 9580 -304 -299 1960
-1260 5288 10660 835 11 2311
-764 5260 12100 284 500 2739
-1220 5612 13292 -416 -254 2812
-2144 6188 14940 173 -1081 868
-264 13652 18596 -1160 252 377
1888 12792 8436 -3455 -4068 -1300
3432 11816 10336 2091 4960 2587
-412 10068 10924 -489 2611 3482
-168 6532 7992 -462 1675 2679
-68 5804 7484 -207 2515 1189
20 6316 8876 197 1406 -351
120 5680 9796 1410 116 -1433
872 4448 9264 749 -1135 -2116
644 5112 11548 2113 512 -1872
-108 6700 13900 908 -44 -2000
928 8376 17224 -265 2329 -172
-2780 14180 18804 -1594 1854 -197
-3964 10608 8728 -4071 -2685 -1045
-4048 8864 8812 1412 -932 -1034
-944 9180 10716 1226 -1236 -1030
-700 6556 8200 526 -2223 344
-632 6160 8348 1324 -1078 1947
-468 6732 9048 460 -136 3203
-1448 5272 9120 1071 372 3694
-1248 5028 9748 1114 1125 4073
-1656 5204 12908 1215 1527 3243
-2360 6004 16116 626 -129 1361
-896 9856 18656 -1006 162 172
-420 14000 13156 -4595 -2648 -50
2572 11000 7704 -1365 -1290 -1717
952 11288 10600 438 2311 173
-336 7508 9800 -960 1030 709
236 4732 7356 216 788 -275
180 4992 7392 745 2135 -929
-288 5412 8908 2332 1907 -1692
88 5304 10256 2545 965 -1360
-512 5376 11724 2569 500 -508
-236 6724 14104 2087 -12 -546
868 8748 18284 -176 1517 733
-4316 12944 20812 1449 1809 -1407
-3024 11508 8736 -4928 -3811 -916
-2676 9348 7808 -131 -1831 218
-64 8684 9392 1494 -2683 -63
-900 7032 8716 464 -2368 390
-524 5736 7976 950 -1256 1219
-292 5432 8372 678 -454 2042
-448 5036 8696 1318 -162 2662
-436 4480 11284 2092 328 2403
-1412 5772 13800 808 312 1291
-1180 7204 17704 193 139 -218
-376 13664 20356 -1087 152 -1511
1312 11668 8956 -4732 -2949 -1144
4196 10784 9544 1641 4760 3293
-204 10444 10324 -152 1178 3089
-1044 6712 8408 424 1099 1455
-24 5880 7796 -71 3019 455
-40 5428 8196 81 2049 -165
152 4848 9188 898 1094 -748
496 4616 10944 1935 548 -577
-64 5600 13248 1770 1071 -854
-236 7940 15968 368 1978 -670
-968 11672 19020 -399 1545 297
-4040 11284 10160 -4436 -3245 -2227
-5256 10744 10436 1747 -1653 -2871
-1536 10240 11812 81 -2741 -2046
52 5932 8368 1253 -3865 -930
-824 4836 6800 504 -3180 -621
-236 4992 8432 1427 -1639 602
-1308 5124 9592 1702 -1260 660
-652 4832 11164 1729 -1019 528
-76 5372 12472 660 -874 538
144 5748 16168 1635 -428 841
-1484 10924 18268 -647 502 -348
532 14200 12700 -4038 -1263 356
3000 11480 7268 -331 -528 -520
1724 10896 10292 732 4254 1904
-508 7684 8560 -899 3324 3430
96 5852 7684 82 2941 2709
160 5004 7948 1260 2129 1242
572 5580 8888 1462 913 300
672 5552 9408 2177 1105 -693
812 6136 13184 1966 2796 445
-384 6348 15648 -366 2347 145
-544 9140 15812 -1917 1676 -480
-7560 15152 17056 -2501 -163 -4060
-3836 12500 9128 -727 -4328 -2252
-2436 10196 9764 189 -3365 -1145
-92 6924 8416 642 -3624 -201
-1424 6364 6700 -1145 -2569 975
-796 5576 8260 1574 -761 2636
-836 5416 9472 1332 -981 2352
-648 5184 11284 2439 -990 1581
-476 5116 11884 1314 -685 383
232 5372 14540 345 -298 19
-1492 9804 18820 1967 943 -1326
1164 14920 15536 -2972 -1572 -961
2056 11284 7680 -3834 -1322 544
1356 9064 9200 911 3292 2792
-236 8912 10560 355 1546 2523
-180 6328 8384 -124 956 1125
276 5656 8544 251 2123 158
476 5180 8876 305 1266 -788
744 4348 9060 1703 980 -1176
816 4612 11208 2926 1026 -613
700 6124 13504 2461 1434 -492
872 10048 17724 -104 3119 548
-3672 14608 20516 -942 2880 -861
-3652 11124 9264 -4709 -4072 -2258
-4316 9280 8456 767 -1743 -2951
-772 8368 9784 722 -2099 -3379
-1288 6500 8056 294 -2832 -1922
-976 4960 7732 496 -2162 -93
-488 4888 8032 831 -910 1546
-1244 4748 9628 1658 -197 2129
-1304 5124 12584 2348 264 2148
-928 5180 13428 426 -66 2259
-1256 5948 16108 934 291 1702
-1104 13684 18388 -765 1778 1865
904 12852 11376 -4115 -1984 1466
3068 10632 10244 1104 312 1717
452 10252 10676 -13 698 1824
-332 6460 8632 604 871 991
544 5740 7948 340 1897 624
340 5360 9072 278 1502 -432
800 4752 9344 1411 1030 -1224
768 4972 10348 2629 866 -1050
356 5000 11592 2013 1400 -682
-456 7940 14468 986 2920 -375
428 9168 17660 -1494 1514 97
-7064 14956 14980 -3589 -441 -3142
-3924 10364 8572 -1664 -3644 -2216
-2080 9840 8992 1 -2484 -2360
392 7488 8468 1453 -3069 -1226
-1184 5936 6548 951 -2561 295
-1036 5812 8164 1030 -1461 1364
-796 5532 9088 1110 -917 1194
-948 4948 10628 1546 -253 2095
-952 5200 12780 1153 -249 1690
-584 5280 15212 -77 -902 1790
-2492 9420 16964 970 368 626
1604 15024 15984 -3581 -1428 342
3604 12008 8236 -3497 -2519 -653
1344 9352 9272 1388 3279 1503
-40 6996 8728 812 2434 2049
1188 5724 7548 214 2393 2062
496 5684 9044 928 2589 1514
28 5704 9604 738 1434 -995
140 5524 10044 1586 745 -1216
816 5300 10844 751 6 -2038
352 6548 13176 -64 1600 -963
1484 8532 17556 -279 2543 1197
-5636 15156 16336 -2599 588 -1228
-2824 10116 9148 -4115 -3189 -450
-4084 9288 9544 1004 -2772 -2107
-632 8252 10112 1015 -4283 -3505
-920 5496 7884 -886 -4136 -2840
-640 4480 8196 1130 -1907 -98
-20 4944 9256 1169 -952 1365
-816 4560 9608 1554 78 1633
-384 4828 11764 1900 674 2251
-604 4900 12820 216 651 2699
-2072 5664 16360 2584 1690 1626
532 13808 22440 172 2808 1532
-180 13688 11008 -4253 -3962 -1040
3084 10384 7728 200 254 537
120 8912 9884 -153 2464 1699
-268 6796 8972 -459 1107 1355
896 6460 8812 51 1245 1477
532 5036 9372 74 2193 956
-140 4184 9500 1812 1463 114
448 4600 11024 3211 907 -909
448 4960 11640 2287 978 -227
52 6212 14456 2898 1930 -149
168 9084 17988 -253 1662 -184
-4812 15452 17604 -1273 -551 -1747
-2908 9848 7968 -2844 -5576 -2536
-2476 9088 8336 1721 -2406 -2289
-240 8156 9864 704 -2628 -2905
-572 6144 7944 82 -2561 -1466
-428 5676 8280 885 -1378 342
-176 4920 8832 367 -506 1235
-572 4480 9052 1472 635 2399
-780 4892 11352 2390 1623 3264
-1828 6532 14416 337 1373 2407
-2408 8460 16500 563 1612 1208
500 14736 16656 -3974 -552 1444
1184 10976 9240 -3460 -2481 -135
2084 9936 10024 302 1991 1123
-1012 8340 10432 -465 788 716
-160 6420 8284 -147 341 -161
796 5300 7940 248 1578 -499
260 5548 8576 580 1810 -973
884 5036 9444 2079 1381 -802
292 4900 11132 1970 855 -528
-420 5264 13664 1884 1637 -260
-576 7144 15780 -209 1883 -529
-1888 11940 18748 -374 2421 -1036
-4704 12060 10228 -3474 -4388 -1807
-5276 10180 9940 1543 -2536 -2750
-820 9904 11684 1140 -2513 -2209
-132 6672 8464 769 -3681 -637
-580 5516 7196 21 -1918 1277
-356 5616 8456 447 -632 2846
-1564 5216 9348 1487 828 3426
-876 4744 10892 927 771 3154
-1008 4888 11544 169 1145 3273
-1276 4880 15368 990 752 2449
-1412 10332 18844 -79 1253 636
-8 14952 15204 -3154 -1291 -63
2732 11048 7772 -1719 -2488 -946
1092 9668 10320 1290 2650 1013
-800 7084 9432 799 1363 841
40 5784 8112 1506 803 -222
168 6088 9272 1244 1196 -1170
76 5168 9076 1258 504 -1583
596 4880 9712 1775 -137 -1725
320 4856 10744 1828 318 -926
240 6660 13724 1317 1207 -727
460 9032 17696 -912 1520 301
-4468 13448 17012 -2310 1278 -1217
-4092 10500 9232 -2827 -3818 -2465
-2788 9468 9224 1575 -3388 -3460
248 8344 10288 1210 -2791 -3304
-668 6152 7764 153 -2521 -1105
-488 5200 7136 967 -1023 770
-484 5316 8340 1590 136 1750
-1420 5056 10360 2268 584 1961
-1304 5608 11868 519 439 1590
-1316 5088 13628 472 421 1490
-2664 10080 18616 1354 1211 -312
104 15172 17268 -2701 -1021 -370
2764 11964 7760 -2693 -2108 766
400 9416 9540 628 3204 2965
-1240 7512 9432 564 1922 1725
376 6900 8108 50 1632 621
-56 5480 8856 159 2124 431
116 5676 8412 -352 1076 -552
164 5156 10660 1478 1339 -410
84 5140 12312 777 146 -808
-736 6528 14580 477 642 -834
-552 8728 15628 -3457 221 -103
-6368 13320 14872 -2452 -1906 -2137
-8380 9828 9340 683 -5228 -6509
-3944 10248 11232 4874 -5252 -8592
-2648 7592 8228 5103 -8118 -9232
-3008 7096 6824 4374 -5492 -7337
-2008 7296 8252 3334 -4664 -5721
-2864 6796 7948 1782 -6938 -5460
-2704 6748 8892 1078 -5018 -3536
-2140 6104 10524 378 -3672 -1914
-2760 5620 12916 -732 -2917 -1012
-4812 7680 14764 -454 -2311 -3758
216 13648 17864 -2921 -2099 -3286
204 10944 9284 -1963 -6521 -7523
-556 11104 9444 1294 -3663 -8397
-1792 8640 9872 -365 -4366 -9677
-1224 6592 8588 363 -5079 -11211
-1664 7636 8708 1909 -4620 -11990
-856 7364 9560 1780 -5312 -11734
212 5544 9660 1810 -5655 -10909
1232 4536 10532 2909 -5823 -8980
1080 5092 12120 2850 -4546 -5978
1232 7948 14940 1638 -691 -1577
-236 8428 17436 -1298 -38 -312
-6104 12652 13028 -2701 -390 -5503
-4008 11444 9200 -168 -3541 -6395
-1828 11956 10408 1933 -4169 -7175
596 8280 9856 336 -4150 -5593
-1104 8368 7664 -1276 -2805 -2843
-300 5732 7584 -22 -1456 -188
-404 5308 8112 248 -404 911
-664 4956 9492 1301 516 1870
-684 5224 12388 1196 704 2483
-1448 5220 14908 220 302 2694
-2672 7288 16840 1304 427 -28
460 11780 17600 -2963 -314 770
1516 11692 8588 -3439 -1604 -1127
3080 11896 10676 1977 2127 64
-112 8248 9268 -643 1549 1811
-644 5868 7500 605 1068 239
580 5772 8092 615 1895 -599
160 5588 8900 661 1522 -1730
276 4864 9476 1397 97 -2399
1228 4716 10992 1926 -280 -1936
1016 5576 13516 1330 469 -1509
-532 9340 15948 -854 1246 -1375
-2540 11072 19032 -534 1659 -2031
-3508 12372 11784 -1824 -3546 -2983
-6208 10292 9644 1990 -2772 -3935
-648 9096 11064 1604 -2754 -4640
492 5680 8016 -53 -4452 -3447
-740 5300 6528 -1016 -1767 -479
-164 5312 8292 893 486 1960
-1752 5480 10200 1299 1288 3331
-1888 4664 11620 1611 1162 3552
-992 5532 14068 916 1014 3642
-2476 6628 16828 1037 23 2013
-704 12636 19012 -2284 1216 2076
968 12868 10524 -3849 -1784 1687
2884 11876 10164 1277 1932 2421
-460 9832 10448 -433 1132 2251
-1568 6176 8112 678 330 -53
-288 5888 7988 278 875 -1912
252 5364 8188 -525 530 -2735
892 4724 9096 1240 468 -2046
892 4860 11088 2332 664 -629
256 4992 11960 2035 773 150
4 8408 15780 1149 1982 929
148 9444 17676 -2684 602 -844
-4544 14160 13048 -5109 -2009 -2417
-3504 9280 8836 459 -4306 -3216
-1596 9768 10308 714 -1452 -3532
104 6932 8908 441 -2017 -1541
-304 4640 7180 -36 -1192 935
-464 5260 8468 1178 578 3112
-1012 4724 8856 897 535 3790
-1200 4824 11340 1908 983 3791
-1176 4804 13344 679 289 2949
-1380 4448 15964 1271 -53 2037
-1668 9068 18388 1247 595 -176
-768 13840 14064 -2965 -1402 -344
3172 11936 7984 -1487 256 1006
1700 11472 10596 732 2032 2867
-888 7280 9300 -190 574 2837
-308 3940 6748 1449 933 1346
480 5960 8568 369 1040 344
272 4780 8504 445 -124 -1040
432 4768 9480 2065 -292 -1849
1532 5192 11908 1445 -232 -1966
2068 6964 15380 1467 1441 -141
212 10768 20260 601 3274 1742
-3392 14804 14708 -4359 584 1193
-3812 9388 7652 -2402 -2402 -1257
-1116 9588 10040 1061 -1535 -1482
-528 7676 9192 109 -2719 -1893
120 4748 7668 971 -1472 -884
40 5876 8436 1084 -169 -204
-384 5432 8592 1396 677 804
-684 5012 9364 1705 1178 1877
-868 4488 11516 1787 1547 2765
-1440 4948 13880 940 1243 2898
-2688 6748 16160 1284 910 1152
-2052 15156 18996 -1867 1064 415
180 13712 9984 -4292 -3281 -1448
3016 11020 10236 900 2406 1754
-636 9440 10440 -1256 999 2636
-848 6068 7888 -279 -274 1119
-104 5496 7312 -481 1023 -631
-124 4964 8404 549 895 -1536
168 4668 8864 923 -110 -2531
392 4776 10996 2906 226 -1901
248 5068 12192 1308 674 -1349
28 6908 15496 1223 2387 -526
-444 9296 19296 -693 2582 382
-4928 13764 14644 -4028 -1172 -1589
-4680 10560 8444 -1647 -4419 -4812
-2376 10732 10444 846 -2946 -4244
-4 6800 8560 939 -3637 -3075
-248 5564 7804 201 -2588 -498
-184 5200 7892 569 -1359 1525
-884 4948 8872 378 414 3090
-656 4552 9996 1077 1255 4656
-1048 4164 11700 749 918 4568
-1328 3388 14652 986 671 4077
-3972 6300 17128 2411 443 569
752 13640 19988 -1739 321 469
648 11448 9080 -2849 -3249 -441
3536 10392 8920 2491 1338 1421
-772 9240 10124 702 1503 1613
-232 6976 8580 754 1192 438
520 5584 8280 -78 1903 -168
200 5180 8776 205 1647 -283
324 4876 9384 1150 632 -884
88 4820 11308 1769 178 -1178
448 4972 13360 994 20 -1062
-36 7824 16328 184 1436 -476
-1516 11508 21116 333 1899 -8
-4236 12064 11008 -3866 -3409 -651
-4152 8716 8584 1316 -3083 -2923
-48 9500 11204 888 -2600 -2789
-360 6548 8672 1007 -3168 -1540
-536 5328 7716 208 -1878 -205
132 5048 8324 648 -1113 1022
-308 4716 9564 1276 -83 1910
-412 4712 11744 2001 438 2098
-80 4812 12912 906 235 2185
-1136 5828 16168 1324 1360 1019
-1624 14404 19920 558 2657 462
988 12768 12248 -3521 -2218 -1371
3256 10748 8064 1020 2234 502
336 10944 10672 -181 2638 2512
-832 6908 8768 -538 1093 2046
188 5528 8384 -374 1490 810
92 5192 8544 129 1378 -571
748 4628 9024 594 191 -1521
1480 4452 10064 1870 -135 -1244
884 4556 12052 1385 587 -827
428 6652 15540 1244 2660 -305
100 9256 20020 -1475 2193 845
-4600 13184 15056 -4253 -918 -400
-4992 9108 8000 -1355 -3869 -2747
-2216 10520 10168 1760 -3128 -2721
968 7932 9276 770 -4354 -1873
40 5660 7196 497 -2623 333
-128 5136 7592 694 -620 1536
-280 4964 8876 1811 247 1639
-732 4408 10572 2053 376 2039
-628 4680 12060 1923 477 2419
-1220 5384 15108 1997 647 1993
-1988 8016 18932 1397 -66 -1016
588 15612 17292 -2115 -1849 -1781
3488 12696 6772 -3740 -3384 -1280
992 9992 9516 528 5236 2181
-1428 8460 10028 -272 2268 1769
-456 5416 7876 -996 1301 990
-336 4936 8160 -521 2000 164
540 4980 8864 235 1041 -269
296 4228 9852 1246 395 -217
292 3952 11472 2145 585 101
128 5428 13928 1996 1062 189
716 8284 17012 119 1463 632
-3200 14396 20948 119 3060 -293
-2960 11204 10408 -3899 -4047 507
-3588 9684 8412 1983 -3313 -2153
748 8772 9788 242 -4205 -3264
80 6096 8008 -177 -3077 -1175
156 5392 7904 649 -1201 777
340 5316 8356 808 -37 1525
4 5036 9784 1307 973 2552
56 4528 11616 2107 1652 3047
-480 4500 13380 727 1477 3197
-1380 6288 17692 1999 1314 2127
-1908 13164 20204 -346 20 -210
1120 12704 10588 -3405 -3187 -1073
2820 10088 7272 -248 1422 1128
684 10788 10632 867 2405 2693
-528 7228 9180 -416 507 1018
356 5948 8392 287 1753 -416
304 5252 8128 -61 1796 -798
1032 5256 9288 421 1461 -871
620 5160 10452 1520 838 -372
292 4948 11608 1040 946 -125
-172 6252 14072 804 1973 59
684 8120 18152 -250 1787 1142
-2932 12360 17776 -2243 59 -987
-3876 9668 9708 -2849 -3953 -3792
-3764 9260 9612 1581 -2234 -4545
32 8048 10196 1084 -3463 -4429
-492 5956 7400 1318 -3336 -2161
-564 5448 7520 1629 -1275 -420
-388 5960 8604 271 -286 1036
-800 4636 10012 1115 769 2545
-1132 4480 12820 1823 1556 3200
-1168 4536 13864 75 590 3086
-2516 5548 16524 2065 320 1535
-1096 13248 19756 315 882 685
136 12952 11240 -2856 -2977 -1266
3556 10436 8732 1665 994 678
-516 8924 8948 -349 1205 693
-1100 7124 8088 1592 2113 2
-108 6192 8392 1110 2386 -742
-120 5604 9380 775 822 -862
168 5568 9304 661 475 -1272
376 5140 10136 1586 582 -634
-80 5384 12124 1313 1066 -286
-1036 8164 16012 399 2102 -200
-148 8520 18340 -2228 1053 665
-3924 12068 14140 -4048 -1560 -1722
-5516 11092 8012 -1281 -3975 -4155
-3048 10656 9504 -434 -2311 -5227
1032 6468 8524 -935 -3415 -3722
-264 5148 6008 492 -2163 -947
-976 5348 8060 1630 -106 1129
-1576 5508 9552 626 593 2187
-2040 4252 11316 2209 1213 3101
-1996 4972 12900 1246 663 2850
-2092 5008 14988 1085 913 3012
-3172 8492 19020 2188 2227 1800
-936 13456 17256 -1030 -1612 1167
956 11644 6184 -1989 -3528 395
1244 10164 8212 2093 3398 3631
-948 9188 10248 892 306 3032
-600 7064 8452 438 -344 1102
36 5580 8216 -635 360 2
312 5420 8752 -428 142 -209
632 4900 9628 1184 -219 -116
1000 4628 10792 1811 -280 -221
628 5520 12172 1436 -785 -1610
232 8400 16684 -251 807 -1987
-1352 11796 20656 276 1607 -1874
-2032 12728 12468 -4061 -2979 -963
-3568 8472 7144 -435 -3575 -3628
160 9424 10448 399 -1583 -3122
88 7036 8664 749 -3395 -2289
144 4252 7204 1302 -2063 -713
192 5292 9072 693 -523 411
-504 4508 9172 1166 558 1129
-452 4788 10340 1455 1623 1903
-1092 5168 11900 816 1897 2000
-996 5480 14836 -188 1264 1687
-2116 8296 18716 480 2376 924
-704 12860 17224 -2381 -629 672
1216 10652 8460 -2687 -3013 -950
1832 10076 10168 2218 3025 1020
-816 8976 10896 689 1752 1815
4 6600 8624 154 -235 1121
240 5152 8260 401 1177 889
64 4836 8716 7 1257 5
596 4448 9492 1428 605 -679
496 4820 11544 1025 -948 -1739
1084 4368 12888 -150 -819 -2390
804 6508 14824 -449 1459 -1125
-596 10712 20916 -585 3718 -153
-2880 12328 13484 -3364 -1506 -1017
-3780 8768 6980 -226 -2022 -1774
-2024 8980 11584 2865 441 -1733
760 8044 9124 1586 -1023 -578
-60 5824 8124 1467 42 2482
-280 4952 8668 -249 132 3822
-1200 4076 8564 483 831 3735
-1144 4436 10816 2520 1716 4066
-1164 5100 12320 1060 1145 3824
-1624 5360 16432 1230 746 3804
-1444 12764 20076 521 1473 1997
280 13116 12460 -3548 -2625 551
3524 11040 8256 -651 656 1317
676 10304 10056 593 2007 2547
-420 7124 9988 468 1600 2306
748 4696 7580 1518 1583 590
-164 4664 8412 101 2431 534
-232 4784 8660 754 1639 -733
348 5000 10236 2546 1332 -684
-96 5496 11972 1845 721 -586
-372 8112 15724 1342 2034 -833
12 10132 18804 -1921 2041 -55
-4376 13412 13248 -4746 -1674 -1023
-4828 9508 7992 421 -3012 -3020
-2028 10560 10084 779 -2613 -3447
-84 6720 9128 1952 -3532 -2866
-944 5880 7312 1450 -3189 -1601
-340 5988 7984 559 -2069 51
-592 5088 8208 51 -1273 688
-692 4448 9736 2052 456 1635
-792 4504 13096 2128 1490 1937
-1244 5916 15584 1409 688 2542
-3228 9500 19776 -224 1336 758
-828 13100 14304 -3026 -1825 275
2356 11452 7504 -1313 -1566 659
784 10284 9636 295 2314 2087
-884 7660 8860 74 1171 1734
296 6628 7752 156 1367 916
688 5644 7584 -155 1352 393
292 5128 8820 1011 815 23
580 5024 10704 2203 533 -110
208 5388 11884 1684 -94 -1130
-64 8672 16264 1141 1062 -2532
52 10432 19760 -2596 716 -2632
-3288 13092 12904 -4793 -1753 -2569
-4408 9172 7820 -826 -2918 -3392
-1984 10012 9768 922 -2368 -3418
-160 7296 9240 1024 -2745 -2140
-632 5688 7164 923 -1836 -325
304 5272 8008 1520 -676 1183
-264 5428 9216 1328 1051 3270
-404 4996 9428 1872 1998 5039
-1244 4432 11156 1659 2339 5269
-3040 5140 14320 981 1612 3623
-3568 7064 15740 592 515 -89
888 13868 21100 -1421 855 1160
1520 12992 10044 -3353 -4055 -1238
2032 10792 9308 599 2348 1058
-744 7868 9092 -742 2025 2492
-412 5568 6908 -441 1188 1331
-136 5080 7876 725 1877 -32
-204 5464 9056 1745 1074 -933
564 5388 10160 2211 270 -1074
612 5748 11244 2813 159 -273
268 7956 14900 2108 1025 -815
1124 9944 18560 -2021 1509 -543
-3792 11876 15836 -3999 -365 -1886
-3788 10180 8096 -1006 -1813 -1216
-2968 10912 10692 1293 -1177 -673
-364 7004 9620 1753 -3182 -2217
-1524 5524 6800 1176 -2821 -1931
-316 6148 7744 1024 -842 119
-424 5676 9192 922 -47 1509
-1512 4688 9692 1195 171 2218
-492 4492 10516 935 -36 2307
-1392 5140 13152 1608 483 2418
-3340 8112 16472 1509 467 -470
-312 15324 19344 -2044 -943 -1235
300 12752 9096 -3181 -4278 -2180
1920 10864 8900 1683 3452 1108
-708 10040 10100 14 1399 2169
-464 7388 8308 -886 -164 1110
-312 5420 8012 -993 1584 235
116 5456 8252 -1066 895 -246
684 4472 8708 376 210 -150
412 3956 10988 1982 729 615
276 6008 13736 1355 812 -328
-84 8240 17220 -1154 1427 -768
-2296 12856 22300 -162 4329 -1301
-3412 11660 9664 -5317 -4676 -888
-3748 9280 9328 2234 -1120 -1141
436 8700 9508 136 -3598 -2899
248 6352 8148 567 -3258 -518
-816 5576 7104 947 -1476 1333
296 4804 7780 485 -319 2505
-604 4972 9496 1630 1044 3299
-1164 4772 12600 1630 862 2947
-860 4632 15732 -166 1273 1720
-3240 5936 15704 -259 217 -1829
1444 13024 18932 -2032 1544 -190
1460 12080 8304 -2411 -1258 -719
1172 10888 11272 1890 3635 2629
-1916 7856 10296 202 1592 2209
-812 6420 8024 -296 1632 775
192 5608 8484 474 2191 -165
120 5164 9248 1033 156 -554
-356 5208 10144 2257 -548 -1045
-40 4812 11200 1744 -1168 -1791
-172 6204 14644 1681 -306 -2134
1108 8380 17116 -1014 424 -994
-4848 12552 17080 -3256 540 -1444
-4016 10396 7964 -2386 -4367 -3101
-3164 9920 9504 1914 -3416 -3879
-64 8136 10340 874 -3690 -5122
-452 6564 8256 713 -2642 -2564
-404 6292 8032 1545 -1063 -454
-484 5996 8772 807 171 1173
-944 4280 9304 1131 1055 2350
-1056 4492 11760 1329 2476 4007
-776 5052 13552 566 2629 4796
-2480 6100 15828 -93 3124 4181
-908 12424 18616 -2299 5490 4394
-584 11428 11824 -4920 889 3357
1952 12124 10056 1254 2382 3178
-676 10960 11640 158 2206 3763
-1580 6920 8852 -1829 56 1665
-504 5160 7724 317 -615 -131
-232 5372 8152 440 -854 -1779
232 5580 9112 626 -199 -2397
1020 5180 11672 1993 149 -870
1124 4320 12112 1970 -1079 -114
276 6104 14616 3336 1755 34
1548 8616 18104 179 1188 1010
-2432 12180 17408 -2031 906 -233
-4240 10808 8224 -2681 -2888 -1871
-5484 10980 9988 2933 -1652 -2618
-1112 8720 9320 817 -4191 -3579
-532 6820 7596 1185 -2816 -680
-388 6476 8436 461 -1472 1576
-168 5732 8608 -302 -630 2734
-968 4520 9172 420 615 3665
-1352 4708 11116 1411 936 3662
-1268 4604 12032 132 -11 3048
-1828 4056 15080 2239 256 1456
-840 11696 19136 818 499 -50
1036 13152 13808 -4084 -1867 1252
2028 11612 7360 -1830 -2137 -6
2396 10972 10220 1420 1213 1013
-156 8544 10020 -787 -59 317
724 6864 8612 -1173 -189 -1144
800 4680 7844 -707 242 -2354
896 4040 7784 180 596 -2873
1268 4332 9780 2379 1119 -2527
1472 4720 12624 2181 970 -1378
1484 6156 15328 1828 3018 208
792 8108 16576 -1302 3290 402
-7504 13608 15188 -2980 1548 -2199
-3820 10900 11096 503 -3276 -2568
-2828 10796 10948 83 -3526 -3650
-160 6184 9712 1197 -4015 -3259
-612 5416 6996 1354 -3054 -2721
436 6828 8188 327 -950 348
-44 4976 8548 358 -179 2896
-532 4324 10088 1167 1195 4284
-564 5004 12044 317 1692 3998
-1672 4840 14908 1138 1914 3582
-1916 8032 16980 -455 1641 2402
-764 14236 14564 -4206 -1020 3467
2428 12212 9064 -362 -1708 2002
724 10916 10272 565 2036 1807
-1060 7396 9596 -230 709 869
860 5232 7612 -450 -553 -826
-132 4808 7196 215 893 -2687
856 5564 9776 917 1736 -2894
932 5532 11112 2116 845 -2211
196 4308 11760 1619 523 -1883
-88 5368 13964 1315 1813 -1027
280 8040 17316 -109 2616 1118
-3520 11308 20068 -1053 1875 -475
-3796 10792 8672 -4016 -4421 -3602
-4404 11456 10328 1997 -2365 -3533
-1420 9752 11636 -86 -3174 -3987
-64 5776 7748 1300 -2917 -1920
-644 4672 6944 1554 -1741 176
-156 4756 8104 1210 -715 1873
-1244 5288 10264 2123 743 2631
-1092 4828 11464 1601 665 2622
-1116 4884 13108 1031 -13 2322
-1868 5540 16200 875 -711 635
-208 11836 19992 -519 1255 479
88 14564 12620 -3961 -2057 372
3124 12188 8240 550 1292 2209
-144 11036 11264 -1226 2953 3559
-972 6348 8840 -1310 1196 2314
144 4968 8044 -22 1977 660
296 4700 8008 1060 1465 -35
-128 5764 9000 1528 1338 -1017
300 4784 11376 3314 294 -1251
248 5720 12340 1727 576 -1512
504 7268 15768 1247 1801 -596
-532 10304 19728 -1556 2362 773
-4664 14612 13320 -4333 -719 -315
-4456 9764 7912 -1629 -3011 -2033
-2284 10328 9848 575 -2691 -2692
-644 7100 9516 748 -3175 -2025
-964 4516 7724 -153 -2669 -661
-164 4868 8040 1447 -1172 741
-404 4816 8380 1498 -596 1477
-952 4604 10676 2414 879 2401
-1292 4932 12692 814 689 2703
-1432 5152 14916 1170 812 3220
-3264 8004 16904 -108 -23 922
404 13336 15016 -4366 -58 2193
2028 12468 8780 -1222 -1392 457
1048 11368 10352 1610 770 486
-808 7420 8764 -561 300 -387
544 5540 7436 -66 597 -1269
912 5820 8468 1062 1273 -1499
672 5816 9184 950 1060 -1394
852 5428 10136 2020 784 -1191
444 5096 11036 1454 1379 -640
-24 6160 13156 798 1674 -449
-376 7764 17520 1072 1468 -159
-2716 12812 19196 361 665 -937
-4016 12080 10032 -2280 -3008 -124
-4748 10504 9712 1022 -744 -1094
-92 9032 10740 208 -2382 -1642
-232 5808 7264 168 -3559 -1080
-952 5724 7380 -581 -945 1466
-300 5216 8012 -461 -621 2369
-1248 3988 9436 1162 130 2853
-640 4132 11600 1564 636 2580
-1172 4664 14724 1921 1000 2314
-2508 5980 16508 1983 -79 103
-968 14452 20480 -65 1029 -546
124 13880 10484 -3320 -4302 -2226
4460 11828 10072 1463 2132 1606
-468 10824 10908 -878 633 1916
-632 7176 8552 555 515 423
764 5972 7932 -186 637 -371
344 4864 7424 -391 944 -1036
704 5004 8120 1979 1266 -1451
1304 5500 10736 2340 820 -1124
820 5088 11680 1182 -60 -1548
312 6712 14300 1288 2009 -1280
328 9972 19344 -1169 3135 340
-4764 15156 15480 -4142 373 -481
-3572 10420 8592 -2264 -2825 -748
-2508 9360 9108 879 -1378 -1331
-452 7604 9088 1454 -2144 -1091
-892 5564 7132 1022 -2201 212
-516 5684 7848 509 -956 1609
-500 5052 8532 291 -582 2567
-784 4960 10428 2091 727 3075
-1508 4488 12196 1698 539 2449
-1148 5096 14196 413 -108 1837
-3232 7544 17412 1740 273 -371
280 15380 17900 -3449 -766 590
2268 12896 7520 -3322 -3261 -578
2160 11032 10132 880 2960 2720
-508 7816 9448 -252 1317 2012
612 6152 7840 -547 1260 933
256 5636 7544 -149 1934 214
4 5164 8272 338 961 -1162
824 5080 9844 1966 1016 -1888
840 4808 11236 1131 1059 -1568
416 5140 13728 2127 2000 -1154
344 8280 17524 507 2205 -116
-3544 11684 18564 282 1661 -1199
-5156 14492 12064 -1671 -2238 -1602
-5020 10776 9816 -308 -3338 -1469
460 7352 9172 426 -3541 -2646
864 5284 6512 411 -4565 -2071
-624 5772 8064 1928 -2091 -47
-952 7240 9452 652 -1857 466
-588 5216 10064 -442 -588 1681
-124 4156 11360 994 790 2542
-416 4208 13320 1250 1666 3106
-640 4224 15540 -196 1162 3208
-1816 10008 19204 -1732 3136 2252
1592 13816 11468 -5628 -1006 3329
2220 11972 10168 555 2426 3247
452 11116 11608 352 1580 2831
-1780 5764 8020 -289 820 809
-124 5680 7752 1346 1883 -329
-56 5788 8444 213 865 -2213
316 4500 8396 1547 -378 -3226
1000 5348 10180 2467 -738 -2958
864 5460 12676 1463 -586 -1836
-260 6712 16056 1380 789 -620
68 9084 18872 -1270 955 889
-4148 14036 14528 -3907 -175 -34
-3488 10252 8340 -2562 -3221 -1485
-2084 9272 9000 956 -2474 -2827
-112 7336 10104 1589 -2774 -3023
-804 5948 7916 1239 -3042 -1724
432 5316 8600 1587 -1504 12
380 4844 8508 980 -562 1498
-228 5024 9808 2424 739 3073
-660 4740 12492 1746 567 2784
-132 4752 13184 73 252 2623
-2180 5756 16424 1640 867 806
-188 13792 19568 81 1319 -200
2352 13636 10528 -3736 -4094 -2732
3732 11008 9392 1565 2861 902
-284 9048 10784 672 3128 1961
956 6148 8212 217 2045 2213
440 5544 7428 782 3334 2214
-160 5052 8764 161 2517 549
620 5356 9664 1434 2232 -129
964 5184 10816 1271 1393 244
436 5920 13352 675 1509 -462
-88 8536 16776 -1924 2012 -872
-4324 12284 19156 521 2222 -2410
-4148 11156 11024 -2875 -3656 -2093
-4408 10956 10700 861 -1521 -2895
-64 8024 10156 1249 -3432 -2028
-1208 5812 6132 752 -3617 -406
-824 5560 8072 1168 -1271 2182
-504 5384 8708 574 -851 3563
-1108 4492 9360 1086 685 4649
-716 3912 11456 650 1022 4829
-1180 4272 12844 403 1104 4896
-2968 6140 16792 2789 1004 2032
-1104 14992 19728 -1523 -928 -261
2040 13552 8924 -2954 -3847 -2310
3600 11536 10004 1900 2515 877
-396 8864 9800 -155 786 774
236 6532 7908 2 823 -296
32 6100 8068 217 2064 -857
-740 5304 8720 560 781 -2091
568 5924 9688 2091 -19 -3139
1372 5612 10292 1610 52 -2340
552 5096 11760 724 872 -1809
-740 5944 15432 747 1364 -1797
852 7796 17208 -1706 -104 256
-5036 12888 15860 -2514 -612 -1613
-4180 10448 9440 -1001 -3536 -2119
-2776 9684 10088 808 -3777 -3854
208 7528 9420 1398 -3956 -3656
-356 5888 7224 1653 -3140 -1250
-148 6216 8296 1562 -874 1402
-132 5720 8760 96 285 2765
-688 4808 9956 2434 1826 3508
-1280 5092 12712 2979 1829 3054
-1356 5772 12796 200 491 2901
-2444 7516 15436 764 1598 1780
620 12780 18512 -1423 745 2751
1296 12572 10192 -3338 -3961 941
2372 10800 8392 1175 1476 1580
-368 9612 10620 -283 2055 1694
-364 7268 8872 171 229 -22
292 5956 8772 -547 -93 -1829
164 4848 8448 -70 -235 -3601
1392 4784 9340 1197 -374 -4110
1600 5276 11396 2032 -169 -2605
1620 5832 12400 1535 -288 -1705
1012 8036 15740 752 2320 -796
-844 10732 19928 -79 2514 -417
-3936 12660 12176 -3215 -770 -340
-5168 8668 8576 -246 -1582 -2165
-1824 9544 10596 1040 -848 -2199
-1232 6820 8664 1589 -2248 -1511
-1520 5260 6816 1355 -1652 -417
-604 5888 9000 1078 -523 1295
-1508 5392 8852 583 -91 2930
-1208 4672 10004 1362 493 4188
-2032 4784 11208 1182 -474 3052
-2220 4516 14052 117 -1408 998
-4144 8376 17668 2353 -478 -1972
-880 13252 17388 -3509 -2527 -711
224 11108 6624 -3406 -5764 -3632
940 10508 10152 2136 -883 -3384
-2016 8492 10300 -901 -2410 -5395
-768 6184 8828 819 -2521 -7965
-860 5628 7888 301 -1656 -10123
-1512 4844 7448 2133 -1682 -11478
-100 5632 8696 4011 -1560 -9180
-964 4940 10852 3568 -1811 -5879
-2352 6716 13576 3652 -1454 -5136
-1064 8868 17296 848 -1537 -4019
-8532 11784 15628 -710 -2357 -7792
-8300 11956 8772 1290 -5600 -11781
-5372 12124 10328 3992 -6635 -12667
-2676 8188 9232 3960 -8291 -11273
-2948 5952 5524 2414 -6881 -9982
-3236 6052 6376 2214 -5301 -7348
-2604 5380 7568 1335 -5156 -5478
-3176 5356 9436 2107 -3265 -2770
-3412 6240 11980 1014 -2679 -78
-4004 6032 13636 274 -1754 2254
-5020 7940 15924 259 -1462 844
-1904 12492 16900 -3283 -2781 685
1036 11780 8708 -3123 -4191 -880
1552 12096 10488 1291 -1934 -2534
-1688 8248 9616 -396 -3602 -5561
-1200 6496 7784 598 -3371 -7641
432 6568 8256 1140 -2530 -7652
-4 6256 9128 937 -2264 -7056
408 5940 9800 1391 -2782 -6575
1220 4840 10012 1169 -2960 -5392
788 4852 11568 1138 -1117 -3878
524 7212 16464 1191 715 -2140
-40 9512 20848 -82 1932 -471
-4076 13420 14156 -4285 -224 -884
-5016 9324 7772 -2017 -472 -2254
-1908 9788 9084 835 -657 -2120
-364 6980 8664 1057 -1886 -1569
-1120 5720 7376 1615 -1366 63
-176 5800 9088 1604 -1142 931
-264 5840 9304 285 -627 2724
-868 4320 9856 427 119 3252
-844 4120 12008 1698 572 3184
-1008 4848 13848 545 818 3396
-2896 6412 16476 1437 1320 1685
536 15392 20920 -1407 3348 3689
-312 13984 9980 -3551 -2374 499
3580 12584 10188 2668 1630 1545
-900 9296 10008 -1808 1533 1796
-432 5732 7684 -165 177 543
744 5652 7336 -327 -437 -1371
360 4808 7548 473 -296 -2836
1360 4720 9420 1564 -131 -3072
1124 4976 11464 2087 -134 -2725
1260 5216 14172 1446 1138 -1697
196 8032 17492 -142 2351 -568
-608 10104 20256 -2798 1852 65
-4956 12392 9704 -4509 -1745 -540
-4832 10272 9576 1784 -143 -577
-2012 9580 11340 169 -1275 -2048
-812 5996 7392 521 -2804 -1005
-540 4880 6580 820 -861 548
-436 5108 8476 1404 104 2463
-1780 5232 9804 1215 116 2775
-1320 4588 11312 2275 86 2700
-1372 4792 13112 1284 151 2734
-1980 4680 15252 1201 -977 1278
-2892 10892 19624 1362 1050 -881
744 13900 13292 -3167 -1321 -362
2900 12792 7440 -926 -734 -187
880 11716 10124 565 929 955
-432 7288 8820 -1118 737 964
556 5728 7672 -744 1517 659
144 5396 8584 584 1518 -183
368 4744 9336 296 905 -1292
584 4524 9752 1746 272 -1611
352 5076 11380 1886 591 -1050
-116 7112 15048 1733 1924 -1114
628 8440 18828 -944 1892 -167
-5480 11236 16796 -2838 -689 -3583
-4420 10692 8480 -679 -3894 -4659
-3652 11112 10468 963 -2766 -3870
-260 7568 9164 1064 -3584 -3324
-636 4952 6864 561 -2670 -1301
-816 5580 6600 657 -696 1267
-324 4956 8620 278 -171 3470
-1348 4344 9600 2063 1049 4583
-1288 4720 13160 2121 1465 3969
-1588 5380 15012 627 478 3412
-3100 6896 16936 1190 219 745
-1048 13920 16928 -2650 -1077 763
1100 13124 9048 -2113 -2623 -284
1928 11208 9792 1367 1345 1311
-1080 7592 9448 555 621 888
256 6188 7724 550 489 -110
396 5816 7876 522 1977 -499
340 5676 8536 568 1165 -1200
692 5024 9140 1406 722 -814
516 5216 10856 2128 828 -274
284 6104 13836 1160 746 -488
264 8548 17260 -1249 1419 -467
-2688 10924 19616 -62 1837 -1776
-4360 13572 10644 -3607 -2597 -789
-4296 8840 7676 416 -2222 -1821
324 8256 10024 1355 -2327 -2485
-84 6104 7240 606 -3421 -1006
-816 5216 7140 574 -1295 1084
-720 5008 8380 -162 -371 1549
-1296 5460 10412 1998 615 1604
-1108 4472 12476 1349 224 1634
-996 4796 13972 -370 130 1769
-2788 6460 14884 1046 -56 -13
328 14044 19912 -749 1125 1589
828 13244 9548 -3047 -4468 -1211
1916 10812 9976 1486 2859 1200
-700 8732 10356 -1031 2033 1391
708 5768 8128 -637 1424 1168
-128 5540 8256 449 1971 299
-392 5440 9128 1148 1064 -1066
304 4948 9160 1177 89 -2209
592 4724 10144 1820 -351 -2083
548 5036 11900 1078 129 -1729
236 8160 16036 675 1629 -728
-1128 9508 19056 -2348 792 -52
-4444 13832 14012 -3549 -753 -1702
-4140 9520 8264 -1785 -1476 -317
-2720 9640 10020 2031 -1259 -863
-348 7376 9020 1462 -2680 -679
-868 5800 7516 1591 -875 690
-408 5952 9120 869 331 2475
-1236 4728 8664 -227 203 2765
-1276 4460 10456 1975 1196 3059
-1132 4440 12212 1936 681 2438
-1400 4712 13348 507 326 2498
-3024 7352 16616 1043 722 328
-940 12788 18792 -2078 -198 1637
-512 13836 9296 -3224 -3075 270
3720 11060 9736 948 1634 2497
-792 8276 9780 -882 904 2478
-60 6672 8016 514 773 1252
916 5808 8176 -682 1436 531
-96 5436 8072 373 1082 -491
652 4620 9440 1199 228 -1582
664 4700 11580 2643 385 -1204
972 5324 13320 1286 327 -1184
-252 8024 16720 329 1961 -1172
-1648 11152 21060 -493 1919 -915
-4668 12852 11816 -3821 -1779 -396
-4776 8080 8336 196 -3291 -992
676 9440 9988 1758 -3999 -1736
596 7124 7856 1011 -3885 -1997
-1136 6356 7620 612 -2136 -583
232 5672 9012 43 -1324 289
-132 4632 9292 748 -3 518
224 4784 11700 2679 990 1063
-248 5380 12460 884 598 1149
-96 4972 15112 630 996 2344
-1044 12884 19840 655 3018 2224
416 14636 14332 -2675 -937 632
2684 11484 7676 608 -220 -453
80 10360 10096 713 2360 357
-300 7392 8924 463 -60 -1089
968 7008 8332 337 460 -917
376 6572 9040 -714 918 -1833
1072 4940 8788 -771 764 -2190
1040 5180 9804 259 1091 -869
1192 5332 11228 289 592 -118
804 6008 13808 18 907 558
1260 7192 17304 -2059 1206 751
-2220 11640 18644 -2811 900 230
-3872 8136 7992 -4293 -5551 -1408
-4364 9652 11836 1381 1443 -771
-596 8668 11656 -558 -2661 -2150
-908 4464 6884 -373 -2529 -2052
-568 5252 8096 1450 196 -199
-208 5896 9988 1010 1257 1178
-1176 4120 10044 -290 1454 2544
-1384 2908 10872 999 1299 2804
-1308 3368 11472 1110 504 2173
-2056 4224 15424 1206 1056 1627
-2800 9756 20576 2250 2142 200
-420 12944 14932 -3090 -2826 -382
756 10836 7844 815 -1186 -872
-1332 9580 10880 3807 2968 337
-1604 7580 9596 1525 475 -1310
-836 5756 8192 2275 1223 -1404
-1264 5976 8976 1517 1098 -2498
-1228 6160 9856 1712 152 -3344
-356 6116 10184 2459 -830 -3067
132 5828 10188 126 -1278 -1752
-128 6608 12528 -64 63 -36
652 8560 18084 -626 1737 2358
-3312 10396 19756 -1292 1798 503
-4220 10284 9940 -5433 -3090 241
-6020 7500 6932 -469 -3024 7
-1804 9872 11172 1595 -1915 -573
-184 6236 9212 919 -3496 3
140 5308 7948 1443 -1872 2834
172 6064 9280 483 -106 3368
12 3948 8932 1023 469 3778
-388 4044 11256 3262 2019 4122
-796 5476 12716 1500 1306 3486
-1400 5760 17184 1274 2099 3300
-1940 12052 20352 -877 2333 2593
1152 12832 11860 -4092 -2234 1871
3444 12368 9144 1794 1571 1952
-892 10872 10696 -713 1993 1181
-1240 6688 7924 409 1460 -381
24 6244 7440 -172 1165 -1527
36 5384 7976 568 1080 -1816
248 5604 9096 601 101 -2758
316 4888 10920 1917 -273 -1920
296 5404 12812 1349 202 -1318
232 7576 15956 456 764 -839
-368 9924 18768 -2286 1055 166
-4492 13596 12364 -5067 -1261 190
-4532 10108 9524 754 -1948 -705
-924 10352 11472 274 -2011 -1351
308 6308 8636 -135 -3012 -746
-172 5556 7308 818 -862 708
176 5288 8620 -344 207 1998
-576 4268 8924 712 796 2453
-868 4104 11344 2239 824 2428
-760 4240 12360 656 -407 1791
-1068 4272 15292 1894 180 1752
-2916 9908 19872 2472 1507 1018
1392 13760 15620 -3350 -2682 1640
2640 12184 6464 -2530 -3821 554
624 9428 8512 1399 1423 666
-1012 7220 8428 -999 994 -810
116 6188 8344 656 1500 -1966
-12 5944 9120 110 553 -3663
-300 5008 9264 477 -235 -4748
-216 3864 9788 2100 -278 -4673
-844 4704 11608 2952 -210 -4654
-1608 7624 15488 2073 -104 -6122
-1028 7692 17288 -1078 -3178 -7042
-9052 11888 14896 -446 -5854 -12757
-8656 10488 8180 51 -7807 -16099
-2408 10020 11928 4865 -3993 -11969
-4608 6404 8424 4502 -6130 -10826
-4140 5608 6372 3030 -5962 -8398
-3520 6316 7980 2083 -6420 -6805
-3520 5056 8996 1707 -5535 -5841
-2980 4704 10244 2811 -4923 -3686
-2204 5048 12220 1188 -3712 -882
-4344 5228 14828 874 -2226 1806
-5016 9192 19796 402 -801 613
-1708 12368 13832 -2814 -4674 -1918
2448 11492 7732 -1593 -4305 -4884
64 11076 10776 2403 -1428 -5491
-1724 8308 9584 24 -3717 -8736
-792 6924 8252 924 -2936 -10369
-292 6808 8312 727 -2205 -10180
464 5520 8412 808 -3019 -8646
-8 5400 8804 2954 -2444 -7567
468 5456 10184 2087 -2825 -6083
904 6028 12940 1278 -1537 -3830
84 8064 17304 -466 1198 -2208
-2080 11812 21420 -6 1912 -2360
-7152 12572 11472 -3841 -1824 -3329
-5736 9712 8632 -424 -2608 -4499
-1148 7936 9844 1089 -4366 -5119
-1172 5352 7228 1605 -4576 -4864
-1244 6952 8460 1859 -2360 -1534
-460 6352 9036 -718 -2070 1254
-332 4768 8632 76 -850 3310
-420 3896 10256 1955 570 4601
-1172 4864 14440 2009 1594 4112
-2032 4652 16336 2 474 2568
-2024 8228 17944 -171 1884 2037
-956 13128 12848 -4789 -645 1563
2328 11904 8172 494 1083 1209
620 11208 10088 62 1955 2315
-1964 7112 8380 -70 1496 1039
-316 4440 7388 1439 1118 -1164
132 4972 7800 413 1114 -1774
136 5176 8864 1106 1213 -1771
536 5076 10468 2345 716 -930
496 5828 12944 2115 1080 231
-556 7408 16064 142 1839 921
-300 8100 16208 -3202 1879 1118
-6588 14112 14540 -3535 -415 -1509
-4936 10304 8160 -1073 -4329 -4270
-2176 9824 10016 618 -2386 -4027
-840 6752 8560 1604 -3584 -3686
-1084 5416 7244 1684 -2915 -2363
-84 5592 8728 1929 -1167 604
-472 5396 8916 -314 -705 2281
-1204 3652 10304 2317 236 3442
-920 3844 11916 1829 947 3860
-1544 5344 14188 1521 607 4418
-4044 12032 20568 2731 1140 1399
1060 17024 16848 -3659 -4072 -1055
3868 11724 5112 -2902 -1974 -578
684 10572 8928 -451 3815 2424
-324 7928 8732 -700 1194 2159
168 5980 7932 -220 804 433
96 5272 8316 -116 694 -620
676 4500 8392 -338 131 -1854
1196 3832 10276 1132 507 -1760
1832 4020 11892 1583 1205 -764
84 6192 14492 2058 2411 -128
724 8380 18440 704 3859 -100
-3676 10968 17772 -976 2728 -3246
-3240 11320 10128 -2295 -2480 -2795
-5756 11104 10928 699 -717 -915
-1364 7100 9608 265 -3009 -2158
120 5352 5956 1369 -2622 -485
-636 6064 6512 995 49 2099
-664 6032 9148 -655 1045 3846
-1896 5092 9872 1061 789 4183
-2000 3668 12592 2466 1080 3344
-1116 4224 13756 -161 374 3454
-4712 7296 15180 1841 -349 564
-1060 15468 21660 -981 -745 154
752 13332 9632 -3302 -6453 -1477
2948 10384 8976 916 955 1873
-660 7992 9500 -606 451 1990
156 6172 8200 125 -57 384
904 5496 7828 -106 581 -911
444 4564 8452 -452 239 -1985
1188 4408 10016 1608 440 -1806
1032 5304 11324 2071 375 -1868
1264 5060 13108 1600 640 -1587
-40 7124 17000 388 2125 -774
-1980 11968 21088 703 3035 -937
-4452 12396 12020 -3151 -1198 -557
-3936 8812 8292 -243 -1863 -1428
-80 8496 9868 1179 -1369 -1762
220 6504 8228 1826 -2295 -600
-1292 6060 8732 486 -1701 -401
-152 5408 9104 -330 -1724 -20
-580 4020 9604 1213 -577 1833
-784 4644 11716 2507 377 2546
-1048 5116 13416 1249 333 2547
-1740 5424 15968 556 626 1424
-848 13032 20600 640 2618 604
904 12956 11508 -3820 -1768 250
3308 10900 8024 522 1719 2578
-148 11112 11608 783 2082 2563
-292 7800 10496 -537 335 1333
-60 5304 8228 305 334 -406
176 4660 7580 1018 487 -1638
1068 4732 8540 350 -18 -2861
1376 4836 10732 3055 1178 -1679
1096 5492 12652 953 700 -829
496 7276 15704 1513 2869 434
-592 11664 20468 -234 4852 2545
-3956 14056 13428 -4571 274 1620
-5620 9528 6744 -1765 -2981 -1948
-2468 9836 9516 1125 -2672 -3453
-464 7352 9532 1727 -3549 -3344
-812 5584 7280 1398 -3010 -1703
-296 5968 7836 -160 -1734 -274
-416 4940 9348 -178 -760 1539
-1464 3868 10384 2248 -282 1906
-640 4264 12876 2155 178 2074
-356 6004 14812 1610 976 2030
-3076 8776 19180 572 1135 969
-148 13916 17020 -2701 -760 1363
1628 12076 7788 -3581 -3531 -35
2036 10764 8140 1242 2622 2490
-1228 7564 9308 -410 662 1240
560 7288 8568 1317 -898 441
1060 5412 8488 200 765 -549
628 4668 9412 662 1653 -1291
1384 4924 9448 1999 242 -1563
1552 4628 10804 1934 255 -1497
928 5824 13684 1527 1281 -952
652 8104 15948 -751 1606 114
-1808 12184 20392 528 4084 -425
-2612 11900 9812 -5048 -3141 -581
-4620 8888 8928 1175 -1018 -1990
12 9424 11528 11 -1669 -3017
580 6460 8260 467 -2224 -1122
8 5220 7524 455 -498 1015
-24 5428 8460 350 542 1995
-696 4752 9316 977 1406 2739
-408 4132 11292 1944 2121 3762
-1080 4128 13192 1418 1571 3995
-1652 4684 14916 1469 770 3507
-2436 10752 20012 1523 1833 2008
-1152 16068 15236 -3711 -3437 -22
3388 12916 6676 -542 -2037 -672
12 10408 9996 -1839 4021 2615
-1440 7920 9180 -214 1407 1473
1284 5348 7328 269 577 -134
300 4860 7668 -256 793 -8
752 4940 8720 680 965 -364
640 4280 10372 1931 596 -1193
836 3924 11620 1271 281 -1780
332 4788 12892 2278 1108 -1990
1744 7748 18168 1636 2487 -403
-3848 13172 21416 392 2743 -892
-4764 12248 12112 -3416 -2679 -390
-3176 7280 6500 -1118 -4235 -2517
-960 8760 9156 1508 -1889 -1769
-1068 6836 8220 1805 -2178 -1062
-428 4556 8296 1317 -306 1148
-300 6092 9060 793 472 2951
-2072 4616 9176 788 804 3914
-1216 4256 10320 1675 961 4553
-1884 4280 12860 703 -38 2840
-1216 4320 15308 708 -798 1736
-2952 7864 17960 896 -1539 -1324
192 14156 17108 -2755 -1586 -864
1848 11468 7604 -2439 -3531 -2494
2072 9904 8884 1814 2063 379
-1164 7972 9520 1271 1834 76
200 6648 8588 330 759 -1281
180 5784 7704 -188 1618 -1138
132 4716 8284 280 903 -1382
144 4720 9908 1550 552 -1149
1008 4276 11556 2073 621 95
1360 6668 15408 2558 3225 1379
64 9816 19476 -989 3203 1302
-5216 14576 15696 -3577 267 -985
-3596 10120 7736 -1887 -3784 -2551
-2932 10248 8504 1516 -2094 -2953
-28 7816 8736 1559 -2389 -2188
-864 6156 7352 1258 -2052 -597
-708 5804 8340 278 -973 848
-204 5428 8496 -428 198 2121
-892 4392 9828 2245 1627 3745
-1500 5096 12016 1947 1644 4178
-1780 5500 13420 1210 1040 4148
-4828 7916 16684 268 164 -28
420 15184 19808 -2395 -75 2359
1000 11800 8392 -4506 -5898 -1441
928 10196 8636 578 1217 87
-2048 7588 9588 -651 1025 -1311
-236 5864 8144 -577 15 -2348
764 5476 8236 -440 843 -2409
412 4736 8808 170 339 -2014
200 4324 10092 2245 -580 -1698
704 4648 12252 2260 201 -1720
696 5784 13200 1970 1277 -463
292 8976 19028 -375 2346 846
-4636 10116 18464 -730 1964 -2144
-4284 12960 8952 -3080 -2267 -2105
-3716 8676 8280 582 -1620 -2917
-324 8960 9296 1996 -1923 -1657
-284 6500 7640 1822 -2626 42
-1628 5300 7276 2029 -382 2975
-1152 5016 8032 -9 410 4172
-1600 4568 9072 2398 2321 4227
-1308 4840 11912 2575 1640 5510
-2008 6060 13992 671 1294 5200
-3316 6812 16424 1754 418 2060
-1144 14020 19548 -2353 -1424 841
360 13476 11552 -3862 -4775 -1882
3428 10464 7820 519 -907 -533
264 9852 9824 -65 1364 570
-596 7472 8688 200 585 -274
520 5776 7788 840 1236 -899
448 5424 7916 -1096 1128 -1175
484 4584 8384 -506 -127 -1000
1000 5000 11068 1818 435 -514
724 5552 11640 733 280 121
1188 5968 15176 1716 2783 520
-736 11824 20072 114 4011 -26
-4660 12904 13880 -3822 -1442 -1043
-4032 8260 7368 -456 -4123 -4463
-1484 9932 10316 1898 -1601 -3797
320 6928 9224 1784 -3039 -2468
-1148 5960 7892 -346 -3046 -1610
-368 5704 8504 -487 -1587 -227
-468 4712 9512 -442 -642 823
-532 3908 10976 1582 242 2137
-836 3624 12736 1155 793 2625
-1008 4244 13984 1433 978 3368
-3520 10572 19972 3009 3414 2023
-44 16152 14732 -3965 -3673 -742
3876 11484 8688 -352 126 1290
248 9516 10292 -584 2161 2166
-832 6844 9056 732 1099 1478
372 5720 7692 360 1396 274
220 4892 8076 -431 1786 -134
188 5052 8692 297 981 -542
1000 4364 10520 1587 378 -673
904 3844 12412 1592 460 -325
-120 5188 15452 1617 1766 443
84 8316 18156 -819 1642 1117
-3612 12324 16492 -2432 484 -652
-3416 11196 10136 -2877 -2735 -1372
-3416 10120 9436 109 -2491 -1827
256 7392 9620 1452 -2836 -2522
-120 5504 7076 736 -3553 -1922
-8 4604 7640 1613 -1900 -287
144 5312 9484 1507 -218 1245
-728 4836 10340 1423 216 2039
-1192 3928 12228 1648 460 2054
-612 4560 14140 605 167 1719
-1752 6104 17252 1574 -401 -189
-512 13488 20408 -862 596 0
1480 13392 10284 -3178 -3687 -1664
3112 10480 9612 1854 2154 829
-432 8728 9880 -410 2327 1595
220 6352 8484 504 1771 1358
896 5312 8292 -164 2599 1153
268 5076 9036 166 2533 556
-276 4856 9428 962 964 -824
636 5032 10776 1674 1 -606
1020 4752 13208 358 -60 -138
504 7432 16324 -510 623 19
-228 9480 20440 -2090 1353 -456
-3228 14204 13068 -4024 -1193 -1501
-4240 9112 8768 -973 -2858 -3157
-240 9152 11328 928 -1595 -3728
844 6372 8760 1264 -3004 -1816
344 3432 5328 2150 -526 1373
-564 4828 8452 2668 2092 3034
-2232 4312 9008 1588 509 3025
-1272 4816 11404 2653 789 3938
-1228 4844 12812 849 -18 3283
-708 4920 17088 1085 232 2694
-2292 11004 20384 635 315 242
200 14240 13960 -4307 -3446 -1342
3872 10256 6708 -1949 -1897 -1140
428 10156 10656 781 2928 847
-252 7288 10052 526 1272 199
-60 4664 7812 757 1143 -206
-224 4756 7876 669 1580 -446
728 4912 8600 773 1264 -1289
1544 3884 9696 2038 1272 -841
-848 4356 11552 1407 421 -1106
272 6164 15364 1723 513 546
1324 9168 19116 -885 869 1730
-3472 13516 17980 -3447 -477 70
-3756 10856 8940 -3159 -4712 -2401
-2668 9648 8484 953 -2369 -3356
1436 7872 10092 154 -2157 -2508
172 5704 7628 198 -1693 -242
152 4300 7020 297 -293 1186
-128 4388 8312 839 962 2196
-716 3704 11312 2260 2016 2574
-1128 4388 13064 1734 1371 2043
-1480 4084 14472 910 890 2017
-3060 6660 16448 1168 139 -592
784 12420 19344 -1404 1104 1028
912 13148 9632 -3191 -2177 -287
2476 11904 10912 1550 2624 3013
-892 7996 10024 -800 1185 3067
-580 5252 7752 63 717 1570
300 4736 7328 327 1303 338
320 4700 7748 930 431 -565
1696 4320 9896 1989 515 -1204
1448 4488 12156 2637 656 -912
744 6312 15844 1814 2001 -907
1000 9432 17928 -1644 2126 158
-5308 14312 18192 -3256 405 -989
-3804 10128 9020 -3574 -5068 -1208
-3348 9116 9892 817 -1765 -2675
188 7780 9772 -274 -2347 -2680
-660 5168 7592 562 -2627 -1039
-68 4820 8156 1492 -519 1043
-424 4192 8720 700 678 2574
-1468 4092 10724 2177 1502 3677
-1416 4420 12064 1516 1261 2591
-1396 3972 13812 1076 997 1273
-2160 5800 16400 1411 431 653
-1436 12140 20052 1657 1079 194
-148 14384 10436 -3714 -4006 -2307
5048 10544 10228 634 1278 2717
-2084 8492 10808 -1487 1304 2905
-704 5912 8564 552 336 685
704 5024 7400 -318 1152 -760
348 4264 8640 1072 1026 -1118
420 4752 9628 1143 -322 -2195
724 4240 11292 2435 72 -1335
684 4528 12708 1411 869 -1110
616 6940 15884 818 2866 143
-1144 11284 20660 -1473 3173 1275
-4336 12536 11580 -4632 -2484 -1309
-5248 10484 9840 964 -1479 -1354
-1876 9900 12052 -168 -2716 -3248
108 5864 8108 -446 -4150 -2885
-940 4696 6800 150 -2050 -985
-12 5112 7788 491 -1151 792
-980 4068 8944 757 -280 1964
-656 3388 11668 2227 411 2486
-700 3688 13752 1493 204 2304
-1240 3968 17508 1806 178 1536
-1464 9500 20520 1702 1478 160
836 13872 13924 -3953 -2450 644
3976 12112 7864 -1065 1065 3131
948 11824 10788 -279 3576 4778
-488 6264 8688 -894 1198 3735
92 4416 6576 1077 1975 2212
-300 4352 8060 1424 1684 193
376 4716 9120 996 641 -1809
548 4304 10528 2502 -57 -2386
800 4596 12040 1899 385 -2349
816 6524 15144 1388 1779 -1404
1528 8244 18384 -1031 1545 484
-4168 13356 18004 -2959 527 -1369
-4328 10428 9324 -2914 -3107 -2925
-3008 9696 10176 729 -1286 -2015
588 7212 9900 780 -2908 -2072
-484 5072 6984 1014 -2258 -960
-576 5132 7688 2091 -186 625
-552 5852 9632 993 532 1746
-1168 4532 9832 1399 1060 3022
-1016 4032 10796 1808 959 3112
-1912 4252 13500 1611 576 2189
-2396 4452 16816 1200 -263 170
-2220 12512 21856 2359 1596 -881
-1724 15620 11972 -3880 -5636 -4396
4360 10836 8328 -465 292 19
-720 9744 10476 -555 1853 2056
-572 7016 9788 -245 737 1436
-124 5524 8840 -852 1206 397
36 4668 8344 268 968 595
216 4736 9316 441 951 676
504 4124 10488 2281 941 327
32 5048 11512 1143 815 286
-216 5704 13572 659 1149 -175
1216 7176 18400 262 2350 1514
-5184 14704 19696 -1062 880 -70
-4208 10192 9280 -3580 -4604 -1823
-3384 8724 8360 1168 -2797 -2922
332 7632 9404 1234 -3360 -2869
-1348 5788 7368 1221 -2750 -1746
-660 5676 7960 678 -1829 -349
-804 5152 9072 677 -1057 633
-1140 4740 10320 1403 -533 1486
-1060 3624 12228 1734 -436 1255
-852 4520 13168 166 -673 1005
-788 5316 15728 1564 -818 530
584 13540 20404 386 1633 1974
368 14736 12128 -4045 -2508 148
3600 10572 9544 1327 1948 1613
492 9892 10584 -643 2104 2179
472 6032 8340 269 1356 1509
256 5324 8016 378 1840 244
208 5212 8536 641 1324 -1179
1280 4828 8920 848 1000 -2083
1312 4708 10468 1510 991 -1093
1032 4308 11924 607 1040 -265
576 5432 14472 206 2215 1027
1860 7368 18380 -591 2556 3492
-5488 12028 18188 -2328 1668 35
-4260 11152 8980 -1953 -3039 -1681
-3524 10896 11248 952 -1231 -2063
312 7124 8592 288 -4044 -2175
16 4892 6144 765 -2068 -745
-760 4992 7716 814 128 1278
-524 4428 9296 703 868 2700
-2288 4400 11256 2371 1345 2763
-1892 3732 12224 1618 -275 1391
-1652 4780 13956 1472 -17 823
-2700 6604 16300 341 -1341 -1659
564 13636 19616 -1287 314 698
1196 13492 10580 -2453 -3257 310
2868 11456 9944 1571 1673 3004
-1068 7888 9652 -762 1281 2343
-420 5688 7456 282 901 864
736 5728 8372 513 2041 289
328 5440 8900 -119 941 -693
788 3960 9392 1564 697 -1300
1056 4004 10756 2044 217 -1388
628 5024 13124 1915 1187 -946
372 8040 17844 -152 2298 -501
-1368 11180 21228 -590 2483 -606
-4836 12504 12824 -3463 -1395 -1550
-4940 8588 8428 -896 -2280 -2571
-924 8484 10020 897 -2541 -2651
-252 6224 7684 1286 -3684 -1827
-1336 5424 7932 1394 -1891 -27
-696 5104 9524 1438 -1074 721
-1364 4576 9908 1105 -44 1613
-1256 4192 10984 2104 -465 1427
-776 4268 13580 1602 -646 1216
-668 4448 14844 687 -714 1506
-3088 8332 18172 2338 757 428
876 14900 17136 -2167 -980 -113
3048 11684 7084 -3397 -3456 -1181
2380 9476 9792 1611 3682 2789
-368 7816 9820 1238 1389 1507
968 5396 7904 1847 1744 1292
476 5672 8656 132 2450 817
216 5072 8304 -239 1978 -126
876 4864 9672 823 1652 -153
160 3920 10908 830 952 -1201
-252 4956 14628 2100 1970 -2338
768 8004 17952 -691 2235 -1798
-3692 11764 19296 -768 1405 -1014
-4808 11356 8452 -2746 -3570 -1033
-4076 10204 9128 925 -1646 -1433
-1132 8912 10544 718 -2218 -1134
-1532 6184 7700 565 -2946 -1144
-892 5100 7852 -251 -1691 305
-64 4520 8000 191 -1024 1800
-956 4616 9672 1960 122 2934
-1404 4480 11760 1320 295 2868
-1200 4272 14292 1111 1049 2762
-2876 5928 16996 282 647 475
-784 12504 20224 -927 1382 4
1752 13684 11508 -2967 -1657 618
2976 11920 10748 478 1217 2985
-820 9396 10256 -584 1308 2759
-936 6452 7952 113 1043 1493
316 5720 8640 504 1443 285
380 5324 8960 -560 503 -812
832 3060 9048 1406 -280 -1556
796 4060 11296 1982 -62 -1911
1436 4724 11936 809 -89 -1490
696 6872 16104 1806 2075 -523
-212 9768 21144 -1653 2222 -346
-4864 13184 13112 -3933 -1338 -2481
-6024 10080 8936 -352 -2296 -4120
-2052 8728 10984 441 -1733 -3844
-712 5444 7916 1695 -3189 -3254
-420 3944 6860 2357 -1482 -1369
-832 5604 8860 1962 20 1101
-1620 5160 9436 1285 86 3032
-2104 4036 11036 1325 32 3042
-1800 3760 11700 85 -197 2360
-1300 3536 13856 323 188 3022
-4016 6168 16432 267 -472 1229
-1020 13556 18008 -2019 -20 630
2460 14268 9968 -1595 -3399 -1424
2732 11164 10472 167 1259 2232
-1044 7156 9316 -450 1534 2753
672 5728 7932 579 1551 2169
396 5056 7552 553 1702 1335
52 4684 8816 615 1064 -234
1040 4396 10732 1900 161 -1683
1184 3672 11004 934 -560 -2063
648 4668 13396 1690 706 -2269
1784 7968 17964 823 1862 -457
-3480 13412 19764 -817 1699 -1325
-3392 11900 11032 -3147 -2242 95
-3840 9016 8976 353 -599 -1216
-120 7368 10308 227 -463 -1196
-924 4952 7332 917 -2147 148
-1076 5024 8056 2333 210 1900
-1020 5496 9992 589 309 2768
-936 4132 10212 742 781 2907
-1916 3404 11504 527 433 1866
-2272 3804 13252 18 -976 1107
-2768 5324 16100 999 -1452 -893
-592 13132 19336 -975 -467 -576
1668 13124 11344 -2435 -3206 -756
3616 11476 10856 1428 1053 2989
-1008 8308 11000 -64 976 3029
172 6384 8080 168 1047 2185
912 4112 7040 -203 2330 1923
332 4612 8936 286 2221 997
1240 3812 10692 2253 1154 -381
1012 3732 10988 1839 424 -1302
324 5408 13304 2280 1026 -2152
1832 8272 16556 -539 1276 -1203
-3340 11888 19356 322 2428 -1887
-3808 11012 11708 -2888 -2341 -1484
-4392 10244 10588 1848 -1544 -2506
-596 8052 10416 828 -2702 -3070
-740 5496 7048 1073 -1976 -1216
-908 5816 7520 1503 -616 756
-664 5256 8792 -762 -336 2039
-1428 4160 9164 571 132 3072
-956 4152 10816 1437 445 2811
-1592 4784 13960 1070 109 2742
-2456 5044 16648 530 -909 1146
-1260 11996 19556 290 -317 -259
1088 14584 11596 -2837 -3551 -1936
3468 11436 10168 878 1747 2097
-356 9716 10580 -847 1247 3443
-176 6744 8084 -354 -216 2141
488 5064 7448 612 1104 774
152 5192 8412 550 1128 -474
1048 4516 8860 1261 461 -1718
576 4324 9896 429 141 -1762
708 3916 11692 2003 576 -1709
448 7216 14536 869 1085 -2012
1472 10876 21172 1700 4539 -266
-3348 14876 15252 -3615 250 8
-4028 8788 6440 -3752 -3831 -1899
-3516 9360 8996 1434 -291 -1996
-636 7808 9744 1046 -1847 -1137
-1036 5576 7724 315 -2751 31
-952 5484 8340 622 -1176 1729
-1024 4384 8988 -150 -1108 2503
-912 4036 9656 1795 -2 2997
-772 4140 11648 2161 323 2908
-880 4548 13304 769 127 2551
-1660 6092 17884 931 310 701
-944 13904 19836 -1100 -985 -1746
1096 14132 10208 -3827 -4564 -2883
4140 10772 9304 833 2202 497
-416 8652 9992 -277 1928 1766
212 6628 8652 -121 1325 1096
796 5000 7984 -936 2384 182
132 3724 8624 76 1845 -523
628 4132 9680 1500 1793 -425
580 3772 11208 2154 832 -738
284 4536 13124 1649 1417 -1340
-12 8880 18120 -98 3246 128
-3572 13584 21568 372 2580 110
-4892 10788 10816 -3258 -3543 -718
-3660 7872 7868 589 -3025 -2473
-888 8408 10108 2270 -2615 -2133
-940 6756 7512 1101 -3267 -1349
-988 4840 7044 732 -1743 610
-564 4848 7436 9 -1210 1437
-1064 4884 9876 2205 434 1755
-1148 5252 13024 2236 596 1259
-1288 4208 14208 383 -651 1215
-1788 4700 15536 693 -1499 710
-300 14064 20816 1236 1469 931
800 14456 12516 -3650 -3885 -485
4284 9804 7332 411 -77 1303
-184 9392 10124 523 2196 2194
148 6816 8568 1771 1359 1320
1580 5784 8124 1343 2280 670
212 5272 8884 -783 2333 -259
492 4436 9256 820 1606 -1002
596 4460 10264 1663 534 -1501
372 4728 12508 217 94 -1920
940 4896 13912 601 782 -687
1068 10856 19388 798 3625 2253
-4008 14668 15372 -5047 529 2068
-4652 8652 8696 -2781 -2260 -2056
-1868 10920 11612 1380 -1750 -2551
-860 7052 9600 831 -3433 -2816
-1100 5224 7292 1365 -1847 -1624
-320 4796 7968 1129 -441 -320
-696 5304 8256 1302 348 1385
-624 3972 10016 934 840 3005
-1112 3068 11084 1632 1252 3558
-1656 4008 14348 1457 666 3738
-3356 5212 17172 2685 -583 610
300 14644 19848 -235 2320 1531
260 13836 12312 -4186 -401 2725
2876 12716 9900 32 1423 3524
1292 10644 10752 -975 490 3695
-936 6472 8128 -1589 -297 2320
-208 4676 7616 228 -3 -436
472 4184 7320 503 -682 -2575
164 2580 7056 1085 -854 -3531
2712 6532 12756 4816 1547 -1201
3536 5976 13692 88 838 -166
-324 6288 15224 589 4071 600
-2120 13152 19680 -1755 3855 -267
-3488 13928 14380 -5552 -1136 -2897
-3016 9480 9336 -3019 -3452 -2891
-2956 8136 8648 338 -3043 -5146
1432 6276 9148 1588 -3668 -2841
324 4980 7012 2529 -3524 -832
-232 4980 8928 1724 -704 701
-48 4972 10068 778 -732 1314
-368 4452 11788 2440 435 2177
-716 4412 12108 993 190 1722
-740 5216 15056 1264 740 1191
-2432 9788 19168 1265 1957 -947
808 14256 14476 -1946 -401 -371
3148 12288 9548 -2237 1979 3401
1232 10868 10748 869 2174 4851
-1388 7908 10200 -85 1300 2947
-336 5428 7284 262 1303 881
316 4864 7672 -311 1743 219
-56 4688 9052 194 701 -945
1136 3832 10240 1816 102 -1596
952 4380 11588 1684 53 -1720
-60 5260 13620 1525 638 -1839
736 7556 17564 100 1916 -355
-3112 12104 19224 813 2403 -754
-3548 10536 10460 -3924 -3135 -406
-4000 7912 8420 770 -3602 -3688
-992 8520 11556 787 -3352 -4828
-1156 6576 9608 210 -3065 -3436
-268 4540 8200 1385 -2155 -1124
224 4916 9024 1977 -847 86
-644 4564 9632 2038 -321 1189
-904 4584 11932 3209 654 1712
-640 5284 11964 890 -371 1945
-1484 5056 14460 1816 269 2348
-1308 12132 20180 -68 1455 1698
464 14396 15824 -3769 -3486 200
3864 11188 7220 -1140 -2778 -448
952 10028 9812 31 3821 2506
560 7444 8932 -725 1254 2620
996 6452 8896 448 1801 1852
360 5964 9388 13 854 -354
508 5288 9100 173 56 -3231
1420 4936 9512 1432 -136 -4298
2044 4764 10992 572 158 -4007
1460 4508 12228 639 392 -3255
1524 6188 14180 631 1828 -1459
-1360 11344 19636 1190 3855 -508
-3332 14388 13796 -3426 -316 -817
-4820 12036 9280 -1423 -122 6
-3368 11180 10424 887 -1191 -1022
-1968 7064 7088 197 -1902 -2501
-2308 7520 7548 1588 250 -1172
-1904 8660 9100 1806 473 779
-2460 8224 10348 1294 665 1130
-2776 9164 11128 1187 375 858
-1860 9336 10204 -506 -190 2022
-1512 9196 10832 -1709 1066 4544
-2292 7692 11488 -3175 1525 5327
-2148 7124 11804 -2235 930 3940
-916 6768 10756 -1722 -177 2470
-660 6352 10336 -1158 -37 2052
-1448 7052 11864 -130 220 1428
-580 6628 11960 -17 -544 344
-52 6460 11588 298 -596 -101
-116 6568 11244 684 -558 -170
80 6752 11372 1392 -26 -285
24 6556 11592 1711 47 -449
-84 7060 11880 2219 714 -737
-680 7776 11552 1610 657 -638
-196 7620 11744 1498 758 -840
-136 6992 11728 764 834 753
-1044 7276 11740 686 1422 982
-1088 6752 11664 920 950 1084
-1228 7448 11692 817 972 1271
-1168 7472 11260 345 627 945
-1220 7384 11784 325 592 711
-1348 7692 11148 -1 -457 -91
-1136 7412 11240 342 -752 -215
-980 7816 11428 119 -767 -490
-692 7432 11308 91 -816 -306
-620 7632 11264 -34 -816 -268
-360 7396 11296 -97 -397 -124
-644 7456 11528 117 157 585
-1008 7412 11568 -48 163 488
-1000 7156 11380 -69 207 129
-1020 7216 11428 -17 480 157
-1168 6932 11900 139 549 179
-1168 7016 11508 -130 2 -159
-1268 7332 11432 171 276 -10
-1080 7032 11252 -147 -21 101
-1316 7156 11652 -61 59 105
-1292 6976 11828 -214 -207 -14
-1252 6788 11780 -137 -252 15
-1092 6868 11604 -11 -411 60
-1224 6888 11600 163 -491 -42
-1036 6628 11544 400 -358 -383
-880 6780 11896 706 -119 -250
-1000 7180 11480 610 -220 35
-1024 6892 11460 952 88 -170
-904 7244 11488 507 -117 -46
-1068 7456 11348 303 0 -7
-812 7444 11532 -473 -278 272
-820 6952 11408 -705 -376 109
-716 6680 11840 -599 -369 -71
-732 6448 11496 -445 81 -1
-952 6584 11504 -389 68 -173
-908 6696 12232 17 58 -122
-1044 6580 11584 -224 -94 -333
-1068 6404 11652 344 176 -217
-1080 6604 11816 529 392 -234
-1216 6668 11720 637 506 63
