34 0 -1216169424 5 1192708 1418570
2428 16164 -3984 220 145 -91
2224 16340 -3976 195 27 -41
2272 16224 -3924 301 175 -112
2296 16168 -4076 206 110 -53
2364 16156 -3932 147 152 -112
2216 16268 -4012 185 112 -136
2292 16264 -3852 206 -32 -9
2104 16160 -3988 245 -79 60
2144 16276 -3920 245 -238 117
2312 16180 -4012 187 -260 203
2180 16204 -3892 272 -48 89
2328 16396 -4000 388 3 102
2196 16320 -4076 -22 -302 85
2104 16292 -3876 259 36 47
2268 16196 -3964 191 -61 123
2224 16176 -4076 312 -12 189
2276 16180 -3908 293 42 33
2188 16180 -4052 417 260 -138
2080 16332 -3908 379 265 -185
2184 16252 -4060 310 196 -130
2184 16140 -4060 391 456 -257
1796 16328 -3840 224 138 -174
1948 16248 -3980 333 -225 131
1992 16316 -3940 284 -258 267
2096 16288 -4008 328 -188 211
2100 16120 -4036 464 40 196
2080 16276 -4176 285 -19 -5
2036 16204 -3980 304 42 53
2044 16312 -3888 401 187 59
2068 16396 -4072 373 -40 189
2052 16232 -4012 386 49 212
2052 16304 -4052 338 -107 142
2184 16160 -4204 415 24 115
2000 16392 -4136 526 165 51
2112 16376 -4268 424 274 -45
2096 16232 -4456 453 441 -144
1844 16268 -4104 451 122 -112
1956 16232 -4296 543 -32 -19
2208 16340 -4424 480 -195 -46
1908 16276 -4356 419 -235 -111
1688 16084 -4216 307 14 -124
2052 16424 -4328 558 161 125
1720 16340 -4208 100 -65 225
1816 16168 -4380 222 6 241
2320 16108 -4240 410 449 -70
1152 16816 -4916 137 722 -1292
1616 16624 -5104 -229 267 9
1452 16380 -3952 -1956 -989 1004
1612 16468 -4532 -706 301 -448
704 16232 -3496 933 1775 -203
1880 16036 -4236 1439 830 -281
1668 16096 -3892 1986 721 1148
2368 16248 -2668 825 -191 1200
6056 16756 -6048 1212 -1255 -2143
3356 16360 -5000 2609 -956 -5094
3824 17236 -8432 1685 -1349 -6261
2548 20120 -4080 3199 -4517 -9701
2556 18784 -1616 2421 -2205 -15471
5540 20484 -3844 2157 -5026 -21365
3584 24948 3332 7994 -6184 -32768
-3316 32767 1484 893 10068 -30405
7976 23288 -1516 6172 7486 -8077
10132 6500 -1720 -12146 -4032 26551
3816 13016 -1680 -11878 -769 32767
-972 24544 -9236 -1220 -351 32449
-31020 19832 -12036 -16395 404 31077
-32768 3464 -21052 236 1434 6243
-19396 3560 -2172 6000 2114 -20234
13736 30264 -16336 2482 -6071 -30945
-8224 15048 -9328 7543 -1892 -9805
2076 26976 -7496 -5861 -4092 -11318
15200 32767 17552 8210 -5408 -17276
-3768 12360 -4380 -7768 -17013 -16333
-11068 4260 -11144 -1079 -5289 -15067
17228 9364 -172 2121 -7862 -18854
-876 14568 -3604 -3496 2380 -9660
23276 27928 -5976 357 9828 -9349
-12588 20516 -6304 -11200 -3295 11778
-9696 18760 -3700 -2641 -5581 32767
-5884 16244 -1248 -3982 -1164 32767
-6220 27812 -7892 104 5475 32767
-10664 16016 -12324 -10099 -2635 22586
-22212 8832 -20164 5692 -1396 4703
-8048 8852 -9952 9606 13785 -20423
-32768 27056 7160 4883 32767 -32768
-8660 16148 -10456 2333 20531 -12105
-576 26552 -4500 4750 -4740 -5857
5832 32767 -3220 9129 -15310 -13110
-2112 26384 8512 -4616 -29536 -24477
-15540 19760 -13944 3219 -154 -21753
1328 14356 3808 3830 -2438 -11923
9716 15992 236 2936 1414 -11895
-1316 20948 -60 11364 3284 -7994
-1112 27220 -9160 5269 2538 3958
-1892 14836 1224 -19457 3903 24729
-1028 15616 -4760 -12255 5231 32767
-7604 19832 -1076 -9147 -6042 32767
-7304 24568 172 -7238 2000 30639
-32768 20012 -26464 -14288 10621 14826
-24696 11088 -13984 13941 1077 -15016
-9804 32767 22136 11588 32767 -22113
-16464 19480 -6884 7608 6594 -9302
-2884 28204 -2800 2934 -7897 -6191
18928 32767 -3832 25734 -5211 -14990
-3660 17480 1796 1352 -25412 -23570
-2956 5148 -13140 -2046 6759 -17776
8556 11536 1344 4680 10566 -14275
9324 11784 2020 5749 9163 -20861
5436 32767 -8804 18365 -522 -5379
144 18368 -6136 -12258 -3000 15866
-432 8564 -88 -14532 -6318 32767
-1368 23848 -540 -13174 -808 32767
-13936 30156 -8488 -7060 1783 32767
-32768 13340 -14312 -9797 -1377 20916
-32768 6508 -13324 2079 9348 -7270
-14756 31624 -32768 32585 21898 -4914
12144 12828 21060 -7499 7740 -26540
-11164 19160 -3268 9539 609 -15193
9196 32767 -5556 7772 -11306 -12099
4264 31852 8916 -36 -32768 -24846
-10840 18488 -14576 7840 -5808 -23501
7148 9952 5820 788 5122 -16641
11036 15952 -600 2847 6382 -17043
4692 29140 -5412 16678 6410 -10375
-5204 31308 -12836 -6891 -2921 17148
-2164 11448 -3028 -13248 -724 32767
372 22916 -2704 -13160 46 32767
-6852 31896 -7544 -4130 -3723 32767
-28460 14960 -8316 -13657 -6247 13372
-32768 6024 -14988 10630 20257 2245
-14004 17608 -8604 5340 9340 -21115
-5932 18136 32767 3686 8241 -14270
-16352 25952 9024 9010 1720 -12348
15760 32767 -11824 1846 -6141 -8854
2044 28676 13232 -107 -32768 -19358
-3936 16716 -15040 7938 -12172 -21892
13812 10508 2604 2365 1896 -18506
8796 15368 -2112 11764 8261 -25765
12808 14716 2120 6822 1309 -16751
2916 32767 -12572 -4538 1884 4101
-13012 4920 -1608 -21247 463 32767
-2444 18200 -7008 -14648 2015 32767
-6384 19876 -4016 -9560 -5462 32767
-26996 29600 -7336 -8489 -4584 32767
-32768 8356 -14904 -4792 5059 3225
-17024 10008 -9604 7331 10691 -11443
-32768 32767 32767 13553 9955 -15498
6576 15676 -11300 13045 6794 -8407
-2400 25976 -8028 -1676 -4323 -7170
28432 32767 23288 10502 7104 -19627
936 10980 -12716 -4002 -18532 -32768
1564 1648 -5436 -13773 3893 -16163
14652 10604 3348 9875 4996 -27794
1108 19844 -5244 5393 9481 -18659
-588 32767 -23180 22177 684 -10757
-4192 14444 -9752 -24495 -2108 24395
5856 16444 -2804 -5191 -8214 32767
3584 27136 1720 -6017 7137 32767
-24104 32767 -18264 -13814 7399 32215
-32768 8080 -19828 -10666 3581 14212
-25452 16508 -14168 19423 15741 -11695
1900 -10680 32767 32767 -32768 -26028
6740 13324 -12936 14522 2848 -6683
2448 27924 -4360 -2340 -4616 -4420
17244 27240 18820 18885 -790 -21992
-4872 13104 -6240 1464 -13207 -30560
3032 4088 -8172 -8956 6236 -12851
11756 10844 2144 15251 14320 -25721
1540 16120 -820 8573 -3283 -17398
880 32767 -18444 5600 -7079 -1063
-10836 8996 -1800 -23869 -5495 28035
124 19080 -4092 -13106 3086 32767
804 26880 -4080 -12552 -2361 32767
-22452 31304 -14044 -11565 -2933 31602
-32768 9000 -17056 -6669 608 6077
-18608 11824 -27084 30812 16109 -17854
-5632 2104 -14368 5352 7433 -11934
-5296 25924 -3000 10836 -407 -10378
13948 32767 -4664 6634 -12837 -13719
7772 27920 9668 -1597 -27550 -32768
-13712 20312 -20896 9323 -2979 -24115
5304 14736 3516 3969 -1451 -17797
20412 14304 616 9170 4761 -27560
4900 28688 -6920 18677 6158 -17047
4200 13696 -4372 -8073 1186 16604
-6236 15140 360 -14540 -3051 32767
-200 26180 -3340 -10042 -4427 32767
-10420 27904 -7468 -4103 -2863 32767
-32768 22688 -8936 -14004 -3600 17498
-32768 9880 -17740 3884 18604 -11861
-32768 32767 -32768 -2454 -32768 -23785
-11436 17112 -13924 3110 604 -10227
216 27168 -12712 4549 -4861 -10085
11820 27724 -804 22259 -15938 -16265
3504 20364 -2012 -6749 -23784 -21106
-6380 22296 -11800 -2212 -466 -20247
12608 18644 2924 1604 6132 -17555
8100 15552 2436 5626 6661 -21055
4012 32767 -18720 10992 -2470 -5551
-1308 15676 -3936 -12684 -11254 27811
-1876 24020 -6032 -8345 -5533 32767
-1124 22776 2612 -11216 -5505 32767
-21280 32012 -5428 -19247 -1403 32767
-32768 17012 -23564 -4395 807 11131
-31192 10788 -9308 8941 17766 -19095
-13932 -176 -32768 28322 21523 -32768
-6968 22708 -1132 9225 -12520 -10643
11080 32767 -2272 2189 -4124 -10428
7312 32488 7304 486 -26115 -26846
-15064 23192 -14860 6323 -2624 -17589
10740 13044 2116 8850 10780 -18667
9968 15460 2356 12082 10619 -24444
10072 19392 -1132 5383 -3935 -15694
-16 25724 -14812 -10696 3957 8073
2684 6636 648 -22693 -3486 32767
-10296 25052 2996 -21498 2054 32767
2116 32767 -2372 -14943 -5667 32767
-29672 32767 -14032 -13675 -8041 16924
-32768 7896 -14636 -2315 13323 3583
-8812 21928 9140 9067 19115 -29767
4136 -7708 24468 -27517 9476 -14615
-4136 29780 4680 9941 -2841 -11466
14108 32767 1252 13788 -8416 -12290
3912 29384 4124 -5720 -28053 -21075
-4972 12516 -6708 8914 -379 -27952
5452 14744 4504 5628 1517 -16728
9664 13524 -440 13581 4697 -20148
2844 32767 -10856 11210 -4471 -5685
-3832 21008 -8416 -3804 -6461 16011
2192 17348 -5656 -7608 -4254 32767
2628 23880 2528 -10058 6012 32767
-3580 25948 -10664 -12907 4190 32767
-32768 11960 -11128 -10640 -5473 23314
-27424 4444 -17608 14480 17602 -11928
32767 32767 32767 28512 16387 -32768
5376 23364 5900 603 23781 -15947
7876 28960 148 -1431 -11009 -2231
17188 28144 14184 22054 -17935 -11804
-6504 7380 -2992 -4472 -11329 -28849
3780 5156 -3452 967 4800 -28319
17224 15656 2416 4734 4454 -18444
1808 16452 -2440 10305 5436 -15344
7128 25216 -14692 -7717 -10696 3034
4796 11508 -1936 -11052 -8277 32767
824 20008 -2624 -7328 2717 32767
-5544 31020 -4880 -10199 823 32767
-32768 17688 -3752 -14332 2204 25884
-32768 7612 -14788 4765 8495 -502
4140 14256 -10280 17641 25273 -18149
2076 14384 -4204 -2512 -5533 -14169
-10104 26116 6724 10409 2249 -12369
8784 32767 -1660 12317 -11615 -14577
3188 25152 4956 2119 -23876 -23692
-6064 17292 -9380 5436 1443 -25409
8344 12172 5828 3502 666 -16093
9212 9908 -1332 6735 5616 -16030
10436 32767 -6816 13351 -1890 968
-8080 30520 -10184 -7357 -11105 21677
1132 22036 -4680 -4546 -5991 32767
112 21384 3584 -5663 -1717 32767
-2964 31844 -9292 -15339 -1029 32767
-32768 13484 -9400 -8462 -6983 30157
-32768 9484 -14732 6313 16315 -11264
-32768 32767 -32768 18799 -32768 -14686
-12272 30928 -8428 -11942 -7323 -15826
-1536 24076 -13948 4053 503 -7137
11468 32767 -1280 17925 -3085 -15333
-2644 29084 3056 3501 -21751 -25470
-7076 7168 -7924 4734 -1454 -23087
7948 12588 5408 3322 3585 -19416
6748 18908 -5776 6036 11549 -21924
5512 32767 -12008 11912 2089 -16553
-4876 18168 -6796 -2193 -5911 15151
2572 13156 -1344 -5565 -2816 32767
-340 24628 -2408 -8029 2115 32767
-2276 30204 440 -6597 1197 32767
-32768 22728 -14964 -30288 5212 14710
-32768 460 -13448 1014 5832 -8238
456 3224 -16476 32767 32767 -15498
-22160 4972 -10504 -8737 -5151 -14539
8968 32767 80 -2263 9988 -14625
6812 32767 2548 -1649 -5477 -2237
29264 20444 -2184 20101 3898 -19418
-4200 12040 -1364 -1848 -5979 -19132
6156 10372 -388 -5632 2569 -15996
6488 8096 -116 -1605 1433 -12193
760 17460 324 4358 -1796 485
16264 18972 -6064 -5430 2202 6129
6848 15584 -3460 -6416 3158 32767
-696 18840 -2852 -4395 -2630 32767
-12888 32767 -5540 -13572 -3164 32767
-32768 18624 -4576 -3577 -3592 31544
-32768 3152 -10052 4711 10114 -13400
-4216 32767 6608 -8435 32767 4237
-2268 16900 -4356 -7812 -1073 -15604
-6532 23080 -7852 1653 -226 -8481
9636 22836 312 29877 -7712 -22544
-976 16432 -744 3400 -30076 -22647
-9540 19632 -2484 2841 3069 -16006
17268 16636 604 8790 7518 -23182
11040 16232 3112 8610 11441 -21893
-1132 29788 -20860 -11539 5898 6698
-15432 20396 -11760 -10090 -6152 32767
-10680 32212 -5676 -11525 -5671 32767
-1752 19420 -2340 -13153 -4038 32767
-32768 31368 -7348 -25522 1166 16396
-32768 8980 -16576 -3826 8934 2049
-14728 10260 -10968 4502 15806 -14652
2112 -1844 -32768 2770 16628 -29604
5752 20752 -9624 11152 3040 -14890
488 32568 -40 -2910 -6902 -8873
15440 31408 8984 14888 -17100 -11081
-2968 17972 -8692 -5515 -29401 -19710
-12032 8772 -10824 2048 -3625 -15674
15804 14420 -3872 9208 4295 -21303
9716 13716 -3104 4054 2665 -20309
8300 32767 -23652 12314 -740 -7866
-13252 16008 -8036 -6901 -4115 15388
-796 18508 -4452 -4983 1141 32767
-6760 29192 -4228 -15125 3549 32767
-11140 32767 -13716 -10369 4531 32767
-32768 17956 -7108 -15930 -8804 3403
-32768 2264 -11776 -4044 9985 -9072
-32768 32767 -32768 22157 13706 1346
-700 29300 9304 3212 -10384 -17585
-9820 14628 -6212 14474 3605 -17499
-4096 32767 1892 -5139 -3196 -3987
14520 30264 2680 8726 -6178 -20320
-10764 7368 -11400 820 -19272 -31064
7456 8596 828 -2656 11692 -17804
10392 17356 -1596 11656 15742 -22524
1504 29272 -1520 16384 5671 -13588
-7112 27536 -9360 -17734 -5300 14496
-2432 22168 -6896 -25096 -8894 32767
484 22976 -1616 -7890 -4747 32767
1004 32056 -2212 -7250 -5182 32767
-32768 32767 -20544 -27184 2935 5273
-32768 -368 -9892 2575 12884 -5466
-32768 32767 -32768 31345 -32768 -11167
-1500 27784 -11620 1217 5957 -19179
-4912 25580 -8256 7754 6596 -14429
4584 32767 1884 13632 -11087 -16202
-1080 31500 2628 1384 -16543 -24326
-5948 17256 -7080 3157 -1031 -18260
12608 16984 2432 11434 2394 -15037
12320 22768 -932 5879 2013 -23171
5272 32767 -16844 2423 -6075 -10459
-7560 10696 -7068 -2958 -7722 17772
4524 15888 -10412 -12217 -1367 32767
1968 8748 5004 -5152 -389 32767
-23372 32767 -9240 -4490 5330 32767
-32768 23624 -25772 -8126 2307 6017
-21808 6204 -17296 6889 14556 -10117
-9564 -11912 11520 32767 -26072 -32768
-5880 23228 -9776 11508 -726 -8647
12572 32767 -8184 433 -10031 -10129
30896 32767 23196 721 -3949 -16406
-14236 20824 -17532 15650 -10758 -30932
14544 15880 3928 5549 5453 -21676
9684 15324 4284 11873 2385 -20723
9436 21440 -372 3429 -8886 -11430
832 12568 -9140 -23067 -5468 12258
-1292 13792 -6736 -7571 -1477 32767
-3884 23096 -7776 -11142 -105 32767
-9260 30708 -11032 -5727 321 32767
-32768 12216 -1824 -7799 -14314 27860
-29552 -400 -4652 -448 11594 -4199
3860 12764 -26756 19287 32767 -14595
-1640 16084 -14576 -2948 -443 -16391
-6336 21492 -1736 9657 -4527 -14187
16268 32767 -8072 7554 -7099 -6808
10872 30968 12676 7225 -19584 -11239
-10800 26384 -16224 6322 -4269 -27447
5868 12584 7668 2577 6246 -18748
9572 18184 -3752 6261 2717 -19780
7096 24664 -9692 2138 3152 -8318
-1560 18128 -6604 -12277 1119 19528
-3304 23048 -11004 -14628 1175 32767
164 20804 -2456 -7753 -3259 32767
-13504 31932 -4524 -7943 -5154 32767
-32768 18048 -14616 -4287 -697 24187
-31432 3796 -12464 9491 2147 -13153
32767 32767 32767 32767 12962 -32768
-13284 22100 15792 8426 -3826 -18731
-2756 27492 -3096 3718 -2276 -10748
20812 32767 7476 1822 4033 -12900
3360 28220 9020 3083 -19571 -29867
-5336 14648 -10172 2673 -2428 -26776
6392 16004 3032 4834 10550 -12269
10152 14668 -2400 5943 -2623 -19521
9752 32767 -18964 7606 -5474 -1546
-7088 16636 -12724 -9728 -5894 27267
656 17112 -2788 373 -4051 32767
-1236 25484 -2656 -3854 6496 32767
-14316 28384 -10844 -7002 4768 32767
-32768 14816 -14664 -6853 -804 32417
-26932 8240 -11940 5610 16586 -11768
-6756 -32768 -14908 32767 9901 -32768
-4052 21424 4956 7685 4399 -17444
-2372 31980 -7608 656 -2171 -3347
16580 31496 21420 10711 -10190 -8196
3304 7712 -4980 2561 -23261 -25524
-84 11336 -8596 6749 -318 -22867
6600 16264 -356 5139 -34 -17090
12256 21344 344 6677 -2281 -19783
936 19444 -12012 -7586 -3907 2874
-2152 8780 -1120 -8262 -3320 27267
1424 21760 -7552 -3436 -2739 32767
-1784 23764 -276 -7097 -4225 32767
-22344 32767 -11036 -4868 4220 32767
-32768 9092 -11812 -1608 12150 8900
-20844 18592 -26684 8306 32767 -11421
11564 19916 -25400 -8592 3710 -3358
-5952 14392 -12628 6701 -3733 -16345
-268 32767 -3656 -2796 -1789 -1368
22172 14584 8616 9620 -2375 -9118
-14596 10312 -14552 3278 -8901 -30315
-8540 14504 -4124 9160 -11265 -28300
11288 14816 -4144 3090 -7341 -28514
9468 16188 -4376 -2327 -1715 -25089
7904 27040 -15296 -9799 9042 -3107
-16880 -148 -3088 -16940 7537 23738
-5020 8320 -1388 -5452 -5541 32767
-5328 22256 400 -5222 -12577 32767
-5864 31792 -2040 8286 3320 32767
-28124 26568 -7288 -4424 19474 25072
-32768 5236 -16264 -12925 15143 -2766
-12356 32767 -32768 32767 -32768 -32768
13108 19940 -10280 7834 -5954 -8924
568 16896 -4236 1398 173 -2369
2768 16008 -5660 -766 -1550 707
2224 14308 -5792 -129 -2204 1904
2388 16092 -4420 -689 -723 1199
2684 15576 -4484 -546 96 217
3640 17888 -3768 227 573 -2301
1828 16708 -3948 648 467 -2254
2260 16588 -5012 -232 -567 -1887
2112 16728 -3992 -224 271 -644
1760 16100 -4080 49 -118 51
1876 16244 -4188 622 -679 -599
1156 16240 -3668 281 -995 -1029
1060 16064 -4296 463 248 -686
1808 16556 -5228 637 744 203
1888 16460 -4128 231 320 618
2376 16456 -4128 556 690 217
1160 16100 -4460 490 610 8
1544 16048 -4140 775 -696 -318
552 15504 -4164 701 522 -215
1664 16104 -5508 688 560 -1
744 16136 -5196 -193 384 807
2088 16572 -4520 -163 391 1738
2596 16780 -4544 -391 -111 2189
1640 16188 -5068 -1018 -321 1442
2652 16756 -3992 -568 -215 1374
1144 15460 -2780 -179 -178 1027
2080 16016 -4704 496 63 811
4024 16952 -5336 542 -28 809
2156 17144 -3640 -233 -1100 307
544 15120 -3608 221 -145 1967
2704 14772 -6220 217 -1449 2319
3472 16260 -4004 988 216 1354
4924 17088 -4944 1320 1465 -79
3840 16516 -4308 885 1194 -78
3324 16088 -4172 902 860 -2
3388 16328 -3920 100 1 391
