4 16204 -3272 450 260 55
2684 16272 -3104 424 245 -68
2612 16256 -3264 294 368 -134
2476 16240 -3180 452 187 -65
2452 16228 -3332 180 -79 -93
2540 16184 -3192 214 -194 3
2440 16264 -3200 311 -251 104
2440 16320 -3244 286 -277 188
2444 16224 -3300 346 -203 254
2572 16224 -3036 399 -195 323
2628 16384 -3176 449 -162 342
2664 16248 -3408 347 -54 81
2576 16204 -3220 373 35 94
2536 16252 -3016 438 200 1
2528 16232 -3256 425 213 -5
2420 16276 -3320 348 -77 102
2548 16156 -3576 300 -110 141
2584 16224 -3220 398 -12 29
2536 16208 -3296 394 77 -57
2568 16268 -3548 385 144 -193
2508 16252 -3376 311 63 -239
2344 16264 -3112 356 -58 -200
2332 16264 -3384 283 -179 -86
2308 16188 -3392 246 -163 32
2232 16212 -3416 267 -246 177
2284 16116 -3348 223 -148 311
2348 16352 -3400 182 -258 419
2532 16272 -3516 6 -289 381
2468 16272 -3204 182 -19 243
2468 16288 -3232 270 205 98
2496 16204 -3320 247 114 91
2304 16212 -3280 345 212 241
2656 16128 -3320 350 210 164
2448 16108 -3296 258 181 -16
2488 16176 -3420 178 157 -133
2492 16132 -3340 115 20 -357
2436 16316 -3416 53 -66 -295
1988 16216 -3164 36 -549 5
2584 16100 -3600 187 -391 623
2744 16316 -3292 190 79 245
2428 16412 -3248 43 -9 -498
2144 16344 -3144 12 -685 -613
2560 16112 -3548 189 -359 -1100
2084 16444 -3164 489 -15 -1094
2544 16884 -3584 125 -477 -1512
3140 17796 -6380 -1243 -2167 -2067
-440 14672 -2824 -1049 -4238 -1429
472 15012 -1324 428 -1232 127
1724 16304 -1244 113 1971 1804
2388 16532 -3916 436 1370 1115
1912 16308 -3108 571 554 1064
2172 16700 -2756 850 0 917
1780 16152 -3324 538 42 596
2220 16384 -3072 739 -318 475
2048 16292 -3108 651 -58 309
2020 16356 -3044 708 243 -129
2152 16360 -3488 603 -4 -22
2040 16320 -3232 700 180 -138
1952 16308 -3680 576 9 49
1572 16268 -3480 572 281 62
1996 16376 -3472 668 195 443
1916 16276 -3436 543 -255 257
1960 16304 -3324 740 119 -46
2052 16332 -3704 563 14 116
1852 16180 -3928 302 17 151
1436 16760 -4004 -1127 -123 653
2072 16468 -3524 -219 463 164
1352 16436 -2700 439 1226 -415
1080 16412 -3148 748 563 -117
2740 16152 -3680 1135 121 -467
288 15540 -3152 1725 471 -873
3320 16888 -4468 2603 850 -482
6276 15840 -4728 1217 -663 -4135
2656 18364 -7220 4232 1447 -9787
2444 18920 -3840 1234 605 -6414
5732 23104 -904 3338 -4153 -11539
3036 21860 972 -1378 -6644 -17253
84 11428 -4496 -511 -5069 -18438
-2348 19028 -3248 4046 4144 -29628
-3804 32767 2632 15673 13043 -32768
3732 32767 -2756 11244 1855 -9164
4944 9232 -2420 -15711 -10574 17708
3064 10444 -216 -9648 -7228 32767
3684 14332 2096 -11921 1502 32767
-18152 28456 -13296 -8727 1750 32767
-32768 10600 -18008 3238 -977 18535
-22840 4696 -1448 -3700 6959 -20447
-17972 18512 -3720 14104 -3264 -32768
-4800 20908 -3344 7904 -3102 -11654
11036 32767 -6356 8592 -7097 -4819
1660 32767 6308 -7451 -32034 -8636
-11948 21872 -11288 2905 -2198 -19436
11220 12472 3752 5327 -942 -20424
3216 7728 -268 6851 7221 -20171
15292 10768 2360 12488 5315 -16887
18312 28956 -9996 -4706 -2560 2986
3712 7784 -2336 -7980 -2896 31588
20 20280 -5292 -20569 3475 32767
-3632 19632 -2992 -13089 -510 32767
-25320 28092 -8876 -12678 -3802 15716
-32768 8388 -18304 2779 11810 -1336
-6412 21740 -10808 4733 23036 -19060
548 -10692 12696 -10680 11168 -21511
-6432 24784 -1664 5401 286 -9403
20040 32767 -7300 16652 -3062 -6050
12300 32767 6396 -8230 -30470 -14245
-10716 17020 -7464 7426 7078 -22444
23316 17856 6376 4216 -167 -20151
8832 16388 -1012 11255 1836 -14223
20488 18164 -2320 2430 -5154 -8720
-16 18964 -7208 -5087 -5484 20929
2376 21468 -7124 -5341 4683 32767
4148 20840 -2344 -7333 -1591 32767
-17432 31152 -11548 -29552 2532 17785
-26848 10280 -24308 -1322 6615 6249
-32768 32767 -32768 -4496 26657 11432
4392 -748 -11412 -11819 18354 -29131
-6376 29688 -6384 13633 -8619 -11979
9784 32767 -8444 6242 -8674 -12788
13260 31988 14512 432 -24188 -27067
-9720 13788 -17808 8917 -4805 -29668
7544 16440 2528 7049 6476 -21966
16636 9828 2388 6970 7989 -22988
4276 26404 -2600 15503 7523 -9326
-4896 17136 -9468 -4004 5090 11053
1984 12396 -4932 -8777 -3034 32767
-4456 17212 -2508 -21042 -5881 32767
-12528 20028 -1848 -10956 -17644 32767
-32768 17264 -11000 -776 3008 25856
-32768 8636 -14644 2526 17169 -11482
-32768 32767 -32768 25795 -16217 25754
-15040 7356 18960 12316 5783 -32768
-2520 27132 -4292 2656 864 -10326
17992 32767 6588 23959 -9600 -10316
-2936 30864 -2116 -8133 -30952 -27268
-1984 12696 -3712 8674 6112 -31901
14860 9868 7808 8008 527 -20214
6128 22288 -5344 11956 4608 -8924
-7348 32767 -26344 22358 -5520 18
-5632 9048 2468 -11254 -9452 20967
2236 12628 3792 -16774 1897 32767
-2220 19744 988 -12954 -6565 32767
-29280 32767 -5384 -15361 -9916 21314
-32620 13148 -28660 3324 9008 2512
-15228 2724 -2828 -2009 15488 -14980
-32768 -32768 8448 -5742 11809 -27720
-2968 24208 -3024 6187 -3874 -9654
22776 32767 876 19368 -9289 -13583
9228 15176 -6624 -3540 -27890 -18948
-3968 14660 -8840 3690 -1856 -26675
13444 18836 2548 6441 412 -22738
12480 10744 4188 6736 2161 -23311
6672 29184 -5676 26123 6098 -9347
-2844 19108 -9192 -13704 3151 19654
2292 14508 268 -12373 -1378 32767
-4212 24484 512 -12893 -4284 32767
-6868 29884 40 -8889 -2980 32767
-32768 14800 -15888 -20880 3750 12262
-32768 23036 -21392 1802 27206 -9139
21908 -16748 2420 32767 14630 -32768
-9012 19784 -10564 8830 2666 -9490
5312 32767 4536 3246 -3671 -5829
25540 32767 29168 10410 -14618 -19020
-4012 6580 -5544 -9307 -12797 -26882
-2424 10432 -7464 -4964 1492 -21236
15868 19340 3000 2944 11191 -26854
8080 21516 -1252 17945 13662 -21599
3272 17068 -7604 -7651 238 3370
-8432 11584 -4556 -16328 -5659 32767
1588 18888 -2308 -11972 -2768 32767
-1660 25084 244 -13950 -2111 32767
-22768 32767 -4312 -17277 -5585 23968
-32768 10572 -20096 -2131 1694 6584
-20864 15740 -6224 5409 19726 -27742
-25656 -24916 11100 4472 977 -27404
-4604 22852 -2460 5181 -5373 -10459
12536 32767 -5364 8970 -4659 -9366
8256 30708 8968 -1646 -15764 -25109
-10864 10960 -7688 1084 1713 -27659
-3420 18940 -584 3050 10283 -18857
12584 14480 3040 5650 -4700 -24000
7240 26076 -468 9398 -811 -16008
1332 18348 -11556 -7064 -923 11989
-9092 7912 864 -13941 -7606 32767
5672 21000 -856 -8911 6950 32767
-3280 23992 -1948 -12675 -4246 32767
-29340 19720 -10080 -12145 -6170 22943
-32768 7652 -16868 1752 5891 3332
-9592 12752 -2516 8390 16093 -22451
-27952 -5092 -12132 5411 4446 -32768
440 22560 -8532 6917 -5208 -11378
7148 32767 -984 -582 -5093 -5510
20712 28368 -2368 6436 -6579 -19970
-8812 7932 -9440 6373 -9805 -27893
-868 5272 -3360 1168 1393 -25563
12828 11736 1464 5193 3983 -23176
4672 19752 -3988 6081 3960 -21489
6132 29404 -11488 934 -3322 -1856
-3788 7572 -2336 -20298 -6869 31282
2812 17500 -2280 -8117 -228 32767
-2172 15812 -588 -9660 -6064 32767
-18232 31724 -5616 -3401 -972 32767
-32768 14008 -18280 -2525 10194 8920
-27472 16648 -16232 4374 21186 -19433
-23000 -8956 -13672 -325 11322 -32768
-5640 23392 -6672 4201 -2293 -11456
11256 32767 -4476 10827 -7566 -3429
9484 32767 10640 -859 -25072 -23152
-23120 21536 -11724 9216 -2424 -17030
9168 13248 7976 4934 -322 -23083
10816 13048 1940 1248 -2878 -19717
13632 23204 -1856 8776 -1968 -10416
11924 17488 -11592 -15107 6121 14430
348 16336 -13568 -16712 4534 32767
-840 20900 -5556 -20723 4094 32767
-4676 29072 -6864 -14637 6987 32767
-20664 14004 -24616 -4210 25223 21112
-32768 7200 -20660 4401 31392 -10842
32767 28368 32767 32767 -32482 32767
5896 13880 -14740 9387 -9537 -16164
-3228 23852 28 -3104 -504 -5398
16632 32767 17188 8553 7052 -15016
4984 20708 -8268 -7135 19516 -23731
-5768 12 1828 417 28115 -18165
8000 10932 3764 -2631 16124 -16802
8192 11072 2712 -6601 3154 -19976
6816 32767 -20160 15058 -2360 -6768
660 32767 -20664 -24583 6198 15410
-312 23948 -20420 -15170 13975 32767
5236 23148 -9240 -11558 15259 32767
-3212 30132 -15340 -4435 21358 32767
-32768 21532 -26016 -8804 20163 24965
-32768 2840 -20588 9548 11551 -11643
-32768 32767 -32768 24983 132 -32376
7552 16768 1312 10521 5907 -9906
1160 22832 -10008 3917 -483 -7195
13460 32767 1828 4981 1342 -11997
7936 23240 7472 -386 -25895 -9518
-8784 15492 -18336 9851 -4957 -18476
668 14028 1236 6329 3341 -16674
10948 16168 3000 3623 -2155 -20568
5696 23456 -180 4274 4750 -15501
11116 16740 -5296 -2139 809 7751
1292 12900 -3844 -10986 -1724 32767
3280 20088 -936 -4920 3471 32767
-1192 22992 5652 -5014 2374 32767
-32484 23812 -14584 -14838 7096 23664
-32768 10616 -23828 2601 3630 596
-11392 12068 -6712 9077 9158 -19699
-32768 10932 -32468 6885 482 -32768
-1836 17288 -9676 10174 1183 -13958
3184 30980 -6716 -9183 -4028 -1712
13800 32644 7680 7881 -12912 -15875
-9280 13008 -13696 2898 -9947 -18424
4688 10072 -7372 -589 1176 -26839
9892 12744 1504 3059 1687 -24078
9140 27308 -3096 8405 8400 -19757
-820 22900 -4564 -4231 -1160 2489
1152 13008 -1500 -14993 -6034 32767
8804 20920 -1036 -6851 -744 32767
-2516 27092 -4636 -6794 -20 32767
-32380 32767 -24272 -11050 -3150 19277
-26972 6132 -16724 -1747 5685 2660
-11508 17796 15072 161 14979 -21525
-19396 5780 -32768 -10304 5361 -13229
1808 18852 -11360 10921 -2441 -17908
3308 31172 -4336 -7347 -6674 -5874
17120 32767 7152 7388 -4813 -20199
-7156 10516 -5528 3067 -9539 -24018
4876 5040 -5740 794 6360 -24824
13156 16032 2280 2563 4155 -18306
7932 21924 -508 1130 -1833 -17327
6240 25912 -14348 -6941 -4541 8184
-120 7792 -2196 -19464 776 32767
-212 19668 -3940 -14596 -860 32767
-5700 25460 -9940 -10985 2252 32767
-32768 20720 -17776 -7902 6597 26658
-27716 9044 -20344 6772 5290 3370
-20364 32767 -32768 32584 21576 20903
16116 29904 18420 6156 9927 -21208
-6756 23016 -9296 3895 -1256 -10833
11668 32767 -1360 4305 -6289 -11354
3712 27516 4012 -2173 -29944 -19360
-1896 19600 -13828 5639 -540 -20988
1888 18124 960 4937 4491 -23070
5368 19988 -2456 6884 2172 -24342
6924 32767 -14732 17630 -2583 -10436
-5064 11280 -1844 -13667 -5840 24189
2760 17200 4796 -5588 -2813 32767
-2432 30720 1996 -12962 409 32767
-20388 32767 -11872 -11763 2591 32767
-32768 12596 -23964 -4383 6831 17195
-22260 3252 -12068 14392 15350 -16123
32767 18124 31272 32767 -29474 -32768
-3016 24720 -13520 16858 2479 -13293
4828 28708 -6028 -1644 -2656 -3991
16344 32767 15400 7139 -5748 -13711
-4456 14700 -3000 1326 -18808 -17858
-3504 23236 -12388 479 4798 -25116
5464 20580 2524 2424 4648 -19520
7420 19756 536 9337 -2189 -22720
6116 28140 -10084 4145 -214 2396
-3036 7232 508 -18341 2124 31444
4892 15256 -2220 -11164 105 32767
-2480 23944 -1892 -13608 -4895 32767
-23184 32767 -6104 -9628 -1832 32767
-32768 10100 -25108 704 12632 7281
-18324 19560 -13508 4603 20876 -23660
-14208 -7792 -32768 -6270 8214 -31932
-5352 23800 -3924 7516 -6154 -14695
8028 31564 -13988 -996 -6965 -5328
13256 32767 3460 2086 -10786 -17336
-18328 18436 -17756 9381 -5067 -24257
-3960 11220 348 5804 13342 -30169
11468 17628 2196 10125 4341 -31463
7696 23840 -116 11960 -3657 -21344
4656 16552 -9636 -4548 -3016 1994
-776 5372 924 -12600 1377 32767
7220 18788 -72 -13941 3457 32767
-6868 26276 -2656 -12718 1207 32767
-32768 32767 -12512 -7364 720 30579
-32768 6548 -19828 -3184 9297 -1202
-17096 7676 -11400 7135 6930 -22424
-23532 -18000 -28976 2276 17104 -32768
680 18520 -5852 7109 1434 -18368
-1512 32767 2924 -1986 -787 -4906
19760 27412 4684 7080 -7559 -14233
-424 4412 -9460 1711 -13501 -24314
6652 5172 -7944 -1804 11155 -24962
12292 18652 252 5877 10007 -27091
1988 26136 -4148 2479 -1961 -18176
5860 21888 -8880 -1984 -6175 -447
828 5132 220 -18828 328 32767
1312 19440 -4396 -14508 680 32767
-4540 27388 3248 -12184 -7242 32767
-31008 32767 -21988 -15093 4799 22204
-32768 6848 -26332 -4605 -505 -4055
-14328 19836 -22480 17120 -9746 -22575
3352 3636 -28 -4187 6719 -29222
-1004 17588 -8796 7969 -1731 -14825
6972 32767 -6164 786 -4045 -4063
23900 32767 -1640 6957 -922 -23378
7272 21996 -15108 15642 -1359 -26857
6372 19616 3868 -1847 14985 -22321
9304 18224 1824 4671 1432 -25320
8632 24500 -7260 9703 -1296 -16037
-6696 19644 -9836 1236 504 22833
-3716 13668 -4224 -8487 2600 32767
-7668 21432 -1436 -14902 -1067 32767
-3600 32767 -6772 -9320 5705 32767
-32768 31376 -15220 -20708 -3004 16479
-32768 6516 -21440 -1758 6656 -8979
-2440 -13504 -19780 24085 13223 -20921
-1248 -9068 12408 4070 -9316 -7912
-5620 22820 -2164 -179 -5134 -12719
16544 32767 -10932 9731 -5066 -7489
4376 23956 -1952 -144 -16471 -25914
-8716 27040 -10704 3423 -4103 -23536
10108 23204 -112 8298 17083 -29578
10236 22456 -48 8317 -658 -26113
4752 31672 -10164 18413 -2958 -11226
-1584 8624 -3784 -10995 -1034 26334
-2856 10612 3904 -8828 -1678 32767
-1876 25520 -504 -15073 6053 32767
-10724 32767 -12832 -10460 6034 32767
-32768 19688 -32768 -25624 -2349 6057
-32768 2328 -16452 15173 9850 -24964
-10036 -32768 76 32767 -5185 -32768
-7688 26820 -2120 15995 2060 -14648
-44 24284 -8012 2322 -4886 -1456
19864 32767 19400 9608 -2862 -15501
-324 6612 -3272 164 -21643 -20170
7968 10740 -9844 -4330 1976 -18089
11844 19612 776 10867 7139 -28713
8884 28720 -3472 9726 -4567 -24079
7896 24716 -9020 2366 -7710 -2521
-1624 15312 -5628 -13297 3858 32767
-2764 16096 -3408 -11865 2503 32767
-6048 24832 -3388 -15242 -3401 32767
-28104 28984 -8288 -8857 -47 32767
-32768 4988 -21564 1162 14518 7564
-19604 9312 -7992 7661 9319 -25493
32767 32767 32767 16711 -1318 -32768
-6008 26968 -15940 2340 2230 -18076
17028 32767 -11128 -2671 -436 -1482
11912 26028 7860 1394 -19815 -16659
-13520 20300 -15028 11928 -3535 -24183
2948 18360 -672 1259 1950 -25624
12928 17240 284 13103 4505 -31170
5512 25824 3608 -1658 -553 -16753
3588 19364 -13812 761 -937 9856
-5992 7232 -1740 -17315 5593 32767
2352 19136 -3216 -13585 2774 32767
-10656 26404 -5248 -12231 1896 32767
-32768 20028 -19848 -4598 8487 28405
-32768 7432 -19120 -113 11632 -13745
-32768 32767 -32768 -32768 -19428 -12721
-15356 15236 -7588 4434 -2587 -20057
-1332 23280 -16768 3425 -2472 -8831
11484 32767 -6428 13884 -5966 -5810
-896 30168 3080 -1835 -21617 -10220
-5012 21772 -14432 2979 -7032 -19382
11192 18316 328 1062 6735 -18618
4996 14372 -3020 4637 5795 -24083
5784 32767 -7936 17857 1433 -2225
-6012 19384 -9912 -3579 780 20183
-1360 15012 -3404 -10294 -1226 32767
-684 24516 -1860 -12021 4059 32767
-4932 29784 -4336 -10854 1753 32767
-32768 14648 -20048 -8484 -1247 17460
-32768 4440 -18744 7169 9035 -10972
-32768 32767 -32768 32767 -12431 23586
-1752 19164 -7480 4065 -2236 -23683
-3652 17560 -13000 6020 141 -8088
12056 32184 -2564 21829 -9845 -11247
3968 19712 84 -2508 -26522 -12410
-564 12480 -10696 591 -3298 -18867
18672 16740 3336 7058 -1846 -27812
6500 16128 996 1645 -336 -25524
5888 32767 -12712 17668 -3176 -11480
-17240 23768 -10276 -10221 2509 19911
-1676 16288 -8348 -10686 1896 32767
3240 20304 -3072 -11300 2772 32767
-8792 32767 -7316 -4155 5311 32767
-32768 20356 -25292 -11856 4654 27692
-32768 4168 -20560 6766 6879 -11839
10236 32767 -32768 -32768 32767 -32768
-14456 24788 -2924 4324 2777 -14241
-1696 22464 -14636 3969 1661 -10822
10112 32767 -5928 8428 -6341 -9833
456 32008 2024 927 -26090 -24027
-7812 23904 -12332 6152 -9193 -22500
5552 19224 1196 2589 14648 -18540
7208 20212 -500 5170 2832 -24528
-4652 32767 -9956 18718 -7563 -14276
-7132 24516 -10200 -3999 879 17254
-8028 8520 -176 -12849 -2989 32767
3488 21516 -1012 -17912 629 32767
-1320 32767 -7920 -10719 2845 32767
-32768 22144 -32768 -15085 4306 23246
-32768 5592 -26336 2480 11026 -15694
32767 32767 32767 32767 -30986 -32768
-12692 28580 -9376 12101 7299 -16669
256 32767 564 -1176 -2584 -5704
15300 21036 15444 10222 1875 -13106
-8232 20988 -13552 -2792 -12194 -18961
3016 6456 -4576 164 -5927 -29586
14312 21116 20 15821 10180 -28603
7644 20352 -1356 6402 -1408 -30281
3492 29492 -8992 5003 -7337 -1210
-436 9988 -3404 -11387 1412 32767
2552 18936 -4180 -14456 -2297 32767
1976 28144 -924 -16484 6071 32767
-13764 32767 -10376 -7832 1754 32767
-32768 11836 -22188 -19218 10854 9560
-27412 9440 -14072 21221 14470 -29102
-32768 -19940 -28572 20380 24485 -32768
140 15852 -80 6369 -2728 -15871
12636 32767 -8052 6408 -5487 -9452
3376 19428 15056 14639 -26563 -12132
-12636 16276 -8612 5361 -7885 -19422
-312 16584 -1376 4683 4431 -25061
12020 22220 6256 11648 -2901 -27216
8628 31728 -4016 12592 -1237 -19172
9784 14840 -11420 -5483 -9446 8353
10476 14412 6232 -20346 2911 32767
-4856 21684 -7524 -13362 -223 32767
-8924 24124 -9332 -129 -4063 32767
-32768 24548 -23332 -3961 7171 22537
-32768 10504 -16652 8697 8206 -10985
17668 32767 32767 32767 -8756 -32768
-4808 27100 -4540 9091 -496 -14389
9944 32767 1340 -314 -3887 -4005
19684 21448 23744 7686 -7977 -12728
-8332 20664 -18632 2441 -14467 -28353
6748 10724 -5956 5099 -1836 -22980
12332 16456 2412 4281 110 -27461
7424 18176 -2916 1933 -8554 -22481
10064 32767 -15840 484 -6236 -2288
-5168 10860 -2164 -19053 4210 32767
3312 22224 -5984 -8951 1190 32767
992 26872 -3096 -9345 13760 32767
-25412 32767 -23308 -4834 1999 28749
-32768 4024 -21556 -12490 -2645 2170
-23436 11124 -11972 16009 1360 -24517
-32768 13832 -7612 32767 -4405 -32768
-7740 15100 -5124 3173 -4878 -18456
10356 29808 -3784 3228 -9465 -3792
9544 26784 1276 -6721 -13784 -24362
-20428 24184 -10184 4149 -1143 -19067
5356 11528 -7692 4606 16410 -22782
3736 17148 5112 6226 7158 -27423
6196 25412 -7392 5424 -15622 -14728
7788 25848 -13996 -545 -6930 1457
-4544 6004 -3492 -15978 2077 32767
400 24856 -7360 -14877 623 32767
-1868 31284 -3212 -10452 3518 32767
-32768 32767 -24648 -16588 10338 22882
-32768 1424 -26304 3213 4067 -8965
-32768 30668 -32768 32767 17777 -31449
-10168 1404 -20852 12002 -19379 -21539
2764 24100 -11148 9434 -3199 -14061
7096 30728 -5596 5287 -8757 -13868
2148 26404 1376 199 -19670 -20469
-5580 21296 -6488 5014 14385 -22399
3688 16272 -1200 9798 21503 -18316
7260 21172 2436 11729 -2713 -24228
5068 32767 -9348 21437 -19888 -14398
5252 21468 -4500 -12223 -5240 24238
-3624 13356 -1896 -12640 -4383 32767
4612 22492 -444 -16699 1866 32767
-6352 32767 -8000 -10941 6619 32767
-32768 25152 -32768 -18362 3389 23809
-32768 10996 -16388 9120 3575 -12705
-7516 -32768 -25868 32767 15755 -32768
-5980 17180 -2360 13090 6864 -18045
11340 32767 -6020 1100 1513 -7015
17368 30092 8704 9410 -10731 -11764
-6036 10452 -8640 5288 -15751 -13290
-1736 3084 -8452 -659 -1425 -20798
12128 15668 -1576 11123 -2760 -26674
6692 18980 -1852 6133 -11031 -25222
6528 32767 -19056 12519 -7290 -10522
-11696 15528 -7272 -14923 -118 23001
-2848 17256 -4964 -15187 336 32767
-648 28668 -4468 -15117 10972 32767
-9832 32767 -6712 -9116 14089 32767
-32768 23300 -32768 -27647 9124 4815
-32768 11668 -24912 7060 1795 -19516
-32768 32767 -32768 32767 -7797 21425
12708 31084 7852 26738 -4769 -17305
-3640 21528 -15464 5521 -1798 -10194
10032 32767 -5612 7197 -10848 -6874
4384 32767 1496 2545 -20685 -15121
-4784 18764 -6820 3352 -7258 -25014
6364 22424 -1528 4449 -469 -19964
8420 17832 -628 6853 -428 -29159
1456 32767 -11520 5273 -5989 -8921
-4492 18728 -11824 -4383 -6970 9783
1748 11376 -4408 -7559 3712 32767
4336 22656 -1028 -4944 3471 32767
-1600 32420 -2888 -5469 11130 32767
-32768 23800 -22380 -12951 12274 25792
-32768 6840 -22536 6200 10548 -9584
4124 32767 -32768 -9399 32767 -32768
-8744 21952 -3628 4502 3764 -21710
-2572 26728 -6924 3742 -3308 -7433
11428 29376 1204 8795 -9607 -4342
-1300 19984 -4652 -849 -19559 -13136
-3660 14448 -11372 2032 -7007 -18934
12492 16156 428 6497 -55 -24053
7800 16416 -2936 9872 449 -28994
5840 31972 -5096 17180 -617 -10471
-2324 20124 -9852 -8913 -1392 13376
5932 11200 -500 -17023 4284 32767
364 23800 -2568 -17372 4276 32767
-10248 29064 -8488 -11361 8525 32767
-32768 23072 -26596 -19332 10557 19874
-32768 4604 -16636 12775 9166 -15182
-31896 32767 32767 32767 -13543 -32768
-976 15432 3172 7748 3044 -18281
124 25792 -6520 774 -669 -7444
13828 29648 20248 14158 -5669 -4280
-1616 13820 -10332 3834 -15747 -21208
7688 16344 -7396 5617 1367 -22796
9728 14404 4640 5250 -4238 -22808
6284 18292 -2564 2107 -8968 -21638
9484 32767 -20996 3790 -8418 -9363
-7668 17220 -7904 -17936 -8357 26529
-6312 22192 -7252 -11884 -3274 32767
-1788 18896 3172 -12133 -3218 32767
-11688 25780 -5564 -7424 19014 32767
-31184 7872 -20352 -12712 30826 18344
-16708 7784 -6424 7606 14745 -27113
-21524 -4968 -30120 -6542 1332 -23831
-4392 22160 -3452 3161 -5893 -14235
9496 32767 5656 12018 -2572 -13894
17108 9272 5924 -464 3174 -9374
-7800 6284 -240 8585 3292 -22880
4692 15820 7108 4067 2057 -23866
7356 15216 7036 3830 -3963 -23336
12236 32767 -17636 10989 -10651 -14599
6052 23020 -18488 -22603 6948 8202
2852 20368 -18468 -32768 8620 32767
9520 32488 -17504 -29789 19816 32767
-4696 30520 -27380 -5472 32767 32767
-32768 12124 -32768 -11698 20766 20365
-24924 7236 -23268 16436 8945 -11962
-32768 32767 32767 14741 32767 32767
-2368 16588 -2384 11680 -16786 -15952
4876 26560 -3616 -1716 385 -2110
8160 32767 11656 13653 -6118 -15086
9112 22736 -16172 -3250 -1733 -9381
5740 4576 -9068 382 8487 -21447
3860 9716 6476 7298 3812 -22901
9208 23312 4636 11664 2460 -25038
6340 32767 -6728 3970 -2366 -12393
10436 21004 -6784 -11625 -1534 15899
4044 18908 -5228 -12930 894 32767
1932 22276 -2084 -9836 7327 32767
-14084 32767 -10620 -10121 11330 32767
-32768 14072 -24392 -11527 20443 15711
-9748 5716 -19688 24782 20185 -21673
-18884 -12980 -27072 -18748 -441 -29812
-5372 21552 -3948 17410 2117 -12522
7408 26224 -10152 2047 -3056 227
5516 32767 13148 17622 -23457 -9168
-19556 17304 -10132 3241 -15000 -17988
-7512 6640 1248 1492 4876 -23586
9180 13988 1348 13129 3666 -28915
7996 20520 -604 10298 2320 -23871
8828 32767 -14088 15408 -3698 -9658
284 20568 -8840 -14783 -5564 19361
1124 16732 -5864 -15819 1210 32767
1288 23796 -4536 -13484 4523 32767
-15252 32767 -9976 -9344 2610 32767
-32768 16760 -26352 -14387 303 19854
-32768 7908 -22776 7219 16250 -14229
32767 -25136 32767 32767 -32768 -32768
-3820 17400 -4916 15262 4393 -10966
7056 27108 -11948 1545 -3491 -7558
6532 29032 12580 17848 -14528 -12358
-3000 21396 -15216 4284 -16332 -15160
3912 5980 -6520 6549 -11097 -22553
14620 16704 3000 6928 5336 -22820
4852 21472 -3816 6395 -5806 -18974
4504 32767 -22664 14751 -11824 -4792
-5756 13432 -8280 -23381 -601 23445
-532 16132 -6424 -19713 2012 32767
-44 24708 -4500 -17604 8342 32767
-19668 31784 -16240 -11345 2862 32767
-32768 13108 -28152 -15202 10593 14691
-28008 10848 -14740 16131 4016 -17181
-3572 6952 32767 32767 -12965 -32768
-6280 20572 4508 13004 4825 -17395
2472 27004 -7988 659 -1638 -9852
8000 27264 2304 16389 -16961 -1564
-3456 18336 -7856 1120 -17061 -16597
676 7248 -9336 5899 -5369 -23510
14356 17772 1724 5673 4766 -21329
1612 21756 -2920 11251 -1086 -19068
10480 26748 -12568 1091 -6618 -9901
4776 9400 -3764 -14578 -3026 29021
4268 17056 -3284 -16574 2899 32767
980 24412 -2340 -19008 -766 32767
-22264 32767 -16984 -8086 972 32767
-32768 11396 -30024 -15288 20770 1513
-32768 25172 -32768 32767 27663 -22916
16676 29348 -24248 -515 1065 -23983
-776 30272 -5116 13487 4078 -9832
8892 31592 -5132 13649 -9681 -12234
8072 31808 408 11680 -16022 -22083
-4612 18512 -12196 7590 -10938 -19305
-932 18060 920 11644 13883 -25384
12520 22432 160 12754 -3713 -27980
4472 32767 -9744 18788 -12094 -14840
1308 16928 -7728 -7322 -5491 17846
6488 8444 1476 -12609 -2894 32767
1916 28356 1676 -15376 563 32767
-7936 32767 -5704 -10154 10008 32767
-32768 32767 -24856 -26980 20217 23519
-32768 10992 -30336 13998 16935 -17960
-896 -32768 32767 32767 -4009 -32768
-3980 22788 -10056 12746 7036 -13639
5368 30600 -8708 128 -6370 -5874
13656 24680 5924 24203 -17993 -10503
-5188 14528 -12752 -2201 -15431 -20926
-5796 13960 -16968 4598 -15124 -25239
17368 18724 1160 2706 8641 -26377
5544 15956 1220 10585 3147 -21938
6788 32767 -12148 127 -2835 218
-748 10172 -2724 -18639 -994 29229
8908 17056 1780 -16898 1690 32767
724 27912 -3988 -15672 3307 32767
-32504 29472 -18164 -8581 -4796 31600
-30264 13616 -32768 -10996 10905 2958
-10724 20056 -4236 19356 25597 -18260
-5312 -29368 -32768 -5424 17517 -32768
-596 22432 -6156 18427 -3159 -18397
1996 32767 -1012 -2630 -5587 -3761
15412 27680 15048 11625 -13947 -7544
-12880 5536 -10704 5274 -4692 -22010
1480 3412 -4732 2359 -567 -27799
12968 15684 2792 5402 2060 -29357
4380 25248 -5216 7001 -3506 -24467
14140 32767 -15912 1706 -10744 -8650
4496 8652 -3952 -18812 -3690 32767
-2632 20248 -7268 -18089 -4597 32767
232 24508 320 -12539 651 32767
-16080 32767 -9548 4443 5849 32767
-32768 14292 -30152 -19223 17692 7666
-20052 10180 -10300 13211 13013 -25744
-32768 -32768 -16348 32767 25053 -32768
1152 19672 -17608 1116 193 -16086
5224 32767 528 2626 -1995 -3024
10376 22180 20356 9223 -9803 -7323
-15036 6804 -11272 4615 -5011 -22147
-3040 17364 -8564 6563 1494 -24785
10636 12056 5104 5678 -59 -27663
7632 14496 -1004 2639 -5580 -23131
15396 32767 -23644 1726 -12519 -3253
-3748 11120 -7784 -16923 -4181 26212
-2632 20480 -12448 -16575 8897 32767
-1832 26300 -4900 -12170 1696 32767
-15524 32767 -13900 -509 -3591 32767
-32768 7352 -20480 -15902 20898 14035
-24352 8540 -11412 17067 21376 -19795
-2076 -21924 32767 32767 -1586 -32768
-7876 20448 1644 2994 3503 -15624
1436 26368 -2056 2184 -1751 -6633
5452 26012 17268 24077 -13894 403
-4252 19116 -10964 1878 1333 -13520
-4540 17280 -8644 12122 8625 -26453
-2672 17348 5032 2078 266 -24073
9496 17604 -5412 7525 -15411 -22998
23552 32767 -23296 -13992 -6253 -2582
4764 23968 -23048 -32768 9001 20609
11016 24780 -23140 -32768 25136 32767
5352 30172 -22904 -22164 30427 32767
-11560 29636 -32768 -13340 21289 32767
-28272 12816 -32768 1648 15043 13460
-32768 32767 -32768 -32768 32767 -32768
-2340 11136 -19928 4842 2785 -18976
-5532 20488 5732 6692 921 -7120
8052 21524 -4204 25569 -3556 -10592
6476 25860 4500 -9823 -11302 -14689
-12076 13356 -12684 927 6001 -16921
-380 13836 -1584 6294 16783 -20075
8732 15212 4168 11792 18204 -25654
5324 32767 -4388 14103 7106 -10532
7744 32624 -15236 -7611 -1890 6040
4912 13728 -3952 -21856 -10084 32767
6596 23348 344 -15177 458 32767
-4916 32640 772 -12943 4289 32767
-32768 32767 -32768 -21679 7232 18245
-32768 3604 -29092 7517 16333 -10080
-32768 32767 -32768 -9939 32767 -23434
-8460 32767 852 9112 -2256 -22687
-2180 22912 -9672 4140 -1843 -8535
10780 32296 1468 9264 -4354 -4836
14284 19232 10580 102 -24402 -14221
-8976 17992 -17704 9469 -12568 -18081
10436 12672 3524 7214 -3017 -21949
6488 17364 -1580 7009 -2514 -23429
11008 32767 -12616 12387 2021 -16447
-576 18384 -4148 -10997 -1329 13567
-1180 18204 -2988 -10639 -1099 32767
4032 23288 -168 -12809 -2023 32767
708 30800 -3768 -4366 6977 32767
-32768 26484 -30540 -9754 11284 26606
-32768 -3640 -23956 8326 26975 -4724
-21864 32767 -32768 -23141 32767 -32768
-10084 19972 -436 13333 -3616 -21905
2840 22020 -12956 5762 -786 -3848
11100 24948 -3660 28658 -12352 -7298
612 20204 -10500 -2823 -13515 -12826
-2404 16704 -14296 6302 -2431 -23769
2220 21480 1316 -3319 4360 -16323
6708 19852 3672 15132 -1558 -26888
2476 32767 -11720 29269 -13556 -13135
-5520 26428 -11788 -14932 -4180 17496
-784 14412 -4848 -13426 -3573 32767
4056 22696 -3024 -15134 -1946 32767
-14828 31716 -12408 -6611 4978 32767
-32768 26388 -32768 -12496 20830 24577
-32768 7284 -15948 12742 14679 -16950
10908 32767 32767 32767 -32768 -32768
2836 12068 628 17800 -12392 -20966
6012 25268 -13896 -3570 -2677 -6604
7348 32767 17048 17592 -21133 -13056
2924 13596 -7340 1240 -14699 -15849
7596 15252 -4908 9222 4611 -24665
11216 21064 -1720 13940 24265 -26126
948 18976 -3428 7371 4888 -15363
19112 32767 -13232 5186 -12487 -817
7352 8968 -1616 -27226 -9175 29343
1444 17460 -5888 -23945 -7473 32767
324 23716 -4084 -15568 -8339 32767
-26092 32767 -20160 -8117 -3178 27471
-16080 -4912 -11224 -11480 21543 10974
-20352 16472 -8908 18415 3455 -23666
-24064 -4764 -28200 15977 21415 -32768
1792 19700 -14168 12017 2428 -17740
4028 31824 -2464 -4573 2109 -1544
14008 24524 18136 16997 -14464 -9541
-4964 11012 -9224 -326 -13954 -17796
5148 8580 -5760 4538 4801 -29665
5876 19748 3044 2551 11672 -22269
6136 25428 -1944 12091 -8774 -15606
13492 20052 -7964 -933 -12703 4605
5788 8700 -1580 -12978 -10232 32767
1368 24460 -1880 -10337 -366 32767
-8956 32767 -3792 -10070 4348 32767
-32768 29896 -28940 -24143 8712 22492
-32768 -692 -20012 8734 14364 -6475
-1360 31796 -32768 32767 20597 32767
12924 15068 -508 17097 -17233 -27691
-10232 21084 -400 10565 3346 -14265
5084 32767 -680 -259 -12857 -6058
14752 22608 9704 8044 -19858 -14865
-6732 12276 -7104 7685 -5613 -24217
6280 13324 -2844 3925 14673 -26489
8824 30052 2596 -23 8745 -24102
604 26864 -4992 11627 -25174 -11406
7996 19984 -11412 -9727 -9615 8364
2516 10420 -6212 -18066 806 32767
-2440 22280 -9128 -19270 -641 32767
-7752 26424 -11976 -8747 6943 32767
-32768 32767 -26212 -19180 2153 16852
-22324 5872 -18852 15829 -1274 -14174
-23040 32767 32767 28275 14311 -32768
-12072 16876 -8556 9181 5222 -22494
-4624 26312 -10472 3545 -3237 -9980
9420 23284 4116 21378 -7592 -6881
6228 32767 3416 175 -20105 -18631
736 16924 -8440 5288 6269 -28442
5236 19180 3816 4151 22309 -21766
2488 24228 888 11280 -4748 -20882
4836 32767 -13612 -1740 -23952 -4740
856 8292 -3852 -14860 -15267 32255
56 20112 736 -12324 -6726 32767
-4480 24744 -1232 -12133 -506 32767
-29732 30708 -16924 -4360 6410 32767
-32768 8460 -23992 -5169 9104 2546
-1684 10884 -9372 24354 20453 -19958
576 -19332 -20380 4845 80 -32397
-2480 21228 -6024 9978 -234 -15454
15500 32767 -6688 71 -6620 -2520
9936 25392 22616 3226 -18844 -16266
-11628 16708 -13896 6217 5091 -28495
-812 12484 -5960 7416 10844 -30954
6820 17768 4608 3811 3599 -25048
4536 27484 -3812 15899 -27223 -13894
17084 19724 -12336 -5808 -7959 6858
3760 8308 -6132 -19350 4796 32767
-7908 23188 -12144 -20383 3445 32767
-8412 26344 -8620 -11680 11081 32767
-32768 32248 -32768 -7192 32767 27610
-32768 3276 -23580 5989 15259 -12880
29012 -15824 32767 32767 -28617 -32768
-6764 18452 -228 16710 14124 -16404
-1184 27732 -5684 2899 582 -10605
9376 24380 -588 16979 -6606 -4363
-4576 20588 -4308 906 -11063 -14882
-6424 11932 -6520 2718 -2299 -19987
6248 26080 432 5373 4626 -17808
6384 19700 1632 7589 899 -23928
7768 32767 -14828 15512 -8509 -5544
-6080 18432 -14096 -8780 1205 13773
4260 4884 -7260 -22584 12959 32767
4192 21448 -3136 -11962 -3773 32767
-3548 27352 -5772 -9126 11353 32767
-32768 32260 -32768 -16151 12433 18869
-27368 5348 -21768 18129 11881 -14139
-14524 -17716 -22320 25782 -2394 -32768
-1368 18448 -8376 18254 670 -12300
-2824 26160 -11800 2373 -3878 -5646
10020 32524 1248 17697 -17401 -3988
576 31492 -9232 -772 -16769 -15025
1836 19044 -15208 3009 4666 -23238
12352 23272 10472 5044 3388 -26001
6664 29640 -4568 1716 -7305 -21654
27404 27552 -15976 -788 -10843 -790
-10196 10132 -3480 -4789 -6145 31984
-3096 19592 1404 -8966 -5391 32767
-7116 28856 -1952 -17119 -2145 32767
-26788 24556 -9948 -13398 3493 32767
-32768 14304 -25068 -6511 7676 8688
-22552 10480 -14396 8616 124 -22650
-29084 -22308 -7852 32767 27767 -32768
-6692 26836 -11480 4737 8265 -14865
-760 29276 -2048 -1682 -5784 -3496
16944 29532 17496 8433 -7216 -2718
-8704 13812 -18028 4674 -9082 -25491
4728 5920 -5708 3961 5172 -25970
16044 19460 3596 10272 13143 -32248
2968 19612 -4404 9139 4322 -22859
15224 32767 -14724 11520 -17712 -5230
-2588 9040 -5772 -22785 -7712 32767
-1940 18896 -5364 -15848 633 32767
-2720 29592 -2248 -17069 3690 32767
-26340 32767 -16672 -1743 10633 32767
-32768 436 -21944 -7834 4295 -637
-8976 6412 -5672 14224 -3465 -25334
-32768 -17288 -8540 -2666 29184 -32768
-8648 20652 -700 8023 -1412 -10145
10036 26184 -13940 7802 -12249 -8524
17272 30936 12068 7030 -18629 -18404
-4680 15732 -14664 12660 -7727 -23860
7664 18720 1412 6880 4031 -23005
10252 15304 2992 14265 2445 -30435
3172 30528 -4292 12739 -11148 -17544
6520 13024 -7836 -6552 -5059 8853
2124 9620 -2256 -16083 -2586 32767
2416 26884 -4604 -17029 7583 32767
-5716 31952 -9756 -17088 8564 32767
-32768 32767 -25316 -26255 15706 25269
-32768 5136 -25500 9900 17135 -11499
-24160 32767 -32768 32767 32767 1696
1036 32767 -4328 1674 -1442 -16425
-7044 22496 -2764 8963 2619 -12483
5880 32767 -60 16106 -8469 -8755
4092 31752 3252 -724 -20743 -11870
-4324 14740 -11192 6444 667 -19199
664 31216 10620 2795 6455 -22585
4920 24724 164 14459 -8185 -25822
9568 32767 -17696 16522 -16554 -4808
-3064 13920 -5656 -18954 -2834 27314
4560 19768 -2056 -12306 799 32767
-3512 32068 -4664 -19482 1969 32767
-19100 32767 -11004 -14781 13253 32767
-32768 12512 -26244 -11200 15434 7970
-7260 10172 -8748 24643 10456 -17072
12472 -32768 -22532 -9890 -14040 -24913
-13124 21620 3068 12789 4322 -15764
17128 32767 -15232 3878 -8454 -1955
18256 28500 20408 9886 -16588 -12604
-10600 22856 -12232 7055 -5149 -20761
-844 12904 3984 4715 2748 -21104
10044 18504 2336 2718 -8414 -26223
6516 23044 -2452 9373 -7382 -23712
11040 23556 -10980 -3971 -2480 2840
2552 7496 -5200 -20288 113 32767
2568 18480 -4664 -17509 -2710 32767
-3720 26896 -6516 -10779 6049 32767
-28676 32767 -21304 -10390 14476 32767
-32768 2228 -20480 576 2191 49
-32768 32767 -32768 18038 -27205 -14953
1560 24960 -20536 18940 -530 -21621
-4920 24736 -7612 10454 1602 -9574
10768 30340 -13348 10854 -16873 -7671
7008 19332 7364 8716 -21327 -19830
-4548 20412 -11360 3414 -2855 -22544
-2472 15912 -3544 7284 -1234 -23443
13848 17456 -1888 11045 -7287 -26573
10060 32767 -6684 15363 -4498 -16396
-5780 24056 -6856 -12332 -6918 16456
-5856 5668 2224 -8590 -2725 32767
1640 22676 8028 -8549 -1984 32767
-4656 32767 -2936 -10381 7264 32767
-32768 29740 -32768 -18276 18964 24186
-32768 6952 -26984 5555 3235 -10819
-12296 32767 -32768 32767 28713 15260
10092 32767 -1848 6177 932 -14699
-6976 20096 -1852 7533 -3733 -10459
14168 32767 -4624 7637 -9488 -2873
5580 30516 132 2614 -18536 -21314
-7804 20108 -12520 11121 -6689 -25986
8032 12972 -132 10858 6008 -28692
6552 17028 2980 5400 -5933 -21662
8644 32767 -7776 18119 -18275 -8132
1644 21176 -10708 -13648 -583 14485
6504 11856 -7616 -17725 4207 32767
3468 23072 -6628 -17860 6944 32767
-8560 32612 -11924 -9286 10904 32767
-32768 21372 -32768 -11994 19014 21263
-32768 10376 -20368 14934 9373 -15755
32767 32767 -32768 -32768 32767 -29481
-17808 23840 -7080 14954 29 -21854
-8060 22764 -6836 6364 2033 -7966
7680 32068 -5148 21529 -11953 -4020
1716 32767 4012 734 -17727 -14905
412 10428 -11180 7068 -2742 -25101
12432 21240 4712 1246 6688 -25331
8056 22652 -812 9176 -4265 -27507
7020 32767 -18136 4749 -13557 -3235
-11152 21880 -11340 -23860 -5990 32767
6120 22060 -6180 -15945 530 32767
936 30692 -1452 -10626 3335 32767
-17044 32767 -20312 -13876 17957 32767
-32768 4692 -18208 -364 26806 8484
-11508 16296 7116 25367 15609 -30358
-15484 -18304 8536 -6892 -360 -19139
-7000 28976 -9928 10956 -2287 -15335
9928 32767 -3908 5087 -10266 -2142
19664 10976 -7448 6685 -19247 -19464
-17080 14480 -15972 3579 -6472 -19884
2904 16292 2972 8668 -1537 -20942
12892 19816 4000 17350 1584 -32424
4180 21392 -4696 11771 -8711 -24259
21120 32767 -12512 7453 -10175 1753
-8908 14156 -6908 -32768 2197 32767
4684 22548 -3428 -20648 3114 32767
1348 32767 -7892 -19781 13400 32767
-32768 32767 -32768 -25558 30330 32387
-32768 5076 -32768 8029 10084 -10032
-32768 32767 -32768 32704 15525 -26768
-3572 32767 -17704 12555 9512 -15989
4824 29508 -7600 7805 -25 -7349
11804 32767 13560 12342 -17608 -18304
-4096 16172 -7272 7284 -11595 -17804
-4948 4812 -6592 -7504 -6103 -23121
17676 23192 3004 9969 -2021 -27759
10000 20732 1652 7221 -7187 -21115
13652 32767 -18192 11884 -6550 -4363
-4516 17336 -7848 -17277 6869 23435
172 13492 -7084 -23436 2861 32767
1040 22192 -5296 -20211 3229 32767
-26840 32767 -16808 -8018 -190 32767
-32768 9648 -32768 -6725 -1922 8790
-18160 6576 -10436 17321 -1052 -21940
5648 -16612 -24016 32767 -7959 -32768
5784 18896 -13952 9864 2060 -11865
14936 32767 -1964 -1744 -3985 -4856
21840 30512 12332 2744 -25025 -20432
-4620 16344 -13060 10174 -11805 -25324
4512 26820 -6272 7725 10937 -26695
6912 18392 5640 8617 2325 -27700
-2996 24628 -7348 10518 -17811 -13950
15784 19684 -11196 -4969 -9809 5551
5072 8916 -1844 -16270 1854 32767
1564 23684 -3900 -17381 6734 32767
1604 32416 -6140 -12832 12015 32767
-32768 32767 -25396 -8192 15246 32767
-32768 952 -27800 4419 15790 -5596
-32768 32767 -32768 32767 -24913 9
-9628 32767 -4336 6210 12514 -22510
-4320 21944 -9280 7840 -1607 -11505
5652 25088 -944 17328 -8218 -9909
11368 21788 -860 -5986 -17752 -9290
-7108 11996 -18092 9556 -3952 -23234
8768 20304 684 5201 7069 -22091
8316 21712 -2300 9151 1872 -28527
3156 32767 -14420 18109 -13235 -8378
-1512 15144 -4448 -12007 -4980 22479
108 15880 -3448 -9765 -2913 32767
128 26300 -2172 -9189 -667 32767
-14216 32767 -6752 -1783 8926 32767
-32768 13516 -20924 -28939 13551 14197
-32768 14884 -20140 12607 17455 -20616
32767 32767 32767 32767 -23038 -32768
-8152 22708 -1648 17084 7168 -16621
-620 29588 -6656 -224 -3698 -6644
12872 23324 3504 18515 -13410 -5059
-6448 21616 -3428 -4149 -14881 -16337
1760 7804 -12024 -1273 -5314 -25606
11588 19100 4016 7789 8572 -23855
6544 19340 -3024 6978 -6281 -25072
8588 32767 -19200 17101 -13668 2340
-13832 21728 -8316 -13206 -3876 26191
-900 21584 -3256 -14767 2356 32767
-304 26936 -4820 -17756 5797 32767
-12520 28368 -11480 -7706 10033 32767
-32768 22904 -27280 -17578 11702 12693
-26404 9100 -18184 16819 10800 -15777
13236 -23876 -10016 32767 12199 -32768
9120 18208 -18384 16652 3294 -15822
5864 32767 -3240 147 1817 -1313
12248 26004 22724 13740 -8367 -10059
-5380 11076 -3500 5025 -7840 -17389
2648 1868 -5468 2125 -1618 -24423
10488 16996 2900 8698 -999 -24005
7320 19804 -2608 5995 -8910 -24445
4700 32767 -15556 26449 -8587 10
-15356 16804 -8768 -19115 3417 19836
-2584 19480 -4404 -22476 1689 32767
1116 21456 -1052 -19464 -4407 32767
-7560 32767 -9156 -8147 4566 32767
-32768 29100 -32024 -20564 19723 16110
-32540 5676 -22900 12027 16034 -17162
-10936 -32768 23760 32767 -11341 -32768
-3368 23720 -11280 12968 10157 -15609
-1040 24796 -6844 2520 -1942 -5734
9612 25260 2012 12648 -8103 -743
-3372 27452 -1284 1049 -18288 -17397
-7964 11380 -6028 -1561 1280 -23020
440 14644 -892 10688 -3895 -22336
5572 18300 -4452 7913 -19915 -24625
13564 32767 -7404 22525 -11391 -15890
-7164 19296 -6156 -14860 6801 10761
3320 2344 -400 -6763 732 32767
-2272 18388 -2572 -16924 -17145 32767
1580 32320 -3364 -2620 8385 32767
-22812 32767 -7340 -5096 30859 32767
-20244 10356 -26328 -11903 21237 6464
-3372 1776 -9056 16348 7079 -20201
2480 -32768 32767 13460 -22361 -25932
-4572 15268 -7064 9987 2841 -6040
5032 17576 -8976 3025 -1043 -1937
468 16160 -3268 203 -1223 1646
1236 17168 -1608 -348 -3737 400
2844 14280 -6264 -1958 -3864 2110
3768 14952 -5652 -2655 -3718 2853
1348 14292 -1436 -333 -2458 2551
7796 18276 -4820 3096 1860 1505
5776 17452 -2276 1737 -1107 -2235
1668 15708 -4600 1399 -1828 -2623
2028 13780 -6324 1692 -347 -110
4468 15584 -6664 -825 988 741
3044 17500 -1936 -1358 436 652
3660 16656 -3996 821 1249 -1398
3032 15588 -5020 319 708 -1241
2832 16052 -4248 -938 645 -2120
2152 16068 -3624 -529 -508 -290
2584 16308 -4040 369 307 39
3300 16008 -4360 -81 -1286 624
3092 16048 -4760 -1534 -1799 492
2496 16168 -3744 -512 -561 -44
2880 16104 -3828 -250 -117 31
2536 15976 -3640 152 -126 199
2664 16172 -3880 743 699 260
2884 16428 -4344 841 1096 6
2580 16356 -3888 1137 1606 -188
3412 15388 -4016 1619 1231 -431
2748 16232 -4040 129 251 -459
2568 16192 -3864 363 138 -382
2304 15768 -4008 264 -127 -264
2560 16356 -3820 364 -199 -200
2252 16304 -4240 582 -1382 -861
2472 15624 -3836 829 -413 -815
2072 16120 -3996 392 483 -866
2204 16140 -3976 299 327 -888
1748 16060 -3840 346 -10 -328
