4432096 4456450 -1217177040 5 1123076 1348938
0 4456450 -1217177040 5 1123076 1348938
5896 8192 -16920 86 32 129
6012 8336 -16884 75 3 176
5616 8348 -16696 131 -176 190
5944 8380 -16920 250 11 163
5960 8292 -16756 280 10 196
5992 8468 -16892 210 19 180
6088 8220 -16888 251 14 188
6000 8408 -16788 242 19 191
5976 8352 -16800 234 28 172
5996 8332 -16772 95 26 218
5916 8232 -16904 205 -18 206
6004 8448 -17068 221 -20 218
5972 8212 -16984 410 -29 203
6012 8484 -16720 29 4 252
5852 8236 -16804 418 -26 184
6116 8336 -16792 285 76 120
6020 8564 -16660 79 66 184
5932 7896 -16952 471 208 -9
5996 8332 -17112 478 312 34
5968 8356 -16816 332 289 0
5864 8128 -16728 794 61 -83
6320 8372 -16768 743 80 104
6096 8072 -16852 671 77 222
5944 8516 -16904 385 108 298
6020 8144 -16836 625 8 277
6072 8228 -16872 657 35 245
6072 8220 -16800 731 77 277
5836 7972 -16976 1155 51 298
5980 8428 -16496 1954 8 453
5820 8460 -16936 2633 257 137
6192 8496 -17132 466 1199 76
6676 7156 -17384 2775 667 390
8484 7860 -18272 2510 1832 1163
8580 6720 -18688 1645 3976 2679
7372 7500 -17372 -3255 5779 4785
7368 8400 -15252 -4710 7052 5497
7056 11500 -13764 -9813 3003 3070
6876 7552 -12640 -14139 705 1509
8224 9672 -12880 -13092 -2068 -87
7952 9800 -12460 -12689 -3557 -801
10804 10016 -12436 -10464 -5473 -758
6560 11856 -12376 -7018 -4312 -1090
9484 11196 -13560 -3778 -3251 -1734
5552 10592 -12068 -1247 -2830 -449
6452 11316 -11676 1384 -4227 -1063
7052 11608 -10380 4300 -3750 -264
10988 19180 -17616 4389 5311 5541
4248 9040 -11368 -4233 -2 1489
9312 11012 -15744 -392 462 986
7192 8848 -12880 554 440 3504
8744 13388 -12788 2918 745 1247
7184 12292 -11520 -84 -493 1255
7888 13832 -12244 2614 -1099 1226
9664 12248 -11760 2068 -171 809
6996 12332 -12036 3362 -950 124
7724 12288 -11752 5174 -2362 -1048
8312 11952 -13196 3363 -2041 -2936
8460 9908 -14228 5589 -1939 -3771
3880 12464 -15308 2964 -5266 -4958
4928 11340 -14732 1298 -6129 -7055
7424 10236 -14724 -824 -2563 -6003
4600 8572 -14632 1088 637 -1703
4280 10064 -15168 4751 2345 -2016
5932 12328 -14200 1606 5969 -2505
6176 10152 -15944 2520 8473 -1811
6460 11496 -14004 6229 9486 -2182
5864 9208 -14728 -843 10102 -1113
5784 9720 -14404 3940 4628 -1156
8256 9048 -14396 -1315 3054 -561
8032 9168 -14316 3471 1548 -870
7724 7932 -15548 3467 1703 429
7348 10592 -14888 376 2245 1330
6584 10432 -19644 -1878 871 1081
-64 5100 -15064 5482 -8155 -2879
10188 11664 -16228 -4975 -2545 -1075
6772 9724 -15536 3456 -1737 -1137
5532 9084 -15972 2688 -1924 -2269
6576 10020 -16208 -1012 -1050 -974
4704 11032 -15588 -516 -2354 -1149
5116 10988 -15592 -551 -698 -2249
5804 8704 -17432 2913 -1026 -612
7000 11904 -15392 1780 51 -646
6068 11220 -15040 2558 695 248
6188 12320 -15096 2409 1281 1592
6956 11540 -16484 -156 2404 2472
7236 8008 -16764 170 3355 2699
7528 8832 -16600 -254 4460 2372
7268 6724 -15772 -1000 5560 3124
7460 8392 -15092 1780 2175 3804
7268 11468 -13096 -268 550 3381
7108 9068 -12828 -4385 -580 2533
5532 10756 -12844 -14297 -1241 2026
6632 14540 -14848 -12312 -4049 1448
9788 10756 -16148 -6430 -6384 2080
9396 12360 -14336 -1125 -1383 3142
6952 10792 -12176 -3489 -559 470
6368 10852 -12776 -3314 -2123 -925
6836 9904 -13692 -747 -3667 -936
7472 11324 -14384 1676 -3045 452
6356 11504 -14596 2053 -2605 1092
8492 13680 -15596 2178 1647 2564
4840 10328 -12796 1398 1347 1570
9024 12240 -14704 749 1235 275
8712 10776 -14704 1526 4134 1430
8232 9636 -13988 1940 2858 2224
9336 12260 -13428 1206 3196 1835
9524 11772 -12116 1584 2004 2688
9056 9896 -12148 3895 1198 4088
10964 10000 -13160 2012 668 2614
8624 12556 -13640 8182 -1353 -3072
8240 8656 -13076 4674 -2823 -3042
9324 7232 -17352 7695 -2931 -4155
7576 9564 -16284 3291 -3497 -5446
3960 7228 -15712 48 -5525 -6803
4300 9448 -17560 2048 -7801 -6703
3352 7512 -14308 458 -6457 -4655
9508 10988 -16108 10587 -1460 -3344
6640 10000 -17640 -3865 7982 -2908
5892 9564 -14760 -832 9146 -2627
7224 7912 -15668 -1637 11056 -657
7468 9996 -15252 -505 10989 -838
6972 8516 -15252 -233 8317 -439
8228 10660 -14412 -283 5367 -877
8892 7804 -15476 635 3351 -1061
8000 8056 -14844 -1764 515 -189
7016 8848 -16208 -851 -3746 971
10176 8088 -14932 570 -6644 -1130
8716 9236 -14168 3526 -5938 -2000
7492 10360 -16364 -325 -4134 -1381
7264 8692 -16568 -1778 -3173 -1272
5628 10020 -16132 3464 -3110 -2583
5668 10696 -16156 120 -2353 -1278
5460 11276 -15676 493 -2201 -1747
4892 9980 -16060 1717 -2603 -2101
5764 11388 -16480 1882 -2331 -443
5572 12820 -14800 1814 -706 1078
4880 13076 -15048 1804 -396 1625
4608 10724 -14988 764 -1301 1628
5908 10736 -15800 1781 -2922 2052
6124 11440 -16668 -1398 -745 3985
7232 10084 -15936 1229 994 4037
5972 9480 -16628 -2258 3003 6218
5320 7732 -14736 -504 3249 6775
4892 7908 -14908 -478 3012 5073
5692 8016 -15224 1048 2967 2650
6700 10476 -14256 -7867 2793 1654
4844 11116 -14040 -11342 1882 1706
6756 11128 -14652 -7811 -1645 1788
7468 9068 -13096 -6774 -3443 1186
9580 12588 -13720 -4906 -2412 2449
7608 11448 -15276 -2393 -2100 1775
6484 10144 -11800 -386 -359 2316
7204 10544 -14100 1460 -294 1789
6568 10036 -12844 1388 -1494 466
13028 13032 -20356 -1455 2380 413
7584 7676 -15652 6252 5442 4187
8756 10160 -15100 5000 3607 1561
9060 9836 -12880 -1915 4159 1097
9612 9184 -12660 -363 2088 183
11008 10480 -12936 144 956 -323
9264 11600 -12124 423 67 886
9652 11152 -12292 -239 571 793
12524 10268 -11776 1133 1954 -632
10188 11760 -11776 4399 909 -555
9228 11412 -11764 5017 -1940 -1173
8920 10468 -11600 3345 -2879 -3061
10140 10252 -15376 3374 -1492 -3772
7984 10976 -14176 2414 -512 -4529
5516 10468 -14164 3607 -3554 -6551
6224 11324 -14396 4022 -6747 -6043
5856 10368 -14348 53 -7181 -4112
6000 8656 -14996 -829 -6023 -3135
8836 10160 -13852 952 -1241 -1826
7080 8424 -14952 -2334 6806 -112
6640 12640 -14192 1616 7228 -508
6484 9340 -14040 2259 8729 -185
6912 9764 -14572 -245 8007 -248
6120 11112 -13840 157 4792 -1553
6792 9616 -12876 1606 1034 -918
6728 8496 -13328 618 -1190 -788
5824 9300 -15468 1207 -3073 108
7448 10296 -17496 -2342 -2789 -618
3608 5652 -18228 7540 -10048 -5689
6984 5416 -19800 -7865 -3046 -344
6076 12656 -16268 695 -3774 -1096
5908 9136 -16368 315 -249 -1553
3024 13308 -15920 1228 -848 -645
4140 10292 -15724 -456 -2745 460
4636 12192 -16332 -2165 -1614 528
5232 11620 -16144 2799 -608 436
4760 13716 -14964 3411 382 1364
4900 11576 -14836 4178 828 1858
5160 10220 -15388 2221 645 2352
6128 11152 -17060 1467 809 2134
5884 9684 -16632 941 2618 756
7148 9000 -16076 546 3939 1495
7108 9452 -15696 1918 3839 2494
6848 9984 -16920 -747 4091 4171
6384 7156 -14672 889 3441 4338
7348 7004 -13892 1647 1958 2983
6708 9084 -14996 -1975 1161 2319
7488 13848 -13876 -1606 -581 3234
4716 10184 -14568 -8857 -1221 1966
8828 9800 -13784 -9148 -3477 -244
6468 9672 -14620 -10948 -397 1241
6900 11436 -13900 -4406 -1397 3300
8028 10144 -13428 -5237 -467 2393
6828 8984 -12888 -3506 202 2617
8092 9732 -13884 -2543 -1869 -887
8236 9400 -13716 -647 -3275 -1696
14804 12044 -21616 -93 1418 1716
9644 10988 -12376 2386 2923 7366
5100 12404 -14408 841 661 2035
8448 9992 -13168 -1637 -1016 1692
11496 10756 -12740 -40 -119 2925
8060 11088 -12712 -449 263 1465
8472 11676 -12804 1478 -1211 1276
10776 11672 -12772 1893 -1073 -961
9396 11372 -11660 3751 -1764 -2744
8420 11920 -12480 3019 -2787 -1002
8016 10900 -13420 2443 -3295 -1024
8420 10920 -15312 2438 -3033 -947
6256 12060 -14724 2911 -4590 -2537
5544 10992 -13464 3909 -6863 -4274
3616 10856 -15320 1113 -7956 -4483
6008 9700 -15804 1310 -5718 -4319
5400 6820 -15272 2130 -2049 -2775
6216 10936 -15012 4023 2367 -1705
5732 10188 -15532 114 7063 -1869
7320 10532 -15716 1186 9601 -1895
6588 10288 -15268 -1444 10241 -234
6472 9480 -14880 428 9300 -951
7740 8440 -14372 3445 6345 -1014
7500 8968 -13904 4109 2139 -1404
6408 7040 -14016 -144 -1143 -827
8228 8660 -16212 1624 -3253 -989
7352 8024 -16448 -919 -954 -579
6288 7068 -18028 761 -576 -867
7240 12920 -23744 -3342 -2396 275
5816 9088 -19392 6465 -6966 -5741
6788 4872 -16780 -4791 -2583 -1686
5912 10324 -16152 970 -2653 -1334
5232 10656 -16832 1009 -1059 -1673
4420 12804 -15644 985 -957 -2044
6344 11072 -17216 4772 -782 -2057
6064 11288 -15364 4823 784 476
3364 12804 -15752 6078 -287 2737
5248 8864 -16356 4528 -1193 1957
6580 10620 -16588 1887 -229 2028
4852 8632 -17956 -1204 1666 1560
4852 9808 -14720 105 1121 1326
5424 8188 -17044 -4378 616 2635
8100 7624 -17036 -2033 740 3275
6932 5800 -15684 1582 1932 4667
5816 11108 -15432 -2746 2624 6043
5992 6916 -16616 407 747 3749
8780 11404 -13528 -4982 3388 3687
7452 10844 -13720 -3430 4859 1042
5228 7012 -14888 -7549 3701 189
6268 9716 -13744 -8538 543 2996
7952 10332 -13256 -6592 -658 3053
8300 10312 -13612 -3654 637 4812
7944 9212 -13552 -4157 329 2348
9556 9440 -12600 -3498 -1837 -1100
5068 7332 -13032 -1041 -4951 -625
16360 13052 -20664 -4568 -6101 -1805
7816 10940 -14548 6107 2591 3998
9628 11016 -18080 1986 1384 3716
5488 10476 -13072 2093 -319 772
11160 11460 -13996 1249 272 278
9060 10344 -12712 1857 636 -889
9404 11364 -12824 1828 -328 -335
8952 10176 -13472 1903 -1184 -428
9072 10128 -13732 2554 -1656 628
10348 8824 -14184 3730 -1378 -359
7060 10968 -13640 2429 -2847 -2829
6568 11156 -13744 1225 -5600 -5159
7496 11124 -16336 941 -6204 -5143
5492 10176 -14988 -268 -7318 -4304
4424 9984 -15012 2603 -6098 -6637
5908 10752 -14320 1431 -3407 -4408
3452 8908 -15224 582 733 -310
5120 10276 -15096 1602 2370 -2154
5952 8568 -15164 4211 3788 -1472
5676 9736 -16376 -977 7288 -1082
4668 10580 -13892 793 6030 -2610
4920 10444 -14880 2018 3090 -2214
7076 8972 -14600 2047 1354 -3697
4156 9416 -17052 -227 1658 -2053
5072 7208 -17884 -3341 2503 -1618
4536 10312 -17328 -522 1981 -3035
4700 8312 -17092 -194 3113 -1756
3724 9212 -15984 -361 2630 -148
2328 11764 -19608 -1409 -1878 1992
8140 13864 -15856 3561 -4156 -3741
5380 8292 -16064 3324 -1565 -692
5392 11600 -15292 3715 -17 -1645
2544 11264 -17236 2793 408 -482
5532 11316 -16100 1557 136 412
5408 13168 -15464 3030 -161 1101
4444 11868 -15508 3809 120 2354
4528 10468 -15028 2623 -733 3417
4728 10028 -15912 2957 -1667 2481
6016 9208 -18520 -570 -302 1542
5608 9844 -16920 289 760 2054
5732 9964 -15980 -1892 2340 3981
4776 8592 -16872 -693 2536 3079
6424 8052 -16228 -3846 2543 3797
7936 6152 -15816 1690 2618 4945
5832 8272 -15708 -685 3409 5478
5632 8428 -14280 2532 -7 3074
5268 10872 -13924 -8442 1056 3482
2908 8760 -14760 -2866 -4271 3000
5740 13652 -18176 -10690 -4413 1622
9524 9020 -14784 -3115 -2872 1936
8568 9712 -14396 -3760 876 2928
6356 9748 -12688 -1539 686 1602
8740 10636 -15800 666 1212 2462
7996 9400 -14444 -703 486 1261
8444 7348 -16304 -290 843 138
7620 7648 -14132 -279 -1858 -299
15316 10228 -21924 -173 1988 800
9132 11160 -13544 1699 6951 4932
5048 8448 -14940 115 2612 -440
10908 10976 -13864 1190 614 -386
8876 9252 -13572 554 88 678
9796 10904 -12924 745 -864 345
8596 9496 -14328 883 -640 1237
9872 9060 -14760 482 -44 212
8708 11012 -14572 761 -558 -1007
7668 10360 -13884 -55 -1605 200
9092 12356 -12736 153 -3158 348
8492 10840 -12836 995 -3653 -786
8996 10684 -14236 2137 -2726 -1085
7808 11180 -13944 1372 -3306 -2408
6148 9948 -15204 1191 -3798 -4063
5328 10976 -15000 2816 -4380 -4562
4104 9792 -16536 2692 -5458 -6392
4728 8620 -15800 1891 -5220 -6001
6480 8996 -15872 420 -1631 -3719
6580 9320 -15768 2372 2987 -1536
6888 11316 -15596 -1676 9074 -494
8532 7068 -15840 -884 13731 325
8016 14908 -13768 -1482 15575 -2543
5688 5024 -13864 -1859 13846 -293
8220 14416 -12600 -9 7563 -1686
5532 8604 -11968 2125 2485 -1305
7300 8000 -12900 1108 -3473 -925
6976 13060 -14680 4338 -8773 -1838
7416 8348 -24156 -8351 -10761 106
9888 12796 -19772 4872 -11452 -3630
5596 10520 -16912 -5235 -3068 -1818
4148 8592 -17184 2189 -4119 -2034
4552 11420 -16252 -1590 -903 -2290
3960 11880 -16460 4864 -551 -2940
4188 12160 -15344 871 991 -1411
4648 13376 -15068 3791 1794 -879
5128 13956 -15748 1709 1980 1294
4588 12940 -14176 2466 1154 2971
4252 11776 -14320 1114 72 3401
6168 10376 -15112 2717 -147 2770
6600 10588 -15792 1905 647 3115
6440 10992 -15396 930 2050 4225
6636 9284 -16608 -2871 3412 5237
7212 8572 -14748 1401 4460 3557
4944 4780 -15164 -2621 3119 4169
6060 10492 -13560 1530 -25 1561
6680 7820 -16044 -478 -701 1927
6784 13048 -13672 -8912 850 2580
5712 9036 -15240 -3338 -2628 3427
8224 7720 -14932 -6543 -324 4411
9388 11172 -13992 -3156 481 6629
5732 9000 -11852 -844 933 6043
8744 9580 -13632 -2528 -215 3841
5856 8168 -13448 -3341 -906 1487
9020 9048 -15456 -4384 -3317 -863
8004 7548 -13908 -2563 -4409 -545
8084 8036 -14388 -1015 -7339 -2721
15104 12596 -21280 4154 3426 2123
7512 7160 -13204 1419 1563 2619
6000 11168 -14572 2523 1056 1234
8896 10828 -13488 134 664 1231
9868 10884 -13348 399 871 1468
9116 10168 -14076 1767 258 1542
8348 10936 -12856 1389 -2846 4181
11840 11140 -12400 -1905 -1873 -330
9060 10724 -12880 1134 -2413 -1173
8556 10636 -13260 2755 -2086 -810
8744 10192 -14788 2256 -1004 -3505
7660 10868 -14212 2054 -1442 -3410
5972 10612 -14440 1990 -3511 -4942
4876 9128 -16044 2441 -3864 -6030
5568 8576 -15904 133 -3022 -6017
4608 8360 -16088 4190 -2106 -4575
6528 8116 -15152 4486 525 -2888
9200 10904 -15108 -545 6421 -2029
6760 9448 -15384 1892 10147 -1598
7108 8348 -15704 1519 9365 -921
7188 10536 -14792 -408 8120 -703
7708 8796 -13804 -1205 5529 666
7224 10668 -12840 1687 1105 807
7284 9072 -13052 1186 -2626 43
7784 8820 -15692 2762 -5627 -266
6656 9236 -15140 -730 -3857 -331
5244 9824 -23824 -3976 -4813 -1928
7836 11680 -19536 1318 -8074 -6614
6612 5584 -19076 3389 -5765 -4073
6972 7444 -18636 2314 -4480 -2196
4384 8468 -17272 165 -735 -2395
3708 10620 -16792 2746 -893 -2324
3828 9716 -16936 1050 -314 -1208
3584 9952 -16292 453 -729 -1132
3948 11552 -16656 1599 -1253 -1218
4096 11464 -17244 2132 -847 -86
4048 11696 -15532 2331 632 1149
2700 10768 -15332 2306 -1017 654
4000 10284 -17420 -806 -238 609
5056 9624 -17600 -1265 540 992
5148 10468 -16464 -346 2630 3007
5368 10464 -17748 -2776 4957 5334
6600 9344 -16620 -151 6082 7176
6656 8256 -14988 -65 6742 7956
4788 7252 -14096 -2261 4740 5587
5600 8800 -11812 -868 1704 2751
5396 11796 -13508 -9864 -342 1197
5952 10296 -12296 -8370 -2092 299
6504 9588 -15172 -8587 -4649 686
7240 11056 -13232 -7985 -4442 1608
6680 12816 -13616 -6039 -3242 3155
4864 11664 -11652 -1860 -3333 2996
7360 10752 -11128 -2619 -1737 1809
6668 11104 -14724 -437 1020 2373
7864 10036 -12596 1228 598 626
11088 11884 -20588 448 -167 1956
8920 10252 -21340 10385 6653 5570
6320 12728 -14540 4610 2881 1422
7176 8716 -12828 -1573 -775 2262
9988 9556 -14372 -1023 -1544 1369
10896 11856 -12464 23 -626 744
10040 11648 -12840 306 -1771 793
9644 12956 -12032 869 -3815 630
7812 10460 -11784 1761 -4695 -1907
8448 10352 -13660 2137 -2372 -3479
7308 11072 -15008 2727 -1360 -2736
8060 11296 -13912 -252 -1028 -3557
6936 10300 -14336 1623 -1491 -4582
3868 10952 -14128 2030 547 -4560
3712 10592 -15976 132 -2465 -5281
4196 9788 -15068 723 -1265 -4713
4848 9572 -14580 1739 -240 -3441
6072 10012 -14476 3412 1670 -1939
6348 10260 -14412 1800 5074 -530
6036 9928 -16256 2915 6649 806
6040 9208 -15668 1766 8917 289
7428 10608 -12828 7309 8885 -2706
4896 6272 -16520 -3349 7417 97
6504 11868 -13344 2399 2118 -1818
7912 8464 -13372 1426 116 -2215
8320 10496 -15448 2031 -843 -1429
8084 8408 -15884 -52 -74 -1203
5984 8208 -17272 -2451 828 -1179
6872 10560 -17004 -1606 479 -779
7532 10756 -23136 -270 -3743 572
4128 10312 -17216 7847 -9318 -6677
7828 8076 -16716 -1075 -4622 -2502
6300 9016 -15900 2325 -3694 -1531
4144 9740 -16376 1055 -2220 -1722
4452 12120 -17176 2601 -3308 -834
6552 10172 -16948 1136 -1072 521
4804 14176 -14816 4894 -706 1831
4624 10736 -14784 2772 -65 2177
4448 9468 -16860 89 305 2079
5524 10248 -17240 -1240 -976 3252
5352 9124 -17144 -3112 1102 3194
6812 8616 -17880 -1893 1799 3593
8724 7236 -18312 2679 3659 4402
6312 10548 -15216 1841 5305 4920
3764 7808 -13012 -442 2542 4105
5260 7860 -14096 -2900 -764 3747
6216 9024 -13684 -13410 474 2503
6860 12408 -14064 -2927 -3515 1116
3784 9688 -13904 -8802 -4126 1996
5300 11000 -15032 -3741 -5680 2457
6476 9924 -12560 -6459 -4114 1575
8128 12900 -14748 -4208 -1974 1500
5332 11712 -13516 -852 -2203 1168
6212 10856 -12848 767 -1706 2499
5644 9872 -13656 3084 -3054 2130
14396 14856 -21624 -71 -1354 4324
5052 8100 -14348 7496 3493 6192
7664 9992 -17264 4837 3638 4149
8888 9096 -13804 1815 5144 695
9032 9516 -16416 582 2856 1050
7668 9208 -14740 -517 1476 -1067
9248 10092 -13704 -657 -550 -1960
8624 10624 -13192 1652 -1460 -317
8560 9920 -14104 862 -1343 -711
8412 10392 -14980 1938 -1437 -683
8332 10300 -14200 3004 -782 -1306
7080 9776 -12832 3427 -1104 7
8436 9924 -15452 2151 -1568 141
7308 9048 -16024 2384 749 -1901
5372 8632 -18616 4671 -2631 -5129
3708 9932 -15564 4997 -3963 -6755
4592 8196 -16648 389 -3657 -4739
6368 9012 -15868 1254 -1524 -3589
8072 9700 -14784 -1048 3169 -2569
8332 9252 -14856 -1150 8873 -1995
6472 9548 -15932 913 10733 -1299
7364 9428 -14460 -1857 11751 -1393
8468 10636 -13276 -228 10647 -1884
8424 9924 -12200 106 8162 -2396
4788 11916 -11488 -443 3751 -3385
6308 8820 -10032 5179 -2253 -4954
1940 5744 -14564 7866 -13097 -4411
15200 11412 -22356 1551 -7718 -2299
4760 6392 -17492 -107 -3824 -913
5780 12364 -15160 -1952 -2814 -800
5012 8852 -18004 1426 -3211 -603
5148 10592 -17844 1344 -2453 357
3616 7900 -16648 416 -1386 780
3812 9132 -16632 746 -839 431
4432 9308 -17236 2117 -840 584
4388 9368 -17216 1152 190 1154
4380 9788 -17308 1904 350 1368
4896 9128 -17096 -492 1197 1938
5692 10080 -17620 712 1896 1656
5884 9264 -17120 63 2959 1637
6052 9812 -16304 -270 3155 2492
5816 9336 -16900 -442 2697 4105
6748 10044 -16016 599 2359 4723
7100 7964 -15548 -1296 3374 4281
8064 8408 -14728 -1170 2910 4146
5228 9908 -13044 -283 1110 2604
6084 9484 -13596 -7542 395 2293
6152 10232 -14332 -7476 -2646 554
8416 10212 -14460 -6913 -3531 992
6924 10328 -14852 -7949 -2284 2780
7580 9968 -14580 -4817 -2991 2841
7252 11280 -13092 -4849 -2974 1431
5612 10796 -13512 -5773 -3560 1436
6624 12412 -12868 -3661 -4470 1953
5980 11784 -11848 -2478 -4569 2215
7708 9560 -13156 160 -3174 1579
5016 8960 -10412 2334 -5013 -288
13696 12708 -20876 6750 6581 2731
7368 6304 -14192 719 411 4232
4012 13144 -18604 5473 2767 1312
7836 8556 -12956 2782 -468 2944
8384 11400 -14772 687 -430 -5
7632 9840 -13564 1190 -968 -89
7944 9792 -13984 2221 -1016 -668
7908 10136 -15248 2072 -1098 -1053
8096 10404 -14728 1023 -735 -884
8068 11212 -14544 -1223 -617 -2092
5696 11656 -14540 -41 -2159 -2561
6936 10532 -15192 1434 -3197 -3801
5392 10668 -15624 3403 -1118 -5580
7036 9504 -13808 3293 1259 -4772
5232 9612 -16224 2355 3328 -1925
5076 12072 -16212 1221 2593 -3867
4152 8088 -14784 1736 877 -3676
7044 11276 -14816 976 2033 -2389
5528 8412 -15740 2091 4233 -2603
7216 9792 -15364 2226 6443 -2418
7712 9976 -14176 -1569 9972 -1316
7224 8828 -14448 3126 10129 -276
7840 12400 -14164 -270 9368 -1070
5592 8616 -13924 1124 4807 -953
7792 9704 -13024 204 596 -2204
8028 8172 -11624 1472 -2439 -1445
5196 9916 -11144 4833 -6158 -1387
604 8608 -22152 3044 -8326 3436
12564 12316 -19772 -2943 -9678 -4372
5560 11844 -17764 4908 -7512 -4653
6240 7088 -19648 3000 -3185 -2314
4300 8304 -18052 486 -2854 -751
3808 9184 -16948 2522 -1809 324
4828 10080 -17612 1354 -1080 917
3916 8924 -16676 1696 -828 1173
3896 9568 -17112 3019 -1111 815
3992 9992 -17060 1229 -1249 1326
3640 9184 -17752 -982 -422 2018
4696 10592 -18156 1503 -440 2730
5392 11540 -17640 311 1722 3546
5204 7672 -17456 -6050 4886 5231
7792 8948 -17216 -743 5703 7526
5800 8760 -15368 1597 5479 8484
3024 8964 -12972 996 2361 5863
5824 11496 -13268 -6442 628 515
6716 8996 -13808 -11218 -1257 -1086
5860 11648 -14712 -8871 -2090 1106
6328 10328 -15648 -7862 -3674 2545
7664 8404 -15016 -3916 -3590 4045
7228 9548 -11968 -325 -2776 4327
4252 11932 -13744 -3216 -4125 2111
5368 10000 -13656 -767 -5003 1506
5296 11436 -13636 1519 -5799 2041
15324 14492 -21400 -1153 2532 3801
3604 10372 -15576 3665 3139 2633
7060 10488 -19940 5218 1586 3663
5936 8288 -14712 2237 2487 1835
9120 10136 -15920 2457 1745 1388
7908 9060 -15008 664 2293 -1151
7612 8764 -14756 2199 611 -60
7696 9108 -15088 481 -297 -421
8420 8996 -15216 546 -972 -516
8220 10348 -15260 -253 -1275 -1515
7404 10280 -14716 -970 -1509 -1945
6764 9860 -16112 1002 -2749 -2114
6648 11232 -14656 4690 -3020 -3812
5520 8876 -16216 1015 -1360 -3885
6544 10260 -14820 3201 -2084 -4260
5736 9484 -16468 -1213 752 -3418
5380 8156 -15416 2282 390 -2360
6128 9468 -16384 3450 1084 -3333
6948 10572 -15944 1481 4145 -3116
6420 8616 -14964 -98 7980 -3242
6828 9036 -15328 -791 10298 -1334
6940 11108 -14756 514 10022 -1858
7836 8828 -14648 1613 9171 -1038
8224 8848 -12928 1031 8843 -880
8628 8264 -12644 1896 7521 -1242
6944 8456 -11184 1829 1353 -2227
7168 11420 -12016 3201 -4569 -1520
2848 11404 -16676 2483 -12337 -3630
10328 11140 -19280 3211 -18085 -4869
8744 10776 -20756 -3171 -8945 -371
5496 7056 -21880 5075 -5042 -254
4752 10092 -16960 2258 476 -543
3196 8484 -17036 5283 1277 -1107
3020 8516 -16340 2630 -5 -506
4888 8836 -17544 942 -360 891
4740 8856 -18088 1701 798 127
3904 9400 -17428 -107 1142 658
4036 8628 -16452 -435 1160 386
4316 9772 -17288 -1147 1167 1004
5344 10368 -18212 -2577 1511 1602
6272 8816 -16464 -1916 2542 2673
6952 10112 -16500 -790 2819 4344
6552 7848 -15864 -1599 3642 5606
6820 7724 -14560 -1414 3752 5614
5660 8856 -14316 1230 1199 5317
5872 9484 -14224 -5440 640 4631
6440 8852 -15224 -3858 -1536 3488
6568 9332 -15284 -9838 -1407 4072
7660 11452 -15416 -7032 -3258 3464
6764 9660 -13848 -6729 -3900 4086
7688 9828 -13676 -4909 -4524 2485
9100 12916 -13400 -4757 -2428 607
6712 11144 -11808 -5768 -212 1393
6272 8428 -12304 -2783 -1172 1004
6116 9224 -11276 -1006 -3666 -2199
13960 13960 -27904 -10514 3045 620
4528 8732 -16128 10722 7240 8343
5424 13736 -18500 4079 3052 2859
7280 9864 -13364 -148 -2678 -1034
9592 11112 -14112 1931 -3445 -1650
6868 9904 -13356 2367 -2699 -2002
6672 11448 -14800 2145 -2469 -2042
6860 11848 -14972 834 -2713 -1687
6508 10492 -14004 -1025 -2222 -1803
6436 10748 -15068 688 -1585 -1210
7276 11372 -14176 1674 -13 -1159
5400 10028 -14992 712 1725 -1250
4960 10936 -16664 2805 875 -3134
4744 11372 -15432 3904 -441 -4110
5424 11020 -14340 1776 -958 -4379
5896 9572 -15092 2879 -224 -3812
5836 12528 -14200 2732 2019 -3447
5924 8968 -15976 -1226 4630 -2161
5212 10332 -15544 -732 4942 -1360
6416 8768 -16120 716 5667 -1760
6848 12564 -14844 -2141 5989 -1717
6752 8436 -14752 -48 6264 -2533
5976 11260 -12912 -96 6357 -3680
5596 9964 -10220 2100 991 -3780
4888 11400 -11064 4992 -5536 -2457
6024 10048 -16372 -571 -4415 -396
7560 8436 -16000 -3524 -1280 -1344
4788 10264 -16672 1695 999 -3092
5292 9500 -17980 -266 3357 -1039
3128 10384 -16160 1001 1164 -693
656 8852 -17112 1820 -5801 -2342
6136 11168 -17840 1774 -4915 -1160
5696 9424 -15400 2274 -3420 -644
3932 12356 -16660 5053 -669 -1855
2256 10500 -16920 -141 -1113 -713
5080 13116 -17204 2908 273 146
3544 11568 -16564 3803 1725 955
3584 11336 -15896 3307 2146 1997
4916 10884 -15416 3352 2189 2515
5868 10560 -16664 -102 2778 3280
4832 8464 -16956 1688 2675 2744
6296 10196 -16460 -716 3551 2657
5636 9568 -15992 -1236 1927 3783
5364 7908 -17156 -1073 603 4220
6716 6524 -15704 943 -25 4861
6780 8268 -15804 -1680 276 4628
6804 7264 -16332 -1189 205 4254
6216 10348 -15124 -4260 -87 5221
3972 9848 -15204 -2624 -1987 2638
6268 9888 -15024 -7611 -3262 2870
8652 10892 -15852 -6717 -3560 4308
8220 9936 -14596 -3078 -1945 4082
6944 9776 -14040 -988 1010 4094
7004 8868 -15164 -2778 1119 1975
7576 8940 -13640 -3002 1478 -53
8096 8012 -15348 -2315 218 678
8348 8132 -14356 -1277 -1169 -287
7156 7924 -13104 157 -5693 -2026
16848 9752 -22492 146 1801 822
7880 10416 -11492 1602 4500 3961
6124 10040 -15636 -70 1102 1159
8052 11512 -14376 631 -252 65
9136 9188 -14956 877 -1463 2405
7516 10720 -14588 412 -755 206
8404 10068 -14084 1037 101 1275
9188 10796 -14192 1265 538 617
9304 10844 -13976 1655 -400 -309
8384 9696 -14284 1282 -1454 70
8928 10408 -15448 546 -2465 -1393
7040 10676 -15708 -1890 -2893 -3375
5608 9376 -15280 631 -3155 -6097
5880 9748 -14820 3690 -4971 -5730
5660 10716 -15376 2679 -4194 -5029
6152 9996 -14364 -431 -2508 -2951
5972 8728 -14840 1339 617 -1389
5408 9292 -14536 476 4707 -1213
7480 9500 -14816 3081 8290 -1114
6416 9688 -15552 -610 9237 -1005
6568 9812 -15872 1769 8609 -2490
6428 9496 -14964 851 6644 -1951
6748 10284 -13632 2263 3454 -2677
7880 9240 -13900 658 2644 -2513
7752 8216 -15012 4047 -318 -1898
8492 10924 -16784 1786 -834 -162
6012 6488 -16148 709 -466 257
5192 8256 -16200 390 -939 964
6888 9812 -20688 -549 -4976 2329
5184 11460 -16352 4893 -7928 -5437
6352 6700 -18424 -2959 -4881 -389
6764 10600 -16592 3595 -4511 -1740
3552 10200 -17764 -1858 -2348 -218
5988 10704 -16276 1598 -1804 1064
4796 11512 -16488 -886 -132 486
5688 9736 -17176 3173 -583 47
4812 11568 -15768 3009 -255 424
5024 11672 -16068 2631 264 1181
4920 9768 -16072 1990 -133 1506
5500 9800 -17976 348 552 1955
6216 8324 -17228 -602 2672 2998
6264 8468 -17704 -1965 4297 3685
7036 7248 -16948 918 5037 4309
6632 7360 -15476 2121 4617 4410
5308 7360 -14720 -888 2508 3013
5132 6204 -14900 -2642 -892 3123
7012 11836 -14692 -4539 -1688 2241
6572 7624 -15340 -4091 -2418 3856
7840 11112 -15224 -6572 -2005 3841
7740 10504 -15888 -7069 -2272 3508
7284 10624 -13720 -3289 -993 3573
6768 10596 -13664 -3080 274 4127
6988 9844 -13320 -4441 -108 1567
7132 8256 -14292 -4223 -465 -1669
8496 8564 -14452 -2118 -1189 -440
7712 7716 -14432 544 -2844 -962
8272 8552 -13664 2071 -4536 -2183
18144 11500 -21136 2845 5528 2440
6012 10840 -12436 2379 5175 2684
7824 10008 -17120 1371 1967 2271
9348 10080 -13088 211 -466 75
10304 9116 -14444 694 -1422 1386
8076 10100 -14140 464 -1803 1255
9296 10092 -14592 304 -1920 1160
7352 10936 -13960 625 -1929 109
7972 10568 -14632 480 -2562 -919
7760 10252 -15052 1198 -3036 -815
7144 11140 -14476 -902 -2734 -1501
7644 10244 -13868 -1100 -1652 -1077
7492 10240 -14640 1919 -1054 -1460
6352 10728 -17036 2622 -1134 -3404
3220 8736 -16604 4777 -1997 -7121
4448 9592 -15480 2873 -3566 -6445
6028 9336 -15392 308 -1474 -4917
5816 6748 -16180 1058 1498 -2003
6528 9580 -16692 2184 4968 -1831
6248 10784 -14820 87 8220 -3083
5912 10688 -15572 -879 9535 -2638
6840 8704 -14676 -412 9660 -767
7596 9724 -14244 -708 8010 -1
7616 10144 -13508 3030 6397 -836
7636 8888 -13196 3145 4478 -1228
9160 8744 -13236 5691 3562 -1902
9532 11168 -15432 62 2931 -2984
7856 8740 -13404 -131 1833 -1617
7960 8308 -14960 -2468 1457 201
6252 10428 -16700 -85 -2599 428
5084 7284 -16312 7122 -9024 -2477
7548 7824 -17100 -5531 -6020 -877
7228 12456 -14864 2799 -4995 -1952
5604 11040 -16412 1012 -2911 -2278
6452 10444 -16936 2602 -3641 -1080
7248 11180 -17388 1097 -2292 469
7400 11288 -16148 3044 -1046 1708
5604 10852 -15552 3659 -1269 2358
6128 9456 -16152 3552 -492 2702
6280 9320 -17372 -805 2014 2566
6516 10724 -16548 392 1921 2137
7508 8020 -15692 -4177 3542 2227
6156 7104 -15336 382 1752 2905
6560 9292 -15144 -1157 1581 2562
6528 7392 -15056 -1822 373 2552
5652 6784 -15304 -2623 -470 2281
5756 7332 -15860 -2371 -1965 1908
7524 9856 -16108 -250 -2335 2635
6440 11148 -16036 -5837 -469 3309
7892 14476 -14848 -5243 -2445 5160
7488 8456 -14136 -6756 -2723 3958
5796 12732 -14212 -5631 -1540 3643
7088 9616 -14024 -2646 -1227 3684
7372 8156 -14964 -943 1356 4333
8596 9268 -13204 -1512 723 167
7192 7432 -14900 -1320 -317 -614
10072 8208 -15172 -397 -1936 -1279
6776 8960 -12832 -104 -4644 -1857
15372 10156 -21960 -346 2370 138
8468 9156 -13536 1923 3407 5648
6900 10652 -16624 2323 2902 1875
9260 11200 -12212 -1307 742 1660
9564 9260 -14416 1837 -1189 2235
9144 8860 -14648 2102 -1094 1827
9052 11536 -14532 3707 -526 658
8772 9656 -14336 2126 -1098 -635
7772 10508 -14892 1297 -1306 -1835
8380 10108 -14988 -640 -235 -3543
7796 10156 -14420 311 802 -2973
6656 9652 -16088 2245 -1396 -4064
5992 10760 -15424 5266 -3975 -5887
5364 9252 -15396 2141 -5605 -5681
5992 8724 -14664 1583 -5350 -5643
6940 9216 -14872 2361 -2588 -3161
7120 9304 -15952 1569 2826 -2347
7852 8204 -16256 -58 7319 -174
5916 8020 -16804 291 9697 354
5588 11196 -15120 1259 8549 -2071
7796 9576 -15256 3822 5948 -2744
7044 9660 -14508 -1283 3939 -1689
8748 10116 -13984 270 1766 -1592
8140 8236 -14192 1328 1144 -889
8468 9108 -16340 1254 615 -250
6992 7708 -15288 -1408 1129 411
6648 8776 -14924 -112 502 129
6332 10928 -22856 -1384 -3828 1563
8028 12404 -17076 7398 -9884 -7157
5296 4116 -18576 -282 -5993 -3315
8504 6808 -17744 3163 -4903 -1596
4648 12636 -17472 -737 -1236 -1951
5464 10552 -17460 3168 -1777 -886
4968 10656 -17152 2797 -988 549
4856 11652 -17052 5821 -137 3609
5692 10420 -15344 3715 1148 4091
5192 10316 -18144 -1763 2107 3476
6420 7852 -17736 1690 1677 3007
6584 8972 -17136 -3411 3370 3549
7680 7784 -17996 -453 2760 4654
5372 6308 -17048 471 3864 3735
7656 6040 -15836 75 4313 4860
5736 9528 -14584 -2839 2687 3162
7564 6624 -13884 -9842 742 2917
6196 10016 -13740 -9687 -3314 2228
5920 12988 -14500 -9273 -4559 1308
7424 8360 -15880 -6750 -5739 3242
9440 8692 -16720 -4878 -5052 2133
6556 9304 -14224 -1781 -11 4263
5964 10288 -12920 456 -943 4758
7476 9388 -13016 1734 -1416 4509
9340 8872 -13940 4218 -310 2639
7504 9172 -13940 2235 -209 755
6920 7184 -14096 1841 -4040 -1066
15368 7884 -23840 688 2462 -210
8916 6916 -14796 1397 2179 1657
7668 9464 -18992 4667 869 2983
7348 9380 -12932 -31 42 1074
8972 8676 -15824 735 -122 1952
8336 8316 -15644 736 -66 -761
8532 9112 -15332 2430 -446 -1167
8204 9476 -14940 3075 -500 -2737
7832 9332 -14896 2557 -1612 -1284
7708 8644 -16076 1668 -2200 -1272
7880 8892 -16332 862 -2335 -1768
7488 8696 -16224 -1602 -2087 -2401
6092 8020 -17864 -1435 -1625 -3811
5228 8236 -17576 204 -3098 -5443
4100 9876 -16972 -508 -5824 -7200
6616 8332 -14548 -2361 -3533 -5558
5472 9560 -15560 -2250 1885 -1180
3776 8608 -15748 61 4931 -26
6600 11988 -15516 1025 6227 -1779
5908 11356 -14848 -243 8438 -3199
6572 10888 -14340 -1504 8125 -635
7712 9240 -13664 -482 7016 -574
7372 9732 -13844 1007 4455 -1098
6632 9184 -12836 4730 1028 -2630
6796 9032 -13612 4767 -2011 -2394
7532 10092 -15808 1459 -1540 -892
5588 8408 -15756 -2268 -912 251
5692 8696 -16828 235 -1527 -504
4784 10064 -15820 -2178 -437 -788
92 4612 -15896 4770 -9260 -4711
6076 11944 -19892 3000 -5067 -3295
5192 7908 -18132 756 -4709 519
5128 13460 -17176 1379 -2655 -597
4704 9788 -17448 1128 -1592 881
4880 10840 -16996 5305 -593 1400
4464 10312 -16916 4201 1081 2250
4668 9304 -15808 4769 1843 1277
3880 7588 -18444 -1616 416 2653
5248 8608 -17044 -262 1713 1524
6228 9352 -17296 196 3441 2450
5528 8780 -16948 242 2317 3370
8708 11736 -19260 -2191 4391 3961
4848 4476 -14940 -6014 5723 5537
4760 7464 -15004 -1159 3214 4647
6968 5632 -14752 -795 1803 2048
6260 7856 -15124 1391 -963 1420
6940 9596 -14952 -5564 -404 511
6880 10640 -13724 -6404 -1086 2313
4964 8640 -13996 -9143 -2275 3504
8872 7020 -14816 -3334 -5126 3846
8076 9644 -14040 -2569 -1745 3090
8232 10868 -13904 1019 610 4337
6268 9984 -13972 -630 918 3041
7572 7824 -15836 -1903 -177 754
8724 7364 -13672 -1448 -1123 169
8680 6252 -15384 -1263 -5404 -3228
17604 10516 -25092 75 1135 245
8500 10128 -12328 2585 5343 3829
7060 8864 -16344 2233 1348 1584
7884 11804 -14240 -1302 -1813 -823
11088 7756 -13932 883 -1495 2199
8904 9468 -15124 150 -1620 77
7408 11152 -15548 1062 -1484 526
8552 9896 -14660 505 -1450 -456
7636 10508 -14564 1299 -1209 -2151
5844 10204 -15064 3776 -1768 -2201
6692 11412 -15700 -1153 -3791 -2095
6156 11056 -16024 -2402 -3899 -3958
5808 9212 -13932 1389 -3085 -2981
5740 9596 -14968 2735 -636 -2434
4824 10916 -15628 2657 559 -2750
4408 9916 -16840 -1773 305 -3614
4168 6612 -16756 3265 -2793 -3698
5192 10304 -15588 4252 -1802 -4466
8636 9048 -15348 1580 3504 -4266
6316 9788 -15868 351 10641 -2687
5992 9904 -15728 2271 11987 -662
6792 9832 -14352 1239 12379 -2185
7564 9368 -14536 3407 8685 -889
4280 6216 -14672 4652 5151 -1319
9180 11796 -12260 3957 -946 -4811
7136 10388 -16064 5972 376 -1739
7124 8304 -14536 452 955 699
5408 8624 -14956 -1599 738 250
2236 5456 -13572 3156 -13172 -4364
13120 5848 -22112 -2028 -4933 -3148
5420 5708 -19520 997 -3765 1394
4920 11892 -16852 -2588 -2966 512
4988 7672 -15912 -881 -3303 -452
4492 9068 -17308 1426 -2729 -633
6028 9976 -16716 42 895 -526
5268 9024 -17724 1441 1172 1179
4936 10472 -16828 239 1041 2046
7516 9660 -16168 461 2889 2013
4956 8740 -16720 -387 2316 2879
7676 10780 -16856 -2324 2139 3876
5660 6936 -16040 -1638 3106 4706
5000 7844 -14760 -1099 923 4371
4564 6876 -15464 -892 -670 2600
6804 10396 -16544 -1831 -1822 2237
6640 7364 -16400 -1873 -942 3199
8272 9708 -16260 -259 509 3888
6780 10832 -14452 -4378 1834 2890
5100 9584 -15324 -7266 1809 2489
7012 12156 -14828 -5114 662 2280
7104 10768 -13528 -3339 -1125 2331
6124 8936 -14232 -4437 -1874 3187
8076 10204 -12396 -1640 -691 3952
7000 10568 -12144 -1579 -1074 5103
8308 10292 -14868 -2836 -2596 3438
7916 8184 -13520 -2654 -4481 96
7276 7720 -12360 -1363 -7260 -689
13448 8492 -25508 13406 6920 4500
8052 7508 -14656 5318 2833 2543
5812 12176 -15876 665 -1167 225
10716 7612 -15148 1783 -1961 2072
9304 8508 -15108 523 -208 -1446
9432 9156 -13844 2985 -984 -75
8944 9844 -14740 2095 -2483 -1893
7852 10440 -14932 480 -3512 -2732
7812 12220 -14936 -2241 -3115 -2651
5700 10420 -14928 -3192 -4184 -3449
8052 10188 -14364 1436 -2073 -3728
6524 9480 -15104 2840 982 -3548
5936 10132 -16472 3652 947 -4357
4540 10268 -15732 2010 212 -5233
4552 8464 -14892 1401 -248 -5285
6780 10700 -14996 1366 -425 -4803
6756 8244 -15572 780 2104 -3137
6540 9320 -14716 1025 4019 -2021
7460 9384 -15500 961 6376 -866
6308 9036 -15992 -234 7523 729
7332 10192 -14824 -844 7015 -484
6600 11412 -13348 2568 3471 -1621
6376 8020 -13708 1643 1024 -1831
7680 9596 -13356 2323 -1599 -1630
7448 11456 -17948 5237 -2486 -1373
6220 6164 -17104 -4242 1861 -1020
4152 9276 -16692 -17 604 -1171
4512 8464 -15268 1433 636 -83
544 12616 -21536 -92 -2667 2536
6892 11436 -17596 7933 -9299 -7459
6688 9304 -17316 1732 -2853 -2712
5604 8716 -19604 2459 -2157 -1619
5728 12456 -19396 617 882 -603
5660 10820 -14948 -231 2832 3583
3940 10856 -14396 6116 734 3026
4296 8944 -15400 1693 705 2564
5300 8620 -17376 1779 4 2340
6256 9324 -17716 -346 1380 2538
6468 8256 -17468 340 2449 1783
5980 8724 -17116 -5422 3703 2359
5768 5592 -16952 -131 2127 1867
6292 9280 -15536 -3021 1605 2981
6472 7764 -14616 -1978 612 2427
6148 9208 -15580 -2689 1181 3808
5424 12864 -14340 -6223 398 1602
6552 8024 -14852 -10784 -883 1000
7152 12604 -13020 -7730 -2501 2665
6992 10032 -12236 -6159 -3606 2905
6896 10192 -12692 -3410 -3966 2044
7656 10496 -13056 -1503 -2707 490
6404 11464 -12564 2313 799 2976
5720 10848 -13844 2978 1352 4585
7424 9116 -13460 1622 -1395 1263
6676 7020 -13296 655 -1997 -1058
17756 9044 -24320 2569 5293 717
10016 7492 -15148 3269 6685 6396
7264 12208 -16216 5702 4612 1423
7556 7576 -14516 40 -1107 1559
11488 9112 -14608 3278 -988 342
10048 9708 -14460 1290 -1151 1910
9120 9952 -13516 775 -2672 -1013
9016 9604 -14364 -82 -4263 -1031
8404 8384 -14580 797 -3315 -1259
7684 9164 -15900 977 -2237 -1254
8664 10420 -15776 -632 -1839 -637
7036 9744 -14632 -1873 -2072 -2127
6716 9520 -15636 -300 -2410 -2903
5828 9048 -15616 525 -2444 -5438
4100 7756 -16456 1421 -1352 -5375
5340 9792 -15592 2543 -4413 -4466
4876 8920 -15792 -1053 -2687 -2323
5512 9216 -15780 3245 -2515 -453
6828 11272 -15772 369 1005 -1111
6648 10500 -15424 158 4355 -2170
5436 9144 -15308 -365 5333 -1727
4916 9932 -14616 3199 4217 -2013
6224 10756 -13352 1020 3521 -3248
6424 8188 -14516 2728 1065 -2659
5332 9568 -16484 -5428 2877 -909
3632 8760 -16892 -207 1297 -3007
4100 9208 -17384 -1060 257 -1819
4456 7928 -17092 705 826 -1306
3688 8776 -16136 1204 1186 -51
-920 7980 -18248 4292 -8429 -3194
8632 12548 -19508 -4095 -1398 -1932
4260 8164 -17544 736 -980 345
4096 11008 -15948 657 21 -1773
4416 10272 -16736 1758 -409 -911
4080 11584 -16604 1573 179 286
3856 11968 -16292 1987 117 856
4472 11088 -15856 3159 215 1522
3968 10056 -16476 883 758 1761
4624 9364 -17008 1920 -229 1564
5616 8968 -18468 -809 1748 3280
6008 9240 -17200 1330 3884 3740
4248 9012 -15872 1724 5466 3336
5052 10104 -15928 -2784 4505 3722
6084 8200 -15120 -2206 3151 3135
7740 7332 -16772 -2088 3417 2702
7844 6188 -15652 -24 3850 1746
4696 11592 -14104 1008 2619 1329
5660 9264 -13872 -7719 255 1674
7284 12164 -15348 -6207 -2634 1621
7712 11880 -14208 -2439 -3365 3952
7116 8976 -15836 -5001 -3512 4346
7000 11064 -15064 -1285 -2835 4746
7784 9968 -12376 1246 315 4812
7084 9420 -15692 -667 1155 4534
8232 7700 -12544 -1472 348 2476
8288 5408 -16188 -1159 -750 1118
9596 6024 -14312 -1724 -3255 -725
7152 7216 -11944 -973 -9585 -2872
14448 5296 -25992 8890 4532 1605
8344 5816 -8816 -1409 -285 4209
6956 10364 -18376 113 1039 25
7464 9420 -14032 -1471 -1973 613
9844 10184 -15324 1354 -489 509
7244 8668 -14940 513 -359 -31
8252 11396 -14892 1156 132 720
8640 10204 -14436 944 -422 -680
8380 10552 -14380 1423 -907 -751
8292 9208 -14820 988 -674 -1647
7772 9536 -15528 1241 -654 -975
7892 10328 -14792 1550 -992 -1374
7028 9716 -15760 907 -1163 -2460
6664 9848 -15728 -570 -1737 -4143
5292 9260 -15616 -36 -2397 -4864
7060 11492 -15408 -2234 86 -6330
5308 9292 -16576 2597 -1957 -6479
5748 8128 -14784 978 -761 -3979
7744 10096 -16228 2582 3043 -2771
5860 7760 -15580 -292 6725 -816
6996 12728 -15600 919 8271 -996
5352 10368 -15848 -2096 7982 -1126
8588 11244 -13252 2067 5828 -2261
8252 9744 -13012 -1233 3313 -2994
6280 10704 -12968 3221 -335 -1858
7364 9140 -13656 1644 -1423 -1489
7896 9600 -13712 6818 -3913 -743
6868 9668 -16096 -419 -442 1771
6008 8764 -16868 675 -460 1511
-1236 6696 -15716 6739 -8502 -3282
8468 13996 -19208 -10444 -2626 204
4744 10524 -16912 1201 -5204 -1412
5104 9948 -17640 1193 -2617 -2115
3844 8980 -17356 674 -1812 -2039
4116 9780 -16752 1665 -1931 -1924
3096 8736 -17016 1591 -1762 -1944
3192 12252 -16732 5375 -2374 -2412
5268 14300 -17400 3715 -172 1386
3716 11300 -16360 1095 1301 3229
4580 9100 -16568 133 2052 2664
4936 9748 -17252 2036 1826 3072
5200 8780 -18096 -272 3425 3901
5544 9068 -17324 -1591 5573 3519
5344 7212 -16488 -2006 6237 4456
5368 4860 -16736 -2238 5688 4668
6316 8220 -15296 1986 2111 3257
7472 8208 -15132 -1894 856 2600
6564 8392 -15608 -4660 -248 3159
6724 11144 -14520 -5314 -123 2479
6768 10128 -15172 -5105 -1407 2693
7368 8764 -15040 -7590 -331 3582
7808 9844 -14692 -6067 -358 2788
6668 9920 -12008 -2915 -644 2852
6828 10492 -13188 -3003 -2474 1707
6532 9692 -13944 -4863 -5145 3197
7976 9880 -14712 -3821 -8241 -2330
4992 7360 -14540 -1297 -10364 -2320
17368 13188 -23384 -2425 -824 2903
5416 8828 -14368 5044 3835 3314
5936 11052 -17152 2211 3051 4304
4400 11136 -14208 174 95 1132
9864 8896 -15248 819 794 1505
8472 9856 -15088 880 1767 -494
7076 10340 -14084 2476 1545 293
8232 10384 -14556 1561 721 619
9100 10976 -14020 1952 -290 33
8212 10476 -13836 2119 -1740 -813
7936 10084 -14584 1910 -3113 -1612
6996 9676 -15520 2708 -3994 -2627
7076 10892 -15992 -178 -3890 -3390
6404 10948 -14064 -105 -2612 -3507
3936 9716 -16420 -2280 -1894 -2656
5112 9108 -17192 3410 -1981 -3395
4996 10264 -16384 -28 -447 -3993
5668 7624 -15448 -651 1067 -3455
4700 9824 -15320 2072 1240 -2505
4572 9892 -15056 -815 2355 -2803
5792 9548 -14684 4951 2374 -3261
6048 12280 -13680 331 4656 -3252
4252 7440 -14892 3404 3785 -2643
5972 9848 -13724 5160 3150 -2764
5184 11832 -16972 -3378 6435 -68
2848 5968 -17072 -459 4625 -1421
4264 10316 -15756 -1637 2871 -1279
4804 11388 -20608 815 153 -436
1576 2396 -20268 3877 -10735 -4180
6884 10852 -17952 -2630 -4791 -3291
5120 9868 -18172 -2743 -3593 -1901
2964 9844 -18368 2672 -1352 -3693
3980 8708 -17648 1951 -477 -2393
2764 10404 -16992 1171 502 -981
3076 11772 -16428 2140 338 -935
3220 11608 -16596 1869 1075 463
2972 11788 -16152 2564 1116 2028
3488 10892 -16224 1769 1671 2554
3980 9476 -16692 2378 2107 2663
4284 8148 -18500 16 3735 3632
5116 10676 -17728 1052 4754 3280
4904 8564 -16772 -1072 5347 3490
6376 6920 -16708 430 5752 4279
6068 8816 -15176 969 4370 4604
5964 7616 -16280 -1607 3032 4597
6908 6220 -15316 272 1527 4450
6284 6748 -16064 1392 1090 5235
6732 10520 -13900 -4460 1833 3961
6300 11480 -14128 -5985 299 3596
7384 7164 -13444 -5081 -2214 4106
9292 7928 -14884 -7483 -1130 3079
9360 7552 -15136 -5422 -1489 838
10404 6040 -15292 -4141 -942 1070
8472 5584 -14136 -2355 -3381 329
7520 5736 -13624 -254 -8112 -1573
15604 12396 -28408 -5066 -2016 513
7560 12452 -15760 5293 5226 6411
3660 8696 -15152 -1700 -826 1062
9088 9944 -16248 1807 495 -1953
8816 8440 -14052 -762 -823 3093
7628 10904 -15676 740 -655 -65
8392 10120 -14032 232 -1417 1443
8968 10516 -14568 487 -647 555
7740 9896 -14132 1758 -960 -108
8388 10444 -14164 2228 -881 -210
8004 9596 -14676 2416 -960 -1324
7568 8932 -16012 2652 -960 -1698
7624 9664 -15988 1284 -2107 -1951
8392 9544 -15028 -451 1226 -3147
5164 8728 -15908 181 -2622 -4933
5940 9612 -16188 2037 -4005 -5080
5060 9216 -15720 341 -3674 -4946
5368 9028 -15488 1309 -3898 -4312
6184 10680 -15236 1332 -1985 -3286
5584 7504 -15780 -2486 1436 -2039
7000 8532 -14512 2099 4006 -1712
6112 10324 -14832 563 6221 -1964
3924 9356 -14640 2415 4153 -2873
5296 8556 -15508 3447 1461 -2851
5224 13244 -17972 -799 1602 -1678
3636 5844 -16936 -1654 2722 -924
3892 8908 -17348 -806 1165 -749
4952 9660 -16388 288 2362 -689
-1200 8712 -17604 -3871 -344 2020
5664 14344 -16656 5200 -5098 -5521
3904 5392 -17984 1363 -3174 -2204
4580 8672 -17492 4210 -3065 -2184
4480 8236 -16928 -1984 -526 -1759
3376 10928 -16364 3754 -1403 -1425
3972 10572 -17440 1198 -262 -42
3904 10620 -16496 3246 112 469
3864 10436 -16460 3863 625 1380
4588 10940 -17196 1963 1362 2132
3944 8956 -17232 1324 1352 2170
4632 8672 -17580 1313 1626 2453
4672 9400 -17604 867 1800 2255
4608 8820 -17552 -4085 2815 3285
5292 7688 -17816 -1847 3468 3731
6604 9572 -17424 527 4728 3948
6680 7096 -15144 -4740 6066 5234
4096 7496 -15584 -1607 2029 3478
7196 7960 -15604 2271 -86 5168
7808 11776 -15236 -1004 1268 3910
6520 8800 -14940 -2835 1906 2012
7248 11240 -14372 -8464 3949 4621
9076 9988 -14308 -1457 5184 5587
9156 8696 -12700 -141 6537 5641
8488 6864 -12456 -1293 5131 2738
9228 5184 -13708 -1656 1551 -783
10228 4176 -13404 -928 -2050 -1427
9040 5628 -11376 -473 -7211 -3645
28196 10048 -30736 48 5312 695
9560 6076 -5652 -4379 3382 5881
5812 9332 -16592 323 -3189 -1148
11844 6968 -14468 -3437 -3760 3907
10596 9396 -14288 -1933 -2244 239
9848 9560 -14228 -52 -1884 141
9448 9388 -14004 84 -1650 -1156
9164 9416 -14012 662 -2121 -749
8696 8744 -15104 483 -1885 -1253
9132 8884 -15672 -201 -2370 -786
8444 9372 -15472 -569 -3113 -1644
7964 9236 -15904 -1010 -2644 -3987
7060 10492 -15168 1293 -3462 -5774
6620 10468 -15736 1834 -3940 -6602
5256 8324 -15636 -476 -4301 -5873
6148 8544 -15764 2818 -5253 -4701
6100 8132 -16024 132 -2772 -2929
6820 11000 -15536 2246 -490 -1585
5116 7800 -16228 -2420 2986 -706
5336 10032 -15232 506 2290 -734
4636 10196 -16016 -1118 3275 -2850
4284 8644 -15056 3112 903 -2397
5784 10588 -16588 4340 -584 -1523
4164 8668 -16340 -4610 3487 440
3376 7624 -17712 3036 986 -209
4240 9552 -16928 -246 1270 594
4416 9312 -16580 14 1693 880
5256 9444 -15916 684 2090 1557
1920 9948 -17496 451 -1095 1538
6844 10152 -16316 4083 -3513 -2589
6312 9040 -16956 -1987 -544 247
4720 7592 -16904 -306 -985 327
5800 10140 -16528 781 -509 325
4700 9164 -16512 586 -597 727
5500 9992 -16396 309 -504 409
5100 9600 -16148 157 -214 356
5244 10004 -16120 693 -319 124
5188 9748 -16352 713 -317 49
4796 10260 -15996 466 -549 -38
4744 9128 -16228 -180 -848 229
4776 9644 -16376 -289 -766 296
4816 9228 -16484 305 -714 266
4620 9540 -16360 273 -437 111
