49 128 300 0 1123076 1348938
8768 14144 88 18 -61 154
8532 14280 -64 -236 -166 258
8588 14080 -396 -677 -309 108
9056 14436 -400 -571 -286 72
8776 14060 -412 -2 -662 30
8712 13956 -244 279 -637 62
8688 14032 -268 59 -457 112
8856 14152 104 -21 -484 248
8804 13888 -316 205 -488 179
8976 14052 12 484 -419 321
8808 13892 -124 -195 111 338
8800 14104 -468 139 6 377
8344 13276 128 611 -702 400
8848 13764 -196 583 -194 319
8076 13924 336 1235 -803 716
9456 14520 192 1873 -964 244
9464 14356 392 1449 -876 816
8700 13276 -628 643 -295 589
9112 14084 -1280 412 -989 894
9516 13776 -1532 983 -1144 407
9692 13328 -1580 1222 -722 638
9276 13812 -1296 2161 -664 448
9300 13708 -1028 990 78 487
8976 14064 -968 1107 -358 -29
9412 14272 -752 164 -154 263
9940 13956 -1668 -266 56 289
9352 13720 -1372 -109 272 307
9488 13952 -1668 278 380 220
9392 13856 -1944 403 396 324
9280 13936 -1420 443 36 13
8972 14124 -1276 774 -647 78
9580 14152 -1384 335 -782 -12
9700 13568 -1608 -317 -321 -78
9740 13828 -1560 239 -203 -25
9432 13592 -1448 137 72 56
9396 14064 -1344 214 -211 -49
9304 13692 -1532 517 -438 -32
9352 13676 -1404 688 -237 138
9004 13116 -1488 718 -79 -103
9100 14116 -976 1424 -294 -269
9644 14564 -1132 1252 -87 26
8844 12968 -840 1064 299 168
8332 13728 -1176 1430 -104 -116
8684 13484 -684 1782 -746 -29
8852 14368 -224 993 -1012 344
7504 13204 -1912 -1052 -2063 544
7980 14764 -152 2023 -4129 995
7808 14036 -1588 -705 -2271 627
10740 14516 -812 4769 130 824
10640 18744 496 6260 1346 -1659
8688 19336 1036 3633 1085 -3047
7804 16284 2204 2517 -84 -1680
5900 14276 3092 -8096 2123 -53
2284 5616 -1216 -3561 1503 741
4800 4816 -8164 -10574 3216 -274
9208 15424 -4552 12441 -8398 -1666
24416 32767 5108 1940 -6689 7873
17460 29356 5380 280 -1907 10276
10768 15256 2556 488 6 -760
-316 -3420 -4996 -8214 2747 899
1388 4928 1044 -9084 3271 -1981
5692 1084 -4160 -5628 1599 -1357
15512 21712 -13972 -6772 -3262 6276
26928 31740 -588 12883 1777 -5486
11380 32767 4464 3419 1315 -6057
12020 15492 -1044 -11327 1812 -10709
852 -440 -664 -25905 2321 5642
1000 -1224 -3392 -12848 4093 4571
1948 2180 -4628 64 3193 1073
-2296 -464 -8736 -6063 2991 -3263
28484 -16960 6100 32767 -7039 -16258
16936 32767 4192 -32768 12526 13882
17184 18072 3384 32767 -18042 7883
16296 6948 -12372 -8308 5040 7784
-1396 -1080 -4456 -24351 -1754 -1504
916 -2012 -4044 1249 1366 1190
1664 2776 -3832 -816 1281 -3432
6380 132 -6052 -2882 4876 2058
27796 22752 -5820 20997 -15460 10322
21348 21080 3888 3751 7972 -8497
13968 30876 6320 32767 -13440 -5329
13196 22976 2428 -32768 12017 -11574
2960 5428 5576 -32768 8369 7235
1824 -5100 -7564 -19730 5115 3743
2628 -516 -4208 11788 -4485 1227
-424 2912 -6864 -2535 5812 -3297
19996 16576 -18472 19798 -17874 -10238
28364 32767 10800 32767 -25028 8144
14464 21668 -692 3030 -4113 11151
10420 556 -30820 27646 10617 10193
-4324 1424 -3148 -32768 9009 5247
-2112 -4688 -12668 8277 696 -3652
3512 6208 1780 1692 1575 -459
3500 -3356 -5772 2184 1869 -276
32767 16992 -9052 4827 -12632 10228
12628 23020 468 -19588 10785 -3071
24308 32767 10208 32767 -22951 -9137
11844 28776 5868 -16917 8050 -11274
16292 24512 1252 -32768 9554 1304
3936 -8744 -7480 -31963 8517 7935
2984 -1016 -5624 7047 -976 5741
-252 3080 -5020 3005 3145 -1115
3144 6612 -8812 -3137 1897 -1176
32767 17624 -1228 32767 -5451 -32351
2544 25856 -10252 -32768 13364 20312
27704 32220 7544 13374 -5772 13380
4876 15872 6424 -24505 5999 7473
-4164 -4764 -8432 -12557 6247 -3479
-1360 -1584 -4668 -1482 2374 -3417
3608 1436 -2504 -2459 2527 -1050
14240 10568 -8552 -4215 -2945 4038
21724 32767 16380 11429 15272 -2467
25544 30600 3104 12908 -7782 -9698
8448 32767 164 32767 -16762 -8812
14912 8448 -1660 -32768 8618 -9715
-996 -2452 -740 -32768 8822 8104
5292 -3672 -9212 -3498 -634 3564
88 1256 -4856 -5155 6501 -113
8156 18176 -15176 -26668 -7726 1914
31292 20672 -4964 32767 -32768 -22424
21176 32767 -6892 -26111 8908 9938
24708 21112 6016 -1680 4077 11755
-2784 7236 7856 -6319 4111 2624
-416 -6700 -7788 -19647 9849 -1644
-2580 -1584 -7716 3432 2015 -1893
5068 8 -1684 1212 -951 88
32767 17836 -16860 1789 -22529 4862
-1708 23764 -6896 -1478 -3961 10024
24428 32767 3896 21343 -9681 -2998
6964 32408 5396 -3622 -1960 -11228
2992 -3324 19300 3034 -1759 -4852
612 -6164 -6056 -24484 6518 5256
1576 -396 -5844 -608 970 3707
-1112 3256 -5776 5192 5559 -5043
12760 18456 -6712 -6143 -23536 -1219
32767 32767 -3156 32767 10267 14275
20256 21368 2396 -8031 122 12276
15444 15316 2824 -10803 6878 10988
320 4164 5752 -6822 6553 538
-3048 -1916 -10668 -5192 5485 -1410
3304 3668 -4472 -4800 339 -5324
8780 3176 -3900 -5874 192 3515
17092 32767 5016 9387 -7907 -106
28552 22528 4716 30072 -3086 -8537
14012 29236 4252 28942 -10702 -6314
9356 17940 1200 -25669 5553 -10846
7448 12228 4188 -21411 1885 1641
-244 -1136 -5388 -13388 9025 5385
212 -160 -6100 -60 824 -1802
-1324 7888 -8000 -12051 1360 -4041
32767 9356 9552 27832 3869 -8427
12456 32767 4392 -13357 -8201 10233
25248 23552 4900 -324 2248 9964
7128 8220 -1436 -25533 14418 10838
-2536 5372 -1292 -7750 10273 -4181
568 896 -4284 8418 -2036 -3295
2948 3196 -1000 1073 333 -3771
32767 20496 -12760 2271 -20820 3549
11912 27012 -14064 23 2823 -12708
23016 22848 5016 6038 -5802 -1883
8492 32616 6032 -3421 3955 -10478
-2272 -23044 13592 11868 4323 -7925
-156 -3696 -5096 -13492 6761 3762
4160 740 -3212 192 -605 -302
-832 2180 -5888 -249 8160 -234
12348 14616 -8712 -8169 -19324 -3231
32692 32767 4980 18431 8828 15857
22256 19684 4216 -2860 1673 7839
17188 15820 2204 -2372 5432 10600
-2396 5304 820 -16916 10255 1440
-980 -456 -3928 19944 10606 -9475
2664 2076 -4948 -2360 1181 -3480
4508 2768 -5916 -13559 1943 3808
15792 16956 3380 24056 -19157 10268
32767 18540 -2680 17442 7041 -6085
15184 29960 6392 17840 -9941 -6376
9812 2444 -30472 7986 16716 -8201
5928 1460 2460 -28618 -1029 -1270
40 -1832 -8788 -16264 4075 2874
2772 152 -4500 -1429 3671 1117
1912 9952 -8460 -11483 11194 -4884
18920 13848 -328 32767 -7817 -19265
19740 32767 13752 -8968 -8534 8681
29476 21072 5876 -9245 6721 13258
2572 9164 2624 8398 10619 9189
576 -2440 -3792 -16930 11994 -4335
-576 1712 -4988 2511 363 -4856
5224 -392 -1968 -1233 -2706 -1797
26452 15476 -17896 -13463 -15890 9753
-5872 32767 -5880 3222 -8030 8143
28160 27388 2528 6698 -7451 -5073
8444 28740 3572 1943 -477 -10065
6948 6232 13196 -885 -1210 -4206
100 -1984 -5688 -20927 8749 4873
532 -504 -6428 1095 361 -1231
720 3416 -5520 -13949 5290 -4147
32767 -19168 21164 32767 17478 -15404
18276 32048 9764 -19970 -5303 11237
26900 22556 5840 -1332 1973 13012
5048 12192 1000 -19971 14042 11979
-44 1592 -2736 -16257 8274 -1139
-948 -1368 -6992 -196 237 -2395
4056 2468 -3836 1337 -493 -2084
23936 13260 -11556 -8383 -9644 4786
-2352 25876 -10360 6878 -15956 2397
26368 32767 4744 8505 -11277 -6604
8100 29280 4308 -12372 -864 -12047
10868 -2168 584 -27885 -2441 -3678
-148 -1940 -9376 -25126 8227 9444
2264 1284 -3292 3200 690 -1606
-492 4040 -6040 7636 6194 -2303
28228 17600 -10752 -12618 -1321 -155
12440 32767 16052 -10935 -2165 9793
22188 23308 4028 2372 800 9464
3484 5448 -7984 -15293 13302 8229
-1828 -1404 1496 -1151 9657 -6857
-1484 2036 -3752 8739 360 -3544
3900 592 -1172 -7603 -5413 -1278
32767 19580 -21396 -15025 -17947 7394
-5272 32767 -10284 277 -7852 6307
25132 26076 4624 2322 -11505 -230
6088 27300 5984 5033 -5161 -9111
9192 2292 2336 -20570 1314 -2599
32 -3148 -6852 -26177 10017 8267
976 1924 -8548 -1074 1198 -1325
692 -1532 -7292 -2816 7356 -1839
32767 -7288 8196 31500 2752 -14088
18160 32767 6156 -32768 -268 9359
21696 24300 5760 -6121 2643 11444
3084 13772 8372 3928 2990 6995
-1536 48 -3040 1024 9996 -8304
-1912 -96 -5612 4400 -169 -3603
5432 1684 -2196 307 -932 -2152
32767 18900 -23760 -16848 -4684 11681
-13408 27580 -6372 -17847 2016 10691
27084 32767 3312 26787 -18541 -2467
10532 32767 4284 988 -3186 -9848
11808 4900 5120 -17092 795 -5108
-724 -4596 -4052 -25789 10334 6474
2988 292 -6196 -983 1555 1759
1444 764 -4644 9157 5048 -4269
11856 23720 -11556 -11933 -23635 -809
32767 32767 -6264 32767 15305 9799
18460 23292 -1184 3678 781 7683
17024 19076 2804 -10416 7955 11680
948 6400 1340 -19590 12064 2934
-3540 2852 -6828 3287 5811 1176
552 2704 -4484 2605 967 -949
6004 2236 -4612 -5338 -108 674
14416 25372 11788 6818 -23380 14792
26020 21188 -3340 12529 2409 -5221
16528 32767 5744 32767 -22782 -4056
10316 22284 1500 -27942 5702 -13010
8916 -5016 8820 -5183 -4949 -3620
-256 -5792 -11536 -22456 4748 7650
1860 1704 -4500 6843 -236 -1558
-2460 6136 -6180 -5909 4415 -4240
26208 6396 -3992 22365 -2012 -14812
20288 32767 17512 -7886 -2313 10459
24928 25304 4716 1584 252 11713
7452 -3324 -30812 10015 11085 8326
2668 1784 -1864 -11279 10953 -4061
-5524 -968 -7728 -1813 2400 -630
4628 2788 -1996 4151 -2513 -4977
21300 13512 -15048 -25886 -2987 10052
8720 32767 6612 -8962 11463 -163
21592 32376 44 32504 -15917 -6041
14624 32767 5532 1239 -7552 -7383
16864 2144 -32768 -9896 12898 -5234
-1104 -1596 -3892 -27036 8503 6238
4580 292 -6748 2520 1814 1430
-172 2740 -3784 -15868 4931 -1620
12604 16892 -13128 -1042 -23101 2457
32767 32767 -8716 32767 -5825 6581
17780 25592 -764 -7419 2835 7913
24172 17652 4180 -490 8364 10766
-2876 9864 1548 -5126 12351 -1845
-4920 -3120 -9724 -2267 5335 4676
1032 4960 -4668 7619 1793 -752
4832 1472 -3396 -7928 -5872 1856
21888 31336 6468 18157 -26569 12251
30780 18120 1564 8846 -1792 -8667
16676 26924 3664 32767 -13499 -7490
9872 16140 -492 -32768 9466 -9669
5412 -432 5552 -802 2508 191
3664 -2436 -6572 -6889 -443 4677
1452 2444 -3856 3769 3947 310
2996 15908 -11496 -14786 815 -3195
32767 9916 -688 32767 -23972 -32768
19380 32767 1836 -23699 -805 10492
27988 22160 6728 11374 597 10693
-40 8956 15120 12141 2578 7535
-740 4504 -5456 491 16385 -16573
528 -1936 -4844 2592 2065 713
1296 3764 -3576 502 -906 -3698
9040 4596 -7704 -13727 -1750 5310
13416 30352 20792 32767 -6126 3365
27228 9492 5740 8384 618 -9151
20092 32767 8000 32767 -20950 -6351
13684 15108 416 -32170 6451 -14681
2108 3236 3964 -32768 759 374
884 -3264 -9640 -19240 4839 6078
3392 572 -3260 5031 887 1556
-824 2532 -4532 8014 7581 -6164
19832 15728 -8752 8547 -15641 -6496
19028 32767 6180 4630 -1145 12633
25264 28344 3408 12047 -3110 6773
9796 12764 -324 -16882 11861 11960
-484 2240 -3268 -13335 10555 5243
-4008 -2304 -6268 3850 6964 -8766
3128 4892 -2576 1 1604 -4299
4764 176 -4136 -14390 -2741 1412
31404 17468 -2980 16433 -12370 17337
24536 25036 -5632 -9929 15979 -7961
21296 26124 5472 32767 -14363 -4150
6812 19548 2348 -24562 9536 -14374
10336 9596 7344 -24207 5880 -1683
1128 -3956 -8540 -20455 4801 5504
2148 2520 -3680 1851 -175 114
-1232 5120 -8652 -5243 6418 -7392
21224 13360 -9108 23674 -11522 -11008
12920 32767 8788 -25322 4685 14932
24828 26100 5288 18017 -8001 10578
9868 19440 1908 -24550 16209 10347
-3556 1316 -4176 8309 21655 -14170
-2484 -692 -6128 6009 7557 1430
-64 2036 -4980 2593 -541 -3205
9776 5108 -6424 -10406 -4987 4244
17856 32767 8948 10158 2272 5521
29012 15900 4932 16981 -5539 -8228
18272 32767 7040 30827 -14400 -3159
10020 15584 -1120 -30073 9347 -12028
3868 224 -224 -32768 3473 3192
1364 -3656 -10168 -11138 5068 2214
3244 2408 -3664 7180 232 739
-1004 8596 -6272 3739 -1726 -4061
32767 12460 812 -4291 2496 -12632
11524 26296 11108 -20315 -5886 9456
28744 25216 6840 11272 -4690 10629
-1340 -5296 -316 25913 10222 8491
-860 -1412 -2088 -11933 9336 -2803
-2116 -3496 -5896 4368 391 -4136
3264 2052 -1388 -2442 -2237 -5399
17728 7856 -13028 -20138 -5252 3400
29156 32767 22460 -102 13652 2364
29176 17856 4416 18036 -8859 -7006
11284 32767 3244 32767 -13376 -7580
4156 8160 28864 8928 -1168 -9409
792 -1812 -2880 -28335 6949 4224
6672 -1488 -8528 -5729 4619 813
464 1252 -3916 -8251 12150 552
13248 21744 -13688 -7396 -27141 3568
32767 32767 324 32767 -6921 5540
15752 22692 1520 -6191 1660 11635
16200 4564 -6504 2101 4147 10733
-924 1952 -2044 -13608 13655 -5292
-2224 -6300 -3652 -677 6182 -1073
2736 2616 -2860 3836 -2240 -3922
9828 5152 -9976 -13555 -4158 4741
16628 32767 22000 6391 810 4611
29680 15724 7464 14357 -2904 -7939
16444 32767 4544 32767 -16467 -5758
15840 1340 -32768 7324 13653 -6964
2196 -1400 144 -32768 5714 771
6388 3168 -11276 -3913 5280 -4427
496 2624 -4020 5165 3366 -1590
3304 15084 -11676 -10165 -9358 -3413
31100 14940 -1324 32767 -28323 -16632
17292 31280 -5304 -11807 5232 10914
26536 18716 6200 -5310 9972 9656
-4740 9536 2128 -6145 13292 6076
-228 -13840 -5816 -1768 10973 4042
-892 5528 -6044 7870 737 -235
3916 1060 -5000 -4410 -7070 822
19548 32767 9808 -17358 -9895 9837
32767 21344 4900 18812 -8546 -8362
12460 31960 6512 21866 -13259 -5694
7572 11272 -1488 -32768 8771 -11369
5616 8024 3208 -25514 -230 -321
4640 352 -8520 5506 -1395 2321
1352 3660 -2248 5357 6075 -1395
7632 24452 -11436 -19399 -20455 1985
32767 27104 -4176 32767 -14242 -4968
15216 32288 -4976 -6271 3250 10642
20792 14672 4392 -17921 13361 11440
2864 524 -2032 -10105 22754 1930
-3720 1432 -5576 2330 6970 3385
1088 884 -6300 4418 1075 -4850
11828 3416 -6536 -11299 -9070 7436
10128 32767 32767 12071 1201 9143
29748 15600 8456 32767 -9344 -11429
14536 32767 7692 21977 -12706 -7163
10284 12072 -4124 -32768 8176 -7952
3092 -4448 1020 -31267 5875 5199
5780 384 -9496 1819 2923 1648
-1220 6040 -3272 -4464 4346 -6151
11760 15316 -13824 -12156 -20485 1146
24952 32767 -6216 32767 -32768 -9164
22980 32767 -1448 -3494 9034 9394
22128 18828 2144 2608 9603 12741
-2380 10888 972 -23465 12533 3709
-3064 -10156 -6204 -2265 6511 -1647
2888 3340 -3352 5908 1486 -3817
5312 2244 -3600 -9682 962 2011
32767 27520 -7824 16001 -17443 19500
27488 18452 840 16858 -3418 -16098
16844 31012 5892 21093 -15301 -5428
10032 13744 -108 -28938 7073 -12891
3004 -784 1956 -32768 5345 1395
2492 2224 -12928 -2802 7560 409
2356 1684 -2912 -10199 2856 -171
6876 18624 -10544 25 -19813 1024
32767 23480 -3748 32767 -29432 -18398
25288 29032 172 -15991 4434 11043
16428 14012 1752 -3267 3434 10284
2356 -3280 -8488 11351 25053 -11446
-2880 852 -2616 -4447 3600 -5413
2160 92 -1152 1098 3782 -9010
3712 -440 -3984 -9674 -703 -3863
26860 24700 -1728 32767 -19042 32767
32767 29732 -14924 1478 21862 -11366
21340 16976 2472 32767 -779 -6407
6216 15232 4676 -23451 19728 -12521
8100 8936 1828 -15526 19128 256
6064 -4548 -8440 -14221 6875 4436
1364 3324 -2928 17138 9162 1043
28704 32767 -15744 -32768 -4133 1167
32767 32767 9424 32767 6073 2342
24660 14360 -12480 17053 17101 9792
18872 15444 -684 -1056 17351 6965
3060 -432 -5624 -30828 21060 7591
-6676 -12844 -13336 -18421 24511 5471
2272 1848 -2548 30031 3460 -4048
544 3492 -164 16245 9135 3976
18848 28936 -7784 32767 -11944 20845
25724 20872 -464 -14579 21625 -6301
16984 18596 3180 32767 -12132 -7215
12296 14536 -32768 4949 10826 -10804
5428 -1920 -1084 -27141 13806 5668
-588 2184 -6096 -102 12192 4184
-224 1520 -5148 10192 7918 2589
1340 5800 -4904 -16054 11858 2199
21868 16536 -13360 30861 1695 -9711
22704 32767 15892 -24921 -4274 12142
28488 19300 10804 12006 448 14690
2708 8420 -1044 -30832 18714 10164
-3468 -3976 -3468 9757 7862 -255
220 532 -8004 89 4808 -904
3028 1604 672 4143 3596 1354
24812 17284 -17620 -6989 -5674 3701
7872 31628 -6416 -14122 18132 10388
28928 27628 1216 30649 -12221 -6735
12596 32767 2532 11235 -7844 -7613
-5036 3620 -18980 5211 4093 -5753
-2860 -3776 -2388 -9773 7527 3777
4916 868 -5440 -8707 461 2748
-2456 6080 -3996 -25688 11464 -8249
10292 20776 -13052 -7649 -26975 -908
27456 32767 16 32767 -32768 3681
21824 23812 -468 -1735 5555 14427
18296 12752 2844 -7378 7140 15450
-5492 -2324 7248 -8373 8568 -3177
-436 -2600 -9432 -5763 4524 -2593
4968 4520 -2288 3093 252 -4308
3768 2372 -2532 -11053 4274 5283
7624 32767 30204 -7568 -5095 12373
32260 8736 6296 32767 -17163 -15162
15420 31112 10144 16242 -12135 -7787
12828 12320 1528 -17306 3818 -12791
2376 -4604 -1556 -32768 5728 4560
6164 3216 -12424 3142 4361 -4596
-936 4176 -2312 6328 2185 -2833
14544 30180 -12664 -21936 -21668 3122
28928 31608 -3728 32767 -12867 -3378
16952 32767 -2052 3662 -321 10445
20476 20400 6076 -4402 10204 12266
-4636 -15244 -26904 6331 24854 4319
772 -1088 -6248 -3474 10350 1705
276 1692 -3680 9162 1643 -4683
7524 5316 -4148 -2475 -4968 4739
9296 32767 24528 -4258 1607 12286
31300 15888 48 32767 -14663 -11385
16900 32767 8956 25247 -9674 -6861
10376 9868 -3568 -32768 7989 -8569
1448 -1136 -324 -31545 9990 6160
3924 1992 -10344 -5310 633 -677
-2988 5272 -2696 274 4616 -4452
6560 14900 -11744 -4895 -13712 -9977
23556 16612 -2732 32767 -21994 -11697
24260 32767 -4164 1524 -2642 12278
24820 18196 3740 -4298 5456 14370
-3748 -440 12316 4154 10543 6183
-3328 -3400 -7632 -22471 7231 -3120
2000 1880 -7212 6805 1371 -3872
6700 4092 -3500 1463 -3779 4484
14460 32767 28224 -23188 -5547 3129
29720 15092 4724 32461 -10933 -9449
18832 32767 11188 773 -6936 -9050
10288 9864 12604 -32768 2333 -7066
3852 -5612 -10048 -14707 6131 -3105
1864 3012 -2656 9333 -887 2102
2048 3444 -3660 6932 1618 -370
1412 31184 -7764 -9953 -24185 6674
32767 32767 -10904 32767 -9911 6273
16344 21764 -2408 1189 3770 10920
13460 14864 6152 -22788 14142 9149
4160 6600 2688 -28085 12796 2052
-2908 -13836 -12972 1641 10668 -6226
5104 4148 -932 10289 5290 -4497
436 2772 -2364 1130 -6717 3681
6836 32767 32316 29239 -10192 13856
26280 13088 11108 9828 1174 -10431
21992 32767 9884 32767 -20472 -4504
10968 14328 -1048 -22797 7742 -14011
9240 1304 3284 -32768 7231 4651
-1596 532 -10212 -4507 -3374 -3224
4300 3560 -2928 6421 209 533
4780 -532 -4628 -9307 6479 -1739
12004 30880 -13052 -20549 -32768 12945
27164 32767 17880 30288 -5007 14659
20264 18168 836 16144 -5710 11655
15360 14104 4472 -9966 9004 12838
-1348 3436 -2932 -15935 23009 -248
-1972 600 -6336 5136 2668 -2295
3372 -1580 -2524 13000 2794 -6236
5620 2820 -6108 -6100 -3562 2885
13560 16664 11836 32767 -20856 8806
27612 18068 2072 3216 -771 -11549
17508 32692 5820 32767 -19281 -9750
10312 14284 2316 -32768 5267 -11480
4012 3204 1896 -32768 5817 4084
256 -896 -10252 -10275 -1314 3644
3252 1732 -2112 6020 -749 -1886
1584 2432 -3116 -3254 5402 -1406
25696 21808 -8840 -18050 -4862 -5617
23484 30368 22844 -16705 -2498 11393
23444 21940 5520 25606 -8940 8202
6544 12968 -1872 -31203 14233 8778
-36 -1432 -3740 -18613 12082 -3761
-1064 -5416 -6468 5078 4392 -5851
712 4184 -260 11535 3057 -5379
32767 13528 -23108 -15728 -4219 2677
11444 20708 -7540 -28092 13557 -1755
22580 16724 4152 32767 -17858 -5955
15344 28116 11348 -18306 4785 -10737
1716 -9136 13508 -12569 5570 -10495
1616 -3960 -4240 -27542 6545 5200
-1464 1512 -4804 10096 3535 -5457
1944 3144 -2736 -7557 3979 -2760
32767 21020 -21332 -168 -9126 -10542
32767 32767 9132 32767 5482 4250
21872 11644 -9000 -2696 156 8203
28044 21948 4508 -3006 11730 6316
4760 2132 -360 -8236 14115 2452
-2712 1420 -5520 -5319 11709 -3383
824 -1616 -4984 12385 6034 -4368
2108 -892 -2548 43 4338 -1828
32767 24164 -24752 -12881 1158 11130
22896 32767 12576 23689 15853 -3158
24032 19180 -5336 15703 9669 -739
27604 32767 13724 22735 3867 -7003
-26224 1284 -32768 -18038 -4483 -7542
-836 -2640 -5064 -2361 16307 10006
3284 152 -5580 13445 7915 2212
3300 1264 -732 10777 10780 5897
26276 -1944 9336 6950 11449 -6638
24376 24540 3836 32767 -11866 7456
28204 23284 5596 -6332 14237 10768
6836 3952 -2684 -23999 20464 14711
-2240 -12288 -6068 2526 11677 7843
436 -776 -4560 10430 2776 6934
1764 -976 -2528 5100 8192 1083
32628 19832 -15056 1012 1660 12949
19352 32767 -11212 -25380 15693 -709
20600 23364 4600 32767 -22800 -8686
14036 23676 5204 -10131 2012 -8889
5384 -20952 13704 -12694 7426 -7187
524 -4124 -3176 -19299 10730 11039
3696 -832 -6272 2236 -1033 5777
1584 4800 -3980 -5015 11834 -2952
12768 20740 -10956 -21836 -4573 907
24196 32767 15104 32767 -11654 14005
22536 22452 1288 5779 -5260 9183
15476 13504 832 -15459 10027 15721
-2888 -3196 -1492 -8009 10827 4692
-1172 -728 -7840 -5054 5399 -4159
4132 -1148 -2660 6258 141 -6961
10300 7452 -7720 -8526 -1456 1991
14988 32767 18540 13204 -1331 4150
25340 19840 4752 32767 -17252 -11298
10344 27740 5452 13678 -9331 -7175
5136 -84 -32768 -10568 6693 -5702
3092 -2676 -1128 -31261 3909 1074
7440 -164 -7624 -464 2844 9976
816 1472 -2232 11225 8282 -280
17224 32767 -8980 -26972 -7184 -4582
32516 32767 -2904 22389 14810 17094
22048 32767 7344 22240 -4709 8667
17184 14440 1728 -24848 17009 12822
-4296 2832 -8988 -20907 17509 -1189
-3100 -440 -5380 2796 3164 1764
4404 3856 -1808 8757 -1248 -1178
10524 9736 -3996 -5200 -4347 4339
2652 32767 32767 -18271 -6683 6338
25624 7224 3820 32767 -21470 -11862
17020 32767 11488 10369 -15715 -9525
11248 11468 -1600 -32768 6168 -11897
2704 -4532 -1428 -27566 4820 5651
3708 -1068 -6420 278 -2657 -386
420 5500 -1736 -4929 1772 -1631
18608 19292 -11264 -12658 5562 -7324
32767 5200 6072 32767 -27132 -23058
18928 32024 -836 -27600 7814 13497
24220 14096 6996 1439 3565 11026
-1552 7484 -2236 -19139 18173 3062
-920 -5180 -4512 -3862 5401 791
-624 -328 -6564 2578 2281 -4554
18980 7416 -10108 -378 -6938 3863
8868 30768 13156 607 621 7058
24160 24908 8300 32767 -17134 -10347
11748 32380 9436 -6924 -6612 -8035
13384 14216 -3436 -32768 5060 -6702
4636 -4564 -6124 -32768 928 4375
2876 1348 -6548 9228 6815 -1408
-2580 4452 -4596 1802 5268 -2399
15948 22788 -11128 -13470 1326 -7388
32767 32767 1620 32767 -24316 17111
22056 28636 5068 -1258 -1323 11246
13716 11620 -356 -10354 14050 8874
-3236 2380 -232 -24353 8964 4243
-3496 -5356 -9564 -3711 7566 -5432
6124 2576 -2700 5964 2344 -1115
25904 20168 -17272 -14935 -7644 8629
13356 27476 2472 -7997 -2397 1068
28636 32767 6072 27904 -13334 -8632
9368 26760 300 -21372 2593 -15312
14840 1772 5292 -23808 1170 -4985
1832 -4104 -7948 -27491 7361 10807
3760 -2908 -3140 8111 -1314 921
-1164 4332 -4300 9122 8064 -3339
25580 24316 -5416 -25666 -11165 -3364
18076 32767 22276 7023 -12876 10094
25692 23504 6428 12977 2283 9443
8776 2300 -4948 -18691 18835 10750
-1224 3352 -1424 -10665 10062 -3745
-2472 -7508 -5692 8904 -435 -2781
5536 676 -120 5637 -2296 -1560
32767 18560 -14816 -7865 -12056 22888
28380 18652 -13932 -4720 7868 -2941
26268 32767 8420 32767 -21405 -5966
9392 18856 2480 -24108 8476 -12245
7044 5044 4228 -32768 5738 3279
-1032 -2020 -7300 -14367 8987 4624
828 2000 -3220 -736 1801 1832
8220 19352 -9016 16718 -4381 -14045
28612 -7008 5312 32767 -3172 -3133
19208 28236 4608 4330 -5245 11618
24316 19660 7916 -5334 10027 11526
-3620 7524 -1124 -27019 20484 -927
-3856 -364 -6924 8389 -191 -850
940 3996 -7176 2598 5518 -3990
10104 -1956 -2908 -14267 -4017 4314
776 32767 32767 -23238 333 12019
32767 7156 6800 30964 -19325 -9499
19764 32767 9440 16146 -11234 -5646
13128 12868 2776 -30246 5833 -9749
7324 7332 8224 -25882 10267 6703
1664 -2128 -5424 -3504 1199 3682
-652 3456 -3100 277 6651 -1030
13568 30076 -13400 -4378 -19440 392
32767 32767 -7196 32767 -6541 6051
21840 29100 -192 2470 -2946 7302
18092 11364 1184 -20679 17077 11639
-4808 6496 272 -28599 9595 5352
-3252 -1468 -4204 -8736 14076 -5808
1744 196 -4312 17765 -750 -7306
13072 6232 -8064 -3789 -2945 2153
10396 32767 32767 -2633 -199 1040
27348 21560 3348 26055 -12212 -9989
16444 32767 9036 17346 -10710 -6991
9208 -3680 -32768 3030 15650 -3836
1816 -2048 1032 -30539 6682 5164
5812 1332 -7444 -8389 -2860 1744
1088 4160 -2920 -8131 9272 -724
17720 14572 -11028 -9152 1479 -10652
18548 32767 -1456 32767 -18247 8617
29600 32767 1848 904 7155 9965
13452 14976 2780 -19562 12949 16653
-5692 -4632 7076 -2235 9405 1088
1536 392 -8404 -11889 3981 2995
600 -24 -3600 12125 405 -5070
7460 5184 -4980 -2692 -3005 1151
13640 32224 8744 -938 -4307 12574
24424 11328 6048 15667 -9056 -9717
20348 32767 13320 29245 -16542 -5574
9188 11444 -2584 -32768 6854 -9361
4536 -2240 -480 -32768 5103 3038
2624 -2332 -9084 -1146 61 7047
-2844 6972 588 1603 454 -1904
9144 31012 -8516 -2099 -6829 -3475
29988 17936 -2008 32767 -11113 -6964
18340 28544 1968 17928 -10993 10148
24936 15884 6256 -4650 12690 11134
-5516 10420 -3948 -1314 27868 -2671
2416 -1332 -5692 -7155 8341 -1359
2112 -328 -8648 7257 -3081 -7757
6196 4328 -6336 -1401 -8685 4752
17712 25604 4416 2297 -7050 7663
21748 17228 7228 18582 -3589 -6667
17248 32767 7496 22358 -14413 -6288
5684 9400 -14240 -8296 4395 -12385
6780 -2352 -1500 -32768 -1668 1435
920 992 -10128 -9265 7013 9586
1368 2888 -3484 6265 3748 -2459
14064 28624 -7100 9302 -3763 -6340
28856 11560 -3136 32767 -23181 -22465
26916 32767 5680 -18938 2565 10825
18968 19764 8972 2812 6287 11666
-772 2300 -2816 -18368 16882 3462
-3284 2600 -3256 4571 7699 -302
288 1232 -4480 7997 -569 -7932
5964 4120 -5680 -10146 -335 1742
19416 13580 2044 29135 -4523 8598
29156 17828 4404 16489 -2529 -9399
20840 32767 8420 28736 -13223 -6239
6036 15372 4300 -29200 5351 -15407
9600 -8940 -5360 -30826 10579 -375
1660 -2904 -12420 -20942 -329 6935
-1756 -332 -3776 11981 4682 -2839
5644 14196 -4996 12210 7933 -5196
32767 -5520 8200 32767 -32768 -23046
20068 32767 9392 -19347 5675 10748
21480 17832 6844 9150 1378 9864
5860 4852 -3876 -5561 19822 7921
-1768 -912 -3828 4164 9160 -1915
1108 1400 -6680 8459 -1439 -5174
7996 5568 -5188 -12106 4806 5121
7556 26348 13660 4085 -4238 7644
28844 16352 4900 29991 -16576 -8816
18044 32767 7952 17336 -15953 -7853
8772 12024 -124 -32768 2764 -10786
6752 3368 3096 -31749 -577 3989
1772 -2612 -7592 -2434 3267 5720
-1148 2468 -3824 11530 3756 -4145
13160 16904 -8336 -2921 5882 -9866
32767 -9804 11768 32767 -18449 -23733
19288 32767 11932 -11930 -6483 7613
28312 21592 11956 8589 324 13470
104 8300 -1084 -18210 16329 8458
-3248 -7396 192 -15261 5344 3216
-916 -5712 -7444 -1304 -1116 -4450
6424 4140 652 6320 -1430 -869
20476 18724 2224 5371 -9911 9276
25880 17988 -2060 8195 -4472 -6910
22532 32767 7552 32767 -19891 -6009
9324 16960 3612 -22684 3953 -12910
12424 11900 6992 -31348 6427 -500
1584 -3720 -8036 -20997 1961 7108
3700 1288 -4452 7363 -2847 -822
3868 10628 -5380 6254 4557 -4467
30532 14740 -9560 -8300 5661 -9987
15136 32767 12204 1857 -10405 9820
29916 21584 9124 19346 -6087 11487
9180 12220 876 -29906 20036 11245
-7944 8448 -6824 5102 18136 -377
-1648 -1840 -10520 3151 -475 -2352
6548 4016 1556 6810 -4866 -3694
27796 25280 -15744 -18128 -5779 4613
13048 25464 -7628 -1979 2658 943
24972 32767 9660 32767 -18204 -494
7120 23960 5440 -12466 -2312 -13473
7120 -12832 11880 554 -5256 -10372
3768 -5932 -9072 -19874 5026 8370
1824 884 -2844 10925 671 -145
1268 536 -2504 3718 5940 -3106
2000 32767 -7340 -32768 -32768 18990
32767 32767 13684 32767 15707 12773
21412 15464 -1980 7114 -3637 12553
13484 14372 6196 -10284 14632 9031
-7580 -4064 -2092 8940 8567 -5547
-2528 -356 -9000 -342 -959 -8146
8240 -1912 -1804 5117 -3868 -6794
17692 12048 -12124 -13969 -3113 7793
22560 32767 15008 21867 3790 -910
26036 22032 1512 435 -6998 -6633
7952 30592 6824 -2249 205 -8904
3008 -124 -5012 -31099 5657 -4314
3204 -4900 -5404 -15570 6539 9249
3072 -104 -3284 7065 -618 2888
4700 -108 -3776 7561 4889 -2189
29276 29852 -12152 -31102 -18716 2945
18364 32767 7864 30236 1198 14818
23232 23660 3392 14949 -6164 10438
12736 10616 2708 -17572 13407 13240
-4588 -12 -2332 9196 20195 -3848
-1924 3196 -12320 2616 6980 -3419
5888 3972 3164 19447 -1312 -4426
15000 9384 -12548 -12594 3020 1183
7536 32767 6516 -12975 7066 649
28388 12264 632 32767 -19806 -11716
15964 32767 8632 1256 -5153 -8486
9656 4644 -1104 -29170 6245 -11099
5384 -5736 -3896 -32768 512 7540
2692 140 -7720 5225 3741 952
208 2632 -3308 10763 3779 -4879
21476 32767 -11624 -15699 -27187 2832
32767 32767 -6220 32767 2324 202
12236 27036 -3412 -5607 2225 10951
16580 15600 9312 -6473 8365 10599
2796 -6432 -8228 447 32767 2474
-1884 3376 -1444 -754 4408 4327
1432 -548 -5192 21104 -3623 -5826
7568 6416 -7236 -2804 -6873 4835
10376 32767 32767 -12100 -4660 2759
30128 17692 -168 22079 -15140 -7100
17696 32767 11212 11390 -16867 -5612
10396 13712 -28648 -19660 2057 -9011
888 -4412 -2016 -29478 6452 4441
6472 2172 -8744 -10146 -2371 -2428
460 3820 -2456 -902 1880 -2765
14068 25124 -10672 -7751 -6175 -6308
30400 22996 -3064 32767 -12098 -8046
23188 32700 -2236 14578 -7267 10389
25884 19088 6456 656 7723 10522
1424 4832 -1584 -18115 11485 8208
-7172 -4096 -5408 0 18090 -1390
292 -1220 -5220 13594 -8869 -2909
6648 2028 -5152 2754 -4022 -1047
12940 27644 20636 -3514 -6675 9984
28656 20172 -5284 5923 -9221 -3339
20240 32767 7900 25926 -19782 274
8788 15128 1528 -29025 4447 -13069
10076 -8844 9524 -20958 2563 291
1956 -2808 -10032 -14477 1464 7186
628 1744 -2796 11662 1002 -3429
4312 11664 -4840 2493 5131 -9763
32767 13120 -6824 8255 7112 -6487
18036 32767 13336 1912 -11959 9209
28512 20060 7768 7682 -646 11882
7060 10908 -320 -20167 15701 10987
-320 700 -5296 -20111 18015 272
-2068 2244 -11960 1058 1339 1983
4556 3364 444 21120 -697 -2834
32767 14388 -17996 -6637 -2523 977
9916 32080 -9668 -9551 1193 4057
21548 21644 120 32767 -23240 -10550
14708 30880 7636 -13098 -2463 -8216
-784 -7328 9164 -15299 9563 -10873
2648 -4548 -3168 -27177 3649 5938
2408 1880 -6020 2270 -7 2412
-812 6952 -3180 -11993 4714 -7005
18532 24180 -15524 -927 -16494 -3161
29024 32767 -1708 32767 -15259 11911
25512 32767 4952 11352 -1605 12232
15740 15732 3132 -6303 10131 14997
4016 -1096 -716 -27489 16615 3460
-6980 -3792 -15536 -4639 8911 674
7120 2996 -2784 19400 560 -5564
1468 1660 1800 9391 -2414 4153
32767 23404 -2228 -16814 8429 6646
23604 1344 11212 17545 -3910 -6529
18652 32767 12240 32767 -22499 -9051
14212 21564 -680 -8531 -1215 -13323
6820 -1320 6812 -21435 7617 -812
300 -32 -8140 -7464 2288 4640
-432 2692 -3852 4912 1336 -904
6508 2928 -4368 -16565 11155 -7745
21964 15568 -14876 -22988 -5972 -3814
17556 32767 15788 21722 -22273 11340
26612 24464 7112 16864 -2376 14176
8584 10356 296 -19756 15540 10098
-7884 -2896 -8108 -27079 23641 193
-1472 2076 -9032 13441 521 -1979
1800 -752 1592 11596 906 -6970
31220 19432 -22192 -12231 -6336 8401
616 31132 -4540 -9877 -4789 5762
27408 25964 3916 32767 -22566 -9348
14160 29844 4068 -6672 -4108 -9752
1860 6560 -32768 -32768 15222 -1756
-952 -4964 -588 -24234 5446 8381
5600 -1060 -7048 4219 -1562 1128
-2492 2392 -2856 -3695 2452 -4443
10292 27984 -9768 -12707 -11829 -6717
32767 492 9932 32767 -26908 -19766
27184 32767 -3184 -20324 1021 12220
21536 18244 8108 4061 5963 12141
-1720 -3192 -9416 -28784 19827 5959
-3372 -4628 -5872 -20437 7320 1395
2752 -4048 -2116 16982 1334 -9011
3164 1252 -3052 -3897 416 -1913
32767 14464 -19452 5706 -20884 7750
21020 15420 -17292 -16783 30954 4387
27240 32767 5792 32767 -19052 -7270
8564 18672 -756 -37 12579 -15132
5380 -3992 6568 -26177 8306 -4429
2776 -296 -11024 -20860 10294 4946
1752 1364 -4724 4176 3236 1874
6108 1648 -5608 18365 11263 -4783
32767 -11516 19008 32767 4705 -10533
26128 32767 -3736 -31288 16117 11880
26228 25456 7952 -15 14062 9511
9888 8756 -436 -9484 21801 8390
4400 -444 -8940 -11560 28972 1746
-5592 2672 -5416 18374 2898 4178
2764 1960 -240 21102 8690 -4147
32767 16544 -21556 -20140 -6656 6640
18260 28300 -7584 -20604 9230 -2038
18780 21656 -1600 32767 -19790 -330
18812 24436 8296 -6522 7798 -12958
11596 17100 -19768 -6441 14566 -9537
6096 -3372 -4880 -29708 5245 10604
2124 1840 -6596 4866 16501 4095
568 1144 -3736 2956 6142 2799
10536 14100 -8432 7665 674 -302
32767 -6624 16020 32767 -9841 -22411
32767 32767 16836 13380 -17907 8016
28528 21032 9048 446 5622 14420
4892 11868 3724 -16242 25980 7042
-3648 -12380 -2148 -9508 10482 6081
3472 -768 -4620 2108 521 979
3232 1248 -6040 266 6573 2862
16672 19076 4124 21853 1664 8977
28688 23560 620 -13747 -7744 -3577
21344 32767 12540 32767 -20620 -6189
15752 12200 -3568 -21272 -2611 -10682
6644 -1924 -6644 -32768 408 5591
2344 -564 -6972 -16423 8388 13429
1120 1148 -3268 8993 344 -350
2284 6260 -5204 16308 9448 -6430
20796 14428 -2812 -22650 4991 -5546
19500 32767 17196 32767 -15883 7806
30196 18456 6280 13121 -1924 11688
10664 12416 1236 -10021 14759 6825
-6484 2896 -388 -23417 10678 2169
-1356 -3512 -9784 6321 6815 -6820
2056 2376 -996 4540 1090 -4136
11752 8352 -6896 -9371 -269 5913
8564 32767 32767 -13285 4775 5376
31588 8908 936 32767 -15564 -12450
13924 32767 12956 7420 -13437 -9684
13232 9704 2180 -26245 -676 -11587
5732 -2740 -2880 -32768 -1762 7162
3016 -480 -8392 -2202 4411 3439
-1856 1428 -5372 5296 3366 -4901
19432 23508 -10392 -14999 11378 -168
32108 16828 -6888 32767 -22814 -9403
23956 32767 7432 -13784 2662 9886
21444 15640 6780 -3115 11662 13205
-6020 2252 -1368 -12974 16284 4862
1932 -10252 -2020 -16850 7697 1498
1296 1692 -5632 7980 -51 -4269
3268 6088 -2984 2559 784 1979
12336 23384 7292 20291 2709 4465
27788 18620 1156 20022 -12158 -11351
21040 32767 12328 25734 -15930 -2988
-764 6084 12100 2426 -246 -14272
19892 -188 4040 -32768 -1866 -3026
1764 5044 -11900 -7009 14350 5762
424 3720 -4856 5695 234 -4664
12072 23616 -8436 14629 -8432 -3328
30500 12148 -1400 32767 -12891 -9890
20540 28908 3264 2696 -2309 13762
21484 18668 6276 3732 7912 12752
-3684 1808 -3100 -22360 18743 5802
-4004 -8548 -7632 -6522 9934 2147
2608 2704 -4972 1395 1781 -5338
1084 3980 -964 -955 -3207 1773
31920 22760 -11452 25328 1703 8795
19824 13000 9364 24955 -9117 -11273
17520 31604 8220 32767 -16415 -7842
12192 11668 1732 -28029 -48 -13287
8088 -5568 124 -28009 8088 8074
6756 2924 -8764 -2229 1895 4161
460 3156 -4448 -424 1297 -4442
12712 23748 -8664 -19682 9928 -6912
31636 412 8420 32767 -22934 -16662
23384 28480 6340 -10635 326 15001
16876 22908 10228 -8173 10135 10884
-2612 -5252 -3500 -11558 10102 5118
2456 -1584 -2712 3167 -1378 8050
388 -1636 -5752 -8159 9309 -2452
1800 4364 -3948 2775 3229 1991
7572 32767 32767 11936 2807 2811
29216 6176 92 25849 -19536 -14297
19724 32767 14080 17394 -20685 -8707
2868 10380 -12872 -8877 -3547 -14129
4452 -3816 -7708 -32341 897 5745
4648 1792 -9068 435 6547 43
1188 3672 -4112 -2978 9044 -3568
16232 28092 -11536 -6500 -8183 -224
32767 15572 -2552 32767 -16730 -6805
26024 29216 2920 -765 -4544 12137
20980 15676 3964 1236 10961 13379
-1268 3552 -540 -26012 19171 9377
-3432 2628 -5728 -7467 7526 2353
820 3568 -6964 18899 1904 -9495
9456 7868 -7284 -9690 2722 2988
11404 32767 16912 -637 -367 4390
27800 10184 836 28670 -18108 -12332
20656 32767 12676 7796 -10576 -7033
10724 8740 -1168 -32768 568 -10637
6072 -4324 -5220 -32768 1864 9735
3152 -208 -6212 5901 1677 2891
-1260 2544 -4788 10606 870 -2610
9876 19780 -5840 -5529 13342 -8154
32767 3676 6248 32767 -17441 -24063
27480 31760 14976 -7713 -8849 10276
29484 20772 11048 14137 1200 11724
3040 12336 -3820 -4344 23972 -704
-2372 -1100 -1620 -9390 8305 -3771
-2240 -9360 -7244 170 -560 2147
4436 1260 -4052 1053 -97 -3157
32767 23116 -26348 -10952 -15353 18893
14836 25852 -14028 -6451 6736 -2053
26740 29576 3348 32767 -19752 -6138
11912 24924 5524 -18970 5531 -8422
8328 5576 -1380 -32768 5350 -7134
5320 -2728 -11880 -32768 7157 12761
316 -6412 -3452 6652 1753 369
2456 1960 -5676 6176 4479 -210
18756 27432 -9920 -9323 -30215 2543
29452 32767 8900 32767 -81 13998
23420 20944 -692 -8462 -2145 11675
15132 13836 2896 -3126 7466 11353
-6912 4700 -3712 -23333 9750 -1708
-3960 1204 -8232 -4887 4585 -2835
3492 1768 -1532 189 -541 -5164
2164 1052 -3584 -9269 2688 2201
31896 20936 19420 27029 -15007 6631
32424 19376 948 13721 -5043 -10918
27144 27548 9580 32767 -16312 -7905
9572 11868 1516 -19882 6336 -11673
7512 -2604 3328 -32768 10240 4646
268 -1128 -6764 -13793 8084 7638
2284 316 -4136 1419 -345 1022
684 5908 -4752 1686 8556 -530
32767 31516 -4632 -32768 -496 8403
16556 32767 7196 5827 687 9719
16912 18428 -1400 3094 -3974 3691
16404 9992 1972 -6007 5849 6614
4436 7156 2640 -7801 8492 5473
-3672 4916 -2364 2681 10897 -4188
4324 3744 -1528 -1303 769 -8217
5484 3248 96 -13222 -6544 -2356
32516 24360 -11912 -2616 -22297 31077
25468 21480 652 -20501 9337 -9153
16532 12476 -5128 -16877 8606 1022
12628 9584 -28 32767 -19506 -11386
9692 11224 1764 -19374 6613 -1329
6896 4052 -2788 10593 -381 -3441
10864 12284 2068 3319 186 194
11984 11688 580 -1342 3613 1798
10532 13228 1020 3141 1203 2691
11684 12004 -332 -598 1229 2050
10880 13056 -1084 3787 376 1235
10940 12824 488 1482 580 325
12480 11888 632 398 2514 1137
11316 11124 8 2424 1688 819
11528 12388 760 1868 781 1152
12076 11624 356 248 1085 874
11744 11404 1240 2095 797 1003
11784 11736 1252 866 1273 1097
11648 11280 1088 1832 972 931
11792 11752 1116 1292 1260 876
11568 11840 1684 913 1561 821
11408 11456 968 409 995 599
12128 11628 1576 1688 677 712
11864 11212 1064 -183 1612 614
11496 11544 1420 1562 666 516
11296 11820 1588 -843 830 646
12000 11452 1196 1358 467 581
12188 11344 1384 1102 1033 712
11984 11112 1360 1095 1275 809
12024 11012 1228 1216 1560 995
