-14740 -4644 -836 292 200 -27
-14664 -4628 -708 187 123 -38
-14788 -4544 -524 196 191 3
-14836 -4788 -804 216 215 42
-14660 -4708 -744 265 192 6
-14660 -4644 -820 426 363 -51
-14816 -4588 -820 464 396 46
-14748 -4564 -1140 352 195 50
-14756 -4488 -924 329 109 -35
-14768 -4640 -904 252 -50 -23
-14744 -4692 -1100 239 -43 5
-14840 -4732 -936 367 -4 9
-14680 -4624 -972 395 -43 45
-14764 -4660 -1056 458 -14 38
-14816 -4632 -1064 425 -114 69
-14788 -4668 -964 449 -60 67
-14768 -4704 -780 403 -78 91
-14740 -4552 -952 370 -134 112
-14752 -4708 -892 438 -154 83
-14764 -4376 -804 386 -130 68
-14724 -4504 -896 366 -179 52
-14716 -4596 -892 391 -176 24
-14736 -4452 -868 345 -173 22
-14676 -4632 -872 395 -176 18
-14720 -4628 -828 413 -154 69
-14692 -4568 -696 406 -142 52
-14696 -4536 -652 419 -71 -63
-14904 -4764 -1200 450 -137 -65
-14880 -4556 -640 229 -411 79
-14760 -4316 -712 240 -236 22
-14600 -4444 -684 116 -309 -26
-14872 -4640 -1116 608 -309 -219
-14808 -4708 -688 302 -862 -11
-14912 -4732 -752 272 -1132 426
-14820 -5388 -444 226 -1224 1523
-15152 -6332 848 1606 448 3623
-18200 -6268 2320 4459 3293 9062
-32056 -15612 -3108 1802 4311 17511
-19460 -4628 -6104 6585 3246 20632
-7164 -11224 -1904 -8603 657 6521
-1404 -11420 1424 -1157 1734 -8211
-6256 -6768 1160 6004 679 -20739
-14948 -4800 -212 7640 -3564 -26627
-22320 1060 -84 3190 -6963 -22719
-22212 2488 -4916 -2554 -8183 -18148
-18064 3380 -2828 -2682 -3896 -9314
-15620 3088 -1172 2937 150 235
-15600 2724 -2424 8647 4935 7205
-10468 -1900 -1440 3433 4410 11057
-18372 8840 -5884 11410 8968 3915
-12644 -6612 1544 696 5470 4143
-13652 -5564 -1816 686 1634 2635
-14300 -5104 432 1225 1581 970
-13488 -5680 -260 -621 265 747
-14348 -6040 48 -91 1013 1107
-14308 -5124 -464 -403 1233 422
-14284 -6012 -964 539 1472 8
-14332 -6300 -500 584 1348 162
-14376 -5704 -1152 668 2006 260
-14924 -5756 -1360 -352 1296 812
-14332 -5472 -1284 443 1890 295
-14532 -5320 -1200 294 1392 317
-14440 -5272 -1784 -112 617 531
-14476 -4868 -1764 -634 3 317
-14348 -5432 -2048 -590 387 630
-14844 -5524 -1892 178 411 988
-14944 -5076 -1752 -127 141 1085
-14224 -5080 -2376 -1318 -373 1719
-14304 -5332 -2104 -682 138 1755
-15164 -5204 -1892 -1686 -153 2906
-14696 -4908 -1972 -1274 1006 2915
-14892 -4284 -2828 -1043 514 3521
-15576 -4024 -1192 -1716 -507 4826
-15292 -3688 -2868 -1720 -147 5163
-16324 -4188 -1692 -840 -66 5883
-18992 -4780 -3048 701 222 7444
-18656 -2316 48 -876 310 9115
-15868 800 -2016 -3030 -1471 7852
-11824 2184 -2204 -28 -1635 4421
-13164 -1396 -5164 3106 -60 3657
-14632 2360 -1896 -360 -1765 3013
-15672 2464 -524 1003 -1465 2536
-16368 1092 156 1034 -1174 3325
-16104 268 352 2181 77 4812
-18144 -172 -1924 4293 2204 7342
-19164 -464 -5696 3845 6493 10550
-17792 -556 -2592 3614 9808 11292
-11980 -7284 1556 -5174 2106 6632
-7720 -5392 1076 -3198 -1465 -3107
-9984 -6428 1600 -972 -4893 -12113
-14492 -5740 -184 3919 -5253 -20385
-18952 -5204 -1512 2384 -7528 -25033
-23220 -4900 -2580 -1885 -10158 -24303
-22892 -1560 -2184 -2245 -6941 -24243
-21244 -956 -140 -3140 -5221 -21297
-20028 3156 -944 -2792 -3725 -16954
-17044 4224 -484 1429 -1831 -10855
-15604 6824 -2784 4914 848 -2849
-14672 5516 -1000 10804 4736 4031
-15036 2684 -2472 14513 7725 9618
-10344 -32768 11088 4867 2969 12746
-13796 2432 7460 -1424 1849 7445
-13268 -3960 652 2313 4464 1116
-14200 -9004 2816 -3861 1145 2481
-13300 -6652 -656 1364 3198 3035
-14288 -5992 1208 429 2170 2381
-14588 -4920 -40 -398 2807 1476
-12724 -5524 12 1041 2255 1020
-15368 -7084 -1184 1533 1149 783
-14184 -6528 416 -174 650 313
-14244 -6356 -1264 453 732 -302
-14008 -9836 -4564 1653 2371 -1629
-13116 -8156 -4044 4893 4058 -395
-15280 -3480 2840 5513 4086 819
-15052 -4652 -1740 -1276 1588 1026
-14220 -7088 -2512 -1379 690 1177
-14424 -6452 -1512 -1592 647 1210
-14476 -6520 -2552 -1201 359 1126
-14636 -6380 -1740 -1384 280 1722
-14660 -5724 -2496 -1677 -239 2868
-15072 -5028 -2108 -776 627 3477
-15368 -5120 -1084 -388 914 4785
-14924 -4488 -2388 -2901 -247 5939
-14692 -4084 -3600 -1592 319 5997
-17436 -2272 -1968 -2479 -968 7345
-17012 -6920 2756 -937 -994 10995
-21300 -4868 -6404 3361 4927 11300
-14352 -644 1436 -5186 819 10644
-15656 3168 -1900 -2669 -1247 7094
-13772 4404 -3328 1842 -292 6910
-13916 2452 -3724 3777 -748 7663
-14036 3644 -4060 4156 -975 6630
-20120 1156 -5660 6019 3454 6393
-19864 880 -10352 -13915 5635 9709
-15760 -2048 -848 -15568 4772 6912
-8888 -1844 2340 -2090 7387 1314
-8088 -108 928 -996 4607 -6182
-9664 -2936 3548 -4936 -4767 -12302
-12744 -4504 2116 -564 -8044 -18945
-16688 -5520 400 3805 -7545 -24761
-22360 -4416 -1004 5093 -5779 -27499
-24420 -3740 -1964 -1170 -6207 -24913
-24320 180 -1768 -9181 -7018 -20750
-19612 -572 -584 -10292 -5278 -16189
-15256 1720 -1300 -6113 -1198 -8840
-13048 2476 -556 1275 2341 -4815
-12748 2688 -1164 5660 3479 -970
-13756 1876 -2152 6834 3671 2273
-15544 1340 -3084 3645 3972 7134
-19336 -32768 17228 -3988 -9533 27352
-13044 -9372 -5504 -3091 -5427 9121
-17492 -4668 10400 -1401 2927 8476
-12568 -8048 -2404 2794 2849 4239
-13080 -6164 -88 -1219 61 4935
-15064 -4792 172 -1022 1716 3537
-15052 -5536 -1768 86 1227 3514
-14316 -4892 340 591 3761 1748
-13880 -6264 -2576 1330 2131 1725
-14508 -4192 -1656 2081 1832 2009
-15124 -3720 -1300 387 974 516
-15256 -5672 -2344 398 1047 799
-14796 -4860 -1548 349 237 1257
-14416 -4728 -2368 325 255 1141
-14816 -4376 -1992 827 641 1385
-15268 -3860 -1996 295 271 1153
-14884 -4136 -1944 -667 -675 698
-14816 -4444 -2028 -367 -161 964
-15044 -5152 -2644 -64 166 3226
-15604 -3556 -1892 -288 -369 5430
-15388 -2600 -2284 -762 -1091 6332
-15936 -3348 -1256 -262 -2004 6701
-19448 -3676 -884 -1482 -2085 8179
-20124 -4032 -232 -1738 -2491 9186
-18952 2952 -3600 -104 258 10943
-14312 -3608 6828 -1753 -113 13919
-11276 -5300 -580 -804 406 7347
-12952 4620 -420 -5197 -2532 8155
-12296 8452 2292 -4688 -1857 4497
-17260 5392 -3564 544 -1656 3085
-20168 7820 -3100 1995 1178 6230
-17752 -824 -316 -2159 914 6364
-18844 1136 -3036 963 5766 6044
-16464 -3784 348 2268 6835 4971
-14032 -3680 1536 3977 3445 -725
-11560 -4876 2516 2934 -1653 -9028
-13524 -3324 376 3189 -4013 -15826
-15380 -2988 -372 6221 -3640 -22310
-18640 -2352 -776 8236 -4608 -25789
-22420 -2400 -3240 4249 -8336 -23940
-21292 -2384 -2220 -1027 -9671 -23180
-20996 372 -1928 -2414 -8291 -19809
-19836 1012 -1208 334 -5597 -17104
-17128 3664 -3436 -1212 -4643 -8287
-15676 4340 -2244 1313 1638 -1076
-14328 1592 -2052 7408 3756 6737
-13320 2636 -4888 8040 7062 10419
-32768 -32768 32767 8012 6722 -7937
-15784 3148 6124 -7564 8290 10237
-11340 -8280 2636 2146 10519 1864
-16208 -400 -1140 -3958 1661 5297
-13948 -3776 -724 1687 4433 2971
-14688 -4352 -260 -979 2372 3337
-15052 -6348 -2228 -123 3912 2347
-14636 -4196 -3808 993 3549 2675
-14876 -3568 -2124 2023 2220 2551
-15172 -3280 -2060 1740 1206 1670
-15224 -2932 -2364 1237 -53 221
-15140 -3708 -2076 1519 -746 -694
-14928 -4312 -2064 1316 -306 -1085
-15020 -3404 -1592 1543 58 -1843
-15044 -5096 -1792 308 -113 -2061
-14848 -4752 -1612 -503 -235 -1382
-14440 -5488 -2896 272 139 -788
-14732 -5216 -2112 -283 -32 71
-15108 -5592 -2296 -323 -165 562
-14720 -5360 -1456 -1041 -973 1520
-14756 -5728 -1236 -2678 -1145 2625
-14668 -3592 800 -2509 -1007 3121
-14880 -4828 -2680 -1533 500 3449
-15196 -4408 -2524 -504 87 3988
-15968 -3160 -1396 -921 -700 5074
-15708 -4576 -2792 -69 57 5253
-15888 -2884 -2284 462 -980 6523
-19624 -1928 264 910 -1834 7651
-15964 -1276 288 188 -1132 7214
-12848 -752 768 1199 -595 6554
-15536 124 -2204 615 351 7072
-15160 1360 -940 393 398 7286
-16704 1748 -2400 1823 1165 8506
-17992 2352 -3172 -370 2635 10364
-20392 1704 -4296 -2934 3847 11137
-16912 2428 -2396 -1536 5834 12657
-13724 4176 -4436 -11055 5441 7726
-7696 -6680 2108 -6761 -175 -2238
-8344 -6240 2200 -3428 -827 -9156
-9940 -4380 1156 527 -1480 -17207
-15208 -3816 -472 3307 -2739 -23838
-18032 -3684 -1372 2683 -5711 -24656
-19316 -3260 -1564 4575 -5090 -26008
-21720 -2288 -820 5288 -4417 -26677
-22204 2436 -1708 2638 -5902 -20012
-19404 3812 -2716 535 -4539 -14847
-16524 3676 -976 931 -1080 -7485
-15104 3660 -712 5607 3009 -1343
-15132 1220 -380 7734 5230 3828
-16200 504 -820 6016 6178 8175
-23624 -1688 23032 10827 434 3317
-20000 -4596 -1408 -3432 5134 4074
-13696 -9712 -5588 -1135 4515 5748
-12492 -6232 3984 -1224 2784 3901
-13908 -6516 -460 40 3887 3014
-13668 -7052 -932 1322 2935 2921
-14768 -5224 868 411 2944 2822
-14304 -6272 -1192 -577 2250 2210
-14572 -5848 -1440 -551 996 2105
-14460 -5588 -1604 286 1415 1553
-14584 -5052 -1708 629 1627 1235
-14684 -5016 -1428 -551 1063 900
-12324 -6156 -2192 904 3883 -1190
-14776 -5704 -2292 1552 2345 -191
-14756 -5156 -1892 1244 1560 1323
-14700 -4980 -2288 974 1172 1759
-14596 -4924 -2308 1216 992 1677
-14944 -4872 -2400 765 785 1657
-14904 -4460 -2420 -719 -279 2064
-14888 -5004 -2860 -899 -477 2536
-15232 -4360 -2204 1161 950 2564
-15512 -3844 -2552 191 173 3231
-15672 -3060 -2332 -1276 -655 4176
-15580 -3120 -2584 -1592 -818 5213
-15776 -2440 -2612 -1413 -586 5348
-16228 -1300 -1424 -1087 -766 5284
-18468 -4348 -1456 25 -2255 6294
-16608 -2132 4 1068 -1185 7282
-14980 -604 -3388 1713 -450 6832
-15640 28 -2384 -1245 -721 7555
-16976 -2240 172 878 1466 7851
-18480 904 -624 2439 2401 11052
-15812 2240 -972 2414 2636 11034
-13504 -4 624 -1055 -1092 7395
-11516 -580 -148 1699 -4047 3061
-11992 -936 -1140 8194 -4021 -2172
-12332 -1584 -3584 10576 -5798 -6876
-14028 -2848 -4904 8634 -7749 -10905
-15572 -2456 -4496 8796 -6832 -13714
-18588 -3884 -5384 13255 -3938 -16060
-19320 -3452 -7432 16521 -1852 -17288
-19136 -3692 -8376 9985 -2977 -16430
-17240 -1580 -4444 2786 -3523 -15677
-15884 -2272 -1060 3930 -2944 -15610
-15832 -2552 -1460 5609 -1899 -15555
-16772 -1316 -1952 6927 -1019 -14053
-16744 -532 -1600 7037 1454 -10440
-14968 -88 -768 9899 4694 -5080
-13456 -1084 180 11847 6925 -1574
-13964 236 -532 13380 8563 138
-10176 -30304 7024 8710 1137 5076
-24608 7092 -9368 -2344 5453 6080
-10732 -7496 -336 2933 8332 997
-14400 -4236 -2496 -3271 397 3147
-13656 -5876 3156 263 3570 65
-14008 -6588 -760 -88 2568 629
-14364 -5880 1276 1122 3212 423
-13852 -6632 -412 -962 2813 1278
-14312 -5524 -1080 -1124 2050 1195
-13996 -6408 -976 528 2150 1173
-15144 -4696 520 239 2091 1217
-14104 -5848 -1864 91 1857 620
-14420 -6344 -1404 609 1194 718
-14468 -5780 -1592 58 1047 1138
-14424 -5452 -1612 8 962 1335
-14436 -5252 -1152 -1515 621 1516
-14696 -5172 -1604 -988 791 1315
-14276 -5704 -1936 -215 804 1511
-14544 -5160 -2044 254 940 1857
-15244 -4968 -2196 -650 925 2343
-15060 -4524 -2028 -1411 546 2881
-15556 -4228 -2068 -1514 472 3314
-15216 -4028 -2188 -1532 644 4013
-15244 -3300 -2284 -2204 333 4058
-14636 -2760 -2272 -361 865 3168
-16320 -3592 -2992 -1289 -898 4034
-15200 -4436 -5364 387 -599 4255
-18588 -4196 -3292 2259 -1129 5014
-15824 -2860 -1704 2254 -122 5874
-16444 312 916 -1679 -855 6868
-16136 -2644 -836 342 115 8683
-17476 -2544 -2932 -531 282 10975
-18952 -384 36 3665 1719 12707
-20392 -3128 64 3585 2476 15372
-18364 2640 -5060 4413 2850 12988
-10848 10272 -9428 6790 4292 7671
-10472 -1652 -3008 -4567 -4788 844
-10060 -1592 800 -6730 -11704 -4015
-8728 -1956 -628 1158 -11168 -13089
-11064 -2796 -2956 9253 -8345 -20607
-13344 -3916 -5204 13188 -7870 -23914
-15932 -6908 -8140 20234 -5913 -27434
-19592 -2980 -10828 11869 -6293 -29309
-23272 -3312 -7880 -7234 -5131 -28252
-20360 -1188 3876 -15270 -4163 -22343
-21312 4524 6188 -2728 673 -11976
-16688 7788 -4012 4740 2332 3962
-17740 4636 -512 3239 7872 18209
-26468 -32768 -5128 14064 7376 1804
-20356 -5156 18036 5274 5301 5633
-13320 -7336 -1760 -411 7532 2100
-12924 -8080 -1256 -502 1125 4223
-15096 -6740 3000 431 4776 4480
-13528 -5660 -2624 -241 3811 4775
-13472 -4788 -1064 316 2996 2762
-14704 -5604 -1004 313 2473 1598
-14768 -5724 -1932 1110 1173 1367
-14676 -6008 -600 1202 1767 1512
-14100 -4732 -1656 991 2090 2573
-14400 -2564 -2660 555 1336 1103
-14788 -6308 -2872 849 1147 -717
-15780 -5700 -684 -282 115 -709
-14980 -5524 -2340 -305 -52 -199
-14512 -5056 -2160 -261 -154 766
-14484 -4716 -1836 -40 327 1062
-14656 -5036 -2000 106 -28 1113
-15216 -6196 -2868 -291 -470 2689
-15356 -5044 -2200 -595 -720 4185
-15308 -4648 -2260 -923 -847 5331
-15640 -2928 -1700 -974 -34 5706
-15888 -3420 -2808 -1900 -826 6348
-15640 -10840 7148 -2316 -2885 7465
-18072 1336 -1216 -1521 213 8130
-19716 -2908 -3376 -4157 -1009 10082
-16476 -1080 3112 -9742 -3302 10172
-15040 9436 3776 -5107 -1865 5840
-14156 356 -3624 741 -2218 5148
-16672 560 -3132 -1624 -2898 6871
-16148 376 -732 139 -120 8305
-16884 484 676 1106 2156 7472
-15196 -192 -1232 3058 2259 6627
-15380 1216 -628 138 1345 5731
-13652 1544 -196 540 -107 3419
-12764 1816 132 4097 54 -1102
-12444 1472 -1352 4103 -1549 -5279
-11968 388 -824 2517 -3996 -9819
-12196 -96 -484 4714 -4010 -14600
-13420 -296 -1444 8729 -3319 -19216
-14424 -1888 -2376 11126 -3363 -22178
-16148 -2640 -3384 8393 -4475 -24048
-18852 -1988 -2284 1052 -6540 -23307
-21520 -1292 -748 -4120 -6137 -21496
-19912 1416 568 -3623 -3248 -16300
-16352 3568 100 3217 1052 -9774
-16280 4692 -1344 5311 4171 -1414
-22564 -5332 5728 6527 1982 9263
-20788 -11328 1252 -6323 -507 4461
-14164 -11540 8516 7383 6657 6115
-12592 -10096 -1216 8531 5677 8099
-17364 -9476 -1400 -5490 4523 4601
-15388 -2232 4512 -1755 3620 2143
-14388 -3628 -296 1670 2388 1350
-13644 -6884 296 1991 2376 1649
-12916 -10448 -5176 57 3302 421
-14908 -10720 -5120 3037 2963 -747
-14452 -6168 1644 2439 2227 562
-13624 -6848 1612 1074 2315 1796
-13840 -6104 -1392 -628 1583 2106
-13952 -6388 -1984 -216 1572 1693
-14292 -7004 -3360 1667 2179 1489
-14400 -5608 -2076 1288 1134 1770
-14656 -4944 -2120 664 719 2739
-14608 -4048 -1864 -717 258 2633
-14480 -4908 -2812 -510 419 1522
-14712 -5056 -1628 -332 588 1752
-15696 -4812 -4712 132 899 2718
-14836 -4924 -2820 282 916 3274
-15316 -3676 -2236 -358 661 4576
-14992 -4728 -4912 -750 1283 5296
-14976 -4612 -5952 -1241 1641 6616
-15752 348 1136 -657 1580 6637
-16752 -668 -3504 -1590 -876 6281
-18176 -3724 -8584 -2112 -2678 7318
-19216 -2288 -660 -5439 -665 8630
-15668 1396 -316 -5545 -1112 9150
-16172 -208 -1032 -4771 -47 9012
-19480 -2716 -1756 -7020 1047 12935
-16312 -264 44 -7926 1314 13830
-13740 1404 -948 -2051 -1777 12066
-15112 2812 -3168 3912 3089 2564
-12164 2304 -2996 1112 233 1390
-10904 2848 -2268 3638 -279 -3234
-10820 1544 -3160 3810 -1661 -8220
-12348 1100 -4200 2742 -2155 -12424
-12160 252 -4092 4148 -2161 -16470
-13344 -1168 -3948 5184 -2056 -19840
-14396 -2116 -3228 4156 -3555 -20935
-16196 -984 -2292 894 -4530 -22195
-17432 -2876 624 -2247 -6169 -19956
-19772 1372 -288 -1424 -5681 -16762
-17420 -692 916 590 -3771 -15406
-16820 1892 -980 3500 -2437 -8454
-17144 1288 -288 8361 1055 -4110
-18336 3160 -5588 8464 3611 4396
-15556 -14288 1768 17127 5637 -1792
-22672 20904 3536 -25516 5472 9650
-18956 18556 -6908 9102 5510 7697
-23984 -8612 820 160 4162 6985
-9360 -11808 -10000 -6232 -941 8839
-14428 -4744 -872 -2379 -628 2995
-14192 -7584 -2420 267 729 2007
-12952 -8368 -2016 -1811 -864 2609
-13752 -5916 -400 -2771 -1721 2452
-13040 -8096 -1076 -3225 -1091 2151
-13840 -8220 -936 -3227 -1222 2897
-14320 -5176 -856 -1539 -900 1609
-14320 -6860 -2212 -955 -819 1615
-14400 -6044 -1684 83 -680 947
-14264 -4744 -436 -752 -1129 457
-14284 -7240 -2684 -502 -1495 -192
-13948 -5340 608 -849 -1624 64
-14168 -6048 -1256 -1433 -1316 435
-13708 -7260 -392 1430 -291 91
-14416 -5792 -260 1383 612 606
-14404 -5560 -816 -100 155 1089
-14456 -5832 -1040 -401 -247 1394
-14252 -6912 -1884 83 -156 713
-14888 -6556 -2820 8220 3139 -920
-14056 -4120 1380 3775 2687 861
-13240 -8380 -1800 5483 4886 2111
-11060 -3772 -1308 8330 5114 4149
-14956 -4960 -2196 2763 3667 3952
-15968 -1728 -560 -540 1054 5365
-15868 -1940 -1056 -7331 -3124 8091
-16092 -5260 -5960 -1265 -549 4420
-16976 -4616 -4120 -726 -1170 5814
-20648 -3620 2328 -3906 -2248 8604
-16772 -4408 404 -5324 -973 10431
-14016 384 1276 2746 -712 6490
-12712 1364 -4360 5888 -266 4394
-14568 1764 -3148 2837 -913 4642
-13876 3160 -3796 2948 -240 3899
-16568 1608 -4080 1355 -574 4239
-18500 828 -960 554 1151 5868
-18524 -1564 60 3784 4186 9589
-18052 -2044 752 2167 6331 8393
-13416 -4176 708 -598 3710 3654
-11028 -3724 -304 -3277 -250 -1567
-9944 -4212 -504 -4216 -2992 -7790
-11644 -3444 -1096 -2161 -4031 -14848
-14520 -3380 -1832 972 -4623 -18785
-17624 -2400 -3864 2449 -5672 -20507
-17848 -1312 -5912 545 -5350 -20895
-19908 -572 -5980 -1612 -4151 -20303
-11468 13752 -4632 2014 232 -11685
-17680 -588 -560 6032 1870 -13038
-13028 -580 -4708 8121 6301 -9157
-14140 1976 3920 2253 2752 -2871
-6344 -21376 22128 23369 3280 10950
-24472 548 -6492 6111 10024 11054
-10764 8904 -9824 7559 10804 5495
-15628 -3316 3924 -4963 4061 4509
-15504 -2772 -3924 -1980 2857 926
-15032 -4612 -2188 -331 2242 494
-14880 -4444 -2260 37 1547 1806
-14952 -4956 -3724 1266 1785 2546
-15272 -3992 -2868 1895 1253 2588
-15452 -2928 -3412 1027 1045 2481
-15320 -2808 -3408 861 719 1761
-15192 -2316 -3312 1006 687 1427
-15124 -2648 -3620 812 204 1015
-15376 -2004 -3168 143 33 429
-15392 -3068 -3772 291 -239 195
-15228 -2124 -3284 271 -813 181
-15328 -2816 -3016 957 -477 262
-15372 -3112 -3120 516 -506 540
-15684 -2696 -3432 -12 -807 781
-15280 -3420 -3180 -597 -620 2288
-14796 -3188 -2720 -1129 -492 4259
-15332 -1880 -3348 -798 768 6323
-15728 -656 -2652 -1908 189 7117
-15680 -528 -5064 -2267 746 7320
-16100 460 -6560 -5129 -459 7284
-18204 -2948 3972 -2917 -1126 8688
-22956 -3972 -4992 1477 -1731 10538
-17724 -2564 816 -3734 -2095 11670
-13304 5020 -3016 -2487 -1174 10844
-15308 7144 -9800 -5131 3409 8248
-9784 -1620 -1852 -16782 546 4880
-10216 760 568 -6699 466 -876
-11252 2488 -192 2301 1174 -5882
-13372 4616 -792 4227 320 -8059
-13928 2364 -1116 2852 -1274 -10218
-14196 580 -364 2593 -2082 -12650
-14564 -1452 -304 2064 -2311 -16445
-15260 -2720 504 1617 -2659 -18153
-17828 -4092 604 2317 -3899 -20708
-20248 -5448 -520 1119 -5183 -21038
-21272 -4052 -848 -666 -3778 -18322
-19124 -3668 432 -1687 -1866 -14558
-16820 -3284 1376 2090 172 -9753
-14564 -1948 1440 5640 1595 -5978
-12856 -1556 -252 8530 2501 -3388
-12124 -860 -1496 5371 2671 -258
-13244 -220 -3132 124 1916 2134
-14700 940 -2992 -7982 321 6250
-20068 -1372 -1132 -6259 -762 10330
-32768 -1832 -6372 7366 4198 4993
-11336 -6360 -692 -5054 2604 2283
-11060 -6656 -2788 3313 3347 1864
-13608 -7128 2280 1324 2784 2325
-13932 -6992 -1604 1576 2190 1799
-14164 -6888 -1320 1570 1794 1860
-13816 -7228 -876 -1821 1152 2525
-13316 -8248 -1976 -1957 -322 3148
-13872 -6712 -1644 233 640 3276
-14316 -5896 -1636 1203 1389 2772
-14032 -6200 -1664 1499 2175 1661
-14704 -5876 -1476 1585 1585 1717
-14548 -5460 -1488 1265 1428 2012
-14820 -5220 -2252 788 884 1589
-14680 -5592 -2180 -77 89 1652
-14836 -5084 -2168 -100 -41 1944
-14212 -5676 -1868 485 713 1757
-14720 -4848 -1984 192 297 1868
-14716 -4604 -1984 128 84 2225
-14968 -4584 -2188 55 274 2725
-14672 -4060 -2804 3 1113 2831
-15220 -3688 -2764 -102 720 3836
-15420 -3032 -1864 -1221 -305 4145
-16320 -1560 -1660 -2414 -1441 4471
-19524 -3004 -3928 -2740 -2202 5626
-19832 -6768 -5692 -395 -1550 6373
-16572 -3336 -200 1345 -363 7471
-14548 1004 -2388 -324 -1136 6624
-14308 76 -3008 -2167 -826 7548
-17520 1424 -2356 -2648 -452 8867
-15824 384 -936 -2144 -293 10644
-17084 1696 292 -3312 -811 11973
-20196 -1464 -3284 -2058 936 13311
-19588 5824 -2016 -3030 5357 13094
-12588 -1480 -1132 -633 5381 8271
-7724 -1456 852 -2862 739 2852
-7308 -1376 880 397 -140 -7519
-10272 -952 -1724 1752 -1618 -15867
-13280 -524 -2320 36 -1742 -22401
-14532 -128 -3460 -4937 -3241 -25459
-15376 -816 536 -10876 -3826 -27056
-19836 -172 2220 -8990 -2516 -26324
-24320 6392 1780 -6391 -1388 -19717
-20456 5764 380 -5153 -2230 -9531
-18196 6696 -144 -2665 -759 -900
-17152 3196 -4660 3772 947 5739
-19780 2004 7336 14782 4375 3638
-14732 -5016 5016 1168 1155 4151
-11880 -7592 -1176 2033 2659 2835
-15088 -6896 -3620 -279 -548 3102
-14340 -5844 -1204 2651 1354 1336
-15084 -5852 -1112 -1558 -799 1336
-14252 -5992 -2452 -610 -448 676
-13576 -6496 -1364 196 -362 1128
-14924 -4688 -1912 697 319 399
-14228 -6624 -1440 250 566 1632
-14704 -5708 -1712 643 1228 2667
-14824 -4716 -1816 943 904 2036
-14684 -4800 -2140 1205 2310 1319
-14564 -4916 -1864 -100 1718 1201
-14888 -4416 -2116 -561 623 877
-14704 -6084 -2340 104 620 987
-14568 -5500 -2304 1733 1046 1925
-14820 -4260 -2796 1261 1034 2843
-15076 -4168 -2600 377 751 3183
-15072 -3580 -2720 -667 -225 3434
-14784 -5084 -3236 -530 209 3890
-15248 -2408 -2800 -426 976 4330
-15320 -3400 -2756 -1647 551 5307
-15884 -3232 -2460 -1807 3572 6521
-14144 2132 -4044 -2881 3374 7603
-15328 68 -2240 -3590 2663 8970
-24412 2664 -352 -9989 755 8847
-20020 -2832 -5724 -9087 -307 9672
-15208 3032 -4768 -7946 -568 10523
-15788 1560 -2776 -9650 -335 8466
-14752 2160 -3004 -4347 -794 6473
-11800 4896 -6208 -5997 -375 4841
-11872 3572 -5712 -12104 -358 4048
-17180 7788 -5208 -17366 1916 3485
-17608 2924 -1508 -15041 3502 3979
-16000 492 2172 -12148 5130 2896
-12440 -1164 4364 -6817 4102 860
-13412 628 2336 -3264 5514 -6857
-12960 -96 3560 -5990 2415 -9979
-13512 -960 3396 -7122 723 -14228
-14024 -1344 4024 -6864 -790 -17685
-15400 -1072 4240 -6037 -2657 -19630
-16312 -1776 3924 -3421 -2885 -21184
-18512 -2704 4740 40 -4299 -21041
-18180 -1304 1412 543 -6872 -18440
-18268 -240 -2316 -3053 -6283 -15277
-16704 1288 -2508 -6343 -4620 -10229
-15892 1576 -2844 -6861 -2883 -3807
-16372 1028 -2144 -3598 -918 2398
-16004 540 -2644 -450 2812 9168
17828 -32768 32767 -2026 4972 -2460
-12140 -6688 7056 7464 1309 7259
-14188 -3916 9072 411 4547 5556
-12896 -7280 -556 -1444 4363 4388
-13932 -5684 -1456 -2923 1207 3415
-14148 -5724 528 -1022 1370 2330
-14244 -5872 -1112 -1635 918 632
-14788 -5124 -248 -2155 924 831
-14000 -7400 -2460 -1171 998 853
-14356 -6072 -1032 -2032 423 992
-14616 -6244 -2236 -1389 322 1148
-14772 -5692 -1248 -1433 211 1545
-14696 -5908 -1860 -526 285 2210
-14336 -6204 -2924 -769 108 3746
-14556 -5232 -3528 1734 766 4192
-14884 -3112 -1140 963 -30 3181
-14516 -3116 -1168 387 250 1064
-15260 -3668 -232 550 266 -198
-14928 -3944 -2524 641 501 -1072
-14904 -3804 -2016 760 232 -1812
-14356 -6304 -2416 1280 1693 -449
-15204 -5652 -1624 1560 1703 2253
-14704 -4392 -2452 832 739 3506
-15132 -4064 -2612 1754 1624 3730
-15268 -3400 -2324 188 837 4559
-15000 -2980 -3080 -396 2594 4154
-16048 -2408 -2360 -164 1801 4405
-15928 -2336 -3348 -991 579 4683
-16184 -1132 -2852 -924 -42 5678
-18352 -1680 -2456 -992 -1098 7378
-19552 -4012 -2092 -963 -283 7545
-15464 -348 -2908 -494 -2045 6030
-13640 1880 -4324 -1123 -1476 5005
-15552 1736 -1272 -962 -811 5156
-15656 1508 -2916 -152 -1237 5770
-16864 1368 -2880 -534 -126 7779
-18280 -608 200 168 1958 11076
-19272 2156 700 3597 5022 14006
-24236 5256 -2560 -2216 4625 14151
-19816 2052 -1424 -6553 2934 12043
-15736 1564 -2092 -3649 1552 3387
-12884 3180 -3960 -3591 1957 -5996
-11452 4588 -3372 -4125 2015 -14531
-12144 3388 -3444 -822 1365 -22124
-13868 5032 -2676 3865 1887 -25852
-14668 7156 -5552 5234 718 -26206
-12976 5492 -3280 4552 -2266 -21971
-12508 6856 -4060 8441 -1652 -17050
-14224 6816 -4344 5305 -2075 -10388
-13796 5524 -3916 4313 -2295 -2630
-16744 4348 -4880 3743 -1854 5142
-19008 -8036 -4360 -121 1266 4709
-19580 -6080 -1808 -228 1474 3637
-17644 -4820 960 -148 142 5562
-14936 -6616 -2660 474 2752 5696
-13172 -2688 -3520 492 4239 7131
-15904 -4852 -3620 186 3924 7747
-13880 -572 -3932 1146 2446 6835
-13324 4376 -3772 -699 -917 3329
-19572 -2716 -6764 1920 -211 -1214
-16080 -1320 -3336 353 -1021 -2782
-14924 -1132 -4132 -251 -1785 -3195
-14508 -908 -2284 1326 -125 -3483
-16200 -2240 -2672 1328 -143 -3833
-16468 -612 -2164 1065 -477 -2597
-15328 -2712 -4624 -113 -949 -1236
-15616 -3804 -2360 298 -526 -98
-15000 -3956 -3320 252 -352 943
-14120 -3472 -4064 1979 934 2154
-16768 -3708 -1272 72 1982 3932
-14572 1336 -2384 -973 2506 4671
-16080 -6372 -2544 -2583 3118 5219
-15040 2600 -3476 -3040 3176 6812
-14848 -4472 -396 -4338 6072 7983
-19592 -1024 -6024 -4563 4558 11760
-7724 9872 -5180 -10085 4754 16731
-20444 -3808 -6812 -4166 6515 13638
-14528 2752 -7736 -6925 9479 19044
-10096 5960 -7248 -4543 10006 19706
-8720 10992 -8804 2717 -302 19180
-844 17452 -17856 -2857 -2073 11302
-11556 14188 -924 -5813 -2737 5692
-6836 15616 368 1962 -1897 2625
-6840 13224 -12152 5788 -3189 1379
-10384 11060 -11152 -2950 -3875 689
-10680 12264 -4696 -4280 -2836 395
-10772 11884 -2900 823 -2671 1105
-12248 10632 -5312 3372 -4473 2653
-11108 7268 -5856 2362 -4445 3982
-10728 5332 -5944 2963 -2948 216
-10772 1728 -2600 -3977 -4461 -9442
-9656 -1924 188 -3361 -8184 -17045
-14008 -468 -2292 -926 -6339 -27162
-18732 -828 -804 -3764 -7351 -31310
-21352 -212 684 -1278 -5998 -32768
-21732 -1472 1544 -1712 -6773 -32768
-22860 176 4636 2461 -6778 -30868
-27772 10584 -1888 2898 -8221 -25870
-23248 10012 -5048 -294 -6805 -11364
-16316 8544 -2976 127 -70 850
-13848 -32768 1560 12514 -700 5184
-13004 -14000 3416 -5549 8486 7618
-15948 -2088 -6816 -1440 6489 3514
-17036 -4860 -2928 771 3197 1098
-13744 -7548 -2272 1975 2829 1009
-13920 -5692 -196 -283 1333 1013
-14840 -6268 -688 873 1634 306
-14324 -6036 -40 845 983 321
-14680 -6716 44 681 -452 53
-14036 -7432 -1312 175 1062 -592
-13520 -7580 -1540 119 1819 -652
-13948 -4960 1792 2774 2708 -515
-14648 -6600 -3268 1725 2705 -283
-14600 -6540 -452 -175 989 913
-14556 -5816 -600 -1677 -1137 1489
-13624 -7256 -2960 -2616 -745 2297
-14124 -7344 -4092 -599 -67 1039
-13972 -7308 -2840 -427 -193 1248
-15284 -3860 -384 254 -80 1396
-14160 -5864 -1648 -1573 -224 1103
-14620 -5204 -2276 -2753 -1017 1409
-15024 -4748 -740 -4154 -1463 1914
-14420 -6904 -3356 -1871 130 596
-14764 -6672 -4588 615 1024 1444
-14648 -5992 -468 952 1067 2883
-13848 -4536 -1748 1922 1760 3450
-15088 -5408 -2656 1137 1586 4689
-15384 -4616 -2168 -425 89 5510
-15688 -3888 -1844 -2786 -1264 6440
-20048 -10332 -1660 353 -1520 5763
-17688 -2788 -964 2691 88 7260
-15232 300 720 2301 -918 6044
-13824 220 -6004 1076 -2036 5001
-14976 -492 -3072 -446 -1970 4701
-15584 -460 -1016 1686 -768 4940
-16464 -272 -1668 857 -283 5303
-18972 2796 -6440 3248 2870 6704
-17624 -2516 -5808 -1491 6176 8986
-17000 -468 -1284 -10212 4940 11444
-13644 -6636 3616 -14339 -1506 8920
-10736 -5312 2692 -4014 -1025 2556
-11220 -4592 1848 2046 -2833 -5217
-12476 -4416 -1440 6063 -4318 -12860
-15788 -3984 -3808 7766 -4610 -18590
-17464 -3112 -4948 7107 -5107 -21184
-17936 -3568 -4788 5669 -4003 -23610
-20616 -1492 -1808 1207 -3732 -22731
-20440 1072 748 -384 -4806 -20501
-20404 6028 384 582 -3571 -14891
-17856 7404 -1456 7738 922 -6510
-16048 5532 -1780 6712 3256 960
-18676 3532 -7080 1245 2729 8116
-29112 3504 4172 6203 3964 6236
-17240 -2148 8552 2426 5029 2128
-13732 -6876 -3728 -1634 2211 4351
-12924 -6540 2264 -1015 2220 3861
-14380 -6000 716 -1438 2576 2453
-13284 -6728 -1104 1326 2914 2119
-15072 -5128 360 -25 2259 1614
-14148 -6328 -784 719 2202 961
-13948 -6520 -1272 102 1624 1445
-14548 -6064 -1440 790 1506 1910
-13844 -5584 -1356 1564 3287 1612
-14580 -5160 -916 1037 2093 1732
-14808 -4204 -1564 -99 1290 1566
-15024 -4380 -1456 -547 258 655
-14692 -5392 -1792 -283 -306 -9
-14792 -4620 -1852 -241 -597 -628
-14652 -5004 -1376 -754 -199 -542
-14520 -5920 -1660 -677 125 535
-15056 -4904 -1724 -692 -203 1555
-14944 -4784 -1540 -897 -75 1926
-14432 -5176 -2188 762 590 1575
-15252 -4612 -1252 635 599 2947
-15124 -4336 -1596 -568 1082 4036
-14648 -2600 -3056 -14 1403 4034
-15252 -3788 -1908 -1837 -108 3142
-16332 -2456 -1400 -2007 -1179 3301
-15200 -5588 -3856 -1947 -2790 4939
-16540 -1028 -1404 1062 -197 4462
-16880 -824 -2700 -635 -2768 3527
-16244 -3840 -3308 -1903 -1492 4335
-15296 -224 -1532 -119 -284 3826
-16264 4736 -4988 -5939 -1682 3269
-16928 -1584 -2124 -2458 -1051 1741
-16580 -2620 -1588 -884 935 5108
-17768 -852 -824 -4425 1324 10472
-22936 -548 -112 -5302 3124 14619
-23404 -2692 -376 -4290 4521 18512
-17868 -1568 2556 -8119 2769 18671
-9496 -3036 2776 -2479 782 10156
-6268 -2420 1308 3297 195 -830
-5212 -3232 -60 3399 -1767 -10878
-8368 -3196 -324 1819 -4539 -19549
-12728 -3216 236 1948 -6238 -25902
-18860 -2844 -204 4321 -6554 -30050
-22588 -4028 -1232 4849 -6303 -29826
-25304 -720 -1056 -1673 -8342 -24729
-22108 2236 -2236 -4108 -5652 -20721
-19240 4124 -980 1537 -1326 -11890
-21184 12684 1084 24180 1975 8326
-14800 -4468 -1348 14688 8270 6686
-14436 -6728 -1988 -8636 2720 9856
-15164 3676 3468 7014 8669 4219
-14660 -204 3728 -1966 7486 2661
-12012 -7252 -3848 -3752 4237 3525
-15324 -2964 -16 1326 3039 355
-14540 -3472 2504 -2090 1982 -159
-14548 -6352 -1204 1007 1749 -975
-14304 -6100 276 -112 1986 -556
-14144 -6208 -412 12 2155 980
-15016 -7344 -1784 511 2307 902
-14400 -5444 -696 1101 2328 1350
-14544 -5876 -1672 628 2167 1499
-14648 -4196 -648 -1024 1599 1239
-14376 -5220 -1708 -1707 489 1787
-14884 -4808 -2172 -102 479 697
-14724 -4064 -1816 -3423 -1320 1340
-14600 -4612 -2028 -2133 -516 718
-13704 -3420 -1484 -7450 -2393 1799
-14772 -6308 -2440 -2508 -1256 199
-15172 -6500 -2596 -1557 -962 14
-14464 -5740 -1568 -928 -563 1310
-14972 -4780 -2276 -133 96 1478
-15148 -4652 -1968 206 357 1519
-15024 -5148 -1644 711 869 2076
-14876 -2780 -1852 -1037 382 2543
-15152 -4500 -2316 -1983 45 2475
-15888 -4460 -2908 -186 95 3092
-15028 -3292 -1028 -1510 -806 4825
-17800 -7788 -4392 1192 -828 6187
-16384 -2680 -5108 1608 1098 7619
-15448 484 2768 -902 174 8005
-15696 -2000 1612 638 711 7722
-16440 -3020 -2164 2184 3083 9661
-24604 3352 -2892 -4672 1164 15879
-22352 -5724 -2984 -6414 5461 17667
-19000 -1040 -1748 -7404 6083 10606
-10804 -5132 1236 -11111 -1700 2730
-7436 -5160 1356 -3246 -3671 -6394
-9336 -2628 -1068 1051 -3574 -16703
-12136 -2872 -2956 4796 -4304 -22804
-16424 -2252 -5244 2884 -6993 -24760
-17192 -280 -3520 6111 -4281 -24109
-19500 3516 -4580 6165 -6046 -19795
-21928 5016 -7356 724 -5151 -14807
-20048 2956 -4232 -5529 -359 -13901
-16816 -2168 2428 -2836 1360 -7043
-13956 -52 2300 5523 3907 -2344
-15376 2120 1360 9506 6047 3321
-16920 3388 -1500 4095 5389 13348
-32768 428 -5476 -4455 2285 16924
-14912 -8000 -2692 706 7194 3786
-13664 -3580 -5500 -582 2316 3982
-14516 -4212 -72 -934 1362 565
-14480 -6468 -468 -2131 252 372
-14220 -6460 -3936 11 1575 239
-14336 -6408 -2504 104 1057 712
-13956 -6292 -1552 696 1057 1148
-14608 -5560 -1532 -61 621 826
-14176 -5948 -2776 259 226 699
-14908 -6076 -1596 -863 -422 966
-15312 -4408 -1216 -2043 -355 1541
-14580 -5656 -1784 -1846 -331 1638
-14216 -6384 -3920 -664 -436 1483
-14256 -5852 -2536 326 -447 1526
-14696 -4868 -2124 1033 91 1552
-14824 -4220 -1748 -75 -294 1113
-15132 -4144 -1836 -861 -619 1497
-14988 -4660 -1280 -1146 5 1959
-14864 -5436 -2532 -255 1013 2667
-15652 -4336 -1928 254 1091 4248
-15968 -3320 -272 -834 281 5401
-16292 -4144 -3788 716 1092 5500
-18544 -4136 -3044 -371 40 5798
-18372 -4032 -1336 722 -1235 7759
-17484 -1252 816 2421 -257 8622
-14484 1244 -2064 1425 -1561 6694
-14608 -844 -4784 457 -1819 5813
-15988 640 -5428 1369 -357 6250
-17536 -312 -1424 202 413 8133
-16740 1680 308 207 1337 10203
-18964 1924 -2920 -4758 2748 11792
-15772 -1596 -588 -7599 2254 8308
-12548 -2632 288 -9169 -2021 5487
-9800 -3108 2208 -5178 -3159 -26
-10604 -1948 1008 1826 -1746 -7439
-13964 -1972 -396 4896 -1794 -12485
-20912 15864 -18620 -1437 -1271 -13553
-15628 -3276 -468 2228 -2303 -14508
-16772 -2684 -1020 6248 234 -19139
-17764 -2612 -1260 5903 -1400 -20685
-17940 -2060 -1292 437 -5179 -19590
-17924 -1240 -1416 -2255 -5322 -19558
-18268 -940 16 -1789 -4015 -18246
-17996 2148 -1012 -638 -2649 -12539
-16368 2852 -716 1120 -154 -5410
-16080 3764 -1352 3951 1951 1688
-15928 3552 -2368 5111 5561 6816
-22432 -11040 -5116 2315 2884 14963
-22576 4640 4296 20488 6033 -3455
-16340 -4028 7076 -5470 3312 119
-13980 -8360 -7032 3274 4541 3126
-12408 -8596 1256 592 2316 6554
-14500 -5376 644 37 3301 3190
-13968 -5736 -2624 1540 2731 1990
-14156 -6932 -896 2222 3167 2390
-14204 -6632 -736 1511 2590 2641
-13964 -6248 -1932 1510 2296 2987
-14768 -4820 -872 1999 2672 2168
-14712 -4624 -836 618 1638 1378
-14704 -5228 -1936 -385 843 1367
-14448 -5852 -1780 -222 1276 1568
-14892 -4836 -1944 50 823 1741
-14672 -4984 -2180 -262 376 1454
-14552 -4868 -2072 -210 393 980
-14868 -4532 -2164 -564 -29 796
-14768 -5536 -1684 -737 139 1306
-15004 -5308 -1820 -152 301 2059
-15124 -4192 -2116 -490 447 2845
-14652 -4900 -2820 -490 2182 2867
-15264 -4092 -2824 -199 1795 4060
-15924 -3972 -2088 15 2435 4779
-15900 -2744 -3992 -1085 1950 5714
-17792 -4304 -4464 -658 1376 5955
-16288 -1960 -3244 -1945 973 7442
-21876 -5356 -6900 -1206 582 10220
-18084 -1188 -4700 -7063 892 10248
-13140 4720 788 -9645 -1091 8012
-13076 1772 -368 -2575 -611 7214
-15244 3892 -3744 1830 -781 7853
-17288 3108 -5052 -2983 -2531 9429
-21588 5080 -5788 -2061 1077 9678
-22784 6544 -4680 -11593 1547 15347
-15736 2044 800 -13289 -2977 16647
-10368 1816 2060 553 812 8265
-6972 48 -1520 7676 1026 -1124
-7696 -308 -3544 6480 -621 -9520
-9384 -1756 -3792 8129 -2785 -15360
-11708 -1280 -4584 16174 -2057 -21349
-15540 -420 -7864 17041 -3355 -25147
-17612 16 -7412 7031 -10570 -22553
-19032 140 -5684 261 -10915 -22932
-20696 -1236 -424 -1065 -7901 -23657
-22108 116 2148 -1213 -7031 -20519
-19316 956 -88 -4505 -7254 -15908
-17980 1464 1124 -4680 -5434 -10240
-16220 3096 -796 -660 -1748 -3326
-16912 2344 -1568 468 655 5535
-6228 -32768 3796 -776 1290 -4128
-14228 -13992 7388 2273 925 11133
-13928 -2600 7424 12282 9244 6373
-20396 1228 2580 -8636 277 5857
-14636 -7828 920 -6 5246 2866
-12524 -8908 -4784 -2178 72 4830
-14000 -5888 -452 -3359 -71 1753
-14224 -7300 -1048 -4541 -214 2038
-14364 -5808 -1636 -2966 -648 1863
-14000 -6720 -2324 -812 -336 440
-14472 -6280 -1500 -481 -1251 235
-13616 -6532 -516 -41 -1255 -191
-14424 -4588 956 2365 136 443
-13984 -6560 -348 -1019 124 1105
-14552 -5800 -516 -1570 309 1413
-14068 -6360 -1188 -2429 489 1719
-14116 -5632 -1792 -1408 351 1478
-14536 -5364 -1248 -2584 -313 1709
-14160 -6064 -1976 -127 517 1695
-14792 -4688 -668 -501 465 1713
-14608 -5184 -1188 -1390 390 1858
-14648 -5064 -1620 -627 749 1926
-14532 -5044 -1968 -270 1250 2512
-15096 -4992 -1816 -820 580 3604
-15384 -4128 -1784 -1475 -266 4809
-16612 -5812 -2328 971 -1021 5915
-18124 -3456 1528 1912 -66 7609
-15604 -3152 -2044 2034 -392 6109
-15072 -2396 -4576 4330 339 5592
-16152 -1976 -2128 2438 666 6327
-16632 -736 244 3017 1783 7617
-17948 -388 176 4862 3635 9840
-24988 3548 -9316 2227 7065 15877
-20408 -2804 -4548 -991 7014 16321
-16988 1528 -4360 -1171 6233 15053
-11340 -2216 -1444 -10329 -1109 9332
-6992 -692 1104 -2597 -5522 2847
-6364 -548 -1376 2911 -6804 -7014
-9416 -396 -2980 7082 -7246 -14321
-13228 504 -5032 8709 -7849 -19482
-16876 -660 -3892 7569 -9464 -20642
-17824 -1436 -3752 12012 -7000 -21784
-18740 -2928 -4268 14376 -4484 -23711
-21108 -108 -7440 7077 -4183 -22178
-19936 376 -4728 -8345 -6255 -18293
-17552 -16 88 -15410 -5230 -13491
-17528 856 2376 -12402 -2463 -8469
-16132 2692 2712 -2611 362 -2320
-17560 4096 848 269 1174 5597
-7796 -32768 -8856 -4536 -643 12537
-10492 -2256 -11528 2926 1972 5531
-15908 5876 4984 2278 4343 6300
-14052 -7704 -680 -1326 1801 2290
-13956 -9088 -3016 -1779 -44 3719
-13200 -7788 -3640 -454 1041 3256
-13288 -7708 -1636 808 1401 3959
-15112 -4736 -280 1349 1460 3921
-14384 -5580 -96 -243 1117 2668
-14404 -5904 -3168 787 2420 1141
-14296 -5884 -2124 734 1112 2216
-14680 -5304 -2180 979 885 2481
-15036 -5016 -1348 -187 162 2465
-14988 -4704 -2144 -249 46 2338
-14580 -4528 -2344 -426 7 2268
-14808 -3956 -1836 -318 21 1955
-14900 -4372 -2576 -136 537 1343
-14388 -4340 -1716 167 1158 1008
-15224 -4176 -2180 -158 357 1794
-15288 -3888 -4272 566 995 1358
-14972 -4168 -2768 128 770 2159
-15044 -3744 -2596 418 1059 2782
-15376 -2860 -2472 445 769 3449
-15496 -2756 -3184 -280 347 4196
-16136 -2348 -2292 -736 45 4636
-16976 -3524 -1180 -1442 -3048 5873
-15716 -1232 -612 -2780 -2084 4784
-15820 -24 -3084 7 -1575 4967
-20024 -4836 -3480 2484 -1676 6655
-18488 -3088 -1324 640 -1411 7222
-13736 1508 -800 -1418 -673 7592
-12936 3064 -1172 -2047 -1058 7284
-13928 1548 -3356 6 -415 7604
-16256 3404 -5240 -1830 89 7619
-18172 3412 -3712 -5095 2343 9789
-20980 340 384 -6194 3115 13910
-20364 7516 -2060 -1421 4480 16329
-16808 3328 -296 266 5113 10455
-10956 3016 -624 3603 4079 6581
-7124 3920 -368 3401 1915 -1194
-5116 1436 -768 3573 -1452 -9376
-6532 140 -2696 5876 -3517 -16438
-10272 -300 -3608 6305 -5095 -21554
-14600 -1844 -3812 12033 -4404 -24948
-18400 -1288 -7240 8215 -6828 -25895
-21628 -524 -5028 -1460 -7801 -24363
-22496 -1120 -2612 -10882 -8620 -21102
-22272 -1784 -728 -12588 -6306 -18848
-19368 -2164 148 -7775 -3121 -12025
-14728 -2420 256 -398 535 -6402
-13592 -980 380 3398 1551 -2178
-21788 -428 -12544 -6439 4165 10938
-17596 -432 4524 8217 4806 9140
-12356 -7972 -668 8225 6432 6598
-14984 -4092 -2924 -2456 2867 7741
-12688 -6348 -5028 1457 3252 6977
-15264 -3656 -2592 1305 1369 5297
-14720 -5520 -2984 2282 764 3380
-15792 -2948 -2140 2016 -12 2128
-15900 -3504 -1388 779 204 915
-15152 -3836 -2544 298 540 356
-15008 -4488 -2800 35 197 428
-14348 -4424 -3392 475 250 1337
-15108 -3880 -2480 993 -81 1128
-15220 -3232 -2708 696 677 -73
-15076 -3748 -2728 381 -498 -619
-14532 -4168 -2068 569 187 -962
-15060 -4020 -2428 292 -511 -855
-14956 -4484 -2212 563 -596 -332
-15140 -4544 -2684 697 -46 -211
-14976 -4568 -2544 161 121 -5
-15060 -4524 -2508 -135 77 1195
-14908 -4260 -3044 -542 -383 1548
-15316 -4980 -2304 -14 -662 2453
-17088 -3180 -1652 -884 -2020 3303
-15900 -4064 -1816 -1171 -1946 1665
-16140 -4544 -3420 -1200 -2072 4038
-15008 -5004 -4020 -3405 -1073 5169
-15188 -1864 420 -2124 109 6405
-16496 -632 -340 -142 416 5776
-16740 -2664 -3408 -2068 455 6825
-17040 1316 1456 -875 620 6471
-14704 1200 -228 815 1113 5188
-13436 920 -3284 949 1267 4841
-16172 1744 -2876 -759 -195 6059
-18580 -988 -1052 -537 1213 8710
-23080 7056 -8292 -206 5237 11655
-19196 1264 -3892 -4005 7023 12992
-14096 -276 -1500 -6151 3106 9622
-6948 -1328 -1492 -5728 -1165 2771
-3844 -2092 -348 -2091 -3242 -6180
-5092 -3680 212 112 -5842 -14813
-10160 -2960 -1020 3439 -7054 -22843
-17012 -3844 -404 4780 -7379 -27291
-24140 -1592 60 3897 -6884 -22700
-24548 6060 -7028 266 -6153 -16732
-19808 2900 -3240 -6826 -2211 -12557
-17408 5220 -2432 1275 504 -1607
-16000 3756 -1028 4508 3891 859
-15328 1264 608 4127 3104 6081
-22124 15332 -27820 -32768 974 -4167
-31164 -22532 23224 11028 3478 1433
-21488 -12156 -4700 2564 5882 843
-13916 -8064 -4420 -1109 738 1005
-14188 -5416 -2172 562 -1154 -1248
-13140 -5632 1272 1361 1349 -1195
-14088 -5744 -980 -134 1234 7
-15012 -5552 -1268 -196 1209 834
-14600 -5720 -920 -1304 461 2170
-14672 -6000 -3988 496 1154 1012
-14700 -5100 -1244 1236 798 139
-14404 -5200 -1388 1472 1251 316
-14488 -4972 -1328 1308 1214 -42
-14292 -6244 -2064 261 859 997
-14900 -5256 -2608 1053 914 1240
-14948 -4848 -2316 612 274 1350
-14564 -5992 -2076 852 313 1447
-14680 -5132 -2020 572 299 1905
-14636 -4960 -2452 1012 686 2077
-15160 -3896 -1884 365 573 2847
-15248 -4732 -2552 -215 281 3542
-15636 -3788 -2560 -765 -38 4506
-16184 -2808 -1976 -1631 -934 5507
-15880 -2748 -2756 -2210 -1761 6713
-17768 -7484 -3688 -2415 -2561 7889
-21628 -5524 -2184 828 -942 10722
-18748 -2840 6344 63 -608 12079
-12852 1636 52 2080 -417 10726
-13608 -164 -4972 -978 -262 10912
-17912 -2060 -5052 3110 3121 11781
-17084 2640 -13028 -10750 1338 12028
-11464 -1752 1912 -16608 -1770 8001
-9412 48 1756 -2624 2795 499
-9352 1652 1976 2050 3308 -6692
-11648 1420 -364 -5269 -1293 -9710
-12288 240 2712 -7410 -3223 -13308
-15316 -980 2736 -1382 -2853 -17038
-17972 -2196 472 2147 -2324 -18458
-18484 -3156 -564 4954 -1343 -19723
-18928 -2680 -2312 5546 -1827 -19677
-18916 -2480 -2680 610 -2563 -18138
-17748 -2644 -888 -2649 -2463 -15768
-16072 -3164 -192 -1129 -777 -13239
-15932 -2532 -384 1391 1238 -9547
-14224 -3148 -44 4548 3030 -6478
-13108 -3852 -744 3667 3078 -2787
-12932 -4480 -516 1585 3291 -139
-13356 -5832 224 138 3661 3402
-12540 -6332 920 1688 5171 5385
-12828 -5056 1456 1596 4211 7166
-14328 -1176 980 4737 5016 8810
-5696 -32768 3280 -82 -2482 1017
-19612 -2768 9932 -1750 2282 10730
-14004 -9480 52 2988 4120 5239
-13744 -6224 -5956 -1563 2562 5885
-15856 -4876 244 4034 4310 3448
-14748 -3000 -1152 1261 2989 2310
-14524 -5524 -2636 151 871 1415
-14700 -4912 -1784 387 31 1204
-14488 -5224 -2104 485 399 1106
-15152 -3984 -652 742 -37 628
-15276 -5244 -2948 -392 224 -16
-14688 -5028 -2200 -700 190 -10
-15180 -4644 -1684 -1854 -168 140
-16452 -6260 -736 -2907 -1103 901
-14596 -5088 -2328 -3786 -889 1093
-14768 -4368 -2644 -2296 -335 1457
-14680 -4464 -1880 -1828 269 1121
-14872 -4712 -1880 -1811 202 1186
-15704 -8280 -7656 -929 6579 -4881
-17012 -1448 -1396 1887 985 2228
-16392 -3396 -1508 -1026 -135 1371
-15604 -3980 -1884 -3235 -1368 3192
-15260 -3612 -2256 -4146 -1998 3792
-14376 -4360 -4160 94 823 2093
-15596 -2480 -3616 253 183 2834
-15564 -2812 -1824 -1285 -245 3221
-16816 -1828 -4756 -822 -162 3513
-15900 -4720 -5244 -1095 -62 4714
-19152 -6388 -4428 3141 423 6998
-18144 -1912 128 797 1000 9599
-15100 184 -2440 -781 379 8726
-15972 32 -2148 -4856 -207 9695
-19640 -296 -4320 -5270 3123 12910
-23220 -2664 -2816 -7714 5759 15995
-19884 -1416 -880 -4990 5668 17788
-10912 252 -1008 2275 3985 9325
-5580 1032 -3492 80 174 842
-3072 -2940 -408 -240 -6699 -9555
-6504 -5260 872 932 -11188 -17229
-13124 -5504 -1848 4982 -12105 -26883
-21172 -5852 -2592 7502 -9693 -32417
-26552 -5724 -5480 8904 -7478 -31050
-30008 -3628 -3840 2242 -6135 -26913
-23816 -668 -4120 -8483 -5886 -21638
-18504 468 2264 -8654 -2384 -14336
-15928 3216 1764 3116 1637 -5939
-14588 2712 52 10357 5689 1856
-13848 1444 -444 8570 5789 8799
-13804 140 300 5907 6267 10435
-18600 -32768 32767 973 -13769 14244
-18188 -956 -4644 340 1728 8453
-20464 -3424 -1276 719 6703 4490
-14312 -6176 -5804 -1362 1892 5874
-14320 -3352 2804 -2587 1566 3312
-13924 -6508 -832 2539 3335 -299
-14332 -6208 -1248 -911 1034 2605
-14596 -4716 1204 -817 2266 2587
-14252 -5084 -2364 -990 1551 2318
-14388 -4716 -1012 213 1357 1199
-15036 -3824 -728 -655 1349 -349
-14600 -5000 -1692 -962 833 -1182
-14852 -5124 -1780 -722 261 -1628
-14472 -6308 -1652 -131 431 -235
-14564 -5616 -2212 -208 214 1136
-14708 -5128 -1652 -168 89 1355
-14796 -4996 -1616 -861 -136 1248
-14600 -5012 -1736 -1339 -461 1360
-15012 -5080 -1604 -2193 -425 2202
-15240 -4664 -1608 -2736 -843 2695
-15000 -4372 -1700 -1983 -456 3094
-14716 -4436 -2084 -655 -337 3791
-15396 -3396 -1268 -366 33 4134
-16036 -2812 -560 -1281 -325 4838
-14776 -2744 -1492 -287 455 4156
-16360 -1732 -1688 -1063 -698 4977
-17268 -3440 -2084 1467 -1045 5276
-17820 -2616 -3272 1373 -1546 6434
-16792 -1120 -896 -1209 -2132 6690
-15132 -808 296 624 -1569 6631
-15332 652 -2044 1485 -598 6924
-16848 364 -464 2374 25 8097
-17592 1476 -824 3503 1200 10048
-22468 3044 -6840 3811 4129 11491
-21084 5760 -3132 352 5842 13525
-14264 -2216 184 -1648 3348 10774
-9092 -1704 -476 308 1871 4395
-5520 -1688 1012 -414 -1653 -2624
-6908 -3032 908 248 -4733 -12122
-10760 -3720 -1180 1663 -6395 -20951
-15640 -3684 -1172 570 -6795 -26823
-21212 -4000 -1768 2157 -6509 -28765
-23516 -1544 -2396 2381 -4506 -28535
-23084 -2972 -1920 -4199 -6061 -24338
-21340 -192 -232 -6876 -4754 -18214
-17052 1416 956 -81 -259 -12369
-16588 3768 -492 3199 2533 -2667
-15288 904 -220 4255 4926 5845
-13684 -244 1444 3906 4355 8635
-3428 -16316 13896 8735 1662 9228
-28072 7716 588 -4514 2317 6831
-15104 -5168 7760 2773 5073 5852
-14424 -4720 -6040 738 5992 4143
-13752 -6448 1272 1201 4559 3901
-13952 -6000 -1928 1322 4002 3501
-14940 -5056 -1812 1453 3546 2390
-15200 -5400 -1700 920 2668 2078
-14468 -5584 -2024 693 2247 2326
-14700 -5052 -2352 259 1409 1834
-14352 -4772 -2100 1245 1993 1640
-14468 -4592 -3664 1082 1731 1512
-14756 -4308 -2520 542 948 828
-14628 -4240 -3288 792 1195 165
-15048 -6620 -4352 343 370 415
-15148 -4284 -2184 3 105 167
-14652 -4796 -3884 -430 -240 875
-15020 -5068 -2780 -6 -291 1697
-15316 -3704 -2916 -1203 -896 2091
-15328 -3820 -3280 -1134 -656 2575
-15516 -3512 -3152 -1493 -1727 3096
-15440 -3428 -2272 -1925 -1568 3455
-15220 -3380 -2608 -2722 -1023 4699
-15620 -2636 -3340 -2819 -524 5332
-15020 -3260 -2984 -3685 -899 5833
-17808 -3560 -2856 -3981 -1680 7355
-22092 -6044 -4256 -3041 -431 12188
-15600 2396 680 -2398 -1151 10735
-14132 4564 -3296 -2114 -1786 6830
-15048 500 -4136 -1394 -887 8609
-17284 1380 -3056 -4221 -457 10857
-20496 2772 448 -4501 69 13776
-21852 2572 624 1358 3365 16185
-17136 456 1404 8179 3822 14882
-8912 368 -1020 8817 1789 8588
-4820 -1040 668 7647 -2421 -311
-4076 -1444 -668 5008 -7554 -11277
-7532 -456 -2008 -150 -11048 -21393
-13364 -368 -2284 -2932 -10643 -28633
-20908 124 928 -87 -6908 -29830
-22808 -380 592 3259 -5002 -30155
-23984 1900 -1096 -2382 -7390 -26496
-22380 1368 -384 -10583 -8541 -20397
-18912 3936 1336 -5885 -4459 -14213
-16328 4924 496 5314 897 -5614
-15140 4820 -1576 9912 4728 3222
-16132 -13320 -780 -1387 1051 12490
-20124 2472 -2200 -10914 -401 5493
-19060 -8484 -6372 4944 7171 4831
-16944 -3388 404 1956 5203 3567
-13900 -7152 156 -4569 1357 4475
-13880 -6124 -1296 -2922 1517 3530
-14108 -6244 -428 -1800 2209 3322
-14216 -6088 -1184 -579 2211 3175
-14656 -5380 -712 -198 1916 2022
-14584 -5412 -1616 510 1682 985
-14544 -5332 -1240 400 1071 87
-14520 -6608 -1764 -208 951 965
-14516 -5580 -2188 1011 2699 1001
-15016 -5524 -2944 2838 4088 -42
-14848 -5128 -2332 3166 2680 1061
-15224 -5008 -1436 1688 1385 1475
-15164 -4200 -2432 719 738 1363
-14892 -5180 -2360 536 577 1389
-14780 -4248 -2580 162 394 1454
-15048 -4120 -2744 350 234 1320
-15388 -3868 -2292 -761 -1035 1222
-15024 -4848 -2860 -550 -661 1705
-15204 -4276 -2552 -1164 -1144 2720
-14892 -4352 -2692 -1588 -1855 3940
-15496 -3328 -1872 -1258 -1484 4295
-15288 -2764 -1604 -2447 -1430 4906
-15132 -3108 -2124 -1818 -226 4733
-17000 -2984 -4936 -847 -990 5516
-18432 -3892 -3056 -585 -1617 7262
-20008 -1640 400 56 -1541 7661
-15296 -1252 -1544 451 -1590 6748
-14604 652 -2644 -262 -886 7552
-15928 188 -1564 -1784 -225 9166
-18388 1748 -932 -3189 369 12000
-19976 -124 -1864 -1584 1728 12975
-20356 3528 -428 -556 3644 14494
-11808 -1472 1144 -4027 2542 9907
-10124 -1968 988 150 1597 2203
-7788 -3316 1636 3249 563 -6799
-9228 -2200 560 1270 -3090 -14329
-12728 -2524 324 -276 -5914 -21667
-16076 -3524 692 836 -6455 -26446
-20604 -2696 -420 4011 -6443 -28520
-22272 -3000 -1264 4648 -5462 -28082
-22220 -292 -1140 -527 -6399 -23353
-19376 -4 -1548 -3399 -4540 -20001
-17364 2396 -144 -1328 -1348 -12430
-15528 2900 -876 4985 2526 -4195
-10792 -2580 1212 9894 4837 2488
-11520 -2280 -884 6565 5309 3243
-16524 596 -4404 -2216 4644 9868
-21456 5744 2744 5312 6356 10656
-21316 15872 7816 1337 1827 9373
-23792 -10664 -1208 -5939 8593 5229
-15868 -7188 -9476 -3945 4315 7346
-13580 -4884 3052 1225 4568 2978
-14344 -5192 40 -2314 1879 1681
-14452 -5956 -1820 -1164 1249 1387
-14436 -6744 -1020 -542 1061 1288
-14596 -5716 -1364 -102 244 1126
-14428 -5780 -1220 -777 -153 874
-14588 -5712 -1340 -760 148 1049
-14396 -6100 -1696 -385 455 1428
-14440 -5532 -1832 972 1800 1008
-14776 -4956 -1816 912 395 1069
-14268 -5108 -1136 674 398 1023
-14976 -5492 -1516 857 1084 835
-14976 -4776 -2084 584 569 671
-14728 -4676 -1660 380 -179 242
-14908 -5152 -1792 204 -25 1292
-14880 -4948 -1240 -643 -789 2837
-14540 -4628 -1524 -362 -151 3814
-15084 -4092 -1728 -380 -284 4159
-14976 -3832 -1144 -590 42 4268
-15680 -2556 -612 -992 175 4858
-15648 -2624 -1548 -1643 -258 5358
-18412 -4788 -2976 564 -1502 6066
-19640 -4056 -1680 1912 -1162 7033
-17048 -2244 -924 1607 -1475 7766
-14436 180 -1604 610 -1597 6757
-14336 448 -1516 1079 3 7502
-16804 -304 220 1407 450 8963
-16312 288 392 3446 1649 10394
-17540 3584 -4604 4808 2787 11061
-20260 7864 -7576 -2544 4361 14550
-12852 1748 -1576 -8108 1016 11902
-10748 -2544 484 -1552 1613 5734
-9348 220 -772 1083 1849 -2538
-9648 152 468 -1650 -1656 -9569
-11260 -184 748 -2970 -4350 -15307
-14084 316 0 -428 -3655 -21364
-16348 -16 -372 598 -3442 -24081
-17428 -500 76 4331 -2713 -25115
-19200 -512 292 5537 -4053 -24306
-19812 1504 -2172 1234 -6739 -20714
-19404 884 -2428 -4004 -5332 -18427
-17960 1880 304 -3170 -2557 -10602
-16144 4448 -76 3121 1879 -2604
-16124 2652 -340 8528 5151 6410
-13672 -7308 6660 6553 5499 13447
-2704 -32768 18328 8460 971 1514
-17512 -7376 14184 -1501 4087 4065
-14060 -6416 -4400 -1202 2767 3455
-13984 -6668 2680 -177 1726 3933
-13088 -7880 -968 545 3518 2076
-14192 -5432 -188 875 2727 1360
-14412 -5576 -1432 300 1993 1740
-14496 -5536 -608 520 2194 1336
-14476 -5328 -1708 1174 1212 372
-14888 -5480 -912 980 1056 -381
-13816 -6180 -1332 915 4145 -1312
-14672 -5944 -2132 541 2312 195
-14768 -5812 -2268 853 1257 1049
-14728 -4916 -2072 1006 856 868
-14780 -5204 -1548 204 259 681
-14772 -4744 -2188 -316 -249 322
-14576 -5316 -2024 -536 -1686 26
-14420 -5548 -1756 -279 -1327 240
-14748 -5356 -1692 -574 -971 107
-14520 -5576 -1784 499 -694 302
-14748 -5588 -1804 493 -195 338
-14720 -5048 -1668 -301 -480 222
-14460 -5448 -1624 70 -365 326
-14548 -5232 -1684 155 -324 640
-14584 -5332 -1620 658 -111 664
-14448 -5308 -1572 821 -51 1048
-14920 -4740 -1692 317 -124 480
-14824 -4848 -1528 -155 -468 610
-14664 -4528 -1824 529 -594 676
-14676 -4692 -1296 487 -906 -234
-14764 -5284 -1508 852 -875 -149
-14708 -4892 -1076 515 -511 50
-14660 -4884 -1176 416 -337 412
-14712 -4820 -1132 -249 -768 610
-14700 -4828 -996 363 -428 733
-14724 -4472 -1076 88 -320 398
-14836 -4640 -808 134 -641 8
-14716 -4788 -804 9 -671 3
-14944 -4596 -832 166 -648 91
-14628 -4572 -712 336 -527 -6
-14660 -4872 -728 523 -337 161
-14868 -4496 -720 317 -285 285
-14796 -4540 -820 451 -43 254
-14780 -4468 -880 376 -243 54
-14680 -4572 -536 289 -294 -18
-14824 -4680 -728 377 -186 43
-14772 -4620 -528 358 -220 159
-14704 -4572 -548 454 -207 195
-14876 -4620 -684 419 -175 218
-14776 -4376 -576 429 -206 161
-14696 -4364 -532 374 -216 81
-14748 -4500 -612 295 -294 41
-14824 -4428 -540 324 -264 93
-14788 -4508 -624 341 -157 120
-14732 -4516 -424 395 -140 99
-14688 -4544 -464 394 -57 118
-14836 -4444 -404 376 -90 109
-14788 -4444 -448 417 -45 105
-14852 -4452 -448 403 -96 151
-14828 -4312 -412 453 -9 159
-14872 -4400 -356 489 -44 179
