-14412 3360 -7764 3045 -341 571
-14576 3396 -8072 2288 -278 250
-14248 3136 -7628 1533 -72 100
-14440 3188 -7384 924 133 168
-14428 3004 -7436 565 261 -6
-14372 3356 -7504 132 523 44
-14584 3068 -7544 -179 287 -218
-14472 3024 -7500 -321 94 -302
-14568 2892 -7464 -350 45 -321
-14528 2884 -7576 -332 29 -352
-14384 2632 -7572 -201 -62 -311
-14428 2828 -7748 35 28 -220
-14480 2748 -7752 184 -27 -131
-14484 2740 -7648 362 -18 -33
-14412 2848 -7716 520 20 -18
-14416 2748 -7580 720 -32 4
-14520 2828 -7608 789 -14 34
-14404 2792 -7616 834 22 5
-14512 2956 -7732 803 45 55
-14452 2952 -7472 779 50 3
-14620 2920 -7520 751 34 28
-14464 2832 -7792 734 -13 -20
-14428 2928 -7700 588 85 50
-14360 2832 -7660 539 28 -8
-14600 2972 -7684 427 79 50
-14412 2804 -7528 468 123 23
-14448 2880 -7816 412 96 154
-14328 3276 -7836 222 108 129
-14400 3252 -7252 -39 -75 209
-14652 2716 -7956 563 62 -675
-14256 3008 -7896 79 -63 -608
-14576 2700 -7636 -41 -158 -361
-14240 2744 -7620 115 -78 -136
-14604 2956 -7572 45 87 -68
-14404 2916 -7848 173 -141 -383
-14428 3096 -7720 16 -35 -304
-14432 2992 -7732 170 140 -368
-14464 3040 -7548 104 31 -303
-14284 3052 -7628 -420 89 -59
-14560 2808 -7572 -902 521 -407
-14272 2608 -7508 -1137 687 -484
-14556 2728 -7644 -1021 800 -617
-14660 2780 -7052 -726 644 -640
-14532 2596 -7636 -121 329 -598
-14460 2880 -7548 -148 220 -128
-14392 2320 -8012 136 -20 -208
-14424 2516 -7796 208 223 -74
-14496 2532 -7848 335 248 -237
-14492 2456 -7972 352 244 -143
-14272 2468 -8144 368 111 -143
-14428 2440 -8096 422 162 148
-14168 3332 -7680 -21 298 543
-14308 3428 -7696 -743 573 110
-14120 4164 -8092 -1627 1238 -627
-13604 2928 -9188 -871 2068 -1866
-14036 3124 -9880 -652 1764 -808
-15900 3256 -7780 -3743 1244 -3079
-14792 -636 -7816 -2541 1080 -3289
-14076 412 -7720 -1208 511 -3019
-15336 1424 -7432 -1052 93 -1298
-15160 1928 -7088 -1253 -1365 -1292
-13872 1844 -6792 -2088 -1920 -1424
-14760 424 -6492 -2490 -2282 -221
-14064 1636 -5668 -3178 -2313 606
-14424 492 -5916 -2488 -759 1613
-14748 2176 -6884 -1208 947 965
-14424 1692 -6488 -1988 184 982
-14648 1180 -6428 -1737 746 803
-14424 832 -5968 -1699 1938 941
-15000 1108 -5892 -1643 2926 557
-15648 288 -4684 -1773 2314 -426
-16484 176 -11308 787 2718 -16
-21344 2860 -11088 5965 -646 -2541
-12088 6728 -8944 -61 -5526 3308
-9156 5480 -8716 -1558 -2539 6274
-13364 5608 -9208 1535 -831 2784
-14648 6904 -8216 168 -1250 4593
-11948 5344 -7632 -399 -1886 2595
-12900 5648 -6584 -506 479 2906
-13820 4904 -6976 -164 235 1974
-14596 4596 -5828 977 -1102 977
-14452 4048 -5696 2214 -2377 1345
-14564 4076 -4476 3289 -3194 1038
-13968 4068 -4020 5168 -3246 537
-14116 4740 -4740 5346 -2052 1077
-14256 6100 -4448 4433 -2861 1821
-13488 6624 -6288 4585 -174 2344
-16104 8408 -7420 2998 -1145 2304
-16688 9576 -6436 3371 93 2891
-16188 4188 -5144 5486 -2105 -1055
-14680 8700 -7412 3403 2211 1005
-11876 6092 -9172 1947 870 -617
-13876 5828 -11232 1944 1750 -2475
-11048 5052 -9732 511 899 -3559
-12180 4400 -9128 1275 828 -3654
-13744 3308 -8976 1786 924 -3749
-11256 4076 -8744 1672 881 -3555
-12524 2964 -9132 2291 2200 -2766
-13564 2764 -9776 2775 2213 -2380
-14572 2820 -8352 1803 1580 -2507
-12968 3176 -8104 658 745 -2168
-14220 2532 -7116 -731 1096 -1035
-14736 1956 -7172 -1933 -1093 -1137
-14440 2644 -6876 -3188 -1068 -756
-14380 1840 -7104 -3276 -1386 -564
-14072 1632 -7340 -3098 -1264 -1571
-13624 1504 -8156 -2015 1086 -675
-14060 2880 -9108 -2573 1974 -1012
-15240 2016 -8944 -1696 3007 -1569
-14904 2056 -7380 -1283 3226 -1173
-14732 2604 -10160 -1604 4097 -919
-16892 1672 -7784 715 2309 -487
-14824 1412 -8692 -1030 602 -136
-15992 1192 -8944 -266 2027 2864
-14424 3024 -11044 -95 -1780 1031
-11676 5120 -11124 -2408 -2139 1489
-11024 5448 -11104 -1711 -2253 -24
-14476 3172 -10528 -811 -2396 852
-13196 5552 -8360 -870 -2784 872
-12552 4132 -7808 -112 -3382 1153
-12504 3312 -8216 1504 -2165 1132
-12928 5804 -6988 797 -2902 410
-12972 4396 -6512 1281 -3068 -730
-14020 2928 -6512 2816 -2637 -224
-10192 2196 -7876 5082 -2718 -1203
-11828 3572 -4308 4853 -2250 -660
-13876 2708 -4696 5411 -1131 -1229
-15856 3564 -4160 4299 -3605 -3220
-13872 -364 -5304 5668 -1592 748
-18724 4268 -4288 7666 -1459 -93
-15920 5520 -5000 4002 -795 1388
-19880 5700 -3716 980 56 1201
-17308 2328 -2724 445 -1212 2193
-16340 3648 -4980 461 -673 2157
-17204 7452 -9020 -2635 1264 1387
-12240 936 -11392 -1824 -1600 -1320
-11204 1488 -10028 1088 2814 -970
-15980 4528 -9632 -322 1767 -974
-13048 3488 -8128 -1568 1198 -2731
-14280 2644 -7624 -812 2125 -2148
-13216 1436 -7288 -894 1795 -1561
-14236 2136 -8248 147 2954 -593
-13976 3484 -7952 -973 1608 9
-15428 3024 -6760 -2098 1367 979
-14668 1596 -6472 -1477 -727 -372
-14460 2760 -5896 -1762 14 385
-14616 2944 -6448 -3092 -264 620
-14388 2744 -6436 -3044 -69 -59
-15204 1956 -4912 -3950 -778 -743
-14516 772 -5592 -4070 -1175 330
-14800 228 -4048 -3081 -1908 844
-14880 -1616 -5348 1739 -868 814
-13664 2752 -5224 3122 531 639
-15008 4620 -6980 2674 1179 534
-17720 4516 -9724 4886 2310 -154
-15952 2668 -9036 3520 3182 4432
-14708 3568 -11756 4374 744 2452
-12676 9696 -8716 827 117 2305
-14584 5500 -8248 -76 -2001 1598
-13352 5964 -6764 -398 -2340 2756
-11844 4264 -7704 273 -3108 2283
-14864 7500 -8516 -522 60 2396
-14272 7148 -8228 -3074 -2335 1093
-13020 5968 -6732 -3488 -425 2043
-12216 3232 -5712 -1137 480 2089
-13988 6764 -4020 228 771 1362
-14328 6500 -4660 -1626 -891 -945
-16232 3972 -5220 -364 339 401
-13640 5532 -4300 649 -834 -478
-14184 5632 -4120 1783 245 -336
-12804 5380 -4144 2119 -37 -886
-13412 5848 -4492 2754 1115 -1936
-13844 5004 -4140 2559 1131 -1119
-14552 4276 -4328 3767 1167 -1203
-14660 2448 -3848 5256 903 -434
-15448 4656 -5200 6118 776 903
-19576 12636 -12352 2508 2329 4128
-15624 6884 -7916 -489 -1893 400
-10972 2640 -8520 1724 1065 -3586
-13248 6624 -9192 284 1582 -1374
-12312 3952 -9740 1195 190 -2086
-12792 5564 -9148 842 722 -2120
-14024 4568 -7964 72 620 -2460
-12952 4080 -9040 -142 135 -2483
-13924 3516 -8324 -712 613 -2179
-13740 3688 -8484 -1734 -548 -1910
-13588 3612 -7400 -2012 212 -2471
-14544 3080 -7028 -1900 -95 -2558
-14144 2780 -6884 -2074 -476 -2174
-14188 3832 -5840 -2779 -1107 -890
-13996 3788 -5692 -4614 -578 -576
-14488 3108 -5964 -5696 -504 -34
-14860 2468 -6660 -4740 246 54
-15228 1916 -5188 -3855 186 270
-15752 1300 -4816 -2043 10 126
-13964 444 -4496 -801 -217 -336
-14972 1016 -7224 638 870 100
-22936 5828 -11048 6827 5364 -4499
-13480 5592 -10552 468 -2935 -273
-9744 4356 -8200 -441 -1205 1883
-13800 4052 -7892 2319 196 497
-15612 4728 -8580 1652 51 1511
-14700 4760 -6984 1109 -3079 1354
-13732 4040 -6252 1216 -2968 1402
-13588 3704 -6220 2064 -2256 888
-13968 4360 -6128 2781 -1458 319
-13968 5276 -6520 2722 -1163 -232
-14068 4264 -5664 3140 -1974 -571
-14088 3924 -5020 3326 -684 -6
-14528 3928 -4468 3202 -1508 -254
-13544 3996 -4380 2746 -330 -67
-14988 3772 -3932 3014 -42 -606
-15336 3056 -4860 3805 68 -715
-15144 4308 -4028 3867 -149 -124
-15128 3784 -2616 3891 -864 346
-14728 3844 -3248 4585 -75 622
-19784 6528 -7564 3667 1717 4099
-18540 7692 -9472 -2424 -847 5874
-9432 1928 -6392 -211 -1019 -416
-12484 1344 -8216 2652 3659 -196
-17376 4564 -9600 232 662 -142
-15216 4056 -8544 494 122 -2347
-11984 3464 -7932 186 226 -3267
-13668 2656 -7700 208 2490 -1589
-14796 2596 -7204 -400 1427 -1996
-14632 2004 -6804 -1188 819 -1349
-14108 2368 -6252 -1392 703 -1113
-14024 2216 -6140 -2262 560 -142
-14644 2096 -6552 -3230 596 273
-15036 2020 -6524 -3238 737 362
-14480 2252 -5928 -3321 696 -227
-14192 1244 -6628 -3025 1965 151
-15776 1436 -6804 -2669 2376 -716
-14688 2372 -7260 -2903 3099 -196
-20260 2860 -10124 979 3397 -1485
-15372 2332 -11148 3456 -1139 -623
-10400 5976 -8408 -1295 -2196 4258
-12060 6808 -7704 -613 -966 1713
-13948 6456 -8872 -1332 306 582
-14676 5000 -8276 -1325 -1658 1523
-13412 3624 -7456 712 -1974 1539
-13044 5028 -6692 1049 -1609 1350
-13768 5828 -5840 430 -1165 664
-14332 4308 -6592 1705 -346 -364
-15372 4392 -6540 3311 -1008 -657
-13580 4448 -6220 3740 -2389 -606
-13868 4600 -5612 3374 -1632 389
-13836 4884 -5724 3019 -1155 205
-13444 4992 -5964 3365 -605 309
-13864 3936 -5172 3115 -522 395
-13424 4496 -4656 3350 -180 132
-14816 4356 -4160 3575 37 -727
-16016 4572 -4392 3585 -318 -925
-14780 3660 -3388 3346 -1239 -455
-15788 5336 -5256 2870 -207 472
-18768 9168 -9988 -274 1507 2802
-17020 4040 -8184 -1695 -2791 1014
-9592 1776 -8264 2090 1277 -1824
-13264 5268 -10408 493 2048 154
-13328 4176 -10708 -480 838 -382
-14376 4984 -9064 -1001 2817 -1685
-14184 3512 -8448 -1833 1579 -2655
-13084 2672 -8548 -2021 2273 -2337
-14472 2788 -8940 -1685 2071 -1911
-14040 2532 -9184 -1100 1887 -1837
-14036 2952 -8856 -749 2032 -1404
-14576 1724 -8212 -292 1436 -1150
-14752 2580 -7512 -505 159 -530
-13620 2612 -6664 -762 -444 -319
-14724 2216 -6904 -1110 -440 364
-15016 2912 -6612 -1767 -1341 314
-14600 2116 -6776 -1937 -1799 40
-14044 3024 -6228 -2747 -885 -119
-14976 1564 -6692 -2765 235 409
-14232 1800 -6452 -2390 468 295
-15600 1076 -8124 -930 2061 730
-15628 4248 -7408 -1294 1320 -435
-16804 3984 -8736 -162 3894 -946
-16292 1404 -8764 2164 2237 -915
-15272 2676 -6588 2205 1619 255
-13132 3304 -6272 -432 857 1310
-13372 2684 -8760 1642 546 383
-13500 3900 -10292 2550 -1723 371
-12780 5572 -9844 1767 -2992 1260
-12180 7032 -9752 1079 -2730 965
-14968 6040 -9540 702 -1451 2226
-13900 5336 -8236 78 -3187 1987
-13380 5116 -7412 -75 -2380 2240
-13320 5784 -6636 -462 -1834 2191
-13892 5024 -6720 444 -90 1760
-13900 5220 -6896 803 365 955
-13192 4872 -5728 1298 -895 405
-13844 4432 -5164 2182 -568 74
-14108 4436 -4724 3134 -1029 -315
-13564 4896 -4912 3813 -1551 -1478
-14972 4812 -4728 4748 32 -598
-14072 3684 -5664 5662 -1378 -959
-14152 2940 -5168 6585 242 498
-13632 4036 -5296 6298 -654 439
-14812 9104 -8348 3832 1618 2665
-19216 5400 -9096 1830 -741 3736
-10200 1524 -4600 2795 -30 2610
-13392 6968 -12024 3088 4053 2748
-13168 5204 -11956 953 443 1678
-14964 4768 -10776 2103 2791 -96
-12904 3812 -10796 1541 2351 477
-12600 4540 -11476 2151 2988 501
-13256 4332 -10096 1901 1723 190
-12164 4380 -11336 1424 1092 -152
-12480 5288 -10176 449 852 -669
-13084 3780 -10188 1410 -49 -810
-12876 4016 -10292 1724 433 -1132
-13044 5248 -10528 373 -77 -1854
-12708 3888 -9456 256 -517 -2286
-13248 3900 -9472 292 -1143 -2199
-13160 4232 -9588 819 -1314 -1286
-14104 4380 -9864 1110 -1556 -1647
-12836 4548 -9488 497 -917 -1648
-14356 2924 -8912 470 -850 -1592
-13844 3204 -8916 383 -1563 -2020
-13912 2432 -8612 539 -541 -1744
-14420 3100 -7860 -470 -2409 -1741
-14680 1872 -7568 -337 -2330 -1706
-14288 2912 -7612 -1404 -2457 -2151
-13476 2296 -6688 -2144 -1336 -811
-14968 2024 -6752 -2299 279 -737
-14760 2332 -6812 -2592 156 -1138
-14680 1800 -6708 -2234 -26 -925
-14824 1152 -6728 -870 -43 -891
-14144 2244 -6128 -1543 315 -860
-14356 2196 -6772 -2414 1336 -31
-14392 1176 -7276 -2596 1378 349
-15048 1548 -6984 -2863 2134 731
-15240 804 -7128 -2135 1781 469
-15420 1836 -9544 -1619 2929 1020
-17104 3944 -9844 151 2619 -751
-16616 3348 -8632 760 1215 -1289
-14260 1988 -7012 -1320 1746 1480
-12628 2936 -7216 -1116 353 578
-13176 3428 -9128 -623 -204 28
-11804 3688 -11752 276 -126 1095
-13996 5836 -9988 -658 -1506 1501
-12732 7064 -9852 -1700 -2012 1271
-13376 4628 -10384 -699 -2552 1219
-12188 4864 -9296 -80 -1325 2823
-13200 5136 -8164 160 -1839 2735
-12276 5908 -7920 -267 -1859 1741
-13852 5616 -6496 -833 -3380 599
-13800 4708 -5768 -1036 -2740 -130
-14756 4412 -5472 286 -3150 -1007
-13252 3996 -4596 1182 -2970 -1197
-15844 4088 -3596 2776 -1799 -1844
-13916 2832 -4312 3838 -1859 -2685
-15232 4400 -5084 3986 -1005 -2016
-13564 3664 -5796 4510 -2332 -1859
-13684 2740 -3468 5037 -1992 -1970
-9240 3012 -4136 5560 337 -1530
-14612 2616 -3060 7021 5299 91
-15616 3752 -3840 5669 812 -909
-16164 6832 -4800 3717 -236 980
-31496 11692 -18796 -2760 7744 11105
-12892 444 -3320 -2580 -5378 -715
-12420 1948 -8524 4762 6951 1560
-14096 3932 -9560 1773 -1628 209
-11784 3676 -9136 3832 2203 -805
-14868 4840 -8292 1645 -126 -3016
-13620 1648 -9560 1421 -492 -3142
-12916 4092 -8820 1740 781 -1984
-14732 3040 -9220 652 516 -2268
-13748 1840 -8912 265 -70 -2509
-14744 856 -9260 810 -602 -2575
-14136 2312 -8084 292 -1292 -3004
-13516 1756 -7752 -88 528 -2658
-14548 720 -7620 -884 887 -2347
-14348 744 -7572 -1512 608 -1849
-13968 1436 -6932 -2627 830 -652
-14840 -300 -6572 -2478 915 -608
-14868 988 -7420 -2160 548 -238
-14820 1300 -6984 -2549 570 -10
-15396 40 -7424 -1966 527 -525
-14472 384 -7144 -2089 509 151
-13964 1116 -7456 -2549 2001 1094
-14992 540 -8580 -3390 2867 1321
-17100 -268 -9908 -1703 2311 1059
-16096 1332 -10896 1158 4438 810
-17444 4092 -8432 -1022 1659 -1021
-13632 332 -8104 -2801 1480 1168
-13812 1440 -9224 -2497 2468 2414
-11604 3216 -9124 -2125 1316 368
-12728 2764 -10960 -46 2111 1174
-13924 4396 -11388 155 355 854
-12484 6552 -11016 -1249 -673 1087
-12268 4740 -10400 -917 -2544 1048
-12404 3656 -9116 688 -3297 1869
-13436 3720 -9156 1939 -3949 1466
-13364 6060 -8644 1246 -3547 1479
-12240 5848 -8584 348 -3605 805
-13200 4784 -8244 228 -2070 995
-13220 4136 -8312 884 -3145 501
-12120 3816 -6708 1954 -3303 197
-14244 3652 -6488 3413 -2149 -942
-16224 4872 -6464 2281 -1967 -1591
-14512 4064 -6132 1738 -2889 -216
-14432 2784 -5372 3334 -1491 675
-14100 3208 -4404 4609 -2121 1054
-13936 4276 -4208 4406 -876 840
-13900 2396 -4572 5122 -1383 -84
-14772 3032 -4592 6334 -806 -793
-15872 2920 -3956 7428 -1022 -1107
-16848 7388 -9060 5916 1921 2408
-16484 11192 -11964 -135 569 2338
-14092 3504 -5228 -2840 -1135 4111
-11412 -672 -5440 4050 1908 1470
-13804 6160 -9468 588 2846 1749
-14340 5296 -10240 178 1082 -28
-12664 3688 -10168 573 2032 -2143
-13544 4328 -8624 -1220 1296 -802
-14076 3304 -9060 -1379 1113 -1338
-12692 3156 -9576 -445 526 -1416
-14912 4636 -9764 457 2083 -1243
-12960 3792 -9180 -272 1286 -1991
-14360 3780 -9220 -559 2241 -2222
-13972 3264 -8112 -1749 1069 -3019
-13800 2448 -6784 -2079 388 -2248
-15140 1956 -8232 -1849 -170 -1169
-14392 2844 -7576 -3569 -1248 1319
-15488 3000 -6252 -3239 -1751 -646
-13900 2728 -7456 -2167 -1234 -1993
-14516 2808 -5680 -2402 -299 -2067
-14016 2900 -5980 -2827 -2006 -1940
-13440 2500 -5696 -3096 -927 -163
-13404 1968 -5948 -2227 421 -393
-16208 2360 -5304 -2054 901 507
-14100 2200 -8228 -2426 2390 -130
-15968 6188 -8096 -4994 2427 -174
-15756 3344 -7176 -4737 1693 -1801
-19916 1652 -10960 -1103 3567 -1372
-12540 4020 -9648 -656 -1684 1503
-9424 6104 -8076 -160 -812 1994
-16400 4672 -8728 211 -1187 525
-14460 6740 -8420 -100 -1475 1256
-13928 5340 -7540 -170 -3141 501
-13120 4224 -7088 854 -2003 1233
-13400 4168 -7028 2744 -1414 1427
-14920 5960 -6748 3626 -1486 1894
-14192 5332 -6580 3483 -1204 1911
-13536 5180 -6552 3079 -77 1959
-13988 5804 -5468 2540 592 1796
-13972 5048 -5240 2888 142 1073
-13296 4192 -5196 3151 469 301
-13432 4116 -4436 3367 938 -324
-14364 4640 -5052 3661 1157 -637
-15732 4448 -4932 4418 -351 -932
-14320 3844 -4604 4950 -648 -329
-15264 4128 -4536 5384 -2443 -242
-14112 3368 -5712 6099 -3160 609
-11276 7544 -5196 5099 -3085 -108
-24276 10676 -13876 -985 -1053 5478
-12216 -828 -7700 2862 -4336 -2867
-15068 3292 -10932 4546 3959 1788
-14164 4944 -10128 2795 -647 -1518
-12280 1876 -10248 3099 1540 -1146
-14312 3532 -9592 2319 323 -1870
-13240 3244 -7900 973 145 -2036
-12816 2996 -8408 642 524 -2327
-12840 3944 -8840 -525 1587 -1842
-14132 2628 -9456 -261 1513 -1770
-14844 2164 -9732 -558 794 -1435
-14124 2088 -8368 -220 1334 -1574
-14488 2048 -8124 -661 315 -1551
-14352 1780 -7672 -716 41 -1560
-14872 2004 -7012 -1108 -320 -1387
-15076 1680 -6712 -1496 -1022 -1475
-14124 1772 -6476 -2242 -1206 -1026
-13732 1244 -6244 -2046 -895 -1130
-14968 1384 -6664 -1789 -950 -393
-15844 1008 -6560 -1615 -540 600
-15492 1980 -6188 -2198 -732 799
-13676 2340 -6200 -2939 -391 773
-14136 1800 -6204 -2612 582 1008
-14472 868 -6468 -2077 1196 1495
-15228 376 -5968 -1361 1654 2437
-14556 3208 -6936 -1748 2630 2461
-19912 3144 -7644 404 4865 -743
-17120 812 -11324 4563 2777 -2633
-14196 4080 -9316 1719 -1015 530
-10640 4724 -9648 893 -730 1438
-12140 5456 -9972 337 893 533
-13100 5204 -10024 -260 -1174 106
-14244 3856 -9696 74 42 1879
-13176 4040 -8040 548 -1524 1990
-13248 4268 -7852 1633 -974 2049
-14760 5060 -8756 2450 -1234 2320
-13840 6260 -8288 1737 -2811 2222
-12788 5544 -8016 1532 -2532 2559
-14424 5220 -7084 420 -1742 2443
-13728 4888 -6316 211 -3150 1020
-13544 4360 -5744 649 -2397 589
-13456 5004 -5204 960 -2134 112
-14096 3792 -4984 1706 -1548 -319
-14440 3808 -4972 2306 -1210 -251
-14704 4256 -4612 2946 -1400 136
-14344 3136 -5288 5243 -968 487
-14580 5912 -4652 4019 -682 1525
-14236 5104 -4388 3401 128 1210
-14784 5420 -4264 3706 1141 431
-15168 3780 -4156 5131 1619 505
-15952 10252 -9788 3262 3388 1795
-17452 7204 -8992 378 1490 1741
-14900 2900 -4712 2288 -805 480
-11340 6016 -5744 2701 2343 2188
-13724 4528 -9976 1139 1050 2364
-12872 5536 -11256 2051 1860 456
-13456 5760 -10620 589 621 -2433
-11172 4240 -9628 -500 -76 -1905
-12004 4752 -10832 -96 1825 -2731
-12340 4780 -10200 -216 2009 -2681
-13776 3212 -9304 853 2349 -2115
-13340 3944 -10040 975 132 -2347
-13628 3324 -9416 753 687 -1739
-14616 3988 -9020 446 -1442 -2257
-13444 3560 -8520 -535 -1580 -2713
-13376 3784 -7436 -1709 -1656 -2386
-13532 2812 -6820 -2973 -2128 -2515
-14624 2924 -7812 -2794 -1073 -1063
-15584 2892 -7112 -2259 -1673 -1686
-14428 4008 -6636 -3497 -2349 -3044
-13292 1736 -6092 -4854 -220 -1423
-14392 424 -6388 -4444 -972 -716
-14272 1440 -5780 -3343 -457 107
-15152 2224 -4788 -4842 -558 41
-15416 1652 -4720 -4795 428 -594
-14548 2460 -4708 -5521 647 -1624
-23084 1820 -8660 -1064 1286 -1877
-17060 5996 -6884 -187 -5437 -4770
-14228 5472 -6956 -1536 -3911 -58
-12080 3308 -8636 -536 -2605 3946
-11988 5368 -8576 -44 -592 3850
-11144 4544 -7552 3 500 3280
-15256 5028 -6040 876 121 2856
-16444 4976 -5672 1558 -833 1248
-13848 3928 -6396 1398 -182 2517
-13448 7060 -5468 405 -174 2603
-13872 6052 -5112 -453 912 1613
-14940 4136 -5944 306 -665 1186
-13748 5184 -4696 1842 -349 1491
-14980 6216 -4764 3172 -776 1402
-13568 5988 -4376 2856 -1713 1218
-13772 5672 -3832 3166 -1667 784
-14784 4312 -4044 4364 -731 205
-14848 3852 -4012 5138 -2481 -141
-13128 5276 -3488 4634 -1253 -597
-13844 5244 -3552 4316 -457 -865
-13420 4560 -3484 4402 -64 -1730
-13924 4604 -3628 4210 1014 -1704
-13928 3648 -4780 4539 1615 -2057
-15520 4292 -3812 4222 2048 -1319
-14960 6680 -6388 3234 1437 -1138
-21496 7240 -8728 -313 1456 3286
-14276 2840 -5464 1958 -537 -1040
-17088 8620 -9092 797 1557 -3
-11616 4088 -7856 822 920 -3579
-12408 2528 -9444 1224 1588 -1793
-13580 4476 -9084 -246 5 -2062
-13864 3260 -9280 -597 629 -2649
-13936 2916 -9284 -265 428 -3652
-12412 3084 -9176 -365 1385 -3093
-14276 2596 -8676 -956 1348 -2194
-14516 2080 -8492 366 -43 -2612
-14028 1044 -8964 2206 206 -2729
-13804 1976 -7672 1362 -676 -1107
-14308 2196 -7816 -526 698 88
-14624 1512 -7272 -2312 220 152
-15144 948 -7076 -2870 -635 -1007
-14928 1160 -6448 -3091 -421 -885
-14488 1460 -6296 -2933 591 -802
-14600 1124 -6660 -2213 994 -1117
-14596 784 -6596 -2005 1234 -578
-14144 1100 -5792 -2145 710 324
-14468 364 -6680 -1851 619 1766
-14292 856 -6404 -1291 283 2112
-14800 2020 -7176 -1133 1132 2540
-14856 2948 -5844 -2658 433 2196
-14836 2032 -6048 -3546 1748 2193
-17292 1736 -11388 -1284 3714 2122
-22168 4828 -9084 2065 2651 -2124
-12656 3572 -8664 -1069 -2206 234
-11052 4224 -8672 -2749 -3202 2697
-10592 4900 -8744 590 -1412 1530
-15044 6480 -9088 696 -702 1492
-13636 4652 -9068 1194 -2291 606
-12484 5404 -7576 1202 -1707 1523
-13064 5680 -7476 669 -1496 1632
-14740 5352 -7408 843 -1040 1537
-14036 5940 -7212 571 -1649 1868
-14056 5292 -6268 550 -2137 1659
-14340 4904 -5668 2045 -2876 1062
-13828 4988 -4516 1559 -2341 1589
-14684 4672 -3804 2034 -2976 621
-13572 3408 -4192 3226 -2989 -782
-13864 4000 -4660 4510 -1000 -227
-14784 6396 -4316 3221 -1435 -635
-14304 5164 -4208 3048 -384 -581
-15252 5320 -4616 3929 686 -704
-14784 4704 -4068 3842 980 66
-14460 4356 -3492 4792 1639 -121
-15268 8148 -7372 3307 4588 2286
-16416 4912 -5680 3600 -1187 -257
-15004 2928 -5548 3064 -198 1553
-18308 9468 -10604 289 870 2765
-9660 4720 -8096 273 1182 -1621
-12020 4268 -9664 2116 2815 -559
-13008 4196 -10712 1721 1949 -379
-12508 4560 -10856 602 1560 -1057
-12472 4876 -9604 -656 371 -1561
-14008 3660 -8104 -912 446 -1442
-15472 3336 -8036 252 -1021 -2408
-13836 3928 -10168 -156 -2999 -4364
-12916 3772 -8348 -606 -1125 -2519
-14400 1864 -8440 797 -641 -2406
-13792 2256 -8540 1287 -712 -2685
-13956 3656 -6340 607 51 -656
-14524 2884 -6180 -606 240 -1028
-14520 2656 -4688 -1880 -952 -204
-14972 2768 -5852 -1462 -78 -571
-15172 3396 -6400 -2406 -1250 -1135
-14160 2636 -5052 -2924 -1283 -1803
-14320 1472 -4844 -3509 -1441 -1611
-13572 1224 -5332 -3070 -700 -94
-14312 2608 -5256 -3856 363 869
-15428 1052 -4248 -3740 217 1096
-15512 1048 -4928 -2337 1726 1486
-14480 4304 -4612 -3327 2527 1942
-18924 -176 -10292 1795 7497 1284
-21044 4524 -9408 4124 499 -3859
-12408 5672 -8564 -1308 -2767 1133
-10812 2632 -9548 -678 -446 1729
-15180 4608 -9100 1514 273 1768
-14020 5092 -8424 506 -2983 1831
-13064 4292 -6584 742 -2764 2111
-13784 4236 -7188 2083 -852 1779
-13040 5416 -7416 1544 -735 1241
-13700 6324 -7692 402 1099 1671
-14080 5468 -7184 212 596 1533
-14216 4496 -6668 1561 -255 1334
-14448 4584 -6644 2090 -1050 1490
-14812 5232 -5836 1354 -2294 1369
-14240 3840 -5568 2130 -2587 752
-14496 3792 -5140 3493 -3237 111
-14244 4628 -4556 4086 -3106 -304
-13776 5060 -4760 3517 -1771 -481
-14564 4080 -4944 3487 -827 314
-14176 4820 -4112 3682 -610 110
-13784 4504 -4328 3679 1036 -94
-14992 3652 -3660 4554 759 40
-14576 4312 -3620 4145 -266 985
-15036 4044 -2688 4203 319 1502
-15692 8056 -6036 3542 1766 1613
-18072 6484 -7692 1772 -105 549
-16120 5876 -7580 258 -1152 2183
-14640 4152 -7988 2156 -293 111
-11652 4668 -10016 2511 1881 -457
-13900 5440 -10124 2168 1184 -1498
-12256 4976 -9032 -211 359 -2151
-13264 3768 -8760 225 704 -2672
-13140 4528 -9176 -508 157 -2430
-14536 3608 -8460 -400 173 -2143
-14656 3052 -8604 -217 -376 -2432
-12532 3504 -9068 -151 49 -2764
-13436 3004 -8100 750 2321 -2887
-15044 2992 -7852 -318 1323 -2101
-14564 3248 -6584 -1545 493 -2555
-14500 2512 -5740 -2767 -644 -2035
-15140 1376 -5448 -3002 -567 -1736
-14740 2632 -6048 -3987 -1304 -1007
-14940 1596 -5080 -4528 -852 -1372
-14852 1400 -6500 -3659 425 -1492
-12988 1776 -5772 -3849 889 -1236
-13960 696 -5712 -3133 1342 -550
-14764 1300 -7616 -2350 346 293
-14488 1280 -5592 -1058 1358 867
-16716 2264 -6860 -1899 2072 1942
-15872 1940 -5564 -2463 3174 1415
-16756 1236 -8956 -2313 4659 1210
-18796 3592 -7836 442 4323 -658
-16816 4812 -5640 -74 1212 -844
-10664 1100 -7980 -398 -2746 -783
-13336 4672 -9732 1157 -1280 670
-14804 6768 -9924 853 -3814 1103
-10868 5036 -9992 90 -425 3178
-16020 6712 -9660 -591 -1956 2119
-13248 4032 -7904 -872 -2751 2055
-13124 4680 -7524 -1599 -1551 2396
-13368 4792 -7176 -1036 -1589 1864
-13088 5332 -6964 -562 -1045 1497
-12708 5528 -6864 326 67 1310
-13784 5352 -6744 468 1249 1557
-15392 5592 -6852 867 -779 638
-13164 4496 -5808 1745 -2021 477
-14300 4544 -5424 2276 -685 423
-14760 5432 -4904 1671 -2178 -101
-13952 3576 -5400 2773 -2027 -720
-15004 4304 -5016 3996 -1293 -418
-13872 5232 -4420 4257 -1407 -1369
-14148 3364 -5272 5178 -713 -1486
-14048 5064 -4708 4873 -266 -900
-13964 5448 -4824 3877 -99 -682
-14040 4264 -4796 3687 1371 -479
-15264 3656 -4304 4492 1187 -1014
-14072 1492 -4752 5906 1040 -614
-13496 3376 -2876 5417 876 -1315
-23656 9216 -12832 3219 6899 4778
-15240 6148 -12512 -1311 -978 1350
-8744 1304 -7800 2302 152 -1122
-17112 4284 -10816 2494 2683 -925
-12504 3324 -9428 38 1110 -1791
-14244 3864 -10088 416 1267 -3879
-12260 2064 -10068 67 1600 -3876
-13316 2660 -9904 890 1974 -2196
-12248 3536 -10064 -267 2216 -2136
-13524 2644 -8504 -1481 2856 -1281
-16688 1288 -8948 -231 -101 -2410
-15444 3064 -7188 -1819 -2477 -1564
-13704 308 -6584 -2129 -2953 -864
-14924 1520 -7096 -1872 -2327 -884
-14420 2952 -6704 -3233 -2291 -750
-14292 1168 -7280 -3302 -582 -1013
-14024 528 -6760 -1761 -21 -934
-14820 1612 -7576 -1167 699 -724
-14016 1740 -6352 -2083 508 -340
-14388 852 -7268 -1989 1426 -8
-13672 1080 -6420 -1483 786 439
-15128 1888 -7096 -1382 3260 895
-15640 908 -6424 -2254 1381 520
-15308 72 -6908 -1779 1989 1042
-15436 584 -8560 -1760 1145 1668
-17416 3076 -12112 435 2293 1202
-17696 5304 -9640 -586 346 -1717
-10492 2092 -8156 -2951 -496 978
-12024 1992 -8512 -1067 371 1148
-12528 3392 -9580 1506 862 485
-13028 5860 -10164 1085 409 1350
-13908 5772 -10196 466 -588 1374
-12284 5168 -10072 -3 -875 1658
-13460 5676 -9380 -329 -73 2621
-13620 4812 -10040 -53 -651 2598
-13148 5204 -8236 -121 -320 3012
-13736 5528 -7992 270 -648 2194
-13732 4648 -7896 1156 -834 2395
-13968 5440 -8052 1973 -1306 2111
-13712 6332 -7488 1547 -1775 2459
-13436 5280 -6740 2181 -2357 721
-14328 5276 -5840 1978 -3125 660
-14384 4756 -6304 2951 -3587 1089
-14676 4124 -6540 4059 -3701 988
-13260 4936 -4660 4131 -4180 764
-12224 4496 -4512 4332 -2460 641
-13832 4376 -4736 5545 106 901
-14180 5104 -4504 5690 -1444 708
-14048 5392 -3640 6251 -1169 805
-22888 13512 -15404 2011 12057 10157
-11656 7204 -7180 78 -1866 -1608
-15540 -1224 -5736 5119 3238 812
-16676 7784 -8076 3398 489 -363
-10412 4168 -8620 2856 -133 -1289
-13304 5788 -9284 2160 -14 -2109
-12208 5432 -8772 1086 576 -1506
-12668 4260 -8928 1872 -364 -863
-12852 4936 -10220 2123 -782 -871
-13148 5960 -8552 557 -816 -887
-14652 5204 -9292 -445 -713 -2521
-12780 4584 -9152 -1369 -950 -3145
-14432 3152 -8960 -31 687 -3160
-13748 2412 -8940 -207 -632 -3421
-12976 2800 -7664 136 704 -1768
-15220 3028 -8060 -350 160 -2474
-14040 2688 -7100 -1211 99 -2717
-15044 2132 -6656 -1987 183 -1549
-15528 2108 -6844 -2612 -677 -1602
-14240 1740 -7240 -3081 -694 -1509
-14752 1904 -6296 -2650 519 -2097
-15044 1572 -5928 -3463 -234 -1812
-12876 1332 -5304 -2585 -1023 -1495
-12512 1956 -5540 -1898 -137 -686
-14448 1356 -5408 -1939 -341 980
-12772 3128 -5004 -2343 -471 319
-14376 932 -4312 -3754 -162 977
-15108 1408 -5044 -3868 454 1072
-13916 1048 -3856 -5701 1316 625
-24944 36 -16260 -860 8192 2577
-15088 8688 -9364 546 659 -4396
-13944 2996 -8428 -1965 1707 1896
-16400 3036 -7364 82 -461 4634
-10436 5324 -7776 3260 -1030 3526
-11208 5628 -8692 1382 -201 2936
-13416 8372 -9604 928 -673 1875
-14292 7896 -9776 -311 372 2081
-13876 5544 -7780 -298 -72 2868
-12748 6032 -7928 -540 -1728 2785
-13492 5628 -6740 468 -1878 2181
-13460 5100 -7880 2081 -1112 1534
-13104 6600 -6896 1061 -503 1930
-14136 6396 -6504 948 -867 1384
-13496 5772 -7188 2016 -1752 -31
-13340 5688 -5584 2555 -1829 -523
-13100 5556 -6512 2310 -1225 -24
-14208 6088 -5360 1747 -2143 200
-13876 4484 -5196 2894 -2112 102
-13488 5312 -4284 4372 -1078 -789
-13276 5556 -4816 3904 75 -891
-14016 4828 -4980 4643 341 -1715
-13520 5012 -5620 4804 859 -1838
-15496 2580 -3780 5666 1369 -517
-17020 10560 -12380 3419 3370 1616
-18420 8648 -14208 79 -340 686
-11212 1144 -7900 2366 -1401 -2550
-11368 4124 -8988 6105 2044 -4338
-12572 5184 -11352 1335 1017 -1079
-13284 5024 -10340 1801 620 -2491
-12724 3256 -9928 1579 483 -3715
-13028 2552 -10356 2295 1461 -3310
-13164 2384 -9928 1213 548 -2533
-12684 2324 -10628 731 -191 -1924
-13092 1880 -10972 1422 1812 -533
-13708 2188 -9096 1142 717 -1063
-14268 1320 -9312 840 1099 -636
-14444 1544 -8084 -21 14 63
-13980 2308 -8620 -519 -967 60
-13964 2176 -8740 -1084 167 854
-14188 1676 -8644 -840 -1005 439
-14480 2488 -7420 -1683 -1506 91
-13112 1392 -7384 -2205 -1077 862
-14120 2228 -8048 -3025 205 1806
-14256 2544 -6992 -3521 -809 1790
-15024 2632 -6736 -4047 -647 1117
-14608 1764 -5924 -5479 -1740 722
-13872 2128 -5632 -6528 -468 -71
-15020 1380 -6732 -6528 594 -603
-19116 60 -11216 -769 3852 -1518
-17528 5132 -11900 2247 -965 -2932
-11408 6780 -9836 -692 -2904 3202
-10536 3888 -8572 2784 184 1400
-13524 6132 -8396 2103 275 2346
-11576 6772 -9836 653 -1952 825
-13168 7092 -9708 -419 1281 2062
-14192 7004 -8976 -436 -565 1797
-14568 5240 -8224 19 -1009 2504
-12668 6764 -7780 -177 -925 1727
-12788 5816 -7728 -312 125 1581
-13752 5460 -6956 -526 -331 1312
-12964 6460 -7184 146 190 263
-14176 6416 -7116 -210 573 847
-13800 6168 -6500 312 -1063 -551
-13936 4756 -6364 1855 -1287 -730
-13436 4388 -6624 3616 -1744 -1762
-13256 7484 -8568 3083 -102 -1251
-15588 7528 -7828 1473 -1034 419
-12536 3676 -6828 2231 -1862 -220
-13768 5252 -7344 2299 -264 164
-13972 5752 -7568 2071 -188 85
-14348 4536 -7452 2348 -486 -580
-14344 4380 -6828 2380 -1048 -539
-14368 4524 -7200 2277 -1032 -710
-14088 4816 -7088 1992 -1318 -504
-14248 4460 -6804 2213 -1239 -470
-14064 4288 -7004 2278 -961 -594
-14216 4272 -7140 2282 -548 -416
-14368 4016 -6908 2099 -345 -71
-14424 4080 -7140 2250 -262 -42
-14420 3972 -7128 1977 -258 -6
-14320 4168 -7264 1761 -14 42
-14392 4208 -6820 1136 290 137
-14520 4104 -6860 863 166 46
-14368 4320 -7176 480 255 -9
-14768 4032 -7128 357 99 -137
-14296 4216 -6732 91 -68 -208
-14500 4052 -7040 73 -188 -310
-14420 3748 -7048 93 -234 -239
-14364 4148 -6772 37 -356 -304
-14424 4032 -7036 -40 -173 -276
-14224 3968 -6724 -228 -77 -172
-14424 3900 -6740 -174 210 -168
-14552 3716 -6740 -44 152 -134
-14572 3876 -6776 104 149 -90
-14528 3680 -6492 317 -63 -96
-14540 4008 -6656 443 15 -25
-14428 4084 -6764 462 -67 -82
-14476 4168 -6920 355 -129 58
-14492 4144 -6852 463 -268 2
-14316 4184 -6676 571 -85 -16
-14516 4176 -6712 305 35 67
-14592 3820 -6424 380 -97 102
-14492 4016 -6380 533 -144 43
-14428 3984 -6508 352 -164 -41
-14424 3912 -6584 395 -123 35
-14536 4068 -6408 503 -126 18
-14552 4220 -6416 340 -89 -1
-14580 4064 -6460 274 -21 42
-14436 4208 -6584 260 -55 -12
-14380 4200 -6500 118 83 -54
-14580 4100 -6520 59 116 -56
-14460 4064 -6564 145 104 -60
-14500 4028 -6552 268 -13 -62
-14496 4036 -6448 341 -70 -5
-14476 4172 -6600 499 -98 -62
-14360 4088 -6468 462 -188 -69
-14520 4096 -6548 493 -41 -3
-14448 4060 -6480 643 -107 -11
-14604 4068 -6520 714 -131 10
-14432 4176 -6352 707 -129 9
-14444 4228 -6412 675 -104 16
-14492 4288 -6340 532 -143 -91
-14520 4100 -6392 579 -181 -57
-14544 4300 -6288 626 -100 -26
-14472 4348 -6408 598 -148 -27
-14412 4188 -6412 539 -37 -58
-14396 4248 -6324 442 191 -33
-14652 4032 -6416 482 343 -30
-14628 3908 -6584 529 251 12
-14528 3868 -6488 771 200 20
-14808 3860 -6388 766 146 74
-14596 3768 -6404 950 -183 75
-14476 4008 -6584 1065 -131 -15
-14512 4140 -6608 869 -83 102
-14416 4172 -6484 837 -57 66
-14356 3960 -6736 857 58 51
-14500 4092 -6656 747 73 139
-14452 4064 -6672 729 51 103
-14476 4180 -6676 631 141 127
-14432 4172 -6472 478 145 88
-14560 4140 -6740 430 148 45
-14524 4168 -6536 486 52 93
-14440 4168 -6568 528 -3 37
-14440 4104 -6688 512 1 27
-14416 4212 -6732 364 -14 -16
-14380 4168 -6716 326 178 -77
-14536 4180 -6708 227 246 -99
-14444 4000 -6684 157 330 -56
-14476 4000 -6736 297 213 8
-14484 4088 -6756 457 133 23
-14532 4140 -6612 552 -87 27
-14528 4224 -6884 613 43 17
-14380 4292 -6632 515 44 -11
-14428 4144 -6636 539 75 -46
-14500 3936 -6716 725 -132 -75
-14376 4168 -6928 985 -241 -56
-14356 4280 -6712 1098 -190 12
-14372 4036 -6620 1295 -13 163
-14404 4068 -6596 1489 -2 145
-14332 4184 -6724 1534 42 203
-14540 4076 -6704 1456 51 206
-14476 4104 -6672 1455 -54 147
-14452 3948 -6772 1556 -139 58
-14464 3924 -6940 1595 -175 -24
-14440 3936 -7128 1731 -216 40
-14456 3800 -6932 1916 -297 -20
-14344 4012 -7036 1852 -245 67
-14480 4008 -6876 1764 -230 -6
-14324 3972 -7168 1583 -247 -19
-14348 3872 -7072 1425 -159 46
-14516 3844 -7080 1323 -144 -19
-14504 3880 -6992 1088 -195 -15
-14252 4040 -7088 927 -43 -13
-14264 3864 -6996 741 -119 -56
-14052 3892 -6568 540 -235 21
-14476 3664 -6908 681 -151 17
-14824 3656 -7112 844 -310 106
-14488 3696 -7204 1187 -180 81
-14388 3784 -7028 1092 -215 18
-14512 3696 -7296 807 -105 -50
-14352 3816 -6976 509 97 -191
-14388 3692 -6848 266 173 -37
-14468 3800 -6796 236 181 27
-14508 3704 -6636 160 133 -2
-14524 3556 -7104 263 90 -45
-14616 3648 -6748 314 143 24
-14456 3588 -6868 461 15 -33
