-13756 4164 -8296 280 15 -140
-13840 4412 -8588 100 -114 -100
-13716 4436 -8568 -197 -194 -237
-13640 4420 -8788 -494 63 -232
-13668 4396 -8560 -680 251 -334
-13736 4052 -8620 -701 344 -326
-13936 4132 -8520 -460 319 -252
-13828 4148 -8604 -161 245 -197
-13820 4248 -8368 28 108 -111
-13832 4108 -8552 214 69 -94
-13784 4368 -8532 255 15 -56
-13960 4152 -8656 372 -30 -25
-13816 4288 -8424 528 -80 -34
-13888 4372 -8620 527 -33 -66
-13764 4336 -8592 489 -100 -22
-13784 4464 -8452 399 69 -80
-13832 4292 -8440 307 58 -128
-13924 4176 -8560 413 -77 -88
-13984 4264 -8224 582 -84 -78
-13984 4076 -8408 720 -166 -73
-13772 4160 -8328 950 -248 -28
-13788 4128 -8516 1097 -368 23
-13868 4304 -8452 1058 -336 99
-13720 4296 -8532 898 -314 9
-13712 4412 -8448 643 -105 -3
-13788 4312 -8424 554 -44 -68
-13748 4312 -8440 419 -9 -79
-13708 4408 -8416 384 110 -70
-13948 4116 -8528 412 203 2
-13776 4004 -8432 506 290 47
-13916 4112 -8536 527 250 3
-13928 4028 -8376 571 119 -17
-14008 4100 -8388 641 3 37
-13904 4032 -8384 660 -176 -24
-13820 4320 -8424 633 -175 -93
-13968 4284 -8504 475 -28 -150
-13748 4104 -8536 357 -5 -155
-13844 4240 -8416 406 104 -212
-13780 4248 -8424 468 49 -106
-13800 4440 -8496 432 12 -107
-13764 4332 -8480 387 95 -72
-13876 4136 -8540 517 168 -22
-13768 4224 -8840 535 128 -20
-14000 3872 -8892 710 134 1
-13580 4104 -8432 568 77 42
-13568 4012 -8728 631 179 75
-14016 3908 -8804 619 280 111
-13808 4208 -8560 619 345 27
-13904 4088 -8588 497 268 -42
-13996 4080 -8496 302 176 -97
-13892 4400 -8320 -61 18 -311
-13856 4216 -8636 -310 25 -377
-13688 4160 -8384 -562 -84 -432
-14016 3980 -8640 -424 -20 -499
-13764 4024 -8668 -328 27 -417
-13780 4264 -8584 -82 174 -277
-13792 4388 -8640 -159 101 -188
-13736 4664 -8376 -333 100 -63
-13732 4512 -8384 -421 202 -233
-13868 4144 -8392 -473 211 -345
-13956 3968 -8544 -346 266 -300
-14028 3984 -8504 -158 105 -223
-13940 3900 -8648 174 -10 -212
-13744 4208 -8312 356 3 -49
-13788 4276 -8496 282 81 -93
-13700 4424 -8532 149 83 -92
-13988 4200 -8620 184 171 -106
-13684 4204 -8628 177 70 -54
-13752 4176 -8572 267 81 -26
-13908 4380 -8412 245 70 2
-13784 4480 -8596 154 37 -6
-13724 4444 -8644 24 39 -63
-13732 4496 -8464 -16 40 -73
-13704 4376 -8392 129 79 -45
-13992 4272 -8440 285 71 -39
-13812 4156 -8572 458 -41 -6
-13692 4392 -8500 584 13 64
-13956 4420 -8348 569 36 0
-13700 4576 -8352 520 10 -5
-13920 4476 -8368 519 37 -50
-13844 4400 -8560 498 -4 -54
-13776 4408 -8640 667 -62 -90
-13836 4580 -8712 705 -132 42
-13392 5084 -8232 434 -478 136
-13548 4844 -8580 -76 -67 332
-13940 5140 -8012 -672 2 -15
-13760 4648 -8220 -169 515 -832
-13588 4884 -8660 -672 244 -690
-13512 4536 -8680 -121 79 -1047
-13692 4188 -9112 939 729 -1406
-13896 3380 -9108 2215 1176 -1311
-14832 3660 -8604 2531 566 -1173
-14936 4424 -8580 1719 -1232 -2588
-13140 1960 -8076 1569 -665 -2544
-14096 3036 -8288 2241 576 -1928
-14608 2296 -9100 2220 -407 -1102
-13888 3196 -8252 2318 -580 -358
-14180 3456 -7976 5 -2148 247
-14760 3396 -7272 -1340 -1887 333
-13068 1168 -7920 -997 -1047 551
-15128 3604 -8572 -913 324 650
-13860 2484 -8984 462 -38 -21
-14344 3316 -8432 619 -2 368
-14468 2840 -7748 777 -503 249
-14236 2068 -8252 628 -24 174
-14860 3356 -9056 -149 323 1003
-14028 3216 -6812 1959 525 -989
-13588 3024 -7880 1956 -383 -243
-14352 2792 -7708 1929 -268 921
-14840 3984 -8296 592 118 1003
-15768 1872 -8492 514 -1196 678
-13300 2792 -7320 946 -709 258
-14568 2628 -8140 784 -219 -55
-14452 3048 -7652 462 384 -53
-13796 3320 -7732 1115 507 -494
-13736 3440 -7104 1572 161 -613
-14080 2312 -7852 1245 450 -94
-14416 4464 -6656 571 546 281
-15328 2672 -7188 260 -116 -436
-15480 2796 -6736 -303 -24 241
-13840 3760 -6792 -891 27 -715
-14508 2460 -7400 -1124 70 -792
-14820 2084 -7196 -731 93 -146
-14276 3360 -7508 -635 244 -90
-13812 2884 -6944 -1267 1134 -355
-14320 2568 -7452 -2032 2072 115
-13824 3692 -7312 -3588 2045 407
-13864 2984 -6408 -4224 3465 384
-14728 3048 -7144 -4837 3646 -154
-15716 2352 -9284 -2656 3847 -447
-13296 572 -13292 2646 4157 -401
-15284 6748 -8376 4230 4745 -2963
-14056 4576 -8216 -704 3436 -1945
-16684 1864 -11644 443 3503 331
-16104 4916 -10264 -385 -316 2108
-13124 1836 -10264 -1126 -1869 2432
-11312 4168 -9868 -538 -1303 1703
-12844 5144 -11120 -509 -2124 1481
-12104 4148 -12028 -1100 -3480 1425
-10684 6352 -9060 -1680 -2608 832
-14096 5652 -10208 -1519 -2496 1433
-13520 4756 -9004 -814 -4165 506
-12368 5528 -8060 -648 -4892 194
-12044 5440 -8312 -538 -3017 267
-13276 5724 -7248 -366 -1603 469
-13324 5556 -7544 443 -1246 569
-13584 5112 -7372 840 -465 944
-14216 5492 -5668 1306 -1155 394
-12792 5104 -5848 1214 -923 138
-13952 5360 -6352 1430 400 120
-14232 4852 -5380 2220 -731 -156
-13064 3232 -5512 4698 344 -474
-13484 6080 -5104 4472 1431 366
-13648 5104 -5580 4693 1637 -39
-14168 3932 -6408 5745 2014 -284
-20784 12080 -14956 212 2399 5806
-14076 5544 -9328 -869 -1771 2552
-11996 3800 -6820 2638 2504 -128
-13040 6524 -8068 989 518 -564
-12916 6244 -8272 -1074 854 -857
-13576 5260 -8740 -1194 72 -2258
-12264 4648 -9896 -1161 -36 -3072
-11408 3792 -11872 1472 352 -3547
-13604 5268 -10608 2607 1016 -2839
-14032 4496 -8804 1794 28 -4038
-12768 2628 -9212 1661 -416 -3213
-14056 3328 -8724 1289 -281 -2363
-13728 3080 -9260 -216 -714 -1909
-13968 3652 -8660 -2190 -686 -1589
-14108 2336 -7696 -3814 -1245 -1256
-14300 1580 -6892 -3992 130 -877
-13708 1600 -7900 -4077 814 327
-13340 2324 -7612 -3377 1503 589
-15100 1884 -8284 -2150 1490 205
-13776 2596 -7372 -2215 1991 539
-13464 1632 -8204 -2935 2561 1042
-14836 1752 -11124 260 4437 -193
-16436 4808 -10680 4670 5959 -3521
-13688 5960 -8808 47 3304 -2162
-14924 3296 -12344 -1009 2499 3052
-17200 4984 -11852 175 -1051 1943
-13232 4584 -10664 -1997 -4340 4315
-11004 4252 -10264 -2650 -5336 3475
-8864 6324 -8540 -2469 -3863 2197
-12636 5616 -9924 -613 -745 2717
-13344 6192 -9100 -421 -3142 1320
-11840 6896 -7860 -329 -3210 1015
-13028 6112 -7820 251 -2368 1476
-12772 6768 -7392 740 -2355 896
-12664 7128 -6828 1212 -1759 1573
-14128 5668 -5796 1423 -2207 1225
-13888 5152 -5936 1829 -2877 820
-13908 5688 -4924 2078 -2868 138
-13380 5460 -4612 2818 -2148 -854
-13324 4944 -5656 3574 -1140 -824
-13596 5664 -4840 3955 138 -262
-13656 6380 -4768 3834 314 -252
-13752 5156 -4844 4521 1416 345
-14572 5244 -5164 5506 2275 334
-19400 11332 -11292 2464 3392 3486
-17380 7908 -10196 -257 -968 957
-9560 4204 -4908 1241 596 -2750
-13652 6064 -7920 1550 3277 -3688
-11804 5980 -9368 301 -633 -3353
-12056 3056 -11252 2108 1271 -2894
-13124 5540 -11384 1896 28 -1793
-12512 5512 -9300 1045 769 -2529
-12524 4204 -9580 1805 1137 -3854
-12808 3108 -10332 1480 1562 -3711
-13700 3840 -9944 813 1310 -2878
-13768 3404 -9532 -105 713 -2459
-14008 2556 -8620 -1075 391 -2403
-13860 1952 -9292 -2804 -8 -1066
-14136 2556 -7812 -3506 -862 -504
-14176 1164 -7660 -3501 -264 -1127
-14696 1764 -8932 -2322 -220 -432
-13936 2652 -7624 -1806 167 -312
-14664 2016 -8992 -2054 1359 -275
-13512 2952 -7620 -2928 1372 -122
-14044 1456 -8180 -2677 2049 594
-13320 2696 -8268 -2244 2862 624
-14620 2752 -11108 -2174 4113 -107
-16820 2412 -14084 3032 4463 -2097
-11768 4604 -8348 2916 4693 -469
-13824 3324 -7940 -2341 4334 -146
-13192 2088 -10600 -1683 3577 114
-15344 3444 -10792 795 3481 -198
-13972 1836 -11228 616 1112 1521
-12856 4168 -9996 828 -422 1341
-11856 3392 -12736 1759 -1615 2117
-11348 5320 -12700 2456 -3156 2317
-11008 5684 -13948 1893 -3178 3141
-13528 6136 -11856 1026 -2729 2332
-11600 5276 -11072 -514 -4141 2194
-12240 6520 -8712 -995 -2492 1729
-12904 4160 -10008 385 -2735 659
-12128 5892 -8896 -1052 -4386 1641
-12948 5728 -8176 403 -3914 286
-12548 4492 -7236 1070 -2299 133
-13728 6168 -6980 917 -2591 -193
-14152 3908 -6556 1616 -3118 -509
-13816 5084 -6836 1603 -2664 -902
-13548 3756 -5456 2169 -3047 -871
-13920 4040 -5188 2660 -1127 -739
-13820 4060 -4836 2967 -1193 -132
-14056 5356 -5068 3601 -222 -408
-14588 2512 -4436 4017 300 -14
-14972 9208 -8784 3299 1854 1583
-19772 11848 -13868 -2848 740 3925
-10788 2660 -8440 -2089 -527 -63
-11636 3472 -12896 2734 5982 -2548
-11824 7004 -11224 -1673 274 -774
-11856 4612 -10944 -313 3833 -1340
-14500 2964 -10228 -94 2253 -2598
-13780 4012 -10124 -744 762 -2759
-11736 3384 -10272 594 333 -3455
-12796 3968 -10916 366 1915 -2098
-14076 3412 -10032 979 79 -2047
-13524 2908 -9232 1363 -1400 -2644
-13640 3528 -8256 -144 -1563 -1184
-14032 3200 -8208 -775 -1340 -798
-14632 3324 -6860 -1816 -2365 -1114
-15160 2504 -6892 -1848 -2440 -1923
-13872 3032 -7336 -2399 -302 -861
-14128 2292 -6944 -2449 522 -1070
-14180 1444 -6920 -2173 1524 -839
-14736 1020 -7768 -1481 2018 109
-14136 2148 -7444 -1440 2670 708
-15872 2748 -7328 -1917 3266 1046
-16092 2192 -10624 -443 3697 249
-17816 3784 -11272 1195 3796 -326
-15864 4420 -9528 111 1517 -745
-13660 2176 -8892 -2013 -80 1567
-11644 3464 -8408 -2634 -432 914
-11248 4244 -10676 -1603 -791 861
-12328 4440 -11912 -798 -1633 1837
-11996 6996 -9772 -1258 -2109 728
-13392 6284 -9408 -1625 -2730 1352
-13440 4176 -8816 -798 -2542 1477
-12848 6340 -8260 -679 -3232 981
-12280 6204 -8532 -1173 -2844 1143
-12704 6104 -8704 -897 -1751 1491
-12788 6060 -8604 -383 -1141 2531
-13356 5888 -7456 193 -301 2881
-14088 6160 -5848 108 -990 1730
-13736 4564 -5980 964 -1358 1314
-13852 5852 -5240 1463 -1275 820
-13768 5492 -5116 1362 -2200 208
-13624 5480 -5788 2622 -1538 -413
-14204 6472 -5360 2221 -1611 176
-12764 5700 -4928 2349 -570 498
-13256 6148 -4960 2719 795 979
-14064 5880 -5588 3588 2944 1217
-14804 6908 -5060 3708 2763 107
-15704 7256 -5084 3845 1576 -218
-18364 10988 -10212 709 3523 2273
-16456 6108 -8500 714 -194 -505
-12624 4000 -5864 2338 680 -2513
-11544 6608 -6616 1584 840 -3220
-13352 4112 -10656 1488 897 -2666
-11968 3656 -11372 2741 -1010 -4248
-10324 5072 -10540 2503 -584 -3841
-13772 3944 -9696 1155 -761 -3334
-13292 2956 -9868 1726 -954 -3673
-12072 3712 -10224 1244 763 -3186
-13488 2752 -10044 1209 1631 -2000
-13820 2324 -8776 1263 1195 -2016
-13844 580 -9432 1698 161 -2265
-13780 3736 -8460 1324 -277 -1474
-13144 2532 -8044 -591 -161 -1048
-13660 1620 -8688 -1420 209 -585
-14248 2836 -7780 -1705 247 -639
-14740 1404 -7480 -2640 -344 -638
-14604 2972 -7832 -3751 122 -1339
-13816 2280 -6444 -5192 307 -647
-14848 1920 -7248 -5280 555 -805
-14748 464 -7140 -4792 491 725
-15628 1040 -7008 -3830 -140 863
-13200 1324 -6212 -3850 -405 1099
-15992 1116 -9312 -2088 2365 1297
-15860 2708 -10484 165 2416 1352
-16536 6896 -8544 -390 129 -2003
-17468 288 -11564 1317 -623 1360
-12024 3048 -8340 1176 -2267 3147
-10792 5488 -8292 661 -684 2129
-13556 5360 -8892 64 -642 1538
-13024 4564 -9968 485 -1979 1338
-13248 6232 -8916 888 -1617 1303
-13292 5584 -8964 316 -1851 1743
-15520 5860 -8704 446 -2138 2223
-12528 5412 -8216 538 -3201 2496
-12808 5848 -8020 830 -324 3602
-13648 6040 -6956 662 -748 3220
-13360 5840 -6848 1099 -962 2188
-14348 5584 -6380 1644 -1348 1781
-13712 5932 -4864 1468 -2708 1193
-13500 5332 -5396 2052 -2731 1125
-13364 5980 -4728 2400 -2656 491
-14216 5836 -5216 2529 -1742 886
-13584 6140 -5132 1968 -2309 546
-13572 5200 -3916 3002 -804 885
-13652 5808 -4608 3968 115 1055
-13912 7512 -4436 3849 788 572
-14176 6636 -3944 4005 1949 447
-15044 8424 -6212 4000 2985 604
-15500 12064 -10352 1770 3458 965
-17660 6404 -6432 911 2682 2308
-12904 5112 -8356 4105 1174 -868
-12252 5360 -10488 2664 2145 -2321
-12364 6520 -9528 2406 2470 -2703
-12292 4072 -10432 2865 -35 -3426
-12336 4864 -10140 2411 -472 -4115
-10940 6688 -9860 759 -120 -3388
-13720 4132 -10204 1047 -455 -3725
-12400 2672 -10772 2000 -519 -4492
-13164 4668 -8952 1821 -176 -2416
-13672 2404 -9528 1923 -1357 -2821
-13388 2544 -9208 1773 -1470 -1552
-14116 2728 -8520 927 -1821 -1680
-13880 3524 -8780 -1652 -2417 -1987
-13656 772 -8860 -2649 -1814 -503
-14428 2144 -7592 -1127 -1574 -1669
-14152 2716 -8152 -503 -8 -866
-13656 2544 -7748 611 496 -549
-13844 2108 -8720 700 905 117
-14828 2812 -6668 208 621 854
-14952 508 -7224 932 517 205
-13772 2332 -6852 530 1193 366
-14352 1844 -6880 -513 985 903
-13948 1964 -7016 -553 1661 840
-15000 2260 -6636 -1932 2938 1398
-14144 2840 -7144 -2129 2798 269
-15008 2136 -9604 -1825 4437 341
-17620 2804 -10936 1110 3027 -2293
-14652 3208 -9752 30 4447 -677
-16432 3992 -11348 -3809 1606 647
-12852 1192 -9744 -1112 1494 2121
-12496 2744 -9032 400 128 2436
-12108 4712 -9740 66 -674 2127
-12724 5420 -10300 -53 -1670 1894
-12404 5928 -10916 -1189 -2762 1506
-12780 4668 -10276 -752 -2156 1656
-14352 5372 -9236 -243 -3007 2377
-13228 5888 -8340 413 -3539 1504
-12296 4524 -8920 -17 -4759 2796
-11920 4596 -7436 1626 -4051 3125
-12200 4604 -7420 3661 -1822 2491
-14968 5812 -6316 4106 -1466 1324
-13628 4432 -6552 4809 -3400 370
-15000 4672 -5816 5759 -2889 985
-14592 4132 -5788 6178 -5258 1174
-14488 4124 -5588 7975 -5491 1957
-13228 2516 -5352 11469 -5869 1057
-12316 5576 -4836 12081 -2981 1070
-13156 4972 -5036 11878 -3204 -464
-12732 4504 -4644 10861 -1637 -368
-14884 5348 -3176 10952 -1638 -253
-20060 8436 -19296 9607 9317 6404
-14136 7152 -11704 1137 -4616 2797
-8096 -3632 -7984 10777 -2690 -1940
-16132 4240 -11012 11232 2748 970
-11100 4056 -10548 6879 -1726 535
-13432 4660 -9636 6483 -229 11
-13652 2156 -10104 5100 -977 -911
-13560 2316 -10428 3975 -828 -1230
-13876 2712 -9656 3057 -1278 -747
-13188 2172 -9844 2646 -1666 -1673
-13760 2368 -8420 1472 -262 -1440
-14492 2248 -8484 778 -686 -1829
-13180 2296 -8088 -460 444 -1652
-14688 1884 -6956 -1650 829 -701
-14596 1888 -7832 -1755 628 -1195
-14548 860 -6832 -1843 286 -107
-14336 564 -8140 500 -492 -37
-15056 812 -6508 428 -531 280
-14048 1392 -7052 609 -921 1149
-13840 2180 -7168 -58 675 1906
-14844 612 -7028 313 0 2369
-13864 1404 -7060 1542 361 2690
-15232 1840 -5544 1131 225 2509
-15084 1688 -6236 1123 89 2558
-20296 36 -14012 4939 5639 2667
-16712 2988 -10980 7166 -568 177
-12252 5248 -8476 2508 -1496 3499
-13796 1432 -10260 3143 -2017 3720
-11704 4560 -11028 3481 -1828 3064
-12428 4208 -10944 3955 -2089 3691
-14016 4256 -10132 4337 -2822 3693
-13200 5076 -9916 4197 -2217 4379
-12364 4912 -9528 4575 -2142 4067
-13244 5600 -8440 4088 -2309 3580
-12696 5608 -9040 3891 -2109 3574
-12776 4896 -8456 4590 -1673 3180
-14116 5160 -8180 5050 -2426 2575
-13668 5280 -7048 4269 -3327 2338
-13360 5728 -7136 4345 -2916 1331
-13576 5664 -6352 3536 -3756 1001
-14376 4420 -5808 4312 -4458 713
-14412 4352 -6212 6012 -4724 1239
-14136 5984 -5688 5636 -5455 1206
-13000 4576 -5472 5842 -3893 1546
-12920 5936 -5668 6042 -1824 1120
-13624 5268 -5932 5206 -331 727
-15408 4008 -5972 6169 34 428
-15128 5672 -8136 7159 1508 1647
-12876 8132 -6224 5437 -1320 86
-15576 6652 -5552 4036 2858 2716
-15256 7688 -8900 3768 616 1347
-17372 6536 -9536 1996 -1147 3830
-7796 6604 -5720 3704 989 1318
-14772 8236 -11048 714 4001 4498
-11528 7112 -9364 -1815 3250 2432
-14344 5628 -9684 -1207 3519 849
-11876 2956 -9092 521 2703 -364
-12244 4704 -12576 2288 698 -3000
-12352 6332 -12952 1871 1441 -2603
-13560 5620 -10720 1863 549 -3104
-12112 3672 -9916 3635 -22 -5237
-12196 3360 -10484 3356 -1352 -2108
-12360 5068 -10784 3598 -713 -2946
-14312 3492 -10584 2105 -2576 -1613
-14136 1968 -8908 2118 -5371 -2043
-12332 2912 -8124 1862 -4542 -988
-13276 2580 -7812 310 -4347 -1386
-14376 3136 -7644 -1043 -3745 -17
-13180 1388 -8012 -1114 -1937 173
-12020 3328 -7200 -1316 1167 -875
-16484 1600 -8044 -1741 1457 1798
-13888 2368 -7324 -2098 1025 -325
-14256 1844 -5856 -2352 2034 1162
-13264 2268 -5476 -3119 929 2011
-12988 4656 -10844 -5065 1876 3675
-22312 2360 -10288 2937 4854 -3453
-16844 11668 -9264 -992 1487 -843
-11700 3404 -9444 -1574 -2360 2890
-10924 7080 -7892 905 1513 748
-13412 7760 -7620 -1093 -1079 1771
-13616 5652 -8804 163 -1881 315
-12020 5876 -9344 -360 -1461 907
-13644 6396 -7892 206 -977 1391
-13784 6500 -7536 335 -2163 1052
-13624 5856 -7652 451 -2533 650
-12928 5436 -7396 1304 -1392 794
-13848 7036 -6664 1389 -1549 1179
-14560 5208 -5152 1432 -2145 407
-13604 5196 -4724 1694 -2511 398
-14336 5368 -4440 1920 -3136 -117
-13608 4120 -4072 3449 -3169 -1841
-14532 5024 -4500 3913 -3309 -2635
-14624 5204 -3832 4977 -4129 -5399
-14400 3448 -4456 6262 -1273 -4494
-13624 4508 -4220 6654 -371 -1907
-14208 4372 -3484 4978 -96 -744
-13476 4132 -4148 5074 -572 -1195
-14056 2232 -3528 4606 -211 -680
-12280 268 -2540 6124 -1167 -231
-29980 10228 -17436 3994 6523 10765
-14632 4788 -6816 -249 -6324 1581
-7060 3604 -8648 4013 1142 -5467
-12976 3844 -8580 359 1998 2553
-15132 3656 -8536 3495 1375 -1151
-15160 4692 -9236 160 188 -2426
-11920 4708 -7952 -2086 1991 -2304
-16324 1720 -8248 -1802 1914 -2853
-14236 972 -8608 -610 746 -3075
-14440 2712 -7892 -430 404 -1889
-13780 2432 -6644 -1351 234 -1479
-14660 2312 -6632 -1900 1494 -1457
-14484 2188 -6704 -2659 1187 -1516
-14304 2248 -6560 -3061 1653 -256
-15184 1624 -5572 -3055 -397 -329
-14560 1692 -6148 -2104 -569 -81
-14472 2484 -5276 -2047 -629 -200
-14700 1748 -6284 -2420 -951 -123
-14284 1140 -5120 -3036 -667 471
-16056 1376 -6324 -2510 -385 1254
-13836 3064 -5092 -3822 412 1031
-14168 1048 -5852 -4827 2657 1110
-14984 672 -5216 -3192 2388 576
-14180 2628 -6576 -1704 3756 352
-23868 8224 -11564 -388 3074 -327
-16624 2972 -8920 1088 74 -1408
-11676 4360 -7108 -1012 1629 4450
-9256 4488 -6688 -543 985 2430
-15124 7384 -8480 -597 4255 2029
-14332 7032 -10884 -1693 -275 269
-12132 6964 -10308 -2951 482 1731
-11108 6196 -8384 -2807 -688 1873
-14220 4620 -8768 -912 597 2643
-14032 5908 -8916 886 -1738 1948
-13016 8004 -6596 638 -2818 2025
-13012 6436 -7508 1245 -2588 2435
-13020 7028 -6604 1656 -2486 1937
-12712 7960 -6500 1090 -1502 1919
-12660 6848 -6280 1101 -1726 931
-12880 6692 -4968 1267 -1353 186
-14944 6964 -5348 819 -2096 -497
-14344 4968 -4428 1948 -3663 -109
-14704 4852 -3320 3652 -4193 164
-11692 4860 -3460 5580 -3672 -27
-13284 6308 -4080 7407 -1261 -225
-12704 7332 -3180 6272 -1263 -696
-13272 7608 -2364 5254 -597 -746
-16364 12100 -14700 3447 4838 2298
-13104 9952 -6960 301 -3696 -663
-13956 800 -4576 3742 730 1029
-18352 7792 -8084 4398 298 -929
-11964 4536 -9700 2715 -2857 -1918
-13240 4704 -10384 3813 453 -3154
-12528 5596 -8348 1722 -588 -3367
-14428 3000 -8692 1192 -448 -4069
-13684 4576 -6964 349 -1506 -3464
-12824 3380 -7276 -69 -512 -3174
-14588 2288 -7868 -116 -479 -3376
-13888 2740 -7504 757 -72 -2676
-14368 3108 -5744 692 -325 -2311
-14600 1036 -6952 1682 516 -1330
-15320 3964 -5520 1803 -175 -1078
-14688 2368 -6452 524 -658 -1192
-13544 2568 -6048 -117 -127 -84
-15516 2020 -5660 -862 710 204
-14560 2436 -5460 -1739 254 -33
-14444 1968 -5088 -2909 412 584
-14408 1708 -5032 -3105 999 1388
-14608 2028 -5556 -3345 729 1620
-13764 2612 -4584 -3906 787 1648
-15100 1340 -5264 -2984 698 1562
-14036 1992 -5180 -3354 660 1611
-14716 1272 -6844 -2233 2548 2567
-16112 2528 -10552 -482 4240 1539
-16096 9728 -5056 -1565 4452 -2976
-17936 5192 -10324 -3120 4069 -195
-15636 3384 -9176 -2258 575 2763
-11732 6148 -7644 -994 -1689 4009
-12160 7532 -7736 -1484 -933 3374
-14776 6880 -7684 -1911 -1874 2162
-12608 6176 -7056 -2841 -3307 2071
-12516 6256 -7400 -2589 -3558 1757
-13028 6900 -6712 -1286 -1497 1480
-12920 6900 -6968 -634 -503 1710
-13980 7816 -5936 1236 -701 1594
-14112 7936 -5148 2837 -1730 2029
-12176 7996 -4248 2646 -2252 2503
-12504 7668 -4352 2604 -1111 1931
-13732 7128 -4960 921 -1130 1437
-12932 6716 -4292 1728 -3024 427
-12824 5816 -3560 2538 -1332 -968
-12876 6516 -3732 2928 -739 -1479
-13976 5908 -3552 3174 -12 -2044
-13404 5304 -3988 3944 60 -2416
-13904 5392 -3228 5005 1064 -2230
-14300 5272 -4024 5174 478 -2638
-13992 5608 -3220 5492 847 -1172
-14936 3592 -3268 7941 523 -1158
-18520 13200 -11552 6287 5719 4353
-18412 8992 -10656 809 -3408 2773
-8376 2240 -2948 3313 1193 -1994
-16088 5532 -8336 3129 283 -1239
-10884 5980 -11312 2103 1270 -1136
-12920 7108 -8388 531 -108 -2437
-13896 4860 -8328 -488 -387 -3164
-13300 3992 -9032 902 -482 -3525
-12960 4244 -8876 1073 114 -3214
-13932 3768 -8000 988 263 -2623
-14352 3352 -9032 658 106 -2609
-14068 2956 -7988 857 75 -2291
-13812 2816 -7192 483 187 -2318
-13532 2708 -5872 183 470 -1931
-15120 2388 -5784 -464 -75 -857
-15644 3520 -6976 -1299 -385 -957
-14340 3168 -5604 -2607 -934 -1233
-14344 1924 -6164 -2665 291 -1813
-13652 2144 -6108 -3672 81 -779
-14796 2528 -5912 -4129 1818 1708
-15256 2532 -6124 -4198 2615 1716
-14840 3424 -6824 -4482 2321 1583
-14588 2220 -6412 -2331 3594 1212
-19384 5716 -10180 -2016 4334 -328
-17656 4912 -9056 -180 2340 -896
-11788 2764 -9408 -1594 1524 1799
-11928 4024 -7972 -1018 984 2217
-12540 5720 -9856 566 2121 2167
-13572 6048 -10876 875 -543 2826
-11148 7004 -9128 312 -1511 1708
-13240 6976 -8784 364 -330 1209
-14732 5740 -8976 723 -2408 1400
-12640 5904 -8508 673 -3748 1664
-12064 7008 -8060 15 -3597 1378
-12536 6800 -7796 481 -2534 1061
-12904 6300 -7920 1129 -2487 603
-12988 6424 -7024 1771 -1984 1064
-12880 6616 -6304 2033 -2344 769
-13488 5660 -5656 2284 -2269 428
-15304 5728 -5596 2175 -2312 207
-14360 6392 -5136 2013 -3178 -187
-14196 4480 -4872 2529 -3294 -584
-12952 4168 -4692 3819 -2276 -119
-13404 5688 -4068 4752 -1442 -852
-12756 5644 -4380 4156 -306 -1301
-14812 5112 -4180 3892 219 -1250
-13576 4804 -4760 4116 577 -865
-15416 4584 -4028 5447 460 -1335
-15052 7300 -7460 4977 287 -475
-16276 6316 -7132 4500 -2006 -252
-20036 3056 -8772 3390 -908 3012
-14336 5712 -6268 3921 -2488 1193
-12504 3504 -5044 4210 -1419 -1435
-12784 3992 -7608 4242 931 -1089
-13148 4896 -9804 3089 1435 -1512
-13012 3548 -9484 4016 2074 -3721
-13748 3724 -8872 3027 1065 -2843
-14772 4072 -7844 2345 201 -3448
-12956 4448 -7820 765 177 -3671
-13984 2352 -7900 -410 438 -2955
-14652 2248 -8308 -878 -772 -2479
-13964 1684 -8172 -867 -105 -1618
-14692 2668 -8392 -1704 -38 -1671
-14028 1632 -7692 -3483 591 -1457
-15100 1400 -7016 -4266 1018 -884
-14392 1428 -7416 -5875 658 -1217
-14496 1372 -6848 -6194 1631 -1503
-14664 1008 -7408 -5218 2045 -1920
-14592 1776 -7020 -4568 1758 -1466
-14784 2220 -6036 -5516 653 -1340
-13776 1624 -6708 -6189 661 -416
-13508 2668 -5580 -7029 209 315
-14600 3124 -6828 -8500 -1030 379
-12828 2900 -4912 -8728 170 335
-14524 1360 -5400 -7673 628 1746
-14932 3948 -11408 -7124 2635 1644
-19848 -736 -13456 -2448 6759 -3175
-12692 7120 -7456 -2287 4925 -3874
-9076 7472 -4548 -10842 6349 1068
-18000 -956 -11240 -6716 10489 -551
-16656 3280 -9432 -2794 2674 -820
-14428 2884 -8344 -727 216 1281
-12880 6616 -10384 -1761 886 1363
-11672 9816 -10172 -3845 -3271 1005
-12928 7928 -8908 -3732 -2287 330
-14348 6340 -10684 -3821 -2463 32
-11292 7332 -7560 -5831 -1632 266
-12020 6288 -8440 -6124 -951 1999
-12388 5816 -7252 -4003 -736 2452
-13380 6620 -6760 -2080 569 1811
-13772 6084 -6048 306 -502 688
-12712 6212 -6200 1664 -1438 286
-13948 5348 -4584 2589 -1775 -89
-13684 7232 -5152 2316 -1692 -1049
-13400 7036 -5336 2434 -2365 -2208
-12672 5968 -5176 1872 -799 -1851
-12440 6456 -4824 310 -314 -1089
-14032 6832 -5228 1140 788 -2691
-14112 6084 -5028 -226 970 -1491
-14504 7400 -6424 108 1498 -2265
-13012 4792 -6132 -97 1818 -44
-17964 7164 -7124 -1253 2691 2609
-14848 5556 -7040 -520 -1474 -225
-14516 7460 -5984 792 2013 -1352
-14688 7952 -9000 -652 2294 -731
-11912 4488 -11208 -91 1630 -1123
-12332 6788 -9104 649 3670 -3455
-13764 3732 -9280 2202 2895 -4266
-12588 5212 -9064 442 2438 -3372
-12904 4872 -8756 -2127 951 -2415
-13644 3568 -8728 -2247 253 -3303
-14104 1892 -8588 -961 -1023 -3852
-13472 3656 -9524 -1442 -1132 -2297
-14168 3568 -9720 -1691 -1344 -2885
-13632 2980 -9388 -2702 -2720 -2215
-13068 2492 -8856 -2004 -2253 -1609
-12884 2928 -8324 -981 -983 -663
-14116 3544 -8712 -2324 -914 503
-15172 2524 -8508 -2406 -414 628
-13696 4008 -7332 -2878 -194 230
-14872 2792 -7192 -2713 1235 385
-14212 4216 -6504 -3814 1042 -378
-14308 3388 -6188 -3746 1947 -908
-14732 3872 -6412 -3787 1260 -1018
-14220 3788 -6412 -4553 787 -1237
-15148 3876 -5976 -5344 402 -897
-13660 3832 -6468 -6156 933 -823
-15004 3704 -6684 -6365 1880 -362
-13624 3848 -6316 -6292 2066 -757
-14100 4104 -5828 -6894 1699 -308
-12844 4364 -5444 -7125 2042 307
-14412 3388 -5512 -5970 3151 767
-16980 3436 -7164 -4215 3242 399
-14580 2296 -7460 -3754 792 -842
-15580 2780 -7844 -418 4815 -8
-14540 8280 -6744 -2743 2888 -1316
-13632 9076 -9792 -7945 643 232
-12924 6740 -10984 -8083 2376 1341
-15072 4584 -9344 -3356 4222 3184
-13980 8220 -7432 -3288 -1558 1384
-12048 5588 -7652 -3794 -1272 1127
-12256 5752 -4980 -2563 -1178 1586
-14572 6300 -6212 -52 -2392 -489
-13056 5608 -4276 1692 -2919 -600
-14704 6924 -5144 3464 -3352 -466
-12628 7212 -3656 2853 -3737 -1166
-13192 5840 -4072 4269 -2121 -796
-13512 6484 -4468 3921 -1397 -1090
-13016 5760 -4912 5742 -1397 -2309
-12964 5544 -5064 6119 1249 -1847
-13752 5192 -5360 6759 435 -801
-13184 11096 -9648 6000 5480 846
-17128 7688 -11584 3625 3834 1763
-13624 4400 -6428 1076 2147 2639
-10760 4696 -6452 3289 3582 568
-14412 7024 -9584 298 2122 -69
-13664 5604 -10064 -695 1134 -213
-12524 5208 -9340 117 1560 -2114
-13208 6056 -9444 -833 2375 -2573
-13144 5240 -9188 -1839 929 -1859
-12064 4304 -10680 -1267 1240 -2759
-13048 4808 -10676 -1005 1428 -2715
-12660 5492 -10172 -1735 735 -2211
-12356 4724 -11164 -1260 166 -1519
-13884 4824 -9584 -472 1072 -2343
-14128 3624 -9496 -295 -434 -2787
-14036 2816 -9468 -492 -43 -3306
-14396 3920 -9024 -2888 -771 -1617
-15572 2080 -8416 -307 -1470 -3151
-13692 1560 -8796 390 -1959 -4092
-13524 2836 -8100 -878 -1389 -2260
-15432 3680 -6884 -2573 -1072 -2626
-13888 2668 -6092 -3902 -1571 -2392
-14324 2540 -5668 -4755 -692 -1530
-14820 2384 -6728 -4995 -80 -1379
-15104 632 -6808 -3394 1024 -1147
-14972 1564 -6272 -2167 491 -1001
-13512 728 -6880 -2018 1776 116
-15984 1308 -9772 -606 4597 1231
-13080 2956 -8228 -243 3860 433
-18072 4268 -9440 -240 5695 -929
-16048 2852 -9984 177 2371 -384
-14120 3636 -8404 -1473 2635 2262
-13104 2904 -9180 -1159 12 1495
-12880 3496 -10696 638 136 2248
-11056 5640 -12144 836 -689 3421
-10600 6396 -10984 602 172 3989
-14648 4132 -11636 2619 -82 4884
-13548 5284 -9964 3330 -2768 4653
-13352 7824 -8984 1082 -3497 3722
-12668 6796 -8376 -774 -4729 3307
-12392 5360 -7552 -414 -3672 1448
-12280 5904 -6948 382 -2717 680
-13564 5564 -6208 1403 -3865 -548
-14280 4072 -5400 2844 -4957 -1685
-13844 4220 -5336 3971 -4013 -1728
-13328 4772 -5760 5554 -2374 -1506
-14052 4600 -7048 5471 -3791 -449
-12332 4664 -5608 7793 -2517 277
-14144 5512 -6424 8750 -846 -82
-18816 11804 -11748 4391 3558 3042
-13460 6612 -9112 -191 2702 2899
-12424 3616 -6832 2362 1218 864
-15296 5040 -8596 3270 2156 1023
-12492 5808 -8904 1620 96 549
-13152 5056 -8732 1437 171 235
-13332 5436 -8032 735 -56 -128
-13352 4940 -7732 455 -654 -955
-14280 4368 -9820 867 -572 -2992
-12432 4300 -10236 355 -1232 -4162
-13776 4104 -9448 -253 -367 -2485
-14836 4436 -9212 -1599 -1677 -3859
-12944 3152 -7892 -2231 -1848 -3931
-13836 2656 -8476 -2481 -519 -3243
-13528 2644 -7640 -2810 -72 -2823
-14872 2956 -7480 -2917 441 -2480
-14236 2748 -6852 -2362 11 -2267
-14376 3656 -6128 -3199 151 -1887
-14260 1832 -5788 -4488 668 -833
-15328 1044 -6588 -3885 531 -396
-14788 1408 -5932 -2244 56 -908
-15096 1968 -5128 -2782 -350 -394
-14444 1100 -5508 -3270 -1094 475
-14600 1784 -4936 -2030 -333 1211
-14920 2352 -5596 -1993 -13 2125
-15264 3980 -7324 -1590 940 2167
-14556 1000 -6620 188 720 136
-16064 3848 -5276 1117 3199 -649
-15732 1304 -8972 966 1137 -1659
-17104 4640 -10280 3309 1852 926
-13640 6420 -7940 937 -655 2335
-11164 4676 -8368 -747 -41 2674
-13544 4356 -8996 45 -733 977
-10828 5436 -9212 -446 363 474
-14784 5536 -8508 46 427 878
-16236 4512 -8236 278 -2752 288
-12792 4908 -7188 327 -3080 528
-13076 5288 -7016 491 -827 1180
-14576 5960 -6384 321 -444 1353
-13076 4516 -6840 882 -771 540
-14292 4496 -6192 2303 -184 842
-14636 4396 -5904 3328 -1579 -211
-15152 4248 -5444 3405 -2235 -95
-14572 4972 -5464 4233 -2528 -400
-14688 3972 -4996 4986 -1966 -237
-13336 4584 -4892 5126 -1385 79
-13464 4176 -5208 4920 -48 -92
-13224 4304 -5724 5101 993 344
-14596 4068 -5416 5715 1552 -431
-14512 3588 -4716 5939 1994 -56
-17112 7732 -13432 4261 5081 2828
-14308 7848 -9532 306 541 2239
-14568 1908 -6488 2272 667 1700
-14832 3720 -9064 3565 1119 1905
-12968 6860 -8808 413 -184 289
-13988 4060 -8988 892 292 -1538
-14412 1960 -10600 871 727 -2460
-14140 3640 -9132 968 -426 -2606
-13144 3268 -8896 550 -607 -4245
-13068 2368 -9044 631 -206 -3847
-13256 2800 -9496 891 721 -2948
-13628 2696 -8116 -456 865 -1988
-13076 2264 -7964 -437 613 -1822
-14408 488 -7608 -261 135 -744
-17204 2852 -7384 -165 -1310 -239
-13492 3572 -6692 -2265 -2887 -824
-14516 2356 -6640 -3584 -2053 -1066
-15080 1344 -6756 -4273 -1829 -1018
-14940 1728 -6528 -4462 -2143 -586
-13576 2244 -6048 -4516 -616 -691
-14372 1244 -6540 -4596 561 -525
-14092 2056 -6012 -4787 2106 83
-14152 944 -5896 -4923 2501 1409
-14020 -332 -9496 -3275 4399 2157
-18560 6696 -10316 -514 4756 -1402
-14456 2936 -8256 1141 2858 -1842
-15228 1276 -6784 -3452 4442 4574
-16212 3872 -8808 -2033 3267 -159
-14168 2732 -9960 248 1312 -1037
-13536 2960 -9864 296 796 3358
-13296 5132 -10196 1082 -1441 1455
-11516 7460 -11116 388 -2810 1895
-11916 6140 -9700 160 -2489 1593
-13808 4976 -8756 452 -2775 2364
-11960 5260 -9048 1007 -3973 1060
-12492 5696 -8188 1195 -1900 1974
-12828 6452 -7364 13 -2406 1202
-12796 5516 -7004 -92 -1250 214
-14356 4684 -7020 650 -1126 47
-14312 4752 -6080 1890 -2125 -505
-12808 3588 -5836 2118 -2942 -33
-12728 3608 -4184 2422 -1175 -1169
-14928 1348 -3976 5543 -545 -2538
-17688 4416 -5096 7670 -2982 -2077
-15464 5272 -4780 6760 -5376 -1380
-13208 4776 -4648 4687 -2192 309
-13576 5508 -6360 3985 499 237
-13656 5404 -7408 1975 2312 1691
-17904 7496 -11024 -1416 5354 4391
-15932 4680 -7584 -2562 -643 2750
-10524 2156 -5740 707 2520 1460
-17020 6084 -7452 474 4667 3690
-11660 6032 -9724 116 2197 1113
-14632 6428 -11044 774 4328 -877
-12508 5032 -10996 631 2340 -2754
-12296 3788 -10544 1003 3107 -2342
-13580 4760 -10148 -248 2076 -4092
-10640 4736 -10348 -692 2080 -3455
-13028 2360 -10956 129 3009 -2618
-12804 4124 -10536 486 1393 -2317
-13604 2880 -10368 -17 1623 -1978
-14052 3296 -9876 -1040 426 -2182
-14328 2312 -9100 -21 -720 -2058
-14500 1812 -9120 654 -1068 -1784
-14444 2096 -8884 454 -2723 -1142
-14376 3192 -7976 -15 -4054 -784
-13792 2712 -7832 -353 -4933 -473
-13944 2008 -7996 -141 -4742 138
-13184 2316 -6852 -488 -4019 451
-13232 2540 -7112 -1260 -2631 1887
-12584 1956 -5964 -2241 -2088 1224
-13868 2668 -6484 -2427 651 2171
-13592 3168 -5228 -3811 1078 2051
-18220 1928 -7748 -2623 2782 1750
-16008 2952 -5408 -1359 1478 -1064
-19000 5656 -10440 -720 2019 91
-15176 2528 -9616 1126 -1278 -403
-10036 8640 -8000 -1634 -177 2716
-14028 6652 -8988 -393 -1392 1495
-14272 5432 -8692 1219 -1043 2039
-13492 6300 -7680 1089 -2274 2477
-11808 5724 -7364 1322 -2828 1829
-12260 6692 -6964 1070 -1304 1566
-13088 6376 -7088 1803 -493 1022
-13748 6824 -7356 2124 460 1372
-13536 6320 -6528 1959 -922 804
-13488 5184 -5936 2717 -966 312
-14652 5120 -5660 3219 -1315 152
-14024 4452 -6008 4014 -2026 -607
-13264 4816 -6220 3358 -1676 -530
-13540 6620 -6236 2012 -1131 -719
-14764 5096 -6128 2642 -435 -976
-13992 3784 -5720 4159 -79 -881
-12664 5568 -5400 3758 262 -493
-14156 5304 -5872 2807 757 -52
-14352 5876 -5696 1639 452 -977
-14864 4228 -5252 1831 331 -1582
-14004 3592 -5864 2950 1009 -1026
-16260 5568 -6240 2218 1351 511
-16048 3092 -7192 3572 635 407
-14592 4260 -5676 3767 -396 258
-16808 8348 -8660 473 1109 3411
-14212 6220 -7440 -1887 -994 386
-11716 2624 -7680 382 764 -20
-14028 4224 -10352 962 2580 -335
-13176 5092 -11104 23 875 -1507
-12852 4808 -9068 -296 811 -955
-13696 4096 -9432 -632 866 -2173
-12912 3440 -9224 191 755 -2663
-13208 2928 -9172 1329 49 -2704
-13804 3496 -9160 1066 386 -2442
-13976 3036 -8744 -394 240 -1620
-13716 3312 -7848 -2260 -187 -1422
-14712 1856 -8132 -2119 -610 -3009
-14620 2796 -7080 -2448 -976 -2017
-15208 2636 -7240 -2409 -210 -2103
-13780 1912 -6708 -1944 -611 -1583
-13464 2756 -6088 -2045 -86 -988
-14480 2236 -6572 -2993 342 785
-15548 2476 -6344 -2562 262 -44
-14216 2512 -6420 -3041 -1287 -918
-13612 1120 -6532 -2878 -398 527
-13840 2524 -5888 -2940 135 1609
-14880 1828 -6392 -3521 1445 2344
-15396 3040 -6604 -3408 1382 1907
-19312 1500 -9284 -33 2611 177
-14684 2636 -7520 2402 802 -791
-14728 6492 -7256 -2194 -124 1626
-14536 2900 -9096 -1556 -833 541
-11844 5836 -8160 -592 1131 375
-13916 5416 -9260 -64 -1921 1278
-12376 5004 -9176 1788 -2301 1692
-12784 6016 -8896 3380 -312 2758
-13732 7168 -8800 2272 -539 2926
-12960 5692 -8692 1889 -1534 2268
-13524 5720 -6836 1495 -863 1807
-14000 5052 -7612 3313 -1045 2031
-13996 6812 -7028 3276 -654 2595
-14112 6968 -7180 3968 -2890 2943
-13516 6660 -5932 4337 -3188 1200
-13200 5704 -6488 4531 -2494 1684
-12916 6656 -6088 3563 -2269 1731
-13076 6284 -5224 2430 -1305 1680
-14172 5364 -5400 2676 305 921
-13720 5940 -5716 2049 568 157
-14308 5744 -5164 2523 -353 163
-12996 5180 -5292 4039 878 421
-13464 6740 -5484 3685 901 511
-13816 5704 -5644 3946 2022 655
-14988 11556 -9840 1167 3156 1807
-17940 6700 -8708 1403 2980 1741
-14436 2544 -6580 3356 422 -35
-13420 8596 -7048 2665 1401 981
-13616 6376 -8208 1615 -941 -861
-11876 5880 -8636 1233 -994 -2057
-12112 5152 -10348 1332 -31 -4080
-13376 4260 -11340 1892 -30 -4310
-11296 4872 -10360 2789 72 -3860
-12632 4372 -10120 2192 1081 -2724
-13392 4032 -9760 2226 -521 -2600
-12748 2196 -9228 3530 -81 -2938
-12436 3276 -10164 3271 794 -2069
-13984 2892 -9496 1522 573 -871
-14568 1928 -8476 548 -891 -629
-14116 1620 -7944 -288 -1346 -472
-14116 2860 -7068 -1202 -964 -704
-14248 2964 -7588 -2137 -710 -1766
-14120 3272 -6872 -3771 -1891 -1723
-14008 2440 -6860 -4682 -2285 -1614
-13212 1648 -5948 -6457 -2516 -647
-14084 784 -6488 -5336 34 -45
-14784 1072 -6052 -4600 496 456
-15644 2520 -7804 -4026 2738 652
-20364 1360 -12292 1319 7018 -1670
-15520 2796 -11432 3485 -3289 -3210
-13480 6376 -7332 -1045 983 4349
-13100 4196 -8140 -917 598 2048
-12920 3836 -8248 -1070 1207 2256
-13504 4476 -8804 -165 -618 1615
-11760 5592 -8872 -536 -769 788
-12220 6884 -9976 -1318 1310 1400
-14224 6136 -7864 -1106 321 704
-14196 2972 -8664 -503 -1412 -303
-14116 4056 -7452 133 -1033 623
-14264 4824 -7920 112 -2771 422
-12984 5028 -6904 390 -1264 641
-14940 4764 -7368 1951 -608 1101
-14116 5144 -6004 2344 -1476 738
-13804 5260 -5828 3254 -2018 349
-14996 3576 -5600 3771 -2860 -82
-13788 3584 -5988 4362 -3436 -716
-14376 4872 -4212 2975 -1926 -937
-13848 2316 -4496 4902 -1790 -1753
-13684 2244 -4600 7285 -678 -1621
-13108 5204 -4688 6203 -603 -2185
-14492 1884 -3996 5312 -440 -2032
-14180 3060 -3764 5302 687 -164
-22912 7400 -9936 3563 4185 4493
-18148 4692 -10560 -2497 -58 7116
-9500 1136 -7332 2268 -1120 -1104
-14124 5636 -10624 1892 3638 -214
-11576 3512 -10972 966 2244 -635
-13924 4080 -9732 1727 2886 -891
-14588 3864 -9248 1407 1560 -1781
-13540 2404 -9400 1754 358 -2125
-13320 3280 -9724 1315 189 -1788
-13240 3144 -9824 673 652 -1606
-14140 2992 -9524 116 -298 -1255
-14992 3008 -8872 -38 -103 -1488
-13796 2620 -9308 -1020 -606 -1860
-13744 1824 -9576 -1231 -985 -1136
-13944 2132 -9184 -3316 -2456 -697
-13188 3348 -5264 -4752 -715 193
-15040 3260 -6060 -3991 607 -1027
-14780 2612 -6340 -4572 -858 -1550
-13708 3328 -5756 -4059 -960 -1032
-14968 1776 -4796 -3881 -1526 -1478
-14220 2976 -5352 -4424 -1855 -296
-14164 1568 -5512 -5171 -1246 1391
-14516 2268 -5296 -4218 -1524 1305
-15924 2604 -4876 -3746 427 1545
-12848 2012 -4892 -4146 908 1097
-17008 3560 -8780 -3006 4174 -212
-23572 7608 -9876 827 3654 -4012
-12252 4716 -8512 -1619 1431 3268
-13800 4512 -8424 -3030 -549 6597
-11200 4544 -7916 -1497 874 3932
-12828 6120 -8388 -989 2870 3394
-15248 5480 -8616 -130 56 2737
-13416 5300 -7936 228 -1377 2046
-13420 6296 -6716 106 -1357 1658
-12716 5628 -7472 1653 -2466 457
-13244 6264 -7412 2548 -1484 947
-13472 6956 -7232 3571 -2723 235
-13524 6204 -7144 4664 -2635 -11
-12620 6660 -7736 4242 -3087 134
-13260 6872 -6316 3707 -2255 869
-12844 5916 -4968 3643 -890 255
-13944 4908 -6012 4604 -248 -590
-14500 5956 -6212 4536 -263 -682
-15412 4484 -5068 5448 -1866 -423
-13768 4780 -5728 6470 -1744 3
-13820 6048 -5332 6760 -553 -153
-13776 6444 -5336 5234 690 -318
-13844 4488 -5180 5517 221 -1317
-13536 3984 -5160 5882 412 -673
-13668 4632 -5388 6676 1106 -855
-19772 12860 -12324 1291 5422 4031
-15368 3032 -9304 1107 1161 1495
-12068 464 -7008 4384 341 -301
-13352 5828 -8992 2626 1676 418
-11680 6556 -10468 -451 1388 -677
-13044 4304 -10400 -930 654 -963
-12780 2820 -10548 272 614 -1594
-14728 4496 -10532 493 998 -1535
-13524 3884 -9692 -837 -1664 -2748
-12296 3892 -10200 -1153 -238 -2716
-13308 3456 -9476 -1907 545 -3424
-14364 3216 -8728 -2099 -868 -3862
-14040 1780 -8492 -658 -1815 -3614
-14292 3232 -7548 -751 -2027 -3170
-13952 2952 -7404 -2187 -1775 -2255
-14224 2740 -7104 -4029 -1165 -1049
-14580 3484 -6552 -4897 -270 -1180
-14160 2208 -7692 -4945 -602 -1745
-13596 1232 -7700 -4407 1714 -1293
-13672 1352 -6064 -4724 834 198
-14316 544 -7344 -3678 2271 1456
-14736 2476 -6492 -4253 2380 1372
-14952 2332 -8496 -4013 4093 1079
-19472 3272 -13268 940 7123 -277
-16228 4008 -10392 1960 1007 -1385
-11688 5664 -7680 -3351 528 3425
-12564 4696 -9348 -2380 -225 1639
-12028 5240 -10856 -801 -801 1036
-11860 5704 -10208 -280 -1809 1470
-13124 5616 -9900 729 -1613 1484
-12732 5912 -9592 223 -2646 1263
-12644 6228 -8544 -47 -3131 850
-12860 5464 -8388 696 -2188 305
-13108 6176 -8788 1654 -1794 862
-13544 7200 -7896 809 -1756 1002
-13640 5904 -7396 947 -2172 741
-13368 5380 -7060 1108 -1110 951
-14224 5328 -6268 1193 -1623 191
-13504 4828 -6524 2115 -2727 -602
-13812 4836 -6488 2569 -1642 -547
-14312 5412 -6420 2714 -1843 -645
-13696 4820 -6216 3024 -1497 -388
-13100 4404 -5540 3777 -1371 -22
-13768 5156 -5004 3666 -811 -185
-13736 4820 -5304 3590 -874 -762
-13556 5116 -5164 5447 -35 -1525
-14984 5444 -5856 4954 1346 -249
-17048 7676 -9660 2244 3650 2167
-13572 6920 -8212 714 1364 1642
-16180 2384 -4792 501 1471 3175
-13608 4760 -6760 1655 -567 794
-13004 4384 -7728 1435 180 1764
-17356 5964 -9608 947 -894 3114
-13556 4632 -7936 758 -1371 -278
-14364 3756 -9836 2150 330 -2408
-10864 3416 -8384 1800 -1059 -3398
-12612 3264 -8564 2949 1959 -1352
-14952 5240 -10084 1262 350 -2616
-12444 4068 -8688 1515 -56 -2074
-15536 2460 -8036 3383 807 -1160
-13568 3620 -8588 3118 -200 -2211
-13716 4552 -7524 1575 764 -1606
-13528 2980 -8468 59 -871 -1683
-12700 2428 -8116 1 427 -679
-15688 2980 -7596 -642 -436 -67
-14540 3640 -6768 -904 -1104 -1585
-14000 2940 -6048 -4559 -1014 -1454
-14368 2496 -5976 -6404 -366 -446
-14464 1544 -6508 -6262 -1174 -581
-13420 1776 -6244 -5483 252 354
-15408 1656 -6132 -5091 1100 -79
-13908 596 -6088 -4904 1430 207
-14836 612 -6092 -4492 2308 1452
-16044 3356 -10532 -3167 2187 2237
-20040 2952 -10040 1474 2045 -2818
-16476 11020 -6880 -4491 1264 -478
-12928 4504 -9592 -3826 -1036 -80
-10988 4276 -7948 -3687 731 1974
-11940 6596 -7192 -3075 -563 783
-13576 5940 -7416 -606 -718 71
-15496 5544 -8456 1632 -2326 1500
-12508 5772 -7728 3081 -3131 2093
-12672 6500 -6880 2602 -1730 2257
-12612 6064 -7068 2420 -1349 1374
-13476 7428 -6884 2277 -14 1252
-14312 6120 -7372 3098 -548 1680
-13588 5012 -6108 3491 -1458 1201
-13532 5536 -4964 3173 -1271 661
-14016 5636 -4512 2783 -1723 -103
-15312 4660 -5708 2810 -1800 -610
-14480 4120 -5688 3918 -2679 -305
-14224 6052 -5124 3674 -3237 762
-13284 4264 -4244 5329 -2407 -410
-13840 4384 -5124 6778 -476 28
-13596 5692 -4964 5954 964 281
-13752 6196 -4728 5732 506 -931
-16896 6668 -7032 4060 4428 1604
-17528 7648 -8608 1090 967 2011
-15608 112 -5380 2847 -1656 1426
-15592 6456 -8800 3413 818 1578
-12236 6920 -8328 1629 88 -751
-11228 3744 -9636 1407 257 -1998
-13704 4096 -9236 1784 1245 -2100
-15056 3644 -8940 2586 -457 -2275
-13640 4140 -9096 3627 -2950 -3368
-13064 4844 -8960 3909 -1176 -3730
-12640 3472 -8992 2292 -652 -3871
-13512 3192 -9540 618 447 -3625
-15012 2204 -9344 -342 53 -4312
-14148 1376 -8792 -761 -706 -4297
-13720 584 -8064 290 428 -3513
-13560 696 -7984 210 1934 -2378
-14292 696 -7924 -648 2142 -1339
-14592 1104 -6516 -1591 824 -971
-14968 848 -6472 -2231 329 -557
-15180 304 -6448 -3344 -897 463
-14140 612 -6160 -3335 -450 981
-14648 1372 -6884 -3203 577 669
-14932 892 -6544 -4032 562 720
-13760 1332 -6860 -4446 366 850
-14032 1696 -5616 -4827 1381 1259
-15260 1476 -6152 -4486 1920 722
-14208 604 -4332 -4841 1406 916
-15572 4 -10088 -3685 3773 1873
-19488 3116 -14072 -1495 3245 2622
-16920 4916 -11784 1204 -2339 -504
-12784 4060 -9052 -2049 -3313 3970
-10040 4124 -7944 -811 -1745 1830
-11096 5648 -9212 -621 -1151 964
-15328 5100 -9492 850 -1633 1069
-14320 5972 -9436 992 -2695 549
-13888 5876 -8184 811 -2982 1019
-13316 5968 -7864 608 -2658 664
-12140 5444 -7832 256 -2144 920
-12416 5404 -7212 1190 -1420 -713
-12916 4828 -6340 1358 251 387
-14764 4648 -6372 2421 1185 897
-15108 4480 -5876 2415 1058 1221
-14508 4892 -5320 2086 -177 1571
-13704 3380 -5156 3253 -573 254
-14052 3632 -5248 3744 -68 -568
-13272 4556 -5304 3406 -141 -1027
-14568 3380 -5080 5015 -119 -1687
-13696 3136 -6192 5972 -892 -1411
-13972 3416 -5372 6596 -1564 -740
-14424 4636 -4164 4342 -1358 -441
-13652 6588 -10112 1622 1954 3081
-20184 9932 -11180 -4172 -1079 6227
-15992 2552 -11924 759 -289 -697
-9908 3832 -8464 1427 2307 -4148
-12032 3436 -10892 -389 3342 -2038
-15592 2908 -9688 144 2300 -2403
-14100 3396 -9116 571 -186 -3229
-12960 2728 -9452 928 -899 -3476
-13320 2648 -9880 1393 460 -2148
-14044 3400 -9604 995 -782 -2179
-13908 2636 -8920 -233 -1063 -2499
-14276 1620 -8504 95 -579 -2802
-14152 1420 -9176 498 -812 -2820
-13184 1072 -8696 450 120 -1505
-13664 1196 -8340 287 554 -595
-14100 1624 -8116 -69 878 196
-14548 1560 -7872 -232 1244 842
-14988 1808 -7432 -823 145 758
-14484 1432 -7288 -1369 282 601
-14968 1612 -6928 -2130 -20 478
-14392 972 -6516 -2550 -322 447
-14664 1416 -6840 -2556 41 547
-14188 1132 -6860 -2621 26 853
-13884 1588 -6748 -1714 1442 1335
-14564 1556 -7036 -1919 1614 2428
-14736 2096 -7004 -2203 1813 2757
-15444 2504 -8620 -1583 2817 2545
-16956 672 -12980 3327 5443 939
-17852 5932 -11100 2796 2086 -885
-12812 5452 -8608 -1503 839 2364
-12536 4912 -8884 -1978 312 2679
-12960 3116 -10400 323 -1386 1331
-13464 5724 -9952 398 -3249 1475
-11748 6172 -9488 -790 -4658 976
-11936 5928 -8964 -503 -3053 711
-13924 5544 -8524 -71 -2702 661
-13560 4872 -9248 666 -3380 877
-13132 6736 -8012 -254 -2922 1145
-12604 6340 -7656 -779 -2106 1403
-13568 5344 -7488 -135 -874 1747
-14008 5216 -6788 1211 -1847 1510
-13724 5528 -5552 2431 -2061 1360
-14332 5544 -4632 2579 -2717 1097
-13800 5264 -4840 2395 -3131 569
-14484 5096 -5296 2799 -2688 292
-14276 5608 -4656 2797 -2789 490
-13792 3872 -3364 4111 -2047 -64
-11724 5052 -3556 4749 103 -406
-13460 5984 -4744 4598 2104 -68
-14472 4448 -2632 5389 1206 -334
-22820 9148 -10540 3085 7371 5619
-14456 8392 -9596 596 737 1785
-13824 3932 -7292 4672 1033 -1110
-12144 4996 -7700 3891 -730 -1879
-8936 5096 -9660 3740 -434 471
-12400 7316 -10288 2234 747 -536
-12436 6024 -9532 365 2309 -516
-13712 3964 -9620 516 1244 -1383
-14028 4772 -10476 519 697 -2783
-12784 4224 -10328 558 -567 -2510
-13996 4160 -8824 762 651 -2377
-14012 3396 -9620 -9 1384 -2989
-13936 3144 -9204 116 741 -2940
-15264 3156 -8664 -241 -778 -3579
-13892 2084 -9200 -591 -1293 -3518
-13556 2812 -6952 -941 -2042 -3914
-13224 1420 -7592 -1140 -489 -1996
-14480 2424 -7040 -1447 -922 -1415
-14008 2888 -5780 -2919 -2058 -1210
-13600 1544 -6148 -3698 -1016 -648
-14932 2000 -7264 -3353 -1553 111
-14772 2508 -6824 -3877 -1209 -281
-14368 2164 -6288 -4966 -999 674
-14316 1948 -5720 -5226 -368 1893
-14968 976 -5856 -4025 1210 1985
-14692 2760 -5964 -3548 1355 2156
-15512 3288 -7548 -3116 2906 2084
-16072 1100 -8248 -2200 3667 -453
-19544 6248 -8068 -968 3838 -2185
-13260 3212 -8012 -1125 -469 -342
-11652 3256 -7484 174 1563 2013
-13440 5936 -7896 765 184 1525
-14032 4948 -9284 1671 771 1208
-13204 5888 -9100 1136 -578 2054
-11720 6712 -9744 433 -591 2040
-12944 6932 -8404 -234 138 1023
-14436 4964 -8524 -101 -1042 1010
-13396 5616 -7848 -62 -1046 980
-14012 5516 -7688 383 -2045 1068
-13888 5076 -7104 1466 -1731 1278
-13932 5844 -5924 1921 -1662 1721
-13936 5864 -5764 2570 -2711 1316
-13916 4808 -5400 3719 -3134 234
-14988 4480 -4724 3594 -4175 -284
-14240 5248 -4704 3007 -5212 -921
-14724 4068 -4344 3875 -5475 -1701
-12368 4484 -4164 4865 -4020 -2382
-13040 4700 -4480 5934 -1991 -2638
-13568 4252 -4480 6178 -451 -1152
-16044 4448 -3776 6001 319 -573
-14688 3860 -4396 5430 102 -297
-15576 5664 -3592 4984 922 329
-19104 8664 -7596 1150 2522 1510
-17648 4844 -6388 -135 663 919
-12100 2300 -6544 1834 -273 -1642
-11656 2496 -7096 2994 1240 -838
-14204 3112 -10508 3311 2539 -959
-13908 4036 -8640 2097 1080 -1603
-13696 2920 -9164 604 1934 -2515
-13072 3484 -9336 -982 3142 -2046
-14900 1960 -8472 -245 2939 -2410
-14900 1608 -8028 -244 473 -2691
-14708 2728 -7652 -511 -435 -2993
-14800 1884 -6140 -686 -2446 -4028
-14832 1080 -8672 -1629 -2478 -2334
-13456 1992 -6312 -2397 -908 -48
-14440 1676 -5968 -3475 542 210
-14528 620 -6296 -3038 654 433
-14972 1124 -5904 -1928 267 468
-15072 1388 -6300 -2018 860 -209
-14544 2880 -5408 -3960 191 -306
-13784 924 -6312 -5223 1148 376
-15096 184 -6600 -5126 396 1150
-14720 -124 -6228 -3043 498 1740
-14252 908 -6184 -2281 1406 2111
-14748 3156 -6608 -2568 1710 2871
-17384 2424 -8620 282 3409 1872
-16480 2856 -8712 1379 2953 -513
-18180 5300 -8424 -645 2065 -37
-14552 2084 -9008 390 -131 1346
-12288 3820 -7472 1033 706 2574
-12208 5476 -7728 558 706 1289
-13268 5864 -9620 98 -621 1377
-13192 7328 -9820 -1622 -2083 1657
-12072 6616 -7672 -1484 -1571 419
-14956 4860 -8808 -1245 -1232 1666
-13524 5100 -7908 -638 -3051 1705
-12628 5652 -7360 214 -2602 1558
-13696 5460 -6732 230 -1422 1688
-13272 6260 -6168 746 -1560 859
-13460 5232 -6036 1197 -783 1161
-14648 5628 -5528 1847 -1004 854
-13888 5316 -4996 2416 -2670 333
-14768 5176 -4964 2825 -2185 48
-14392 5952 -4784 3061 -3195 -522
-14536 4340 -4360 4341 -3437 -882
-13500 4816 -3656 6175 -1496 -979
-12724 5756 -4332 5571 -1594 -984
-13300 4280 -3800 5360 -1277 -1611
-13496 3852 -3920 5428 -524 -1895
-15076 3268 -4320 6364 -1285 -1204
-14724 3820 -1596 6534 -1068 -581
-17576 7332 -10084 6433 3245 1378
-17808 8540 -8764 857 -722 1897
-15468 2432 -8480 2642 1640 338
-13632 4936 -10892 1432 1746 -1270
-10892 5456 -9116 -885 3680 -1513
-13100 3456 -10436 -999 3438 -1575
-13788 3636 -9928 -1333 3787 -2494
-14568 3592 -9712 -464 3440 -2662
-13156 2012 -9488 91 1694 -2488
-14448 3460 -9528 559 2215 -1256
-13900 3180 -9548 -822 206 -1181
-13372 1780 -9436 -722 444 -2190
-13040 1976 -9560 -98 762 -1234
-14504 2304 -8844 99 2036 -1480
-13280 2756 -8724 -1867 674 -1352
-13080 2716 -9276 -1647 1761 -433
-13888 2080 -8652 -1503 -299 528
-14724 2232 -9768 -479 -552 1489
-14616 4540 -8008 -972 -1324 492
-14112 2672 -9136 -1123 -1920 -740
-14256 3016 -8404 -1212 -1384 -543
-13940 2496 -8972 -690 -2433 -438
-14192 3208 -8180 -282 -1692 -235
-13648 3608 -8340 -29 -1831 570
-13204 4384 -8236 -790 -1136 905
-15120 3708 -8720 -539 -236 5
-13800 3928 -8568 -247 -695 -374
-14028 3592 -7736 -460 53 0
-14140 3448 -8140 -368 209 -153
-14324 3300 -7692 -4 424 22
-14468 3332 -7820 451 -65 25
-14600 3580 -7404 606 -411 119
-14204 3504 -7768 775 -604 127
-14464 3732 -7536 648 -529 124
-14220 3756 -7484 171 -410 -6
-14360 3372 -7348 244 -271 -132
-14296 3108 -7568 616 -41 -107
-14752 3308 -7132 975 185 -10
-14456 3328 -6944 1137 -89 177
-14688 3192 -7060 1483 -231 172
-14732 3280 -7060 1481 -643 134
-14296 3264 -7064 1544 -607 71
-14348 3232 -7104 1270 -374 62
-14356 3148 -7404 1378 -123 164
-14676 2868 -7204 1829 -85 299
-14648 3176 -7504 2089 -424 318
-14488 3196 -7356 2543 -322 644
-14404 3600 -7464 2535 -438 628
-14492 3668 -7212 2465 -548 552
-14408 3936 -7668 2076 -305 522
-14436 3692 -7284 1571 -419 392
-14312 4060 -7096 1197 -323 424
-14264 3884 -6944 909 -187 483
-14324 3896 -6424 381 370 503
-14804 3968 -6820 -208 519 105
-14572 3468 -6908 -362 213 -195
-14520 3668 -6956 -294 254 -175
-14532 3480 -7004 -309 342 -233
-14472 3112 -6936 -33 282 -179
-14328 3180 -7296 509 386 -124
-14496 3400 -7356 864 420 -200
-14664 3268 -7428 856 335 -275
-14416 2820 -7392 938 -26 -307
-14728 2184 -7292 2024 -26 -113
-14804 2292 -7444 3354 -578 362
-14500 2700 -7452 4585 -1049 677
-14424 2744 -7944 5706 -1094 990
-14316 3500 -7524 6273 -1106 1108
-14176 3872 -7940 5852 -584 1258
-14120 3652 -7416 4779 -282 1081
-14284 3988 -7868 3724 31 746
-14404 3916 -7596 2311 244 177
-14232 3200 -7936 1155 194 35
-14672 2696 -7892 1101 -109 3
-14832 2800 -7600 1126 -472 218
-13964 2716 -7540 1586 -842 220
-14012 2556 -7596 1848 -381 238
-14424 2500 -8288 2167 313 398
-14240 3592 -7748 1558 417 297
-14084 4096 -7780 -52 1403 -89
-14448 4044 -8116 -1978 1836 -398
-14320 3888 -8032 -3450 1448 -967
-14504 3692 -8192 -4456 1321 -1308
-14408 3160 -8136 -4930 800 -1450
-14408 2756 -8264 -4626 531 -1360
-14544 2208 -8028 -3975 49 -1111
-14668 2444 -7948 -3065 -623 -982
-14376 2284 -7900 -1775 -952 -686
-14528 2492 -7876 -811 -762 -393
-14300 3436 -7476 -902 -873 -200
-14164 3252 -7416 -1146 -270 -319
-14328 3492 -7672 -1353 88 -273
-14352 3372 -7344 -1207 54 -302
-14500 3248 -7052 -957 231 -148
-14548 3452 -7488 -885 108 -142
-14448 3656 -7584 -694 116 -220
-14412 3060 -7164 -473 208 -58
-14644 2992 -6776 -18 210 22
-14672 2880 -7040 476 26 -4
-14724 3272 -6976 918 -171 164
-14524 3440 -6852 1175 -559 102
-14812 3540 -6968 1017 -135 15
-14340 3684 -7260 591 -214 46
-14716 3732 -6608 364 -547 -104
-14364 3312 -7260 755 -56 20
-15252 3408 -7660 837 -306 19
-14292 3296 -7144 834 44 45
-14628 3504 -7352 852 214 136
-14664 3628 -7044 395 5 -37
-14544 3716 -7052 -6 2 -103
-14536 3968 -7388 -524 -772 -294
-13984 4000 -7208 -1121 -456 -420
-14740 3800 -7104 -975 24 -220
-13636 4104 -7356 -1761 -489 -379
-14444 3772 -6976 -1538 -171 -405
-14576 3256 -6716 -1207 54 -228
-14676 3136 -6820 -536 411 157
-14796 2668 -6756 -90 546 273
-14800 2884 -6468 225 440 43
-14876 3124 -6528 191 -66 -140
