17360 2304 2940 -1807 -3561 -640
17896 2872 3180 1131 -3168 -1533
16048 3352 3380 162 -884 91
16292 2704 2420 798 904 204
16968 2060 1688 1732 1294 -754
16248 2708 1672 1815 785 -343
15704 2552 2356 1799 -400 445
16276 2792 2284 1753 -901 409
16616 2840 2236 328 -149 243
16704 3208 2260 -1657 656 162
16104 2744 2084 -1364 389 316
16168 2564 2192 -733 -3 258
16440 2676 2456 -214 -194 295
16684 2640 2568 -230 -4 382
16600 2304 2712 206 140 465
16460 2344 2616 852 171 356
16336 2468 2412 1567 134 501
16480 2420 2316 2071 162 220
16480 2452 2296 1752 127 274
16552 2576 1892 1865 15 351
16420 2696 2016 1964 -569 522
16324 2976 2132 1908 -822 301
16600 2816 2484 1202 -675 -104
16776 3000 2136 405 -364 63
16684 2592 2276 -836 249 14
16340 2488 2308 764 239 227
16360 2608 2324 1127 270 79
16544 2428 2184 669 500 -4
16420 2268 2452 1048 539 -19
16424 2396 2336 1509 484 293
16556 2264 2196 1148 564 224
16280 2136 1868 1930 610 351
16348 2620 1764 954 472 454
16276 2528 1916 634 140 564
16272 2508 1816 811 -259 511
16348 2724 1956 646 -515 295
16252 2784 2160 369 -723 65
16372 2716 2156 339 -833 -152
16600 2564 2432 650 -884 -196
16552 2600 2420 734 -718 -166
16480 2432 2468 902 -481 -96
16308 2608 2496 1033 -293 -58
16540 2504 2296 968 -71 57
16648 2448 2196 883 193 82
16288 2492 2188 1062 -65 480
16372 2812 2012 656 30 359
16300 2340 1948 613 124 489
16372 2488 1692 755 177 550
16288 2388 1756 609 -7 536
15952 2404 1564 921 -201 536
16676 2196 1856 1327 -619 616
16152 2420 2044 2091 -1055 896
14588 2180 2096 2580 -1097 780
16596 1644 1420 4847 -1861 553
19912 1944 1112 7025 -3590 -580
18136 2112 1856 3278 -3569 -913
15752 1216 2416 1375 -1763 634
15660 1624 1848 5677 -1338 -324
16376 3168 1440 2864 -1549 -862
17984 1936 1376 -1664 -605 -2197
17576 1712 1440 -1524 767 -1203
16416 2492 1348 -1670 1610 -265
15540 2856 1012 -3126 1557 -1463
15740 2328 1252 -3976 471 -2359
19076 2896 1168 -2852 -986 -2282
21640 3152 -452 -6508 -3499 -1435
21168 1436 832 -11670 -4935 -2607
16860 3712 1436 2647 -2931 -1011
14480 5228 -604 4425 -596 -974
14696 4268 112 10 -354 -3207
15652 4316 720 655 1646 -2026
16392 4592 140 -40 3714 -267
16612 5364 -136 -3165 5899 28
15124 4272 1440 -4952 6263 883
16244 3860 1372 2913 6323 1477
16416 4932 1228 7081 6068 738
15816 4492 1024 1563 5638 410
15188 4072 1608 -102 4222 537
13960 4988 1364 579 1442 1038
13204 5112 2652 -708 -1550 337
13568 4160 3276 1227 -3788 -1803
14656 4144 3632 3545 -5125 -1896
14624 3424 3796 2736 -5161 -1402
15476 2588 4020 2521 -4433 -539
15824 2808 4020 3989 -3633 1040
18104 2720 3608 5297 -2798 2883
21916 3100 2412 10934 -1124 3011
16792 5300 188 3469 4139 4568
15816 5464 -1912 -3039 5487 7429
14812 3996 -1924 -2296 3900 5483
17272 3832 -1368 983 2164 3277
17884 2716 -1132 -2424 1411 2612
19128 1916 56 -2696 -630 2064
17308 1064 932 -1246 -1915 1465
16216 976 1812 1172 -1893 2521
17260 1468 1276 4483 -1807 1296
18288 1584 1164 2073 -1659 29
18136 752 1464 1634 -722 580
17072 736 1264 4334 -232 962
16512 1028 1248 5595 -937 740
16604 1052 1460 5538 -1409 111
16760 28 1088 4729 -1030 -1560
16868 1860 1552 4032 -450 -2665
17212 1436 1488 3630 -449 -1295
17020 1228 1132 3514 -555 -688
16736 1552 644 -843 -317 109
16480 532 1084 -1526 -392 591
15876 704 1220 763 -810 213
15728 784 1064 577 -1135 -216
16416 1000 1192 -1297 -1890 -1712
19596 980 1032 -1291 -3769 -4246
21204 1128 2012 -2170 -5687 -4191
21104 1024 3720 2492 -4814 -3976
19844 3440 3084 10165 -117 12
14856 5400 -1756 3849 4569 758
14744 4900 -1332 -7976 5221 -411
16016 1516 -476 -2033 7705 -1552
16100 3044 -740 5437 9109 485
16528 3584 -436 6128 9171 1621
16548 3360 -92 6866 9149 1652
15500 3692 324 5075 8195 1181
15476 3980 548 2453 6709 1029
15116 3780 1112 282 4376 931
15176 3396 1776 1306 2379 644
15112 3820 2368 1524 1403 491
15056 3936 3056 712 440 318
14336 3888 3928 -205 -841 226
13908 3604 4896 619 -2299 361
12880 3116 5072 -1083 -3475 423
13156 2388 4856 2234 -4615 -51
14448 2932 5216 3425 -5762 -535
15580 3344 5152 2546 -6143 -173
18720 2188 6684 2832 -4762 60
18992 3236 4568 4629 -681 984
23876 3828 2848 -359 -771 3407
19112 3084 4916 -2485 869 -929
14764 4808 1964 -4320 4643 3846
12164 4416 1168 -4383 4318 3588
13636 2252 928 -4787 438 1253
16640 1664 804 -1079 -2125 651
17704 1656 488 534 -2040 572
17148 1428 492 -2890 -1359 1263
17036 504 452 -3097 -216 1784
17272 104 880 -508 -684 984
17576 -184 1888 2464 -24 -300
17716 496 2936 3012 802 -685
16800 344 3112 146 1009 -961
16428 232 3172 -567 996 -225
15884 40 2740 685 504 36
15912 660 3076 1987 -773 224
15904 880 3116 3568 -1656 -46
16624 1596 3292 2885 -2042 -352
16932 1840 3400 1912 -2060 -1070
16456 1792 3220 201 -1856 -1832
16656 1308 3364 -719 -940 -2535
17300 744 4212 21 877 -3146
16548 1676 4816 -1127 1594 -3261
16516 1500 5196 -2871 730 -2479
21916 556 3904 183 -1003 -2589
16784 1108 4912 -216 -2588 -4062
18524 4176 5016 3758 -902 -1007
16752 6120 1416 6555 2007 -1433
14808 6168 -316 -6657 4042 -3701
16316 5916 -884 -7407 5086 -2497
14612 5232 -584 -1868 5850 -2466
13808 4848 1080 -1194 5984 -2857
14160 5184 2632 -2081 4820 -1628
14084 3824 3756 -1476 3229 -1417
13592 4256 4608 1358 2648 -1210
14200 3992 4992 3732 1820 -1090
13840 5080 5732 4105 1302 -1227
12364 4620 5656 668 1105 -251
12140 3948 5640 -865 153 12
12052 4464 6496 -17 -1438 716
12448 4564 7036 518 -1843 1704
13232 4548 7904 327 -1327 2279
13260 4448 7960 308 -1239 2894
13700 4372 8080 596 -1531 3625
14316 4620 7740 1919 -2893 4154
16640 4916 6580 3278 -4377 4833
19036 5412 5388 4246 -5217 5266
24228 5140 4704 2638 -5586 3755
18276 4268 2828 -2325 -978 1035
15152 3680 944 -4447 3232 2656
11876 2496 1104 -2198 2731 -152
14868 1716 384 -283 -747 -1375
16924 1308 124 825 -1359 -2016
16844 1424 384 -180 -605 -975
16756 1308 632 -454 -105 617
16108 1348 1176 545 -301 534
16192 1632 1356 -558 -1045 111
16220 1472 1804 -1063 -1855 -7
16068 1404 2124 -406 -2101 168
15592 1944 2436 -2674 -3053 240
16688 1376 2396 -7812 -3419 1023
17392 -224 2892 -4317 -3799 316
17020 596 3324 2460 -3801 -122
16784 1244 2864 4668 -2580 87
16688 1992 2416 2567 -1520 -193
16528 1932 2300 929 -1449 -1173
16992 1444 1824 -1309 -1028 -2192
17352 1172 2072 -2596 -558 -2366
17244 1120 2212 -2529 -199 -1942
16580 1808 2372 -3150 -549 -2180
16512 1864 2720 -4160 -819 -3113
19760 1636 2432 -4413 -2729 -4520
21204 356 2920 -1571 -5493 -3847
21140 2212 5960 11784 -2127 -7264
17064 8216 588 10907 5933 -5276
8392 9764 -3360 -13111 2890 -2812
11648 5552 -1148 -13344 -3230 -3497
16808 3664 -2064 648 2190 -2262
17280 4884 -1692 -1716 4726 1880
17128 3324 -176 -982 5724 1282
16100 3920 1124 52 6206 1693
14560 4724 2320 1447 5958 2805
15432 4708 2312 4341 4828 3202
14428 5708 2836 4820 2594 1998
13280 6368 2620 802 669 1280
13268 4812 3016 -854 -876 359
14740 4060 2872 18 -2445 -684
15776 4376 3132 -96 -3882 -155
15284 3480 4068 -87 -4080 233
15488 3244 5272 1765 -3439 655
14696 3208 5128 2357 -2759 1133
14580 3296 5060 2311 -2619 1353
14680 3704 4444 2831 -2265 1941
15060 3652 4080 2350 -1885 1432
16684 3856 3368 1161 -1383 1412
17668 2924 2492 -420 -765 1842
25968 2232 3460 3860 -2242 1044
19952 2836 4836 4458 1159 -140
15916 5628 2344 -5428 8450 1905
15428 3412 512 -7065 11200 3313
16276 3004 1024 -2631 8068 2072
16624 2828 352 120 6389 2150
15612 3024 608 -1035 5284 2981
15844 1908 1696 763 3474 2182
15896 920 2120 284 2485 -439
15568 380 3020 -1521 1138 -178
16108 -484 3584 806 -107 58
16208 40 4392 2343 -944 -74
15500 984 4988 3109 -1914 167
15060 1980 5144 3321 -3349 -665
14084 2928 5124 1975 -4837 -670
15500 2896 5592 4928 -6428 -152
16492 4140 4880 8944 -6213 -1123
16664 4668 4012 3631 -5257 -2169
16272 3192 3680 -1887 -4654 -2973
15464 2444 4084 -1919 -4209 -3392
15012 2352 3920 -2828 -3686 -4330
14936 2200 4180 -4230 -3569 -4443
14968 2532 4368 -4524 -3497 -3808
18616 2120 3416 -3605 -3800 -3323
22860 2604 3160 -519 -5762 -2535
17604 3676 5640 2615 -4910 -1044
16980 7172 1908 6645 -815 926
15064 6828 -1816 -4293 2514 -2923
17036 6120 -2096 -11046 2950 -192
17252 5160 -4388 -1299 4296 75
16676 5900 -3896 -1196 4753 102
15456 6508 -1768 868 3716 -261
14640 6864 12 1393 3234 -1150
14920 6356 648 -426 3476 -2526
14920 5912 992 -1520 3282 -3046
13556 4908 1852 -1095 1706 -2836
13576 5344 2376 466 1076 -2305
14376 5640 2852 766 118 -2491
14180 6036 3776 1093 -1259 -1039
13468 6140 4268 3234 -1383 171
12824 6044 4192 3721 -1056 411
12772 5672 4028 1701 -1272 1146
13496 5040 4504 2207 -2007 1981
14160 5304 4464 3342 -1429 2440
15712 5528 4476 1445 -1069 2125
14756 4868 4388 -1497 -77 2635
14836 4572 4404 429 614 3426
17712 4900 3492 2691 -585 2230
18244 5560 3524 2253 -160 2967
19400 7232 1944 684 2699 2519
21152 7860 624 461 964 -1041
16184 7960 932 -7354 107 -1224
14012 6980 1736 -4567 -153 -736
11768 4764 -792 -5279 -2450 -2860
18388 3752 576 -6934 -8978 -4129
23016 448 -296 -10879 -6237 -2756
15244 1920 2116 -1788 -3491 1553
13800 4048 2072 7710 -1961 2830
14508 5296 1260 11032 -647 1862
15816 5940 284 2872 510 535
16816 4680 204 -2943 1160 1067
17180 3604 -896 -2165 2896 1314
15872 3884 -600 -2397 4069 239
15164 3244 -632 -6666 4116 -292
16520 2380 -340 -8592 2435 -652
16048 2540 936 -7017 -202 -770
15836 3532 2104 -3700 -1813 -910
15344 3780 2272 -5992 -3199 -3098
16528 2672 2172 -8841 -4430 -3582
16940 2104 2064 -8088 -5195 -3520
16088 1412 1956 -9878 -5228 -4579
16264 1364 2224 -11343 -5116 -4474
23284 748 1196 -8259 -5193 -3552
20584 4708 1848 -4298 -5962 -5015
19020 7316 4144 -6456 -5731 -4776
18348 9404 440 -142 -1448 -3397
13132 8784 -112 -17150 310 -4674
13556 5836 828 -17669 -880 -1508
14108 4484 1552 -4167 125 -3608
15124 6552 1908 -4747 1234 -2559
13560 5600 2644 -5129 2580 -982
13924 5564 2928 -396 3097 -118
14044 5924 2904 1892 2285 485
13388 5948 3060 -19 1914 1397
14096 5420 2848 -61 1334 1803
14520 5400 3044 1154 1093 2057
16540 5052 2272 146 947 2654
16320 4824 3112 -1190 592 1696
14516 5476 4004 -1168 689 1714
13820 5468 3884 -243 338 1271
13372 5216 4228 -1076 -988 90
14716 4140 4612 -1918 -2636 363
14784 3704 4960 538 -3779 1018
14536 3592 4828 1328 -3710 1109
14552 3748 4712 1602 -3162 1218
14632 3656 4284 890 -2991 1158
13752 3564 4036 -522 -2865 1077
14668 3744 3652 -137 -3686 1835
16960 4048 2992 1932 -4238 1620
17220 4664 1520 -1585 -3377 1095
21636 3892 888 -7211 -3849 1812
20688 2756 1688 -4392 -2362 -485
21684 2788 -132 -7115 2990 -338
18800 1936 -2192 -8254 5972 339
15116 3444 -360 -7378 5850 3564
16564 1412 -1120 187 5965 2087
16092 2532 -956 2 4702 -272
15384 2072 60 -2386 2579 65
15448 1008 956 -2317 1372 -822
16028 1020 1596 -1110 71 -1214
15440 1460 2348 -1959 -1539 -1140
16972 212 3872 792 -2000 -923
17680 2136 3552 2261 -1730 -1946
16280 2792 3256 -2538 -1602 -1867
15540 1508 3832 -3538 -2311 -1607
15348 1672 3444 240 -3371 -1665
15508 1632 3324 448 -4521 -1684
16556 1472 3292 503 -5472 -1865
17172 1648 3196 -720 -5141 -1758
16968 1600 2896 -4068 -3011 -1259
17256 1872 3408 -5542 -1710 -2004
16584 2972 2892 -3616 -839 -1834
17996 2884 1836 -4507 -877 -1804
20368 3432 2120 -3110 -1841 -3302
22040 2736 2364 -3178 -2939 -3864
16900 4168 3544 395 -2098 -2124
14052 7176 1392 4969 -43 26
15636 6932 -1416 480 2101 -2632
16432 6932 -1376 -1626 3276 -2472
15680 4516 -1936 435 4205 -1762
14176 4576 -2184 2018 4846 -1443
13136 3172 -1616 -929 4850 -1803
14544 2652 -1128 -567 5022 -1559
14952 3216 -120 -1126 3997 -1192
16028 3816 1092 -393 2949 -701
16452 4968 1976 2155 2879 -308
15896 6756 2824 1293 2564 -259
15220 7060 3568 -857 1991 -100
14520 6892 4428 -2075 655 371
14320 7148 5336 -3736 -1652 1928
13492 5756 5720 -3290 -3024 2630
12524 3976 6152 -2538 -2916 1713
12864 2728 5928 -900 -3269 1126
14484 1484 6176 2153 -3463 -344
14696 3196 4244 5626 -2030 -1802
16952 3888 3620 3794 -785 912
14892 4440 2948 6503 -489 3436
15072 5548 2688 7716 -1629 3159
15272 5304 3188 5313 -3550 1817
16484 4056 3528 2112 -3774 2187
21272 2360 2752 4935 -3916 3289
22920 5272 1856 13869 -2128 3500
18960 6896 -1284 4414 2866 2160
17300 4756 -2116 -8047 3053 623
15832 1924 -1804 -6370 2232 212
15676 672 -1188 -1714 2775 661
16376 1260 -888 1331 2668 479
16192 608 -468 -415 2221 886
16596 20 -88 5107 2789 1149
15996 2348 -756 4750 1901 2689
17152 2220 -276 1520 280 1660
15860 1188 536 -2582 -446 338
16428 1016 1536 -1526 -2266 215
16524 1352 1588 558 -3729 277
17152 3456 2496 -271 -4186 181
17676 3416 1768 -4461 -3290 -1131
18208 2816 1396 -9399 -1910 -944
18008 1352 1568 -6018 -473 124
17192 1964 1844 1355 443 547
16524 2368 1120 2552 357 -420
17084 2260 1520 -1928 28 -2764
16544 1760 1588 -5529 176 -3992
15752 1212 2032 -7258 -15 -3672
14440 1592 2336 -5198 -1373 -3202
18220 1808 1464 -4659 -3956 -4138
17252 2532 1488 -5752 -6082 -3730
23172 1268 2476 -100 -7742 -3728
14424 5572 2468 8139 -7442 -2717
16536 6652 -1228 7845 -3708 -2320
17416 6200 -2920 -3434 -303 -5455
15684 4900 -3996 -7729 448 -1621
16120 4080 -4472 2561 2969 -1875
17300 4296 -3564 3747 7355 -1756
17788 3636 -592 1799 12872 399
15304 4392 -336 362 12192 2523
14268 4872 76 1307 8603 2402
14100 5768 688 4344 5728 2576
14788 6628 1592 5759 3335 2006
15072 7060 1904 2212 1433 1335
14364 6020 2172 -3065 -117 1016
13372 4284 3880 -3964 -2301 839
14744 3844 4788 139 -3472 365
15056 4612 4620 3317 -2567 1277
14516 4332 4208 2335 -2363 1958
14380 3632 3656 1959 -2683 2448
14948 2544 2672 3566 -3155 2413
15268 3572 3332 4505 -2805 712
15564 3280 2564 2412 -2367 42
16228 3828 4032 2128 -2374 -248
16168 3660 3408 1286 -3192 837
21848 3744 3916 2229 -3209 1724
23352 3224 3540 2756 -1354 1198
22212 3996 3116 -959 4058 1526
17140 4004 1092 -2223 10249 3127
15236 3696 936 -1298 12723 3649
18800 2472 -380 2757 12127 2815
18296 2468 -720 5357 10578 2316
16372 2544 -136 9 9205 2922
14880 1164 332 -806 6613 2732
14908 1756 972 2829 3105 2086
14968 2260 1104 2352 -26 1105
14504 2008 1020 -1122 -3084 -205
14784 1240 892 -1472 -6509 -1228
15708 1576 596 -940 -6987 -2771
17088 1380 5020 -562 -5925 -2735
16592 1332 5672 -3999 -8518 -2844
16540 1836 5892 -2816 -8098 -2121
17500 1656 5680 -635 -7730 -2004
17480 2724 4776 559 -8499 -1534
16872 1432 4036 1381 -8133 -1996
16040 1584 2924 3945 -6086 -2013
15076 1404 1580 5373 -4325 -2028
15224 2172 1896 1613 -3716 -2110
15900 2788 1852 -2029 -3047 -2335
17560 3300 1600 -6130 -1365 -2329
28244 3472 272 -5943 -1273 -3411
21072 2728 2864 -10675 -1519 -3139
17504 5628 4876 2070 1011 901
11660 7352 -2392 12162 3440 2089
12048 7032 -3500 478 3023 -2006
17400 4704 -5016 -5657 4764 -1492
16356 4020 -4820 -5836 6256 -1039
15836 3672 -3948 -1341 5337 853
15796 4004 -3088 3949 3287 377
16236 4692 -1860 4630 1191 185
16092 5152 340 5274 -995 394
15384 5776 764 5066 -917 178
14116 5896 464 785 -1034 -720
14588 5124 960 -1152 -2610 -1106
15340 4664 1444 59 -3395 -602
16108 4376 2120 2178 -3201 -154
16020 4180 2168 2632 -2915 462
15176 3620 2196 1202 -2261 1368
13824 3224 1272 889 -2512 1896
15068 3364 704 1599 -4245 2664
16172 1572 2088 8443 -5691 2066
19648 3232 2308 14573 -4398 1858
16764 5320 -440 7198 -291 1838
20076 5060 -1388 1456 1508 2357
23028 5072 -4352 479 3198 2933
17800 4468 -3624 -4628 3216 2441
18944 1772 -3388 4047 5648 2448
17452 3188 -4560 5092 8586 1152
17188 2548 -3072 -3320 9386 2135
18412 332 -3420 -2970 10829 1956
18700 516 -3632 -2598 10584 1465
17772 484 -2156 -322 7976 1453
16796 540 -1084 2795 5660 1300
15836 928 -484 4038 3918 1028
15564 860 420 2007 462 -1132
15300 1168 1416 -491 -2947 -2218
15212 1160 2040 -2895 -4857 -2028
15972 1184 2288 -936 -5667 -1267
16884 1424 2312 460 -6600 -1305
18212 2296 2472 989 -7246 -1110
17932 3292 2112 -522 -6906 -1454
17208 2656 1168 -5591 -5866 -2036
16340 1748 1764 -7692 -5157 -2694
16260 1488 2044 -4328 -4871 -2560
16644 2092 1704 -3511 -5027 -2964
17444 3664 2108 -6963 -4895 -2991
21120 3120 972 -12771 -4054 -4050
15484 3084 2820 -14581 -2371 -4623
22160 2308 1756 -2434 -1534 -2753
22964 3392 16 1311 -3080 -5569
15032 6224 1252 -3037 -616 -3329
14308 6268 -3576 -1620 4804 2071
13772 5392 -4604 -4836 6022 -1299
14372 5124 -2892 -4639 4483 -695
14264 5492 -1260 3206 2213 1127
14100 5020 -352 5643 706 884
13828 4708 580 6559 234 563
15008 5032 668 5322 -697 855
16296 5328 4 2989 -283 1088
15188 5236 -180 2968 602 1479
15816 5456 -1416 4027 857 2163
17024 5760 -1280 4871 550 1998
16612 5912 -784 3236 688 1576
15532 5072 -840 -610 665 1165
15200 4032 -148 -360 -705 1091
15772 3508 1340 2309 -2381 458
16216 3672 1652 2883 -3169 694
17016 3064 2224 3885 -3145 825
17232 3548 2408 6670 -2028 1592
19068 4172 1160 5781 -1081 1443
22684 5468 -488 5078 -269 504
16460 5972 -2840 -2962 1002 932
16924 3420 -2160 -2907 500 2294
17424 1908 -952 5161 1588 832
18332 1408 -1436 5693 4672 1094
18616 1592 -2272 4002 7992 2553
18268 1616 -2984 2059 9176 3649
16892 1724 -3864 2732 8988 3063
17392 1656 -3244 3650 8419 2949
18240 1668 -2216 4378 6964 2735
18192 1208 -1576 5264 6097 1637
15884 2008 -332 1254 5076 1145
15520 1332 496 -1381 2876 476
15552 956 1536 -1711 375 -826
16312 1140 2404 -703 -1670 -998
16640 1428 3008 897 -2726 -619
16244 2044 3248 2243 -3277 -343
16176 3072 3308 2565 -4015 -323
16176 2860 2864 893 -4764 -1159
16504 2276 2508 -1758 -5616 -2016
15780 2324 2644 -1119 -5963 -2062
15756 1964 2412 -2145 -5976 -2445
16144 2092 2428 -1592 -5454 -2293
16784 1924 2140 -2018 -5116 -2549
17012 2440 2276 -3497 -4598 -2072
17284 2360 2528 -4944 -3404 -1842
20292 2404 1872 -3770 -1483 -1945
19924 3292 1152 -5121 266 -1410
22672 2680 388 -3509 85 -1073
16992 4616 620 -285 -52 -1253
13508 6016 364 -855 1499 -465
13320 4584 -1972 -2653 2420 -3039
14868 3988 -1116 -3311 1278 -3898
16908 3540 -1120 638 1184 -2281
16924 4080 -1072 2327 2847 -2797
16088 6084 -1336 1334 4203 -2003
15508 5548 -392 -557 3603 -1110
15220 5200 -132 1963 2818 -1491
14696 6036 768 2379 1646 -1505
14608 5524 1388 1563 -188 -475
14572 5408 1616 3174 -658 29
14552 5584 2372 2151 -667 272
13824 4672 2496 2376 -1001 963
14824 4564 3212 5195 -1729 1565
15708 4388 3472 7620 -2653 1688
16224 4540 3700 7793 -2393 1863
16292 4456 4088 8164 -835 2299
15936 4296 3188 6811 554 3033
15552 3304 2508 7023 1469 3882
15232 2368 1980 9847 2113 4070
16612 2616 1660 14351 2840 4348
17844 3712 276 14299 3534 5255
22208 3752 -520 13232 3039 4882
26856 2944 -1588 16903 3413 2584
18156 2664 -1240 8168 5983 691
15780 1532 -796 3576 9212 1951
15716 48 -720 6380 10892 3001
17000 -344 -1036 11903 10883 3347
17428 -248 -1552 10249 9051 1092
17864 -300 -696 6872 5615 761
17484 104 992 7640 3271 1056
17144 784 148 5592 2960 1444
17032 1108 264 2745 2618 1131
15192 1216 296 -689 975 1616
14916 972 680 371 -2050 2637
14916 1364 1304 4689 -4496 2947
15728 2096 1236 4667 -6439 2876
16996 1740 1392 3654 -7879 2253
17744 1676 1656 4451 -8611 2170
18608 1920 1776 5694 -8337 1949
19016 2404 1516 4306 -7125 1260
18656 2548 1536 2799 -5571 176
17624 2260 1748 2185 -4235 -670
17144 2200 1592 1997 -3258 -928
16912 2116 1432 1078 -2584 -1424
16832 2320 912 -827 -2694 -1615
20980 7276 -1284 -5048 -4071 -677
19952 2192 -856 -14970 -4658 -6356
16212 2236 624 -13242 -2521 -5994
18748 356 -3140 3293 2248 -2366
17600 3240 -6136 408 3821 -3923
15764 3744 -4264 -6011 3772 -572
14528 3512 -4212 4243 3722 1869
14232 4608 -4052 4343 3169 790
14988 4340 -2704 3573 2171 236
17116 3532 -2196 6538 1451 760
17392 4528 -1560 7693 1768 1084
16684 5456 -2156 7338 2765 1842
16664 4788 -2048 4924 2846 689
17404 3844 -1016 5813 2585 222
16692 4536 -1152 7655 3083 1382
15584 4568 -1296 6604 2987 1627
16584 4568 -1676 7203 2917 1244
16260 4248 -1704 5562 2321 610
16168 3496 -636 4688 1651 873
15904 3432 -372 5766 1050 1018
16176 3528 80 5200 457 588
15736 3256 600 4076 203 773
15476 2536 1100 4423 54 1274
15748 2632 1532 6845 51 1754
15676 3260 1204 6567 -460 1886
15652 3376 1624 4626 -1257 1912
16504 3060 1880 6498 -910 2193
19824 3468 1176 7701 10 1709
21316 3056 -452 4112 1395 2245
22620 3152 -532 4847 3213 832
17320 3276 -464 148 5800 859
16880 3348 20 -1648 7468 3266
15636 2208 -664 -1077 7944 2346
16684 2324 -1432 -139 7313 1663
16960 1284 -1492 1650 6656 323
16948 1704 -784 1091 5331 -709
16784 616 512 157 2874 -697
16704 544 1500 1681 1583 -897
15652 488 1952 2312 524 -254
16544 364 2528 4701 -807 -320
17708 996 2740 7107 -1627 -1124
16420 1864 1664 3808 -936 -917
16480 1656 1860 574 -809 1599
16508 1624 2192 4508 -1435 2669
16272 2444 1588 7086 -1604 2258
16760 2728 1072 4845 -1410 976
17228 3464 1180 725 -1787 922
16832 2476 828 -2698 -2250 -667
16092 2300 916 -3250 -3268 -852
15836 1960 1184 -1845 -4633 -1249
16216 2564 964 -1147 -6053 -1983
16628 2572 1300 -2952 -7069 -3162
17628 2256 1816 -4405 -7712 -3796
19760 1968 1032 -4892 -8135 -3809
20236 2540 1176 -7170 -8512 -5073
17944 3312 1908 -7358 -7770 -1019
19188 3892 -208 5489 -4200 -920
15788 6608 -3060 -2626 -1330 -3808
16552 4972 -2168 -6666 -122 -2218
15660 4776 -3068 1808 2539 -1199
15292 5796 -3608 -977 4246 -798
15312 4920 -4248 -3049 5277 -170
14884 4580 -3752 -1811 4906 551
15020 4696 -3192 1376 4186 647
16584 5816 -2640 2277 4006 142
16096 6228 -2892 453 3413 -369
16476 5712 -1352 -181 2066 -979
16128 5216 108 3913 1314 -1837
14348 6268 684 5630 879 -1758
14600 5980 1696 4564 -701 -1717
15920 5864 2216 3863 -795 -1271
16684 5532 1936 3245 -118 -584
15764 5676 1380 3688 313 1098
15388 6032 796 2630 2168 661
13824 5380 1884 3379 1119 1073
13924 4680 2304 5779 502 1231
13676 5760 3872 6802 -260 85
14732 5944 3912 7171 -200 448
15060 5600 3808 5471 615 1393
14388 4524 3132 4137 1797 2388
14620 3564 1600 3358 2225 3973
16024 3968 -828 5127 1233 6761
21548 4236 -1644 6651 -595 6144
25760 3532 -4824 8337 1779 3548
21896 5384 -4364 -989 4919 3645
17188 4568 -3952 -5076 5746 4730
16396 3108 -3484 -4955 6098 4749
18596 1024 -2596 -729 8188 3628
18620 1360 -2052 729 9061 1921
17836 916 -1996 -2528 7810 462
15896 228 -1476 -4778 5548 155
13924 -736 -2476 -3484 2562 -41
16280 520 1172 296 -280 -2459
15780 1760 1312 162 -4000 -2686
17816 2488 1776 -1967 -5149 -2046
17856 2312 2072 -3013 -5500 -2031
17324 1160 1492 -3091 -5594 -2095
17356 536 1484 -77 -6628 -1278
16796 796 1512 2989 -7662 -697
17036 1212 1964 5361 -8157 58
17532 1384 1296 6196 -6865 425
16776 2900 2148 3850 -4880 -565
17176 2780 1832 1041 -4806 -7
17072 2552 2284 -423 -5162 -1132
16784 2872 2476 -2239 -3807 -1792
17160 2872 2388 -2986 -1277 -2088
17320 2156 196 -4233 1541 -2397
16916 2760 -788 -4440 3085 -4484
27292 3088 -504 -25 7 -1040
21132 2352 -1992 783 -1651 -4703
12780 6704 -1256 -726 1059 -683
12708 5292 -2748 10611 3183 330
14948 5976 -2796 -1142 2651 -3055
15852 3748 -2424 -12306 4639 -2258
15464 1524 132 -2302 5896 -278
16752 3400 1456 9435 6758 -372
16004 4936 268 6201 8939 462
16480 5248 412 904 9050 1068
17320 4904 844 560 9119 1417
17224 4712 312 879 9148 1542
16868 3896 464 -3940 7725 1305
14468 3788 1160 -5759 6242 2451
13576 4272 2268 -412 4612 2494
13312 5488 2184 503 1653 1493
14200 4048 3348 -1189 -2717 64
14844 3664 4328 402 -4912 -552
15568 3564 4712 1582 -6126 -405
16464 3752 4584 1802 -6992 -15
14688 4176 4988 1029 -7804 962
14936 4484 4796 1170 -8545 2041
16392 3396 4104 2210 -8580 2701
26156 3640 4184 7979 -10941 4050
19912 3540 1712 3993 -6255 -129
15556 3764 -2048 -11030 156 519
14764 2104 -1568 -10445 1815 925
14780 1300 -708 -1360 126 -943
17308 784 -756 5516 -465 -1338
17564 1408 -448 5843 309 -694
16904 1120 432 4471 1970 613
16704 828 648 5540 4169 809
16392 1516 596 4878 5335 504
17004 1884 1088 4598 5163 206
17352 1696 616 3545 5120 -276
17524 2068 772 1005 4475 -152
17340 2608 956 -1067 4517 1028
16600 2620 1004 -3127 4768 1590
15952 2844 932 -2480 3831 1881
15152 2564 1144 -2022 1715 1085
15172 2844 1772 -1286 -651 171
15444 2920 2104 -536 -2789 -1155
15596 3256 2200 -1543 -3906 -2286
15668 2948 2124 -3284 -4701 -3580
19004 1884 1420 -3934 -6258 -3812
22000 2228 1508 -2745 -8574 -4195
23412 1916 3536 -1952 -11169 -5503
16300 4584 5260 1657 -8196 -2289
14356 3424 -292 5030 -2382 -1184
14572 3628 -3780 -1544 -287 -4346
15820 3940 -2228 -9055 -459 -4064
16408 3208 -2224 -7766 537 -903
15640 3416 -1240 -4078 2458 1246
15660 3452 -948 -710 4432 1997
15108 4680 -1936 -1345 4228 2591
15348 4620 -308 -2580 2147 2280
16192 3844 220 -518 79 1303
16556 3948 644 420 -300 59
15912 4180 1180 -1535 -17 28
15592 3156 1592 -1994 -295 -64
15340 3204 1992 -833 -1597 118
14728 2992 2452 497 -2775 603
15272 2884 2632 2543 -3385 689
16060 3088 2524 3367 -3742 689
17188 3160 2660 2518 -4325 1170
17540 3192 3132 3194 -4414 1237
18572 3720 2872 4490 -3095 1593
20548 5772 -3888 -589 -2727 3237
21464 4416 -2124 -3521 -2902 1874
17660 2032 -2592 -1813 119 178
15804 1928 -2268 848 3737 1009
14520 1188 -1572 -289 4228 1809
17540 -68 -1216 4862 4092 2192
18580 604 -2312 9908 4447 1356
18480 1644 -2052 6540 5692 1953
17060 1108 -2564 3928 7198 2678
16476 688 -1468 5207 7357 2330
17096 268 -808 7911 7152 2243
17708 1136 -288 8001 6225 1176
17080 2552 888 3499 5036 80
15968 1916 1128 -3256 3608 -1261
15812 1028 1292 -3068 1822 -857
15656 1812 1776 494 -106 -534
15616 2116 912 -1378 -1451 -997
16052 1248 1036 -4168 -3472 -2396
16560 1040 1272 -3021 -6174 -2477
17048 1596 1452 -1950 -8428 -2400
17016 1732 1556 -4099 -8810 -3194
17444 1368 1980 -5444 -8218 -4082
17868 1416 1980 -5349 -7057 -3733
18620 1716 1752 -4844 -5663 -2790
25548 1384 304 -2646 -5745 -1463
19480 3284 1340 -3025 -5430 -2668
15912 3948 960 -6912 -4152 -70
17388 2164 1804 462 -3187 -1958
14532 3852 1684 -921 -1195 -4939
13064 2880 1780 -7520 2744 -2128
13128 1396 1940 -877 5590 453
14408 2944 580 5631 7463 1523
16160 2092 936 4732 7686 1550
18060 3048 620 11285 8497 885
17152 4384 1148 9254 8267 1390
16280 5484 372 3286 8500 1556
17732 4492 872 3530 8061 2064
16600 4584 772 4785 6330 1689
16220 4428 676 1882 5274 1473
16508 3744 828 911 3636 1775
14944 3048 960 1300 1886 1739
14796 2924 940 1514 712 2130
14400 2272 1040 946 -839 1959
13148 2920 860 1572 -3009 2158
14452 2864 1300 379 -5240 1790
14868 3232 1832 -611 -7330 1074
15084 3392 2344 -1482 -9346 906
15904 2908 2528 -688 -10161 419
15320 2732 1968 -425 -7333 577
31260 4548 1300 3538 -10032 2535
21428 1124 3684 904 -10644 -5280
21512 3392 1376 14 -2311 -3926
13124 3532 -964 -322 3861 -776
14136 3052 -904 -5067 6527 -186
17484 844 -1564 -1756 9099 168
19788 1648 -920 4028 9931 1147
19052 2208 316 6287 9069 1655
16908 3100 1108 -58 8956 1782
16484 2504 2052 -3237 8559 2040
16180 2332 3032 -602 7663 2000
15952 2208 2852 607 7257 611
15880 2068 3736 -1036 5383 -173
14340 1912 4404 -1310 3476 -622
14000 1608 4600 183 1865 -675
13084 1756 4532 1215 -859 -540
13656 1784 3820 2235 -2275 -999
14088 1528 3804 3343 -4364 -1008
15360 2164 3556 4831 -6162 -320
15856 3204 3316 6500 -6912 -180
21512 2936 1588 6613 -7556 -1154
19960 4656 504 685 -7716 -1929
19184 3856 1088 -5341 -7523 -333
17268 3468 12 -867 -5343 -315
17492 4572 -132 -266 -4923 -1392
17508 4648 -608 -53 -4254 -1849
16640 5064 -312 -1849 -2451 -1947
16268 4516 -1508 -2285 -248 -2045
15644 4160 -1532 -2705 1010 -1651
14788 4824 -1140 -2612 2077 -1273
14056 3832 -1888 -4699 2219 -692
15780 2716 -768 -2911 335 -280
16112 3960 664 2025 -969 979
16120 4740 516 683 -494 92
15312 4600 -68 -4786 250 -1075
15832 3984 1100 -4206 -1134 -694
15696 4520 1532 -1782 -2664 -429
16220 4780 1532 -897 -2531 -15
14792 3696 1736 -2422 -1394 389
14860 3136 2320 -683 -1600 1070
14160 3564 2752 1255 -3094 1371
14860 3868 3640 1422 -4279 658
15972 4072 4236 1812 -4543 438
17908 4264 4296 2207 -3382 540
21652 4808 4076 3487 -1076 1928
19684 3828 1416 3638 1372 2851
18496 3092 72 2840 3935 2658
18872 2272 -660 3330 6707 1627
16140 1232 -1164 -417 8391 1850
18904 584 -268 3992 9175 3434
17396 592 -1304 8632 8998 3668
18452 1212 -828 8924 8081 2502
17164 836 -784 6511 7169 1624
16748 912 -456 4024 7133 1223
17620 1200 -224 2563 5832 555
17260 1684 176 1373 4411 176
16784 1872 192 -156 3092 -51
15556 1648 292 -2048 782 -17
14404 1856 872 -2753 -1370 -196
14776 1780 992 -1742 -4880 -310
15796 1576 1816 -1548 -7833 -1120
16568 1580 2004 -3092 -8691 -1847
17264 1196 3336 -4039 -9101 -1985
17224 1160 3468 -2939 -9217 -1864
17356 1344 3804 -1516 -9092 -1667
17144 708 3768 -674 -8013 -2664
17808 2016 8412 3619 -7347 -1346
16056 1560 3660 10515 -2712 -2086
16300 5572 4188 5574 -959 -2424
18584 3420 2980 -3549 311 -787
19820 2828 2240 -3765 2119 -1438
18860 3148 240 -6441 2399 22
20752 2992 1484 -1685 1484 279
16272 5472 84 751 3728 -21
15320 4432 140 -5564 6390 -1499
17272 3056 -500 -1981 8799 -1646
16924 4068 -424 -1967 8894 -1634
18368 3356 900 -1071 8822 -511
16132 3004 408 2215 10141 361
14420 3500 476 1606 8800 1269
13276 3236 1116 2313 5137 1515
13404 3512 1872 2871 1232 1386
13696 3776 2768 3101 -1600 1423
14204 4032 3472 1699 -3816 1493
14392 3572 3780 1887 -5896 1095
14988 4392 3388 800 -6598 666
15016 3804 3268 -8 -7283 250
15540 3388 3016 861 -8383 582
16268 3300 2976 2609 -8863 1159
16388 3036 2584 3777 -8712 1084
16764 3612 2744 4231 -7658 1917
16608 3692 1596 477 -6056 1559
16016 3544 2100 -2946 -5383 862
20540 2644 1652 -2106 -5399 2027
25436 3648 2888 2933 -4402 -1936
16452 3288 160 -9418 1729 -2291
20208 3160 452 -6925 5100 1632
16456 1316 -1144 5217 6512 617
16836 2856 -1732 6184 8669 721
15484 1688 -2596 2868 9998 1269
17552 1184 -1760 4576 9153 1574
19320 1460 -816 7990 6844 1072
17908 2276 -576 5215 5448 -605
17384 2052 -272 2 5548 -401
18220 1016 -388 -156 4456 -336
15672 2372 272 -1154 1660 -905
15076 2000 492 -2452 -101 957
14660 2732 208 2503 -1984 1793
15224 3716 420 6034 -4301 1587
16076 3668 -88 3633 -5830 337
17100 2440 100 -724 -7100 -565
17564 2352 168 -1434 -8449 -548
18392 2092 344 -1445 -8941 -27
18372 2464 252 -1583 -9573 -231
19312 2908 304 -3185 -9819 -542
20820 3140 -1084 -5210 -9723 -1776
19912 3328 -60 -8195 -11215 -874
20460 3084 1008 4827 -11011 -1160
18380 5204 84 4819 -7048 -2081
16960 4044 -64 -4724 -2049 -2678
14876 3156 -96 -5851 1356 -1737
14784 2536 -1896 -3016 4910 -542
14996 2464 -2420 -1629 8677 271
15592 2656 -2368 1342 11488 2124
16484 3384 -2444 4337 12453 3029
17704 3684 -2656 5925 12628 1944
18060 4196 -2772 2992 12324 599
17396 4152 -1280 359 11659 584
17348 3356 -1056 -47 11079 330
16820 3852 44 -347 9051 50
15072 3724 620 -642 6199 -157
14108 3768 704 -362 3491 232
13360 3856 640 -229 311 274
13112 3424 1172 -1111 -3750 299
13396 3080 1804 -402 -7511 155
14764 3332 2628 -176 -9262 55
15280 2820 3464 -1791 -8790 50
15132 2836 3784 -2120 -8376 496
14760 3456 3776 -1525 -7464 901
16064 2620 2852 -1612 -6234 850
18692 3476 2764 175 -5357 1556
28796 4864 2712 2764 -5506 1743
23896 2428 900 -4717 -2406 -2452
18864 688 592 -8319 2156 -1869
13296 -1188 2556 1358 3324 191
12568 1108 -216 10421 3812 1326
17568 432 -900 2715 5461 -996
17568 876 -428 3462 6633 -1849
19092 1932 -312 1275 7503 950
17748 1748 -84 9 7754 1001
17148 2024 924 -2211 6265 362
17028 1820 1568 -3606 4529 575
16304 2004 1988 -4980 3435 318
15192 944 2024 -4903 2493 -91
15268 892 2020 -739 384 294
14940 1696 1992 2996 -2415 310
14916 1528 1916 3484 -4419 -433
15992 1172 2208 4278 -5668 -1548
16268 1856 2352 3583 -6526 -1793
16492 1704 2368 648 -6828 -1950
16268 1600 2616 -698 -6989 -1767
16388 1868 1976 -1566 -7022 -1734
18632 2500 1984 -2817 -7707 -1880
17964 3644 1100 -3286 -7538 -3124
18556 4276 456 -10688 -7167 -3145
32767 1824 -1848 -5509 -6661 -5194
16512 6256 -724 -12183 -2666 -10643
11232 10088 104 -9829 2927 -137
10376 9960 -4040 -2217 5227 -7312
14628 8316 -2392 -6976 1550 -10586
16000 3584 -240 -5482 281 -3161
16596 5724 1008 8990 2440 -2774
14036 7792 620 8124 3956 639
13964 7232 584 1442 3445 333
14408 6700 1336 5455 2300 -1108
12920 10220 3524 7363 179 1036
13664 7732 4284 16008 -964 -86
16992 7056 -236 11934 1932 -3576
15388 6048 -2688 -3839 2996 -3265
14912 4396 -3272 -2905 3323 315
14892 4400 -3812 6881 4141 1427
14580 6288 -3428 3094 3052 2899
14240 6628 -2172 3151 1813 3738
14340 8340 -1376 7097 398 4107
14700 8792 -1716 7304 -680 4238
14852 9312 -896 5265 -1502 3909
15252 7392 -1540 -1069 -1311 3655
15596 6068 -172 -2946 -1676 3102
15056 4488 700 -1495 -1877 2984
15472 3872 1160 1200 -1715 3352
14976 4332 1708 2704 -2656 4395
16736 4096 1752 4283 -3968 4054
20152 4368 244 5902 -5062 4376
22156 4464 784 26114 -6572 -1457
24872 9056 -6308 16043 -631 378
17912 5424 -6672 -6592 6032 -1335
12496 5468 -6136 -3732 5427 1285
12036 5984 -4632 -2591 2957 2348
16160 3712 -1632 -7535 1963 2812
18976 2324 -1188 -4280 4861 1049
20448 2516 -1720 -2423 8984 10
20648 2920 -3676 -3424 11622 451
17520 2872 -3468 -5908 11635 1739
16380 1528 -2504 -2949 10603 2693
16156 1124 -2012 869 8754 1656
15712 1540 -1320 -204 5230 1105
15636 1596 -16 -1546 1332 907
15528 1392 228 -1756 -1422 319
15648 1892 1072 -2268 -3891 -241
15884 2136 1428 -1812 -6741 -528
16644 2440 1732 -973 -8946 -844
17272 2628 1692 -1217 -9621 -1317
17840 2416 1820 -3555 -9742 -1761
18224 1668 1932 -2782 -9641 -1816
18572 2032 1936 -1617 -8652 -1349
16560 3468 -172 -6501 -8242 -689
16528 2748 -184 -10115 -8566 -1609
16628 1236 896 -9084 -8046 -4264
18756 976 1468 -5211 -6133 -4525
19924 796 2140 -3401 -3711 -4484
20416 1368 1536 -5305 -345 -2425
23424 992 -724 -4826 2786 -131
16724 3576 -2000 -8231 3869 1323
9292 4620 1208 1302 4553 4982
14492 4308 -2224 9751 6716 4854
17504 3696 -804 5636 6620 -1039
17108 4220 -496 288 7244 958
18796 2768 -216 7037 9231 3544
17808 3684 -1644 5678 10201 2768
17744 3796 -2876 4255 9907 2522
17172 3120 -1252 2619 7601 1787
16300 2804 -600 5084 5827 1372
15860 2864 -32 5287 4232 958
14920 3172 852 3817 2636 862
14296 3100 1280 1464 691 847
14732 2968 1208 -1038 -1254 608
14012 2600 1608 -2857 -4115 650
13340 2600 2304 -1978 -7050 862
15260 2884 2600 -650 -9075 985
17512 3336 3008 880 -9994 842
24024 4380 3900 4242 -10619 297
24728 2952 2564 2060 -7078 -2832
20244 2932 1280 -4392 632 -3550
13824 2048 916 -4013 3502 214
12384 724 1184 -1758 3390 2810
14688 -72 -148 4193 3186 2908
18500 -492 -1304 11222 3948 1679
17148 744 -572 10233 3958 1590
16700 1252 276 4467 4343 2582
17868 692 884 2326 5137 2214
18296 1040 736 3748 6209 1687
18588 1572 740 2208 6037 815
17644 1476 464 -911 5447 90
16944 1068 224 -2922 4719 10
15736 1004 200 -3566 3487 302
14796 1152 364 -3791 1139 532
14712 1184 2268 -3701 -2370 305
15492 1228 2556 -5833 -4872 -20
16580 -60 2884 -4344 -5451 -1762
16900 820 3332 -950 -5429 -3051
16928 1792 2704 -1300 -5578 -3424
16952 1360 2492 -2248 -5942 -4299
18184 1652 1940 -1849 -6638 -4392
21584 1440 1796 -1774 -7860 -5028
20860 1812 2268 -1067 -8144 -5280
16884 2100 3192 -887 -6333 -3874
15364 1688 2636 1423 -3811 -2812
15884 1556 1952 3618 -592 -3694
15768 2460 1260 903 2249 -2930
16084 2444 1340 -2509 5013 612
16872 3668 1764 922 8641 2573
17292 3208 336 1143 11216 3101
18424 3896 340 2114 12314 3785
17920 3724 448 3441 11719 3208
16888 3984 196 1177 10350 2540
15360 3404 740 -1821 8458 1916
14316 2596 1292 -1872 5700 1691
13952 2700 1840 -1872 2281 1536
13776 2792 2508 -5550 -905 1395
13748 1752 2964 -6067 -3195 402
14084 2048 3600 -4810 -4846 -714
14428 2020 4132 -3055 -6294 -2397
14976 1448 3780 -1999 -7323 -3556
16012 1124 4332 371 -8032 -4527
16336 -552 4068 3799 -9228 -3330
18012 1496 4344 11089 -8744 638
19796 2916 4076 11138 -7305 1198
24700 3936 3520 3696 -6768 -131
19356 3068 3648 -4440 -3595 -2863
16816 3440 2688 -7674 442 905
14028 1316 2584 -566 1105 2005
14936 316 1160 8393 2229 883
18084 1512 156 13814 4257 897
19408 1008 -840 10196 6768 597
18276 864 -448 3376 9092 745
16584 124 -36 2372 10694 2103
17904 648 -208 4546 10458 2230
18636 1100 -376 5453 9216 1364
17524 2104 -520 794 6981 891
15328 1596 180 -4550 3871 979
14288 936 612 -2687 693 1049
13828 1532 1036 -439 -2993 286
14480 1728 1292 -2676 -5732 -836
15856 1072 2600 -2941 -7690 -2095
17516 -3668 5776 5556 -8445 -5002
17908 4776 3116 2578 -8601 447
18028 632 4372 -3483 -7712 -1294
17300 2548 3692 2292 -5791 -2383
16592 3760 3328 -3176 -4975 -1946
20096 2128 2696 -3823 -4606 -2810
23032 2532 1884 -2180 -6143 -3000
19520 2256 3296 -4649 -6127 -3579
13684 3064 3840 -2727 -2963 -2228
14952 2696 2232 5179 1758 -1096
16444 4052 -100 2974 4823 -2045
16992 3420 -328 -6688 5208 -446
18432 2704 -424 -1496 7546 1377
18444 4200 -1452 5021 10646 2050
17156 5504 -1612 3279 11898 1591
15064 5372 -844 800 10419 1157
14084 4612 40 -196 7263 818
14800 4008 1196 838 3599 -550
14320 4184 1480 393 552 -1409
14664 3884 1884 793 -1904 -1509
15228 4020 1820 2145 -4063 -1461
15588 4152 1892 942 -5632 -1201
16384 3348 2588 -922 -6709 25
14968 5404 2560 2249 -7328 71
15132 4856 2948 1493 -7453 497
16080 4320 2884 808 -7020 303
16464 3716 3164 -522 -6005 722
15952 3340 3184 -266 -4299 1246
15324 3588 2776 310 -3021 1495
14948 3348 2976 356 -2582 1464
15616 3352 2648 1562 -1543 1833
20016 2844 1868 3441 -1101 3003
23516 3468 2136 6677 -697 1570
19556 3768 988 797 4279 333
18532 2820 -336 -4017 9468 1799
15832 2392 -600 -4044 10631 2194
16604 2100 -408 563 9060 2894
16824 1512 -948 5256 7304 2228
17428 2168 -756 4254 5294 2029
16264 1496 -136 1913 4168 1698
16868 1432 -260 2217 3202 1553
16292 1684 -116 868 1752 859
15532 1168 516 -2084 -89 -130
15720 588 928 -1616 -1383 -247
16500 628 1452 -516 -2619 -254
16632 1108 2296 -1042 -3783 -327
16612 1028 2584 -1362 -4216 74
16980 1080 2632 -269 -4554 -56
17304 1656 2900 1212 -5041 -276
17384 2032 2964 38 -4842 -791
17500 1900 2652 -823 -3994 -1247
17308 1996 2576 -1351 -3200 -1474
17216 1800 2140 -1178 -2531 -1671
17152 1496 2120 -12 -1995 -1607
16968 1552 1960 1375 -1470 -1086
17008 1652 1528 2094 -1000 -567
16592 1872 1228 1611 -452 -614
16280 1668 880 -32 57 -567
16308 1244 656 -175 36 -667
16476 1556 764 -542 -298 -362
16212 1492 976 -1415 -775 -304
16380 1500 972 -2025 -1258 -36
16528 1860 1576 -1314 -1500 -111
16624 2712 1552 -1326 -858 -327
17936 2268 1088 -1899 267 -925
22264 2424 644 -919 -562 -1520
17336 2724 640 -4860 -1949 -691
14676 2692 1528 157 -2455 697
15032 3988 -624 8114 -1721 -369
16568 4140 -2092 -733 -1496 -3877
17980 2992 -1640 -3864 -1492 -3364
17984 2548 -2140 1693 -531 -1919
17068 4200 -3348 1002 593 -1568
16536 3712 -3296 -1095 572 -1807
16432 3732 -2688 532 -366 -1444
16568 4044 -2292 1241 -144 -1242
16848 3992 -1500 -1121 1351 -1231
16696 3936 -916 -2016 3014 -426
16756 4284 -996 -1631 4115 579
16752 4228 -884 -1053 4344 1058
16028 3996 -320 -1362 4115 1277
15308 3652 492 -1363 3417 1472
15176 3352 1016 -874 1647 1503
15612 3680 1560 -43 -120 1485
16144 3892 1916 350 -1052 850
17028 4028 1784 1735 -690 348
16636 4408 1660 1306 -187 336
15656 4192 1948 419 -147 623
15740 3932 1936 1034 -377 638
15836 3392 1752 1600 -1011 909
16992 3568 1592 3037 -2213 1507
17092 2892 1264 3932 -2478 854
15788 2564 1384 3253 -1222 750
17068 1608 1244 4356 564 906
19000 2132 320 3809 860 456
17632 2004 540 -557 593 1103
17596 1364 556 1367 1367 1370
16720 2868 -272 2224 2035 1586
16260 2548 120 -1079 1619 1277
16584 1740 560 387 -55 699
17320 1792 720 2731 -1215 347
17536 2564 828 1031 -754 258
16992 1900 680 -866 201 -184
16724 1852 772 808 280 -199
17188 2124 600 1230 246 -222
17200 2032 540 -146 561 -178
17220 1592 724 469 434 384
17088 1828 1008 1483 10 705
16540 1764 1180 1001 -75 722
16420 2108 1220 1360 -30 953
16580 2292 1156 595 -21 291
16952 2080 1128 414 160 23
17176 2036 952 862 399 164
17052 2348 992 819 359 276
16884 2236 1104 530 501 65
16724 2252 1188 760 653 -196
16636 2028 1132 802 378 -370
16884 1996 1060 700 385 -478
16856 1836 924 104 414 -583
