-14448 96 2796 356 12 6
-14724 124 2992 198 96 28
-14600 -20 2744 229 65 55
-14436 -32 2580 88 148 222
-14968 272 2984 -453 -4 427
-14728 364 3220 -643 150 738
-14456 152 3336 -764 38 849
-14512 40 3204 -745 -168 809
-14608 148 3132 -660 -142 775
-14568 212 3188 -291 0 656
-14344 232 3092 -33 239 541
-14780 204 2800 51 277 381
-14776 440 2936 576 257 171
-14748 392 2684 354 140 21
-14744 508 2720 468 45 -105
-14548 316 2720 527 67 -203
-14928 484 2908 626 -174 -330
-14760 488 2860 717 -49 -319
-14764 320 3020 811 83 -365
-14500 304 2608 616 95 -303
-14420 300 2748 410 404 -359
-14948 240 2976 673 164 -304
-14896 272 2748 575 -60 -191
-14436 104 2672 638 -81 -46
-14564 128 2556 699 -11 26
-14884 304 2672 565 -198 49
-14712 396 2308 806 717 284
-14800 352 2668 802 1226 633
-14420 428 2636 536 518 581
-14648 524 2452 503 656 569
-14880 596 2552 445 417 495
-14756 624 2340 379 323 479
-14692 760 2284 266 346 417
-14816 852 2184 212 166 239
-14692 772 1948 119 311 151
-14828 544 1416 199 642 145
-14308 836 1796 366 1643 232
-14708 624 2472 12 1424 23
-14744 660 1992 -169 1448 -163
-15156 688 2612 -366 1312 -337
-15520 400 1332 -45 440 -388
-15392 312 1380 241 204 -272
-15084 336 1260 433 -135 -238
-15172 300 1524 557 -501 -218
-15288 384 1720 612 -741 -73
-15196 352 1120 342 -1195 3
-15232 376 1640 422 -1461 -81
-14712 416 1652 121 -1421 -5
-14932 240 1772 -51 -1432 -62
-14980 204 2336 -138 -1300 -107
-14956 104 2640 -6 -975 7
-14492 272 2420 157 -582 114
-14744 148 2580 95 -410 92
-14836 144 2536 94 -317 96
-14512 140 2588 90 -250 160
-14768 264 2556 232 -187 133
-14260 76 2696 430 231 156
-14664 96 2872 451 539 244
-14648 136 2680 641 1109 434
-14720 404 2644 448 1420 559
-14852 416 2108 272 1450 646
-14788 640 2132 186 1566 703
-14608 300 1944 327 1633 671
-14848 148 2152 669 1313 384
-14544 -856 2544 1472 983 -57
-14516 -1872 1872 3079 901 -164
-15308 -1136 416 4353 1417 -307
-17136 396 1728 3403 -232 -172
-12428 4224 1380 119 -389 1292
-16436 2176 2784 418 1389 1576
-18412 1156 4108 516 890 1563
-11816 1748 1744 632 1998 1786
-12884 1500 1480 872 2007 1149
-13260 2156 1864 1216 830 539
-14752 2596 2980 1472 -91 -169
-13524 1664 2852 2305 -817 -871
-14280 908 3352 3010 -457 -1873
-15504 1392 4396 3657 -451 -2397
-15548 1296 4984 3813 -1146 -2745
-16304 2344 2736 2107 965 -1450
-15484 3416 568 -220 3777 817
-17032 1840 772 -1083 3096 1156
-15824 1864 -2376 -1882 2363 706
-16932 156 -3864 -1063 2496 -192
-17212 532 -5656 -292 1457 -522
-16164 604 -4324 -630 -33 167
-15028 168 -3204 82 -1131 696
-15584 396 -3036 545 -1300 1046
-15120 584 -1424 925 -1199 1366
-14180 272 -1740 1722 -706 1254
-14636 1056 -420 2586 -1003 996
-13936 1228 -1024 3147 -722 817
-15204 972 -236 3138 -1462 -265
-14812 712 244 2859 -1022 -519
-15092 264 -156 2429 -1315 -977
-15704 860 732 851 -1461 -1060
-14964 604 1220 -709 -3085 -981
-16224 48 2688 -3886 -4737 -290
-12864 -1144 3240 -5807 -5486 258
-13484 -2248 4560 -4836 -4468 692
-12092 -2076 4516 -4835 -4968 638
-22268 2112 5504 -3613 -3367 633
-16592 4500 1912 3372 3299 2195
-13692 2168 1416 -1355 2191 1834
-9936 3484 940 -736 2013 2762
-13988 2444 464 476 2213 2164
-14616 3052 860 -130 1743 1737
-15376 2568 1064 564 1267 1093
-15152 3304 936 812 971 380
-14392 4396 -128 357 1001 79
-15012 3848 264 -18 254 -187
-14872 4164 828 -996 884 -86
-15248 3632 1184 -1559 760 49
-14272 3148 1808 -1948 392 424
-13540 2556 1572 -1763 629 737
-14776 2176 2676 -1527 636 713
-13816 1576 3068 396 367 369
-13780 924 3408 1988 -187 -508
-14848 2020 2572 3459 164 -1808
-15284 2044 3768 4048 -1046 -2678
-13644 1948 2912 4146 -1176 -3091
-15060 1960 4432 3897 -1048 -2711
-12688 480 4048 4588 -1801 -2779
-14352 1572 4256 2725 -2248 -2649
-13040 2432 6888 2491 -3955 -2378
-19804 1808 1472 2250 -3131 -1845
-23320 4104 896 -117 1954 1899
-10992 864 2720 -85 4059 787
-13112 936 -1524 632 142 -1592
-15916 396 -2216 -865 1646 -1548
-15288 -472 -908 -996 3209 -723
-14452 304 -1412 249 2446 -216
-15712 1056 -1068 -1308 1755 -135
-16036 144 -532 -851 1658 479
-15256 -140 -560 55 1640 1108
-15820 -756 -624 1172 830 937
-15044 -212 -556 1961 875 380
-16056 616 644 2490 -671 -254
-15536 580 1128 2361 -1789 -460
-14460 752 1352 1783 -1857 -109
-14480 436 2044 1791 -2241 134
-13712 312 2076 617 -2054 199
-13916 492 2676 -21 -1059 391
-14380 124 3540 -697 -1169 436
-14712 -356 3932 -696 -754 306
-14712 -812 4160 -915 -457 281
-14536 -764 4696 -1031 -19 334
-15540 -440 4316 -1231 -56 783
-14752 -876 3976 50 1463 878
-16808 -1596 3964 604 1244 -178
-17956 1744 2840 -43 -461 -491
-18108 160 80 2021 1684 -247
-13668 3852 -2244 1000 3668 1529
-14044 3152 -2268 -549 550 2160
-14212 2144 -2636 1479 68 928
-14156 3420 -2180 545 710 220
-15324 2732 -768 -381 181 -517
-14972 2588 -108 -134 -842 -1114
-14188 2364 -280 -648 -799 -1414
-14832 2236 148 -773 -319 -1561
-14656 1520 528 -368 -321 -1588
-14644 1336 1204 -181 -720 -1514
-14604 1020 916 -84 -486 -1526
-14268 424 1816 312 -380 -1607
-14620 388 2320 936 -888 -1954
-14444 -104 2968 1987 -1143 -2240
-14216 -304 3764 3166 -1210 -2047
-15488 588 4852 2991 -3210 -2371
-13120 -4 5448 3899 -1917 -1474
-12536 -1008 4812 3930 -1416 -1644
-11848 116 3976 4568 -437 -1364
-15476 -100 4072 4132 -2431 -944
-23680 20 704 1561 631 519
-16964 -116 108 -1169 4185 1600
-15036 -604 1168 483 3412 1960
-14144 -2688 -2600 1053 317 -610
-14488 -984 -2320 1096 1597 -1048
-16392 -708 -548 1237 873 -548
-15572 -1520 -1188 2080 -600 -921
-14720 -320 -52 574 -585 -383
-15008 -1280 -636 1658 790 865
-17348 -1396 1296 1900 -412 531
-13864 -1248 140 1913 233 272
-13752 -884 1428 2107 429 81
-12824 -572 916 1905 -50 -100
-14432 -572 2048 1260 -416 127
-14960 -528 2828 158 -1420 26
-17296 -676 2780 -458 -800 745
-14364 -860 3152 -392 109 1071
-13460 -888 2816 -943 778 1291
-14524 -480 3248 -1384 -90 1200
-14252 -816 4176 -2191 90 1259
-14084 -1416 3864 -2605 -204 1478
-14372 -840 4184 -3205 -155 1914
-16876 -828 4132 -3092 -81 2565
-15464 -2248 2388 -1111 356 2163
-19436 176 3788 -1155 -1172 2512
-18252 156 2572 -184 -2229 2254
-13888 2108 -468 605 -955 2733
-14104 2940 -888 -81 -151 4118
-12248 2864 -2728 -1028 -2375 4674
-22388 3988 1956 -77 402 7301
-11880 2672 -536 3621 -4440 8715
-14116 6176 1924 1193 -3496 9568
-8808 5792 -1388 3141 -2226 9167
-14484 8116 2776 950 1067 6755
-12512 6620 2696 1431 -279 4058
-9388 7572 2096 1828 1729 1542
-12152 9696 1836 1612 3115 -309
-13532 9328 2616 1964 1732 -839
-13032 7668 1860 1704 1827 -1820
-12900 8084 2828 1405 899 -2511
-12908 7916 2268 993 424 -2749
-13260 6072 2820 1838 -542 -3016
-12664 6432 3376 2624 -1184 -4192
-12540 5828 2100 2503 -746 -5374
-13620 5284 3312 2221 -120 -6007
-12740 3676 2568 1883 -170 -6308
-13588 3592 2968 824 1132 -6411
-15292 3476 4288 1176 1085 -5373
-13784 2088 3488 2659 452 -4912
-13276 1752 3104 2955 1004 -4567
-14392 1564 3444 3770 485 -4621
-15720 1576 4344 4509 1310 -4562
-15620 552 3668 3007 53 -4584
-16228 4348 1744 -560 3216 -1462
-20188 532 6484 -890 2853 379
-21460 1680 704 -164 1572 -843
-18984 2432 -1564 798 2158 -942
-16652 -432 -5260 2583 1875 -2881
-17100 96 -5856 2888 1813 -5030
-15552 -1380 -3292 3173 -350 -5527
-13544 -1700 -2708 3945 -1649 -5983
-11588 -1328 -3024 2376 -2909 -5304
-11588 -1076 -1124 756 -3852 -3327
-11788 -2116 -1188 63 -2249 -868
-13528 -3400 -1248 -194 -1285 -134
-14404 -2844 228 -1157 -956 350
-13964 -2936 728 -1244 -835 1372
-13744 -2428 964 -1028 -433 1907
-15572 -2960 1620 -255 335 2538
-16252 -2960 2388 332 -1189 2307
-13676 -1220 2016 -278 -1298 2993
-14952 -1152 2512 -298 -1680 3293
-12912 -564 1928 -1386 -2723 3004
-11232 -540 2740 -2890 -2656 2608
-10808 -2160 2752 -2875 -3721 928
-12964 -1644 5180 -3419 -4126 -412
-12788 -228 5496 -2998 -4209 807
-13320 -1924 7536 -2306 -1926 1861
-14340 -4452 9724 -904 -3698 620
-15280 -4312 11108 2435 -6799 -1223
-23720 -332 5388 5124 -5129 -1528
-20124 2896 4004 5933 6937 1736
-15212 -508 -160 3022 -2335 81
-13816 2700 20 1666 3913 69
-13280 1460 -644 731 3020 702
-15044 68 1472 229 1511 577
-13864 200 2032 1226 1007 329
-14004 672 1288 1699 1073 -511
-14792 1340 2464 1352 2082 -183
-14268 924 2060 1729 2275 585
-14848 948 2688 1841 2337 834
-13248 588 3076 1469 916 848
-12592 936 2112 1173 701 291
-15752 2304 3076 316 982 564
-15528 480 4076 1184 794 401
-14092 92 3140 1438 1248 -390
-13820 560 3504 1213 2197 -731
-11976 848 3968 1758 1536 -222
-14084 1048 6068 2966 198 272
-13492 576 5048 3241 -541 -889
-14608 1840 5868 2910 -599 -857
-18764 1380 3848 1829 -1234 -1019
-20848 3496 764 -405 2100 17
-14068 1272 428 -2843 2643 -236
-15436 -260 -2872 -871 336 -1195
-15404 -1088 -3348 -491 -42 -1229
-15160 -620 -1752 -523 334 -1353
-15036 -332 -1060 -481 -141 -1031
-14908 -604 -1180 -454 -436 -963
-15112 -248 160 -2079 -1109 -705
-14436 -596 64 -1950 -429 -60
-14504 -960 444 -1620 253 236
-12804 -1152 224 -1306 1785 256
-14160 -896 1136 -736 3151 354
-16924 -1152 2120 -1683 1217 251
-15980 -1692 2496 -2828 -280 215
-14920 -1792 2888 -2271 -796 309
-13908 -1288 2324 -1820 -433 913
-14660 -1040 2196 -1412 -1 1394
-14016 -1124 2668 -1480 -52 1869
-13408 -1544 2184 -1571 -363 1991
-14556 -1132 3596 -1222 -525 2128
-15632 -1076 4508 -1007 -1396 1758
-15760 -628 4784 -531 -2766 1531
-16896 -1804 1576 2276 741 809
-19536 340 4156 1095 683 1543
-17308 596 3056 -630 -3502 2858
-15392 628 -216 -305 -2770 4151
-15448 3396 -636 19 -422 5962
-13276 3368 -1780 272 193 6983
-13420 4812 -1188 418 584 5900
-11732 5120 20 407 980 4360
-13316 4384 236 555 517 2020
-14848 5064 756 253 1152 -74
-11616 4056 880 655 212 -1680
-14872 4484 1024 -16 1902 -2537
-17776 4900 2964 692 480 -3103
-14376 2824 2292 1245 578 -3181
-14092 2232 1868 1395 626 -3288
-14272 2176 1828 2042 450 -3224
-14076 2292 916 1773 156 -2889
-15200 2268 1796 1891 33 -2677
-14332 1420 1980 3023 -477 -2897
-14008 600 2340 3209 -933 -3359
-15088 1448 2284 3078 -100 -3048
-13600 1300 3120 1665 -574 -2034
-13700 388 4512 1681 41 -2164
-13420 276 4412 2528 -1124 -1774
-13860 548 4772 1799 -1182 -1885
-16780 1496 3296 361 -1914 -891
-20276 1656 2280 -1990 837 826
-16044 -1032 704 -2110 2061 721
-17728 -132 -996 -834 1427 1009
-14616 -164 -1472 -37 992 369
-14984 -1356 -1268 1407 681 -705
-15368 168 -1276 2102 189 -1392
-14956 728 -932 1103 -192 -650
-15108 240 -412 1452 -270 280
-14816 -276 -372 1322 -482 231
-14624 296 220 211 -392 332
-15784 -524 1008 -80 285 428
-14452 -832 1504 16 -418 467
-14268 -108 1324 -168 740 486
-14752 -224 1260 -404 491 545
-14744 -152 1848 -695 129 670
-14292 100 1948 -1473 381 1077
-15552 -112 2348 -1953 -71 1451
-14732 -468 2632 -2046 -252 1440
-15236 -156 3072 -1777 -385 1431
-14820 -1324 3224 -1549 -486 1098
-14836 -340 4036 -2204 -1081 1067
-15060 -836 4116 -1379 -1343 1420
-19544 -148 3672 866 -553 593
-19000 -644 2220 3998 2194 746
-13508 884 1480 4560 2497 1085
-13204 2036 -1524 3621 37 123
-14632 3468 -1820 2462 828 186
-15636 3512 -2968 1937 405 300
-15144 3952 -3396 684 1314 505
-15996 2984 -2032 -341 202 -139
-15408 2932 -1192 -1135 -446 -304
-15280 2060 52 -1555 -1095 -137
-13844 1820 -96 -1011 -1608 -413
-14240 1600 232 -607 -20 -329
-15040 1456 1312 174 -86 -194
-14508 1612 908 782 -256 -103
-14572 1464 1672 1586 135 -140
-14444 1592 1720 1681 -253 -400
-14760 1508 1460 1717 -362 -753
-14484 1680 2336 1655 -962 -962
-14124 1088 2128 1844 -1229 -1316
-14036 940 3116 2016 -1201 -1895
-13304 524 3692 2542 -1209 -2188
-13464 704 4032 2903 -1091 -2241
-12860 556 4228 2873 -969 -2172
-13044 900 5240 3051 -895 -1945
-12284 1060 4768 3574 -1994 -2319
-22692 904 3764 2730 -413 -1659
-14988 -888 -1444 432 1234 -1967
-22208 -864 1780 221 1202 -1450
-12872 676 -340 1037 24 -179
-13512 -784 -1584 1155 367 -213
-15184 -1844 -984 374 -239 -1048
-15236 -756 -380 297 203 -841
-15452 -1128 280 -306 424 -108
-14816 -1372 992 188 546 162
-14156 -1668 508 582 721 28
-15092 -1588 1252 516 1414 -47
-15244 -1060 1504 1291 1376 27
-15204 -1164 1680 542 1493 297
-14000 -1156 1948 265 730 275
-15104 -1008 1868 -442 1001 856
-14576 -1172 2036 -271 416 740
-14440 -704 2420 -1122 542 1245
-14540 -876 2928 -1389 263 1625
-14700 -1116 2888 -1213 212 1695
-14276 -1624 4100 -1644 506 1715
-14372 -2760 2664 -373 -352 739
-17248 -36 3540 -919 -189 1219
-18452 -2680 1796 1940 2596 1339
-20172 268 2680 2823 2319 1817
-18056 632 -1224 2421 -346 1933
-15912 2456 -3020 2450 1749 2631
-15572 2504 -3136 2733 -417 1815
-13700 3704 -3412 532 -1179 757
-14028 3140 -2644 350 -1601 384
-13264 2740 -2032 -995 -1627 342
-14076 2368 -888 -1382 -2507 -387
-13960 2352 -216 -1830 -1766 -389
-13516 1936 796 -1310 -1387 -166
-14720 1280 1144 -780 -1539 -408
-15212 2072 1732 -423 -821 -355
-13820 1524 1796 -379 -688 -115
-14160 1560 1648 381 -140 187
-12796 776 2072 434 -357 400
-15332 1764 2980 762 62 263
-16848 1656 3536 1672 -170 461
-13508 988 3176 2713 149 445
-13760 1072 3300 3374 -49 -285
-13112 2276 3368 3103 -481 -333
-12760 1832 3524 3067 -835 -650
-12572 1780 3940 2288 -382 -936
-13488 2084 4712 1701 -711 -1093
-13016 1996 5224 1813 -953 -1463
-13508 1724 5448 1076 -1034 -1709
-12444 1740 2076 512 -1723 -2208
-26564 -1876 -452 3437 1751 -2372
-19944 -76 -3852 -245 3811 -3082
-15960 1428 1544 5856 2238 -1754
-14876 -628 -2760 3509 -1389 -2771
-15628 -368 -1496 757 -531 -2855
-15168 -444 208 465 -1578 -1492
-14400 -496 460 727 -1913 -397
-12932 -796 908 -874 -1640 -151
-14312 -692 1280 -1064 -702 543
-14624 -1044 1664 -1270 -581 1126
-15800 -804 2208 -1707 -586 1385
-14592 -520 2800 -2242 -374 1956
-14880 -356 3016 -2028 -826 2105
-15040 -644 2624 -2348 -683 2022
-14772 -352 3316 -2833 -555 1978
-14452 -432 3240 -2753 -696 2016
-14100 -464 3408 -2661 16 2072
-13804 -616 3692 -2443 65 1656
-12796 -780 4108 -2224 -230 1525
-12628 -548 4296 -2174 45 1378
-12440 -612 4180 -1931 241 1559
-12884 -700 5136 -1966 207 1495
-13780 -1312 4980 -1638 -475 595
-13708 -1844 5200 -1254 -425 353
-27048 6216 3376 -1090 -3854 -557
-20236 -1076 5436 5826 4076 -1547
-10640 -60 224 2688 2901 -715
-12480 1752 -1264 1670 1063 -1503
-15596 1788 -708 4161 3422 -842
-15856 1696 -760 2759 2725 -891
-14648 788 -1428 2152 2398 93
-15984 2056 -2512 1925 1920 512
-16452 2744 -1508 -120 2238 1296
-15644 1196 -1752 -471 1439 1739
-16136 1512 -924 -1256 853 1603
-15704 1504 256 -931 -139 1881
-15200 828 64 123 -1114 1196
-14856 1164 472 1134 -629 299
-14680 1736 544 1545 -820 -244
-14804 1864 976 1496 -410 -610
-14432 1464 1428 949 -443 -652
-14836 988 180 1134 -37 -1085
-14812 684 1752 1479 225 -1224
-14408 796 1632 1739 -347 -1332
-15036 1192 2244 1549 -735 -1096
-14216 1176 2724 1818 -1267 -635
-13540 476 2076 2532 -1728 -641
-15288 1592 3168 2118 -1271 -645
-15756 588 4756 4091 -1810 -189
-12736 -376 4040 4066 -2844 -1074
-12696 1580 4600 4060 -1049 -1240
-12456 1444 4836 3978 -1069 -1328
-12108 836 4548 2865 -566 -1573
-11904 1884 5800 2952 498 -1430
-11356 1580 6264 2096 248 -1099
-17452 600 2700 1294 -65 -1582
-22100 2680 -4168 -3133 7285 1521
-20180 -3568 856 -1051 7438 1249
-18800 1724 -4956 -1992 4975 776
-18000 -1812 -5464 -340 5486 324
-14640 -148 -4996 2293 2495 -1304
-13912 -692 -4572 3162 -550 -2214
-15192 -1692 -4188 4436 -1870 -3153
-16256 -16 -2888 3242 -2758 -2730
-14464 -164 -1816 3773 -2759 -1356
-15704 -992 -1776 2976 -2950 -1358
-14848 -1508 -80 2578 -3238 -1741
-14728 -1388 564 2402 -2856 -2062
-14524 -660 592 1108 -2753 -1989
-14472 -824 1804 -544 -1129 -1367
-14104 -1556 2060 -1415 -1310 -840
-14576 -1668 2772 -1649 -1056 -205
-14172 -1988 3112 -2052 -902 562
-14232 -2696 3084 -1960 -528 956
-14536 -2312 3440 -2233 -844 1402
-14388 -1896 3256 -2072 141 2055
-14304 -1708 3288 -2666 -308 2627
-14604 -1520 3640 -2291 322 2811
-13676 -1708 3788 -2982 134 3004
-13552 -1620 3800 -2806 -38 2860
-14032 -1932 4344 -2878 225 2816
-16460 -820 4956 -2955 -483 2363
-14652 -2636 3304 -973 1676 1889
-21016 -1612 2928 -310 2200 1751
-18400 -640 1160 2336 2047 1481
-11252 1044 4 -483 -2187 3289
-18876 3308 -1908 1373 -628 2924
-13724 3904 -3760 2758 1156 2370
-14168 2668 -2040 494 72 1593
-14192 3048 -1920 471 -634 -184
-15392 2548 -500 895 -298 -1231
-15280 2360 -348 -154 -655 -1800
-14960 1948 432 -332 -949 -1776
-14516 1508 460 -33 -1067 -1882
-14344 1660 660 -528 -571 -1513
-14140 868 1188 -932 -36 -1308
-14336 388 2072 -893 256 -918
-14428 -88 2564 -87 298 -682
-14172 408 2224 763 296 -762
-14496 -128 2012 687 270 -855
-15140 0 2184 1232 379 -907
-14952 -236 3780 1818 -267 -676
-13956 -628 3848 3381 -431 -783
-14576 -232 4064 4227 -882 -1385
-14272 764 3852 3261 -1369 -1336
-13872 740 4840 2954 210 -888
-18268 -880 4044 3289 -1584 -1524
-19904 948 -64 640 1471 -971
-16496 280 -8 -1382 3681 108
-14688 -1060 284 -41 755 -367
-14280 -216 -2952 -272 -773 -639
-14712 -1132 -2236 -2378 868 105
-14608 -1224 -760 -829 618 549
-15096 -312 -2100 -326 1103 1099
-15576 -832 -1884 -694 1703 1485
-17924 -1288 -124 723 1227 1289
-15408 -1220 -576 1148 37 932
-14372 -284 -356 829 427 792
-14868 -492 112 1021 -131 153
-14240 -476 148 613 -379 174
-15108 -396 1240 1246 -834 115
-14320 -884 1788 109 -1060 183
-13668 -264 1940 -399 -1643 454
-15928 -60 1972 -956 -614 1400
-15668 -524 4244 -1870 -1030 1805
-14008 -564 3720 -2965 -2629 1567
-12876 -1520 4280 -2698 -1366 1808
-12428 -792 2988 -1321 -1271 1068
-16536 1352 3588 -1443 -1409 1474
-15628 -884 1244 473 1216 1590
-26608 1348 4152 -68 2325 1782
-15484 100 1348 3514 -691 1038
-8988 236 -2532 2669 1067 707
-17368 3744 -1520 772 648 129
-16056 4152 -1348 684 -1377 2086
-14812 3304 -1520 424 -413 2922
-14580 3088 168 -411 -1138 2673
-13736 2716 -728 -28 -800 1671
-14464 2784 812 723 -329 708
-14160 2884 1516 1307 -933 -155
-14236 3580 1400 1081 -652 -524
-14520 3472 1628 483 -251 -576
-14372 3124 2484 240 -343 -702
-14392 2604 2684 -40 158 -932
-14160 1516 3312 156 334 -1169
-13452 1052 2880 1318 622 -2411
-14232 1424 2956 2006 579 -2679
-13832 1128 2596 2527 581 -2974
-14100 620 3312 3486 270 -3232
-13936 844 4032 4451 -296 -3557
-14572 1108 4020 4404 -1041 -3934
-14236 500 4236 3824 -1346 -4603
-13220 884 5120 3179 -1546 -4147
-14064 -720 4724 2548 -2527 -3985
-22840 1500 3120 -1765 -516 -2254
-17424 -744 1888 -3982 2673 -45
-11748 -2672 112 -2946 2395 809
-14252 -1472 -1548 -2766 1972 -112
-15432 -2212 -2944 -1862 2399 158
-17256 -1992 -1084 -251 1336 -26
-14984 -2120 -1708 308 176 -136
-16332 -1560 872 -243 -56 -123
-14116 -1680 -1436 694 272 784
-15672 -1448 -76 1150 153 1199
-14548 -1792 -16 237 -566 1014
-15020 -1332 984 -172 -425 1173
-14564 -1496 1160 -255 -972 1206
-15096 -1288 1736 -812 -2738 940
-14552 -436 876 -2278 -337 2215
-15380 -416 1380 -3941 -1317 2004
-14916 -1420 1736 -3664 -1356 2474
-13892 -1480 2800 -2768 -704 2395
-14380 -1772 3768 -2385 -2031 1616
-11516 -1104 3736 -2499 -1878 1362
-14016 -2236 5020 -634 -1283 1552
-14720 -3080 4600 414 -2762 547
-13308 -2952 4868 1774 -1476 399
-12956 -2604 5064 2421 -1330 -25
-15560 1144 5268 2576 -2197 -276
-26472 -900 3904 3611 1487 327
-11332 688 -212 6598 2836 -36
-13456 2132 -2840 1241 2666 -1137
-16172 4768 -240 1913 2766 818
-16220 1652 312 1902 -98 921
-14536 1684 -68 1513 878 701
-15132 2068 856 850 -176 656
-14552 2092 1044 1189 -986 724
-14804 2184 880 1266 -494 845
-14828 2396 1896 694 -66 934
-14232 2452 1524 209 283 863
-14100 2084 2112 87 521 438
-14684 1920 1780 -281 1211 95
-14216 1864 2116 -525 1623 -65
-13984 1540 1904 -485 1907 -81
-14940 1460 2232 493 2319 -453
-15328 900 1912 720 2120 -781
-15028 756 2656 1688 744 -1235
-14504 912 2112 2934 -25 -1692
-14780 1080 2780 3577 -438 -1946
-13912 632 2532 4057 -999 -2315
-14600 776 3236 3796 -959 -2380
-14376 868 4584 3646 -1387 -2135
-14816 1596 5296 4312 -1256 -1120
-13912 188 4424 4080 -1313 -1517
-20880 2440 864 925 2116 -885
-18164 1836 340 -1265 4444 833
-14220 -32 820 633 1598 517
-13032 -52 -3264 1020 -1818 -949
-17284 -1556 -4036 -66 945 -1329
-15808 -484 -988 483 -288 -1441
-13744 -476 -636 1188 -1053 -1088
-14260 -224 184 -99 -1161 -1022
-14152 -924 -312 -1019 -882 -441
-17008 -696 660 -759 -755 58
-14572 -1456 1996 -262 -456 197
-14576 -1004 180 1647 963 253
-15496 -240 140 1432 771 -352
-14944 -520 960 598 764 -400
-14800 -336 1600 -424 54 -423
-14884 -1284 1664 150 405 -339
-14948 -1308 1340 -307 374 -600
-14616 -1100 1536 -1178 261 -371
-14048 -1112 1656 -1798 -446 176
-14260 -1188 1320 -1487 -465 1034
-15348 -2052 2092 -1542 -771 1233
-12520 -1040 2300 -2128 -836 1700
-14148 -1280 4124 -1651 -1060 2568
-14400 -2236 3864 -1487 -1432 2127
-14428 -2520 4376 -837 -1106 1468
-13488 -1524 5180 -922 -61 2009
-16124 -1228 3024 -158 268 1842
-22544 596 2532 915 4246 2493
-18368 1384 2444 2909 1706 2637
-11828 24 -476 1503 772 1407
-14620 2164 -404 1545 414 669
-13832 2724 -2424 1587 608 648
-15628 3456 -3200 310 1557 1034
-15840 2876 -4000 231 1884 870
-15408 3252 -2860 166 1663 639
-15616 2688 -1548 -722 103 637
-15652 2024 -1256 338 -573 662
-15656 2248 -784 1282 -1178 496
-14840 2176 392 1048 -1939 357
-14640 3456 -132 212 -1641 724
-15008 3188 408 71 -665 1520
-14136 2132 408 -171 69 1780
-14264 2712 1484 -724 347 1833
-14064 2316 1856 75 143 1882
-14072 3296 2168 -627 168 2220
-14432 3624 2588 -431 -144 1921
-13820 2916 1620 950 -380 722
-14500 2352 2076 2002 139 -787
-15492 2100 2856 3277 -209 -2149
-14740 964 3780 4890 -1518 -3623
-12420 1140 4236 6342 -1959 -5294
-14588 3232 4928 6978 -1914 -4720
-14028 2444 4548 6132 -2146 -4492
-15636 3136 3968 4432 161 -3668
-19928 4080 1268 1640 1883 -2546
-16384 -8 100 360 2472 -2457
-14232 -16 -2156 -194 492 -2815
-14696 772 -2376 -1598 -288 -1314
-14708 -2072 -3044 -2838 1035 -189
-16408 -1160 -1556 -1499 -132 1009
-16608 -1088 -936 -974 -727 2064
-15440 20 220 895 -998 3052
-14832 -224 208 1679 -1606 2638
-14636 456 1196 1562 -1356 2406
-14528 -108 1692 1447 -1919 1647
-13576 612 2036 -236 -1716 1065
-14104 1028 2296 -647 -2017 915
-13984 976 2132 -2136 -1591 1074
-13580 556 3716 -2990 -1378 979
-13096 -400 4128 -3827 -1755 540
-13360 -664 4496 -3562 -1638 -51
-11952 -716 3504 -4574 -1682 -625
-12324 -1424 5020 -4218 -1360 394
-20000 3096 3388 -4908 -3436 294
-24092 -72 4760 584 1040 573
-13120 -196 1360 5120 3470 1976
-12640 1912 2332 589 1403 -1079
-11772 2008 268 2232 2336 924
-15860 4016 -592 1629 4142 1664
-14592 3296 -192 13 3722 2055
-13724 2640 28 1125 6280 2558
-15652 3700 196 334 1891 1317
-14728 2656 -788 -186 709 250
-15664 3452 472 -838 305 -3
-15044 3020 484 -759 -592 401
-14500 3124 1372 -1083 321 461
-14648 2836 1188 -1082 -422 77
-15084 1908 1520 -776 292 -199
-15324 1612 2796 -267 -464 -508
-14804 1400 2584 1203 -858 -479
-14872 1000 3096 2383 -1635 -893
-14244 1640 3260 3623 -1245 -746
-14264 2048 3028 4311 -1903 -749
-13500 2628 3552 4498 -1542 -861
-14288 2224 3244 2675 -3292 -2091
-11596 1684 6080 757 -3679 -3012
-10416 1464 4684 1030 -3156 -3760
-11432 1244 6940 658 -1643 -4813
-10392 384 6776 897 -1709 -3760
-32768 -736 5208 -1220 3561 -559
-11712 -732 372 -2369 4377 430
-20332 1248 608 1633 2406 457
-12828 576 -2776 519 1961 -326
-13588 -844 -2124 2799 1618 -1510
-14124 -196 -2036 2162 428 -1459
-16676 64 -112 1739 258 -947
-15756 -984 472 1499 -950 -1207
-14200 64 644 961 -461 -807
-15740 -916 1328 1357 -323 -718
-14020 -852 1088 1002 -1052 -1101
-14320 -896 1860 254 -539 -904
-15008 -828 2752 -607 -969 -251
-15528 -1708 3092 -702 -764 -22
-14352 -1612 2712 -1401 -1232 323
-13924 -1432 3056 -1280 -962 881
-14536 -1616 3456 -1626 -510 1460
-14644 -920 3016 -1756 -239 2281
-14136 -1120 4492 -1693 25 3171
-12404 -1072 4276 -1406 -1256 3063
-12456 -1340 4764 -629 -954 2576
-12284 -1128 5048 -329 -1057 2412
-11664 -1132 3916 -362 -76 2382
-20324 6300 3012 -2268 -1801 2157
-22744 1228 3964 675 1548 2716
-16216 1384 1728 -91 2354 3054
-15620 2136 1340 -1105 940 1856
-12136 3160 -548 547 882 2620
-13220 2992 -1200 605 1320 1754
-14672 3312 -824 260 1687 895
-15084 2552 312 1238 803 -135
-15520 3008 260 1136 173 -1082
-15600 3620 1316 454 -251 -1127
-14280 2740 1084 487 -602 -1126
-14336 2476 1616 501 -133 -1036
-14392 1656 1844 551 225 -1021
-14820 1712 2092 741 546 -1221
-14240 976 2628 1584 547 -1184
-13676 1088 2524 1731 182 -1817
-14568 1420 2700 2071 43 -1999
-14256 508 2548 2855 -128 -2301
-15116 488 3416 3071 269 -2621
-14608 164 4220 3461 -329 -2881
-13916 316 3968 4145 -379 -2869
-14140 696 4128 4291 -149 -2450
-14732 708 4060 3830 -81 -1805
-15108 944 5004 3377 -654 -933
-15696 1252 3264 2574 505 -273
-16068 1044 2712 787 1054 109
-17396 408 3784 123 -2716 -162
-17256 -264 360 209 -1668 -116
-13988 -1204 -900 422 428 -794
-14708 -96 -1120 674 170 -908
-14020 -968 -1488 717 217 -961
-14780 -1340 -916 51 910 -884
-15164 -972 -240 344 626 -383
-15228 -1072 176 440 423 -29
-15112 -1084 584 235 200 -162
-14648 -788 976 251 192 -22
-14560 -1004 1172 123 963 78
-14904 -1252 1164 80 867 -85
-15120 -976 1832 -298 1033 167
-14764 -1148 1820 -455 363 467
-14920 -928 2008 -735 95 681
-15416 -1012 2044 -803 -183 930
-15140 -796 1924 -1035 -96 1180
-15012 -692 2576 -1312 -354 1569
-14580 -828 2696 -1620 -857 1716
-13584 -752 3160 -1746 -908 1863
-13980 -1180 2800 -1519 -341 1726
-14628 -1404 3708 -1164 -234 1467
-14384 -1024 3480 -742 -73 1552
-15168 -1388 4632 -158 34 1695
-14032 -992 3764 44 -963 1457
-20804 2092 3600 -606 -1531 1522
-17460 -256 1972 3070 685 465
-11380 1180 36 3502 1304 114
-14320 1476 -948 1785 -1204 -1227
-16780 2580 172 2283 -100 -541
-14488 2348 196 2469 -664 -55
-14140 1900 -824 1192 -274 -65
-15188 2784 -160 509 -296 -244
-15496 2592 280 -589 -232 472
-15356 1540 1240 -473 -503 605
-14432 1192 1188 -762 -762 69
-14484 1684 1712 -862 -373 -71
-14152 1596 2020 -917 -424 -161
-14320 1536 2140 -1070 -287 -356
-14804 908 2988 -749 124 -599
-14792 352 3092 -53 335 -392
-14020 232 3488 1071 204 -985
-14100 412 3640 1274 -28 -1354
-14228 496 3636 2109 28 -1613
-13824 172 3500 2901 272 -1713
-14696 248 4472 2553 100 -1721
-14220 984 5184 2734 -1107 -846
-13728 -592 4956 3450 -1581 -903
-13656 948 5524 3191 -1595 -1011
-16360 -80 2292 4170 -2538 -1175
-12800 220 1436 3079 -922 -372
-18872 1620 3068 1758 1069 -189
-18212 12 2008 -1079 1199 234
-13768 1720 3464 -815 1584 808
-13636 -1604 -628 2139 881 -1057
-14988 -700 -1744 1522 1867 -2574
-16248 -720 -692 1236 1889 -2498
-14632 -964 -232 1925 1396 -2201
-15108 -44 -384 687 847 -976
-16128 -1560 -312 352 1301 -228
-15544 -1700 860 588 312 -249
-14396 -1372 640 913 322 19
-14096 -1448 496 1255 52 30
-13952 -1020 1072 1371 573 86
-15424 -676 1904 926 358 396
-15332 -1240 1848 564 375 303
-16060 -276 3156 -1704 -207 798
-14820 -1048 3344 -2014 -2179 1542
-13856 -784 2136 -1971 -1773 2673
-14804 -964 3248 -1523 -2150 2693
-13868 356 3224 -1850 -2202 2913
-13432 -312 4084 -2446 -2162 3292
-12372 -1488 4264 -1318 -2153 2926
-13436 -532 4960 -1134 -715 3165
-13532 -96 6444 -1670 -1439 3183
-12864 -1116 6080 -720 -1001 2815
-19224 3232 6732 -381 -1223 2450
-19996 180 4444 2219 994 1411
-14132 2468 1216 4840 4322 1050
-14268 3916 840 1280 2136 761
-13620 4368 -912 1557 1667 1501
-14856 3736 -1348 826 2140 1853
-14972 3520 -388 79 1575 1338
-14180 3664 -1024 -536 1945 1325
-14844 4144 -672 -742 1557 933
-14540 3612 228 -879 1050 430
-15172 3656 652 -1043 843 -214
-15092 3260 520 -583 850 -547
-14704 3036 456 -575 976 -940
-14660 3468 1044 -462 1097 -727
-14916 3164 768 248 979 -540
-14860 2776 1456 867 393 -386
-14464 2648 1700 1322 -201 -525
-14044 3080 1344 1649 -512 -756
-15040 3016 1452 1265 -681 -938
-14644 2636 2112 1591 -1038 -1263
-14072 2276 2324 1848 -1354 -1638
-14164 2044 2440 2104 -1976 -1831
-13672 2296 3232 2555 -1541 -1906
-14732 2096 3992 3386 -1676 -2391
-14552 1744 4052 4055 -1816 -2754
-14256 2076 4480 4380 -2054 -3078
-13672 1632 4028 4733 -2312 -3317
-15836 1884 1984 4197 -1696 -3222
-18580 1208 712 1774 3259 -1516
-13900 736 -644 -506 3922 -1081
-15484 528 488 941 2530 63
-15036 -1904 -960 1751 976 -820
-15612 -1744 -624 1016 1411 -1940
-16348 -68 288 1335 1017 -1807
-15452 -460 568 1387 490 -1070
-15428 -232 356 1107 293 -825
-15232 -672 88 405 -207 -809
-15572 -864 1000 483 -156 -872
-13504 -640 -652 -26 188 -616
-16556 -484 948 -1276 256 -541
-14692 -856 504 -1516 -218 -271
-15496 -952 456 -1410 285 7
-15600 -1144 988 -1210 -358 118
-15112 -1104 824 -1118 -282 595
-15096 -1100 1384 -838 -883 716
-15112 -1284 932 -628 -998 790
-15036 -1068 1352 -280 -940 888
-15220 -1108 980 448 -929 905
-15032 -248 640 864 -567 1261
-15592 56 1692 746 -971 1175
-15424 396 1508 808 -1325 1080
-14672 700 2148 638 -1466 980
-14504 504 1812 895 -1140 661
-14748 732 1584 732 -512 313
-15056 516 1968 832 -401 25
-14856 356 1324 912 -386 -103
-15056 376 1764 943 -59 -191
-14840 612 2200 713 10 -150
-14768 704 2068 199 -43 245
-14992 196 2044 294 -225 269
-14984 276 2640 683 201 251
-15608 148 2212 306 -812 -72
-14328 700 2060 87 782 -689
-14104 764 2192 385 720 -646
-14692 496 1836 1129 423 -781
-15172 668 2172 1245 577 -578
-14776 68 1848 1335 600 -481
-14824 76 1876 1878 699 -411
-15096 -444 2736 1878 581 -508
-15000 580 2272 2157 334 -509
-14684 56 1396 1974 343 -320
-14900 -16 1880 2378 320 -477
-15252 -172 1760 2633 273 -517
-15088 -112 1580 2501 169 -513
-14908 136 1472 2308 227 -449
-15048 148 1656 1764 239 -320
-15020 -64 1724 1190 244 -306
-14892 -100 1420 984 307 -237
-15036 52 1656 641 168 -143
-14812 0 1268 249 50 19
-14936 -32 1428 225 -76 163
-15032 60 1548 -10 -310 258
-15048 24 1432 60 -195 306
-15012 332 1604 -137 -215 329
-15208 156 1204 -428 -173 508
-14844 124 1432 -882 -30 550
-15128 528 1776 -1240 -337 519
-15180 232 1872 -1048 -670 661
-15048 180 1584 -750 -308 879
-15108 -36 1292 -773 -858 636
-14984 -248 2088 91 -858 358
-14580 -88 1892 151 -224 464
-14920 -216 2388 694 -783 -17
-14628 372 2524 1581 -857 -173
-14260 424 2520 1736 -225 -505
-15052 1548 2160 1083 124 -508
-14988 672 2068 323 -276 -566
-14960 516 2020 211 -77 -292
-15008 128 1520 -173 -350 -226
-15008 332 2224 -197 76 -59
-14692 240 2352 -197 386 84
-14988 4 1884 -457 151 117
-15020 -400 2224 169 -140 -33
-15168 -88 2132 672 -54 56
-14952 -68 1876 451 -362 109
-14732 112 2084 543 -316 -97
-15016 -4 2216 451 -289 -147
-14932 120 2460 551 -410 -144
-14840 32 2372 667 -83 -43
-14756 -80 2516 855 -83 1
-14768 96 2224 615 148 55
-14840 -248 2084 521 409 64
-14464 -72 2144 484 1138 47
-15100 620 2256 465 1287 -118
-15236 188 2180 386 612 -119
-14884 -288 1812 627 684 165
-15232 308 1788 502 -42 249
-15044 -340 2072 632 -414 135
-15160 136 2308 926 -788 85
-14752 4 2132 1258 -765 363
-14776 -36 2084 1489 -741 377
-14708 428 2148 1759 -595 465
-14424 624 1760 1056 -391 225
-15016 632 2048 365 189 144
-14744 428 2076 121 2 -74
