-15312 -108 3216 -4760 357 2159
-14628 -128 2716 -4377 478 2312
-14412 284 3572 -3879 563 1841
-14584 348 3096 -3221 451 1582
-14448 260 3336 -2366 530 1075
-14632 432 3012 -1917 718 686
-14576 680 2996 -1426 768 306
-14556 416 3148 -1120 842 40
-14700 788 2960 -594 969 -221
-14372 244 2548 -291 952 -252
-15024 128 2596 -120 679 -271
-14668 520 2832 245 860 -340
-14916 652 2640 527 445 -297
-14632 516 2288 680 324 -250
-14724 432 2280 477 370 -157
-14832 560 2364 320 516 -36
-14688 276 2072 107 472 5
-14756 352 2140 -331 431 5
-14924 360 2096 -589 226 79
-15000 308 2176 -647 137 159
-14900 460 1836 -1252 7 265
-15000 -144 2224 -1060 -60 276
-14992 48 1968 -764 -159 245
-14812 -96 2272 -816 -78 291
-15080 88 1796 -651 90 307
-15020 76 1852 -594 244 338
-14624 72 1988 -618 273 364
-14700 144 2144 -553 470 380
-15160 152 2184 -601 310 402
-15152 532 1600 -965 -71 377
-15156 672 1924 -771 -191 496
-15308 568 1616 -1402 86 765
-14968 440 1908 -1578 -966 511
-15028 -12 1980 -1628 -963 379
-15108 20 2084 -1166 -1007 226
-14692 196 2348 -1110 -857 318
-14724 -84 2388 -861 -769 314
-14744 -212 2648 -425 -489 312
-14696 -28 2540 -131 -386 235
-14844 -92 2696 203 -319 152
-14664 -80 2704 545 -204 43
-14608 72 2696 798 -104 -60
-14760 80 2512 932 5 -170
-14704 120 2532 1074 115 -157
-14596 44 2716 962 272 -204
-14760 176 2468 976 313 -291
-14616 136 2592 931 555 -212
-14692 -20 2464 827 557 -126
-14780 180 2416 766 651 -81
-14972 108 2360 677 667 -15
-14936 56 2336 556 634 101
-14780 52 2216 457 598 166
-14864 -16 2212 456 612 202
-14792 -52 2160 449 684 196
-14900 16 1880 405 736 214
-15072 -144 1960 390 741 227
-15020 -32 1780 296 671 229
-15124 184 2104 448 765 234
-14960 200 1396 77 778 399
-15020 332 1700 101 471 484
-15208 248 1552 254 396 509
-15036 152 1672 507 352 462
-15040 252 1096 707 498 431
-15008 -308 1064 740 437 261
-15020 412 392 725 514 20
-15252 704 724 17 497 104
-14704 1016 696 -292 828 650
-15532 2000 428 -885 1646 1150
-17140 740 2264 -414 700 948
-14584 332 1048 100 918 802
-15288 1140 1488 51 474 777
-14756 1132 1076 217 -231 801
-14764 1080 1544 432 -87 689
-14760 1364 1552 567 55 876
-15084 1296 2100 420 -475 622
-15400 1312 2120 950 -1098 260
-15112 1144 2360 1189 -1037 172
-14004 1004 2492 1776 -1184 4
-13984 1300 2648 2331 -1367 -555
-13160 1344 3224 2700 -1284 -544
-14152 944 3880 3384 -2111 -1495
-15216 1232 5144 3174 -1118 -1643
-13880 1040 4508 3903 -1050 -2158
-17220 908 2404 3048 713 -1858
-11240 3996 1504 583 5109 501
-15568 864 2600 -854 3156 -850
-14200 1120 1140 -585 1587 -1738
-17608 2256 1616 -527 2325 -1469
-19068 1480 732 -896 748 -2354
-19260 1180 1496 -569 -97 -2612
-21000 52 -548 168 -1274 -2474
-13988 -1472 -3064 948 -811 -882
-13460 -2320 -2932 1772 -173 -266
-14868 -1820 -444 2649 -2420 -1896
-10772 -1536 -1172 2763 -1977 -2189
-11800 -2008 272 3951 -2195 -2337
-12820 -1504 80 2320 -771 -2334
-16752 -952 1340 -197 308 -1599
-15876 -1896 1104 -1902 1389 -1391
-14240 -1420 2172 -3935 171 -240
-13472 -2248 404 -4281 -286 536
-14424 -2780 624 -4521 88 723
-18368 -3388 4232 -5429 -1723 788
-12792 -2580 1884 -5774 -6182 1224
-13064 -2392 3916 -6217 -2324 3643
-14640 -3940 5252 -4971 -2912 4437
-13864 -3964 4572 -2984 -2071 3780
-16156 -2960 3988 -906 -1673 3626
-15316 -2184 3564 2609 760 3147
-13556 -1916 1552 5399 -188 1339
-15460 -140 736 5421 891 -689
-15612 840 1396 4357 1434 -565
-15708 1228 -112 3858 603 378
-14612 2468 -1352 1403 1232 1171
-15496 2452 768 1388 781 1523
-14744 1584 936 507 742 1529
-13700 2004 2004 -208 1695 1770
-13860 784 1372 -193 1924 1039
-16040 1196 3028 -312 2075 555
-14256 52 2784 699 898 -142
-13736 360 2356 864 720 -744
-14560 976 2576 655 -318 -1233
-14596 740 2372 1808 -1119 -1516
-14400 36 3624 2728 -1318 -1788
-14552 32 4148 4040 -1412 -2213
-15484 -56 6616 5327 -1881 -2333
-13192 1156 5524 6026 -1549 -2824
-17312 1736 3780 5295 1242 -2019
-16640 2640 996 2151 4285 -418
-13128 -500 -2252 -1614 5441 -500
-18680 -84 -996 -170 2520 -1291
-16060 376 -2540 -1095 258 -603
-14676 -1084 -2992 -1035 861 -168
-15800 -640 -2712 -243 -319 483
-15888 -896 -1732 145 -1408 707
-15584 -1520 -1240 493 -1984 361
-14976 -336 -624 195 -1827 816
-14908 -164 -616 622 -497 1713
-14816 -40 -176 441 -693 1951
-13988 -732 1228 917 -98 1539
-14816 108 1484 541 -655 640
-14400 -160 1500 -304 -381 454
-15108 512 2192 -877 -84 669
-15032 508 2844 -1642 154 976
-13960 360 2188 -1923 463 1112
-14500 228 2672 -2169 933 1271
-14716 -396 2980 -2141 539 1149
-14752 -396 2968 -1904 612 878
-14336 -356 3488 -1959 280 689
-14524 -564 3216 -1581 401 671
-15764 -212 1984 -1626 304 865
-17972 440 3588 -239 574 1031
-18716 -352 2288 1804 -80 -153
-15596 -364 -1088 3715 2875 -328
-15208 940 656 3273 1720 -951
-13404 1332 -1260 2663 502 -650
-14864 2292 -2648 2252 1129 -126
-15848 1556 -2388 2529 1291 41
-14852 1608 -2528 2464 702 -78
-14080 2424 -3464 1384 1216 290
-14864 3000 -3548 54 2155 981
-15944 3288 -2436 -1210 1368 1530
-14988 2184 -2428 -2020 1234 1665
-15660 2268 -2092 -2895 1395 1321
-15040 2196 -1128 -3466 168 897
-14612 1684 -508 -3192 -363 536
-14904 1540 944 -2793 -637 221
-15208 1344 560 -1161 -699 12
-15408 1456 376 209 -372 -556
-14932 1624 -24 1100 -546 -1090
-14880 2180 240 927 -711 -1194
-15280 1672 3224 1291 -1417 -1017
-13540 1416 5024 2082 -1798 -1024
-13488 688 3892 2967 -2977 -1380
-17092 580 -740 2992 559 -1480
-21704 3968 -2164 1331 4049 572
-16716 1148 -632 215 3014 -191
-15564 1132 -1496 370 -858 -1541
-15836 -88 -2460 480 -1974 -2356
-16188 -304 -3080 411 -1022 -2507
-15004 180 -1984 1385 -2167 -2013
-14020 -524 -2148 2096 -2688 -1716
-15444 -852 -1316 1831 -2744 -1568
-16064 -148 -452 1147 -2603 -1238
-13888 -596 -364 1158 -2434 -636
-14988 -668 480 903 -2040 -418
-14208 -1196 1224 13 -2123 -501
-13992 -692 1736 -105 -1198 -6
-14000 -1032 1728 -455 -724 414
-14752 -988 2132 -561 -466 547
-14524 -1048 2552 -637 -88 912
-14252 -1192 2792 -566 -91 1193
-14648 -1044 3404 -714 8 1283
-14828 -420 2940 -740 100 1569
-14548 -612 3292 -616 331 1702
-13632 -424 3384 -929 590 1803
-13572 -784 3904 -1355 17 1538
-13828 -960 3832 -1320 59 1262
-15000 -880 5120 -1290 -458 939
-16956 912 5408 -739 -1651 509
-18188 -1108 2732 2430 2251 14
-17268 -88 2428 5478 4509 -83
-14828 380 1012 3875 1253 -1705
-12928 796 -1852 2981 2070 -1323
-16024 1892 -1508 3075 2654 -332
-15284 956 -3300 2156 1376 262
-15544 2712 -3388 714 1753 747
-16688 1800 -2660 -1133 714 862
-15812 1388 -2304 -2340 -46 887
-15964 1616 -1240 -3296 -1007 1058
-14984 1696 -560 -3042 -1614 1277
-14468 700 -4 -2383 -1946 942
-13968 472 624 -1826 -870 527
-14292 448 1272 -909 -373 147
-14300 500 2000 -353 19 -58
-14996 -112 2204 768 -409 -478
-14900 300 2356 2205 -307 -1411
-14204 152 1872 3089 -901 -1923
-14816 964 1920 3658 -1109 -2364
-15200 456 2544 3675 -825 -2146
-15476 60 3228 3766 -810 -2014
-15836 1236 4208 2400 -1650 -1233
-13924 1416 3708 1805 -1386 79
-19452 1824 3444 132 85 618
-14484 2224 968 -2823 3188 2749
-15516 472 3740 -1953 3094 2811
-14176 36 1320 -462 -256 896
-15028 144 -1232 -663 1732 181
-16052 660 -712 -23 1813 -1010
-14836 1064 -2104 364 1279 -1354
-15300 -800 -2168 1300 1018 -1991
-15636 -1420 -2896 2340 813 -2526
-15612 -976 -1708 2328 63 -2919
-15312 -708 -1004 2384 -957 -2584
-14400 -932 -1256 2105 -770 -1479
-14688 -1364 -92 2036 -543 -906
-14172 -1640 -340 2098 260 -421
-15136 -1968 720 1950 479 -362
-14400 -1532 616 1677 -161 -494
-14852 -1276 1064 933 -105 5
-14944 -1140 1896 525 -524 568
-14772 -1680 1472 138 -1035 900
-15792 -764 1560 147 -205 1652
-15260 -244 2760 -722 -505 2524
-16208 -532 4540 -1659 -1889 2802
-13924 -1364 2980 -37 -3280 3065
-13836 -1076 4484 -150 -1247 3244
-15052 372 4028 -329 -1226 2356
-17788 -1392 1960 1272 1600 1861
-20328 948 3780 2619 2754 1594
-15144 1440 484 4017 101 408
-11328 1808 -3680 2368 1970 -322
-15888 3312 -3176 1390 1396 -748
-14936 2008 -2992 585 1033 -926
-15716 1832 -2020 9 803 -1287
-15500 1324 -1680 -761 -309 -1111
-15196 1628 -1540 -674 -921 -760
-15600 1504 -1312 -781 -1411 -201
-14824 1148 156 -340 -1797 325
-14500 1596 -476 180 -1725 157
-14552 2032 584 -59 -500 157
-13672 1496 728 -313 -833 -642
-14128 696 2148 -177 236 -752
-13724 -456 2556 -971 419 -1690
-14404 -224 2652 4 438 -2258
-14328 -592 2468 423 536 -2202
-14800 -1016 3188 1223 -672 -2685
-12760 -380 2636 2107 189 -1914
-14352 -1760 4332 3608 1150 -996
-13296 -908 4308 3549 819 -1647
-13816 304 4572 4037 1365 -1181
-21196 -448 2960 3986 -556 -1678
-19132 860 -3440 1535 3424 366
-16484 388 632 -154 5428 1207
-13736 -1040 -2352 1166 -225 610
-14636 -1876 -4680 -425 -386 -1327
-16928 -244 -2288 -1332 374 -575
-14716 -460 -1628 -1260 -1124 265
-15056 -1792 -1636 -151 -2158 141
-16112 -1924 -1960 1584 -1248 -69
-15692 -840 -1184 2606 -1417 -296
-15232 -888 -756 3412 -1610 -373
-15364 -836 -536 3244 -1796 -1761
-14184 -1176 -4 2516 -734 -2335
-14828 -1172 500 1113 260 -2322
-13608 -1276 1084 1140 -1 -1909
-14740 -2780 924 320 478 -1560
-15076 -2560 1940 -717 -380 -1033
-14392 -2396 1868 -768 -921 176
-15968 -3128 2844 -817 -1637 1080
-14772 -2340 2792 -1789 -3903 1572
-13552 -1976 3112 -645 -2588 2697
-14592 -1572 4916 -281 -1345 3084
-12084 -1804 5056 -142 -1948 2460
-12380 -1976 4892 -881 -670 2317
-12548 -1764 4560 -1387 744 2610
-16452 -2032 5080 -2464 2268 1945
-18432 -2068 2320 531 5153 2065
-17240 244 216 292 3704 1832
-14984 312 -1772 628 3038 1506
-15600 1580 -2760 561 2368 1967
-15464 1636 -2408 163 1115 2007
-15120 2580 -2536 -168 445 2003
-15652 2160 -1328 -119 -252 2011
-15124 1580 -1340 -156 -882 1620
-14984 2144 -892 -101 -997 1163
-14628 2020 -248 -177 -1557 662
-14808 1976 -212 -202 -993 685
-14088 1712 320 -6 -184 691
-14764 1736 1008 130 464 670
-14340 2564 960 259 824 485
-15288 2016 1800 422 688 122
-14536 1768 1944 433 -234 -137
-13716 1932 1752 644 69 -644
-14500 1532 2656 859 339 -776
-14424 1368 2244 1147 278 -1174
-14320 832 2736 1969 506 -2083
-15164 1196 2832 2248 470 -1682
-15212 912 2792 2107 623 -1443
-15128 1300 3764 2306 882 -1019
-15540 1544 3524 1875 1216 -739
-16084 3180 472 84 3384 106
-17396 1328 44 -550 5088 -365
-18436 1384 -376 -93 3339 -1410
-16756 684 -3368 -647 2214 -2078
-15580 -608 -5264 26 1983 -1995
-15220 -52 -5356 -243 943 -1476
-14596 -920 -4684 -194 -433 -1200
-15040 -1452 -4392 828 -1478 -1120
-14984 -648 -4504 850 -2026 -958
-15076 -100 -2912 1223 -2533 -211
-15468 -572 -2196 1043 -2648 333
-14912 -996 -2352 1389 -2745 431
-15448 -1184 -2068 1673 -2176 286
-13740 -664 -1452 1814 -2906 -280
-15028 -72 -428 652 -2016 -51
-15856 -496 612 760 -2088 -145
-14168 -868 644 748 -1843 23
-14428 -692 920 724 -1300 534
-14880 -720 2120 961 -1526 885
-15120 -928 1724 981 -2740 1061
-14292 -884 2460 1548 -2386 1313
-14196 -756 2912 1204 -2290 1295
-14660 -548 3596 1616 -2282 1120
-13556 -596 3916 1486 -1722 1010
-13872 -900 4676 2259 -2008 429
-13512 -680 4216 3064 -1060 -31
-14324 -756 4528 3929 204 -247
-14364 -344 4348 4290 -130 -702
-16020 380 3120 4071 504 -786
-19936 2196 2744 2671 1108 725
-15936 292 2456 4171 201 1990
-12832 628 740 3440 208 2481
-14252 2480 -784 3254 -237 2097
-14964 3900 -648 2715 481 1776
-15252 3604 -468 2120 528 1552
-15508 2848 372 2715 -416 729
-14792 2796 664 3030 -659 -763
-13416 2884 612 3828 -258 -1725
-13952 3564 596 3488 -696 -2559
-14960 3232 2100 3598 -699 -2806
-14120 1984 1520 4080 298 -3355
-15012 1380 2364 4565 592 -3774
-14596 996 2716 5360 450 -4006
-14288 136 2880 6186 443 -4353
-14252 228 3008 7064 611 -4386
-14848 -772 3060 8470 574 -4584
-14332 -292 2824 9469 927 -4269
-14856 904 4056 9630 1815 -3713
-14636 344 4448 9392 1330 -3213
-16988 -276 1940 8991 1509 -2963
-17396 332 -504 6616 4377 -1298
-14840 280 -1624 3708 6309 -170
-16120 -872 -1600 4085 4531 -104
-14604 -608 -2984 2989 3326 168
-14992 188 -2880 2006 3519 674
-15824 384 -3340 1682 2770 1031
-16968 -192 -3388 2131 1012 607
-16752 -352 -3692 2406 -294 26
-16104 -992 -3968 3434 -1139 -479
-14380 -1308 -4752 4574 -1501 -1124
-15548 -1176 -4020 5019 -1401 -1798
-14788 -1248 -3028 4442 -1022 -1764
-15172 -1188 -2224 4938 -1152 -1438
-14380 -1468 -1636 4772 -1566 -1233
-14844 -1384 -844 4607 -1326 -743
-15924 -1184 -8 4433 -1280 -364
-14612 -1248 -396 2955 -1299 425
-15472 -680 724 1826 -1822 1311
-15232 -684 476 688 -2642 2121
-14964 -512 1240 134 -2770 3004
-14704 -644 2332 214 -3132 3149
-13732 -816 2612 512 -2280 2592
-13672 -880 3732 307 -2136 1973
-14212 -1184 4140 1282 -1767 1510
-15512 -312 3084 2465 -1293 461
-18352 232 3340 4744 1416 291
-13920 -1316 -964 8905 3163 -1724
-17512 1928 -8 4818 2815 -1629
-15856 2696 -2036 5568 73 -33
-14076 2008 -2248 4470 -236 164
-15680 2328 -2248 3116 -930 -824
-15036 3312 -2884 2154 14 -1185
-14332 3204 -2372 15 -291 -1477
-15416 2528 -2580 -911 -1356 -2152
-17420 2256 -304 -2147 44 -2194
-14868 964 -500 -2233 -577 -2150
-14248 712 -1424 -2397 -257 -2387
-15140 564 532 -2125 -228 -2175
-14272 -320 716 -1901 254 -2502
-13772 -684 1380 701 -296 -2288
-14964 -2740 588 2998 310 -3108
-16480 -2756 2004 4251 485 -3172
-15624 -3232 2036 5886 -548 -3411
-15048 -2308 2052 7510 -1029 -3501
-15432 -2380 2260 8943 -708 -3105
-14496 -2100 3032 10524 -1185 -2476
-14076 -1032 4388 11182 -2560 -1688
-12484 -896 4500 11941 -2350 -1682
-14504 1184 3364 8551 203 -1197
-14452 320 3800 6953 555 263
-15028 4 2156 4577 2952 1025
-16044 -216 2044 2944 3320 1069
-18580 -996 228 1396 2702 1253
-15152 -1016 -420 393 3718 1538
-15036 -2388 -2496 507 2336 454
-14804 -2208 -3448 327 2137 -577
-15464 -1824 -2448 -718 1444 -708
-15208 -2264 -2076 399 402 -249
-15164 -2504 -1292 1556 -340 -247
-15888 -2196 -1556 2064 327 -108
-14892 -1196 -60 1681 -57 346
-15040 -988 -672 2242 715 1124
-15824 -948 176 2221 243 1205
-15204 -788 224 2010 -65 1357
-14772 -692 636 1844 -131 1365
-14608 -872 1084 1678 -821 1466
-14620 -572 964 1667 479 2127
-15704 480 1212 218 -1495 1926
-14524 -8 1392 -362 -2014 1929
-14156 336 1924 -427 -2125 1876
-14280 528 2300 -251 -1856 1573
-14636 -444 3700 -913 -2356 633
-13884 -336 3396 -1529 -2102 28
-14396 -892 3764 -1469 -852 183
-16124 -436 3596 -1405 -866 310
-18928 164 3756 -906 -473 694
-16236 -396 1860 2180 2846 1228
-14724 116 704 2962 2282 1209
-14740 2144 324 2096 1358 828
-14504 2664 -372 2760 1374 1348
-15128 2336 -1092 3682 1285 414
-14808 3196 -2612 1912 1334 -65
-15464 4476 -2116 227 857 352
-15928 3236 -2012 221 161 585
-14652 2748 -1196 374 -517 218
-15040 3080 -340 59 -1348 -176
-14472 2468 644 733 -1496 -453
-14716 2264 580 1185 -1154 -1076
-14648 2584 944 925 -313 -1239
-14864 2240 1716 970 -205 -1700
-13652 1292 1572 931 -1020 -2495
-15552 1512 2620 442 -713 -3048
-14688 516 2644 741 -1811 -3330
-14372 -232 3176 1296 -1982 -3758
-13644 -328 2420 2359 -1895 -3811
-13512 -248 1796 2606 -701 -3465
-14152 216 3280 2728 -415 -3118
-13696 48 4988 3777 -297 -3342
-14288 -1392 4512 3279 -1226 -2119
-13824 -1212 4376 2816 -379 -1440
-14176 -356 4988 2015 192 -472
-17392 -864 2480 597 1257 326
-17096 -800 2004 -359 3821 1504
-16564 -1996 3360 1013 2067 923
-15944 44 76 1113 25 258
-15196 -840 276 -22 1157 812
-17260 -2500 -696 1544 -50 241
-15224 -740 -2944 1929 1140 132
-14868 -688 -1608 2348 1215 -88
-16108 -1256 -1340 2587 -496 -1028
-14408 -1304 -856 1865 -223 -1192
-13340 -1536 -484 1808 261 -853
-14720 -1396 -848 1773 -35 -917
-15764 -1664 300 1525 1103 -718
-14740 -1572 948 805 1380 -446
-15700 -888 120 760 1510 24
-14532 -1072 628 -270 1165 484
-14616 -1108 476 -1336 415 751
-13968 -1140 516 -1712 -381 1087
-16300 -1704 944 -1445 -954 1335
-14868 -1912 1892 -1756 -2004 1403
-14636 -940 2512 -2266 -2271 1694
-15724 -364 3692 -1932 -2557 2490
-14676 -1612 3408 -1891 -2410 2447
-14552 -1572 3720 -1857 -2005 2174
-14440 -800 4220 -1987 -1022 2304
-15236 -1048 3964 -1310 59 2392
-15132 -1880 3080 53 1617 1976
-16688 -304 2188 -333 775 2291
-15384 264 2752 72 -984 3527
-17040 1948 2576 421 -1251 4634
-17068 2112 208 2875 596 4360
-11652 3292 -848 2332 1034 3097
-13548 4188 -1516 2502 561 1319
-13844 5028 -2432 1957 878 469
-16064 5032 -396 591 1456 463
-14432 4208 -516 679 808 274
-15040 4060 140 658 917 485
-13864 3972 240 1003 703 411
-13980 4396 192 603 1114 426
-14008 4416 -280 -47 1995 569
-14592 3852 1416 -466 1557 336
-14636 3156 1016 -351 2109 25
-15156 3036 1732 44 1618 -690
-14708 2488 908 1093 1104 -1460
-14664 2532 512 1820 359 -2192
-14468 3004 1584 2702 -753 -2849
-15448 2340 2128 2749 -1307 -3227
-15300 2312 1672 2471 -934 -2999
-15480 2876 3936 2109 183 -1686
-15604 2284 3020 2803 -1252 -1199
-14252 2836 1820 3227 -353 -879
-16844 2520 2428 3079 -969 -1331
-16976 1744 1080 2589 -651 -2492
-16076 1436 236 1918 319 -2895
-15972 1112 -88 1107 -353 -2575
-14604 -164 -2900 1105 68 -2149
-15208 -304 -4632 574 1944 -1618
-15992 -772 -3096 -47 1840 -1363
-15736 -804 -2996 59 1018 -1173
-14792 -792 -2584 -177 374 -773
-15108 -976 -1688 124 -762 -686
-15056 -1200 -1752 594 -1280 -516
-15584 -900 -1268 837 -1228 -531
-15164 -856 -340 925 -1181 -210
-15352 -736 584 1251 -1500 -20
-14320 -1064 804 960 -1742 2
-13836 -604 1020 624 -1114 197
-14372 -992 1172 -165 -559 537
-14420 -860 1244 -805 -1153 752
-13516 -568 1732 -1555 -1088 1230
-12352 -544 2048 -2049 -1864 1337
-13260 -472 2608 -2463 -1999 1748
-13888 -860 3156 -2742 -2438 2009
-14164 -1612 4040 -1977 -1721 2268
-16872 -1764 5512 -649 -1544 1215
-14024 -1480 5324 75 -1696 395
-13736 -1852 5452 2270 -474 42
-18060 112 4284 2419 -759 -222
-20444 848 3720 4268 1827 1092
-15912 648 -804 5502 2259 751
-12960 2376 -1508 3347 2320 1559
-14056 3840 -2440 2966 1400 1635
-16840 3884 -2008 2235 1377 1429
-15752 3892 -656 918 642 1032
-15200 2936 -740 533 220 140
-14632 3020 148 -515 -390 -396
-13608 3292 520 -1688 -870 -505
-14428 2996 860 -3035 -325 -257
-14856 2312 2144 -3255 -364 -212
-13680 1200 1828 -3049 615 37
-15200 1020 3160 -1788 1401 -298
-14880 360 3112 -825 712 -1313
-14000 100 2288 555 788 -1990
-14288 368 2588 2014 966 -2209
-14200 296 4488 3846 912 -3460
-14384 -992 3360 4620 -246 -3568
-13420 144 3928 5615 734 -2927
-14800 468 4288 5892 156 -2658
-15772 1536 1948 4474 1422 -1532
-19716 1132 460 1569 3433 -420
-17468 728 -660 -1014 3270 82
-15308 176 -1252 -1832 2105 1080
-15800 -620 -2200 -1489 1302 731
-15836 -1420 -3112 -387 264 -584
-14972 -820 -2892 -60 48 -1180
-14904 -1208 -3264 1139 -631 -1334
-14792 -1060 -2984 1255 -949 -992
-15412 -1048 -2392 792 -1000 -398
-15304 -1220 -1572 640 -1489 -155
-16044 -1020 -832 642 -1713 34
-15380 -1528 -216 -145 -1958 -120
-14928 -1244 884 -274 -2520 -69
-14132 -1240 756 -281 -1954 228
-14432 -1292 1412 -163 -1262 540
-14136 -1332 1768 -191 -1291 721
-14588 -1276 2780 -866 -1391 1182
-14584 -972 2884 -1099 -2070 1765
-14740 -1180 2628 -1112 -1950 2475
-14680 -600 3164 -2300 -1282 2789
-13968 -308 4140 -2750 -1587 2742
-12948 -996 3504 -3689 -1613 2681
-13408 -1916 3952 -3347 -1622 2207
-13696 -1844 4500 -3627 -844 1813
-13448 -2356 5348 -2917 -1132 1355
-12332 -2284 4152 -2629 81 1312
-13440 -1452 5708 -2496 -1051 772
-29732 -132 5940 -3193 3520 1579
-11192 -800 -44 6074 2348 149
-15416 1896 -1168 953 4300 -255
-15068 4656 268 1029 1658 860
-15412 3028 -1148 2381 575 2008
-14664 2564 -756 1634 1121 1409
-14728 3040 180 819 -311 997
-14728 3088 600 1560 -685 1187
-14328 2900 484 1377 -673 1247
-13860 2416 1212 1135 -344 1349
-13484 2376 1128 1129 -360 2002
-15904 3028 2568 2745 160 2120
-16088 3148 2340 3631 -223 531
-14136 3244 2848 3918 60 -272
-13912 3660 2712 4179 -359 -686
-13608 3212 1828 3390 -1055 -1311
-14084 3520 2760 2684 -1096 -1918
-13880 2372 2740 2423 -2099 -2716
-14228 2628 2732 1854 -1517 -2701
-12972 2556 3532 2431 -1373 -2549
-13152 2228 4292 3090 -1909 -2710
-13832 1256 5980 2271 -2777 -3316
-14844 1796 3504 2485 -618 -2403
-17108 2776 2904 1640 2925 219
-19012 668 3148 -909 3005 -42
-14676 1104 1728 -1798 3811 62
-14512 1848 820 -1962 2761 798
-15700 576 -896 -1020 2337 367
-15852 1044 -1992 -837 3883 -109
-15884 992 -1612 -884 2359 -951
-15832 508 -2180 -155 557 -1902
-16040 116 -1708 -602 -258 -1900
-15988 -632 -1732 -358 -857 -1625
-15624 -708 -1800 1176 -1452 -1802
-15392 -396 -404 1595 -1770 -1847
-15044 -512 -168 1021 -2265 -1411
-14060 -724 740 1516 -2272 -836
-14176 -720 1212 1489 -1375 -260
-15168 -636 1588 1198 -1241 52
-14756 -536 1868 746 -416 505
-14432 -448 2460 310 -216 898
-14004 -108 2068 -447 -250 1454
-15324 -8 3148 -1057 -659 1826
-14456 -88 2312 -1720 -755 1940
-14008 552 2684 -2593 -188 2240
-15088 80 3164 -2964 -440 2028
-13556 164 3804 -3530 -361 1697
-12344 -832 3112 -4112 -968 1174
-14284 -1412 4520 -3272 -1173 687
-14052 -1224 4780 -2984 -1081 480
-15104 -1176 6148 -2601 -1458 613
-14296 -1048 4996 -2178 -1761 433
-16352 148 4792 -2174 -1329 847
-19336 -416 3068 -384 3013 1417
-13912 728 1008 2473 4901 2347
-14132 1152 696 -168 2621 1755
-14816 2860 104 -141 1660 1836
-14496 2996 -848 1210 2245 1945
-14664 2216 -1628 -131 1611 911
-14244 3404 -2236 -922 2627 542
-16608 3980 -1620 -2513 3195 1186
-16556 3208 -1096 -2721 2212 916
-15368 2540 -444 -3167 1288 367
-14236 1500 -800 -3701 681 -231
-15004 2152 -136 -3547 1131 -239
-14812 1776 784 -2937 763 -111
-14548 1408 736 -2507 424 -239
-15224 744 736 -2097 339 -1048
-15532 1088 700 -1027 -175 -1672
-15260 652 1032 -653 -1244 -2252
-15508 228 1948 -311 -2065 -2511
-15172 -216 2832 543 -1974 -2282
-14856 -284 3108 1192 -1637 -1611
-14904 324 2792 1463 -1280 -1074
-15476 936 3608 980 -93 21
-15140 400 4120 1248 -39 553
-14920 144 3600 1006 87 588
-16332 1176 1792 336 836 412
-15544 868 576 -262 2128 415
-16000 1824 208 -2025 1712 732
-15888 264 -660 -1079 -261 -269
-14912 -820 -2928 -1436 760 -462
-15496 216 -3620 -1092 1236 -909
-15736 -64 -2900 -873 214 -849
-15544 -364 -2012 -1693 -561 -723
-15268 -176 -1952 -2675 -847 41
-15124 -28 -1252 -3803 -1219 757
-15176 -464 -824 -4072 -1722 1256
-15492 -1040 -288 -4097 -1243 1481
-14664 -1192 332 -4131 -1372 1237
-14668 -324 0 -4721 -843 1567
-14600 136 804 -4987 -848 2118
-14924 -312 884 -5688 -302 2650
-15140 -424 2288 -6110 -1618 2455
-14912 -376 2304 -6299 -1031 2497
-14996 136 2360 -6539 -1037 2832
-14868 160 2080 -6744 -712 3006
-14484 64 2936 -7056 -825 3296
-14416 -188 3068 -7159 -761 3140
-14076 -688 3692 -7305 -265 3129
-13832 -392 4012 -7315 -476 3130
-14988 212 3276 -7202 -984 2937
-16888 528 3444 -5234 110 2771
-17432 324 2380 -1912 2684 2117
-13548 1196 636 55 4326 1759
-14056 1580 756 -1610 2875 1197
-14724 2360 384 -461 1318 1051
-15656 2812 -1116 -465 1667 1170
-16656 3664 -1292 -1975 1318 1174
-14672 4680 -2724 -3526 1943 1759
-15576 4500 -1356 -5011 1995 2626
-15100 3420 -1132 -5536 880 2682
-14084 3080 -1432 -6422 1091 2197
-15108 2568 12 -5941 485 1038
-15736 2480 1548 -5237 -79 481
-14956 1592 1636 -3152 -1052 -454
-14380 1052 1992 -848 -1594 -1499
-13644 1136 2044 825 -1454 -2479
-14228 1608 1972 2732 -2201 -3662
-15840 1380 2932 3586 -2304 -3715
-14560 560 3128 3532 -1739 -3480
-14312 468 4444 2897 -1520 -3388
-14084 1052 4344 3331 -1417 -2707
-15108 1320 4132 2911 -481 -1753
-15928 1520 5380 2647 383 -696
-14880 948 5144 2243 177 -628
-17888 44 3076 2048 -95 -1188
-15952 1900 892 279 4744 277
-16460 208 1448 1029 2352 -1200
-15280 -708 -1812 1750 124 -1887
-13188 -1344 -3216 847 969 -1641
-15208 -1168 -1852 879 280 -1223
-15480 -1076 -1116 894 267 -529
-14932 -1072 -1096 669 -131 -84
-15412 -880 -860 187 -302 349
-15196 -764 -664 -4 -99 1017
-14960 -1052 -24 196 1 1216
-14768 -764 264 17 -577 968
-14580 -528 -8 -10 -119 1094
-15000 -436 1224 -172 -247 971
-14576 -256 1372 -879 -546 999
-14852 -272 1732 -1171 -186 1122
-14620 -428 1912 -1594 -614 889
-14832 -248 2056 -2458 -693 1075
-14772 112 2560 -3111 -957 1584
-14852 -96 3120 -3634 -633 2188
-14916 -20 3636 -4167 119 2790
-13328 216 4356 -5200 -693 3186
-15712 -492 4660 -4766 -601 3467
-14916 -728 1760 -1017 1840 3101
-16356 756 2188 -361 2384 2917
-16656 768 1640 13 1007 2239
-16236 2036 -72 1568 1322 3160
-16244 2544 464 2060 620 3611
-13472 2488 -2080 2508 170 2402
-13656 4240 -2972 2539 506 1447
-15496 4416 -2072 2012 -913 -144
-15736 3660 -1264 1631 -1071 -1266
-15016 3036 -844 1790 -1650 -2558
-14456 3180 -276 1486 -1862 -3435
-14592 2964 772 815 -2272 -3592
-14068 3036 1640 22 -1985 -3016
-13824 2648 1464 -790 -1740 -1886
-13736 2440 2372 -2346 -1231 46
-14588 388 3396 -1094 -984 157
-14460 500 3056 151 -522 -941
-12864 400 3504 988 -501 -1518
-14284 28 4056 2159 -912 -1995
-14488 480 5204 4007 -1630 -2475
-13468 -520 5620 4701 -2068 -3535
-12932 928 5972 4870 -1972 -3523
-14880 600 6304 4766 -687 -3332
-12924 932 6520 4110 -1792 -2519
-16480 932 3716 2702 -830 -1042
-16028 1964 972 531 2707 1031
-16184 664 2708 -1586 3501 960
-14736 536 -780 -2198 3871 1502
-16028 -1208 -1532 -1995 4775 98
-16124 -1372 -3968 -281 4447 -1125
-15864 -652 -2220 -468 3245 -1361
-16020 -1068 -932 -159 1168 -1341
-16200 -1304 -856 -225 7 -1088
-15308 -896 -516 -546 -628 -656
-14972 -1504 -112 -142 175 -48
-13900 -1464 488 -256 -807 -37
-13684 -856 80 -767 -206 512
-17400 -1384 976 -445 237 816
-14816 -984 1088 -1136 -478 1423
-15004 -200 1168 -1459 -766 2099
-16020 -580 1588 -885 -1956 2219
-14488 -924 1476 -1789 -2018 1905
-14716 -412 3420 -2125 -2521 1752
-15356 -484 3840 -1457 -2489 1979
-14404 -664 2912 -1815 -1970 1765
-13612 -260 3664 -2503 -1294 1778
-13604 -520 4020 -2261 -842 2146
-13888 -528 5484 -2048 -695 2249
-14116 -1136 5852 -906 -904 1534
-17348 -1440 3664 1851 -218 -395
-16168 876 3128 4152 2728 -630
-15328 832 2072 2901 1063 -978
-13516 2648 172 1955 2063 290
-15408 1476 -884 1903 1966 538
-15892 2704 -1252 399 1736 1159
-15416 3164 -1076 -469 915 2215
-15060 2392 -1584 -430 -181 1571
-15220 2448 -696 -559 -439 842
-14992 2568 -152 -749 -1006 394
-14844 2096 1000 -658 -1386 -23
-13960 2196 976 -687 -844 -270
-14160 1908 1416 -527 -534 -388
-14492 1548 1888 116 -180 -261
-14600 1100 2900 1274 -62 -791
-14108 516 2764 2304 55 -1432
-14224 840 3296 3316 140 -2030
-14304 952 2348 3530 -371 -2347
-15644 2328 3156 2078 120 -1900
-15152 180 4084 3322 -9 -1409
-15976 -556 4676 3842 91 -1167
-13960 -368 4968 6420 -1029 -819
-13316 452 4308 7161 42 -1036
-14900 2164 2720 6033 1340 -576
-14080 2308 3048 5680 4259 -234
-17884 1884 2160 4566 2596 -3291
-16056 1176 864 1117 2498 -4045
-15252 1600 1416 -2282 1276 -3590
-15524 600 -1432 -3411 1270 -1223
-15484 -168 -1808 -4753 1619 803
-16320 -340 -2980 -5203 2189 2673
-15344 -108 -4428 -4148 3857 3855
-15896 -556 -4896 -1572 4184 3747
-15628 -28 -4748 -675 1978 2521
-16080 452 -3620 16 241 1565
-15708 928 -2508 86 -1635 750
-15416 532 -1776 398 -2549 110
-15024 412 -948 732 -3205 -295
-15120 156 -396 1692 -2959 -459
-14468 636 -592 1999 -2181 -867
-14024 1148 664 1241 -1681 -770
-14800 1028 856 904 -1652 -509
-13604 160 1124 272 -1892 -1114
-13808 508 2220 -674 -2431 -943
-14880 -328 2272 -1280 -1974 50
-14168 468 3388 -2477 -1650 780
-13728 184 3812 -2919 -846 1290
-15040 -708 4244 -3227 -2097 944
-15136 -1512 5120 -3307 -1787 904
-14616 -808 5188 -2700 -1517 1176
-17144 -188 4024 -1465 108 1480
-17480 -632 2648 1436 3050 1628
-14260 1036 1384 2751 2982 1454
-14108 1212 -224 2174 1454 614
-15468 2656 -904 2261 1386 934
-16484 2916 -1244 1568 1018 1200
-14784 2816 -2140 470 985 1029
-15388 3380 -2120 -676 443 786
-15992 3292 -1660 -2205 -906 336
-14772 3200 -144 -2350 -830 63
-14676 2904 -120 -2970 -1268 81
-14920 2472 348 -3025 -1165 445
-14368 1336 1604 -1997 -1254 652
-14464 1240 1296 -713 -1995 49
-13260 1780 2268 392 -2391 -255
-13892 1308 2832 2450 -2512 -686
-13652 1420 3476 3851 -2124 -923
-12148 1280 3488 4674 -999 -759
-9296 120 1608 4820 -2466 -1842
-13256 1252 4632 4858 -153 -2479
-13952 3196 5864 4488 -3198 -2103
-12856 1576 5692 4726 1253 -1684
-14268 1188 7132 3890 -173 -2510
-15560 208 5396 2852 -1119 -3189
-21520 4768 3888 686 5904 1274
-18796 -1432 5220 120 352 -2242
-17692 992 -744 613 -275 -2784
-15404 996 548 -694 651 -2283
-13788 -440 -1208 -133 787 -2125
-14812 0 -1884 -361 547 -1967
-14404 -320 -1528 -1711 1156 -1121
-15796 -1656 336 -353 -40 -883
-14884 -1156 4 -361 -988 -735
-15264 -932 884 -471 -932 -428
-14156 -940 1732 -528 -1038 -62
-14108 -1420 1840 -197 -942 203
-14664 -1492 2336 80 -146 350
-14348 -1048 2628 166 722 394
-14660 -1016 2516 -473 1240 966
-14860 -756 2532 -795 744 1531
-14296 -556 2592 -1349 149 1781
-14788 -828 2912 -1874 149 1982
-14072 -944 3160 -2292 -853 1885
-14584 -680 3232 -1986 86 2450
-14396 -1240 4464 -2123 -240 2528
-14032 -1248 4488 -1771 -596 2336
-14936 -360 4656 -1714 31 2234
-15248 -724 4448 -313 1588 2274
-17424 -540 3784 859 2675 2156
-15220 240 2252 3004 2719 1432
-14776 624 1204 2192 1364 1182
-15064 3220 -656 2186 1038 1102
-16232 4168 -1916 1791 1633 1609
-15244 2916 -2240 1268 1183 1093
-14608 3412 -1672 -381 632 526
-15172 3572 -848 -1442 -504 574
-14036 2648 -500 -1629 -653 627
-14668 2576 -728 -2138 -337 456
-14752 3024 244 -2161 -437 495
-14564 2580 868 -1963 -473 843
-14612 2404 1460 -1232 -474 1208
-14880 2152 1560 140 -445 1181
-14536 2028 1940 1127 -666 731
-13620 2368 2176 1829 -1090 35
-14120 2584 2508 2037 -1627 -750
-13836 2628 3204 1975 -2271 -1593
-14172 1352 3156 2115 -2069 -2320
-12816 1544 4440 2685 -1137 -2706
-13604 2204 5444 2872 -1283 -3473
-14104 2276 5824 2523 -1486 -3035
-13796 1544 5952 3331 206 -2519
-19060 3256 3684 2498 1723 -2289
-17180 1452 3848 1779 2791 -976
-16204 -1180 2284 1619 2223 -3055
-14208 1032 32 549 3069 -2331
-14176 712 -272 -699 2724 -1374
-14972 -304 -1764 -420 1328 -892
-14852 -340 -2696 -570 2013 -520
-15184 -1128 -3080 342 1354 -611
-16724 -1268 -2632 750 504 -930
-16028 -1280 -1776 1352 -148 -1327
-15396 -1232 -952 1553 -765 -1217
-15768 -1568 -236 1808 -1477 -1296
-14868 -1296 -300 2065 -946 -935
-14756 -1376 408 2053 -336 -378
-14880 -916 688 1271 -236 206
-15156 -1020 760 1136 739 891
-15504 -896 1164 483 1491 1296
-15112 -452 1068 -356 1200 982
-13968 -644 648 -1051 1968 1068
-14392 -772 1360 -2170 1517 831
-14220 -1164 2112 -2855 351 792
-14396 -1728 2256 -3094 377 990
-15492 -1312 2768 -3171 922 1210
-14704 -2300 160 -1474 2631 1516
-18596 -144 1388 -1161 3113 1828
-15752 -956 356 -125 2071 1867
-17220 -1212 -40 1037 1853 1482
-19376 1088 -1884 993 2340 1646
-18096 2076 -3144 1564 1839 1546
-16264 2072 -4056 1862 1119 1355
-15488 2836 -4840 1195 698 1117
-14120 2712 -3932 1018 -180 946
-14144 2432 -3856 787 -1520 381
-14440 2612 -3260 -216 -2084 133
-14704 2288 -2188 -866 -2898 114
-14160 2232 -1828 -1145 -3012 393
-14408 1948 -1228 -1311 -2944 591
-13948 2060 -492 -1626 -2440 1228
-14172 2320 -244 -1202 -1890 1977
-13988 2028 528 -44 -2270 1865
-13604 1944 792 776 -2419 1008
-13116 1884 1180 1707 -2766 -107
-10864 1772 704 2412 -3133 -1019
-9788 452 3064 3129 -5121 -1803
-9644 2220 728 3442 -6676 -3207
-16420 1588 6160 5358 -5797 -3408
-13788 2000 7540 3822 -4160 -2908
-12824 1792 8256 3290 -4197 -2285
-10532 1684 6576 3365 -379 -1723
-27840 3592 4072 -36 4052 1466
-7424 108 10440 -3337 7211 2619
-7392 80 1860 298 -4817 -1011
-26828 5516 3164 -1135 2695 1189
-16012 -1276 3832 -5245 5830 3202
-20996 -1128 4640 867 -674 -677
-15124 2288 -1700 2484 6517 1334
-18820 848 -240 -85 3128 189
-14952 2468 -1068 1419 1569 1649
-15316 -544 -5276 3113 3453 325
-16204 280 -1960 2645 2154 263
-15648 -700 -2416 5247 2568 283
-14848 752 52 5381 849 548
-13372 1604 -208 4727 225 735
-15324 2572 60 2981 -520 1244
-14388 1840 96 1182 -721 1796
-14052 1524 588 -770 -1870 1817
-15684 1468 808 -3638 -1894 1511
-13372 292 2412 -4571 -2203 930
-15536 2184 1320 -6428 -457 734
-16872 4812 -616 -2073 3260 540
-15892 4684 -856 -3282 2923 901
-14676 4552 -1312 -1764 4045 1519
-14900 4380 -1660 -1225 2858 1136
-15116 4140 -2008 -637 1970 711
-15316 4240 -1876 -401 1046 316
-15544 4396 -1916 137 -303 -80
-14836 4488 -2000 95 -595 -440
-15636 4492 -1436 -187 -1320 -688
-15308 4264 -1124 50 -2346 -825
-14680 4200 -580 -892 -2436 -827
-14936 4680 -244 -1374 -2346 -413
-14300 3244 756 -1887 -2192 50
-13508 2584 620 -1591 -1463 122
-14104 2460 1488 -1201 -972 -78
-15148 2952 2084 -422 -1387 -189
-14140 2916 2816 547 -1729 30
-13336 3000 2624 850 -1544 -91
-14044 3548 2004 235 -1110 179
-14888 3616 3296 -393 -1319 531
-14168 2560 3112 119 -1766 78
-13924 2376 2956 276 -1026 -741
-13744 1388 3320 1631 -1122 -1831
-13708 1384 3876 2677 -1178 -2876
-12980 2012 3584 3100 -1139 -3410
-14268 2736 5040 2867 -843 -3097
-12660 2176 3772 2201 -1690 -3099
-13000 2156 5516 2589 -513 -2485
-13748 1468 5828 2624 -597 -2539
-13204 968 5908 3169 60 -2911
-12384 2476 5440 2596 -315 -2759
-13232 1960 6200 1870 -259 -1556
-10568 2092 5284 -445 -1748 -820
-26204 488 5192 -1570 -1088 205
-17392 -1604 -284 -2186 1575 647
-16704 -1536 2648 2674 1574 87
-16380 -520 -1820 3476 786 -2142
-13368 720 -1220 1747 2578 -1792
-13880 372 -460 1676 1494 -634
-15176 -512 -796 1483 1315 -823
-14864 -116 124 -801 389 -775
-15252 -456 616 -928 1166 131
-15532 -628 992 -997 758 623
-14108 -68 1796 -1073 538 993
-14444 -660 1112 -842 893 1255
-15668 -436 1792 -20 753 952
-14716 -168 1832 -250 164 663
-14600 16 2732 -119 145 772
-14604 -644 2016 505 -155 204
-14416 -92 2652 21 396 33
-14840 -720 3508 143 951 -720
-15528 532 3612 -1571 1371 -1016
-14536 -124 3564 -1152 1214 80
-15568 -1836 3496 -574 844 -772
-14196 -1588 4088 -593 1509 -864
-14856 28 3156 -1154 1542 -726
-15920 -1312 1032 16 3457 -975
-17468 -748 2140 -1252 1833 -298
-16184 -1508 1080 -883 181 334
-16156 -1064 -1160 -396 1807 1044
-18460 904 -996 -1047 1200 2523
-16044 16 -4568 866 1140 2307
-15052 2748 -3524 789 1333 2248
-15120 1588 -3360 1062 -207 1369
-14112 1792 -3504 795 -363 353
-14764 2068 -2248 125 -1664 9
-14184 1288 -2120 376 -2754 -827
-14856 2252 -1216 -1155 -1705 -1168
-14364 1152 -100 -1596 -1770 -1029
-14544 516 436 -2053 -2152 -1166
-14808 1156 1900 -2219 -2440 414
-13012 -980 1632 66 -4807 893
-13108 -820 1504 2011 -3509 -114
-13000 -1020 3892 3899 -4088 -1262
-12764 -788 3072 5136 -2972 -2824
-12256 512 4612 5983 -1020 -2990
-11996 720 5552 4894 -1066 -2690
-11308 -24 4000 4512 869 -2801
-12572 600 4688 2884 1014 -2339
-13088 1056 4824 1904 819 -1111
-16724 664 4264 137 480 780
-21492 1592 1988 -3740 4429 3792
-21088 -4508 6052 -577 3078 3722
-17440 212 -244 -1302 600 442
-16904 3128 -1204 -3395 3061 1575
-16792 -344 -372 -1114 997 1038
-12812 -1300 -2536 -61 -913 -2658
-15076 -348 -1656 -456 -221 -3646
-15920 -1044 -124 -887 -1124 -3775
-14252 -1712 -196 -552 -1340 -2912
-13896 -2832 -564 271 -12 -2294
-15452 -2680 968 -160 -651 -1954
-14000 -2588 1104 196 -749 -1244
-14836 -3624 1484 2019 -6 -598
-14440 -2920 1348 2468 226 -208
-14800 -2264 1680 2601 1050 700
-14380 -1616 2340 2399 955 1398
-14392 -1220 2364 1735 571 2072
-14672 -1604 1976 1224 519 2545
-14776 -1060 2516 685 -93 2699
-14580 -1092 2404 220 -268 2846
-14696 -756 2740 -162 -385 2525
-15056 -748 3500 -382 119 2154
-14344 -556 3592 -1431 -615 2012
-14796 -1176 3596 -1892 -700 2094
-15408 -212 4288 -3079 -1060 2833
-17664 -180 4648 -1942 -433 3302
-16968 -944 2240 1090 1898 2373
-14892 1768 2456 1230 2513 2907
-14632 1164 1236 2398 50 1412
-12600 1988 -792 3059 1596 -420
-14132 2412 -384 2987 1019 -1610
-14720 1868 -1488 2764 989 -2472
-16376 1976 -1396 2094 1746 -2327
-16580 1964 -2172 1278 2208 -1354
-16160 2204 -2328 17 1977 -563
-16436 2356 -1204 -792 1461 298
-15860 1824 -1088 -677 71 1045
-14748 1084 -608 -320 -564 1301
-15852 1712 -132 435 -405 1247
-14552 1508 -8 58 -1415 818
-14856 1856 16 50 -1667 410
-14512 1888 496 -122 -1722 57
-15092 1624 2192 143 -2126 -172
-13492 836 1084 1116 -2646 -787
-13268 744 2180 2031 -2067 -943
-12944 876 2704 2725 -3174 -1355
-11992 416 2896 3491 -2450 -1426
-13104 368 4376 4224 -2555 -1704
-14456 828 4828 3941 -1957 -2031
-14836 1176 5856 3401 -1667 -2053
-14856 876 6312 3041 -1272 -1406
-14508 1276 6432 2542 -1810 -730
-15324 676 4844 1477 -1038 -631
-20904 1440 3344 409 1920 1826
-12964 524 1364 -336 4301 1617
-14448 1296 1276 -460 4121 482
-15936 1648 -1196 548 1652 -26
-14976 556 -1832 542 3307 -466
-14784 948 -1384 980 1740 -1292
-15704 768 -1316 1730 1202 -1907
-16364 200 -1104 495 300 -2125
-15644 104 -180 -331 -517 -1899
-14464 -144 -140 -736 -693 -1140
-14564 -388 -36 -124 -938 -608
-15748 -1208 824 605 -690 -522
-14292 -784 1164 858 -5 -617
-14676 -72 1300 1433 548 -224
-15680 -384 1740 1395 -28 -479
-14952 -384 1460 -150 -788 -398
-14940 16 1696 -2006 -1146 580
-14988 -16 2528 -2558 -2119 1254
-14612 -392 2880 -3836 -2348 1779
-13640 -884 3104 -4441 -2560 2250
-14368 -1608 3760 -3287 -1423 2391
-14344 -1340 4380 -2988 -1186 2546
-13660 -852 4456 -1955 -1359 2887
-14296 -2632 6004 -627 -565 2366
-16644 1024 4488 -717 -1055 1737
-20112 -16 3980 2234 3758 2423
-14120 1144 2716 3210 3279 2610
-12796 1328 672 2337 1016 1280
-13248 2568 480 3128 2213 744
-15308 2696 664 3308 1577 217
-15396 2500 -948 2535 1337 189
-15344 3136 -704 2193 1749 149
-14800 3396 -1456 1406 1002 -132
-14640 3780 -1764 -23 1369 137
-15320 4200 -1720 -1787 1669 871
-15444 3348 -828 -2472 1407 1103
-15208 2612 368 -3048 695 528
-15136 2152 908 -2974 -330 -211
-15128 2164 564 -2276 -402 -933
-13972 1436 1532 -1261 -522 -1257
-14032 804 1488 321 -1092 -1876
-15104 1228 2236 1515 -1148 -2257
-14840 416 3444 1830 -2311 -2544
-14128 1132 3160 2693 -2255 -2423
-13740 788 3320 3341 -1438 -1977
-14400 596 3300 4012 -551 -1811
-14616 520 4276 4543 -826 -2204
-14228 748 4804 4278 -977 -2633
-16168 -44 2644 4095 -1033 -3155
-16512 1516 1852 2802 2318 -1519
-17220 1184 2656 1528 2659 -883
-15692 -132 960 1312 2030 -816
-13652 -520 212 714 2550 -927
-14624 -700 -1656 660 2126 -1038
-15668 -276 -2344 852 2342 -620
-16140 -464 -2456 661 1620 -522
-15480 -776 -2432 278 645 -244
-16068 -748 -2004 232 -274 170
-15840 -676 -1436 36 -1321 271
-15516 -848 -616 446 -1777 214
-14816 -1188 -864 399 -1760 160
-14840 -1196 168 728 -2069 -97
-14736 -1132 756 784 -2017 97
-14444 -908 696 734 -1854 283
-14580 -536 1612 -62 -1457 869
-14292 -424 2240 -698 -1379 1492
-14456 -744 3180 -1601 -2228 1632
-13596 -444 3772 -1473 -3249 814
-12388 -1816 2208 -1850 -2128 -56
-14172 -1172 3436 -2880 -587 323
-15164 -328 5876 -2944 -1282 1511
-14320 -1888 5120 -2225 -351 1514
-13740 -2500 5196 -1744 -225 832
-16288 -1252 5480 -501 -1110 655
-17132 -1492 4512 377 293 736
-15928 -1308 2964 2923 78 181
-17888 908 1488 3124 862 360
-13404 1576 816 2914 1530 618
-13676 2544 -1416 2515 2072 1258
-15976 2512 -516 904 1804 1361
-14964 1868 -1288 1259 1271 1774
-15280 2320 -896 648 1015 1325
-15676 2344 -64 -361 19 840
-14764 1896 52 -269 -238 799
-14580 2200 608 -310 136 915
-14080 2200 1004 -174 707 1164
-13680 1776 808 551 2666 1694
-15156 2368 1532 1621 2867 1814
-16236 2028 2192 1312 1652 820
-14780 1864 2388 1192 731 141
-14124 1956 1608 1649 -218 -410
-14736 2052 1452 1796 -12 -763
-14560 1572 1816 2256 -523 -1132
-14908 1360 2176 2582 -850 -1347
-14944 1672 2612 3063 -1319 -1363
-14556 1648 3476 4281 -1376 -730
-13684 2008 2832 4926 -1261 -379
-14716 2540 3940 5106 -417 124
-14208 2448 4236 5160 -437 110
-14616 2708 3588 4505 -10 -191
-13792 3444 1860 2734 1735 125
-15500 4144 1864 600 2843 844
-14060 3308 1744 175 3787 2691
-15116 2852 -760 -1950 4450 2248
-16036 1944 -2284 -1651 4965 732
-16576 2872 -3852 -826 4472 -275
-17664 2400 -5516 783 3219 -1177
-16076 1084 -5844 1325 2256 -2532
-16168 1744 -5380 968 664 -3193
-16024 1940 -4268 380 -882 -3140
-14580 1052 -3480 -400 -2639 -2378
-16052 532 -2780 -77 -3308 -1806
-14860 328 -2136 -483 -3528 -1191
-15176 624 -940 -770 -3571 -450
-15268 0 16 -408 -3866 -19
-13856 596 484 -1168 -3376 494
-14716 724 1500 -2159 -3590 1340
-13192 408 1376 -2104 -3295 1787
-12592 428 1724 -3042 -2558 2446
-14464 -80 3656 -2453 -2881 1938
-15260 -172 4244 -2364 -3195 1656
-15272 -348 6108 -2074 -3125 1117
-13800 -620 5468 -1988 -2754 619
-12696 -56 5292 -1712 -2142 958
-16228 1676 4624 -1734 -2495 856
-20856 612 3372 -179 671 993
-13820 4404 1144 1560 3250 1985
-14300 2616 256 1664 2208 520
-14308 3208 24 2202 2792 -790
-13708 4144 -972 1524 2416 -533
-15536 3028 -124 753 1934 -316
-15408 3172 636 821 1227 -8
-15100 3068 408 531 706 -49
-14148 3168 288 128 788 103
-14100 2952 232 -232 1271 239
-15708 3080 596 -503 1305 98
-15840 2588 1172 -1073 1064 -329
-14508 2328 1228 -1596 1231 -708
-14624 1400 512 -532 771 -1412
-15596 1480 776 815 -109 -1744
-15112 1432 636 1360 -177 -1847
-15236 1616 876 1688 -509 -1866
-15680 1664 908 1686 -759 -1550
-15144 1320 888 1151 -686 -1169
-15024 736 1084 971 -790 -997
-15436 60 1192 1052 -997 -1197
-15168 28 1260 808 -1028 -1024
-14816 144 1832 904 -1107 -936
-14988 436 1280 787 -1240 -756
-14880 588 1756 944 -855 -433
-14644 144 1724 790 -689 -231
-15108 140 1836 897 -501 -222
-14976 -4 1836 1009 -387 -216
-15012 -40 1900 1075 -413 -398
-14984 -44 1964 1271 -414 -600
-14828 168 2112 1514 -466 -786
-14888 48 2220 1302 -513 -1014
-14744 -96 2104 1255 -460 -1131
-15100 -168 2184 1644 -316 -989
-15044 -300 1948 1660 -728 -543
-15136 -504 2512 2137 -817 -522
-14776 80 2088 2785 -561 -134
-14456 116 2244 2157 -1007 -255
-14532 -40 2504 2351 -445 -421
-14832 -240 2584 2361 -366 -388
-14824 -372 2660 2259 -406 -378
-14516 -72 2772 2494 -326 -403
-14832 84 2808 2090 -367 -311
-14600 44 2652 1874 -349 -81
-14716 408 2832 1640 -455 45
-14628 364 2980 1214 -502 168
-14500 188 3096 1224 -234 276
-14488 240 2736 1199 -432 226
-14552 336 2648 739 -233 180
-14504 496 3116 465 -304 -56
-14796 380 3144 411 -355 -89
-14680 300 2984 257 -369 112
-14488 256 3036 111 -306 362
-14692 176 3168 12 -404 531
-14580 44 3240 -113 -273 475
-14384 216 3044 -73 69 468
-14664 316 3480 79 283 380
-14580 312 3056 167 228 291
-14420 76 3352 417 392 137
-14576 296 3028 430 572 188
-14652 540 3048 495 609 235
-14668 588 3340 324 558 242
-14740 380 2600 417 671 414
-14520 680 3244 365 529 226
-14712 556 3092 663 566 438
-14472 684 2880 843 485 501
-14292 580 2856 926 1102 294
-14292 776 3028 1350 1221 -318
-14744 1600 2600 1295 1397 -444
-14828 1348 1912 553 956 -521
-15288 1284 1816 115 494 -401
-15276 820 1576 -572 598 123
-14952 480 1656 -937 408 170
-15088 496 1928 -926 -103 97
-14784 388 1844 -742 -147 83
-14832 200 1948 -358 -215 -38
-14820 272 2168 138 -285 -124
-14908 20 2208 607 -382 -171
-14752 240 2388 1052 -414 -302
-14736 220 2296 1293 -429 -334
-14848 400 2344 1540 -389 -386
-14832 296 2444 1725 -342 -404
-14728 428 1936 1632 -332 -456
-14740 424 2312 1798 -164 -432
-14784 416 2512 1449 -230 -472
-14880 568 2280 1286 -207 -406
-14696 440 2576 1085 -124 -243
-14812 396 2524 860 -158 -186
-14756 636 2496 660 -184 -63
-14696 444 2588 570 -143 -27
-14696 316 2540 450 -114 -46
-14860 240 2708 454 -134 -87
-14664 272 2516 632 -159 -151
-14800 192 2688 876 -278 -273
-14652 112 2912 1062 -218 -374
-14652 124 2576 999 -62 -420
-14744 320 2708 1112 -115 -465
-14744 196 2344 1212 -23 -382
-14772 196 2624 1403 -94 -542
-14716 48 2556 1566 -105 -664
-14628 -84 2696 1809 13 -815
-14824 28 2676 2019 -32 -995
-14724 -64 2664 2168 24 -978
-14712 -40 2568 2112 60 -957
-14916 148 2608 2157 54 -825
-14776 -80 2712 2310 -41 -758
-14740 -84 2988 2451 -121 -950
-14528 -464 2348 2317 -242 -1050
-14692 -408 2744 2476 -183 -1196
-14736 -312 2604 2385 -97 -1157
-14596 -464 2768 2289 -61 -1051
-14872 -512 2560 2237 -202 -1128
-14596 -636 2712 2295 43 -1170
-14452 -692 2616 2855 447 -915
-14688 -716 2700 2823 885 -494
-14584 -392 2200 2930 852 -249
-15132 -360 2168 2424 708 -140
-14872 -560 2496 2536 747 -107
-14648 -228 2468 2253 623 -9
-14812 -244 2000 1934 259 6
-15108 -196 2452 1595 199 114
-14984 0 1884 1269 -44 228
-14972 -44 2156 1101 -16 202
-14716 84 1976 632 -55 337
-15132 64 2172 226 -88 362
-14996 8 2136 232 -366 178
-14800 -100 2064 166 -501 181
-14748 32 2228 -9 -574 97
-14916 20 2276 -19 -664 1
-14840 -96 2428 34 -697 -16
-14728 -68 2492 258 -568 -58
-14712 -76 2516 239 -650 -35
-14788 -116 2348 252 -678 -29
-14820 -216 3036 305 -543 -3
-14564 -92 2672 350 -236 82
-14648 -48 2648 355 73 48
-14820 -44 2520 254 297 75
-14796 112 2628 136 412 151
-14660 -28 2528 116 395 210
-14920 -88 2400 -71 536 174
-15116 -228 2464 -381 470 248
-14916 -160 2120 -743 9 245
-15028 -152 2460 -880 -444 230
-15172 8 2744 -1119 -1779 69
-15216 192 3232 -1638 -1217 312
-13512 -816 3696 -982 -1149 568
-14820 -1892 4468 1351 -681 453
-14760 -836 3692 3200 -642 1201
-14304 448 2592 3173 -250 1709
-14364 664 2908 2528 -260 1193
-14328 528 3052 2186 -361 470
-14200 1344 3224 2187 -410 147
-14032 1204 3336 1971 30 -14
-14176 1308 3172 1308 131 -337
-14504 868 3336 948 -224 -597
-14332 1196 3436 731 67 -321
-14560 1064 3392 504 84 -219
-14504 652 3104 340 242 50
-14732 800 3236 480 -122 250
-14324 1180 3332 510 -477 223
-14392 820 2868 -127 -35 76
-14432 1076 2952 -507 108 -109
-14720 984 3684 -281 304 -113
-14780 12 3716 410 657 63
-15068 564 3292 611 249 -138
-14268 808 3212 963 -426 -1
-14280 888 2560 754 -317 49
-14176 640 3340 226 -76 -220
-14184 696 3120 139 117 -193
-14780 648 3436 253 278 -203
-15072 216 3484 793 -197 186
-14168 1040 2912 503 -36 114
-14632 800 3084 354 -604 -227
-14464 720 3204 511 -834 -441
