-14868 -4136 -264 356 16 47
-14832 -4104 -128 393 20 45
-14852 -4072 -324 394 11 69
-14832 -4048 -260 404 29 40
-14808 -4216 -240 442 56 12
-14888 -4056 -368 408 28 26
-14796 -4032 -120 409 33 -7
-14752 -4016 -220 407 22 -7
-14916 -4064 -288 404 59 14
-14892 -4072 -320 353 -13 -28
-14768 -4004 -212 372 -16 -30
-14832 -4164 -344 385 -25 -12
-14756 -4100 -348 321 -106 15
-14892 -4164 -184 335 -33 94
-14884 -4144 -280 325 17 169
-14884 -4048 -144 348 43 203
-14780 -4000 -268 389 117 203
-14920 -3896 -256 375 50 127
-14872 -3996 -296 340 33 68
-14972 -3948 -332 383 -13 8
-14944 -3988 -396 400 -7 1
-14816 -4128 -344 363 -96 3
-14776 -3984 -308 401 -61 3
-14676 -4048 -276 428 -45 61
-14772 -4064 -364 425 -10 78
-14956 -3932 -324 436 -1 127
-14848 -4064 -200 409 -47 90
-14872 -3976 -328 421 -18 102
-14932 -3932 -160 442 -18 105
-14868 -3868 -340 376 -52 34
-14876 -3888 -172 350 -82 -12
-14828 -3944 -148 359 -95 -25
-14916 -4016 -208 338 -119 43
-14824 -3992 -324 366 -71 74
-14868 -3892 -176 372 -20 149
-14884 -3956 -352 453 124 176
-14924 -3840 -232 405 46 146
-14928 -3836 -376 346 -21 87
-14836 -3956 -396 395 6 84
-14808 -3904 -216 377 -7 17
-14892 -3876 -332 371 43 17
-14948 -3944 -324 417 6 32
-14804 -3820 -112 358 -9 -9
-14976 -3796 -280 399 -16 -38
-14808 -3844 -52 332 4 -46
-14584 -3716 -8 369 221 -102
-14872 -3940 -356 1007 724 -495
-15092 -4104 -688 653 -18 -466
-15008 -4356 -584 733 -267 -362
-14940 -4208 -460 521 -497 -45
-14820 -3992 -332 328 -767 229
-14824 -3764 -64 286 -688 137
-14748 -3724 172 271 -341 -211
-14220 -3916 -1124 1306 -134 -697
-15228 -3952 96 728 -919 302
-15224 -6560 352 1488 25 2749
-16096 -9392 -392 1780 985 8689
-20548 -12852 -1036 4405 4045 16029
-19884 -9168 3544 2896 1771 15335
-12808 -8236 10616 1562 -1366 6487
-5156 -9916 4000 3593 53 -9065
-1864 20340 6636 13111 -8941 -10017
-12580 -2312 -244 3586 -4356 -20341
-18184 -2488 -248 -954 -5948 -20348
-16104 252 -1692 -6500 -5517 -16007
-17196 4920 -744 -5847 -4030 -10902
-16312 5564 -1784 4235 798 -2319
-16624 11324 -5808 3842 4494 8761
-16432 -32768 5612 15824 -1918 10844
-32768 30000 3660 1869 5487 9728
-13492 -6020 -2204 -3660 3975 3167
-13912 -5760 652 -3438 -458 513
-14212 -5052 668 -998 1666 -281
-14308 -6512 -1336 -2428 383 858
-14516 -5500 76 -867 1040 1101
-14588 -5900 -300 -892 887 2196
-14240 -5532 -564 -471 911 3448
-14440 -4952 -1356 -995 430 4206
-14956 -4904 -804 -374 591 5499
-15204 -4940 448 -1549 -350 7175
-15784 -4132 -744 -1012 474 9615
-17828 -4496 -976 -1592 1453 13388
-20376 -9368 -332 -615 3741 19280
-32532 -21464 4656 -4547 1111 27944
-31288 4652 -17812 -1137 2714 32152
-4684 -8160 -156 6817 5172 14341
3492 -11832 896 -811 1811 -7493
-1572 -6344 -1160 3371 1952 -21310
-8172 -4932 -64 5628 -2273 -31517
-17160 -3912 1520 3059 -6447 -32768
-25000 -4940 860 1625 -10406 -32768
-32768 1260 -1256 -5243 -11400 -31821
-26356 16488 -5732 -696 -1865 -20168
-23344 16624 -4520 7770 6332 11972
-22148 -16884 18028 -931 2165 21074
-9040 428 8228 3832 8798 11474
-14992 -5520 -11988 -2026 7449 6389
-15284 -4440 -3160 991 1406 2125
-14572 -6952 -1516 934 959 2699
-14784 -4252 -2164 -80 -3 2514
-14576 -4332 -2540 -229 -606 1122
-15052 -6144 -1592 -694 -150 2166
-16208 -6000 -1092 -2125 -760 5012
-16252 -6192 -2004 -2869 -597 6822
-17092 -5268 184 -1693 661 10441
-18488 -5816 2932 -1655 2325 14920
-19548 -8252 -1368 243 5473 20062
-32768 -11916 -4116 -6827 8302 30003
-31056 -6176 -7168 7439 7757 32767
-8460 -2720 -4816 3136 6342 16423
3952 -9676 844 -5657 -3608 -2901
2492 -7740 -2308 -703 -7034 -18040
-3408 -7000 -1544 2119 -8412 -31584
-11260 -5128 -2800 4971 -9183 -32768
-19424 -4352 -1696 1096 -11792 -32768
-32072 1832 780 -897 -13797 -32768
-32768 20184 -7444 -14483 -10553 -27161
-23936 17144 -2900 6236 1530 -5276
-18444 -15108 -964 17590 5921 21789
-15764 8616 -6620 9466 5087 19862
-32768 18480 4332 9700 7407 15114
-14832 -2096 -1148 272 5054 6384
-14964 -1652 -1232 -4219 1292 5582
-14880 -3312 -776 -1198 1176 867
-14756 -3592 -1600 -1428 912 -34
-14532 -5692 -488 -1197 1178 1258
-15036 -3976 -1212 -940 1004 1828
-14920 -3928 -1080 -2736 506 2701
-15016 -5208 -572 -2577 1178 4928
-15352 -5728 -364 -179 2225 8631
-18064 -2384 1984 -2561 5605 11688
-18980 -8080 4688 -5744 4440 18768
-32768 -27456 -11028 -5879 2676 28508
-32340 11256 7236 10441 7750 32767
-6424 -9688 -4028 5309 4628 24116
-4052 -7412 -5028 -9935 -1211 2184
1672 -7260 -1648 1770 -3166 -15385
-2724 -7336 -5032 9447 -2675 -31267
-9972 -5096 -5716 12038 -1245 -32768
-16564 -2600 -4656 1033 -7272 -32768
-21052 8640 2148 -4995 -15286 -32768
-32768 21132 -6944 -7117 -15260 -28093
-32768 29468 -4992 438 -5411 -2092
-21124 14364 -2936 11831 6193 18217
-28676 14280 -972 7815 3976 14539
-15872 -6464 -8708 4786 13190 7776
-14476 -7404 -4016 -2376 2591 6541
-14084 -7512 416 2479 2605 4881
-14560 -4224 -2200 -75 405 5107
-14808 -4832 -2176 373 657 5075
-14684 -3372 -1708 832 1686 5562
-15348 -2152 -2464 401 1916 6073
-15460 -1832 -3096 -703 1389 7018
-15188 -4552 -1832 -1850 1099 8959
-16508 -4184 -1484 -1893 1549 14090
-24252 -5424 -4780 -7992 1615 20697
-32768 -25300 6268 -9827 890 32767
-32768 24820 -26404 4773 10886 32767
5308 32767 -11896 -6500 3851 20262
1496 -2236 -3608 -5090 3111 -2495
-344 -4628 -1784 3799 5187 -19260
-6740 -4608 -2716 11029 4564 -32768
-15240 -2488 -5060 7412 -305 -32768
-21964 -664 -5684 6273 -4051 -32768
-24536 9780 -8508 1656 -6982 -29231
-25964 26780 -10044 -879 -3298 -13289
-32768 22180 -28936 12192 -4989 8518
-64 5840 -12672 3720 8586 2977
-19612 1652 -988 1515 154 6400
-16340 -3552 -968 -741 -215 5535
-15244 -1348 -2808 -591 284 3537
-15536 -916 -4364 -1621 -619 1976
-15560 -4352 -2252 -1689 320 2641
-14960 -2772 -4644 -966 281 3077
-15380 -5140 -3028 -600 1401 5168
-15652 -3240 -3400 1485 2674 9015
-15644 -684 -1500 2165 2128 11964
-17652 4736 -7712 -177 3439 16023
-15400 2420 -4792 -2699 2533 16601
-20752 2480 -5988 -3424 2346 18140
-31684 -10060 -5512 -4802 4317 27350
-21720 -26108 -5328 -1513 -3301 29689
-3408 352 4016 -11221 -7912 13639
-6648 -4264 -3844 10291 -3121 -11825
-8272 -560 1740 1244 -7351 -24794
-12220 -1656 1168 -1655 -9807 -32132
-15368 -3344 268 1679 -9431 -32768
-18920 -3764 -2792 8915 -6985 -32768
-25720 24 -4148 5841 -11876 -32768
-32768 21776 -15588 -7506 -10417 -22686
-23628 21292 -9984 -12124 -670 -3705
-8220 -21416 18488 29980 -1115 14583
8660 23940 -1432 17551 17998 10236
-14840 -10620 -3436 -3190 8273 5898
-15164 -5372 336 69 3545 4069
-15172 -2540 -2376 -352 3030 1774
-14380 -4952 -1136 -916 1673 2104
-15184 -4248 -2276 -2539 2090 3212
-14908 -5432 -2824 -1351 2456 4114
-15540 -3724 -2104 -1383 1918 5484
-15596 -2940 -1728 -2761 2187 6875
-15172 -2832 -4908 -1302 1929 6193
-18264 -3428 -980 -2882 2197 9546
-20664 -6824 1684 -2433 4488 15175
-30320 -15704 -136 -2582 4733 21750
-32768 -6144 2412 208 6118 32158
-26704 -8436 -2396 2407 5582 30241
-8700 -6244 -8904 -18544 -3284 3610
896 -5416 -1200 -6631 -4009 -10963
-2088 -6032 -180 632 -4119 -28934
-8528 -4668 -1676 6786 -4193 -32768
-14980 -3536 -1084 2463 -8302 -32768
-26624 1732 -1600 3916 -13633 -32768
-32768 23628 -10792 -10945 -13378 -28378
-32768 26184 32767 18232 -4235 4284
-20884 -15712 -15200 4477 10940 20318
-13444 -2456 -8176 805 9402 8677
-13224 -3624 1396 2650 4935 5993
-16392 148 32 -787 4045 2902
-16680 -8556 -4076 -2821 1991 1675
-15200 -5272 -3704 -303 418 1606
-14472 -4912 -1068 -40 469 2192
-14660 -3716 -2904 248 1610 2788
-15088 -3768 -2520 1057 1452 3688
-15300 -4040 -2844 182 1358 3872
-15164 -4904 -3444 -402 2663 4353
-16272 -2816 -2456 1303 4286 5614
-16648 -5424 -3220 -2870 5808 11357
-18352 -8068 -5608 -5826 9481 16983
-32768 -16172 -2440 -22712 6567 26550
-32768 -3144 9160 -16457 7287 32625
-7388 -8044 -5564 -7328 7320 30043
-2036 -6576 928 -11981 -5760 1964
2848 -4704 -3796 7478 -10828 -15736
-1760 -7812 -6540 8824 -13540 -28806
-7476 -8204 -9424 15179 -11599 -32768
-14892 -7720 -8988 9772 -12056 -32768
-31548 2320 -4092 1226 -12700 -32768
-32768 13288 -4616 -9254 -14581 -28269
-24544 29304 -2272 -4745 1496 -866
-32768 -32768 1860 13143 -2713 32767
-21492 4856 32767 -8419 23011 21700
-14684 -3924 -12100 -6041 6190 6254
-15664 -3240 -5856 -3781 6 3429
-16200 -4592 -3476 -2199 1154 1038
-16288 -5320 -1072 -2063 -1481 4309
-15584 -4244 -2204 -2994 -604 5114
-15596 -5140 -2108 -1430 1699 6616
-15552 -2028 -2764 -115 1820 7172
-15084 -624 -2000 -755 665 7100
-15016 -1672 -3416 -105 830 6593
-17080 -1672 -1676 241 669 7858
-12484 -2000 13248 1495 3304 11516
-21808 -10024 1752 -1299 5822 18910
-32768 -13676 4108 -2282 3970 32142
-21464 260 -10728 15162 6317 27128
-6392 1164 -4584 -4622 -1058 10205
1160 -2836 -5092 -3997 -4778 -4750
-1708 -4736 -5012 -33 -6270 -20195
-5256 -4712 -5132 2203 -6348 -29619
-11060 -2796 -5220 4233 -6161 -32768
-18720 -4812 584 -844 -10714 -32768
-32768 1136 760 2040 -14489 -32768
-32768 19424 -6892 -8175 -12278 -24778
-30476 20360 -5184 4338 2099 4967
-32472 10732 2152 10136 8163 20877
-11568 2760 1720 -1049 19915 2413
-15836 -2560 -2208 -391 2899 6010
-14748 -2620 772 888 3827 3554
-15804 -2664 -936 -755 1795 3692
-14828 -3796 -1344 -765 463 3202
-14852 -4472 -3016 -635 150 3310
-15360 -4040 -1800 533 907 4401
-15476 -2188 -1280 -562 564 4712
-15548 -2696 -3416 284 607 4815
-16404 -2332 -1044 -795 -415 5511
-19496 -5888 -1108 -1161 -507 9543
-21572 -7064 924 845 1493 15692
-24484 -13224 -2236 -8185 2404 21294
-32768 -1884 8512 5817 7094 31310
-20384 -4192 -1984 1420 9421 22708
-9764 -16712 5076 2703 2911 -3060
-1688 -9516 784 6419 -1772 -18460
-4900 -5528 -544 9160 -5783 -32484
-11288 -1940 580 10114 -9784 -32768
-16292 356 412 10069 -13721 -32768
-24388 10732 -11188 6017 -16397 -31046
-29016 25980 -13284 -19392 -11960 -13223
-21900 22688 -4896 -7993 -765 11499
-32768 -32768 -32768 -26593 -776 6428
-19228 -19620 20564 28681 11277 9207
-15112 340 -2744 -8568 8701 10537
-14608 -3092 -1460 1191 2560 7120
-15568 -344 -2260 -233 597 6298
-15400 -676 -1996 1139 867 3610
-16016 -1200 -1284 118 1174 1960
-15492 -40 -2336 -496 1491 266
-15816 -816 -2608 -835 385 -503
-15964 -1620 -2236 -1964 15 -346
-15464 -1420 -3240 -3458 -455 1649
-15516 -1952 -2460 -3173 -1299 3369
-12540 -6936 6004 -4049 -2415 8444
-22596 -4424 2508 -3364 1548 15661
-32768 -28852 5892 -2298 2719 29227
-29176 -3092 -920 2369 947 32071
-10616 2288 -5540 -2609 1416 16570
2688 -6460 1744 2334 -1787 615
-272 -9364 -280 14760 -61 -19904
-6432 -7108 -3760 15327 -2380 -32768
-13872 -2568 -5068 4808 -8862 -32768
-17704 -272 3276 -7107 -13786 -32768
-24184 9828 336 -8087 -14687 -32768
-32768 28468 -5392 -4967 -11605 -26665
-24484 18208 -13700 4923 1800 3437
3148 -32768 32767 2938 -10299 15290
-28160 -4920 -10588 5586 15667 13754
-15836 -4372 -7340 -5415 6617 7859
-15184 -4136 -860 -3177 2876 4091
-14892 -4888 -2744 -1913 2567 2249
-14940 -3796 -1664 323 1096 1687
-15300 -4148 -1548 -1549 345 2616
-14724 -4480 -2572 -444 276 3124
-14940 -3752 -1388 11 396 3183
-15244 -3964 -1440 -1159 1351 4878
-15612 -4656 -3312 902 3096 7623
-17228 -4384 -2276 949 3861 10536
-19072 952 -2244 -5579 5601 12833
-20912 -956 3528 -4596 4487 17916
-32768 -22728 1044 -9445 1963 30757
-26460 -2976 1296 -3302 5126 32552
-10472 680 -4084 7660 5444 12863
-3120 -5308 -4028 2733 -896 -4206
-2844 -3480 -5152 1332 -4683 -17900
-3020 -2540 -4684 1113 -6478 -29808
-8088 -816 -4120 -58 -8081 -32768
-11664 -612 264 3606 -8920 -32768
-26000 6412 -4440 9733 -13240 -32768
-32768 23296 -15088 -172 -9940 -23141
-21024 14028 -6952 -9325 -486 -593
-7800 17740 26688 12533 3701 10341
-32768 24844 -9600 5351 7268 10514
-9932 -2452 -6096 -10183 5031 10280
-16056 -2488 -2140 -2460 2403 4962
-15336 -3536 -2016 -3563 -376 2659
-14972 -4136 -3152 -2108 -1869 1143
-14776 -4936 -1324 -2148 -2058 1386
-15088 -5032 -1556 -1761 -1317 2606
-15008 -4460 -148 -1764 -1024 3828
-15344 -3480 -1364 -1255 -634 4035
-15168 -3780 -1740 -1404 -452 4887
-21412 -6752 112 -550 761 8766
-18068 -5628 2988 2675 7373 11852
-18440 -11476 3508 1013 5871 21202
-32768 -32768 -4136 446 3619 32767
-32768 6984 -9680 5757 3831 32767
-6800 604 -5596 2261 8389 11154
-1452 -9536 -1048 1986 -3844 -7598
-508 -5236 -3416 3359 -5624 -20871
-3968 -5484 -4088 4823 -7322 -32768
-11172 -5792 -3892 4800 -9147 -32768
-24196 -3476 2408 7316 -11631 -32768
-32768 17472 -16188 8165 -13294 -27771
-27684 31556 -12096 -2154 1256 -2367
-15692 -32768 12712 -6021 -623 21948
-10308 -3104 14148 3472 4899 11350
-16232 828 -4016 -4767 3651 7612
-14976 -3488 -1464 -240 3118 3272
-15460 -2888 -1916 -345 2244 1685
-15508 -2268 -416 -506 1178 1477
-15128 -2596 -2536 -1764 1402 1489
-15368 -2724 -3240 -692 145 2314
-15736 -2172 -2016 -752 -884 2192
-16480 -2400 -1928 -1382 -1321 2855
-15812 -3560 -964 -1107 -1109 4895
-17764 -3900 1120 -650 -1868 10277
-18416 -5064 1408 -808 3491 13843
-21376 -8268 1804 -3383 4162 21374
-32768 -14128 -640 -7270 2110 31846
-26596 -14604 -3288 4055 7181 32476
-7792 7508 -1216 7387 3756 15074
204 -4660 -2608 5249 5116 -8793
-1540 -3768 -2224 -1297 7 -22583
-6696 -3180 1172 -1455 -6672 -28743
-11268 -872 520 2024 -9435 -32768
-17204 -3304 476 237 -12810 -32768
-30636 -396 -60 1788 -15277 -32768
-32768 21780 -14396 -6379 -9906 -24628
-24904 27068 -1904 -2800 3636 598
-5448 -32768 13824 24641 4279 17140
-24772 32656 -1192 32767 19256 4246
-15072 -2684 -8068 -9190 2583 10348
-13592 -8032 -4508 3607 6787 4178
-15084 -2532 -668 562 1528 4544
-15416 -2544 -2008 -358 430 3233
-16260 -2436 -5556 -2048 -373 3516
-15540 -3088 -1140 -709 501 4434
-15572 -2652 -1500 -745 526 5509
-16248 -2804 -3336 -252 626 6061
-15984 -3456 -2480 -327 1086 8281
-19068 -5540 2984 1473 1872 13544
-22744 -8288 3616 2006 4573 20178
-32316 -20236 2600 721 4114 28272
-23468 -416 -3720 593 8276 31735
-14704 3148 -7156 -15552 5542 10532
-568 -4764 -396 -5762 4043 -7215
-2876 -3648 104 -133 2617 -20157
-6148 -3804 504 2734 -1385 -31259
-11552 -2168 204 3877 -5789 -32768
-17680 -3256 2536 1323 -12512 -32768
-32768 3204 -2372 3032 -16743 -32768
-32408 20348 -14636 -1430 -6885 -22130
-26268 26716 -7884 9342 7212 8951
-21136 -18432 15864 20812 3290 14254
-11736 20 3104 -12232 11194 6522
-17776 -5524 -6052 -4091 1336 4651
-14404 -4992 -816 -1636 2823 1987
-14912 -6176 -3404 -6375 -1717 4503
-14996 -5480 -2188 -289 1646 2528
-15076 -4392 -940 -3591 -529 4369
-15052 -4952 -1032 -736 1393 5065
-15392 -4324 -2872 1108 2311 5626
-15448 -3400 -2060 -17 1677 6752
-15540 -4760 -1740 1175 3710 8387
-17180 -2840 -668 750 4639 12042
-20888 -4704 1540 -1216 3788 16930
-32232 -18368 -2832 -566 2961 24427
-29104 -7872 3492 2265 9034 32767
-10260 -4228 -660 615 3388 24788
-2568 5680 -3988 629 1054 6621
2784 -4572 -5128 518 491 -18812
-964 -2920 -2272 -2595 -7006 -25523
-7392 -3600 1056 2164 -10647 -32768
-13220 -5124 1020 3601 -13660 -32768
-31564 -24 928 4390 -14716 -32768
-32768 15976 -4036 6467 -13828 -30915
-26068 29204 -12028 -126 1087 -6510
-22616 13292 -7660 4031 9001 22144
-32768 21344 -21444 10924 18701 14044
-14468 216 3064 -1407 8758 5806
-15000 -1172 -2852 -3598 1959 1766
-14920 -4160 1772 -2814 849 -516
-14796 -4564 -2736 -4661 257 -520
-14360 -4696 -1132 -3559 254 690
-14548 -5300 -1124 -4777 756 2632
-15180 -3972 -1344 -2079 1352 3063
-15232 -4684 -1272 -3788 770 4176
-15052 -5872 -2432 -2529 1853 6722
-22740 -1712 6156 -1429 1377 10719
-18508 -7476 -740 -478 4010 16536
-26344 -13840 3912 -2140 5680 21992
-32768 -9220 -5220 16006 11587 32767
-26836 -11808 -12388 -1870 12850 27492
-10916 -4652 1676 -5739 -3462 6758
1872 -3320 -2664 -7143 -9862 -4490
876 -3848 -2056 -6579 -9928 -20501
-7132 -1440 -908 1978 -6210 -31977
-11472 -3036 -2040 8468 -4695 -32768
-24232 224 -5156 11540 -10617 -32768
-32768 18808 -11896 -4371 -13693 -22936
-23672 15492 -8568 -11789 -5039 -6523
-19812 10516 -5832 3197 2848 11463
-23044 -12332 18716 5729 8197 -392
-26072 -996 -13460 7192 3007 5221
-18068 -2032 -21216 51 3404 441
-12948 -4384 7204 1109 2311 -723
-14760 -7232 -196 -788 837 -51
-14292 -7316 -3708 820 1795 720
-14336 -5664 -868 1752 1296 1546
-14412 -6264 -1252 1394 1189 1881
-14680 -4964 -1992 894 731 1719
-14560 -6164 -1444 -162 220 1711
-14636 -4612 -1372 -535 -181 1074
-15328 -4832 -1940 -1351 -1330 918
-14356 -4188 -1316 -164 -1379 -284
-14224 -4560 888 -191 -673 -722
-14724 -6940 -2344 873 698 -7
-15092 -5132 -1824 -218 -745 1212
-14236 -5060 -1108 -430 -666 680
-14492 -4908 -2056 -275 -571 17
-14532 -5240 -708 -401 -801 267
-14392 -5588 -1044 327 113 531
-14952 -4860 -1572 421 -149 428
-14520 -5168 -1356 563 -206 354
-14644 -5236 -936 916 379 353
-14840 -4436 -1064 346 -112 316
-14716 -5160 -1092 -96 -493 274
-14776 -4924 -864 80 -318 379
-14644 -4856 -1244 -31 -299 375
-14632 -4920 -932 110 -226 322
-14820 -5024 -1312 263 -133 237
-14708 -4856 -988 165 -208 237
-14756 -4848 -928 252 -11 414
-14516 -4916 -1344 353 58 320
-14732 -4688 -888 365 31 261
-14772 -4772 -1264 220 -71 247
-14680 -4868 -1100 114 -127 238
-14744 -4788 -1108 95 -170 226
-14896 -4644 -1064 92 -131 252
-14780 -4564 -1060 213 -39 167
-14728 -4636 -896 362 3 75
-14900 -4708 -1240 270 -50 108
-14796 -4624 -1156 197 -47 203
-14808 -4536 -1064 191 -46 221
-14764 -4584 -1096 128 -159 189
-14772 -4552 -1052 302 -7 133
-14792 -4540 -1176 256 -71 67
-14776 -4468 -1048 65 -137 51
-14892 -4472 -1404 -44 -156 -126
-14640 -4796 -1292 -40 -130 -106
-14792 -4716 -1472 45 -62 -89
-14684 -4660 -1108 213 -95 -91
-14788 -4720 -1044 423 134 -12
-14668 -4576 -1084 472 229 64
-14672 -4560 -1140 434 199 34
-14856 -4544 -1280 424 170 14
-14840 -4512 -1180 431 137 -15
-14572 -4708 -1144 390 55 -63
-14780 -4536 -1336 402 67 -126
