-14348 3864 -7568 -593 277 -69
-14108 4028 -7320 -609 683 147
-14336 4416 -7432 -839 875 122
-14256 3740 -7000 -706 669 -258
-14236 4160 -7500 -636 721 -281
-14368 4116 -7152 -725 593 -114
-14568 3616 -7404 -113 471 -87
-14444 3836 -7328 298 -15 -74
-14328 4172 -7372 337 -231 -64
-14312 3996 -7328 387 -432 -135
-14364 3992 -7408 484 -454 -210
-14224 4128 -7240 513 -386 -167
-14320 4196 -7520 408 -292 -193
-14160 4080 -7484 525 -262 -96
-14204 4116 -7452 535 -97 -17
-14304 4012 -7320 559 -63 42
-14284 3876 -7208 615 -69 96
-14304 4056 -7216 555 6 87
-14304 4020 -7264 439 -16 82
-14224 4080 -7380 384 -139 76
-14400 4108 -7140 369 73 146
-14232 3972 -7140 382 -70 -54
-14516 4012 -7068 357 -69 -14
-14288 4008 -7352 352 -145 -150
-14324 4104 -7100 181 -156 -241
-14220 4216 -7156 51 -202 -406
-14208 4176 -7312 -207 15 -377
-14336 3960 -7116 -123 110 -395
-14292 3960 -7484 -141 122 -403
-14372 3764 -7096 37 171 -261
-14240 3768 -7392 709 209 -199
-14392 4052 -7272 936 80 -35
-14376 3904 -7444 1186 -76 90
-14280 3956 -7204 1375 -203 239
-14356 3740 -7404 1662 -199 310
-14456 3724 -7576 1772 -287 245
-14392 3636 -7320 1685 -340 237
-14376 3672 -7360 1674 -280 250
-14436 3868 -7436 1439 -225 129
-14264 4036 -7336 1054 -95 88
-14364 4000 -7504 785 16 6
-14344 4008 -7260 493 105 27
-14256 3888 -7132 191 285 20
-14528 3912 -7200 -213 260 -96
-14364 3632 -7284 -315 177 -72
-14456 3708 -7352 -284 177 -109
-14332 3856 -7408 -268 66 -97
-14232 3884 -7324 -306 138 7
-14324 3900 -7432 -317 244 -25
-14244 3880 -7252 -118 245 68
-14440 3936 -7336 73 169 58
-14364 3944 -7292 279 75 -4
-14296 3984 -7320 317 27 106
-14372 3628 -7240 641 -50 143
-14424 3956 -7216 768 91 148
-14204 4244 -7340 568 52 130
-14288 4176 -7184 244 263 71
-14244 3956 -7308 -39 176 55
-14264 4012 -7300 -93 131 -20
-14368 3884 -7400 13 -114 26
-14320 4228 -7408 132 -357 16
-14276 3944 -7332 304 -272 -132
-14364 4276 -7272 214 -241 -160
-14088 4324 -7484 80 -194 -122
-14228 4412 -7372 -90 -70 -142
-14204 4356 -7176 -339 118 -230
-14156 4316 -7348 -577 252 -304
-14292 3996 -7256 -480 345 -307
-14296 4080 -7264 -274 148 -190
-14212 3844 -7364 120 194 -195
-14328 3820 -7164 363 175 -203
-14376 4028 -7416 499 133 -158
-14284 4048 -7216 549 12 -104
-14388 3888 -7340 623 61 104
-14392 3976 -7244 640 -17 178
-14344 4096 -7320 613 121 97
-14156 4144 -7488 499 172 103
-14100 3936 -7344 302 375 86
-14380 4124 -7132 83 288 215
-14608 3376 -7388 -12 421 237
-14528 3908 -7200 -74 93 347
-14372 3572 -7180 204 265 500
-14500 4012 -7184 497 358 766
-14472 4280 -7196 465 146 964
-14280 4144 -7364 486 255 1324
-14400 4892 -7044 481 -57 1078
-13800 4612 -7440 353 521 1462
-13844 5012 -7528 483 870 1172
-13544 6572 -8360 -603 2410 2501
-13492 6704 -8608 -1786 2257 2046
-14144 5924 -7444 -1621 1558 2265
-14900 5088 -7868 -656 1732 3328
-14152 6768 -6932 -558 142 4019
-13656 5568 -5604 -222 -2332 3327
-13016 6104 -4736 89 -949 2079
-12712 7364 -4000 609 -430 953
-12844 6260 -4324 1535 -475 -560
-14428 5028 -5176 3275 -1307 -917
-14932 6204 -5120 3386 -2039 -1268
-14560 6232 -5588 4280 -1636 -1128
-14956 5708 -5696 5144 -321 -959
-15484 6484 -5384 5444 -260 -588
-16708 7792 -8612 3653 -1247 -564
-15724 12732 -8532 -1856 -1204 -799
-10504 2060 -9812 3231 -2775 -5099
-14084 4712 -12064 3779 2464 -1404
-14628 8268 -7812 1091 -2514 -3382
-10968 4180 -8764 125 -1435 -4765
-11512 2572 -8916 296 2840 -4420
-12852 1892 -7904 119 2109 -3676
-13004 1900 -7432 -616 1753 -2101
-14376 2748 -6696 -1988 1166 711
-13848 3084 -4312 -3878 -995 1389
-15336 2408 -5336 -4294 -1504 796
-14048 3788 -6200 -5208 -1770 463
-15476 1260 -6940 -4883 372 -1674
-16492 1392 -5332 -4824 -327 -1325
-20764 2332 -15076 -1215 -702 -515
-12840 8764 -9668 2716 93 -3808
-15688 8192 -7412 -287 -3223 4290
-14988 4728 -6420 95 -4890 1281
-8428 3552 -6820 1668 -2385 2129
-13488 5716 -4648 1869 -1321 2338
-10936 5212 -4760 1785 496 1069
-14592 5284 -3828 2370 3588 64
-14536 4656 -3664 1335 -712 -2091
-14056 2916 -4100 3607 1661 -1824
-16068 5044 -4912 3986 985 -177
-16976 6112 -3036 2580 -571 1964
-20852 8808 -6980 -813 153 5308
-17324 10888 -10712 -5493 -1237 -213
-8540 -1296 -9908 614 14 -3617
-14916 3608 -9432 3664 7270 -1874
-14112 4232 -8644 2618 2017 -2897
-10964 3712 -7500 2745 3438 -3999
-12276 2380 -7712 1306 4608 -2550
-16268 1504 -7160 -94 2014 -40
-14092 1444 -5812 -568 -907 -442
-13168 3508 -4344 -1157 -2427 739
-13884 1064 -6292 -2460 -1074 1286
-16588 3936 -7636 -3264 344 -1078
-16484 220 -5932 -3854 665 -1825
-16924 836 -12640 -2249 2907 864
-17720 8040 -17576 1519 -2608 -458
-8316 8320 -7548 85 -4326 613
-13256 3188 -7284 1600 -1760 5178
-12816 5216 -9460 2742 -3227 1058
-10480 5476 -6960 1722 -1033 3081
-12916 5916 -6312 1995 -781 1944
-12244 4700 -5340 1277 -16 1000
-13676 4188 -4724 2152 518 -289
-14304 1796 -4540 4661 -822 -534
-15120 4448 -4920 5321 -2784 -1791
-15736 4244 -4880 4009 -3502 -211
-17528 7732 -12980 2687 630 3290
-17252 16032 -10412 -8511 -5836 5348
-11780 -1124 -6908 2234 -439 -3479
-12128 6572 -12492 2227 5767 -152
-12540 5484 -8516 747 2442 -1766
-13572 3712 -7368 1127 899 -3129
-10952 2212 -7848 1146 1446 -3529
-12316 3404 -7516 636 2611 -1070
-13540 3168 -8736 -702 2495 507
-13628 4156 -6380 -2220 1177 1045
-14036 2632 -5748 -2455 369 1616
-14572 2380 -4476 -2942 -429 1403
-15076 3848 -5200 -2600 319 -118
-17528 2356 -5764 -1883 -208 -3467
-15572 1800 -5552 -2932 -2080 -5243
-21360 3468 -15076 654 3709 421
-12168 10092 -9280 -147 -5553 -3637
-7904 3968 -10072 877 2782 3253
-17388 6268 -8012 58 -383 1759
-11320 5692 -9632 -288 -1675 3091
-13220 5312 -6308 -1071 1407 3857
-12596 5804 -5444 1070 -177 3259
-12796 3968 -4620 204 -88 3583
-12284 4480 -4312 2182 -1226 2720
-16184 5412 -4492 3511 -1587 1159
-15036 5136 -4560 2195 -3944 2053
-17080 8008 -4840 4759 -1363 2269
-22544 8600 -8096 3006 -598 2621
-12660 7948 -7396 1577 -2044 -157
-6412 5680 -12620 3022 2243 -1236
-16672 5268 -10444 999 3795 -1420
-12112 5768 -6916 1798 364 -5196
-10656 2484 -6464 1074 444 -2772
-10932 2932 -6192 773 1621 -648
-10460 4912 -6124 -2708 -1328 -148
-11424 1904 -3156 -5966 -2948 1877
-11920 2396 -3128 -3759 -2658 329
-18448 -752 -5736 -439 -1486 -1174
-15160 3284 -8920 1688 -1679 -5632
-16016 14120 -12180 -250 -194 -3195
-16196 4188 -11788 2667 168 -2882
-16828 8560 -7528 2248 -266 1311
-12180 5436 -5936 877 -4892 55
-11164 3396 -4360 1922 326 1203
-11840 4048 -4884 2703 -411 1098
-12324 4860 -3308 2924 1836 -805
-15980 2692 -3980 4474 555 -3499
-15672 3056 -3944 4639 -410 -2162
-18136 6384 -3100 2533 -2008 1523
-22896 7752 -12016 767 2694 6688
-13636 6332 -11624 -767 -5032 -3343
-8400 3304 -11920 2372 7916 456
-18464 5284 -12680 1399 3460 -1693
-11260 2776 -8860 1600 3288 -5980
-14824 1924 -8256 709 4645 -2727
-13228 80 -8484 727 3986 -4269
-14092 1140 -8104 220 3494 -2550
-14268 1072 -8584 159 1002 -3483
-13840 2500 -7320 -2481 529 -1410
-14952 712 -13556 -2671 3404 1201
-20620 4548 -11624 -2598 1591 -1426
-15440 336 -12124 -5158 2142 3558
-18572 5884 -14100 -3766 134 3774
-9584 6116 -8304 -3416 -3268 3877
-11996 1388 -7396 -105 996 5179
-12140 2612 -6812 1885 -2568 3646
-8684 2816 -5188 921 -4304 1971
-8268 2492 -4348 2537 -4510 846
-8876 1636 -4056 5546 -1893 -3283
-14064 4720 -4160 5142 -4081 -4609
-12468 3824 -4012 2746 -5760 -3780
-15820 2772 -2612 1729 -3310 439
-16900 500 164 4462 -6866 3098
-11200 5904 -9136 6658 -5394 3813
-32768 17460 -19004 -2421 -4636 12687
-12112 3028 -4364 1577 -1904 -9418
-18204 6224 -10168 1093 6343 1148
-13948 1820 -8980 -1882 2275 -7171
-10280 1596 -4968 -1562 4221 -3530
-6524 2184 -6276 -3085 2943 -1935
-12672 3164 -5500 -5923 5057 -64
-15984 2144 -4604 -8518 2278 1412
-15596 1188 -5596 -7412 326 47
-13588 2100 -5444 -5530 2702 -763
-17984 268 -6116 -2255 4229 -4493
-24664 1492 -14332 3053 6038 -967
-14076 7820 -12988 5379 -3783 -1157
-8420 4952 -8172 2837 -4203 2180
-14796 6140 -10464 1241 1 4261
-13436 4528 -8140 421 -257 3622
-13020 5332 -6204 660 -2134 2553
-12404 3092 -5780 -65 -2358 2167
-12996 3268 -4452 2304 -1639 591
-13324 2972 -3940 3166 -3714 753
-13732 2296 -3364 6094 -5476 -339
-12252 1336 -5984 9766 -4142 -1679
-14780 9320 -5820 6154 -648 1832
-26408 9916 -13164 297 1940 8099
-13792 8164 -9384 -1080 -2158 -1715
-10712 2628 -12236 -102 2373 1324
-15600 4708 -9332 1926 6952 -506
-12248 3636 -9404 1816 1975 -4231
-12732 2936 -7384 1134 1540 -4719
-12048 1184 -7056 552 2749 -3353
-13656 1388 -7192 1101 1468 -1784
-13176 2400 -6584 -221 533 154
-14556 3124 -4596 -2287 -2061 333
-13612 2900 -3672 -4376 -1691 -873
-13456 2168 -7236 -3593 -990 -2197
-17096 -116 -7604 -2356 -310 -2671
-20152 2488 -19312 -364 3736 4272
-19496 7408 -12844 -56 -6346 -1519
-5644 6104 -8212 -1837 -4805 1478
-15164 2444 -6544 1282 2804 4773
-14524 7892 -7332 1398 -193 1659
-12108 3724 -6092 -1757 -1204 1317
-12912 4332 -4496 -550 966 3527
-12160 2456 -3796 2405 -133 1227
-13400 4096 -3300 3841 -2532 -807
-15984 1568 -1916 4962 -4316 -1269
-11236 3720 -4800 6281 -4842 -136
-13476 7880 -3328 5399 -1588 1307
-21600 6324 -15932 3621 9435 10002
-19420 11192 -7708 -4943 -4304 -1283
-10624 1844 -13676 2201 2036 -1631
-17656 4920 -7752 -314 2360 -2810
-9976 4092 -6748 747 1716 -5026
-12968 2988 -7476 586 1504 -3818
-11552 848 -7080 368 2358 -2762
-10796 1520 -6840 929 1852 -1635
-14792 2012 -5704 -944 226 138
-13072 3772 -4176 -2904 -1617 72
-14600 2728 -5760 -5286 -134 1809
-17256 468 -4852 -3579 -271 -1134
-17656 -64 -12696 -1331 1955 -1317
-21068 7384 -16908 1342 -699 -3617
-8236 9224 -7372 638 -3085 -1395
-17304 2228 -8944 -228 3448 9769
-10972 4344 -7240 1472 -3700 621
-12296 5024 -4744 243 -981 4120
-12628 4816 -4852 980 115 1802
-12392 4016 -3420 440 -124 1476
-12164 3564 -4088 4290 -1191 -1559
-14220 3628 -5008 4766 -971 -1624
-15492 5884 -4912 4437 -2034 -489
-17248 4340 -2644 7296 -1489 540
-12804 5308 -7704 7889 -3864 636
-21096 23004 -17064 -3933 334 8948
-13892 2084 -7700 -280 -3263 -804
-10796 5908 -14848 2930 6400 263
-16408 2884 -8316 -1611 2671 -2215
-11380 4924 -8632 -1513 1771 -5545
-11844 2016 -8696 -3562 1302 -4912
-11484 2372 -7768 -1384 4931 -3966
-12300 2088 -8032 -583 3474 -3235
-12656 3232 -7160 -1688 2463 -1541
-13852 2056 -5484 -2734 -1473 149
-13296 3652 -3772 -3534 -1563 1572
-14652 4224 -5388 -4064 -1285 268
-15720 4112 -7120 -3287 -1234 -1771
-21572 4584 -14648 -747 6059 13
-15964 3768 -15048 -1366 -4469 649
-10788 6828 -8572 557 -1633 -1505
-16476 6064 -9896 129 414 2620
-11000 4296 -8416 -212 -2836 1553
-12032 4244 -7556 -891 -2104 3204
-12296 3884 -5888 1833 -304 3767
-11292 5036 -4684 2252 217 2903
-14456 4472 -3776 2626 -1531 2129
-16192 2920 -4376 5662 -4087 1235
-14580 4708 -4952 5408 -2952 2188
-16660 6840 -2668 7026 -2607 733
-17712 9332 -10228 4695 2833 2658
-14548 13736 -10876 -2302 173 -1581
-6688 -2212 -10964 3653 4118 -3618
-15204 4248 -10380 3481 5557 -3051
-13432 4144 -8320 3393 3939 -3335
-12340 3272 -8692 3356 2309 -5085
-13796 1060 -10464 3300 4390 -2649
-13520 2476 -10136 2937 1571 -4370
-15016 2764 -8668 -598 946 -1707
-13192 1892 -6932 -3570 -32 -1055
-12788 1656 -7816 -4604 615 -407
-14900 484 -7824 -4214 -122 -862
-16984 460 -6960 -5062 -1965 -774
-18116 -1148 -12104 -2498 -3752 272
-18288 8068 -11988 582 -1992 -2113
-6064 10548 -10496 -3555 -4114 2783
-15588 600 -6972 -164 -832 4074
-10920 3192 -6624 -19 -2377 1325
-10908 4212 -4452 -484 -2246 1922
-12800 2344 -4248 2079 -2072 -1070
-10432 1640 -3620 3098 -1513 -3589
-12784 1108 -5548 5480 -3446 -3619
-13572 3052 -5420 4737 -4550 -965
-13512 1780 -4344 5799 -504 3410
-32768 16848 -15192 2189 12942 13076
-13400 -5276 -11680 3886 -10059 -5218
-11708 10572 -9724 6983 5522 6819
-18352 6696 -9840 1209 -3358 -3892
-9988 2988 -8976 -1086 726 -4748
-11580 4556 -8256 -3295 958 -4313
-10048 -420 -7080 -2788 2075 -3573
-12180 908 -6056 -2180 2599 -748
-15036 3128 -6684 -4014 402 1514
-13388 3156 -4348 -7742 -149 1181
-16200 2500 -5352 -6899 175 265
-19700 -900 -9752 -4022 1495 -1245
-19776 2260 -13252 1617 745 -2650
-14884 3748 -11056 2405 -5949 -5845
-7968 8104 -11020 -1935 -262 5632
-19904 5920 -8712 -104 139 1506
-13192 3436 -6248 -1229 -2670 1212
-11156 1976 -5692 1142 114 3172
-12348 3412 -4920 2504 281 2725
-12092 4256 -4204 2616 395 1488
-12648 3192 -4284 4909 593 -279
-14076 3196 -3660 5875 -215 -1843
-14400 2252 -4644 6307 -1627 -1777
-13928 3904 -4144 4789 -2140 331
-16184 4736 -2944 5663 -3771 2170
-18632 2044 -2896 5077 -2001 2485
-4740 12844 -20200 -3725 3224 -452
-21752 5936 -14256 -9397 -7691 3458
-9900 -4236 -8976 2153 -1515 -9512
-15936 4836 -9576 1593 5768 -3348
-12380 928 -8428 137 539 -5094
-13624 3156 -7440 1570 3500 -4477
-10640 2116 -7112 -1559 1454 -4517
-12824 1452 -7280 -1570 2640 -2824
-14824 1772 -8124 -4088 1400 -2426
-12752 976 -4536 -6844 -1472 -2381
-14856 320 -5732 -5768 1547 -954
-18404 92 -7516 -5212 -1176 -875
-15988 -2668 -23124 414 3287 5831
-24740 4580 -15296 2198 -3279 -3808
-5196 4376 -10672 -4313 -3733 6327
-15944 3340 -8404 5320 745 3747
-14760 4424 -8476 3368 -4328 3209
-13276 3840 -4924 2923 -3629 4196
-9876 3516 -6480 4601 -1880 4068
-10440 5388 -5040 2432 -3197 3270
-9884 3552 -3448 3226 -1810 1649
-13784 3640 -4320 4067 -437 -475
-14240 3960 -5716 2522 -3124 -1585
-18284 3612 -5208 4179 -815 527
-19636 2152 -1416 5777 -3011 -279
-17072 6296 -1752 5313 -4827 1537
-10596 9160 -11532 3129 1427 -577
-12328 8200 -20624 -1470 803 7328
-20244 2508 -10044 4277 5968 975
-12312 5512 -7312 707 -4429 -7330
-11616 3280 -8832 1100 3678 -1834
-13932 3532 -10136 -1394 2903 -3489
-14128 5272 -6736 -2400 2445 -3921
-13584 1036 -5392 -3555 1268 -1161
-15440 3116 -3692 -6320 -165 -1995
-14456 2252 -4472 -8781 -570 -1133
-15296 868 -3968 -9859 -1277 -1111
-21816 -60 -19228 1779 12294 1841
-8144 2980 -15748 1101 -3549 -4505
-10572 5476 -7308 -213 1720 6063
-19788 4128 -6852 136 362 872
-8600 3232 -7160 79 -5594 1566
-11652 3488 -4636 3145 1209 2328
-12988 3196 -4328 4066 40 608
-13248 5528 -2808 3607 -187 -541
-13648 1016 -2900 8093 -2368 -2713
-13232 3192 -7396 5075 -487 -521
-18860 6264 -3860 2916 -1226 5169
-17848 3900 -5272 4102 -1865 2359
-15012 5220 -2480 1299 -3751 2552
-1196 4820 -14120 714 723 -1834
-18364 14316 -22200 -5103 -1261 11446
-19624 4004 -9148 1495 3627 -6370
-10744 2232 -5700 853 3662 -2490
-12800 3812 -6128 -1877 1232 -3345
-11332 3952 -9052 -2605 2867 -3444
-11816 2380 -7600 -1227 1988 -3807
-13272 1580 -6684 -1203 1135 -1102
-15688 3324 -5092 -2054 -1333 -1907
-9332 1212 -5696 -1773 1076 262
-18124 3496 -7496 -59 2288 534
-16932 1620 -18872 453 2679 2764
-25832 9848 -12964 -1540 -4300 -3108
-2000 2920 -10364 -5452 -1349 4191
-12900 4252 -6900 -4301 371 1632
-12668 3920 -7260 -2523 -626 2222
-13632 2816 -5812 523 -3799 1213
-12660 4408 -4860 2899 -1437 2307
-11036 5748 -3248 1063 -2501 1577
-11724 3972 -2652 3161 -1551 -988
-12964 2896 -4940 6355 -3047 -3127
-17448 8072 -2160 4212 -316 -1906
-18812 5372 -224 3915 -2712 117
-20512 10932 -14700 3142 7453 6937
-16912 6332 -11412 -1245 -5960 -2702
-2956 896 -10200 4990 1759 -3586
-19492 7580 -8332 1661 5603 -1198
-11308 1920 -8172 107 173 -4355
-11604 1724 -6916 1091 2556 -2923
-11860 1460 -7296 -983 2017 -935
-14728 2840 -6188 -3059 1496 292
-13796 1868 -5504 -4746 -1421 1023
-13476 3360 -4664 -6135 -872 -34
-15292 1348 -7380 -4422 1431 -1020
-20136 1984 -5388 -3090 -331 -2019
-21800 1000 -17560 788 -1184 -1814
-10308 9948 -11008 2204 -4418 -4134
-12232 6108 -7716 1333 869 5647
-13808 4052 -7568 1406 -248 3407
-9900 4600 -6976 1400 -2267 2985
-12400 5708 -5092 1693 1916 4071
-12440 5440 -3944 555 201 647
-12692 4040 -5180 1263 82 -268
-14904 1344 -3408 4153 -1118 -954
-13716 1732 -5848 5534 -2335 -2210
-15424 5948 -4328 4509 -2784 468
-15488 4252 -2508 5993 -2510 54
-27048 9552 -14776 452 9620 10760
-15828 4260 -12020 -142 -4697 -4170
-4276 1328 -9896 5642 6421 -555
-19032 10228 -8908 -465 3302 181
-9972 1472 -7912 589 -43 -3350
-13492 3332 -7192 2141 62 -2595
-13192 2012 -7256 -155 -915 -2102
-11940 1944 -6180 -581 -1898 -1876
-12296 1720 -6208 -3516 -471 104
-15136 3296 -4036 -4812 -612 351
-14696 696 -5040 -4246 -1233 688
-18608 3324 -3644 -2909 259 -4556
-14044 2524 -18436 -7550 -3004 -852
-21780 8416 -11332 12 -4368 -9488
-15784 5576 -11580 -4 -1686 4384
-16200 5188 -6864 254 -2681 3695
-10188 4944 -5192 2042 -5750 1994
-10856 3772 -5764 2377 2139 5084
-12320 6060 -4284 1917 -87 1686
-12760 3824 -3212 2681 536 635
-15008 2704 -3860 4118 -589 -1617
-12576 2320 -3152 6534 -2610 -3792
-13360 3656 -4508 6835 194 -2269
-16640 5364 -3008 5606 -2486 -1291
-15596 4552 -7820 3893 -290 638
-27604 9564 -17952 -3403 -463 7699
-7660 -408 -11476 2027 -3368 -2340
-11988 5276 -9144 4975 9175 -2413
-15160 3796 -9724 208 992 -1303
-11508 2064 -9760 1821 5214 -1687
-14432 2524 -9340 849 2509 -2378
-13184 2460 -9316 359 2495 -2262
-14604 1312 -9292 326 3326 -1525
-14956 3584 -7672 -2029 -407 -1810
-12600 2656 -8176 -4018 -1974 -510
-13872 2244 -9056 -4490 -1851 1307
-14024 2144 -8484 -3732 -4291 2047
-14056 4844 -10176 -3447 -3000 3346
-16364 6376 -7148 -3733 -1187 -54
-12696 3056 -8140 -4841 -1942 -1674
-13012 1548 -7108 -2444 1981 -328
-15576 4512 -7036 -1507 1079 -658
-14444 3284 -7064 -678 502 225
-14620 3808 -6344 697 -465 161
-13972 4164 -6712 703 -115 411
-14532 4268 -6720 760 284 290
-14648 4164 -6580 521 304 240
-14432 3840 -6548 870 147 -22
-14384 3756 -6640 1216 275 94
-14756 4036 -6484 1338 6 135
-14360 3608 -6628 1748 287 74
-14816 3420 -6488 2058 393 -16
-14944 3304 -6956 2728 -89 -66
-14780 2760 -6960 4054 -551 182
-14704 3088 -7164 4963 -766 508
-14280 3536 -6740 5273 -894 617
-14584 3728 -7384 5074 -622 618
-14316 3944 -7404 4292 -793 690
-14396 4008 -7316 4260 -452 640
-14280 3184 -7260 3988 -471 569
-14512 3676 -7460 3758 180 316
-14060 3168 -7216 3242 -309 487
-14792 3664 -7680 2780 393 544
-14340 3928 -7320 1743 168 220
-14564 3624 -7632 1026 368 175
-14540 3420 -7424 791 -52 103
-14352 3516 -7372 318 -7 -8
-14440 3708 -7468 -183 81 -133
-14520 3640 -7196 -660 120 -258
-14652 3116 -7424 -748 133 -305
-14600 2996 -7528 -750 -46 -154
-14312 3028 -7468 -624 -126 -111
-14356 2992 -7384 -407 4 -83
-14464 3172 -7488 -544 24 -120
-14396 3416 -7480 -584 -65 -241
-14280 3396 -7476 -778 279 -183
-14528 3664 -7280 -1067 305 -262
-14640 3372 -7328 -1044 150 -223
-14464 3144 -7176 -735 93 -156
-14540 3228 -7084 -522 -12 -188
-14572 3252 -7276 -277 3 -109
-14516 3344 -7092 -117 -88 -116
-14548 3324 -7056 141 -66 -128
-14560 3272 -7292 240 -176 -69
-14448 3248 -7208 447 -120 5
-14576 3208 -7144 733 -205 6
-14468 3468 -7184 908 -196 25
-14504 3540 -7312 779 -173 31
-14336 3484 -7420 759 -103 90
-14416 3916 -7304 142 -32 6
-14380 4016 -7224 -800 2 -244
-14508 4232 -7116 -1947 287 -506
-14396 4052 -6804 -2842 292 -596
-14416 3372 -6980 -2965 443 -474
-14756 2172 -7364 -1784 171 158
-14848 1880 -6996 412 -328 721
-14432 2784 -6408 2267 -129 791
-14604 3592 -6832 2765 -104 772
-14352 4124 -6588 2286 -185 664
-14592 4000 -6524 1936 70 457
-14348 4236 -6812 1847 342 267
-14084 4136 -7100 1909 849 362
-14440 4752 -6964 1266 1200 328
-14380 5440 -7620 -764 940 -310
-14272 4848 -7964 -2718 828 -1035
-14108 4064 -7884 -4053 550 -1286
-14496 3252 -7592 -4227 632 -1352
-14652 2568 -7528 -3055 280 -1150
-14420 2604 -7244 -1517 17 -639
-14628 2736 -6888 -69 -445 -168
-14712 3340 -7080 936 -1003 23
-14448 3648 -7204 1613 -1219 -58
-14416 4052 -6932 1766 -1065 5
-14316 4212 -6864 1324 -910 -44
-14224 4124 -6760 886 -508 33
-14356 4132 -6788 451 -40 46
-14428 3868 -6792 130 232 11
-14532 3764 -6728 16 305 -9
-14616 3460 -6876 -33 61 -66
