-14516 4484 -6324 473 206 24
-14404 4508 -6580 394 102 -92
-14404 4588 -6924 -34 -5 -85
-14452 4612 -6476 -147 28 -117
-14340 4484 -6428 90 80 -172
-14268 4444 -6580 290 237 -71
-14284 4824 -6580 389 182 -17
-14460 4404 -6572 655 -43 -5
-14448 4524 -6572 1162 41 72
-14628 4528 -6996 1191 12 46
-14136 4464 -7208 998 70 49
-14612 4732 -6936 635 336 153
-14032 4580 -6764 514 216 -173
-14060 4844 -6756 387 144 -220
-14024 4864 -6588 197 -65 -97
-14500 4896 -6840 5 -208 -246
-14312 4644 -7068 -208 -345 -282
-14296 4060 -7240 473 -131 -199
-14756 4164 -6756 1246 36 85
-14328 4240 -6596 1096 -42 63
-14484 4268 -6756 577 -120 16
-14644 4136 -6652 452 -96 -149
-14612 4348 -6400 318 -258 -277
-14352 4148 -6624 433 -440 -256
-14296 4224 -6680 647 -446 -218
-14176 4332 -6924 647 -330 -89
-14372 4316 -6772 582 -186 28
-14296 4260 -6788 584 39 113
-14504 4140 -6716 644 85 190
-14476 4096 -6660 577 9 65
-14368 4096 -6696 660 18 77
-14372 4376 -6576 764 92 121
-14424 4388 -6604 689 227 194
-14476 4548 -6500 412 153 224
-14264 4656 -6604 332 105 176
-14556 4420 -6476 344 125 129
-14472 4428 -6508 141 -57 -4
-14416 4372 -6648 166 -80 -34
-14428 4412 -6536 242 6 -8
-14416 4360 -6736 425 20 -6
-14440 4320 -6696 397 118 -18
-14380 4432 -6768 317 176 75
-14392 4432 -6620 352 59 122
-14340 4324 -6616 389 -3 158
-14536 4404 -6596 531 123 142
-14456 4488 -6592 336 144 190
-14372 4528 -6632 241 112 68
-14428 4456 -6624 165 93 63
-14276 4548 -6668 35 61 39
-14244 4388 -6624 203 206 -48
-13900 3740 -7116 694 914 -246
-14016 3060 -7460 1839 1442 100
-14428 3540 -7272 1551 568 1013
-15412 3912 -7416 1439 -411 931
-12548 6244 -8320 -302 -28 1546
-13048 7268 -6820 -1331 2660 3598
-19216 6496 -5636 -524 670 2401
-14424 4876 -4792 -664 4 3014
-11336 5708 -5088 -788 67 3568
-13168 5708 -3664 -370 601 3662
-13216 5380 -3868 1160 801 766
-13708 5152 -4324 2510 1650 12
-15008 5320 -4784 2739 366 -380
-14720 6132 -4784 2288 -740 222
-15012 11052 -7880 -494 -1811 1860
-15332 6664 -4360 -363 -2033 2334
-15192 7164 -3620 1628 -2447 -188
-17704 11332 -8736 -10 651 -2598
-15408 7552 -10376 815 705 -6294
-10680 4208 -11020 2264 2347 -5544
-14648 4884 -9460 1558 3289 -5013
-11564 5600 -7448 -371 1458 -6331
-9940 2884 -8572 -1253 1791 -5177
-11504 1560 -7828 -1305 3646 -3334
-12384 3160 -7648 -2674 2603 -2443
-14444 2852 -5700 -4169 -233 -285
-14944 1336 -5952 -4106 -2627 -148
-14152 1704 -7408 -3018 -2631 -501
-16488 1272 -16012 3610 3555 -2254
-19188 5340 -6392 2721 -1763 -3957
-11420 344 -9832 -845 -3517 2152
-14284 6076 -12020 -1231 2167 5893
-10556 9228 -7832 -1750 -2130 2466
-13420 3860 -6688 -1521 -216 1827
-13648 3472 -6788 -2018 590 2218
-11740 4680 -5392 -1650 311 2781
-13352 3448 -4532 182 -202 571
-12644 2704 -3528 2335 1254 -63
-15048 4708 -3052 3903 -1780 -1635
-15840 3908 -3984 4314 -3859 -3095
-16076 4904 -3900 2378 -3525 471
-15864 3664 -4116 3779 -1961 1684
-21756 16392 -16764 -186 4363 1978
-12904 2276 -9120 -2448 -6743 -3898
-9512 2908 -9532 4405 8254 -1268
-14888 5536 -9052 -86 443 -2536
-10548 2736 -7668 1971 2204 -4375
-11060 2316 -8852 691 2772 -3059
-14712 2460 -7944 -919 3653 -1309
-15480 1448 -7316 -1517 718 -2049
-14920 1412 -6412 -2751 -1101 -736
-13872 2892 -9300 -2310 2953 -319
-19168 2748 -9340 -639 1574 -3187
-16900 -112 -10628 -120 -673 836
-16796 5612 -9972 -2601 -1149 2009
-6776 7392 -10192 -3485 -4256 4060
-16240 4796 -7768 289 944 4268
-13372 3376 -8056 -464 -1442 2450
-10688 5308 -6720 -1921 -1311 4325
-12280 4648 -5380 -1343 -560 3833
-10792 3800 -3372 -544 -579 2376
-13144 4568 -3408 3360 477 843
-14820 5120 -3640 3667 -4590 -1947
-15464 8996 -5436 2884 -2960 -966
-22392 9104 -11704 719 3238 6041
-14468 5628 -5572 2460 -5702 -2662
-10940 6556 -12588 5813 4623 -1371
-14736 5184 -11916 1337 3029 -1089
-13276 5172 -8528 211 -149 -4861
-11248 2712 -7384 -59 1866 -5402
-10964 1424 -7260 -35 4736 -4025
-12856 2372 -7864 -131 2604 -2572
-14156 2912 -6844 -1266 1205 -2812
-13268 1288 -6720 -2194 1225 -714
-14712 2472 -5372 -2893 -461 -71
-14492 1756 -6860 -3157 513 -613
-16848 2804 -5708 -3131 588 -1359
-15692 1092 -7888 -4504 1048 -1542
-19184 3436 -17756 -2993 2958 1611
-12564 6060 -13080 331 -6779 -2122
-10640 5464 -9320 -240 4508 6570
-15668 5404 -9152 710 -2834 3615
-12392 4756 -7860 -333 -830 4491
-11024 5724 -6504 -83 -1899 4686
-12148 5656 -5204 -1393 -1099 3077
-12636 5632 -4972 -652 339 1764
-13512 5544 -3572 1035 -1367 191
-13796 4124 -5060 3509 -1179 -18
-16316 6296 -4324 3196 -2049 730
-14048 6756 -1816 5335 -3047 -469
-13508 7308 -2756 6042 -211 -2632
-28984 14240 -21164 -4681 -521 4231
-5968 -4264 -12732 4130 -1871 -5908
-16564 9780 -8112 5615 9421 -4474
-10148 868 -8032 -1586 -442 -5008
-11284 404 -7792 3976 5884 -3681
-13460 2444 -8968 3484 483 -5025
-11960 1348 -7984 726 379 -2252
-13616 2188 -7480 -441 694 -509
-14740 2356 -6428 -3119 -2447 -1096
-14516 1892 -6080 -4384 -302 -1008
-15908 512 -6448 -5650 452 3
-20888 248 -12392 -1414 3727 -139
-19796 1552 -10316 2342 -1388 -3945
-9168 8508 -13868 -2599 -1753 2052
-13992 8084 -8848 -215 -838 3444
-11096 1988 -10972 -718 584 4684
-14408 4868 -6692 -1672 -1252 3565
-9628 5904 -6784 -2777 -1929 4310
-13400 3724 -5624 -2300 1090 3109
-10856 4728 -6252 -1764 -1125 2285
-11968 4528 -3708 931 140 1048
-15060 4952 -5288 3135 -2535 -1171
-14188 3392 -5220 3778 -2225 -251
-17132 8032 -5512 4666 -135 6
-22572 12864 -13980 -1586 7755 7081
-12032 5824 -9228 -1896 -4145 -5878
-10900 5804 -8816 6520 7924 -251
-12872 3736 -9864 2130 -618 -2043
-7956 4348 -7776 4854 2111 -1824
-13616 4360 -9700 3573 1162 -2240
-12376 2060 -8336 1697 -399 -2378
-14028 2944 -8720 1907 -439 -1936
-13804 2532 -8668 -796 -1381 -2053
-13580 2432 -6360 -2635 -984 -2033
-14148 2364 -7496 -3848 -1185 -2632
-15056 1596 -14740 -1036 3842 -1578
-20580 2312 -10224 1527 196 -3383
-15508 1712 -11272 -2592 -266 2065
-12592 8216 -11156 -4983 -1844 448
-9248 4220 -8724 -3314 -1188 4156
-15904 2848 -8692 -123 -1285 1986
-12536 5108 -6364 -2080 -4153 1638
-9812 3520 -6476 -2347 -2381 2176
-12256 4768 -4896 -1255 -1716 1045
-11004 3500 -3804 204 -911 -1210
-13144 3576 -3376 2854 -1065 -2777
-14616 2224 -3500 4460 -1891 -2624
-14992 2504 -5252 4773 -1324 -1959
-17220 8720 -5292 4192 -2040 2345
-16564 4688 -8188 4424 -5621 -114
-16804 4244 -18632 4191 4033 7087
-16096 6028 -11880 3046 -1627 3976
-12328 4460 -8336 6057 -2330 -4124
-14340 3972 -7436 5664 1121 -1774
-10380 3356 -6852 2410 1015 -3605
-9160 3640 -7152 1660 1653 -2000
-13108 1048 -7820 248 1713 -983
-16872 2796 -5732 -799 418 1499
-14724 132 -6056 -909 -1765 1438
-16504 4492 -5580 -1399 -3057 1644
-15208 448 -5700 -1842 -1757 1379
-23144 3816 -18684 4259 7258 -51
-12068 4836 -12732 4151 -6822 -1313
-11928 3192 -9252 3741 -1167 7987
-16112 4500 -8064 5195 -5948 2502
-10908 3872 -7928 5666 -2905 5293
-12892 5572 -7340 7276 -4064 4624
-13024 4772 -6720 7650 -2698 4504
-13588 5904 -6620 7311 -2296 3826
-12904 4952 -4960 7607 -1900 2400
-13928 3116 -4332 9039 -1884 2292
-13876 3984 -4620 9375 -2973 1687
-13972 5860 -5356 8288 -3038 1045
-15384 6472 -5064 6887 -2515 317
-15308 8856 -8284 3986 -1470 -198
-13256 4400 -8328 6653 -274 -5181
-13988 636 -12400 7769 2094 -1429
-11324 5180 -9236 5451 5247 1670
-17324 3876 -9616 2742 -1230 -1445
-12256 3004 -7848 4266 248 -3614
-10716 -376 -7212 3847 4082 -285
-16500 2916 -7908 2591 2589 -1100
-13196 2944 -6328 -867 -1378 38
-12944 1764 -5584 -950 -784 1955
-16064 284 -6580 12 -2296 2108
-13828 3348 -7124 -692 -1843 2832
-16436 2696 -5304 -2114 -2455 4253
-20956 -1364 -24420 7309 8005 6971
-15188 6544 -14236 9614 -6423 1259
-9140 1148 -7524 6654 -2033 9260
-17624 5508 -9984 10185 -2642 5792
-11572 4584 -7932 9247 -6980 4572
-11848 3604 -8160 9897 -4639 6051
-11672 5180 -5904 8252 -3468 4135
-12340 3736 -5208 7379 -3607 2300
-14300 1440 -3268 9631 -3802 -9
-14188 808 -4344 11118 -7407 -1522
-13848 8684 -16684 9145 -4236 1288
-20008 14760 -18736 -7147 -4200 14368
-9772 3644 -1728 385 -8608 -1378
-16040 8836 -10892 6651 15893 286
-12660 1388 -13480 2519 -1576 -1192
-10180 3484 -9012 8059 5146 23
-14772 3848 -7996 5916 -1432 -916
-11648 2828 -6600 5730 -735 508
-14456 3296 -6652 6309 -2721 771
-13608 844 -7292 6429 -1961 2081
-12404 1432 -10640 8629 948 2150
-14044 8156 -5948 3219 -2249 451
-9764 2560 -2904 -3881 -5213 1026
-15216 244 -2396 -4261 -2649 1878
-15452 -888 -7416 -2926 -4824 -1132
-9996 1872 -13336 -986 -6299 175
-24464 19148 -12044 9269 6357 -3008
-22456 9156 -11720 1086 -6666 290
-8848 6196 -4368 -74 -2116 2268
-10296 2928 -5628 639 -1799 1101
-10248 4668 -4372 2788 -1518 1724
-6980 4032 -2976 2236 192 359
-16132 5580 -3628 4423 2931 -1318
-15912 4996 -3984 3359 -1675 -3895
-16136 4816 -5292 1902 -1227 -1677
-17416 3788 -4100 3603 -904 226
-16548 3760 -6612 5230 -3271 -1047
-5932 10716 -13360 826 -2358 -2231
-16384 10492 -17096 -3295 -4751 9421
-17836 4144 -6148 5219 144 -7547
-14388 3504 -6064 3682 3748 -2799
-10276 2880 -8540 -860 4592 -2342
-13980 3852 -8244 -2160 1171 -3384
-10104 1680 -6760 -2420 4172 -1996
-15084 2140 -7600 -2072 2718 147
-13720 2976 -4952 -2218 -1185 -1333
-14624 2868 -5332 -3035 -285 534
-15456 3620 -6572 -2821 -214 569
-14948 3940 -4488 -3814 -273 321
-16692 -1540 -13844 -1708 617 849
-21472 5040 -14172 4603 -1818 -984
-5316 9264 -7416 22 -3538 2501
-14368 3740 -9012 903 3358 7700
-13808 4600 -9712 2648 -2780 1479
-11600 5836 -6432 1872 -2850 3314
-11880 3992 -6764 2265 130 2584
-13432 4492 -5260 2032 118 1477
-12680 4336 -4076 2339 -934 -971
-13804 3672 -3412 2958 -1899 -2715
-13944 2864 -5164 4343 -2875 -3915
-15756 4268 -5252 3485 -1809 -867
-16096 4592 -3536 4214 -3196 666
-19060 7812 -18188 4305 4894 6498
-15604 11532 -7944 -7367 -5160 -3331
-3640 -5904 -11380 4359 863 -4220
-17948 6660 -9992 2146 10126 373
-13640 2580 -9424 3417 3204 -3062
-11344 3296 -8880 2334 3581 -4994
-12572 1856 -8612 2145 6028 -2648
-13964 1432 -9120 1175 4079 -1405
-14860 2168 -7752 -1014 1744 337
-14192 540 -6708 -1463 -1981 -562
-16808 2016 -7844 -2374 -1161 339
-15520 2416 -10556 -5005 -4254 2051
-21424 3896 -14172 2281 -1615 -184
-5428 9440 -11272 -1763 -2303 3810
-14736 3908 -5656 130 -2903 4685
-11928 5060 -8872 162 -2824 516
-11480 3664 -6884 363 -1432 2476
-10664 4244 -7104 2140 -2111 1092
-12532 5556 -4204 1146 -2305 -731
-11356 2212 -3544 1140 -4078 -501
-14824 2200 -2392 3320 -3820 -4933
-12552 824 -4816 5523 -5805 -3102
-18524 5016 -2940 7053 -1781 1128
-15336 5316 -7824 4751 -4497 1718
-23772 20488 -20740 -3020 2025 10484
-7436 776 -13576 -2361 3255 3323
-20184 8044 -9648 -383 10271 -1236
-14568 296 -8304 447 1779 -4030
-8996 4332 -7100 1468 4312 -3655
-12492 3812 -8324 -844 4777 -1752
-13176 2128 -7932 -603 2502 -1622
-15856 2232 -8264 983 1059 -1444
-13208 3744 -6184 607 -2925 -1866
-14996 5076 -6316 -1942 -3118 -876
-13044 3024 -5272 -5677 -3655 858
-14116 3400 -4652 -5574 -2035 909
-14164 1088 -5076 -4407 -2037 -624
-20608 5332 -18888 -236 4950 1269
-15644 4824 -11696 873 -2212 -3080
-8136 4584 -5128 -917 -2133 5321
-18672 3564 -7496 2171 -1773 3772
-12532 5368 -5280 1215 -3489 2365
-11900 5968 -5316 2508 -1217 1033
-10528 4228 -4552 1710 345 -198
-11948 3556 -4244 3547 -388 -1817
-11820 1796 -3592 5628 -846 -3523
-16024 4104 -6236 6582 -827 -3585
-19444 4480 -3400 5136 -843 743
-17712 1324 -4264 5800 -2140 708
-19352 22092 -16808 -3337 4557 6249
-15800 -5664 -15336 1331 -1647 3349
-15304 5924 -6752 4948 2207 -5497
-12812 6084 -9220 3504 3912 -4168
-7168 3384 -7744 -50 2895 -4393
-12420 -132 -9132 2320 7577 -2921
-14512 2308 -8280 419 3625 -1190
-17032 2644 -6640 -1444 -121 234
-13560 2416 -5036 -3221 -1336 -848
-14340 3804 -6716 -5964 -2677 -1161
-15072 2184 -6656 -7685 -2338 -676
-17328 280 -8844 -6835 -1380 586
-20572 892 -19452 2588 3494 -713
-11336 480 -12116 2603 -950 -1545
-7828 11456 -6072 -5164 -1337 5863
-18508 3292 -8684 -275 1591 1483
-16060 5344 -7852 -1880 -217 3252
-10348 4384 -5884 -957 -3269 1539
-11164 4680 -4276 -1945 2002 2689
-13256 4928 -4532 -986 857 761
-13052 4828 -4912 800 49 -1827
-15112 3064 -4560 2143 -556 -2957
-14172 4988 -4988 407 -750 -2093
-14448 5748 -6228 592 183 444
-17180 9012 -7588 238 -981 686
-23512 17636 -13400 -8425 4464 9722
-10528 3592 -5792 -4198 718 -6406
-7052 1208 -9348 630 5767 -5181
-14840 2304 -9716 -865 4149 1964
-12840 7300 -9660 729 3343 -2725
-12140 5316 -8892 -1540 2762 -4473
-11752 4340 -8860 -1871 4453 -3604
-14072 2304 -7896 -2892 3933 -5105
-13732 2852 -7148 -4464 3112 -4003
-14792 2996 -6060 -7147 1898 -3855
-15496 2396 -6996 -7563 575 -6578
-13488 2692 -8436 -9407 -242 -6813
-22560 5788 -10704 -4440 4658 -4666
-10228 5112 -17196 -8641 -4674 -2188
-10216 5592 -6624 -12832 408 1407
-12144 3032 -9828 -7834 -577 -1446
-15368 5104 -8424 -8034 1007 -242
-11120 6760 -6160 -9281 -1069 -1850
-12388 3664 -5512 -7566 -14 -1349
-11236 3668 -5044 -5274 789 -3693
-14036 4704 -4164 -3179 41 -5713
-10200 4572 -3964 -1866 -3198 -7754
-14568 2776 -3788 -209 -646 -7659
-14528 728 -4236 -1650 -785 -1545
-18196 2800 -1456 -711 -60 -420
-15264 3800 -7476 -354 -2319 450
-21624 4472 -14632 1203 2368 7405
-19424 8812 -11556 -3448 -1911 496
-8964 3888 -9292 -4391 543 -8119
-8964 -660 -9124 -4834 4474 -2222
-14376 1576 -7524 -3044 9776 -606
-17736 3180 -7184 -5848 3288 -2769
-13496 2004 -6568 -6067 1733 -1634
-15552 2788 -6580 -6985 864 -2182
-13996 3740 -6344 -9941 -1438 -1521
-14816 1992 -5872 -10973 -1622 -855
-15948 32 -13960 -8659 2800 -1917
-18484 5448 -12976 -4645 66 -4467
-12344 3656 -8556 -8080 -4452 -3236
-9848 5812 -8420 -9881 5781 4308
-16880 5296 -6924 -6299 1560 -810
-17668 4312 -7008 -5442 1096 966
-10676 2444 -5736 -4561 -212 1326
-13056 4792 -5056 -2957 1923 2357
-15772 3156 -5000 1022 -776 2583
-15640 4696 -1992 4812 -3483 864
-14072 1180 -4212 6807 -7925 -476
-9816 11172 -7924 4936 -3250 1353
-17964 7540 -15524 3896 2812 5197
-13576 8748 -9292 995 2431 490
-7160 3860 -11436 4016 5412 -1277
-15844 1216 -10852 4458 5256 -3
-14296 4460 -9368 3771 3365 -1661
-13792 5600 -9580 1193 2140 -2557
-11940 2356 -10096 820 3244 -4006
-11872 2864 -9568 -234 4060 -3515
-13268 3972 -8728 -4609 1685 -1895
-14464 3456 -6824 -6527 -337 -1037
-14804 2184 -7744 -7587 -3564 -818
-14392 1576 -10616 -6173 -2512 -225
-16316 2256 -10496 -349 447 -3334
-12952 8104 -12012 -5542 511 -338
-11208 6492 -11632 -8981 531 4679
-15604 5084 -9336 -4215 -395 243
-13564 4096 -7152 -2409 255 2652
-13456 3908 -6568 -1040 -804 2878
-13532 4316 -4788 898 -1917 4339
-13320 5060 -4172 1086 -1877 2535
-11604 5988 -2028 2413 -2774 1068
-12952 6772 -3696 3861 -2350 -147
-12316 6776 -4744 3451 -2595 -1161
-17188 4764 -4440 5084 -941 283
-17000 7264 -4548 7047 -297 -851
-14624 7312 -12676 6671 2474 447
-23412 14880 -13572 -2689 2397 1947
-5788 -1048 -8392 5928 629 -5801
-10328 4564 -11992 5164 6456 -5726
-13284 5244 -11780 1219 251 -2740
-14408 4124 -11136 1466 -718 -4508
-14968 2608 -10656 -371 -775 -2644
-12744 2652 -9092 -860 -3846 -4367
-9272 96 -8784 530 -430 -4001
-10128 1052 -8872 664 4220 -41
-12312 4976 -6784 -3638 1532 37
-15068 848 -4472 -6189 1304 -320
-15188 -364 -6172 -4315 -3638 -723
-17056 712 -6388 -5263 -5354 813
-12264 4840 -23392 -983 7 1355
-20500 14492 -8904 -540 2328 -5235
-16208 -848 -11612 -5036 -4169 3928
-12296 5076 -6820 -3250 -7580 -834
-7024 2976 -6820 301 793 3913
-13376 3892 -4200 1917 -398 2647
-9732 4028 -5664 4320 1407 744
-15632 3260 -1996 5579 4258 36
-15272 2712 -4108 5518 -2605 -3297
-14688 4584 -6016 3360 -1645 46
-16780 2600 -3128 4640 -4144 3143
-15548 1980 -3640 8516 -2546 1960
-26572 23680 -23084 -2644 2589 7395
-9496 -2380 -7700 2788 -5129 -2494
-10120 4724 -9648 8423 5066 -4726
-12936 4876 -8716 2783 -82 -2584
-10156 3636 -8832 2826 3259 -2594
-13856 2380 -8840 627 2544 -1929
-14652 2724 -7492 -1063 1872 -2565
-13864 1904 -5836 -2228 1154 -1167
-13248 948 -3772 -2487 -1251 539
-15640 1196 -6164 -3145 -1148 1527
-17600 3224 -6560 -4451 -1801 -269
-17516 -1504 -7364 -3331 -692 -756
-25596 7040 -12888 39 2626 -1009
-8812 7256 -12112 -1624 -4188 -1464
-7812 5672 -6964 -2811 1654 5938
-18316 4048 -8936 -479 161 1659
-10724 4828 -7912 -335 -256 3098
-11852 5740 -5744 -1527 199 3280
-14408 5416 -4536 -1954 355 3020
-12080 3628 -4908 382 -1194 2127
-13860 4680 -4432 3079 -1746 885
-14644 4492 -3996 3040 -2707 1050
-16728 6680 -5096 3741 -1891 2010
-23068 13732 -9708 670 -2339 5674
-11256 7124 -6168 -734 -1301 -756
-14296 10100 -10160 2018 6497 -2332
-9536 4872 -12676 -510 2367 -158
-13652 6068 -8240 2076 5864 -2981
-12868 2396 -7812 2669 479 -5705
-10800 2312 -8084 3297 1335 -4821
-10864 2788 -6880 3116 505 -1779
-12436 3316 -7688 761 -890 -492
-12508 2680 -6288 -1771 -1864 830
-14532 3812 -4812 -2386 -2330 889
-13496 1900 -7048 -404 -1208 -1614
-15708 3764 -6028 -184 497 -3769
-19272 8312 -11284 -2558 -1561 -2136
-14728 -408 -10584 -1538 -5823 -2232
-12504 14412 -7564 -3732 3228 -501
-19596 3144 -11840 -1690 -1387 -1688
-13108 1532 -7812 -2468 -552 6222
-9504 2364 -5356 1587 -3749 3484
-11956 4052 -3372 3460 4088 4991
-13008 4832 -3396 3301 -1776 1366
-14132 3524 -4028 4107 406 -1203
-16660 4488 -4168 4307 -569 -934
-15964 2064 -4060 5090 -1640 864
-16872 5380 -7696 7407 -1563 2142
-21456 19752 -18716 1888 1169 6463
-9668 4672 -7468 600 -2834 -1281
-6996 6688 -8976 4862 7704 -4189
-15660 5884 -7776 -895 1483 -3741
-10924 3540 -6464 139 1404 -5277
-12528 1604 -8244 458 1572 -3393
-13464 3188 -7044 12 786 -1005
-12744 2352 -5416 -821 -996 633
-12552 1980 -5860 -2447 -2909 2843
-12384 3404 -6020 -3214 266 2439
-16708 6544 -4964 -3703 2628 -1317
-17112 2636 -4388 -5678 -333 -3607
-14268 4376 -6584 -6750 -2597 -3151
-9044 9768 -19328 -5962 -4355 -1939
-32548 5572 -12340 6139 4900 -971
-11924 5080 -7524 -856 -8044 3824
-11028 5252 -4272 883 -4570 2504
-9672 3272 -4936 3696 3846 5196
-11856 4120 -4160 3283 -863 2282
-10552 5584 -4320 2882 2136 1282
-17608 4408 -4000 5196 1870 -350
-16632 5672 -3776 3659 -612 -1498
-17856 4060 -2748 3925 -819 631
-18708 6284 -5340 4934 158 2904
-20336 14536 -18340 1301 1928 3097
-6676 3756 -11524 350 -2744 -2381
-13316 5320 -10096 7147 7826 -2057
-13484 4996 -8508 2596 1400 -6364
-10160 2700 -8716 2889 2421 -5421
-11952 2616 -8904 3216 4543 -4450
-12152 1268 -10484 3371 3935 -3458
-12840 2728 -9308 -161 2779 -1509
-14888 1792 -5688 -2054 1299 -853
-14304 1072 -6084 -4758 -1109 245
-15612 1576 -6888 -5758 -2583 307
-15308 1488 -7012 -5434 -2694 295
-17708 1280 -6540 -5485 -1655 -205
-25424 3252 -15376 1233 -532 -1994
-11992 7276 -12076 328 -1049 129
-7700 6100 -4944 -3025 -2247 5619
-16528 1156 -8580 1362 -252 2996
-14212 5120 -7180 779 -3799 520
-13468 3588 -6012 331 -3075 2851
-10668 3624 -4176 1060 -2423 -279
-10916 4036 -3940 1325 -943 -646
-12588 2232 -2404 3576 -933 -3729
-14088 1596 -3800 5287 -698 -3931
-14064 5492 -5732 2483 -370 -1412
-18548 4800 -2136 2614 -2388 2772
-20512 4308 -7708 2380 -491 6943
-26184 13284 -18192 -4991 -2614 7905
-7020 -1504 -10352 449 -841 -3962
-18920 7596 -7720 1917 8232 -1941
-13112 1516 -8176 -206 972 -3886
-8168 2768 -8184 1527 5802 -3742
-12528 2656 -7616 140 5521 -1996
-12272 1880 -7064 -529 3316 -2519
-14372 2280 -6504 -1575 2299 659
-15448 2216 -4664 -3208 -1064 -185
-15368 3276 -5332 -4059 -1872 -751
-15852 1704 -6088 -3870 -1758 -2286
-19800 2000 -20452 3959 8004 -615
-13996 4500 -15620 536 -4558 1397
-7576 6124 -8404 -3241 -149 6442
-16324 3824 -8620 -45 340 4677
-11836 4108 -6892 -612 -4313 3040
-11524 5132 -7236 339 -1786 3202
-14024 5052 -6272 1005 -343 3440
-11784 5792 -6180 1134 -2449 2778
-13304 4692 -4276 3009 -412 1163
-14320 3088 -4728 5260 -1626 -513
-13644 3492 -4992 5690 28 1139
-16420 5048 -4188 5085 -2620 2344
-26432 8160 -11376 2325 5137 10212
-9244 4968 -7388 306 -3571 -1867
-15184 10636 -9908 3594 3280 -1231
-11356 2876 -10528 1504 -2696 -127
-12316 7356 -8292 3227 1065 -1968
-13072 5956 -7624 1254 -949 -1929
-11076 4504 -6456 250 324 -2765
-11984 3352 -6532 -370 309 -2665
-11768 3320 -5428 -2340 -1285 -749
-11728 2804 -5172 -3782 -1703 96
-12656 4756 -5228 -5106 -962 179
-13340 4140 -5248 -4971 769 -2028
-17740 2256 -4240 -4566 669 -4934
-14300 3344 -12444 -4843 -1141 -1345
-11796 8444 -14536 -2722 1741 -3243
-25864 10524 -8188 6271 12779 1850
-16156 5624 -11864 -1054 -5578 1026
-12764 5248 -3400 -443 -4997 2109
-6708 1920 -5064 2841 1343 5336
-12544 4288 -4240 4375 4141 4045
-12424 7468 -3552 5963 -461 454
-14408 3716 -1992 5782 -1508 -2872
-12332 2900 -2664 4268 -3568 -3120
-12708 5716 -5144 4931 -1443 -985
-21008 12404 -13788 3881 6358 4923
-17708 14448 -15812 -4470 -2814 1695
-14116 2092 -8200 -2315 -5967 -1089
-13072 2760 -9836 4142 3980 -3066
-12104 3424 -8680 2877 1099 -2766
-13988 4548 -7768 2830 971 -4518
-12804 3892 -7456 1361 1067 -3727
-11484 984 -7840 1004 2332 -2725
-11676 2508 -6916 542 2239 -2921
-10552 1492 -6828 -1569 4134 275
-15708 2792 -4812 -3974 3906 1379
-14948 1380 -4336 -5999 -1424 -1009
-17112 -1772 -6676 -4454 726 -472
-13452 3476 -12364 -9843 -4723 544
-31812 3636 -12844 7328 -4483 -9886
-9880 12988 -12896 1753 -4997 4259
-12448 7136 -5612 251 -3144 4294
-11508 4828 -5284 -192 -699 3226
-10704 2488 -6060 22 1286 4152
-14508 5480 -5880 718 -628 841
-11984 4572 -3204 684 974 -1140
-14036 7396 -2876 73 -473 -1879
-13380 3004 -3276 1118 -3326 -2410
-15328 5928 -7776 2343 1688 1220
-20156 9056 -8376 457 -261 4080
-20640 12440 -8492 -1716 -616 5318
-9880 4520 -9884 1049 -273 -1627
-12692 3204 -12984 1535 2612 464
-13364 7160 -7072 1977 4438 -1867
-12164 3484 -6996 977 967 -4417
-11028 2188 -7476 849 3141 -3268
-12836 2800 -6724 832 2011 -2394
-12764 2760 -6568 -347 638 -1640
-12204 2924 -5528 -2292 -663 292
-13456 3432 -3112 -4080 -1354 544
-13232 2460 -6692 -4388 -1448 158
-16444 2664 -5296 -3868 -137 -1428
-16024 3096 -8752 -6503 -839 -531
-19812 11420 -14076 2930 8144 -7022
-17696 9240 -11128 -1520 -2750 1229
-14988 2964 -8068 -329 -1815 6434
-14436 4088 -5920 2496 -7754 -164
-7336 3500 -6396 5032 164 5369
-12592 5268 -4256 3833 -1610 1864
-10040 6156 -4996 2546 -391 653
-13600 4500 -4320 3030 1481 287
-15032 4540 -3388 3482 909 -1204
-14816 3504 -4052 4725 -770 -906
-15904 6296 -4296 4687 76 -11
-17188 3968 -2456 5469 -1513 1142
-19232 8348 -11484 3378 2244 7356
-18220 9688 -12532 -2741 -4008 -937
-4344 -1052 -10504 5219 695 -3871
-19372 8512 -9300 1682 4598 -982
-11528 2764 -9032 422 408 -4494
-11268 4320 -8372 1021 2761 -4190
-12104 1752 -7196 -337 3495 -2896
-13304 2096 -6816 -834 1854 -2132
-13380 1176 -6140 -1388 -1045 -1084
-13996 1920 -4776 -2721 -1547 840
-13700 4240 -5836 -5003 -606 1808
-16160 2376 -5208 -5578 -483 -2028
-18112 -1424 -4332 -3846 -966 -4261
-15012 1112 -14764 -6770 -2676 165
-22736 12844 -13304 3439 74 -8651
-15668 6724 -11552 1641 -2745 1017
-17040 4292 -9112 1367 -5013 4555
-7068 1404 -7144 4080 -1726 3999
-9244 5480 -4932 5124 1593 6175
-13168 5264 -4412 3377 -4760 2075
-9896 3680 -4492 3458 -26 1405
-13088 4268 -3888 4149 967 428
-15444 3268 -3320 5795 -877 -969
-16620 1816 -5236 7985 -861 -1669
-17588 5024 -3304 6501 -2841 1327
-16156 704 752 8356 -5520 38
-26988 15848 -25020 1057 13908 13431
-11028 568 -10740 -255 -1019 1788
-10016 5360 -9588 6009 8994 -4977
-14612 4908 -7528 373 -1351 -5093
-7720 3164 -6524 -685 3432 -4518
-13324 908 -8024 942 5004 -2707
-17384 2676 -8468 -1437 1179 -1065
-13188 3152 -6332 -3331 -905 -1329
-12944 2272 -4972 -6023 -1770 -275
-13496 2260 -6620 -7562 202 1592
-15376 3672 -4968 -9612 -1276 799
-16312 -532 -5992 -7742 -973 -1199
-17036 1452 -2768 -8601 -943 -2281
-21572 2204 -13024 -2907 -1016 -2360
-17432 9232 -13932 5617 2199 -6669
-18608 8776 -7868 184 -6183 3550
-10776 4988 -6588 -550 -5055 2629
-10416 3140 -6504 617 1877 3233
-15548 5816 -5860 1969 -1166 2967
-15652 4052 -4480 2749 -4716 -155
-13208 5840 -5612 3197 -745 2329
-14156 4576 -5984 3964 -1919 2227
-13476 4156 -5332 4740 -1827 1411
-13344 4544 -4556 5062 -2057 86
-13468 6708 -7976 4619 -777 -1774
-18748 5744 -7128 2509 -641 1669
-13448 2892 -6412 2661 -533 -318
-13620 7384 -5768 1952 -297 815
-12700 4200 -6580 1513 345 696
-13572 4276 -7108 1477 2182 579
-13900 5072 -5952 662 1623 705
-13944 4680 -6404 188 2125 617
-14912 5084 -6288 233 1588 1202
-14536 5132 -5988 484 1049 850
-13980 5340 -5512 203 928 840
-15136 5020 -5764 287 727 515
-13736 5236 -6296 165 675 102
-14600 5172 -6244 396 485 -55
-14364 4636 -6048 565 215 -190
-14360 4860 -6480 939 293 -403
-14588 4728 -6260 1332 -322 -536
-14340 4848 -6276 1362 -373 -316
-13884 5240 -6796 1565 -425 -142
-14344 5372 -6400 1458 -140 58
-14044 5496 -6692 797 -166 -185
-14560 5252 -6428 415 8 -65
-14344 4876 -6456 228 85 -246
-14360 4896 -6488 243 -77 -314
-14192 4600 -6584 448 -59 -262
-14460 4724 -6268 644 -124 -204
-14404 4668 -6208 713 -247 -224
-14396 5032 -6248 721 -111 -42
-14164 5088 -6500 460 -99 -67
-14400 4920 -6500 337 143 -62
-14524 4736 -6328 204 321 -13
-14496 4592 -6444 161 321 -86
-14244 4756 -6432 167 111 -83
-14628 4512 -6520 301 44 -31
-14148 4740 -6588 454 74 74
-14224 4640 -6640 604 313 100
-14180 4664 -6424 724 259 177
-14380 4500 -5796 956 288 264
-14320 4988 -6400 854 121 151
-14236 5148 -6496 409 247 48
-14380 4888 -6340 227 213 -39
-14292 4748 -6408 256 156 -71
-14284 4760 -6632 416 77 4
-14332 4872 -6432 543 -44 -63
-14252 4820 -6492 533 39 -48
-14384 4872 -6560 537 -32 -62
-14268 4936 -6304 567 -104 -88
-14260 4728 -6468 660 -129 -122
-14224 4756 -6496 665 -154 -145
-14368 4692 -6688 821 -60 -184
-14388 4552 -6420 1036 -225 -194
-14340 4640 -6624 1237 -312 -57
-14340 4780 -6640 1255 -285 -63
-14304 4692 -6448 1308 -190 -65
-14360 4564 -6620 1285 -216 -123
-14348 4188 -6456 1945 -396 109
-14860 3632 -6804 3005 -303 -251
-14640 3772 -6404 3837 -1099 221
-14144 4272 -6756 4690 -1201 554
-14152 5380 -6708 3978 -1196 635
-14296 5568 -6728 2752 -667 372
-14284 4964 -6708 1587 -332 114
-14344 4632 -6296 906 124 65
-14476 4152 -6440 1056 -135 3
-14456 4140 -6328 1156 -158 74
-14404 4072 -6536 1332 -298 88
-14524 4308 -6464 1103 -254 -25
-14280 4252 -6408 677 -133 -216
-14480 4348 -6760 322 -82 -216
-14404 4376 -6780 94 -67 -345
-14676 4404 -6512 -197 128 -103
-14304 4396 -6536 -435 143 -223
-14480 4444 -6856 -738 251 -193
-14572 3932 -6608 -524 213 -148
-14604 3816 -6508 -8 -90 -134
-14436 3776 -6312 776 -376 15
-14352 3676 -6228 1474 -281 464
-14496 3856 -6172 1808 -29 485
-14372 4320 -6436 2068 320 392
-14196 4844 -6708 1595 782 152
-14228 5608 -6876 30 911 -49
-14168 5140 -6940 -1369 613 -281
-14716 4896 -6744 -2241 388 -816
-14236 4484 -6424 -2826 366 -717
-14672 3440 -6580 -2111 478 -595
-14648 3872 -6480 -1357 -31 -623
-14728 3888 -6240 -932 -361 -252
-14508 4132 -6348 -588 -452 -140
