2292 -6740 12980 1002 -281 1454
2260 -6664 13204 1138 -185 1491
2200 -6560 12964 510 -211 1465
2284 -6496 12924 458 -193 1462
2184 -6256 13088 383 -367 1207
2216 -6348 13012 619 -282 916
2200 -6496 13452 314 -306 668
2404 -6544 13416 860 -95 488
2320 -6368 13200 734 119 191
2400 -6408 12996 966 189 -99
2324 -6492 12996 969 115 -434
2260 -6204 12968 886 107 -781
2100 -6188 13068 924 105 -1092
2296 -6112 13280 817 185 -1304
2144 -6044 13100 972 362 -1353
2180 -6224 13048 984 545 -1437
2196 -6396 13168 1016 654 -1440
2256 -6084 13132 714 855 -1399
2108 -6188 13044 653 776 -1506
2064 -6008 13120 713 452 -1294
2108 -5736 13072 1164 153 -1074
1824 -4856 12612 1260 -113 -1308
1008 -3880 10496 860 -1609 -1940
3468 -5216 12664 2699 -2350 -2095
3572 -8176 14996 -1711 -2418 247
2840 -8312 14568 186 -1039 1435
2476 -7384 13696 -721 -256 1676
2688 -6100 12952 -277 690 2232
2828 -5548 13272 -1235 1368 1914
2664 -5908 13140 -2196 1760 1751
2648 -6528 13160 -698 1758 1260
1632 -7064 11860 -1560 942 2026
1588 -7968 12296 -935 -330 3003
1708 -7052 12516 818 -1074 3110
1916 -6900 12792 847 -1214 2582
2076 -5180 13360 916 -271 1775
1980 -5700 13536 2332 132 -775
2028 -6428 12624 692 197 -1308
1604 -6352 12932 4304 252 -673
1724 -5388 13396 1173 -283 -1728
1664 -6256 13416 166 227 -2546
1508 -6568 13076 223 396 -2192
1356 -6692 12924 -114 363 -2004
1660 -6576 13072 785 202 -1489
1596 -6120 13160 444 276 -1007
1764 -6364 13076 281 -4 -1014
1788 -6424 12716 233 -592 -630
1920 -6496 12796 419 -1257 -250
2216 -6568 12992 440 -1811 211
2980 -6348 13128 1116 -2405 437
3384 -5156 13144 1167 -2289 -69
3120 -4560 13304 768 -1748 -835
2656 -4532 13448 927 -1497 -1636
1884 -5264 13508 -309 -1718 -2227
1588 -5948 12892 -837 -1980 -688
1184 -4856 10780 -1021 -2099 2038
-428 -7872 11756 1683 -4184 1706
3160 -9304 14380 4150 -5915 -209
4052 -6544 13628 329 -5168 43
1856 -5576 11096 -955 -4912 890
2212 -4972 10652 3945 -6289 -139
4392 -4228 11148 8572 -8182 -2711
7112 -3768 12724 8586 -8464 -3247
10824 -3648 17100 10246 -7390 -5240
10572 108 15736 7916 -7858 -6612
9712 -1292 12296 -1561 -8850 -7935
11216 1328 10160 -2249 -8485 -4978
10476 1600 5216 -259 -7853 -5394
10184 884 3120 -4933 -10049 -8441
13692 -816 4992 -6542 -9185 -9335
17364 -3388 11628 -4371 -5851 -7373
15468 -2904 13236 -2387 -1422 -3023
12660 -1504 12836 -6331 985 894
9684 -1968 11456 -5224 2288 2921
11348 -1952 12000 -1513 2230 3184
12976 -1568 10920 452 3141 4311
19756 -5312 13600 1844 -1671 301
17216 -3200 10724 7546 11 -1533
12044 584 7864 144 1306 6174
10732 -1212 6392 6517 -808 6362
12080 -1216 5096 2111 -1675 2130
12592 -1744 4288 -3195 -2092 210
12116 -2800 2832 -763 -3947 -595
13396 -1816 1596 5507 -7030 -3388
14860 -160 948 8928 -9896 -4405
18472 2348 1192 7660 -13092 -4717
21784 3784 3496 6763 -12904 -4277
27408 1452 3200 -1195 -13708 -6614
23300 1348 4960 -10764 -13012 -10323
16404 1136 7120 -8293 -6686 -5922
16892 792 3776 -1687 -370 -2558
15300 2116 1668 -7474 1820 -2363
13168 440 1832 -11778 2175 342
12168 -140 1760 -1987 2905 1003
11888 892 1216 3185 2393 1397
12796 1676 1936 4157 -51 971
13636 2460 2732 3807 -1870 438
13156 3008 3172 714 -2483 1897
17716 2640 3612 1524 -2383 2148
22376 3700 2880 1814 -1333 1728
22856 2932 2624 -2055 72 2809
22248 1280 3072 4801 1147 582
19596 1824 1980 4116 3935 864
19160 1008 2208 5712 3665 520
16540 1288 1344 10296 4691 160
14996 956 876 5149 6267 396
13076 640 376 2828 6566 439
12908 316 408 1909 5421 208
14036 108 -48 1822 3320 -506
14900 648 608 1608 1262 -888
19008 1500 804 718 -364 -716
21004 4188 1192 -4147 -2869 -537
15824 3288 2716 -15344 -4756 -1035
19892 1736 4108 -7969 -4368 -1890
18836 2344 2036 -4994 -1978 -4212
18540 3640 3304 -9945 -1345 -1393
17028 2864 2956 -733 -379 -414
13220 4096 2816 -129 679 -865
11496 3188 2544 -3177 -618 -1542
10584 2288 2940 -2837 -2749 -2106
12092 1764 3196 -33 -5644 -2602
13420 2128 3524 3038 -7328 -2911
14864 2896 4480 2068 -8325 -2437
19496 2116 4812 3540 -8700 -1458
23144 2548 4336 5964 -6179 -366
26496 2680 4684 3501 -2598 1318
19292 3448 5108 4225 4523 3595
15200 3364 2728 3003 10029 5635
16320 2252 1024 4634 10454 4231
19560 496 -144 7037 9359 2305
16720 484 -412 3915 8427 491
13852 468 432 4540 9118 2033
13060 1176 460 8067 7861 2253
13512 1744 448 7643 4132 104
12852 2576 1552 3194 698 -1101
12956 3092 2280 -1290 -1310 -1524
16960 3168 2656 -1081 -3709 -2377
22184 3296 2852 -3345 -5258 -2694
15732 2468 5612 -11280 -3688 -4985
20432 1524 4432 -7126 -1664 -2117
17600 1796 5392 1283 -2378 -251
20492 2040 3496 4248 -187 -15
17904 3196 1512 -8443 2839 -1646
11332 736 2356 -13192 2116 1107
8732 144 2992 -718 -1321 2829
10356 2664 2820 9677 -3778 2176
12224 3056 2980 3639 -5246 -217
13660 2024 3996 -5366 -5265 -222
19008 1264 4720 1380 -5560 1229
23164 2568 3904 8594 -6313 2110
24944 3468 4552 7767 -6323 869
23976 3432 3648 5210 -1069 376
18436 2244 2296 2636 5308 909
16392 1204 632 723 7190 1482
16904 -32 -412 2577 5936 -602
15672 -656 -1076 1918 5264 -1744
14128 -688 -712 1453 4373 -664
12896 -576 -104 3728 2970 261
12676 192 336 3189 1092 77
13040 468 1468 3378 -1204 -364
13284 1268 2272 2574 -2619 -704
17088 1536 2344 2856 -4785 -1511
18296 2484 2808 2741 -5949 -3317
20952 3628 3076 -726 -5731 -2584
23932 3376 2860 -1996 -5611 -2974
17932 2368 3560 -5184 -1691 -3721
14588 4024 2716 -4368 2781 2815
14640 2416 1668 2308 2942 2241
11980 3116 920 -5128 2120 553
11524 1416 1220 -3711 981 3128
12916 2432 1488 4039 -443 2618
13728 3640 2488 3879 -2012 2215
15248 4124 2808 3915 -2912 610
18340 3920 2928 2827 -3939 398
24760 4132 2272 3116 -4461 -53
28264 3868 1396 1186 -3065 -301
23484 3328 2304 -1222 98 148
16304 2584 1344 279 5393 1566
15000 1392 -412 -55 6666 1063
14392 276 -560 -242 5748 131
14232 -104 -1156 2219 4907 263
13504 84 -1436 5067 4316 -14
12940 916 -1080 4474 3052 45
13676 880 -908 2962 448 -514
15440 1192 -140 3214 -1034 -395
17644 2884 152 3634 -252 439
17256 3360 -68 -1448 696 -607
17300 3296 -660 -7999 -556 -2199
15940 932 -440 -10023 -2775 -6951
16076 2428 1212 -15835 -3912 -5650
22544 720 3168 -8867 -11010 -4925
17800 3448 5964 -1357 -15193 -3840
13640 2840 5096 -4127 -8653 167
13092 984 3724 -1864 -5212 44
11888 1512 4284 -2659 -4994 84
12884 740 4028 -2633 -5780 1338
15824 644 3644 6956 -1105 1869
20236 2044 2628 9538 1710 2704
22384 1660 248 13403 5388 4109
32767 2692 992 13964 4047 3046
20812 2796 1768 9041 8402 982
22844 2180 -252 5019 14132 3498
18948 776 -368 10637 15547 3217
15756 1512 -1504 6798 14548 1311
14276 1168 -1308 326 11527 -57
12164 -432 -1064 -443 8380 -1922
12292 144 -148 2541 5200 -2483
12420 -260 292 3880 2612 -1857
13196 436 372 4944 -375 -249
17436 1668 1108 8260 -5461 -149
21888 2824 1172 10124 -10404 -1247
19404 6600 2692 2211 -12243 -2966
23044 3220 -1220 -11057 -10960 -3823
18900 2596 1812 -20404 -9293 -3355
14504 4108 4620 -3560 -8677 3277
14608 3524 808 8077 -6059 4386
12444 3732 4 -5456 -4220 -603
11548 2728 1812 -17765 -3899 638
12436 452 2096 -6819 -1445 -418
12132 1972 2048 -895 -762 -47
12616 1936 1656 1731 -469 457
16572 2028 1388 2645 -2533 -7
18744 3016 2556 3719 -4170 1376
26396 2392 2208 3677 -5214 2123
28780 1776 2452 5941 -2490 -1734
19296 2868 2616 -2936 5586 1308
20460 1196 2176 7007 8956 2854
16628 1660 -380 6298 10896 53
14960 1628 -540 -230 11356 2047
14452 544 -256 -2531 11077 4261
13660 528 -368 11196 11451 -219
13140 1624 -12 11192 8718 -1791
15468 2552 264 11429 5746 -1791
15992 3052 388 6373 1889 -2761
17628 3244 788 -1351 -1387 -3012
24748 3512 864 -940 -4852 -2288
29676 1736 -1196 -5888 -9894 -5430
16512 6052 5732 -12133 -9487 -3932
14456 4868 1076 -1229 -4668 3035
10624 3564 828 -1700 -3499 -912
11380 2760 1852 -12661 -7117 -3384
13664 1320 3156 -10461 -9158 -3210
15340 2960 4840 4405 -10195 -1391
15960 3748 4752 11447 -10357 -858
16264 4628 3812 9588 -6911 1055
21412 4608 1964 6032 -2742 953
22192 4660 2044 -7467 -1654 2555
24392 1044 4792 -17376 -968 4995
23916 -24 1404 -4072 3767 4466
20672 3960 -3056 1724 10640 8146
15412 3612 -3880 -909 12406 8672
17324 2568 -2768 12009 10327 7700
15836 1864 -2928 13346 8895 2742
13900 2524 -1056 3067 6651 323
12772 664 376 -1149 4635 -496
12616 388 464 1769 4138 -842
10440 516 -16 3304 3933 -942
8640 1316 456 3853 2930 983
8472 1856 232 5432 2059 297
9648 2196 -164 4051 450 -2226
11172 1836 344 751 -1272 -4340
32767 -1276 1764 15001 -6978 -7455
20420 20724 14296 19878 -5973 -8277
24696 10188 6656 -11071 3313 -3988
15064 8228 5268 -25369 -2512 -9998
11568 3448 3288 -32768 -2529 -2345
10164 -4 2348 -15048 -6164 129
10328 -24 1268 -4235 -7916 -724
10736 -28 1148 -4862 -10387 -1818
10932 -784 1648 1922 -12170 -2408
14300 -268 1624 7397 -14107 -1388
18352 2632 5044 15098 -12693 -271
20472 4708 2992 12579 -5567 2890
32767 6444 2808 6918 -749 4329
25952 3520 2956 1952 4685 2044
23448 2956 508 13115 10285 6179
16364 3708 -664 21288 11944 5718
12200 3532 -908 3292 9959 225
13416 696 -1040 -823 11966 -2053
13476 -816 -720 2828 11358 -4199
16760 264 -1204 3771 10070 -3076
17652 904 -1092 6010 9332 -1496
15424 2012 -500 7184 7335 103
15768 2980 -52 4972 3236 502
16856 3272 20 3141 -2328 -66
20056 5448 -144 -2086 -7171 415
22180 2252 -260 -7469 -11685 -3036
16836 6452 4496 -7077 -12216 435
17536 4016 592 832 -7811 -26
14108 3656 -108 -10328 -8301 -4845
13628 3064 1692 -16943 -8435 -2743
13396 312 1964 -9047 -7967 -1070
14192 1504 2488 1835 -7446 -885
15304 2708 2444 2337 -6010 644
16036 3372 2640 -1860 -5166 1591
15028 3004 3324 -3691 -3998 1915
17288 3476 4040 -156 -3141 2778
20112 3732 2880 3018 -1839 1990
21500 3916 2668 -1816 -158 1579
24916 2256 3880 4073 997 659
22908 2412 2504 9804 6985 -33
22264 3264 692 8825 14685 1338
18940 1284 -892 7451 17793 1441
15100 1508 -1404 7939 17701 1982
13396 1308 -1384 10458 13895 -126
12240 988 -1120 8416 9318 -3310
11704 696 -712 1226 5044 -4474
13456 712 72 -1187 1342 -3531
14652 1012 304 -612 -1914 -2118
17184 2352 360 693 -6064 -1390
24528 3180 -1544 -175 -11679 635
24520 2880 1708 -2594 -17847 -5120
13004 5948 3172 -9861 -14709 75
18040 3180 2956 -2033 -11262 5060
17408 4544 904 7291 -9640 1515
15364 7244 1640 -9344 -8041 1747
14284 2672 1640 -13365 -5048 2885
13352 2020 2308 -4623 -2772 1527
12972 2252 2168 1746 -869 654
13356 2812 1544 1110 984 1127
15060 2648 1464 317 907 1513
19868 2664 1372 4603 -485 1660
25452 3240 776 7374 -2756 1379
26768 3816 3724 9255 -1080 -1788
20760 3528 1556 4253 8384 -1013
23944 3008 104 4643 14701 1316
19588 1732 -1148 4343 16171 -226
18732 1368 -1824 4553 16155 -680
15628 1008 -1376 5101 15028 -844
13568 884 -668 4406 12729 -674
12768 1580 -200 3538 9104 -837
11756 2072 -136 1443 5589 -350
12132 1056 2340 838 2534 263
14680 1132 3868 4682 427 2061
17376 1904 3052 7522 -3263 1439
18780 3268 2052 2595 -8364 -1797
18224 4724 2748 -6335 -11513 -1236
18712 4172 3572 -8248 -12080 -267
17824 4740 2312 -2442 -10695 -476
15120 5024 1576 -5155 -9268 357
12980 3628 1436 -9634 -9102 626
12908 2212 1640 -8930 -9703 161
13944 2456 2008 -3621 -9655 320
15240 2192 1592 -1032 -8948 -619
16040 2768 1956 -2626 -8039 -296
15720 2332 2612 -4058 -6670 386
16408 2144 2924 -2960 -5501 1389
19992 2796 3160 2035 -4351 1506
24776 3776 2952 1855 -1959 2309
31876 2976 1312 4655 5166 2030
24836 3332 -3004 1437 15676 1672
16804 3004 -1456 1 17699 4024
17836 -3176 -540 18945 11596 2693
11392 848 -432 6555 9159 -2347
12760 972 -284 307 7569 -1010
15192 -500 364 1310 8431 -2321
15340 592 -324 11999 7198 -2644
16184 2632 -588 7323 7048 -1906
14848 2948 -460 2743 6017 -136
16852 2568 -152 3140 2019 -978
17776 4596 424 1564 -2885 -1577
23376 3816 -580 -2562 -9185 -929
17056 4572 2596 -8020 -10940 -3961
16020 4576 1544 -7989 -8471 1793
15804 2860 1964 1216 -7574 1162
12916 4104 480 -4822 -8965 -1930
12456 3576 1548 -12483 -9340 -176
13584 1568 2212 -6754 -8878 194
14940 2852 2736 1930 -8240 -78
15968 4124 2760 2667 -7195 865
16228 4584 3536 -1420 -5847 1068
20784 4100 3740 621 -3649 875
21068 3800 2704 -403 -965 -310
30164 3344 2776 -1076 -355 1333
20272 1648 2728 4533 4714 -955
21052 3936 108 11333 11254 3614
18824 1468 -796 15110 14375 1776
15336 3404 -2336 10717 13636 1053
13620 648 -860 1799 12997 495
13828 76 -1848 8449 12348 -1345
14424 580 -692 10374 9383 -3185
13888 1132 -20 7607 5871 -3350
13744 1996 1000 1775 3027 -1899
17340 2376 556 858 564 -1652
18304 3448 672 -2189 -2480 -1745
17720 4444 604 -4606 -5335 -541
23240 2808 368 -6038 -9717 -3737
15900 5580 3324 -9326 -9562 -448
15660 4884 880 -3041 -7122 5814
14860 2564 816 -421 -7766 844
12848 4244 1280 -9571 -8370 -1662
11820 3080 2104 -11296 -8240 361
12868 1432 2788 -2847 -9068 474
14656 3524 2944 3889 -9528 -335
16836 4092 3052 101 -8459 -359
20476 3164 3240 -1014 -5555 -296
22844 2516 1624 -2126 -1905 1512
32676 1828 2580 2831 -508 332
18956 1668 3128 2922 5023 -231
16972 3196 -92 8734 9425 6042
18812 2716 -276 18126 11916 2144
15220 2104 -3084 5185 11590 -1664
18300 1900 -4024 -6089 12781 -58
16620 -524 -2808 2970 13506 64
14084 996 -1812 10295 9361 414
12872 1800 -1608 10277 6069 145
12944 2792 -804 3628 2833 203
16288 2352 -184 1810 -641 -836
20672 3172 -960 -622 -3442 -1849
26120 4036 -1416 -4544 -7414 -1517
23324 3088 336 -4359 -11418 -6804
14560 8872 2688 -2342 -7399 99
15508 5556 -856 -1421 -2875 -610
14364 4764 -900 -13016 -5479 -7139
12744 3508 1420 -19335 -5856 -3636
14104 352 748 -10274 -5553 -892
15888 1404 1840 1108 -7312 -978
16580 2776 1720 1726 -7644 305
15916 3132 2616 -4816 -7055 890
14652 2680 3500 -2688 -6186 1317
13888 3332 3240 -676 -4508 1492
14980 3564 2864 -3814 -3268 2645
20860 3024 1220 -39 -2819 3351
27836 3628 2832 10371 -2980 1936
18856 4608 -1596 8932 4337 -145
19160 4984 -4176 723 9563 646
15144 2676 -4388 -2587 8104 -390
17420 1092 -4616 257 5924 -1018
14932 1748 -4752 565 5091 -824
15512 1592 -3536 98 3223 -705
14724 1652 -2168 600 1187 -783
13972 2128 -1344 258 -425 -2208
16008 3300 -1288 -792 -844 -2085
20464 4312 -1108 625 -2660 -2543
31128 2272 -4256 459 -3387 -5862
13552 8708 4288 -3897 -2281 -3251
12956 8344 -1864 6559 920 3996
13152 6544 -2596 -1762 602 -6678
14552 5404 392 -15170 -701 -3835
16408 1492 1720 -1557 -502 424
15532 4144 1436 11732 519 925
14616 4916 1580 7743 2695 2324
14340 3052 1596 5471 3619 3229
16332 2244 1400 10917 4388 3604
16272 4728 712 13032 5813 4445
17404 5368 -484 6739 6428 5406
19336 4688 -424 6010 5608 4927
16816 4176 -776 3997 5105 3611
16404 3584 -332 898 4293 3232
16508 2900 -400 -305 2616 2105
17032 2620 436 -1650 361 1476
17588 2168 1088 966 -743 1161
17476 3364 1288 1680 -504 1234
16884 3380 1000 -318 -226 360
16404 2924 1272 -865 -668 -384
15968 2800 1372 103 -1634 -886
15948 2476 1504 -270 -2719 -1407
15884 2164 1904 -1195 -3496 -1738
16276 1960 2196 -1180 -3797 -1443
17388 2092 2656 301 -3877 -1735
17688 2248 2412 -972 -2633 -946
17816 1996 2412 -1805 137 606
17632 1988 1768 217 2212 1415
16892 2612 1552 1431 2935 1801
16108 2848 1384 1929 2590 1618
15980 2764 1488 1440 1767 1109
16080 2752 1464 1121 972 732
16324 2584 1476 987 171 229
16512 2576 1628 795 -284 43
