16800 404 440 6678 3290 1431
16208 856 620 5527 2498 1022
16124 1360 1220 3259 1114 538
16488 984 1308 915 -180 219
16692 1220 1680 419 -858 -24
17008 1512 1632 -42 -690 -292
17520 1788 1544 -1530 -526 -727
16804 1936 2056 -2038 -358 -1503
16152 2268 2164 -2931 1 -1798
17308 1840 1488 -2580 125 -3106
17616 2040 1932 -4003 -553 -3821
16164 1816 2116 -5989 -484 -2227
17720 1704 2616 -2054 -1314 -2348
17584 2988 2260 -1663 -1888 -2842
16072 2696 2476 -5999 -1887 -2413
15052 2068 2664 -3913 -1309 -1787
14296 2632 2196 -826 -1106 -1299
15448 2732 2180 -462 -2053 -1080
17012 3244 2956 2222 -3002 -666
17320 3596 3312 3175 -2201 -345
16024 4200 2976 1914 118 71
15712 3904 2160 -156 1801 304
16200 3364 1412 -337 2219 52
16552 3276 1436 469 1618 665
16120 3328 1244 2006 1003 1122
15720 3872 1488 2473 255 1194
14868 4064 1736 1704 -702 790
15812 3584 1812 1271 -2184 607
17184 3692 1932 2895 -3028 377
16468 3816 2276 2059 -2300 312
16532 2840 1976 1700 -895 -46
17228 2276 1632 2040 -26 -269
17768 1956 1528 1994 479 -95
17196 1972 1704 1370 1572 279
17072 2116 1284 1041 2959 1030
17004 2400 1044 1266 3413 1104
16648 2672 688 224 3106 990
16124 2680 884 184 2494 916
16248 2660 856 419 1481 694
16132 2660 1040 285 342 262
16136 2472 1368 668 -627 296
16184 2560 1624 1211 -1186 17
16488 2784 1508 574 -1462 -298
16584 2584 1632 202 -1543 -15
16628 2536 2144 677 -1482 -7
16716 2848 1968 1232 -1127 -98
16612 2812 2088 -95 -753 -262
16828 2404 2120 226 -190 -219
16684 2300 1948 697 96 80
16692 2364 1936 647 454 148
16548 2444 1660 830 554 255
16612 2476 1592 1123 561 328
16712 2620 1556 1115 159 458
16396 2672 1832 872 42 247
16396 2800 1908 517 -30 183
16632 2692 1872 373 -29 -62
16836 2396 1972 373 122 -51
16692 2404 1892 627 329 112
16340 2332 1896 646 522 146
16488 2352 1640 783 395 156
16300 2408 1764 595 182 159
16224 2372 1664 736 -150 216
16384 2404 1688 986 -650 77
16592 2592 1756 831 -874 75
16504 2692 2184 522 -891 46
16328 2616 2012 813 -488 39
16520 2528 1704 510 -168 14
16608 2436 1820 512 -8 193
16308 2528 1764 812 229 472
15508 2520 1664 -87 552 671
16624 2540 1312 -245 218 660
17284 2608 1420 -803 -163 818
16144 2408 1740 -1138 -536 1668
15936 2620 1552 -339 -981 644
16388 2252 1592 -724 -2190 53
16356 1644 1796 84 -2490 92
15848 1288 1564 307 -1852 441
16960 1160 1568 2621 -1929 504
18000 856 1096 2726 -2893 476
19472 120 1500 4982 -4759 23
18212 916 2280 6958 -4619 -541
16764 868 2796 3799 -3606 133
15536 948 2172 3983 -2226 -476
15088 1068 1348 2163 -1193 37
14764 768 988 1460 -1096 44
16784 1924 1332 4850 -615 -899
18488 4120 -648 3432 89 -1276
23224 3552 -1496 -1588 -662 -3736
23216 2532 -2152 -6496 -2561 -5268
24272 1596 372 -3067 -3337 -3934
15556 4548 -1260 419 416 -171
14020 4260 -3040 -7326 3672 1529
15968 3084 -3188 -7366 5532 -68
14696 2900 -2100 -6563 5423 167
12728 2668 -712 -5194 4739 1930
12176 2028 164 -958 3770 2062
13160 1912 796 3226 2547 1197
13416 2368 1280 2809 319 1285
12216 2088 2952 2825 -2303 2275
15532 2612 3996 7451 -3629 2436
19220 3496 3872 10036 -4137 1667
20040 4376 2696 5198 -2262 2515
26964 2424 2072 1670 -1477 950
18916 1460 2584 2586 1640 -2644
17468 1640 1312 1536 6371 1681
17596 56 188 8062 8122 374
16572 1016 -872 6173 8278 63
15476 -92 -664 2649 7498 226
14112 -644 -872 3504 5864 373
13900 428 72 5366 3144 1159
14804 1076 324 5631 628 1165
15584 2012 392 4747 -1145 533
19964 3180 812 4294 -3928 -59
19788 4352 1484 3429 -5392 -1872
25460 4116 -808 -1537 -5760 -1727
19732 4376 1736 -9778 -7257 -7109
13388 4408 4084 -8336 -3102 -1715
15056 1792 1032 -2146 1455 -1247
12320 2864 -104 -4624 1440 -3800
12128 2372 780 -10816 438 -477
12716 704 1464 -2796 282 999
13488 3148 1064 1599 -73 1072
13888 3880 1520 -1610 -2013 1693
13028 3300 3188 -166 -4452 2375
18420 4492 3544 4940 -5581 2871
20788 4184 2024 3248 -4643 1898
25768 2676 2856 -127 -3332 1282
25844 2260 3312 2078 71 1754
20076 2300 2372 96 5046 2341
14568 1460 2160 745 7965 3251
14836 768 1020 5401 8242 2106
14296 1352 236 8543 8027 1066
14056 1112 -184 6625 6811 880
14876 760 4 6629 4854 -146
14520 1064 -316 5081 2389 -1052
14360 1112 408 2190 -2 -1304
14420 1116 452 759 -1921 -1073
18192 2296 968 3189 -3964 -1388
19540 3488 356 3290 -4982 -2765
24028 3932 -1328 -2555 -6479 -2168
22576 4252 636 -10266 -10138 -5083
15492 4552 3560 -12546 -6213 -3299
17416 3328 1128 -7310 278 267
11848 3468 844 -8293 778 -2670
9496 2856 1140 -13925 -1279 37
11256 736 2280 -5412 -3209 -740
13700 2232 2632 4836 -3467 -1267
13808 3596 4056 4777 -3342 428
15872 4400 4220 7086 -3602 2041
18608 4764 3196 6738 -3395 2018
21964 4140 1640 481 -2392 1723
22568 2128 2152 -2108 -2358 1918
20420 1312 3164 3689 -770 2753
19740 1824 1632 10785 4014 3745
20700 2332 -628 6674 8291 2476
19708 2952 -388 2301 10312 2487
16868 2072 -556 2142 11096 1774
14240 1608 28 925 10306 -146
12460 620 144 1543 8610 -296
13592 120 148 3633 6577 -1228
15028 340 -144 4801 4662 -1846
16292 992 -368 3590 2470 -2016
17080 1352 -304 2386 -13 -2028
17560 2196 -52 3248 -3480 -1345
19092 3152 -112 3557 -7881 -1849
20008 3424 1000 919 -12249 -3486
14368 5104 3584 -3699 -11494 -947
16964 4224 1080 -3770 -7985 1719
16528 4024 772 -4618 -6005 -1477
13292 4128 1272 -12356 -5565 1344
13336 2088 1356 -9157 -4080 1181
14708 2004 1136 -3188 -4313 185
15300 3096 2184 2790 -5319 -241
14984 3988 2964 2978 -5965 391
16396 4232 3328 1208 -5138 1503
24024 3664 2228 2288 -3012 812
24212 3460 2064 1461 520 -507
22076 3424 1992 -299 5375 873
19240 2352 1316 1621 9219 1838
20556 1336 -328 5166 11099 421
18564 972 -1068 6042 11935 -795
16568 1320 -580 4245 11584 281
14140 484 -160 4037 10522 678
12796 572 -260 4153 9020 954
12672 1092 -140 4378 6324 613
13368 1260 -308 3128 3203 88
14564 1596 124 2399 -279 269
17516 3032 1048 5700 -3927 -55
18396 4396 792 6677 -4923 -1636
24232 4140 -2004 -3282 -7418 -2792
16644 4532 3048 -8065 -11697 -3289
14228 5144 4644 2205 -10727 594
16656 4048 1104 4438 -4565 -2085
16752 4888 256 -12939 -2335 -3688
13544 2648 1232 -18494 -2616 918
12840 872 2068 -4524 -2722 1965
12864 3232 1680 1732 -2724 119
14104 3836 1736 -793 -3382 644
13500 3672 2384 -2579 -4159 989
14720 3640 2908 -1097 -5338 967
20116 4024 2916 2557 -6101 542
16920 4548 3548 -61 -3511 613
30980 2928 852 -1399 -2727 4518
20036 776 2964 9972 559 -2082
18912 5176 1464 5359 8099 3311
20908 1696 -384 16599 11244 -684
17396 4012 -1604 -1343 11848 -34
16900 1540 -1464 -80 14158 1192
15188 -424 -2136 5236 14077 444
13988 1436 -1812 7580 11004 -418
13716 1764 -1352 3245 5904 93
13640 1816 -932 -1508 1595 -72
16980 1492 -388 -1633 -3713 -838
23264 2812 -908 -1409 -9257 -1376
24100 3156 344 -7528 -14462 -4661
14564 5396 5552 -7186 -13449 -1495
16760 3912 2528 4323 -5346 2199
16964 5392 -740 -1135 -2329 -2902
13436 5612 824 -18989 -2162 -877
10376 2324 964 -17155 -822 1358
13736 -164 -828 -6395 -2331 -1367
16980 2332 1220 5204 -6438 -4685
15760 4196 2740 6172 -9531 507
15208 5756 3112 829 -6231 2833
15500 4392 2400 -6207 -2763 1609
17920 3348 1640 -8703 2 556
16528 2740 556 -12760 2119 2523
29012 2528 912 -6377 -657 4080
19464 1500 2404 8166 1745 50
20832 6968 1056 4161 9682 2319
17792 6240 336 1433 12697 614
13796 5804 -1540 -5814 12078 -1380
13032 3476 -1852 -9648 8629 -3207
13536 780 -1336 -8327 3169 -5559
14648 1136 872 -8297 -1850 -5435
15292 1404 1292 -6170 -2305 -2896
15680 2188 1372 -2321 -1927 -1312
18920 3524 600 122 -2829 -2301
20652 2356 -944 -4928 -4483 -4889
23312 2712 -1040 -7107 -8582 -5549
17108 2788 1536 -10247 -10604 -5883
16504 4212 2480 -10879 -7917 283
16596 2044 528 -5152 -4032 128
13272 3000 432 -12967 -3547 -2338
12656 1752 896 -18019 -3978 -1641
13268 776 300 -14935 -4639 -913
14980 1096 1728 -10633 -7270 67
14640 1752 3088 -2919 -9302 928
16348 3552 3688 -3134 -8134 1500
20116 4296 3476 -4609 -4824 786
19728 4096 2716 -12028 -659 1256
27444 2504 3864 -6888 -758 1295
19048 3272 4296 1736 4184 -2521
19948 4412 2880 -1542 10254 738
18532 3108 1412 3741 12445 834
15208 3212 680 1269 13189 683
14816 2460 -48 883 12454 -341
14164 1816 -628 736 10754 -1019
14200 1928 -416 1138 6913 -1991
14020 1908 224 132 3460 -2673
13804 1748 1180 -606 1394 -2192
15196 2728 1168 1828 36 -2420
19188 3136 -216 -1471 -2309 -2441
23988 2848 -1656 -4050 -7980 -3027
16208 3944 3168 -4563 -11252 -4023
17224 5092 2708 -2033 -7183 762
17732 4092 896 -2336 -4296 -2275
13488 5132 1556 -12968 -5691 -4220
12160 3420 2256 -16856 -6937 -956
13304 1248 2576 -6475 -6996 -1055
14012 3336 2192 -2854 -7729 -1413
16356 3400 2712 -3117 -8385 -722
17516 3692 3816 -3270 -6309 -1412
20932 4732 3848 -4393 -4698 641
24916 4548 3292 -2033 -4757 1977
17268 4172 4756 486 -2687 2477
15288 3280 4860 3187 2172 4096
15560 2192 2028 3987 6960 1760
13896 1744 1324 5245 10254 181
11712 1812 20 -3377 10569 5692
23680 668 -692 6697 8627 -634
24352 -1496 -1040 18549 8482 -3657
18620 2900 -1304 6948 7196 -2236
17500 1664 652 -5352 7050 245
13460 1384 824 -4302 5468 2215
12332 2308 1680 1343 3313 3489
15308 3672 1788 10766 557 1444
20128 5148 -1060 7295 -3365 -1060
19012 4664 316 -5263 -8999 -1250
22784 2980 616 2107 -11618 -2094
17124 3328 2028 -3497 -8329 -2567
16788 2748 1440 -1193 -2899 568
15920 2888 36 2880 -1767 -1133
13456 2772 -172 -3574 -2165 -168
12956 2636 1088 -4816 -3894 1413
13352 2104 1156 -908 -4631 1194
13456 3396 1232 -2598 -4454 610
12432 3084 1680 -6360 -4000 243
12016 2856 2768 -7042 -3663 1319
12800 2548 3416 -871 -2705 1503
15204 3092 3204 2648 -613 911
22484 1804 1040 391 725 2130
32767 1532 3304 10112 187 -1186
22152 2792 2024 11116 3725 -1050
19252 2628 2280 8345 9025 -689
15876 3032 1136 6204 10683 -1600
15200 1676 220 2875 12001 -1589
14624 872 -680 1699 10715 -2884
14924 840 -644 242 8375 -2971
13512 948 -700 -332 6442 -2342
17656 1512 -284 2465 3598 -609
19664 4008 252 5010 419 -700
27516 4068 -1568 -3007 -4781 -1122
13304 5420 3212 -12829 -6576 -4367
14268 5836 1312 -5761 -4211 1862
14332 3816 -1204 2870 -2932 -3652
12008 4584 -632 -10018 -6910 -4701
13240 2812 1396 -15181 -9395 -2800
14468 1016 916 -2973 -10134 -156
15428 2512 2088 5477 -10311 98
16592 3976 1676 6520 -9489 1486
16648 4744 2404 -560 -8781 1757
19372 4344 2900 -3518 -6814 2705
19176 4000 2616 -2217 -4301 3008
18076 3328 2572 -1799 -3170 3408
21224 3332 5528 8002 -3437 1964
18796 2280 3112 15180 2059 -813
21856 2796 -416 8824 10036 -4390
19652 2792 -1568 102 16092 -2529
18268 1072 -1564 331 17858 -568
15708 724 -2924 6612 16301 -1472
14220 2684 -2200 7636 13283 -2575
13760 2956 -1924 4118 9705 -1886
16216 3024 -1480 1056 7143 -1958
18300 2040 -2828 -3338 4695 -2140
18524 3860 -1148 -6287 -1022 365
23432 3728 -1116 -4102 -10467 628
13584 5944 4536 -8960 -14102 -4263
14012 5688 3232 -7980 -11246 -416
14448 3060 2564 1690 -11466 -4164
13616 3872 2520 -11938 -14171 -5153
15396 608 2836 -12617 -12148 -2758
16404 236 2800 161 -9600 -2004
15308 2960 2916 2529 -7376 1064
15232 3172 3084 -565 -4601 2770
17540 4156 3952 400 -2418 2321
17800 4696 2692 -286 -87 1707
26564 3076 828 -5971 -137 2618
23460 2028 3732 5668 188 -501
19248 3172 2272 3371 8211 1722
20992 1568 2100 10458 11905 2869
16196 752 668 10335 14254 2351
16412 1600 -444 6699 14845 2677
16196 1316 -1256 9930 12976 1355
17712 1376 -692 13282 10086 -1229
16824 2108 -652 10206 8528 -2325
15192 2188 -468 2781 7548 -995
17260 2144 548 3709 4905 -708
20292 3792 -148 3625 877 -223
20820 4024 -40 -4001 -4447 -1799
14560 4516 2368 -9282 -8361 -2327
12220 4816 2612 -2344 -6762 1871
14340 4548 652 2440 -5060 -972
13276 4756 460 -6511 -7850 -2382
13740 3544 1752 -8325 -9923 -201
14624 2168 1384 -56 -9694 -666
14688 3268 2080 2813 -9391 -1035
14744 3496 3216 4010 -9692 532
15952 4248 4380 6182 -9173 750
18204 4820 4528 7377 -6873 597
21984 3232 2496 4380 -3434 901
30516 3540 4232 8546 -246 -799
19544 1936 2736 5068 8794 -451
18700 2316 44 5841 14090 1515
16724 1944 -136 13453 13958 1074
15496 116 -892 12914 12588 385
16068 -784 -1032 14038 11255 -1275
16616 -36 -976 12341 9151 -1111
17700 88 -368 9834 6792 -1430
17656 812 -308 6803 6009 -865
17824 1196 -16 4346 5158 462
19420 2264 -140 5510 3078 2102
19136 3116 -792 5998 -535 2405
16904 5784 -56 2987 -6098 3439
13188 6184 -200 6911 -7707 2991
14204 3996 -1792 -144 -5955 912
16820 3296 -132 1857 -5047 -763
16788 3144 -112 5915 -5015 280
16048 3116 76 5691 -3761 1290
15064 2140 824 7683 -2228 2212
14092 1900 1344 10265 -1522 2045
12696 2120 1436 10629 -1071 2053
12648 1908 1996 9429 -234 2601
14564 2244 1544 10707 1442 3054
17944 2828 1048 10916 2886 3551
18268 2340 208 8685 4908 4120
18400 2936 -2892 5788 5280 6673
28176 1140 -1708 10906 1716 2068
24288 -236 -3440 10239 3113 -2211
20372 1592 -1872 1487 7417 -677
17136 -328 -1908 3081 8288 -523
14496 336 -2128 3988 8718 984
15140 180 -1416 6935 8070 808
16068 380 -1248 7366 6619 771
16948 1512 -512 6550 4751 567
15252 2256 44 4894 2924 561
16164 2440 396 4956 1393 230
16732 3468 68 6443 -961 -378
19280 4812 -440 4790 -4158 -589
26688 3496 -3552 -1454 -8782 -2944
16496 4276 -124 -8955 -11407 -4748
12104 2952 908 -7093 -9490 -271
15876 1004 344 2759 -6739 -2173
17224 3972 616 -13 -6455 -3117
15680 3884 968 -8125 -4854 507
15528 2796 732 -2093 -1687 2552
15472 3228 -672 1522 690 2769
14348 1272 640 2706 1588 1888
20000 3568 1812 8033 508 4332
21312 3776 1324 10901 -551 3153
22848 6544 1552 4116 -1162 2617
24616 4520 2036 2924 -2175 3585
20008 4644 2008 10796 667 1159
16040 3240 -960 6044 6426 -178
16512 2876 -5404 -5184 6741 -1023
16316 -200 -5108 -6883 6080 -1276
15328 -1392 -4532 6173 6336 -1136
13444 -540 -2712 14838 5226 -2242
13680 -280 -1564 9934 4003 -2627
12888 -208 -372 4857 4012 -3291
12112 -728 -468 3120 5475 -2707
13420 -572 -52 5439 7149 -2028
12868 1908 -608 5699 8186 -1552
12556 3532 -2068 -2432 7792 79
13252 6156 968 -2581 4319 1370
18016 5908 1828 11739 1249 1948
27684 6828 -2608 20678 -5187 672
28224 8896 2580 -7197 -10547 -2032
17260 5228 2040 -22292 -6589 -106
10212 2768 1832 -20323 -5111 4923
8044 -424 2448 -9326 -7020 1113
10304 80 2072 -1387 -9610 -2503
14884 3004 2956 495 -12366 -4374
17572 4472 2908 -5971 -11364 -2486
20872 4584 4260 -4846 -5360 1127
22600 4380 2696 -451 626 1439
22104 5244 3464 463 3628 1275
23116 4132 3276 2144 3970 2212
20348 2748 2720 3138 5908 2476
20404 1488 2172 11495 8018 2135
18260 1780 4 11195 10586 1277
16868 1572 -1160 5923 12511 1178
15836 -440 220 5949 11777 -922
14792 1756 -2552 7471 11244 -1150
13788 2484 -1124 7497 8800 -1286
12732 2484 -676 6900 5201 -511
14716 3612 -332 8058 1273 65
17908 5056 -64 9175 -2692 364
23124 5464 -1384 5078 -6110 1346
19584 5440 828 -5956 -8410 -825
14344 5360 3024 -10197 -5892 -446
16384 2796 1364 -6379 -200 -3530
14144 4676 236 -8870 -2032 -4227
11776 3276 1144 -15539 -6658 -571
12212 1512 1588 -5407 -7926 116
13568 2680 1804 3669 -8695 -992
16736 4412 1836 3475 -10577 -374
17208 5220 3368 -643 -10476 -724
16868 5556 3544 -6004 -7957 -829
20800 4588 3764 -4456 -5566 1671
25284 4672 2248 -1050 -3983 3374
21724 4440 4216 7694 -2930 1165
15992 4120 3664 6323 5645 1202
18792 3648 2020 11025 11339 1081
19496 4244 504 10387 14519 -692
18080 3188 76 3583 16417 -658
16652 1944 -340 3965 16756 -1155
16028 2248 -168 5137 15558 -675
15104 2476 -164 3017 13495 -290
14168 2284 -276 -125 10882 267
13576 2332 -156 1127 6706 1452
14928 3532 280 4878 1747 1636
14896 4736 -272 2717 -2158 1240
16540 5276 -608 -1827 -7156 260
17276 3760 -92 -8325 -12035 -3573
17048 5676 2156 -12226 -14830 -3532
17616 4572 2476 -3460 -14514 -3197
14536 4556 1936 -8099 -12728 -4205
14428 2604 2080 -14668 -12467 -3218
15864 100 2848 -9156 -12524 -3645
15696 2040 3004 -1046 -11320 -1641
14200 3384 3704 -1243 -9635 1045
16076 4292 4984 -1521 -7902 1037
19716 4216 4836 381 -6011 502
19264 4792 5172 1076 -2456 -45
21352 4396 4424 -4039 1949 2631
29684 1672 4896 7943 6807 423
24608 2908 1544 4197 15233 -128
19604 2432 576 6537 20460 4070
18020 2272 -624 8082 23023 5597
16688 2488 -1620 5737 22593 5089
15956 1412 -1756 7146 18424 3409
13416 1780 -1208 5483 12540 770
12260 2000 -236 3358 6786 677
13596 2544 68 3811 1434 1283
19648 2272 -712 2608 -4165 296
18804 4380 912 -2108 -10466 -378
19740 4204 1496 953 -15871 1140
15532 4488 1876 1280 -17256 -1947
12652 5160 1552 -2324 -15682 785
17180 2396 316 -2005 -15934 -1289
19044 3320 1780 -2880 -16243 -3882
16300 3232 2208 -4475 -12533 -1415
15192 2488 2188 -4835 -7631 1478
15072 2976 2648 -2939 -4549 1485
14612 3996 2396 -3854 -2740 1702
16660 3932 2456 -3722 -1731 2058
24800 3348 1892 780 -2090 2558
23916 4060 3020 6789 -501 695
20004 5244 2484 4276 6058 1304
19416 4008 2028 3271 12383 657
22188 2512 -296 6295 15244 -1206
20028 1428 -1412 6201 16782 -2368
16604 1304 -1344 6382 17071 -267
14656 516 -1200 7866 15145 396
13788 1280 -640 9452 11604 228
12832 1288 -708 8630 8389 -265
11496 1968 -320 3536 5196 -536
13560 2152 -468 1214 1300 -24
15608 3768 668 4284 -3455 -616
24256 3820 -2716 3392 -8754 1672
20484 5464 780 -3688 -13370 -2521
17700 7544 2088 -6092 -11386 2988
20468 3536 -812 -6202 -6243 2073
15576 3984 -96 -13157 -7831 -1878
13552 4052 1620 -14050 -10276 -190
12560 1532 1348 -5978 -9982 -120
13656 3052 1860 -474 -9493 -679
14696 3844 1824 -1734 -8859 -334
14992 3172 2344 -3860 -8270 -176
15376 3276 3032 -2367 -7634 484
19804 3800 2720 -455 -6854 1522
20912 3148 2268 574 -5127 1334
32767 4184 3640 4839 -3924 1607
17480 3224 3572 4059 4713 -3023
16880 3684 1392 2117 13637 4296
20340 2628 220 10397 17955 578
18600 1404 -1432 6869 16794 -1990
18692 492 -1652 4269 17996 -677
17104 268 -1732 8819 17680 29
16704 964 -1368 10660 14738 -1218
15464 2580 -696 5309 10784 -1380
14060 2452 -280 -1520 7168 -1551
15404 1964 220 -1593 3391 -1857
17128 2932 -696 -1484 -1320 -2510
21780 2876 -1656 -6261 -10336 -2738
15724 5268 4076 -4604 -15340 -3111
15480 6708 2080 3761 -12126 1582
17068 5972 1072 2048 -9978 -612
15984 6208 1484 -7771 -11950 -625
14960 4136 1728 -9081 -10985 493
13236 2140 1024 -7822 -8746 306
13484 2036 1528 -4645 -8239 -38
14740 2288 2520 -535 -9686 -73
16016 3364 2836 2502 -9674 77
16816 4360 3916 -543 -6905 -114
18424 4040 3780 -2916 -3031 236
19244 3864 3008 -3666 643 297
29052 3340 2224 -3952 1387 3028
21544 2248 4132 5681 4838 -553
20876 3860 1996 9242 13217 2357
22092 3972 400 12872 17733 1610
18716 3444 -892 4536 17760 763
17332 1748 -1008 1877 18214 1061
15208 868 -1228 4830 17384 1234
13564 1652 -1224 6245 14110 1281
12748 1948 -900 4184 8328 1069
11620 1776 40 1632 2290 126
13068 1948 1016 2846 -3576 255
14952 3916 1916 6996 -7422 697
14800 6060 1832 6877 -9806 987
18040 6540 976 3500 -11957 1316
21772 4320 -1628 -5383 -13357 -3114
22164 4812 952 -12560 -14517 -3884
22160 4260 1816 -5686 -11247 -884
18092 4752 296 -6312 -5324 -1209
12716 4544 1000 -14575 -3639 466
10772 2396 1780 -13448 -5185 856
10984 1944 2212 -6062 -7085 -209
12804 3512 2336 -1211 -8539 -161
14900 3780 2560 -907 -8751 -132
17068 4176 3524 322 -7469 224
19960 4536 3860 4103 -4254 491
29388 4476 3272 5233 -659 358
21960 3576 3460 5256 6270 -2108
20800 4292 1324 838 13186 2979
21916 2164 2084 8488 14630 2234
21060 2256 -556 16756 15298 1020
17676 2600 -2016 12457 16727 -1100
14124 2400 -1376 3373 15726 -225
12112 1236 -1164 535 12871 561
12484 1084 -1040 3073 8946 376
12464 1464 -364 3565 4734 -717
13688 1776 192 1781 1320 -988
16416 2380 440 2170 -533 -31
17168 3280 -4 1775 -2146 1157
23456 3372 -1760 136 -7639 3091
18364 4012 1468 -1622 -13721 54
15384 6668 3268 -3233 -13940 1618
17696 4000 2724 19 -11712 1089
14544 5928 2176 -3223 -11185 -1704
14344 3968 1220 -13219 -10628 -100
16076 1684 1764 -10021 -10619 -412
15588 2936 2680 193 -9103 -954
15484 4052 2456 153 -5020 -173
16100 4428 2300 -5851 -1762 911
16956 3740 2788 -6124 -216 1920
19008 3864 2220 -450 1309 1324
20688 3524 1500 -1691 1966 304
28304 2860 3716 681 452 -595
19612 3068 3872 3952 5062 -765
19388 2376 3200 9665 12202 404
17844 2932 1040 7927 15672 1166
16184 2580 -160 5968 16926 1074
15704 1580 -816 4577 15806 941
14660 1556 -836 7201 12992 443
13528 1984 -492 7455 9054 -170
12016 2632 108 4284 5917 -352
13448 2396 172 1292 2071 601
16332 2520 468 3045 -3108 537
19840 4624 604 2877 -8860 1532
23776 3240 -1244 -3236 -12767 126
16336 4492 2356 -11922 -13350 -2137
17352 3568 1568 -3057 -9678 1801
17720 3332 900 -313 -7549 -1488
14696 3696 972 -9437 -8413 -1620
13920 2344 1860 -8207 -8607 415
14100 820 2088 -595 -8215 227
14580 4120 2248 -790 -7804 803
14996 3272 2676 -1504 -6595 1125
16132 3508 3364 -1474 -5730 701
19968 4140 3220 1774 -4082 1113
22088 4096 3152 1907 -1354 -579
20216 3036 3020 939 2158 598
23868 2264 2192 8186 6612 578
24864 2884 100 9765 11399 -1589
20760 2616 -608 3640 15593 -539
17704 2496 -288 402 17771 1462
16168 1136 -956 24 17573 1217
14520 792 -760 1727 14897 562
13392 1152 -632 3842 10986 611
12284 2052 224 2346 6739 343
12324 1720 968 1325 3145 301
14540 2300 1248 3934 -609 509
18764 2312 112 5020 -5704 672
19148 4480 1428 5590 -11431 1114
19900 4468 1884 5369 -14007 543
15288 5104 1952 -1216 -10897 -1837
18112 3140 -1000 -7491 -8427 287
21240 2464 464 -7357 -10248 -2520
14916 4500 2744 -4099 -10958 -1116
11608 3492 1504 -4345 -8110 1620
13492 1504 976 -6139 -6868 -255
16072 2192 1696 -5353 -7782 -1934
15916 2696 2564 -4545 -7815 -862
15576 2896 3156 -3842 -5594 1817
18344 3260 3116 44 -2302 2618
18332 4156 2208 -79 1218 1388
22532 4200 2304 -1531 2212 2506
20632 2040 1500 3716 3950 466
24332 2468 1428 9225 7081 470
23656 2840 956 16202 10716 -555
19428 2668 -864 12495 15213 -1747
17376 2652 -2164 -1097 16654 -344
15760 -88 -2032 2835 17461 735
14628 608 -1868 6331 15245 858
13852 892 -1580 9242 11882 1092
12756 1736 -872 8062 6742 1486
11940 2772 -324 3559 1653 1776
15428 3356 552 1006 -4061 2199
17188 4664 1632 632 -9269 801
24512 4920 -892 -1364 -12910 -823
24084 4744 608 -10216 -14955 -7388
15328 6412 4248 -13456 -12283 -4810
16652 3540 1208 -3447 -5616 -3025
14264 3496 532 -6951 -5334 -4364
12172 2464 1052 -12039 -6119 -2636
12708 612 1612 -6567 -7096 -1221
14252 1656 2012 2052 -7836 -665
15316 3852 2760 3185 -7610 1059
16452 4532 2832 -1379 -5675 1150
17688 5060 3596 -5339 -3803 1772
19340 4296 3464 -3009 -1536 2443
22956 4672 3272 -1341 184 3221
22984 4152 4064 6429 1892 2956
18524 4540 3108 11450 8105 3025
21124 3944 288 13745 13066 594
18796 3128 -588 9172 14697 -1878
16832 2472 -768 4899 15007 -1053
15992 1264 -1312 4852 14597 -442
14932 1424 -1400 5125 12143 -674
15068 1656 -1196 1837 8130 -382
12844 1360 -512 -1030 4537 37
13700 2168 184 1310 690 1163
15572 3496 116 3259 -2426 -174
17960 5220 -728 -2300 -6763 -1668
22564 3148 700 -7925 -13122 -6029
14288 5400 3648 -14086 -12874 -2843
17100 3360 3100 742 -9154 1856
16652 4660 2896 12726 -8971 -1312
16876 7500 2512 81 -7200 -1718
17180 4444 2508 -5984 -2339 -1243
16700 4008 1904 -3409 1542 -690
16068 4256 1608 753 2915 1430
15736 5188 1500 862 3200 1083
15952 5880 1488 -2101 3363 1011
15616 4656 1404 -5113 2949 -12
16476 3808 1584 -4671 1456 399
17556 3504 1940 -186 -126 788
16060 3524 2260 1595 456 512
15884 3576 2140 667 1279 578
16692 3848 1932 479 1253 300
16160 3804 1776 -1469 1030 420
15932 3336 1996 655 313 786
15972 3740 1852 2342 -505 484
16328 4152 1980 1044 -1513 131
15796 3640 2368 -124 -2672 -564
15688 3448 2652 64 -3417 -952
16292 3460 2652 679 -3299 -1122
16784 3296 2460 835 -2460 -998
16900 3048 2392 1138 -1492 -508
16464 2904 2164 1708 -482 -33
16388 3076 2104 2145 214 295
16544 3424 2016 1425 472 350
16540 3524 2044 566 915 555
16724 3604 2028 673 1366 850
16340 3800 1880 273 1461 786
16128 3664 1812 -378 1313 563
16256 3588 1868 -127 1236 494
16224 3400 2012 91 1099 461
16024 3428 1820 535 552 292
