-14912 1216 2512 -67 -25 128
-14644 872 2752 117 -63 28
-14700 912 2844 305 73 -3
-14676 1200 2716 265 162 -15
-14788 1036 2672 290 78 -115
-14948 1004 2644 491 17 -165
-14644 1140 2696 495 -37 -144
-14892 1152 2592 537 -66 -66
-14764 960 2636 477 -56 10
-14788 1240 2816 600 -111 1
-14852 1084 2376 403 -137 -6
-14792 976 2772 335 -180 -14
-14600 908 2748 434 10 69
-14696 956 2460 548 -7 35
-14632 1080 2580 467 166 64
-14856 1000 2792 476 47 53
-14872 964 2712 567 91 16
-14640 988 2596 561 187 73
-14904 1056 2512 518 203 32
-14728 1020 2648 464 140 13
-14796 1084 2584 576 155 45
-14608 1016 2584 593 134 96
-14672 1036 2476 627 99 85
-14744 1204 2624 488 -309 58
-14932 1128 2800 90 -448 190
-14496 1052 2692 373 -423 198
-14792 1148 2560 264 -398 230
-14528 1284 2440 241 -489 228
-14472 1216 2672 258 -415 217
-14528 1188 2768 272 -328 101
-14616 1152 2956 292 -124 91
-14484 1088 2796 328 2 75
-14508 1204 3052 382 111 29
-14620 1208 2920 437 150 22
-14540 1120 2868 524 202 12
-14516 1184 2676 586 366 -26
-14684 1200 2732 582 306 -15
-14696 1184 2840 448 169 -37
-14652 1088 2664 485 90 -82
-14648 1168 2812 508 144 -67
-14736 1104 2808 442 82 -52
-14672 1140 2708 532 95 -37
-14764 1152 2672 506 125 3
-14600 1124 2732 526 172 19
-14720 992 2644 545 239 90
-14544 1032 2828 597 297 69
-14464 924 2700 694 349 -60
-14088 272 3116 1091 487 -230
-14436 -16 2224 1290 919 -346
-14700 368 2872 1228 758 -412
-15728 1032 3424 326 810 -167
-13128 1344 1796 -179 1332 288
-13548 2944 1820 -1147 2211 895
-18920 1060 5016 -1467 1912 603
-13224 1640 3344 -451 2602 1048
-12716 1136 2396 -180 2303 686
-13640 2036 3012 159 1494 301
-14468 1764 3524 557 409 4
-13868 1300 3176 725 -119 -656
-15412 1244 4340 1282 -1153 -1724
-15380 1496 4760 1628 -2106 -2580
-18608 2360 3356 1606 -2712 -3137
-17912 1652 3080 2213 497 -1136
-16548 -2488 -72 4531 -559 -2331
-14136 -920 -1308 3938 1443 -1023
-15020 -540 1172 2634 629 -1027
-11868 -364 264 2296 474 -144
-13116 496 1600 1029 47 717
-13692 -212 1708 168 142 1260
-14244 -368 2520 -715 98 1817
-12932 -132 1924 -1112 -302 2716
-14320 -800 2788 -1217 -1931 2546
-18716 1756 4432 -1520 -2979 2069
-16684 -3020 1524 3058 2891 1812
-20420 6692 2192 -3792 674 3091
-10980 2432 -1256 -1278 -1832 1401
-17512 3180 40 -2366 2884 445
-16044 3700 2216 -315 2396 53
-11676 972 1664 -284 1805 -426
-10456 1404 1168 -209 1309 -1202
-12116 2296 940 1113 1220 -1378
-15072 2872 1644 866 511 -1498
-15536 2700 1640 893 -942 -1943
-15648 1880 3408 247 -2839 -2594
-12824 1680 3724 601 -3357 -2403
-20416 2020 2716 1796 -2995 -2559
-21088 832 -248 -273 988 -36
-13536 -2624 -40 4195 -963 537
-15424 2340 872 2215 -1133 897
-13360 -504 -560 1405 -535 820
-13596 48 2228 1165 13 796
-11804 -388 1208 1896 -353 450
-12900 -184 2124 447 -99 254
-13084 -684 2620 25 -460 301
-13760 -100 3300 -334 -849 478
-15632 -904 4252 -654 -1205 570
-17124 -900 4836 341 -1211 625
-16524 -276 5128 -968 -2795 1902
-26308 4080 5448 -2918 -4962 2403
-8292 2632 -3324 1399 3737 1498
-15428 1784 868 754 4069 646
-14336 1664 1456 -164 3372 -521
-12444 2796 1084 1934 2572 106
-12784 1516 908 2389 2588 -89
-13100 2488 756 2397 3067 -67
-13784 2764 1764 2205 2020 -57
-14616 2876 1016 2079 1275 -808
-16652 2440 3332 1661 66 -1993
-17212 2656 4700 1452 -460 -2614
-20756 1400 2948 2814 -712 -3598
-22964 2060 -2560 35 3158 -1530
-14352 -1532 -2676 2072 62 -1788
-14948 492 -3260 2821 2361 -80
-15920 -840 -1588 1778 495 -560
-11216 -288 -972 2013 -97 -467
-11488 -136 -1680 2491 28 -96
-12400 -220 -204 1780 -164 -679
-13556 80 392 1285 445 -707
-14976 -416 772 1871 839 -1020
-15164 -8 104 827 1048 -447
-17184 -868 848 -447 -586 1884
-19500 320 2932 -1841 -2161 3766
-22200 308 2148 -1852 -911 5035
-16608 3240 -4492 -2562 2264 3762
-10936 3968 -2044 -3721 53 3019
-13632 1988 -1340 -2759 -1337 610
-14136 2816 1116 -1866 -696 -224
-11288 1276 612 -876 -1669 -1299
-9156 1344 1268 726 -1473 -1859
-6728 240 956 3009 -2480 -2667
-10524 1060 1852 3890 -2127 -3501
-15372 2628 3740 3379 -1844 -3098
-20956 2980 6408 1775 -2755 -2132
-17260 2372 6300 -454 -4918 -663
-26408 2916 3872 -1670 -1878 1068
-16512 -4792 1284 -209 784 -64
-16096 -144 -604 3592 1580 -805
-14492 4 -1100 2012 1173 -970
-13616 -328 372 1665 969 -654
-12516 -904 612 1977 676 -151
-12372 360 1180 611 969 289
-11712 480 796 -950 681 1093
-12552 -124 736 -1684 662 2313
-14836 -544 2228 -2373 -1072 2659
-17996 -392 4700 -2413 -1956 2965
-17828 -484 5680 -2214 -2378 2970
-22624 2200 4156 -3575 -3649 2320
-11016 5736 -2220 -3558 2736 1879
-17812 1956 2492 -1763 1934 1403
-11528 880 828 -2187 1504 49
-12344 1620 1428 446 1816 -383
-13308 1288 1420 1193 1067 -920
-14652 2592 2544 1616 1954 -632
-14428 2512 3168 1777 795 -391
-13216 1644 2924 2245 -820 -1139
-13320 700 3044 2746 -1217 -2378
-15972 2280 5172 2090 -1510 -2469
-15092 1580 6296 2220 -3507 -2586
-25148 904 3188 3443 -3028 -2686
-12560 -20 -3468 1909 2306 -632
-17976 812 1412 2747 1405 145
-15384 -96 880 2782 -448 32
-11168 -368 332 2129 -413 -525
-11656 376 880 2168 -436 -480
-12252 652 1444 1058 155 -47
-12680 -100 2808 201 -568 287
-12964 -244 2548 214 -652 803
-15772 -124 3492 -1012 -725 1555
-16628 40 5468 -2027 -1188 2060
-17264 -264 5900 -1993 -2792 2435
-17556 2516 4316 -4051 -5115 2521
-17212 3936 1096 -3732 1879 2643
-12640 5164 464 1194 4430 2126
-15100 -232 1520 -2630 2718 114
-10240 2424 1352 -1621 3250 -519
-13932 2252 2156 249 2569 388
-12564 1124 1880 354 1719 -422
-13880 1964 3268 633 1984 -666
-13580 1928 3712 1483 391 -711
-12520 1244 2716 2520 -212 -1575
-16648 1620 5380 2008 -1800 -2457
-14796 2144 6604 2284 -2558 -1998
-22112 668 3628 4145 -2563 -2807
-19280 324 -1984 3353 1575 -1293
-15284 -2104 -1500 2793 4949 -313
-15500 1152 816 1917 1358 86
-9100 -304 -996 1959 -224 880
-12796 364 100 949 -2 895
-14872 712 716 477 307 1253
-13768 -348 2324 426 -109 1458
-12384 -116 2324 486 -801 1345
-12916 152 2168 -149 -493 1524
-15180 48 3700 -730 -1326 1465
-16864 -348 4600 -200 -2239 1137
-16132 -52 6112 -990 -2633 1195
-18888 1104 4076 -1867 -4177 630
-16384 4996 -4240 -2232 1939 473
-18344 5456 2112 -1335 4676 2173
-12744 716 652 -900 1669 1331
-10496 964 804 538 2681 -271
-13548 2368 860 2009 2784 -661
-11648 1676 992 2723 1402 -965
-14412 2268 2888 3058 639 -1464
-12552 1700 2284 3615 107 -2055
-13632 1432 3104 3641 -467 -3167
-17188 2452 5084 2596 -1339 -3666
-18532 1476 6520 2638 -2348 -4066
-18748 1648 5064 1988 -2053 -4102
-20076 -1968 -1732 4960 -1039 -3794
-15672 -2092 -6860 1798 4009 -998
-20096 -152 -316 3890 1443 166
-15272 -1028 -2312 3036 -1112 43
-15896 620 -812 407 927 776
-14560 884 212 -593 510 1659
-11844 116 708 -1575 -171 2006
-10200 -164 920 -2123 -412 2224
-8492 80 1068 -2372 -1230 2256
-9144 -4 1664 -2167 -1657 2184
-13948 -960 4252 -910 -1840 1169
-16860 260 5236 -308 -2066 1025
-19764 1696 6744 141 -2451 1997
-24392 2576 1368 -53 403 666
-10172 5272 -2820 -2186 4542 649
-18708 296 1228 -2011 1132 70
-12596 684 1188 -2042 506 -1049
-11964 488 1548 95 478 -851
-13640 -140 1996 670 806 -861
-13240 840 2044 1906 1429 -758
-13932 1488 3356 2286 959 -356
-14412 1404 2616 2254 -106 -978
-16336 1028 4188 2490 247 -1587
-17892 -84 5536 2862 -1234 -3088
-21092 1216 3028 1998 -21 -3385
-17200 1360 -3236 -525 1261 -1465
-15668 12 -3656 1689 2467 1097
-15656 -1484 -2352 1329 1159 1123
-14140 588 -1168 840 290 1294
-13272 -444 -728 1186 -113 1466
-11584 20 -132 734 -1115 976
-10544 104 -8 672 -916 749
-11612 608 876 -350 -254 844
-11744 532 1688 -554 -560 1271
-11804 224 2044 -2050 -1562 1471
-16996 308 5224 -3495 -2235 2005
-16512 -212 5908 -2362 -4418 2439
-24652 3004 3520 -1253 -2379 2401
-18152 9340 876 -5068 2267 4442
-17236 1028 -264 -3019 -155 2324
-14776 3004 1604 -3991 2955 520
-12208 2344 596 -2824 2773 680
-11584 1876 236 -1796 3530 124
-11876 1680 1712 -193 3211 -487
-13804 1972 2588 690 1970 -629
-13724 2764 3568 1866 348 -353
-15284 2724 3564 3278 -1891 -984
-17936 3476 3668 5372 -1184 -1055
-20524 2264 2060 7499 -2556 -2075
-18932 1112 -1180 4824 -34 -20
-13596 -2248 -3900 5902 439 -168
-15856 532 -2260 4014 1949 -448
-14524 -2728 -1712 4170 1253 -611
-12864 -1136 -404 3696 -376 -899
-11360 -116 -556 3575 -1011 -478
-12800 -128 -136 2361 -885 74
-12896 -624 1088 1046 -1643 434
-13076 -676 1960 -401 -2488 475
-12188 -1892 2288 -829 -2268 303
-14660 -376 2720 -2316 -2736 57
-13444 1184 4216 -3989 -5795 11
-18492 2272 2220 -4672 -3448 -1126
-23768 6440 3352 -2245 1035 -245
-20916 3640 2496 -2 4872 2014
-13332 3188 2432 -2123 4230 1631
-9144 2648 584 -709 3421 1845
-9768 992 -1052 274 3184 453
-11716 1624 -432 142 3615 -1115
-16968 2928 2760 512 4532 -1397
-16112 1236 4176 1610 1411 -1927
-14912 2100 2680 2164 -185 -2321
-17436 1856 5896 2070 -2153 -2599
-18336 1824 3216 2498 -2523 -2554
-22724 2712 1060 484 -46 -654
-18904 -2736 -2684 1743 -1114 -582
-15176 -304 -5104 3188 832 -116
-17412 1624 -3260 2067 734 711
-14292 -252 -1404 2974 -967 731
-11040 -400 -1632 2796 -2022 178
-10576 468 -932 1832 -1567 285
-11980 724 1064 1129 -1320 360
-11732 372 876 256 -1572 867
-13352 336 2080 -213 -1609 1292
-13560 508 2244 -1280 -2354 1651
-13464 224 2748 -1342 -2077 1702
-16316 460 4868 -1167 -1393 1447
-13580 100 3508 -1941 -3815 804
-19260 3808 1344 -4932 -3353 31
-19456 8120 -144 -4327 5134 3308
-20024 1208 1104 -4982 4486 3640
-15976 3280 2360 -7552 4712 1719
-10740 1592 1832 -4895 2219 1497
-10900 1216 -980 -3133 3524 853
-13744 1456 1004 -1416 3554 -364
-14272 1072 1892 273 2259 -1117
-13712 1248 3200 2064 1507 -1864
-13896 912 2580 3871 37 -2857
-14824 1692 3472 4351 -1786 -3724
-15228 804 3440 4751 -1685 -3914
-21584 1828 3532 5204 -1320 -3407
-22788 1260 -3432 3407 1310 -1242
-14284 -4280 -2612 6367 2223 -487
-17528 512 -1732 6244 476 -540
-14284 -1552 -1884 4930 247 -39
-12832 -1224 -564 5379 -115 469
-10872 -616 -1628 5404 -495 559
-12064 220 -592 3922 -41 763
-14008 496 -92 2499 560 915
-14700 388 360 780 1205 1602
-14156 -768 1160 -278 -283 2186
-14856 -1356 2084 -878 -3297 2244
-16316 -988 3772 -365 -3128 1852
-18464 1168 4160 -1472 -1949 1843
-21236 4564 156 -1014 302 1734
-14392 4084 -4500 -372 5911 2303
-13756 3312 -2556 -2520 3040 738
-15220 2620 392 -2153 394 -434
-12992 2976 -284 -1303 1231 20
-13680 1772 244 -160 590 -306
-13128 2020 792 760 -680 -798
-12980 2488 1536 803 -1354 -714
-12976 2672 3268 374 -1932 -629
-12536 2876 3184 161 -3835 -562
-16748 2060 5096 1429 -4150 -932
-14924 1008 5416 1661 -4967 -1634
-21036 -720 4536 3637 -6087 -4147
-22952 3968 -1356 1745 -813 -1923
-9348 -2228 -636 2859 2170 -293
-18168 540 552 3701 628 -1189
-13932 504 -1188 2948 853 -1246
-13956 856 1380 1223 1843 -162
-12856 872 992 1099 711 931
-11252 1112 1196 -18 1765 1336
-11116 308 1544 -1437 1595 2092
-12204 48 1680 -1595 -73 2531
-14348 -312 4116 -927 -249 2622
-17492 504 2900 -999 -1108 2358
-19064 2836 5736 -4098 -3215 2023
-22356 6560 2012 -5390 -3893 2419
-13252 4992 -3032 -2887 1475 1782
-18384 1692 1000 -2301 3309 907
-11564 1688 1060 -3074 1936 -456
-11396 2336 1940 -1720 2080 -760
-12012 1568 1724 -660 1855 -1102
-13752 1908 2020 1097 2355 -1402
-14452 1736 2516 1880 2032 -1678
-12712 1820 1520 2287 397 -2224
-13664 1472 2704 2205 -1325 -2744
-14744 1768 5880 1669 -2879 -2591
-16192 1024 6104 2070 -3649 -2572
-18224 3016 4244 1819 -2417 -1764
-22552 -2396 736 5339 -3266 -2036
-13544 -4732 -5204 2905 1590 -867
-18264 1852 2128 3596 1665 62
-13752 -532 604 3465 -141 273
-11396 552 496 1352 552 729
-11892 92 516 1044 333 1237
-12076 352 292 343 715 1606
-12736 232 2360 -63 722 1870
-11888 -836 2320 -546 32 1523
-14132 -376 2892 -859 -669 1128
-16808 444 4852 -735 -2365 978
-17544 236 5776 -308 -3516 715
-20160 2580 616 -731 -784 275
-16152 7776 -188 -5601 6209 2254
-20216 2564 1276 -776 3413 2339
-13824 352 696 -3739 2559 125
-9620 516 1000 -1404 1806 -424
-10108 220 284 65 1824 -108
-15260 1476 1276 1973 2748 -1088
-16004 2272 2904 1905 2047 -1005
-12952 1952 2172 2360 -230 -1245
-14104 1208 2380 2350 -1172 -2293
-15728 2424 4360 2359 -1671 -2430
-19464 2200 4220 2696 -1379 -2803
-22896 888 1624 2638 -141 -2836
-20096 -672 -2000 2180 -1226 -1783
-13436 -1468 -4548 3198 920 22
-15572 -300 -1888 3117 317 -135
-13480 356 -520 1952 -1186 97
-11712 -368 -144 2098 -1185 472
-11440 -680 692 1108 -583 674
-12268 -492 1264 1081 -547 664
-12352 -488 1672 998 -368 1032
-12596 28 2972 548 -1017 1242
-12216 364 2588 -519 -2934 1519
-14132 -216 3280 21 -3159 1750
-16448 512 6204 -868 -4036 1872
-32768 7148 5912 -5687 -4902 1927
-9012 3548 -1672 -1441 237 2917
-19760 -1096 1608 -2251 859 974
-13064 1928 2040 -1892 2343 -105
-11180 1380 1264 252 1776 380
-11976 1376 2152 1188 1048 -63
-11996 1528 3008 2113 1204 -794
-12772 2624 3680 2764 1290 -740
-14416 2988 3676 2943 -653 -1738
-13548 3232 5452 1220 -1255 -1738
-16192 1044 5900 2381 -3244 -3679
-15396 -316 4148 3869 -4589 -4108
-25720 -1472 -1616 4238 -1281 -4081
-17228 -3112 -1172 2922 3902 -3998
-19560 1932 4204 5880 1563 -2374
-11620 -1688 376 5395 -1481 -1755
-9936 1544 1008 2114 511 -1207
-11360 -132 1312 1928 1397 -220
-13000 636 1472 811 1821 733
-14308 52 2252 -663 2661 1680
-14136 -732 2196 -2067 2019 2553
-15776 212 4456 -3051 436 3047
-16720 1272 5324 -3593 -27 3708
-19800 2444 5164 -3790 -1281 4073
-19988 576 -1772 -319 1257 2791
-9748 2644 -3376 -504 3672 1080
-17228 772 -1044 -2561 -125 -886
-13336 1224 -640 -199 892 11
-15500 2712 992 632 932 1234
-14396 1148 1724 698 -359 520
-12672 1872 876 654 53 -124
-13500 1852 2024 968 321 -933
-13400 2028 2592 1047 -541 -959
-12364 1744 2364 1269 -1528 -1610
-13648 1732 3016 1417 -3220 -2509
-12788 1672 3176 1115 -4457 -2430
-14176 1876 6516 2588 -5859 -1700
-31676 -3208 3908 8029 -4133 -1796
-5500 -2832 -3356 3074 -591 -1619
-29784 2808 3228 4118 2610 593
-13112 -772 -1064 3535 1925 1157
-10556 -1016 -288 5065 3475 901
-14972 888 -540 4654 1521 78
-16404 1900 -672 2101 1315 420
-16752 1472 328 284 251 1546
-14752 708 -96 -1343 -1589 1763
-16184 576 928 -3002 -2759 1626
-17096 2788 1680 -3555 -740 1953
-13984 3736 1756 -1441 314 2801
-14472 1636 1592 -3107 -2642 1302
-13900 2924 2188 -3088 -2232 472
-13824 2924 2120 -2004 -1296 754
-13712 2160 2864 -2666 -938 446
-14348 1796 3520 -1929 178 490
-14592 2132 3588 -1213 1074 359
-14188 1896 3844 -1765 1461 167
-14388 2332 3388 -1863 1836 -206
-14492 1928 3440 -1950 2046 -313
-14416 1524 2960 -1533 1952 -384
-15172 1252 3136 -1110 1570 -381
-14524 1216 2748 -313 1251 -368
-14940 1096 2460 -295 1075 -359
-14976 928 2144 -105 963 -297
-14960 1028 2460 72 798 -156
-14916 804 2172 458 435 -113
-14600 1024 1728 736 598 -57
-15096 1116 1848 844 906 145
-15176 976 1764 959 444 103
-15072 856 1832 994 208 -24
-15108 1192 1776 1072 -66 -54
-14948 1100 1820 871 -253 -63
-14936 1268 2420 893 -303 -166
-14868 1128 2220 660 -488 -250
-14784 1172 2180 459 -627 -165
-14620 1092 2256 316 -643 -163
-15072 964 2304 599 -809 -173
-14704 1172 1916 759 -1315 -171
-15140 996 1956 578 -936 386
-14612 1116 2232 95 -707 731
-14496 756 2876 291 -376 820
-14816 1404 3396 1308 -449 166
-15088 1432 2988 2058 -953 264
-15152 648 3516 3990 -1846 -441
-15084 716 1860 4527 -1964 -83
-14280 1160 1856 3147 -1945 -786
-14240 1044 2652 2539 -1625 -1005
-13548 1688 3524 2823 -1562 -1220
-13108 2048 4448 2939 -494 -1855
-13804 3576 2800 1328 646 -1782
-15664 3268 3032 -792 1938 -220
-14580 2268 2588 -2106 2336 752
-14320 1820 2728 -2395 2775 772
-14752 1880 3304 -2013 1241 438
-15580 2036 3904 -1560 92 445
-14452 1656 2740 -653 -518 504
-16752 792 3616 91 -690 -210
-13172 828 2008 -40 295 37
-12040 1796 2200 -431 814 -22
-14260 1172 2528 -196 723 -12
-14460 772 1968 136 1476 -214
-17236 636 3020 -108 2318 -348
-14292 -424 2004 81 2373 -526
-14600 -324 1964 740 1693 -1029
-15344 140 1712 981 885 -1144
-15844 388 2012 641 981 -752
-15060 432 1552 711 907 -221
-14948 -52 1192 684 459 -137
-15144 420 1360 515 175 -136
-15156 416 1560 267 235 166
-15068 576 1292 139 173 326
-14932 600 1396 11 277 569
-15120 792 1632 -242 149 852
-14728 1096 1216 -769 -152 1030
-15156 972 1064 -794 19 1123
-14924 1360 1292 -905 -62 1019
-14988 1304 1272 -1148 -151 1003
-14996 1168 1552 -1194 181 784
-15068 744 1428 -1083 363 883
