-14724 -4588 -224 383 51 -8
-14704 -4680 -188 329 -40 -59
-14704 -4592 -228 324 -15 -81
-14660 -4644 -196 303 24 -110
-14616 -4832 -256 333 114 -146
-14744 -4820 -180 395 182 -175
-14544 -4724 -344 409 119 -157
-14692 -4820 -428 411 69 -151
-14624 -4848 -260 360 33 -143
-14652 -4904 -284 369 2 -149
-14572 -4872 -288 380 -32 -137
-14648 -4828 -236 405 90 -120
-14552 -4892 -404 388 61 -76
-14620 -4740 -396 379 115 -80
-14572 -4932 -304 298 47 -69
-14676 -4940 -328 272 22 -62
-14628 -4952 -484 249 59 -43
-14620 -4904 -372 308 118 3
-14596 -4900 -380 266 48 4
-14584 -5048 -304 271 99 95
-14668 -4800 -324 280 64 53
-14712 -4888 -484 302 78 -4
-14572 -4984 -316 396 155 -27
-14664 -4940 -432 519 154 10
-14800 -4844 -580 501 63 60
-14648 -4896 -452 626 110 51
-14620 -4840 -476 473 -14 42
-14724 -4888 -488 510 -5 -37
-14656 -4820 -248 412 -28 -11
-14652 -4912 -380 330 -8 36
-14720 -4868 -364 226 -22 32
-14632 -4968 -452 298 -15 58
-14600 -4980 -620 304 -73 80
-14604 -4760 -480 341 -68 65
-14680 -4896 -416 293 -164 63
-14688 -4860 -400 343 -130 55
-14708 -4832 -396 347 -99 102
-14840 -4784 -624 398 -4 198
-14616 -4808 -472 329 -142 154
-14648 -4724 -264 304 -91 141
-14504 -4728 -512 305 -120 189
-14632 -4836 -440 360 -69 272
-14712 -4740 -460 334 -79 306
-14684 -4820 -316 292 -65 238
-14676 -4728 -616 351 17 211
-14732 -4552 -444 327 -75 140
-14616 -4660 -260 420 103 38
-14656 -4712 -308 754 316 113
-14648 -4780 -432 690 176 74
-14592 -4572 -396 1219 509 -152
-15004 -4652 -464 905 125 492
-14060 -5828 -700 1720 347 620
-15048 -4032 -596 2692 251 715
-15152 -4068 -408 995 4 248
-14992 -4300 -596 679 -516 49
-14772 -4600 -296 380 -497 663
-14712 -4860 -500 641 -207 1266
-15072 -6236 -452 267 -370 4336
-18524 -11304 -60 21 1806 13569
-32768 -15844 768 616 5201 25625
-15860 -14636 7672 161 6221 24602
-2716 -10372 -144 -1919 5578 1054
4536 -7652 2156 -996 -2534 -14894
-3260 6532 4016 10021 -7273 -24874
-21972 21080 -15184 16749 -10419 -18841
-25816 32767 -16620 3784 4014 79
-18188 -7684 2140 1953 11371 6582
-19196 -4960 -4088 -394 7061 5818
-21064 -340 -3556 2256 -2429 3874
-29724 -4156 -536 1400 -8417 3346
-18164 -8892 5672 -635 -4508 8575
-17012 -12372 -18032 -3552 4548 20517
-18008 -3264 -5720 -7887 7217 26834
-20340 -13788 5112 2240 4933 16654
-9732 -10800 -372 8849 6593 -3669
-3668 -7916 972 4059 -36 -23556
-4712 -1332 712 -3036 -6584 -32768
-15128 6672 8252 -3637 -11231 -32768
-32768 32767 -6480 -11375 -12984 -3005
5652 -14468 -8228 13463 16593 12995
-32768 864 32767 -4664 -13045 17375
-16436 5776 -9880 -1486 8794 12777
-14560 3024 -4756 0 -2359 4876
-26292 660 4828 -5429 -7344 3104
-22040 -11220 5812 -4028 -3340 5554
-22212 -9328 -5288 7286 1465 17642
-19392 -11860 -5560 12133 7194 24658
-22516 -15216 184 10242 7521 19668
-12952 -11248 -2284 13871 -1218 4520
-5484 -2124 -9812 -1802 -10444 -17423
-11424 -944 -5392 2706 -8614 -32768
-14012 3824 -6472 -212 -5144 -32768
-18612 9692 -2596 6027 -8751 -32768
-29276 24288 -14308 -1855 -12599 -17503
-16616 4528 -20684 5565 8500 970
-25200 -13412 32767 17504 8071 6247
-15464 9020 -748 -3375 9943 13709
-16532 -7864 -13064 -2559 2687 3212
-18744 -8360 -9552 272 -2235 3733
-19388 -9924 -2588 -1559 -2517 7105
-19012 -9180 -804 -12681 665 14435
-28216 -21824 -1024 -16672 8483 28189
-26576 2072 5936 2966 14902 32767
-25736 -14180 -88 8320 14172 22986
816 -11844 8696 -12336 -7200 5119
8304 -11444 4516 943 -18974 -26878
-1268 -9168 -5896 12622 -16942 -32768
-14960 1616 -10328 9933 -15766 -32768
-32768 26532 -19596 4716 -14340 -30425
-21916 32767 -15360 -21464 -1634 -654
-32768 -32768 2340 -10445 -695 25744
-2664 5612 -15380 13538 14542 9780
-19976 -2048 -5296 879 6266 8047
-16892 2356 -2932 -498 -1960 4970
-21260 -2044 -2980 -2218 -6079 2385
-25324 -9204 8284 -9128 -8101 4542
-24640 7384 -1824 -1612 1704 12250
-14948 -10312 -2076 1106 5084 20280
-17000 -4776 -2072 7123 8165 26081
-24520 -12984 -2552 4445 9653 21797
-12472 -6424 -4308 3388 2141 5872
-2860 -2644 -5324 -1664 -6022 -15571
-7840 -2092 -2748 -3940 -5486 -32037
-7600 -1592 3552 -5735 -6959 -32768
-22796 7468 -104 11540 -7738 -32768
-31016 30144 -11152 730 -11930 -27996
-16668 28296 -7972 -5765 1027 5367
-32768 23568 -6000 21903 -6090 24226
-27008 25772 -21764 -16675 9610 11266
-19780 -3556 -10604 -1075 4153 8285
-20888 40 -3776 -280 -3867 4787
-27152 -6248 3472 2372 -4881 7188
-16180 -8788 1048 1378 -2314 10530
-17560 -2460 -7288 -56 4941 17654
-24676 -7184 1028 -249 11777 27449
-23204 -6988 4748 350 11347 32767
-16316 -15244 -900 3880 769 20170
-1272 -7076 -4900 4082 -5619 -2431
620 -6076 -5724 5547 -12519 -27374
-4644 -4356 -5960 2431 -13592 -32768
-11400 -5328 1016 -3004 -14595 -32768
-32768 13308 -5368 -1692 -13488 -32768
-27128 32767 -11116 -12685 -4759 -8710
-16728 -32768 8996 21298 9887 22214
-5992 18308 7696 6595 22726 21059
-20720 -2128 -14792 -5348 6290 13667
-20304 720 -7532 -1237 -214 6117
-23316 -5100 -2464 -942 -6195 5335
-18548 -11464 -1640 -685 -5070 9638
-17984 -4316 -2744 3782 1755 14627
-18576 -2832 -2464 4063 10798 23003
-22704 -4652 -280 -2852 8196 29765
-22248 -12260 -924 1159 5278 16692
-13140 -8352 -4284 -5467 -4036 2324
-4116 -6156 -1672 -2743 -10780 -21020
-7188 -4616 -2636 3879 -11057 -32768
-11540 -392 -2512 -2687 -12808 -32768
-27700 7500 -6384 4687 -13015 -32768
-29560 25772 -17632 -9014 -7973 -22211
-28976 2400 10708 14961 4626 6140
-32768 9184 -32768 14106 32767 18721
-14664 2728 1164 -11406 11337 18834
-16812 1584 -5152 -1657 5128 9299
-17180 -1660 -4352 -3424 -709 4882
-19612 -4084 -6844 -3591 -5590 3980
-22216 -7152 5380 -4131 -4522 9003
-21088 -14504 1200 -2140 145 15243
-24736 -1052 -4980 5343 8611 26786
-23728 -16272 6168 9204 9246 23613
-24164 -15048 -1176 14226 10534 17414
-11492 -724 -10716 16555 6004 -2476
-6152 -5856 -8208 8368 -2147 -22232
-156 -4848 9708 -3420 -17062 -32768
-4812 1704 5376 -1172 -19539 -32768
-24476 14844 -3720 -5204 -19569 -32768
-32768 32767 -9524 -11514 -17020 -14672
-17536 28140 -13956 -2512 1552 9966
-16976 -32768 -32768 8652 29855 -4060
-16996 32767 13756 -15904 9224 13988
-19448 -416 -14944 -13698 -2170 10311
-20160 -704 -2268 -518 2160 2099
-19512 -3944 -3732 -3096 -2393 3477
-22760 -8764 -7788 -907 -1198 9403
-18272 -12344 3008 -1999 4899 17146
-21816 16 -6960 384 13446 25255
-23032 -11148 580 -10663 11892 27445
-9324 -15440 6176 -1172 -2049 12191
-4592 -8016 -2284 3107 -3907 -8539
-7844 -2924 -1052 2990 -11669 -24767
-11796 -1328 -2948 -2069 -16562 -31997
-11340 -752 532 -5578 -15104 -31615
-28304 13088 -2884 5711 -10465 -32768
-23476 21628 -18484 1665 -4888 -11763
-17344 32767 -11508 8502 7438 14220
9732 6492 9668 1762 18151 23893
-14908 -1624 -4988 311 7962 12931
-18832 -876 -2776 171 -96 8741
-21732 -5160 -4812 296 -2858 5805
-23296 -6912 3572 -3114 -3811 9658
-17508 -7792 3348 -469 755 14973
-20712 -3788 200 6422 8325 24446
-20904 -916 -1192 5734 11171 26804
-15692 -18408 1352 -934 -107 14377
-6840 -14856 -2452 -2429 -5803 -1063
-8352 -8560 -5732 10601 -2754 -26179
-16156 -2708 -4380 12704 -3571 -32768
-19324 -684 1168 -3392 -14216 -32768
-22456 6872 -1960 -7686 -16487 -32768
-23984 27796 -7396 -9550 -9912 -15770
-16420 30448 -7560 -505 1909 7695
-32768 -32768 32767 -12491 17346 32767
-21016 -1564 -12580 -10844 6928 16797
-17876 -2412 -7564 256 468 7095
-21200 -4444 -2268 -207 -5119 6095
-24524 -9612 3112 2813 -4951 8104
-14916 -17184 10040 8428 -631 11905
-20472 -8736 -5496 4301 5997 24520
-23524 892 1168 -4457 8596 29587
-20836 -17940 3372 -10450 600 21321
-8848 -12632 -1112 2775 2903 893
-9836 -4012 -3664 4927 660 -21991
-16352 780 -3284 6936 -2984 -32768
-15448 2544 -4504 5753 -5703 -32768
-17792 11640 -2996 6364 -9377 -32768
-24840 25344 -10708 3371 -9964 -21816
-17692 22020 -9252 -4187 -464 -803
-27260 -32768 32767 -3122 -15897 32767
-3600 6248 -14964 -521 11120 23840
-15840 484 -8544 -303 6442 13071
-16628 3784 -1592 671 -154 6734
-25400 3380 -3604 -1130 -6724 3815
-18220 -3068 1544 -5683 -5111 5777
-15220 -8396 -940 -1081 -572 10803
-18536 -7928 760 -549 3422 23550
-26860 1056 -3820 3769 9243 30924
-24052 -16688 -552 16118 4906 19974
-11628 -9960 -5912 -2023 2044 8587
-44 -6912 1436 -559 -6026 -16057
-4752 -2816 644 -3268 -7669 -32768
-10908 -2192 3160 -9556 -10110 -32768
-22028 3776 4036 5429 -8189 -32768
-32768 32512 -16980 8396 -8339 -27956
-17968 32767 -6332 -18343 -1693 7986
-3584 -32768 -28556 25922 22916 22474
-424 -4804 2880 10263 18098 14544
-17516 -432 -5320 -2380 573 5887
-22148 -1276 -3588 -1257 -6694 3089
-25096 -7132 456 -1280 -4866 7586
-15044 -7360 -4364 -2527 -2037 12407
-13660 -5536 -232 684 2788 20452
-21212 -3836 -4208 1637 8464 29706
-30784 -6936 1980 -11188 10601 30442
-13420 -9020 628 4086 2968 14296
1468 -6964 -3732 1466 1217 -7543
-1968 -8808 2508 901 -6162 -29794
-8056 -6272 -824 6584 -9896 -32768
-15364 -6296 596 6333 -14875 -32768
-32768 9244 -8172 1214 -16397 -32768
-22908 32767 -12616 -8572 -4814 -8758
-32768 -28124 32767 2859 3525 32767
-4972 15184 -23208 -415 15935 12989
-18344 -5608 -13252 -6473 3504 10508
-16864 1116 -8376 -1637 -4833 6172
-10944 -25092 -1404 7234 -4249 2731
-22196 -14308 -2508 1208 -4232 9224
-17672 -2936 -816 521 1716 18386
-20764 -9952 -1864 8908 7906 25884
-24408 -3956 -6272 8648 13037 30703
-24888 -14264 -3796 -1573 5100 17781
1800 -5908 164 5428 634 -4460
-1208 -480 -2444 4036 -116 -27294
-6272 -140 1288 3120 -5926 -32768
-6944 3432 1008 3280 -10632 -32768
-21612 2496 -4092 9342 -15795 -32768
-32768 32767 -16692 -8357 -11780 -19906
-32768 32767 -25860 15876 5541 20805
-32768 10468 7672 262 14833 29902
-14656 4252 -2124 -6262 9434 15108
-17208 1564 -7300 -1455 1626 6941
-21476 -1172 -3096 -2106 -6374 3428
-25288 -8812 -116 -2746 -6213 6569
-15688 616 2352 1100 -2777 11242
-20432 -196 -7132 135 2300 18567
-19900 -5772 -1672 2251 6319 28422
-30448 -10884 3816 9891 6731 24119
-13772 -1492 -8660 7844 8031 8069
-160 908 -2388 -5739 -1262 -6819
-356 -2444 2412 58 -1270 -24799
-5348 -2828 12 4530 -5016 -32768
-8268 4056 1028 -5662 -12465 -32768
-29512 3312 -2636 3525 -15703 -32768
-25136 29936 -12372 -4671 -4716 -15312
-32768 32767 -32768 -32768 8492 15104
4216 32767 6788 -28706 19934 30994
-13620 2036 -14264 -4419 6378 11217
-18712 2204 -3132 300 -842 5172
-22568 -1072 -4108 163 -7240 3194
-21020 -6900 5120 -2219 -6387 7382
-15992 -4304 56 -663 -1222 12802
-18012 -96 -4864 5844 4894 20668
-20528 -11332 1468 3894 9689 24492
-19400 -11572 -1148 -3546 7742 21626
-14340 -8008 -1356 -874 1584 1967
-7956 24 -1880 -2771 -1772 -17178
-10360 624 788 -638 -2870 -29928
-8316 -548 -236 941 -7639 -32768
-13104 3956 -1768 4051 -10144 -32768
-24356 15476 -8980 7023 -7551 -31572
-22128 24136 -14260 -768 30 -7274
-13200 6136 32767 14554 -6668 17578
-20180 19756 13184 3343 22396 15777
-20552 -2324 -6580 -471 5187 10207
-23168 -3988 -2800 -408 -2970 3662
-25104 -7096 196 -4369 -5286 7419
-15996 -7148 320 -8808 -3733 9783
-19448 2128 -380 -902 2829 16205
-13320 -6016 1460 -1948 9346 21855
-15684 -9556 5048 -20412 2499 24142
-18076 -14036 3704 72 -2635 12723
-13088 -7344 -5020 7165 1110 -4937
-9752 -2256 -3208 4432 -1539 -23846
-10016 -984 1072 -2034 -7503 -30877
-8512 -2580 1280 23 -9605 -32768
-28024 9396 368 22429 -7207 -31453
-18004 24688 -24120 -9518 -2106 -16285
-32768 32767 -32768 -30308 19011 19446
-23084 32767 24140 -24134 21137 22253
-15436 -2864 -14356 -2267 9115 11544
-18852 872 -3364 581 -757 4719
-24972 -3872 -352 -1529 -5682 2148
-22580 -9056 -3472 -1726 -5241 6177
-13148 -5948 1116 -2868 -846 11249
-18156 -3688 -2244 3958 7823 20106
-24756 -1692 -168 2346 11075 27460
-29152 -18016 -3856 -4402 4854 21062
-9176 -8576 -3000 -11959 4105 6440
-652 -5284 -460 -7234 813 -18837
-3568 -3616 -1732 1527 -2331 -32768
-6776 -1416 728 -2633 -9720 -32768
-29184 9908 -1156 3114 -12049 -32768
-28632 23824 -7968 -1493 -6750 -20165
-15160 26168 -3940 8614 4916 6118
-32768 -32768 23172 8651 19730 32767
-20148 1476 -1204 -2183 8985 19491
-19016 4316 668 2321 786 10595
-19440 1972 -4300 290 -3701 3154
-20976 -8 -6200 -8213 -6065 3319
-18680 -6504 2428 -11626 -3198 8088
-20420 -10384 2420 -9289 659 17615
-17140 -2496 224 2333 5446 23077
-21080 -10104 2496 16647 7324 21764
-16716 -14476 -10048 8773 3657 5952
-2560 -5900 -5392 -4786 -7533 -11317
-3624 -5108 -3232 -2637 -10873 -29412
-10204 -6404 -2228 2334 -8594 -32768
-23588 -2788 4032 11123 -8257 -32768
-32768 11420 -13580 6135 -12163 -32768
-18308 32767 -8200 -1642 -251 -2856
-6620 -32768 -32768 340 5799 28845
-16256 10324 -13972 -4953 14846 12325
-15536 1532 -11744 -3620 2763 6593
-16724 -1444 -2736 650 -1146 -1585
-15180 -3316 -3268 -2996 -3710 -3565
-14184 -5076 836 -529 -2088 -2229
-12996 -5448 -3396 221 -504 302
-13508 -3928 -2200 -832 515 1757
-14492 -2076 -1500 -631 924 1910
-16272 -4992 -4720 -2182 290 1629
-16452 -2776 -1988 764 -1514 -102
-16776 -3876 -1580 -19 -2475 -342
-13796 -2240 -1816 1213 -1931 -2222
-13252 -3320 -2788 -1117 -1910 -2848
-14448 -5996 320 141 -638 -1499
-15472 -5632 -1700 1411 93 -299
-15360 -4412 -1284 381 -761 436
-14904 -4184 -2040 437 -419 231
-14628 -4728 -1036 338 -321 205
-14876 -4592 -1300 283 126 551
-14948 -4680 -1680 -224 -205 731
-14564 -4132 -1348 239 193 795
-14408 -3724 -1548 273 17 452
-14900 -3948 -1836 167 -167 -143
-15120 -3912 -1336 -127 -367 -347
-14804 -4308 -1368 58 -369 -744
-14788 -4384 -1420 -180 -470 -547
-15056 -4432 -940 -341 -639 -376
-14904 -5120 -1444 -328 -592 -489
-15424 -5964 -256 332 -453 11
-15000 -4452 -1092 129 -616 413
-14836 -5008 -572 63 -421 419
-14836 -4472 -544 -147 -395 573
-14936 -4360 -1216 273 279 396
-14768 -4344 -988 21 -142 383
-14848 -4248 -844 299 -57 159
-14912 -4100 -804 62 -241 121
-14984 -4616 -1172 -546 -898 610
-14896 -4584 -1040 205 -108 240
-14732 -4412 -1132 3 31 215
-14804 -4264 -1128 431 -50 64
-14992 -4168 -632 386 9 55
-14968 -4336 -1004 423 -65 58
-14844 -4192 -940 514 150 27
