-14912 -4308 -1840 394 -371 15
-14972 -4196 -1864 477 -190 -25
-14872 -4364 -1744 459 43 -33
-15024 -4248 -1916 518 -57 29
-14952 -4196 -1808 493 -92 38
-14952 -4160 -1864 474 -134 25
-14880 -4188 -1820 363 -208 -74
-15060 -4140 -1796 294 -154 -192
-15024 -4120 -1780 153 -289 -266
-14852 -4364 -1684 215 -96 -375
-14908 -4504 -1740 268 -38 -254
-14852 -4400 -1748 405 161 -201
-14904 -4464 -1784 396 332 -97
-14884 -4384 -1808 609 293 -26
-14960 -4428 -1888 350 52 31
-14820 -4508 -1768 264 108 6
-14840 -4396 -1736 256 120 -29
-14976 -4548 -2120 160 -108 -114
-15424 -4652 -2212 717 515 -522
-14916 -4804 -1784 696 185 -108
-14812 -4204 -2120 545 204 -71
-15232 -4192 -1692 653 51 -257
-14992 -4364 -1908 32 -843 -381
-14748 -4676 -1756 342 -387 -85
-14856 -4988 -2024 180 -448 94
-15064 -4788 -1928 812 -770 607
-14788 -4360 -1164 523 -704 815
-14616 -4156 -1500 437 -342 745
-14752 -4344 -1816 532 -109 521
-15160 -4148 -1688 352 -580 300
-14620 -4016 -1536 438 -656 -240
-14692 -4288 -1228 567 -643 -289
-14960 -4308 -1304 572 -641 -184
-14872 -4348 -1108 651 -555 -116
-14776 -4536 -1164 872 -251 14
-14832 -4384 -1104 608 -288 203
-14680 -4564 -936 446 -59 257
-14772 -4124 -1136 504 -176 312
-14808 -4220 -944 351 -269 277
-14908 -4148 -1008 76 -331 470
-14780 -4312 -1084 357 67 601
-14804 -4040 -1308 649 -146 -28
-15120 -3960 -1032 754 -348 183
-15120 -4560 -1020 1171 -100 863
-15152 -4208 -1132 506 -459 2068
-14732 -3988 -1180 1150 -7 2367
-14892 -4064 -872 1503 17 2646
-15096 -4400 -472 1002 -156 4554
-16440 -4632 -268 -58 -98 9635
-23396 -5024 -316 2289 2947 15364
-27464 -12060 2296 1211 2815 22152
-20420 -4164 -3528 3830 2712 26572
-11356 -1964 640 -3666 1886 13795
-3796 -7316 1056 7137 3675 -1202
-2708 -7264 -1220 9486 2487 -18522
-4968 -4960 -3648 747 -5757 -28982
-11232 2184 4492 -1756 -11482 -32348
-32768 32767 -32768 10374 -3016 -23842
-3260 -23040 -16568 5279 7486 14581
-32768 32767 27404 -765 2979 13865
-17076 3516 -5028 -1754 5315 9662
-17148 -480 -4988 1019 -465 1073
-20512 1648 -2092 -1643 -2296 -1716
-25632 -16928 3352 -4481 -2467 3969
-19936 -5300 -7392 -3331 3969 10102
-24748 -10940 5176 -7146 4176 26930
-17104 -1384 468 2531 6381 29879
-16140 -5240 -428 8183 6386 20710
-5212 -5760 -4564 -4038 1346 7304
-2068 -4024 -600 -3676 -4898 -14299
-9300 -1164 2048 -1272 -4404 -29685
-15820 56 3124 3650 -6162 -32768
-19776 4928 -2032 3389 -11317 -32768
-29364 20160 -9384 5872 -5467 -22271
-24828 32767 -20488 -16063 4774 7485
12484 -24216 7264 16436 10362 4269
-22368 -8492 21340 -1631 9051 9518
-17788 2548 -7848 -2889 885 7522
-24932 -5420 -3172 -165 -5093 3048
-23752 -8360 508 -4161 -6435 6926
-12164 -8456 -452 -280 -4118 10658
-22372 11624 -6668 7360 4235 18935
-25632 1900 3016 -6787 4686 30941
-16344 -9740 4664 1966 5905 29882
-20456 -12316 -1068 7194 5172 15156
-9688 -2588 -4056 -2213 1877 -4726
-7876 376 -352 -8597 -3166 -23020
-13052 2056 932 -699 -3459 -32768
-12520 5384 -1480 -749 -6478 -32768
-16060 11332 284 4879 -12107 -32172
-24520 26900 -13948 3651 -8353 -20481
-32768 32767 -32768 -3157 10823 3252
-32768 -6828 -7540 10523 15374 7462
-20248 2056 -4372 -4076 7579 10697
-19060 220 -7616 3136 220 5749
-21060 -1844 -3364 920 -5019 1217
-25084 -1664 6232 -7398 -6888 2962
-16344 -3752 6080 -8457 -5029 8911
-11584 -10324 -1932 5404 2384 16031
-22848 -5728 -6488 14179 10117 25320
-28468 -11540 -4924 -2504 8213 31280
-17844 -13204 -12 -5997 1129 19130
-1604 -4640 -2488 -341 2284 -3969
-2892 -1780 480 2462 1206 -27831
-7944 -1244 -1488 753 -5076 -32768
-13472 5768 2648 1595 -8196 -32768
-23856 17996 -7028 4727 -7323 -32768
-23248 32767 -9260 -8625 -6904 -1186
-23920 -20076 -23184 12165 999 9927
-7112 9000 4368 4904 11454 8330
-17776 -1400 -15532 -4189 2915 10553
-19796 1872 -4040 277 -2653 2949
-32768 -6932 876 -207 -5391 2179
-15400 -10724 8304 -6527 -4445 9761
-17792 6832 -3620 6969 4323 14572
-22432 -5272 -3252 -4859 9468 28425
-21864 -12716 -252 -18140 3422 28590
-14452 -12772 -236 4491 6261 13183
-10104 -4344 -5760 13560 5536 -10814
-8680 912 -5668 5675 -6526 -27538
-8064 -372 -3252 3159 -13041 -32768
-10972 4736 -1236 8155 -10483 -32768
-24796 15592 -1780 8600 -10733 -32768
-27164 27764 -13508 1309 -4958 -5030
-27604 32767 -25676 -8610 14505 1312
-16940 14064 15504 1692 10514 20501
-16096 -384 -5364 513 5861 10133
-18248 56 -332 513 -88 2747
-25872 -7948 -1624 1179 -621 -1052
-21312 -9728 -1512 3571 -91 5119
-13532 -7036 -3520 -2476 2345 12981
-15724 -9752 -720 -4402 6862 21096
-22692 -4820 -2732 -12036 7622 31913
-15128 -16276 9288 -6882 7590 24210
-13328 -10400 1916 -7413 -2625 8796
-7156 -3008 -1832 2372 -2539 -13946
-11928 612 2152 4279 -4242 -30753
-7684 3588 8992 -903 -13437 -30327
-11904 13468 -3044 12412 -14364 -32579
-29604 23688 -22856 2890 -10440 -18045
-32768 32767 -30456 -3098 12046 6543
-22748 -1292 -30528 -3589 14694 14853
-15284 -696 -3068 -1252 9055 9486
-18216 1188 -4732 -420 3539 7216
-20032 -1900 -7264 -2876 -560 3554
-23760 -5720 -5480 -2603 -5731 3288
-20148 -11152 6476 -9398 -1679 12145
-16608 -11652 13040 3375 5828 21245
-15328 888 -3536 13986 10169 23849
-18196 -10636 -2112 -2944 5837 18768
-6204 -7536 -5052 -2341 -4427 2349
20 -7036 -5912 712 -8144 -12220
-9172 -4828 -2576 9561 -7467 -31097
-19064 -1776 4648 6219 -12240 -32754
-24960 6348 188 16747 -14339 -32768
-30204 16508 -16252 14930 -8342 -16562
-11108 29040 -16716 682 3836 5460
6736 32767 9124 17433 32767 5297
-916 30248 -7260 851 17108 16812
-16800 -452 -392 -478 2370 8505
-22316 -2680 356 2108 -3636 2724
-23996 -5376 2652 2400 -3769 6449
-15824 -5372 1580 -2619 -3225 10658
-18960 -12752 536 -4321 -1317 20828
-20032 6420 -6700 11451 4044 25896
-18264 -5864 -928 11036 5075 23474
-15028 -11732 -3236 17577 3782 7642
-8136 -5952 -6692 6125 -6607 -11688
-11568 -1248 756 3423 -10417 -30327
-15864 -724 1992 15405 -10776 -32768
-17492 -308 -1916 21630 -15925 -32768
-29428 15468 -21000 25326 -14833 -24777
-18032 30100 -22160 7076 1723 -5067
-12944 -8096 22700 25421 8167 12518
-32768 15616 -2016 -8355 7245 8406
-17508 -5424 -9448 2295 11374 8666
-17060 3576 -676 1191 1948 5252
-20432 -2688 -2816 1502 -3845 2295
-26084 -12360 -11160 1545 -5484 -2704
-14020 -4964 2408 3942 1041 10043
-17900 -2436 808 3179 4219 19061
-23212 -7228 -1740 12184 8354 26663
-29436 -9728 -3672 13605 13580 21633
-16164 -9632 -6856 5343 2012 9113
784 -5368 168 2931 -6665 -10893
-1592 -2648 4504 7331 -11096 -28951
-7792 -584 904 9098 -19064 -32768
-18812 2516 -10096 15996 -17810 -32768
-32768 20228 -17560 1746 -13543 -24818
-19320 26228 -17480 -3020 2795 -1881
20764 -32768 32767 19132 1199 10216
4608 14688 -7760 5834 11051 8811
-17980 -3816 -7256 4056 6555 9866
-18192 3584 1828 1529 -815 3548
-22588 -3168 -1344 -1816 -4218 13
-23440 -12668 3520 -3797 -4104 3445
-12556 -9336 5720 -2124 -140 13212
-8664 -880 -6144 10052 3693 15627
-18920 -7284 -5556 10901 10264 23893
-29344 -4352 -1996 -5513 8075 22834
-15052 -12544 632 -5168 603 6242
-6964 -6572 -1756 -4947 -1240 -11233
-11052 -1600 3616 2310 -2442 -29579
-10888 120 1732 10720 -5905 -32768
-14844 11096 -2788 11073 -9268 -32768
-28624 21600 -9228 7885 -10652 -22573
-16740 28396 -10212 5997 4197 1104
-2544 -9004 27880 1764 8827 21001
-2748 -9036 -32768 19291 14999 -2309
-23932 -18060 -13956 4424 7866 5934
-18136 -6900 -9140 -2133 1491 6159
-19304 -4176 -1980 -1949 -806 5225
-25816 -6884 12168 -9582 -3483 11205
-24444 2340 2628 11566 2492 14149
-25816 -1656 -2236 5552 7001 27586
-16524 -15628 -324 -528 10670 27883
-30476 -29240 7740 -17263 -2851 26379
-19160 -7840 -1976 324 9488 10088
-6552 -9444 -1228 717 -2684 -7791
-6564 -2212 -192 4574 -9357 -28431
-9840 -4500 -1276 2892 -14563 -32768
-16268 -1520 -3688 8134 -13554 -32768
-32768 18288 -3840 6093 -8346 -32768
-19152 32767 -13236 -9498 -461 -1420
-16104 -32768 32767 23160 25367 14932
-16616 2124 -17224 -12431 6443 15737
-19780 -5596 -7224 1358 4548 9284
-17716 -1248 -3076 1076 -668 5719
-18864 -2552 -1312 -2733 -3209 5553
-16944 -5096 -1812 -7426 -960 11275
-20656 -13136 616 -10758 6281 21256
-23272 -5808 5648 -1298 8996 25874
-10004 -8908 -5324 2318 8283 27155
-2356 -16044 -4084 262 -240 4209
-2228 -8688 1128 11408 -6316 -20370
-17100 -4668 -7076 4811 -10430 -32078
-23396 -976 -4668 -2228 -10809 -32768
-26636 1996 5888 978 -4913 -32768
-32768 20612 -2608 12532 -11573 -26276
-19728 32108 -15084 -4911 -3179 -3175
-13740 -20372 -30440 6961 13198 10491
-21652 -4896 14116 11186 7871 16050
-15080 2692 -7992 -4399 6993 11855
-15508 -2672 -4084 2076 2329 3744
-18768 -2812 -1092 -1833 -2716 2860
-19164 -5412 -880 -6671 -3178 3874
-16428 -4908 -316 -9611 -1717 8934
-8820 -6268 11700 -10684 -769 13113
-15164 -2212 4568 7598 5267 15707
-23388 -14712 -3460 -2713 10199 32767
-26944 -3580 -14600 15596 13678 28869
-7064 -13660 -9584 -14291 -5421 7447
4888 -9472 -844 -3539 -3347 -15974
-4016 -2068 -5576 12858 -833 -32768
-13132 3984 -740 -185 -7007 -32768
-32768 11316 -324 4248 -11317 -32233
-28536 28612 -15452 -9728 -5523 -9993
-14720 29452 -4460 -169 4982 16773
-32768 24320 26256 12175 9754 4009
-21852 -1340 17268 541 11531 14485
-21440 -1480 -5172 -4012 -1766 7681
-30932 -7260 -3136 -5204 -8187 6686
-16248 -14624 6192 -3620 -5739 10895
-20524 9028 -15428 3081 4649 17868
-23192 912 -640 -19751 10007 29451
-9652 -18168 3440 -6310 6706 21270
-9212 -13720 -1144 5185 4120 -748
-8408 -5964 -1920 3684 -259 -18234
-8792 -2464 -4144 -6185 -2703 -27949
-10252 -4200 2732 -1734 -5311 -32768
-19376 7000 6452 13353 -7777 -32768
-32768 19204 -21952 16749 -8125 -22672
-16500 28908 -17416 -11455 2434 11861
-28676 -26720 32767 32767 3544 4950
-18332 14068 -1932 -4056 14226 12981
-16224 -1312 -7584 1775 3037 6911
-21512 2108 -368 2055 -2376 4034
-22472 -3428 2936 -8774 -1939 5050
-17624 -7536 -4404 -11420 -1301 3069
-14816 -5380 -8468 -12615 4998 12909
-13300 -5556 -9132 -20271 10306 17877
-16360 -12340 716 -32768 1415 23231
-14660 -7504 3904 -12343 2865 9643
-10916 -1136 84 -2624 11480 -9748
-14600 -564 4508 -8923 4399 -19507
-12112 -1220 1692 -13476 -1422 -22894
-7940 2000 1240 -6464 2584 -28285
-13872 10600 1728 5297 624 -32515
-25600 22692 88 -10720 -12676 -10719
-9260 23456 4468 -6321 -2293 5358
-18508 -13904 17976 -218 1873 20170
-22500 -1692 5620 8818 16717 11001
-17244 4024 -7420 -4991 3620 6647
-18452 -592 -5240 -2940 -5058 788
-18928 -1876 -1440 -3585 -8424 1082
-18600 -3208 -3272 -6917 -6932 5984
-25888 -1036 -14448 -6270 3190 17663
-28604 -8736 -10400 -17270 12517 27993
-22224 -11160 -888 -13138 7955 27915
-12852 -16888 492 -6464 7117 9450
-1580 -7248 6360 -5349 6141 -15573
-9424 -308 11000 -399 2150 -32768
-13864 2004 10704 -5481 -9839 -32768
-17416 6884 2204 5571 -20924 -32768
-27416 32767 -13788 -253 -4535 -15533
-19360 32767 -22640 -1718 2085 10835
-32768 -32768 27228 7389 -463 14200
-14240 5336 -17988 1253 12698 11020
-19796 448 -2776 2429 383 5720
-22024 2636 36 -2660 -5732 1702
-21992 -3168 236 1784 -5250 2921
-16364 -7184 -11376 -2614 -746 9815
-18324 -4352 -1580 -5970 5045 21518
-28556 -2256 1328 2168 10727 32767
-32768 -5924 -4792 3216 8548 28506
-27772 -2712 -11704 -13991 10778 14643
-9656 7836 1172 -5218 9166 -14361
936 4868 1252 4960 3360 -32768
14132 6368 4100 6748 -5920 -32768
-1456 21544 -2988 2561 -11256 -32578
-32768 32767 -19248 -9532 -13833 -7678
-32768 -5912 -2024 14614 -107 2153
-13040 7544 1472 2993 -352 8339
-20696 -3908 -3244 -1625 911 7790
-15712 1092 -6144 -1072 4648 8473
-19612 -1772 -3428 -806 2895 10799
-10896 4820 -1996 -3232 3021 13986
-24444 -6328 -9832 -3564 6060 18789
-26544 -5188 -3220 -7477 3372 27443
-19180 -3660 -4492 -3766 -2185 22980
2960 -25776 -5052 17386 1128 -12294
-9904 -8952 -4052 8871 -6326 -32768
-26968 -1388 11780 -844 -4850 -32768
-32768 9208 2820 3527 -13508 -32768
-32768 21316 -8520 2024 -14710 -26072
-22168 30652 -15076 -7240 -4316 -4968
3124 -14384 -2784 14270 11178 6262
-32768 24860 -18292 -32768 22433 32767
-20756 12640 -13404 -3225 7693 12781
-15876 -220 -8036 -1624 2017 9522
-12740 -3024 624 2010 705 1634
-29108 -7460 -8272 1806 -5186 1323
-24020 -8100 1180 -5579 -5196 8910
-16168 -4364 2316 -9487 399 10522
-19268 1988 -5928 -5380 6117 21067
-12484 -6132 -620 -3271 6079 20671
-12452 -12060 -120 -1876 2972 15511
-13128 -8532 -1292 393 -1517 -228
-11752 -1340 -4016 -962 -3032 -16501
-13120 -800 -620 1486 -6377 -28317
-13860 -756 -2020 10020 -6737 -32768
-18724 8684 -3908 8761 -7976 -32768
-20924 21964 -11724 3245 -8663 -13254
-9428 24884 -7336 2397 1131 7170
-20072 -19976 13896 30593 18947 12868
-14440 9500 -8544 -923 13392 11736
-17808 -2328 -8308 -1718 741 7603
-21004 208 -3480 -413 -5109 2367
-27276 -12168 -864 1306 -5674 2931
-17380 -9724 2144 -3776 -6050 9201
-16744 -7344 -6688 -3052 -593 18117
-21496 -4024 -1812 -649 7807 26752
-18488 -11088 4416 17248 10662 23614
-16640 -3232 -1984 10954 8473 11986
-5476 -4688 828 -8442 1226 -4314
-6176 -4536 2908 -4339 -3592 -25276
-11288 -2396 2468 1542 -6110 -32768
-12364 5564 1732 -3719 -13636 -32768
-22156 22096 -10060 7263 -12938 -24466
-20020 32767 -16228 8340 -1219 -776
-17380 -23748 32767 3290 4796 16275
-16648 6192 -7548 657 7814 16152
-17344 1768 -3804 629 4392 7679
-18848 276 -2704 622 -3154 2124
-20908 -424 1564 -1792 -6302 1237
-17800 -7668 180 -5736 -1983 6188
-15740 -7584 -1200 -10069 1993 17212
-21756 -14524 -10104 -10822 10337 25094
-24820 -2888 -8912 -5440 11719 23012
-16628 -6552 -2684 -13224 3617 10620
4988 -12224 7516 1190 -2303 -13587
-2304 -8188 332 13262 -1019 -32768
-17184 3324 6440 12406 -7857 -32768
-28172 13456 -3656 17927 -12741 -32768
-31904 29556 -19744 4042 -9595 -14597
-24088 12836 -30860 -7283 2613 11894
-32768 19000 -22796 7655 9987 27404
-11268 1516 -364 -2859 10951 14072
-16288 3268 -6088 174 6369 7909
-17744 3504 -660 -622 -666 3342
-21060 -3040 5032 -281 -7622 1414
-20372 -4064 -832 -3146 -9422 -2333
-14376 116 3096 5699 -417 5879
-16580 -7764 -980 9698 7766 19722
-26884 -3040 2016 8259 14410 31164
-28068 -15824 -1476 -8054 6462 24298
-11768 -8032 -2460 -8607 1301 5164
-5616 -1220 -1144 -6644 3411 -20488
-5284 -1832 1892 1155 -330 -32768
-6316 752 -668 7010 -4187 -32768
-18376 3700 -412 12392 -8950 -32768
-31684 23832 -10556 3810 -11173 -20660
-10396 29044 -5212 1776 297 10033
-32768 -9632 32767 -9508 27022 24899
-14848 1600 -3784 -1055 9978 15230
-17644 2180 -3080 881 -209 8334
-21800 1480 -3040 -1910 -4412 196
-25552 -7076 12064 4141 -4418 2938
-15668 -12884 -3740 -8704 -4090 6409
-13504 568 -7172 -3936 1579 16324
-18156 -2956 -4 3448 6950 23050
-22144 -12064 1028 10265 6964 21878
-22744 -11580 -2376 -748 2986 12733
-6976 -7512 -1304 -2358 -1480 -6547
-5672 -5560 3164 1363 -973 -28771
-6452 -3220 2380 7796 -5630 -32768
-9524 2500 4732 14015 -10892 -32768
-28436 13564 -12052 17621 -11077 -32768
-30224 32767 -32768 -18903 -2330 1348
-9944 -9524 1040 9458 13039 14067
-31612 -18584 -6160 59 852 18337
-18956 784 -2572 -1481 544 8909
-16732 -1916 -5492 -2350 -2006 3835
-24304 -8276 -144 -6763 -1315 5549
-22128 -8356 3044 -14067 -917 17096
-13132 -9332 -2824 -7681 1550 27215
-24632 -6476 3380 -199 2239 30065
-24116 2716 -4356 20502 13243 18076
-8436 -5364 984 -811 5629 2499
-2932 -4416 11028 -6917 -3263 -18174
-9528 -2248 3924 1715 -3858 -32768
-13288 -2152 2716 6493 -4988 -32768
-16428 2624 -1788 14395 -12591 -32768
-32768 32767 -30128 -7367 -12083 -15791
-20932 32767 -12280 -5859 3376 13425
-13268 18352 7264 16303 4873 12643
-28708 -1532 5500 -6521 12045 12629
-17028 3772 -6020 326 46 8245
-22432 -728 -4276 -432 -7671 2559
-25424 -7936 952 -10998 -5288 4795
-18852 -6748 4980 -13211 -318 9552
-20700 -2860 -2992 -1454 4552 20611
-14712 -4096 -11908 3273 10609 25306
-18976 -11612 -2192 -1741 4855 22875
-13392 -8368 -2352 8941 5811 6269
-5200 -744 -4240 4120 1815 -11510
-7436 936 -4 -1632 -3815 -25341
-8396 1112 4300 -4093 -6792 -31152
-11420 1452 6160 3849 -12450 -32419
-26364 12508 -13676 16924 -15222 -27814
-17400 22644 -19448 -5452 -4401 -8796
-21504 32767 7752 -32768 -11531 8430
-32768 -32768 32767 16316 17958 19549
-12188 -6320 -32768 -3979 9937 10504
-22080 -3760 -3932 3141 -1277 4425
-31024 -11872 -144 -2906 -6820 4000
-19224 -7740 -2524 -11870 -5319 7871
-13224 -6364 -260 -6971 -1879 13286
-13908 -3360 -15704 -4692 9594 20426
-21828 -1024 -3052 -4978 9616 23563
-20416 -7444 -2932 -3405 8123 18320
-10592 -9780 -3484 -3049 3737 3958
-5444 -5948 1024 1850 -3588 -15015
-5344 -6464 6108 2997 -8045 -24798
-10692 -3492 2484 10255 -12925 -28048
-14524 -1716 -5060 18108 -12325 -31511
-28864 12020 -16772 11354 -10767 -25273
-18224 25320 -21640 -13097 764 -9528
-11052 16512 -4288 -7826 4894 16027
-32768 -32768 32767 21565 25844 24435
-7420 3264 -20148 -8511 7692 10616
-23420 -7028 -9128 2619 2757 7339
-16780 3276 -872 2633 -2724 4098
-23612 -4472 -2524 2009 -5281 5318
-22872 -10548 1516 771 -4687 10136
-24456 8148 -2528 -876 3101 16938
-13144 -9440 1560 -6738 8005 23102
-17160 -6200 1800 -4292 5689 21237
-24880 -12916 9164 -243 1228 12325
-9788 -512 -7180 -4005 587 -2303
-6908 1000 -68 1194 -1611 -16432
-7176 -432 2288 6672 -4843 -25036
-9144 2052 -5332 2205 -13690 -31593
-15948 1572 -3068 8152 -13722 -32768
-27888 17992 -7388 -3128 -11304 -22666
-14340 28776 -12796 -4205 947 3907
-32768 -20368 32767 31420 9171 19049
-17924 6732 -2512 -1266 15386 16846
-17644 -864 -5724 -2016 1351 8844
-19516 1000 -4536 -1079 -4590 3160
-29352 -3364 2396 -2642 -7749 4515
-18280 -12392 4824 -9091 -5613 8315
-15528 1352 -1272 -1185 588 17195
-18824 -5404 -8292 -699 11010 25457
-17248 -7360 -920 -7821 7612 23901
-14668 -12592 488 -4551 1730 17337
-14292 -3760 -2920 4820 2907 -6414
-10508 2396 -2960 5014 -394 -22787
-10024 -1188 632 8869 -3965 -30352
-6944 912 -1244 8649 -8814 -32697
-15896 10764 -7336 15727 -11596 -32768
-24328 29612 -12668 420 -8874 -13456
-6088 21760 -4264 -832 4584 8190
-32768 -32768 4084 17533 10166 12403
-17964 5768 -15204 -5786 10169 10321
-18608 -3768 -10952 -403 -999 5229
-25780 -5240 -1464 -1113 -6658 4553
-20788 -9052 4536 -2634 -2739 10870
-14972 -10444 -2356 -8377 640 14995
-23136 868 -10328 -2090 8820 22614
-13152 -10356 -6672 -7951 11847 24685
-13444 -18268 688 -7657 2033 15140
-9432 -6320 -4804 -283 1078 -5438
-7900 -60 -7344 3849 -577 -23932
-11236 -964 -2216 7387 -3529 -31980
-12828 1672 3668 1572 -10717 -32254
-23420 10296 2244 5529 -11571 -32768
-22112 29008 -14440 2918 -5319 -5208
-12036 1568 -16700 -286 4003 18528
-15316 24508 21868 10859 22635 13599
-16152 3628 -8228 -4730 7487 13939
-19468 1312 -5008 -1635 -2446 5246
-25728 -6028 -2452 -325 -7378 4609
-19552 -11096 2532 -3914 -6398 8648
-18284 -1324 -4956 5743 1412 14319
-20136 -5704 -2712 -876 8648 24737
-20396 -13284 2420 -7323 4966 25240
-14276 -9352 -1344 -3801 2892 12172
-6684 -3584 -1012 580 1919 -9872
-4960 -188 -2664 -1046 -3350 -25904
-8884 -4344 4648 -1380 -6924 -32768
-12448 -1112 3776 5803 -9402 -32768
-27920 5428 1348 12118 -8930 -32768
-11756 32767 -21060 -7326 -3608 -3214
-32768 -15104 -13432 -483 15904 20824
-17200 3944 -4920 -3377 9817 17617
-21440 3952 -4964 -1700 4542 10382
-20660 3264 -5920 -1555 -4007 3469
-26716 -5860 464 3997 -7838 1936
-20560 -9436 -1764 -3557 -5547 7726
-21568 6576 -7704 -2816 3048 15336
-12512 -5776 164 -6820 6985 21450
-12612 -10612 4616 -2086 3597 18736
-18784 -12376 -3648 4978 4617 10042
-11024 -5976 -5104 1326 2339 -7379
-10136 -912 -4780 -909 -2344 -22962
-11968 -1432 -312 -425 -4838 -29884
-11472 1688 6548 7023 -5354 -32768
-22676 12368 -672 18662 -7133 -32334
-20792 32767 -18880 -2267 -3461 -1599
-17400 11748 -1476 7100 6830 8599
-32768 5732 1168 114 11137 12031
-17400 348 -8200 -3342 6591 10503
-18132 -72 -6132 -1340 -2409 3297
-24392 -6632 -3940 322 -8307 1095
-21208 -9360 6824 -6932 -6221 5093
-13264 -612 -980 7998 -717 10883
-16192 220 -8992 -6416 7513 23508
-17868 -3996 -408 -10251 8618 26402
-18572 -11248 -720 3500 7549 20563
-10196 -6404 -3500 -4551 5084 7059
-2648 -8248 1096 -1720 969 -12706
-4700 -10412 3232 2134 -1636 -30822
-14028 -8980 11148 4652 -11439 -32768
-23524 -9576 2816 11798 -15210 -32768
-32768 25380 -9508 8404 -11159 -24503
-32768 -540 -32272 -4008 7879 32767
-25460 -12660 3772 14363 13699 9105
-17664 -912 -6860 -1618 5705 7857
-16428 1596 -5532 318 1393 1062
-16464 -1288 -3424 -811 -2572 -2333
-15516 -2496 -1168 -2000 -3387 -4214
-12572 -2292 -3528 -1681 -2203 -3086
-12996 -2996 -3328 -1125 -2426 -1592
-14596 -3924 -968 -53 -312 -121
-15520 2572 -1576 -65 605 -464
-18648 -7416 -2684 560 -1117 -548
-15436 -2220 -408 -1072 -2749 -721
-13852 -2048 -2084 -1910 -2855 -1800
-13116 -6912 -2144 -2640 -2394 -737
-14516 -3668 -956 -2636 -1904 395
-15684 -6492 56 762 -235 815
-15544 -3320 364 -173 -447 1280
-14772 -2904 -64 -519 -182 1006
-15136 -4148 -824 -291 -207 1030
-15232 -3244 -420 -266 -403 775
-15120 -3080 -56 27 -223 405
-15056 -3236 -776 533 129 253
-15044 -3808 -772 641 237 604
-14136 -4340 192 81 25 689
-15028 -3652 -704 -259 -31 763
-15212 -3504 -284 -692 75 1322
-14668 -3648 -456 -1129 148 1369
-15100 -2456 -940 -505 144 397
-15092 -2560 -552 -332 73 -102
-15000 -2620 -728 -42 64 -124
-14944 -3064 -924 515 243 -79
-14896 -2608 -852 940 263 -336
-15048 -2436 -1148 902 -330 -980
-15220 -3052 -892 1090 -499 -1241
-15344 -3460 -708 707 -432 -1078
-15556 -3524 116 432 -272 -457
-15132 -3528 -404 576 212 53
-15124 -3284 -736 685 230 283
-15024 -3020 -376 332 194 205
-15260 -2904 -640 336 46 -184
-15048 -2988 -560 -3 -303 -431
-15184 -3592 -52 -556 -299 -135
-15132 -3644 -856 25 3 222
-14912 -3068 -600 195 35 303
-15036 -3240 -592 484 136 89
-15024 -3112 -572 382 8 -25
