-13904 2640 -7712 102 -5 289
-14288 2696 -7760 410 437 883
-15128 2460 -7616 619 453 603
-15392 2772 -7384 43 559 -388
-14644 2736 -7312 -999 489 -1011
-15096 3076 -7000 -2069 413 -822
-14624 2676 -6648 -2219 -663 -438
-14712 2928 -6872 -1942 -548 312
-14508 5108 -7636 -3399 -1181 1798
-13912 3816 -7776 -3652 -823 1664
-14672 3484 -8344 -1998 1131 996
-13000 4016 -7708 -1662 976 2298
-13968 4796 -7284 -1294 1113 1220
-13648 4700 -6644 -996 1070 381
-14960 5040 -6684 -1239 1590 261
-14364 4904 -6656 -1070 1015 61
-14420 4416 -6816 -223 536 -138
-14548 4720 -6852 94 244 -291
-14404 4432 -6900 -170 -167 -622
-14184 4200 -7156 589 -260 -695
-14188 3652 -7112 1581 547 -657
-14284 4640 -7120 1895 462 -183
-14308 4704 -6672 2143 186 -42
-14496 4656 -6760 2130 -192 -140
-14320 4760 -6764 1913 -406 6
-14208 4612 -7296 1653 -466 -115
-14232 4600 -7128 1303 -518 -294
-14248 4436 -7284 992 -478 -345
-14200 4324 -7092 716 -392 -343
-14448 4260 -7300 601 -355 -323
-14056 4204 -7152 515 -521 -377
-14200 4092 -7308 504 -227 -150
-14268 4056 -7428 423 -2 -195
-14228 4016 -7072 415 68 -11
-14408 4144 -7076 367 111 -40
-14460 4040 -7088 371 23 4
-14540 3956 -7240 483 -75 -164
-14408 4028 -7236 397 -240 -180
-14200 3940 -7224 392 -210 -151
-14452 3968 -7136 297 -296 -159
-14152 4176 -7184 17 -205 -110
-14440 4136 -7056 9 -40 -23
-14324 4072 -7208 58 28 -119
-14484 3928 -6956 112 -9 -118
-14540 3788 -6960 255 -81 -203
-14268 3892 -6972 321 -132 -47
-14364 4360 -7128 230 -3 -28
-14396 4032 -6916 32 51 49
-14624 3792 -6888 233 22 182
-14512 4100 -6908 468 -287 249
-15016 3900 -7468 1011 -1267 3
-13692 3960 -6764 1648 -795 209
-13752 4196 -6268 1283 849 1004
-14984 4160 -6428 933 1096 501
-14304 4540 -6472 72 992 478
-14908 4044 -6452 95 709 173
-14644 3992 -6552 217 -49 -37
-14480 4404 -6492 45 -409 -105
-14304 4480 -6724 -206 -387 -303
-14288 4568 -6800 -795 -250 -280
-14120 4404 -6876 -817 5 -361
-14272 4460 -6980 -1175 256 -353
-14292 4264 -7104 -1241 130 -445
-14452 4104 -6972 -764 223 -386
-14144 4468 -7088 -722 88 -357
-14156 4308 -7052 -446 89 -253
-14148 4680 -7040 -569 309 -272
-14112 4176 -6856 -354 202 -88
-14624 4260 -6668 -147 450 -94
-14392 3908 -6432 -150 168 -177
-14892 3316 -6292 442 231 -464
-14592 4092 -6348 345 310 -65
-14344 4136 -7304 10 934 398
-15128 4788 -7352 19 1089 647
-13888 4148 -6648 209 334 398
-13516 4640 -7584 389 1086 742
-13928 5136 -7520 28 1056 934
-14016 4692 -7524 298 440 410
-14220 4604 -7416 459 448 345
-14088 4824 -7520 305 265 281
-14000 4876 -7300 258 82 176
-13992 4636 -7652 466 168 127
-14052 5148 -7488 482 206 191
-14084 4756 -7368 480 -40 109
-14012 4952 -7388 564 -17 75
-14376 5064 -7380 453 -53 173
-13896 4816 -7224 446 -96 -9
-14020 4872 -7240 371 -6 65
-13944 4916 -7316 374 -179 12
-14096 4856 -7344 700 -37 106
-13940 4916 -7140 677 -57 90
-14168 4724 -7456 753 44 171
-14200 4976 -7212 650 109 103
-14096 4744 -7120 544 -118 70
-14096 4796 -7264 559 133 92
-14160 4908 -7332 584 196 190
-13960 4900 -7532 445 221 277
-13904 4844 -7356 498 364 316
-13948 4632 -7204 356 366 439
-14044 4716 -7052 311 514 484
-14404 4544 -7016 573 317 659
-14336 4116 -6736 973 129 599
-13156 4512 -6228 806 -74 687
-10756 4652 -7740 395 1248 572
-8672 5336 -6792 -648 3642 769
-18616 6500 -7008 329 4537 2316
-20036 6644 -5660 -370 234 526
-18852 5120 -5204 -267 1305 3752
-15980 5016 -3528 560 1254 5872
-9332 4972 -3916 212 2239 4580
-8556 3856 -2280 2643 705 -278
-7472 2324 -7996 6016 -813 -3649
-27252 15060 -5924 -1144 9888 11843
-15708 7192 -6084 3576 2663 -8234
-31392 4892 -14144 533 2753 -3165
-20528 6424 -14760 7892 529 -9416
-14356 4608 -8296 2602 -3207 -3702
-2836 1356 -3292 -2779 -4490 -852
-892 -676 132 -4427 -5117 2577
-1048 256 -1140 -3526 -8727 -797
-64 9992 -24576 -1215 9426 -2438
-32768 14468 -10672 2582 10434 -5657
-25392 940 -15036 -2578 2540 5043
-32376 13140 -10988 -6059 -4593 6683
-19436 3492 -7688 -6113 -6178 4529
-1100 2520 -3992 3317 1457 -2193
-2052 -528 -580 5131 -261 -6441
1732 -1768 -3332 3700 -4015 -5434
-3360 10876 -15080 -1902 -2425 337
-21028 8428 -16276 -1675 8027 16045
-25264 7084 -15368 1363 -2733 -12085
-26372 6176 -12416 5262 6495 -2035
-20096 5084 -9464 -694 -1642 -4955
-7996 5504 -4752 -3055 -4256 1789
-3868 264 -2772 -4594 -4076 1569
3028 -1168 -2292 -1653 -4939 119
4856 -1256 -9472 -1595 -3447 -95
-20144 11388 -7428 6411 18087 5283
-32768 13492 -21296 49 -5051 -2808
-31452 13568 -10504 -5652 367 7457
-17048 2896 -6428 -3945 -3080 4520
-2928 744 -2228 2008 1138 -2634
-88 -824 -556 6178 -4235 -6433
824 -1596 -3960 4491 -6308 -6818
-2200 9056 -10864 381 -3643 950
-23204 3536 -22224 1775 5923 17598
-25920 17840 -9932 1201 -2908 -11472
-27080 144 -13400 4451 7586 -3031
-18248 4996 -7676 1634 2115 -6237
-11076 3608 -4068 -2466 -2366 -723
-3368 -1140 -2176 -5178 -4387 2309
4068 -924 -2096 -1965 -4932 54
1676 -1112 -6176 -1045 -741 -1935
-32768 13576 11580 6784 13412 -6346
-24028 -3804 -20508 -2879 -10475 656
-32768 17552 -9844 -5038 2264 10482
-20548 6948 -7476 -4780 -6462 6005
-368 1724 -3020 276 3635 -4688
988 -832 452 2672 -2045 -5641
-2284 -2436 -2644 2518 -4768 -6363
-3500 8580 -20948 1735 -1530 2408
-24760 15376 -12408 -3656 -4005 13254
-25272 8760 -13408 5731 2805 -10058
-18468 -1368 -8428 5183 3744 -6453
-13760 6272 -5040 3102 3340 -2886
-6220 2728 -3856 -4591 -3916 -771
-2336 -744 -2632 -4903 -4662 1331
380 -1044 -3044 -3068 -4563 -2539
-2628 10656 -20396 -1608 5982 -624
-32768 10048 -11680 3913 9880 -2345
-27592 3036 -12184 -3892 -4073 5358
-24612 11424 -5140 -3351 -7058 7762
-15408 3256 -6372 303 2683 -1248
-224 2664 -136 222 -2483 -4147
2280 -2608 -4716 3385 -1176 -5551
-1480 888 -2132 5967 35 -1768
-3420 18196 -32768 -5513 2847 7962
-32768 3572 -9140 -4448 2594 11005
-19564 8156 -18128 1382 1520 -7525
-32424 6708 -13388 9395 5256 -7973
-10800 6664 -7028 4830 -2851 -4288
-1896 -196 -2952 -3443 -7073 3069
892 100 840 -4584 -5992 4298
3004 -2376 -6228 -337 -5014 -292
-10820 12844 -15716 3414 14035 -581
-31352 8908 -18340 4457 7515 1835
-32768 6664 -12016 -348 -276 9540
-22228 8824 -10428 -3699 -5357 6131
-9668 3648 -3208 -3962 -222 -1389
1412 -1180 -2916 1726 1185 -5181
1488 -396 -2220 1880 -2157 -4495
1012 1544 -4208 3142 -5320 -4620
-132 6548 -14944 247 3288 6043
-32768 18980 -21588 -5200 -1165 32360
-27624 13872 -10036 7763 4018 -15424
-32552 4272 -14720 6324 9044 -3382
-12012 7344 -5612 1210 -517 -7443
-10360 4128 -2332 -3187 -4945 -2648
-868 -3184 -1568 -5442 -5585 2316
4724 976 -4556 -2902 -7083 -792
1988 432 -10492 1012 735 -4527
-32768 8372 -5660 12315 15313 -3374
-26148 2248 -19296 -362 -12604 2999
-32768 11456 -9172 -4449 -5709 15076
-15348 5852 -9900 -5910 -2488 4304
-536 6704 -1344 2186 5674 -3884
-3428 -740 -808 2038 -4254 -8628
-876 -4624 -672 5678 -5534 -10581
2016 612 -3336 6098 -3570 -4053
3584 32767 -32768 7817 18939 7927
-32768 5664 -20428 -2185 -4245 -2038
-8832 6540 -9384 5541 1904 -6537
-23016 2812 -11496 2869 124 -5099
-8868 6520 -1936 -909 -2688 -4270
-2088 -1616 -2356 -5301 -3145 1658
-3632 1180 -1384 -3065 -2445 2179
4132 -496 -13152 -148 -5082 -1361
-17912 19056 -14672 7727 16902 -2374
-32768 10100 -22092 -2820 -7121 -615
-29436 10232 -11448 -4500 621 12746
-20264 5984 -5116 -3643 -1178 7969
-5920 -860 -3304 -859 -3936 -3166
752 -888 -124 1213 -687 -3050
860 168 -4248 5894 -5875 -4573
-680 -2088 -3024 6347 -5661 -1061
-19808 25952 -31768 3155 21858 19579
-30056 11412 -3304 -5272 -114 -5459
-14388 5732 -10120 -2344 4741 -1974
-26236 4104 -7828 3708 5468 -8173
-11836 6056 -2892 3134 -1535 -5321
-3448 3264 -3624 -4312 -3652 468
-2104 -668 -2004 -4809 -4038 3102
2656 -1584 -5012 -2590 -5794 -3399
-6668 7132 -22856 771 14371 -2243
-32768 15060 -8848 8222 24405 -385
-31536 -4300 -13132 -3077 -7018 3958
-31860 13252 -4944 -5041 -9114 7715
-13220 3464 -6324 -2183 1549 1793
1292 -972 -1416 1690 -3525 -5339
468 -336 -4616 3885 -3075 -5571
200 -1160 -4388 2287 -4944 -5257
776 15788 -29848 -156 -6176 1262
-29832 3176 -5856 -5511 -7597 9099
-21308 9416 -14716 1516 -5874 -10762
-26736 4940 -13732 5931 6126 -3847
-11064 3920 -6548 3829 -4124 -5790
-8272 2780 368 -1222 -4167 2184
-500 -1848 -3176 -1427 -4959 3494
2640 2904 -3808 -5417 -6264 305
-2004 7864 -31504 2289 20013 851
-29948 9692 -19212 -18 2880 365
-29152 4216 -13396 2745 3791 9007
-23872 13664 -7996 -2860 -7623 6250
-11860 5012 -6072 -284 576 -547
-2432 1872 1212 1212 726 -4784
-256 -3032 -520 3636 -2754 -9083
3416 280 -2596 1636 -5234 -6355
272 22976 -30364 -3335 5989 4452
-23076 4228 -22816 -7578 -7995 14003
-26648 17644 -17344 2377 1675 -9749
-27812 4032 -12344 9755 10884 -6426
-21000 9520 -7284 4296 -2787 -11135
-5592 1056 -4840 1171 -1562 -1568
-6360 -952 -3876 -728 -5647 6617
3276 1972 -1928 -1206 -5805 2946
-1412 7152 -6132 -4483 9141 416
-16488 4728 -20120 -584 8792 4287
-32768 10956 -15384 5817 2601 8335
-26464 13356 -7096 -2635 -8353 6324
-17560 6584 -1648 -2646 -6438 -73
-260 -940 100 2778 -3466 -7662
560 -2868 -1988 5470 -3050 -6164
-1056 440 -1520 3983 -9940 -8133
1720 128 -5008 2483 -4306 -6454
-17300 32296 -32768 -2694 16789 16430
-32768 14932 -16820 -2389 2789 -5381
-19592 5768 -13008 7992 19059 -1377
-29120 3924 -13892 6133 -6193 -11584
-10724 10852 -3416 204 -3051 -5281
-184 -3696 -2756 -4575 -5504 2970
3724 -2860 -3860 534 -3500 1233
2308 492 -3056 -706 -2483 -835
-16148 4652 2800 9116 25447 -610
-32524 8988 -16216 -5835 -3348 1797
-29136 9684 -11836 -4381 4088 8454
-28600 9736 -6824 -6773 -6235 5214
-11796 1800 -5028 -1062 -2754 -4520
3024 -980 -780 2009 -87 -6018
1488 -548 -3828 1965 -2157 -5935
-1816 288 -3808 736 -6556 -6748
1080 1424 -9636 778 -1587 -41
-32768 5796 -32768 -1499 16366 32767
-22860 8068 -4888 9271 -683 -17542
-32768 1972 -8812 8613 10687 -4750
-10300 3084 -7056 1992 -2874 -5527
-5864 4684 -1612 -1561 -3276 421
-52 -3948 -64 -2372 -4645 3253
1880 744 -1788 -1984 -6502 -588
3444 4536 -32768 4268 6828 307
-28144 17900 -21492 4128 8024 609
-27632 4320 -13440 -2894 -1600 3850
-27284 9184 -6408 -7267 -6432 9710
-12868 1036 -3132 -2888 1485 2620
1020 2004 -1224 536 3529 -1300
-244 84 -2244 4295 944 -4368
836 -1588 -6516 2059 -6447 -6225
-10912 23516 -26416 -2544 9793 16110
-28312 5544 -11620 -406 -12993 8362
-19516 7436 -13920 4338 3762 -8534
-29888 2960 -13624 9095 4355 -9911
-17012 8304 -7796 2625 2321 -5266
-6000 1404 -2140 -1356 -2858 1221
-3696 -2848 -560 -1735 -7193 3515
3212 1104 -3192 -1801 -7763 683
4676 2616 -7236 -492 -4991 184
-9760 5636 -15240 14905 21395 4436
-32768 16088 -22096 5417 -7749 -866
-29376 7492 -8360 2274 5972 10090
-20436 3768 -4264 -1437 -6741 6010
-3712 3176 -3860 1387 350 -2352
-3608 3024 -528 299 -2540 -6434
2192 -3120 -1752 4683 -3605 -8231
-2516 4480 -7360 5713 1195 510
-29092 18540 -32724 -5368 5854 32767
-21764 17556 -528 7083 3087 -22255
-32768 7616 -13128 -1457 15402 -6047
-18944 1540 -9992 -1250 -957 -12723
-9000 -1888 -1968 -3363 -2154 2091
-900 -1712 -1328 -5263 -7859 1790
6508 -3040 -7364 -3457 -5894 -778
-4072 9196 -14564 1051 6835 -1171
-31388 10424 -12772 6074 10899 -1365
-27436 8696 -10148 -1790 -3141 4437
-17668 4708 -7012 -4903 -5769 7778
-12324 1760 -2708 -2516 -3590 3717
-3008 3148 -512 -1129 -5031 -3782
4568 -920 -3828 -254 -7714 -5252
1440 956 -4944 1830 -2596 -3508
-6136 13516 -28672 2394 -2462 4302
-30828 6660 -17608 -19260 -32768 9627
-20704 10480 -16812 4554 10788 -5181
-32768 3192 -18008 8443 -608 -13016
-19636 12172 -5828 6653 3557 -10709
-6532 1412 -9200 -951 -5575 810
-6924 1372 -1832 -2448 -4059 2735
2812 -2564 -1804 -121 -7586 -2283
5304 956 -1356 184 -1371 -1397
-4276 7400 -27540 -1613 8041 1914
-32768 21284 -8688 9357 -2881 -12432
-24796 3984 -9404 -9590 -1689 9237
-17980 9092 -5036 -4729 -8846 4876
-12744 -2548 -3464 2915 1488 -3224
2200 -2688 -1492 6417 -6243 -6655
2036 -4064 -652 5249 -8394 -5165
-2484 6188 -12636 6123 -6025 -6590
-32768 19768 -32768 -10069 16909 26049
-29052 13360 -18988 -1155 -6866 -7518
-10492 -964 -8872 5755 10490 -1469
-21444 6240 -9436 4356 1554 -1653
-11532 2392 -5336 2076 -6425 -5591
-6360 1544 -4224 -1584 856 -3499
-9120 1172 -3572 -4844 1714 768
-15272 608 -8980 -3310 -1406 2452
-21284 5640 -10980 3373 1430 -1906
-19996 7496 -11104 843 -1084 -1337
-10228 4396 -9040 -2812 -1684 4080
-12072 4168 -5528 -1094 495 4891
-14940 5888 -5000 -1126 1507 3806
-11932 6272 -4444 -3199 -241 541
-12364 5388 -6240 -2558 1780 104
-19908 1916 -4968 316 -168 -553
-10452 5544 -6552 306 213 -1682
-18004 7800 -7452 -724 3274 2652
-12744 3488 -6856 -1172 822 -1051
-12804 2860 -5672 321 2145 -570
-15244 3528 -6644 58 2019 -209
-14868 3780 -6196 580 1100 -546
-14200 4232 -6384 339 813 -410
-15852 4176 -6692 251 939 329
-14944 4904 -6584 129 361 -1
-14804 4788 -6040 49 122 84
-14860 3964 -6608 -344 32 126
-14376 4980 -6576 -593 215 181
-14472 4260 -6460 -618 28 -135
-14188 4000 -5848 -1125 33 -82
-14600 4212 -6264 -627 -138 -117
-14684 5064 -6472 -723 57 -195
-14404 4548 -6440 -756 198 59
-13584 4276 -6096 -367 315 166
-13712 4464 -5596 -526 415 137
-15016 4648 -5740 -637 520 -74
-15040 5152 -6260 -1103 91 -395
-14948 4896 -6716 -1056 319 -520
-14760 3864 -6344 -577 112 -104
-14356 4240 -5904 209 -64 -125
-13872 4752 -5836 206 -213 -27
-14616 4200 -5624 694 -425 122
-11920 4092 -5492 501 -871 -499
-14000 4152 -5236 1049 -935 -378
-17148 5528 -5676 1039 -733 -376
-16968 4420 -5204 508 -1974 -785
-14140 3472 -4852 1087 -1568 -913
-14084 4040 -5284 1534 -289 78
-15188 4620 -5588 1819 308 457
-15532 4352 -5772 1657 -98 347
-14004 4888 -5620 969 547 377
-13976 4148 -5796 760 734 207
-14684 4132 -5892 577 904 377
-14664 4252 -5628 731 712 139
-14916 4236 -5888 828 490 123
-14228 4340 -5840 745 383 105
-14760 4340 -5808 623 568 191
-14956 4440 -5948 594 213 -67
-14244 4512 -6176 317 100 -75
-14256 4368 -6148 316 196 0
-14200 4736 -5872 -124 188 -265
-15720 3796 -5532 -139 123 290
-14916 4936 -5432 -274 -365 -774
-14200 3784 -6008 -473 -119 -383
-14864 3876 -5992 207 -27 -62
-14420 4368 -6124 533 -99 -85
-14280 4188 -6012 368 140 -63
-14632 4300 -6200 -43 249 172
-15196 4164 -5468 140 114 89
-14836 3652 -5804 850 -207 95
-14244 3628 -5912 1697 -437 427
-14944 3792 -5828 2425 -200 517
-14776 4156 -5920 2394 -192 185
-14352 4012 -5996 2925 54 108
-14304 4924 -6292 2783 361 384
-14432 5404 -6476 1687 154 386
-14060 5564 -6396 146 203 262
-14488 5132 -6292 -1295 539 20
-14876 4852 -5788 -2548 493 -564
-14624 4196 -6240 -2615 402 -605
-14468 4252 -6068 -1992 35 -502
-14648 3900 -5928 -876 -99 -330
-14240 4356 -6212 -392 -377 -141
-14512 4264 -6432 -215 -275 14
-14540 4192 -6160 -17 -166 -55
-14360 4332 -6036 297 -117 -159
-14768 4336 -5936 385 140 -81
-14548 4564 -6156 505 50 -95
-14708 4396 -5928 726 6 26
-14424 4260 -5820 912 -284 51
-14736 4188 -5872 1238 -527 191
-14424 4288 -5780 1067 -883 132
-14368 4604 -5888 872 -713 43
-15428 4420 -5460 1074 -314 -194
-14504 4548 -4980 864 -803 -246
-14068 4696 -5548 932 -526 -133
-14636 4780 -5460 819 -39 97
-14756 4872 -5728 553 -11 121
-14440 4684 -5700 628 -171 88
-14332 4452 -5620 668 15 139
-14328 4648 -5604 540 142 -17
-14976 4108 -5696 324 67 -7
-15112 4452 -5352 497 72 -35
-14824 4180 -5552 607 -125 -122
-14364 4936 -5644 -76 368 63
-14196 4736 -5884 -138 601 -3
-14628 4440 -6048 -167 769 9
-14536 4312 -5856 24 570 14
-14860 4196 -5560 294 292 -3
-14684 4232 -5624 381 10 -25
-14492 4380 -5804 418 -116 -77
-14584 4400 -5956 191 -137 -94
-14656 4232 -5952 513 -321 -73
-14336 4432 -5672 491 -418 -133
-14880 4124 -5720 693 -455 -43
-14436 4336 -5596 657 -416 -298
-14624 4652 -5432 331 -121 -208
-14920 4516 -6016 29 -7 -121
-14292 4416 -5732 135 -56 -107
-14368 4356 -5832 148 191 -38
-14776 4424 -5672 94 271 -15
