16448 -1632 1320 -36 48 0
-996 16124 -2436 816 -12 408
-1144 15856 -2060 486 -172 197
-1404 16280 -2088 607 -478 157
-1092 16180 -2300 398 -674 323
-1048 16164 -2168 421 -459 336
-1124 16044 -2080 421 -494 93
-1120 16052 -1752 170 -427 131
-1120 16164 -2260 169 -432 156
-884 16020 -1768 -212 -144 310
-1272 16084 -2284 140 -329 -175
-984 16128 -1748 -8 171 416
-1172 15956 -1668 125 216 253
-988 16084 -2020 83 156 265
-1020 15932 -1728 165 327 199
-1252 16052 -1900 254 484 -32
-944 15480 -1512 -191 968 38
-812 16384 -1104 425 -616 181
-1184 16428 -1512 876 -461 -241
-1476 15960 -1716 904 235 86
-1296 15212 -1292 962 -406 -599
-1412 17228 -1688 3721 -1644 -869
-2504 15424 -1628 443 -2278 -1073
-2104 14772 -2336 182 -1740 -1944
-116 17204 -1836 1236 -2220 -742
-692 17400 -2720 1749 -1762 466
-1912 15812 -2904 1450 -1676 -146
-1284 15880 -3088 635 -3050 -584
-652 15780 -3060 786 -2654 -851
-2144 16056 -1756 1106 -3849 -921
-1512 14220 -2504 -924 -5691 -2581
-2180 16056 -1700 -207 -8669 -3720
-1044 15220 -1296 983 -6404 -3408
-1228 17648 -2352 1457 -168 -753
-2260 16524 -3516 1231 513 3475
-3464 15380 -2576 1224 632 2702
-3492 16680 -2596 -212 -478 3208
-860 16056 -2228 27 -274 3176
-212 16612 -512 -1502 -821 3869
-2544 14764 -1424 1416 2325 425
-3348 18432 -4488 -1969 -977 718
336 14996 -1484 -762 2055 302
-1132 17724 -2084 -483 3691 1382
-640 15892 -1368 1283 3023 625
-720 15928 -1476 1391 3145 678
-660 16456 -1436 1446 3062 564
-156 17224 -2392 -1167 2705 -276
-352 16068 -3108 571 1969 -1186
-172 15868 -2796 380 2387 -1131
-520 16164 -2384 404 1810 -1139
-1064 16208 -3096 302 2366 -381
-1580 15000 -3740 1221 2764 -1071
-2224 15592 -5456 2394 4923 -436
-2392 15316 -4964 1670 4545 598
-2252 15516 -4196 1310 2617 1348
-1700 14828 -4004 1363 300 2827
-1984 16840 -3780 1204 1887 1727
-1656 17224 -2756 1992 3989 239
-2412 17904 -2644 -701 2830 -2777
-2408 16360 -3408 -2065 3070 -3307
-1412 15268 -3128 -1769 723 -2533
-3124 14896 -3768 -742 836 -1464
-2668 15432 -2660 -525 578 -397
-3100 15132 -3160 97 1463 833
-2448 14436 -3484 262 283 3169
-5172 19624 -3732 -2716 -656 169
-2108 15948 -4836 -659 -1426 964
-260 15272 -724 -4124 -2219 -179
-1796 15892 -1896 -1032 2660 -221
992 17360 -4620 1903 2090 692
-3516 17144 -736 -1216 3210 100
-2568 16804 -1828 1246 -1783 -1438
-524 15812 -988 4308 -3014 -1920
-2544 16808 -3224 2891 -1465 -395
-2372 15988 -4296 1713 -2319 1596
-2992 16112 -3764 925 -1669 1376
-2432 15792 -3516 434 377 1715
-2288 16108 -3428 607 -1005 1477
-2804 15848 -3848 525 -2847 63
-2660 14820 -4428 647 -5196 -430
-2732 14492 -5148 -251 -6821 -2167
-2504 14356 -4368 -850 -5617 -2787
-2032 15720 -3964 369 -4184 -3962
-3752 16180 -3104 369 -6326 -3830
-2524 16132 -1100 2417 -7919 -961
-1740 18244 -3592 -640 -7450 1519
-1812 15776 -2396 3116 -3950 -309
-2584 15084 -2484 462 -1459 -1239
-1924 15712 -2080 516 -1152 -1309
-2028 15480 -3488 256 252 -2707
-3504 19336 -3636 669 -962 3488
-3756 14004 -3828 -228 1662 3492
-5044 15164 -2344 -3739 218 3912
-2404 14416 -2112 -947 49 4053
-2212 16820 -2936 1735 -306 2138
-2160 16796 -2408 330 110 3013
-2804 16128 -2284 -573 2230 2995
-2596 16588 -1392 -3067 -2498 1255
-68 16164 64 -1050 -1938 2281
1424 17776 -1152 2924 3712 1311
412 15752 592 1659 2477 -555
-236 17540 -2752 617 4433 -1885
-644 15156 -1612 80 4708 -3121
292 16928 -5144 1466 1865 -2613
-420 15924 -2292 84 3421 -692
-636 14532 -3552 1376 7338 -1925
-2412 15400 -4540 -71 3435 -874
-3252 15268 -4616 369 4562 -1499
-2900 15556 -5204 1445 3854 -855
-2748 15064 -4232 1710 5044 -342
-3548 15776 -4700 1597 3805 -508
-3704 15248 -4076 1728 2756 -260
-3408 16008 -3652 787 2313 486
-2264 16076 -3696 106 1772 77
-3136 15384 -3544 -1714 3853 -1959
-4232 15284 -3852 -1338 1570 -1719
-4944 15160 -2648 -710 160 -706
-4028 14696 -2900 -44 -341 565
-2232 14728 -3832 -1164 443 1377
-3588 14436 -1684 310 840 1876
-5672 19064 -6636 -672 740 2748
-1620 15316 -3448 -1483 602 -519
-2636 15984 -3600 -2548 -4981 656
-2656 15944 -1960 -3454 -3345 -842
-2744 15280 880 -3291 -4282 -1303
-164 18828 -6696 3004 598 1150
-2400 15760 -1304 84 4649 -211
-6036 17792 -3264 -2405 4762 2091
-1668 15704 -792 2783 2153 1267
-2552 16412 -1216 5041 -2367 960
-2472 15892 -2760 2290 -2880 2124
-2832 15196 -3216 1791 -3576 2261
-4120 15548 -4260 1208 -3795 547
-2296 15688 -3172 1146 -4788 -32
-2196 15992 -3288 937 -5083 225
-2576 15072 -3040 1276 -6095 -540
-2836 15368 -4208 758 -7409 -1399
-2448 15156 -4388 -244 -5938 -1472
-2264 15836 -3836 568 -3553 -988
-2280 15144 -2328 259 -4474 -1137
-2960 15384 -3112 2792 -5145 -1557
-1996 16620 -3264 -330 -8567 470
-1684 15752 -3516 624 -6260 -97
-1528 15792 -3292 -1421 -3019 -225
-1388 15092 -2220 -2361 -2079 -412
-2296 14496 -1412 -3286 -3441 -1576
-3652 20308 -4720 3096 841 -641
-3900 15312 -2116 -4398 -1048 5686
-3500 16208 -3032 -763 766 3062
-1764 14632 -684 -1324 -363 2981
-1960 16740 -996 1170 1664 2796
-2588 14180 -1092 602 4979 842
-3956 15896 -976 -1706 -586 452
144 16080 -888 -2148 -1035 872
-992 15888 136 -1894 495 1783
-1520 16836 816 -1360 1015 1517
772 15924 1776 828 3932 292
-464 16504 1228 2169 3441 -1316
-1560 15880 -1248 508 2819 -1660
-1188 15332 -2504 177 1652 -1282
-788 15528 -2472 1034 3229 -648
-1284 15684 -2116 1762 4431 -59
-2208 15896 -1760 1610 3892 -22
-2116 17092 -2236 3746 3376 340
-2560 15756 -4036 3518 4808 -684
-3620 15276 -3264 1492 5211 -663
-2356 14984 -3620 1016 5722 137
-1888 15256 -3300 658 5081 -1218
-3720 16108 -3672 937 3176 568
-3164 15524 -2936 1413 2354 981
-3380 15752 -2388 1783 2170 920
-3080 15800 -2832 933 360 670
-2980 14612 -2936 -530 1147 -1327
-3928 16812 -2556 -1566 -858 -1260
-3844 15848 -3800 226 1218 1385
-2400 16532 -3192 -28 1766 45
-2996 17332 -4264 -3729 -2202 -2330
-3144 16436 -4772 -1755 -1757 -2243
-3852 15864 -4928 -2798 -2032 -1978
-2068 15676 -2424 -2223 -1774 -1168
-1908 15424 -2572 -268 -1499 1962
-1580 15780 -1328 -972 -1983 2320
-2856 16348 -1744 -1668 -644 2762
-468 15680 700 1292 -307 2652
-2748 17640 -8 3015 -1160 46
-3000 17032 -1860 3819 -2175 -466
-1616 15816 -2308 2046 -2786 1225
-2956 16508 -2144 896 -2962 964
-2268 15376 -2352 634 -3607 1733
-2664 14724 -2480 27 -3557 778
-3704 15240 -3640 684 -2719 -1129
-2728 16340 -3492 1007 -6137 -1793
-2216 14176 -2956 866 -6213 -2092
-3204 15844 -4856 1205 -3454 -1533
-2856 15328 -2088 220 -3621 -2013
-2676 15368 -1728 1214 -5594 -2016
-2068 15504 -1252 627 -6829 -548
-1956 16348 -1720 5411 -5560 -976
-1760 16984 -3932 3332 -4228 -33
-892 15616 -968 1663 -2848 249
-1732 12376 -32 1570 -1020 -2384
-4140 19676 -5572 2355 -618 -538
-3764 16124 -3216 -4055 -3369 5224
-4016 15716 -4336 2209 -299 2185
-2472 16060 -3012 -2045 -1586 3815
-2728 16720 -3472 1933 2758 3253
-760 15596 -760 -1744 1989 3230
-4416 16992 -2920 -527 751 -23
-2960 17744 -2332 -4485 -2284 19
-248 15652 -2368 -2846 181 1071
-352 18448 -384 -1408 2379 1235
1596 15956 3136 425 6079 -32
860 15088 668 1134 6400 -2260
-992 16080 -2232 707 4540 -1687
-672 15212 -3064 1271 4594 -94
-436 16624 -1124 1595 3181 1028
-1560 14108 -2020 3305 4710 239
-1500 15856 -4068 3858 7792 78
-2228 16672 -4176 4060 6820 -2809
-1996 15612 -6416 6223 4513 -1867
-1936 14440 -3968 2966 4013 -282
-4368 16300 -5072 1812 3827 -286
-4284 15284 -4904 2242 3935 -508
-2340 15544 -5696 453 3114 344
-2348 15296 -4908 566 2641 572
-3276 15828 -4084 717 2604 -491
-3468 15204 -4356 656 2262 -570
-3140 13828 -3972 1096 1468 840
-3296 14320 -6196 1729 3208 3276
-3500 21636 -7536 -7648 782 -2735
-1424 16288 -6268 -5786 2331 -156
660 17356 -5384 -3339 -5276 -997
-3804 15800 -4964 -4700 -2207 -1987
-1940 14236 -3704 -2829 -1592 -1169
-200 17356 -6936 -2073 -2410 -1145
-2808 16716 -4344 -1883 2316 408
-3724 15768 -3364 433 931 1916
-2564 16300 -2244 1322 -3612 1304
-2992 16028 -2080 1564 -1531 1688
-3576 16704 -1948 2524 -2291 -281
-2852 16772 -1448 3476 -2882 711
-3244 16592 -2756 1088 -3839 1132
-3440 16204 -3772 1770 -5062 659
-2588 15752 -3520 1081 -4123 1518
-1896 15760 -2984 -240 -3675 1705
-3072 15824 -3832 7 -6197 783
-2556 14580 -4564 -1876 -8278 525
-2092 15092 -4940 -2742 -8764 -1110
-2168 14164 -3444 -3141 -4616 -1424
-3088 14720 -1868 -4106 -4875 -2918
-1536 16760 -1392 -3789 -2793 -7485
-2924 18020 -1968 -2064 -4860 -2405
-2084 14668 -872 -269 -2009 621
-2568 14836 -520 -517 -1987 16
-2784 13992 -112 -206 -1507 -1565
-3268 16512 -1060 275 305 -544
-3920 19216 -4372 3297 1783 6998
-4312 12880 -792 1068 3287 3652
-4624 16528 -2228 925 758 4289
-1424 15088 -1928 1518 1963 3406
-1600 15916 -728 139 702 3104
-1228 15796 -652 -7 1657 3608
-2624 15448 -1228 -12 1909 1924
-2256 16340 -2512 -621 432 -17
-280 15456 -1232 -2716 405 2041
-924 17664 -1120 -83 1498 2912
20 16444 932 408 1557 1381
240 16824 476 618 1972 -513
1320 16464 -176 944 2069 -1617
1104 16892 -1492 202 2284 -2012
348 15804 -2064 1269 2827 -2089
-1004 15880 -1400 -445 4750 -1875
-1320 15980 -1108 812 6063 -2770
-3172 15976 -3148 1695 4962 -2049
-3356 15060 -2996 2657 -54 -1980
-2824 15048 -1888 528 1500 -1510
-2860 14716 -2924 906 2913 -1087
-3204 14632 -2204 828 2536 -1104
-3104 14628 -3420 1195 2614 1540
-3672 16196 -3000 1403 3000 1475
-3100 14540 -2836 874 3034 2143
-3296 15904 -3688 1140 4859 1713
-3872 16104 -2404 531 4517 1753
-2860 15444 -2840 982 3459 2274
-1576 14160 -3736 2945 2068 4697
-3920 21164 -4088 -3196 -4306 2702
-2432 16636 -4620 -2494 -1414 -1785
336 17400 -2616 -1723 -3296 -1154
-2460 16804 -3364 -2475 -2020 -2542
-240 15376 -1600 -1954 -2494 -2055
-792 16940 -3784 -175 357 -1937
-728 15568 -2512 -844 5644 -444
-5460 17876 -7764 -3179 4714 227
-1328 12812 84 -2757 8922 1889
-2612 15180 -2708 -4 7202 -804
-2064 14304 12 461 5686 -3278
-5868 15616 1196 10 2939 -4256
-5332 16872 -2844 -367 3077 -4227
-5432 15660 -2828 677 1055 -2393
-5184 17520 -2012 1348 -1562 578
-6000 17448 -1680 3417 -10976 3402
-2204 16376 -3952 3415 -12189 4906
-4764 16360 -3948 1953 -10112 4063
-2924 14180 -3988 667 -8613 2186
-1796 14460 -3528 878 -8982 236
-1812 14864 -3660 1422 -5580 226
-2260 14476 -2728 -129 -5759 -1368
-1108 15296 -2112 25 -4418 -2163
-1524 16272 -1888 815 -2444 -1264
-1932 15356 488 -596 -5469 -2226
-2924 15744 -8 676 -9689 -2350
-1736 15092 -960 -2171 -9473 -833
-1028 13792 -752 -2044 -1048 -2442
-2132 12164 -1472 -5472 6233 -2771
-2596 23780 -1524 2162 2665 2611
-6084 13952 -1272 1079 7767 6788
-5712 14960 248 -1594 -97 4249
-2240 15276 -360 971 1393 4730
-2444 15236 -1240 510 2051 4072
-5076 15872 -1532 5 118 1738
-2524 16800 -680 -1937 -1907 1516
-692 14560 -1028 294 325 925
-692 17356 476 -1389 -50 888
640 16480 3004 -360 1574 291
676 16140 2444 488 2970 -545
840 12792 2536 532 2646 -286
-268 15336 -972 152 2350 -702
-412 15324 -1580 880 2554 7
196 15768 -1368 1894 2897 -15
-648 15248 -1128 1145 4527 334
-2492 15888 -1392 1884 6756 -457
-4008 15780 -3100 1097 5449 -337
-2248 14672 -2484 1582 6012 960
-2752 14664 -2000 2157 2654 113
-2272 15788 -2536 2478 3648 519
-1884 15652 -1484 1732 3029 1865
-3284 16504 -2440 1531 4026 509
-3028 15892 -984 1516 3012 523
-2220 15672 -2060 1147 2507 608
-2076 15096 -3452 1184 1610 2048
-3772 17472 -3536 -341 1573 840
-560 18052 -6080 1077 -872 -376
-1548 15352 -2604 -5209 -572 -760
-2140 15072 -972 -1689 -2002 -2756
-3356 16024 -3860 -507 -2275 -2867
-2144 16456 -1160 -2085 -3521 -2696
-1852 14856 -1612 -750 813 -86
-2152 15912 -2944 -3136 1837 1055
-2896 15060 -360 -5853 6480 3816
-2956 18516 -464 -2814 -1001 2795
-1656 17512 -1656 2741 -4593 2850
-400 16068 -20 4545 -2330 4149
-2108 15548 -124 -370 103 3409
-2008 16328 -2192 645 -360 3513
-2388 15188 -1836 113 -1041 1000
-1892 16160 -1644 1048 -5822 -2077
-604 16488 -1904 1295 -6905 -2201
-856 16120 -2044 2561 -6892 -2099
-3056 15708 -2620 3419 -6951 -1881
-1364 13680 -604 1385 -6607 -3714
-2240 16420 -1484 680 -9545 -4799
-1152 15368 -1832 271 -8567 -3620
-1252 16192 -1560 -335 -9808 -4341
-244 14232 -1872 3523 -6793 -1807
-4028 14424 -2716 7707 -2551 -3230
-2240 14432 -1124 3169 -2839 -2566
-1936 14676 -1900 -604 -2015 -2954
-3900 20236 -3200 1804 1804 -1635
-5700 15364 -1156 -60 -2690 8205
-3820 13028 -3884 -830 2834 2294
-3412 17704 -2400 1776 1890 4095
-1636 15128 -3384 1504 3546 2768
-2316 15972 -1368 -537 2659 3466
-2152 15324 -2500 448 2638 3032
-2144 14880 -880 -1487 1361 3299
-732 16820 -2140 -717 975 2298
-360 15632 -792 -1939 353 3655
-1732 17648 -2368 -1597 -930 2301
712 16144 -1236 -3711 -199 3378
1376 17716 -1360 295 2542 1591
1128 16732 -584 2576 4908 1134
940 16748 -716 1366 5169 -1121
396 15936 -1084 1249 4797 -1818
52 16068 -2716 -145 4064 -2512
-748 16108 -2544 144 3865 -3027
-848 15652 -832 -216 5055 -2703
-632 14896 -1832 328 4583 -2001
-536 14904 -3632 2592 5260 -467
-2352 16292 -3908 2231 3788 -218
-2488 15088 -2328 1830 1382 288
-1856 15300 -4176 1747 844 1306
-1308 15760 -3736 1996 2280 1386
-1536 15892 -3876 2683 3776 2659
-2144 16348 -3044 1903 4055 1090
-2072 16040 -3680 1895 4179 1534
-1500 16316 -2652 812 2427 -417
-2432 15928 -2268 -538 2423 -1800
-1368 15164 -3708 -132 2517 -1546
-3028 17332 -3864 -1022 2454 -3282
-2068 15948 -5968 -2338 3141 -1357
-828 15640 -4956 -2994 1571 -1529
-2124 15776 -2716 -5020 220 -867
-2444 17040 -3452 -3730 634 -1755
-2164 17020 -2904 -3916 154 -1144
-840 14088 -360 -2854 -1446 -1664
-188 18168 -8 -2513 -1669 594
-2576 15784 -1016 -3737 4388 4522
-2556 16660 -1712 -4603 -2030 5367
-2564 15864 -1156 -2356 -2055 3304
-2320 16376 -160 3406 -2140 2392
-1424 16172 1264 4563 -3237 2052
-1668 16320 -980 3316 -3901 1331
-596 15468 -1520 3524 -3518 629
-1688 14852 -1200 1747 -3451 -1298
-2760 15372 -704 919 -6301 -4198
-1044 15596 -1388 2418 -6787 -4486
-1404 14836 -2480 2903 -7404 -4655
-2760 15464 -2928 1460 -9369 -5406
-3432 14608 -1980 -314 -9372 -5660
-3544 14708 -3140 -1421 -9743 -7092
-2580 15932 -2188 102 -7010 -4561
8 15936 -40 1851 -455 -2097
-1868 16528 -564 1247 653 679
-5044 21672 -2176 5859 2522 6312
-2120 12556 -776 1316 129 6343
-5244 17836 -2668 1417 1635 4965
-1208 13560 -2732 1206 3588 4362
-4536 16420 -2536 1170 9620 -1921
-2732 14284 -1780 -609 4294 3262
-2204 15284 -2512 3293 2818 3453
-1280 16604 -2064 707 -566 3587
-2260 15548 -4524 1789 -217 2803
-3296 18640 -6332 1115 -1061 1731
900 16112 -3164 120 -1988 993
96 16672 -4028 659 612 -1045
-1216 16952 -1648 -1147 1030 -827
-552 16800 -372 -553 2251 -662
512 15240 -280 621 2334 -1480
-232 15756 -2144 899 2383 -1637
-984 15612 -3056 588 3253 -1877
-2028 16016 -4684 761 2747 -1700
-1820 15476 -3536 853 1926 61
-1104 14508 -4596 1140 5734 482
-2188 15860 -3828 1239 5565 -55
-2412 15860 -3568 1080 4271 807
-988 15140 -3688 -353 3368 981
-2408 16476 -4944 -1 4527 -361
-3648 15632 -4336 -609 5780 1162
-1884 15620 -3204 582 3801 369
-2928 16992 -3964 -1364 5787 -2528
-3148 14892 -3084 -611 3883 511
-2368 14820 -2008 -156 2833 1211
-2100 15848 -3856 307 1446 2406
-2652 16564 -3888 -2352 697 -1924
-1740 16852 -4936 -923 -252 -1103
-1068 15732 -5152 315 -2270 -2069
-2168 15396 -4752 -1271 -2038 -1265
-1800 15532 -2380 -32 -1110 -1889
-1780 14308 -1180 -2520 -135 -873
-1888 16216 -1732 -2600 -11 127
-2516 16052 -2764 -1541 2941 1371
-2888 17204 -5048 -790 403 3694
-2504 16960 -2364 3631 -8096 2615
-2504 16224 -1252 1811 -3987 3302
-348 16292 -1636 1466 -2424 2078
-1532 16040 -684 1053 -3021 1509
-1176 16176 -1552 827 -3021 1143
396 16568 -4600 -97 -1400 375
-2296 15392 -772 -486 -5583 -1036
-2028 14984 -1548 -961 -5351 -2102
-1776 15996 -3012 -935 -6688 -4669
-2608 14888 -2308 76 -7477 -4190
-3824 15000 -2268 155 -7854 -5171
-3012 13872 -2288 -2458 -8643 -5660
-2812 16692 -1080 -1112 -5700 -5148
-2096 16196 -1888 3592 376 -3550
-3188 14728 -108 406 -234 -443
-2932 16548 -184 626 -1692 1049
-2908 15204 -640 1441 -1505 129
-2604 14836 -472 446 -696 -1436
-4788 19548 -1996 1580 -3791 5505
-3680 12244 -2472 1300 373 2926
-4352 16532 -768 -76 23 4246
-2168 15292 -2008 1167 1756 3149
-2064 15612 -1636 622 1336 2964
-2520 16264 -384 68 152 3612
-1936 15020 -1840 350 2134 3249
-3128 17212 -856 -166 -695 1453
816 15264 -964 -832 -613 2904
-1180 15520 -2312 547 2254 3413
-1572 16248 1172 85 354 1586
332 16416 548 670 1121 -371
36 16300 -96 783 2271 -1346
96 15928 -1360 -684 1393 -1567
-340 15520 -2012 -158 1289 -1279
-684 15988 -2544 1332 2582 -1169
-464 15260 -1112 1417 3677 -477
-2304 15568 -900 235 2179 -1036
-2096 16812 -3512 1410 3935 -1351
-600 14692 -4056 1970 3409 921
-1172 14380 -2036 2346 4693 1753
-2984 15760 -3316 3356 4490 2144
-3060 16332 -2280 3112 5727 2042
-1804 15996 -1052 2630 5771 2489
-1620 16436 -1584 3092 2673 1544
-1552 15272 -2428 4005 3934 1500
-2452 19744 -4136 -80 772 -1632
-2012 13764 -3968 -331 2770 -3490
760 16936 -6072 -1129 -2069 -2426
520 16236 -4964 -2109 639 -3452
-560 16548 -2712 -4430 2225 -1163
-1804 16492 -1424 -2472 59 -2131
-2492 14284 -1572 -1701 -3218 -2915
-1568 13664 916 -4385 -2353 -4191
28 18252 -5396 -37 -3241 -2100
-3728 17464 -4400 790 3091 2953
-5560 17752 -3452 1210 -2443 3093
-3892 15872 -1824 2136 -3814 2374
-4568 16472 -2436 2079 -4615 415
-3512 16184 -3224 1056 -3072 664
-3772 16444 -1820 1230 -6038 1222
-2872 15640 -2448 1000 -9027 807
-3336 16216 -2836 1873 -9550 406
-3876 15036 -3048 2114 -11287 -1058
-3776 14444 -2456 1474 -11881 -2607
-2516 15368 -2720 1620 -15870 -3791
-1824 14744 -2360 1385 -13866 -2840
-3476 17016 -2400 523 -12869 -1556
-1132 15264 -1776 -858 -11580 474
-2692 16672 -2136 816 -11826 -306
-3516 13924 -172 2622 -16118 -1670
-3160 15540 -2312 896 -11764 -612
-1688 16020 -1536 1827 -8372 102
-1584 15404 140 2132 -7141 897
-2240 14012 -1208 1814 -4892 -485
-1248 13468 -500 197 -5703 -3121
-2468 15588 -32 425 -8669 -4691
-3512 15092 820 871 -5161 -2492
792 17668 -2724 2896 -1118 3058
-1972 16048 2592 3441 -6198 8013
-1044 16880 -3016 2486 565 6652
240 15684 -2236 948 692 5694
-976 18100 -3036 -447 892 3267
684 17140 -1852 -2411 1452 355
1432 16192 -1060 -2746 1440 176
1688 16028 -1880 -2676 1260 -2180
1596 16864 -612 -976 343 -2370
2872 15248 -64 658 1127 -875
1236 15556 -104 763 -32 -1106
608 15960 -1716 869 -924 -1393
372 16384 -2424 1474 -732 -1776
156 15356 -2264 2703 1869 -407
-56 15464 -2464 2676 4541 1455
-1768 15140 -1984 1987 5494 1931
-2116 15924 -1604 1462 3334 787
-848 15240 -2364 2436 1558 1682
112 15076 -2800 2569 1888 1834
-732 16460 -1704 3236 911 1285
-888 16120 -1988 3074 724 1755
-696 15336 -1796 3810 1390 1560
-1476 15372 -2272 3817 2427 1649
1440 19100 -4164 1476 -424 -2664
-956 17404 -3388 -1464 236 -7019
1788 15800 -5044 1501 83 -4177
1372 16320 -5400 -1961 -714 -5142
-660 17528 -4672 -2548 -428 -3170
-1644 14992 -3032 -1116 -1145 -3663
-1672 14892 -1776 -2144 -14 -1970
-1928 15368 -784 -3285 -325 -2852
-2764 15304 900 -3753 -653 -1670
536 18000 -2756 -1191 -2447 1546
-2988 17300 -2172 1089 -2583 4503
-1548 14908 -1144 2071 -3594 3986
-3448 16152 -1528 1594 -4659 1385
-1560 16032 -2148 1560 -6672 73
-1556 15908 -2704 1338 -5781 456
-1560 16372 -2344 519 -6477 382
-2316 15988 -2796 366 -6433 522
-1784 16052 -2508 640 -7050 -1422
-1456 15368 -2220 203 -6141 -1015
-2164 14380 -1960 -252 -6901 -2388
-2168 14880 -1516 -209 -9517 -3610
-1604 15076 -1116 286 -6814 -2759
-2544 15204 68 -650 -8355 -3470
-2500 15656 -256 -291 -7956 -3839
-1912 15784 -96 -556 -8738 -2351
-2600 15736 -364 1328 -6002 -596
8 17652 -1720 3561 -2320 389
-2552 15928 -512 839 -1749 1076
-2284 15864 -276 1850 95 1423
-1440 15320 -464 1953 -903 44
-2352 19196 -1580 3074 -905 1866
-1332 14560 -1164 1146 -1230 3726
-2292 15820 -1788 -80 -620 1830
280 15292 80 -997 -4381 1423
-384 15728 -2572 1301 -2900 1810
664 16620 -792 1065 -1915 2037
-724 15860 -1620 430 -1941 288
-2168 14300 -1536 1410 -2258 2239
1648 15416 -1528 -188 716 2554
632 18064 -944 2011 4128 2231
812 15992 412 2066 3877 -99
840 16700 -860 834 2229 -888
592 15428 -1780 238 2359 -1456
-140 16016 -2892 -22 2977 -1031
-392 15752 -2468 57 2893 -652
-220 15424 -2940 1787 3046 -747
-1168 15656 -3240 3043 4681 -152
-1720 14104 -3096 3298 5845 402
-2588 17048 -3224 1100 3291 -738
-304 16256 -3112 1249 4114 123
-1684 15576 -2468 1557 2379 -217
-1508 16224 -2868 2228 3013 786
-64 15464 -2932 2635 4564 1755
-2472 16828 -2504 1516 4538 712
-1692 15700 -1896 1107 4127 864
-1188 14816 -1620 802 3772 104
-4312 19320 -5396 -4442 2612 -6620
-1260 13784 -3416 -2195 1166 -3350
340 17672 -5952 217 -3457 -3096
-3104 16572 -4344 -2249 1677 -2925
-1404 14104 -2644 -3712 2307 -1760
164 12428 396 -2753 1712 -770
-4088 16724 1680 -4437 -548 -1065
-1072 18532 -3932 783 -4085 -1777
-1468 19328 -5920 -1700 2967 5129
-4652 17308 -1408 -1828 -563 3640
-2724 16732 -956 2380 -4015 1568
-2376 15184 -2052 1610 -2119 503
-1832 16320 -3212 862 -2550 718
-2616 16144 -2116 3 -2192 1017
-2896 16744 -1556 -538 -4470 -580
-1880 15844 -2156 -536 -5847 -753
-1516 15540 -3200 -393 -4578 -370
-2072 16248 -2676 827 -2708 261
-1704 14600 112 143 -3105 257
-1108 15008 412 -679 -7060 -1430
-1316 15780 -372 -1574 -7525 -1675
-1952 14832 -20 -2117 -8602 -2782
-588 14220 -280 -1579 -8240 -2116
-348 16008 -964 -120 -4791 -1222
-1412 17196 -664 -964 -1170 -1423
-612 15748 132 79 2245 -764
-748 14532 1048 -105 1154 -399
-2492 16284 -108 270 3154 -1273
-1408 17604 280 1623 -694 3772
-2176 16052 -700 1336 703 3723
-2204 15160 156 706 1236 4471
-1196 15656 -64 1868 559 3107
-856 15420 376 1138 301 2827
-396 14596 240 255 -138 2998
1020 16588 1244 1340 456 3029
-1540 16548 300 915 -754 845
740 15892 448 -382 -1227 2799
364 16120 -240 133 2834 2611
800 17616 -316 2318 4371 664
768 15832 -1704 2070 3265 -1785
484 16680 -1812 528 4271 -1414
232 15584 -1104 -272 3252 -1475
260 16196 -1232 -290 3856 -1011
212 15032 -1536 -181 4778 -296
-636 15536 -1524 -354 3696 -1079
-532 15436 -1580 -325 2666 -636
-1492 15592 -2028 83 1664 -3
-1228 15976 -1460 821 1981 750
-920 14696 -1324 1731 759 1765
-996 15852 -1900 1807 1245 1817
-780 16072 -1432 2456 2252 1968
-888 16240 -144 2190 4515 61
-700 15988 -380 1754 6348 -47
-820 16224 -248 -832 4430 -687
-2892 16768 -3260 -2058 1725 3786
128 15864 -216 -3086 3550 -4327
-348 15992 -3564 -2074 488 -1452
-612 16416 -1524 -2230 1855 -2677
-3512 16032 -2084 -2906 711 -1829
-2612 15476 -180 -2605 -309 -2845
-1384 16172 -436 -2207 -1459 -2892
-724 14532 2400 -4884 -333 -2181
-3928 17056 -180 -3129 -1503 -451
-112 16140 -144 -1275 3150 7869
-1820 16812 -112 -115 -1138 7337
-1648 16324 568 187 1105 8022
-2204 15932 2380 1531 -124 2837
-696 15804 1768 3003 -1971 963
-808 15524 320 2341 -2517 -639
-1276 15676 -1112 2246 -4243 -1876
-656 15664 -384 2357 -4615 -3333
-372 15104 -180 1218 -5368 -3798
-1160 14968 -412 1134 -6939 -4107
-1244 15916 -1208 1212 -6604 -4285
-1356 15792 -684 863 -4640 -4417
-1860 15820 1036 -385 -6062 -3973
-2508 15424 748 -1507 -10406 -4864
-1016 14556 -492 -885 -7339 -4085
-1820 15864 -344 1126 -537 -3232
-1256 14568 1256 2070 -328 -2369
-1908 17956 -4 1890 -660 -500
-4072 17132 964 194 -2976 4485
-2664 15196 -1072 810 -122 3173
-2464 14864 396 1096 367 3864
-1620 16400 -396 2690 1266 3649
-2296 15884 -444 3390 1745 2972
-1704 15336 -156 1462 1104 3855
-908 15772 -712 878 1004 3036
-536 16224 -192 1102 83 2337
-64 14992 -348 954 49 2347
604 15808 1104 407 756 3301
-1324 16816 -944 502 1405 1563
-964 17116 108 -4167 411 220
0 17128 -316 -2097 2602 -1017
968 15432 476 1307 4550 -567
1384 15608 524 2031 3714 -1619
-424 15792 -416 1367 3602 -1911
-1288 15224 -2056 1301 3433 -1915
-624 16772 -2636 1327 3377 -2299
-284 15408 -1940 1663 2981 -1654
-1204 15444 -1760 1498 3845 -1063
-1860 16028 -2544 1554 3956 -1071
-2044 16016 -3072 1318 3567 -1021
-1888 15424 -2672 1852 3694 -802
-2252 15232 -2640 1163 3145 132
-2156 14948 -4096 2646 4197 1430
-2608 16312 -3292 3242 2577 2415
-2868 16004 -3496 4344 3056 2893
-1328 15508 -2252 2929 3184 1416
-2320 16764 -2332 2003 3535 326
-1916 15904 -2548 1525 2086 76
-4172 19084 -5948 326 2657 1382
940 15536 -3552 -3442 1462 -3814
-1888 17224 -7044 225 -1360 -1902
-1204 16284 -3680 -1320 714 -2420
-2796 16524 -4904 -4119 -216 -1572
-2140 16100 -3224 -2988 -258 -2133
-1828 14576 -1928 -3004 673 -267
-1752 15260 640 -4368 915 -2534
-3844 15432 -4604 -1293 -980 -1968
-1352 17924 -2792 -2278 5785 3590
-4620 17272 -1680 -1992 -356 4866
-2808 16800 -1724 869 -5263 2882
-2912 15964 -1132 3268 -3451 1684
-2136 15560 -1424 1567 -2149 1208
-1844 16168 -2644 782 -3201 518
-2728 16080 -3020 1441 -3605 885
-2408 16204 -2176 398 -4828 -98
-1888 15184 -2384 506 -4702 965
-1988 16184 -3532 1384 -9032 543
-3636 13892 -2808 282 -10420 -2557
-1256 15616 -2744 -650 -6963 -2810
476 16024 -2124 -141 -3254 -2839
-1304 16128 -428 212 -1277 -1508
-1456 16148 288 -1107 -3127 -1781
-976 16392 -940 451 -4553 -2463
-1964 16336 152 -1806 -5761 -838
-2020 15116 -592 -1816 -5092 -1390
-2008 15932 -1576 -1373 -1468 -745
-1704 15056 -972 -1345 329 -364
-956 15832 -308 -897 426 141
-1832 17004 -928 -1477 4968 -1369
-4112 16420 -528 543 1088 4296
-3980 15148 -952 415 2383 3513
-1712 16600 88 671 959 3814
-2192 14868 116 1230 1589 3202
-2320 15340 196 195 148 2768
-1360 15932 908 134 -1347 3788
-1924 14856 -356 1240 3393 3272
-3288 15352 712 -1600 -109 2887
448 19076 196 -1394 -23 -1602
-96 16628 864 1337 5721 145
-240 16120 804 145 4772 -1569
32 14948 -1856 36 3527 -1680
-1112 15216 -2212 222 3125 -1345
-644 15348 -1296 799 1970 -168
-744 15220 -720 725 2659 1212
-1480 16068 -2052 2004 3270 206
-1204 15528 -2372 1951 2457 406
-1048 15096 -1728 2226 1900 1306
-1176 15996 -1640 1080 748 1538
-1456 16116 -1708 1637 738 1854
-1072 15852 -1820 1438 1225 1069
-2248 16236 -720 1213 70 103
-1348 16716 -2828 3003 2200 239
-1024 16464 -748 2614 2641 -1015
-580 15612 -1460 2316 2412 -1123
-2036 16380 -2576 866 3131 -839
-2412 15884 -2036 199 1954 -720
-996 15256 -2996 828 1865 465
-4520 19988 -3216 -1097 891 -763
-1940 15932 -3376 -1671 1011 -1282
-652 15668 -5100 -774 -959 -1179
-2724 16604 -2728 -1721 1537 -1437
-2876 16072 -3100 -1626 -1435 -2092
-1308 15704 -1848 -1618 -2306 -883
-2596 16284 -1812 -1925 -1530 -1223
-2012 14776 960 -3002 -3044 -1066
-1716 13976 -3000 1877 1047 697
-3360 19064 -3272 -296 2704 1779
-4184 15456 -712 -1555 5044 4294
-1428 16852 -348 1184 -2199 924
-1720 16880 -748 4336 -1901 506
-1348 15940 -884 2452 -1349 879
-2644 16068 -2528 701 -1395 300
-2804 16000 -2880 1780 -2016 78
-2316 15420 -2236 1517 -2196 -630
-3276 14840 -3624 1986 -5437 -2319
-3552 16460 -2240 -378 -7613 -607
-1488 14412 -2168 2341 -8637 -499
-2036 15232 -3396 1475 -9103 -2906
-1264 14724 -2404 797 -7045 -2495
-1896 14960 -1960 -158 -3802 -2790
-2224 16008 -840 -212 -2305 -4197
-3832 16500 -828 -670 -3409 -3065
-2540 16496 -1408 -597 -668 -1368
-2064 16300 -2392 621 3572 1652
-3432 17932 -636 1508 2456 5467
-2144 14216 -604 92 1831 4655
-3184 15572 -1008 -1823 -1016 4813
-1080 15672 -2072 -771 -360 2488
-188 14416 -1684 138 -327 1889
-2396 16492 -2628 991 1041 1442
-1604 16476 -2492 2485 238 1369
-1560 14380 -2864 1047 39 1074
-1548 16564 -2964 -744 589 2588
-948 15900 -1320 -3450 727 4163
-1948 17292 -1848 -2140 42 3442
-656 16556 -392 -1995 957 1156
-880 16576 432 -3985 2019 167
-976 17240 -916 -2886 4884 144
-180 15708 2128 -1691 5687 -1261
208 15876 2052 1243 5466 -1832
-84 15072 -20 629 4175 -617
-376 15568 -1352 410 2875 102
516 15840 -1536 1347 2216 511
-808 15716 -964 2084 2527 634
-624 15820 -1880 1629 3350 577
-928 15476 -2220 1093 3206 305
-1772 16084 -1996 1875 2551 350
-1520 16108 -1932 2422 1751 82
-1788 16172 -1912 2451 3927 13
-1144 15388 -2192 1717 4536 -316
-1396 15788 -1452 1548 3689 156
-2920 16100 -1648 1926 2536 1163
-2052 15328 -1148 1897 520 771
-2456 15508 -1052 927 -779 546
-2916 16196 -2408 -861 -1985 -1279
-1980 17316 -1348 -804 -1252 -3856
-1304 16376 -3292 -268 -1792 -3276
-924 15648 -3212 -2993 257 -4049
-3588 15648 -1904 -2954 1172 -2996
-2044 14624 -1416 -2473 1084 -2550
-1888 15116 -472 -3727 1811 -2058
-2728 14524 1252 -4264 2129 -35
-1528 18372 -1684 -347 -32 2731
-1700 16664 -972 -1065 5936 6883
-4032 15988 -636 -966 6291 8846
-2436 16212 -824 -210 59 5181
-2068 15652 440 1169 946 3272
-1872 14888 -600 1149 -730 223
-1268 15684 -1176 1966 -1999 -460
-2112 16088 -1668 975 -3572 93
-3144 15932 -1456 364 -5811 -2049
-2076 15400 -1412 474 -9192 -5201
-1312 15440 -1708 1870 -9322 -3500
-2304 15876 -1476 1068 -7589 -4199
-2760 14472 -332 -22 -7774 -5244
-2780 14840 788 -801 -12818 -7069
-1380 14704 1284 -2062 -17446 -5354
-572 15168 -2292 1805 -4332 -2652
-148 12140 1244 -1104 150 -3597
-5068 23548 -1536 4316 28 7715
-1904 13248 -596 4428 1344 4101
-4920 16800 596 1838 445 5949
100 15124 -2164 3529 3283 4484
-1936 15100 -648 2838 3944 3949
-1208 17064 -492 651 425 2472
504 16256 -744 1742 489 3463
-3020 18076 -1792 30 -1016 507
-24 16160 -208 -3606 -564 1391
560 16544 -1160 -2680 839 1094
144 16712 -1148 1491 5278 1539
-552 16204 -456 381 5932 -1052
-640 16148 -596 -362 6355 -2103
-764 16324 -2304 -767 4676 -2078
-728 15760 -3372 -713 4262 -1679
-1408 14888 -2816 541 4693 -197
-2572 15648 -1424 -1508 7683 -1475
-1048 15124 -1044 -383 6876 -579
-852 15604 -1944 1478 5139 -568
-2632 15332 -1348 1338 3531 -235
-2792 15152 -1448 1836 2569 1627
-1512 15404 -1436 2932 3451 1446
-2352 15832 -1396 1440 4292 653
-2488 16372 -1380 807 5954 -103
-4340 16220 -2660 173 3467 111
-2068 15616 -1140 874 2712 -926
-3160 15764 -1760 191 1290 -7
-4728 16336 -3888 -1696 -35 1567
-1048 15740 -1084 -1676 -1329 -606
-2984 17172 -2244 -585 -1656 -1296
-2532 16068 -3640 -1490 560 -1357
-2720 15140 -396 -2632 -633 -3985
-3380 15504 -84 -2592 -1601 -4537
-2644 13504 764 -2857 -939 -568
1164 17348 -2748 2030 2544 470
-6324 15920 -2984 -4684 3127 1411
-4980 15944 384 -2286 301 -684
-3660 15980 56 261 -1810 1172
-3680 16444 1644 2295 -1835 3281
-1772 16012 1036 2345 -3878 3649
-2064 15132 -308 867 -1773 4383
-3312 15104 -1156 716 -953 3804
-3036 14224 -976 725 -3178 644
-2100 16116 -1420 1131 -4515 -1565
-828 15420 -1284 1434 -4976 -1254
-2368 14724 -1584 1044 -7583 -2933
-2664 15040 -1992 337 -8353 -4100
-2448 14608 -684 91 -7564 -5090
-2604 14672 1324 -1600 -11918 -6788
-2452 15176 -224 -1001 -10426 -5671
-2436 14936 -40 -280 -3979 -3741
-380 13044 1864 89 2238 -3548
-4652 23084 -508 6007 4361 4733
-2900 14048 -180 2299 1574 5186
-6048 16008 588 1767 2010 4936
-1912 15512 -1612 624 2932 5242
-3272 15476 320 1130 2570 4170
-3200 14420 52 -90 2971 4755
-484 16252 -696 678 578 3223
-644 16036 -188 1207 -882 3815
-1284 15496 -1532 467 -428 3135
144 17140 -1480 -1796 -1121 1901
48 17600 -1960 -722 1946 1340
608 16704 484 1502 4282 -733
368 15720 64 1817 6035 -1396
0 16140 -708 860 6076 -2102
-304 15232 -1532 -232 6666 -1735
-132 15100 -2300 893 5619 -530
-856 15876 -2696 1395 6421 -196
-2268 15676 -2492 1219 6090 561
-2156 15704 -2392 1182 4481 672
-2204 16064 -2172 1492 3976 393
-1932 15596 -2296 1176 3288 901
-1568 15280 -2040 1325 4523 1662
-1128 15424 -2548 1921 4772 1768
-1340 15636 -2172 906 4978 1353
1532 15144 -1300 1744 4655 1656
-5380 20632 -5196 135 6656 884
-756 14328 -2040 -3138 1922 -2985
-516 15068 -3620 -2602 145 -2777
-2496 16184 -2380 -4128 190 -3623
-1948 14028 -3796 -6386 3154 -2253
-2132 15556 1316 -4708 321 -2047
-2524 15268 1024 -3113 -480 1162
-4000 18400 -3404 -3240 1364 1255
-2188 16348 -1544 -2353 14599 5897
-2388 17460 1144 375 3755 4012
-2332 16928 -868 -169 488 2358
-1752 17464 -56 198 758 1553
-944 15764 -1036 -721 862 561
-1740 14732 -1328 -625 1017 357
-1508 15176 -68 -20 1315 -775
-604 14812 -200 762 1077 -1109
-840 14388 -64 666 468 -1237
-868 14972 600 246 673 -2110
-492 15560 -540 770 -890 -2318
-288 15148 -196 1531 1290 -942
-96 14764 -1108 1631 3477 -1254
-104 22008 -364 5010 -2344 7199
-1364 15132 -176 62 3982 7591
-2744 16440 -1556 -1004 302 3823
-3420 17568 -1336 -3689 1582 1122
-2448 17280 -1244 -3433 2474 -2367
-3632 15164 -252 -5581 811 -4794
-4176 14536 992 -5114 1062 -6040
-3920 13364 376 -4110 2610 -6021
-3760 13284 1888 -1894 4296 -3622
-4628 12744 2388 -821 3846 -2710
-5280 13172 1600 -907 4055 -2053
-6316 14132 1136 910 4772 723
-3984 13116 1364 -163 6708 2634
-4512 13444 2956 -236 5264 4838
-2652 13320 2040 -540 6222 6241
-3580 14180 1388 -372 8448 6260
-5416 16224 524 2072 6839 7662
-1904 15136 -2008 623 4245 8778
-1820 16256 -3716 3764 7106 8040
-1244 14628 -1776 4612 6942 6447
-2576 18000 -1532 4475 5351 5841
-2204 17876 -1396 3967 3602 3299
-676 15768 -1336 2823 3764 1611
48 16304 -1300 1891 1629 364
-176 17052 -2780 1672 2535 -220
584 16964 -3620 1884 5647 -1515
768 17332 -4612 1960 4063 -2138
-1056 16520 -1988 -1313 6235 -2739
-768 15692 -1468 -2982 2948 -676
-204 18148 -1772 -2970 2227 -4149
-972 15368 -3704 -3646 3873 -1795
-1812 14492 -444 -5228 6468 97
-1068 17684 -3628 -253 -883 3267
-732 15884 -2616 2385 764 4342
-88 14536 -484 -1515 -598 2345
-1168 16824 -2040 712 -2399 809
4 16852 -2024 -412 -1841 -846
-840 15360 -2636 -1615 -1333 -2883
-212 15624 268 -3874 -3912 -2958
-1616 17164 304 -4316 -6587 -3463
-692 14260 -72 -2869 -2551 -1535
-1160 13488 2068 -3533 -2888 -2546
-160 14892 2344 -2026 -2980 -2467
92 15416 3652 -1107 -385 -1140
124 17696 -1816 3923 4036 355
-3476 15424 -2728 2612 277 1390
-4864 16900 568 1811 -2108 -2035
-1628 16232 -1876 2816 -3325 -778
-5068 20344 -1020 2380 -944 3371
-3076 14240 1628 364 -4819 941
-4620 16644 -712 -412 -593 1023
-2812 15988 -1272 -471 1481 -387
-3656 15644 488 -789 355 -618
-2740 15244 372 -1701 -232 -2678
-2372 15624 -884 -2345 167 -2461
-2328 15712 496 -2009 603 -2331
-2788 14688 976 -2304 -125 -1998
-3164 14848 860 -1470 166 -1706
-2764 13940 1312 -876 841 -1827
-5012 15116 1244 -1000 741 -2287
-3916 13596 1520 -2084 404 -1591
-3564 13784 1620 345 881 -182
-4704 14040 1468 2044 1967 -1118
-5732 14640 1820 1565 851 -351
-6164 15720 760 974 1515 -142
-5348 14464 1072 1806 3183 -477
-4304 14824 1488 646 1866 -515
-4288 14748 -152 836 3396 433
-4948 14352 556 5 3709 801
-5004 14416 -468 1097 4099 1477
-4496 14156 1104 -108 4376 3438
-3504 14680 -108 -21 4522 3717
-2824 12972 1756 -775 7759 5496
-3512 14292 3528 63 6052 8015
-5084 14312 -1996 1384 7740 5916
-5924 16768 -4508 1236 2996 2956
-3416 18508 -3036 5072 2704 490
-1680 15632 -2612 2721 3015 -134
-2348 14720 -1952 2070 4070 1906
-2720 16108 -2252 2193 2286 880
-4976 17556 -2708 -2212 2343 -2083
-2180 15656 -3868 -386 2433 -782
-1256 16968 -2672 -2728 4967 -1530
-3724 16924 -1928 -3537 3189 -2368
-2152 14760 -1876 -1862 1344 3078
-2072 18088 -2204 2858 -3256 4574
-1532 15036 -2056 1561 -2167 4001
-1652 16788 -2348 852 -1343 3192
-1760 15456 -2660 880 -3809 1609
-860 15316 -3044 585 -3932 127
-320 15120 -3364 232 -4518 266
-804 15312 -2220 -697 -4661 -1546
-1032 15516 -1484 -1271 -7349 -5432
-2472 14256 652 -5947 -7552 -8810
-2340 15984 -1304 -1138 -4836 -4876
-2868 17420 -312 2073 -520 -1646
-2472 16928 -1020 2247 -3492 4248
-2964 17016 -1960 -346 -1918 1364
-5308 14956 -1716 -581 -1161 982
-1880 15412 -2948 16 -1040 2401
-2848 15660 -316 -1872 -1795 1605
-3148 15528 -2220 -296 -1798 1489
-1960 15844 -144 -753 -1484 1439
-940 15360 228 -1383 -853 2449
44 14276 1288 -592 -1404 3411
148 15732 1832 -575 -291 3088
1392 14344 660 1109 3986 5774
2128 17568 -1048 1755 6112 5283
-1780 17288 -372 3037 2257 2271
388 15804 -736 1341 2329 -840
448 17404 -588 1993 2924 -1960
-820 17384 -896 537 3090 -1855
-1636 17048 -1344 -332 1760 -2696
-1328 16660 -568 -1753 3048 -4847
-1692 15524 -576 -789 4324 -5719
-1396 15748 -1408 -242 2439 -5617
-4040 14180 -2156 -339 1634 -3399
-3880 13656 -1344 16 1658 -1821
-3404 13664 -1776 1287 994 55
-3712 15644 -1400 1710 748 1182
-3848 15068 -356 2301 2623 1126
-3692 16432 -1556 2940 5711 2334
-2408 15216 -1448 3059 5481 1875
-4308 15640 -800 2668 5323 614
-2780 14996 -2208 1694 3964 3228
-1944 15644 -1668 1119 7758 3520
-3088 15668 -1700 -47 4680 4314
-6576 22844 -2528 -686 3265 -3890
-2352 13032 -4568 -304 2859 -874
1108 17592 -4104 -3519 343 -2722
-3256 17264 -4956 -3429 4777 -2123
-2520 14916 -3112 -2480 4068 95
-2260 16044 -3136 -3495 4193 -754
-3120 14056 -1460 -2367 3327 141
-3360 15536 -1648 -1117 -230 -1063
-2260 14632 648 -1552 -907 899
-3388 15264 -2016 -2477 -3073 1315
-4900 17816 -212 612 -4027 97
-2136 17244 -1460 2145 -6997 281
-236 16908 796 3385 -6790 1437
-2280 16432 -524 4428 -6233 2309
-1920 15924 -552 2598 -4382 2289
-2448 15136 -2124 2174 -5027 1445
-900 16140 -3700 2005 -4445 838
316 15856 -3072 2858 -5208 732
368 15536 -2248 1813 -5059 -297
-880 14844 -2368 2761 -7042 -1797
-1440 15232 -2992 1560 -8037 -3869
-2048 15884 -1608 -326 -8401 -5839
-2080 15212 -764 1246 -13265 -7130
-2096 16500 -3144 456 -4694 -4025
-2444 20288 -4408 3173 4217 1372
-2024 15088 -1640 1697 -3497 4970
-2744 15236 -3788 2035 -1549 2264
-3652 13248 -2028 1047 -1173 3144
-1112 15516 -4024 1700 -327 3179
-1412 15712 -2416 710 -1453 2010
-1536 16068 -3172 -1058 -1204 2653
-1020 16796 -1884 -4941 -1227 1974
-1196 15476 -3264 -2894 -4297 1648
-820 16468 -2320 -3931 -3126 450
-788 16396 -1040 -4446 -583 172
-760 15368 -120 -4234 549 361
560 14864 108 -3196 1538 1848
820 13868 2512 -2008 4331 3577
2452 17840 -2336 3250 4828 3716
-1700 16356 -500 2907 3330 2937
-548 16792 396 448 3043 1977
1028 16140 -700 1605 1546 435
-100 16776 844 1587 2329 -2458
32 16064 288 1376 3551 -4291
-876 15772 -1904 1619 3853 -4707
-1996 15524 -2520 683 4229 -4453
-3512 16368 -2664 2431 4166 -4761
-3008 15872 -1784 1939 3113 -4463
-3632 14696 -1776 1294 2866 -3949
-4792 15592 -2796 1119 715 -2868
-3504 15056 -2340 2145 2710 -925
-3268 14776 -1792 3736 7197 762
-3388 14768 -2476 3239 6298 2876
-1580 15664 -2336 2033 5797 3197
-2668 15376 -1676 1401 6822 1296
-4612 15620 -4636 1478 4298 2346
-5196 17820 -3568 818 2910 -4655
-3428 15440 -4236 720 2685 -2479
-2468 16572 -5392 -1144 -742 -2038
-4216 16456 -5608 -3114 3021 -1983
-3996 15036 -4128 -4043 5648 -745
-3464 15596 -3984 -4779 2494 -617
-4768 15344 -4060 -5336 3264 49
-4484 15656 -2604 -4183 1498 1201
-4332 15164 -1840 -3697 1879 1550
-3288 14156 -788 -4382 1767 3552
-2944 14268 168 -424 889 5997
-3924 15048 1176 -211 -997 5914
-5856 17724 -2796 -531 -8534 582
-2004 17568 -3080 2877 -7930 -1857
1024 17652 -2212 4857 -9171 1703
-1684 16936 -1232 1022 -3619 3248
-1456 15268 -1484 3263 -4888 3090
-1068 15288 -2848 2790 -5692 2529
-436 14520 -3040 1942 -5876 713
-768 14992 -3176 1469 -6765 -1513
-336 14632 -2052 671 -7670 -3224
-1000 17044 -2728 1353 -6563 -4468
-1220 15296 -1964 -28 -6604 -5189
-1424 17248 -2180 526 -5102 -2925
-1148 20188 -2920 2245 -243 4211
-1316 16592 -4280 2598 881 7382
-1796 15524 -3128 -2986 1900 3856
-3156 15440 -2528 -624 -2758 3536
32 16504 -3924 631 -1985 1219
-204 15384 -3272 1040 -918 2387
348 15608 -2480 -300 -1499 1976
-824 16712 -2404 -1056 -2113 1708
-420 15940 -2668 -3482 -4298 64
172 16672 -1256 -4251 -5415 -397
96 16140 356 -6491 -1172 -918
-560 16620 376 -5736 -928 -2310
1544 14840 1624 -4115 708 -1891
1300 14236 2284 -3765 2665 229
2564 15488 -1360 691 2129 2476
-200 16156 -1060 1116 3729 2936
-2132 16620 252 2217 5059 1008
-1632 16472 -104 2116 3921 -1588
-920 15732 1720 1790 4184 -2853
-1104 15292 -48 1682 2982 -3051
-1568 14660 -1032 1962 2413 -2011
-3348 15108 -1272 2329 2719 -1804
-2892 16024 -1460 2905 966 -1167
-1964 15764 -920 3796 2675 -1142
-1936 15708 -2240 3955 4985 -548
-3152 15640 -2340 2901 6561 -175
-2932 15396 -1528 2387 8189 -2148
-4144 15024 -2164 1578 4513 -353
-2420 14352 -1508 1500 3052 2922
-5872 18828 -2520 -994 2886 -1884
-4276 16300 -3916 -1185 3498 -2710
-2632 16948 -3252 -4225 2204 -3237
-2616 14404 -4076 -761 4583 -2618
-3076 15492 -3452 -3120 6230 -567
-3368 15568 -2940 -1916 2103 -2116
-3728 16152 -3604 -2614 2620 922
-3460 16852 -2336 -3579 2787 3141
-3604 16936 -1264 -3294 957 5960
-2372 15504 -1480 -1470 -69 8734
-3136 14160 436 194 -3146 6881
-1568 14052 1048 29 -3653 5320
-2336 15200 -724 -1820 -5929 565
-524 16664 -2008 1809 -4732 1669
2440 16436 -352 -11 -3911 1023
-812 15744 -1044 1582 -4742 -232
524 14928 -740 1214 -3617 -183
1096 15720 -624 1420 -5292 -1114
-296 14664 -1224 2092 -6280 -2240
-396 14656 -1408 2091 -7782 -3881
64 16292 -2336 825 -7714 -5250
-1140 16164 -1484 1787 -7454 -5771
-988 16480 -960 3955 -9718 -3040
-908 16540 -3504 3411 -4952 -1707
-724 15524 -2780 1149 -916 -1826
-608 15008 -2108 2067 -681 -1810
-1508 21288 -5008 6096 2344 6467
780 15096 56 197 -2232 2916
-4532 15872 -4976 2099 -1664 2998
408 15004 -2472 139 -1321 2393
-1056 16068 -3940 1088 -1279 1960
-1488 15568 -3756 360 -537 776
-992 16108 -3488 -853 -2206 1254
-108 16272 -3688 -1916 -2840 1975
-1068 15524 -3332 -1634 -2306 2378
-156 17280 -1480 -4310 -3037 616
-1104 15892 -2360 -3941 -1454 397
312 15080 -1216 -3974 851 1180
2204 15656 252 -3219 1239 1360
2304 15460 2808 -2752 4018 973
2784 17204 -5556 3012 2201 -242
-544 15840 -2292 2060 4801 521
-1316 17508 904 1486 5968 -1436
-864 15528 -312 1527 6355 -2871
-1360 15876 -1264 2152 5721 -4802
-2264 15584 -1880 1803 5137 -4432
-3312 15420 -2636 2149 4910 -3059
-2944 15208 -1800 2601 3584 -1548
-3248 14960 -2044 2489 2338 -752
-1732 14564 -2708 3189 2908 831
-476 14756 -2928 5192 3137 2744
-1844 16292 -824 4745 7982 1642
-6896 21220 -4144 -2116 2141 -8117
-1812 18340 -6624 1642 3466 -1755
-320 14388 -5296 -1077 -1198 -930
-5068 13668 -5884 -1081 1706 -2035
-3360 15256 -4560 -1146 895 -966
-1588 16008 -4404 -1676 1851 -53
-3528 17428 -4688 -1424 957 1875
-2016 17252 -4696 -1724 1217 3661
-2224 14904 -2464 -1723 1961 3795
-1440 15560 -2460 -1727 559 5815
-1632 15544 -3132 -2268 1622 4964
-1360 15420 -1700 -1666 1387 4460
-152 16500 -1620 -2059 587 4191
-672 14272 -1016 -1691 -1206 2781
220 13708 96 -2578 -2835 2398
1092 15352 184 -1971 -3430 1434
-1816 16464 -2036 -1372 -5755 -2638
380 16532 -2944 331 -2482 -531
2496 17892 -1664 2680 -6326 -2914
-180 15628 -2412 1454 -4559 -425
664 14936 -564 314 -2931 -1515
152 15056 -1384 1803 -3545 -2351
-676 15884 -1428 139 -3975 -4031
-1288 15728 -1996 1517 -3127 -3248
-956 15864 -1408 2692 -6314 -3243
-640 17040 -2900 3456 -4972 -2561
-36 16568 -2376 3266 -2497 -954
-736 16128 -2568 2182 -1380 -413
-880 16220 -1992 979 -1922 -1013
-1060 23784 -4468 2956 1140 5192
676 14408 -824 -1271 -2209 3959
-4620 17396 -4200 117 -1332 3592
172 14168 -2604 763 -293 3250
-1596 16300 -3356 836 -2594 1854
-256 16152 -2792 -182 -1183 569
-420 16184 -2932 -67 -545 -65
-424 16776 -2552 -851 -225 -421
-244 15852 -1996 -2261 -851 -1553
-892 15664 -2284 -4016 -2566 -697
640 15640 -1952 -4259 -1838 -293
400 15748 -464 -4731 -2498 534
-348 16896 -616 -3721 -1423 194
476 14428 1124 -4120 941 669
2624 15344 2412 -3169 2725 1991
24 15736 1608 -1592 5022 1471
952 17860 -4516 3008 7545 1060
-3928 17028 -1636 2482 5042 -2884
-1732 15640 1196 2081 7638 -2962
-856 15236 900 1021 3292 -3955
-1884 15764 -696 764 3085 -4587
-3116 15308 -1804 1604 4449 -3561
-3940 14472 -2692 2385 4337 -2213
-3936 14888 -1672 1864 2575 -920
-3148 14440 -1900 2769 3565 -81
-3580 15912 -3024 3152 4578 229
-3240 15496 -3260 3180 5353 1555
-2688 15744 -2076 2877 6456 1331
-3056 15184 -2648 2790 6522 933
-2116 15044 -3968 4045 4621 1499
-5600 19460 -4040 -234 5119 -1914
-5644 17292 -4620 -2459 6293 -2804
-2360 15180 -4964 560 3092 -2878
-3368 17080 -4684 -988 4354 -1791
-5552 15160 -4520 -4795 3157 -1880
-3556 15252 -2728 -3702 2689 -2016
-4732 15720 -2388 -4524 2860 -1456
-4736 13992 -3852 -1700 1405 -2248
-4412 14788 -3504 -5748 1919 -306
-5268 15460 -2416 -5301 1536 873
-4328 15360 -1392 -2461 -1292 4082
-4524 14744 244 -1743 -2358 4550
-4700 14624 1112 621 -5638 3669
-5044 14756 -1952 1544 -9836 210
-3380 17540 -3328 4880 -11683 2077
64 17744 -2660 771 -7565 4061
-1428 16316 -2996 1158 -6727 2996
-1000 16664 -1572 1887 -3359 4637
-816 16104 -1500 1999 -2789 3077
-1116 13832 -492 1363 -4560 1258
-688 14092 -1108 1088 -7731 -1324
-260 15344 -2388 2062 -7060 -2681
-392 15684 -816 2270 -6943 -3423
-2060 16168 -1100 2622 -9307 -3469
-1120 16376 -2592 3543 -7083 -2867
-644 15856 -2604 2406 -6317 -2295
-2252 15512 -2056 1948 -5602 -2517
-924 25736 -6932 7469 458 7833
796 14240 -848 898 -3903 4704
-4388 16704 -4184 1012 -2101 3588
1264 15600 -2984 1431 -2619 2402
-136 16944 -4804 2591 -2626 -778
-768 15412 -3608 -595 -3454 1337
1888 15868 -3720 -324 -3149 1981
-448 15572 -3848 569 -1390 2408
-156 16080 -3368 64 -2608 2319
-788 16964 -2204 -3331 -4578 1209
1624 14412 -2328 -4697 -2578 -1595
-296 17648 -1752 -7875 -1574 -2873
-152 15644 -2068 -4735 -1592 -3931
-1396 15804 0 -8366 -2195 -3812
208 16696 788 -3070 -1314 -2185
-412 13876 -1968 -4025 -1228 -982
756 14168 3384 -1575 -521 1170
-1752 15516 1400 1952 1195 1432
-2352 14908 -2240 1648 605 525
-2036 14948 -312 1494 -1172 787
-1764 16772 -808 2613 -1014 -235
-2152 15008 -516 1218 -1912 -46
-1888 16060 944 1792 -3339 -1333
-2136 16424 380 3006 -3657 -1655
-72 14980 720 3607 -3391 -2166
-972 15292 -144 4389 -3629 -1851
-2872 16112 -68 4705 -4198 -1134
-1812 15908 -1064 6315 -3571 6
-1640 15708 -2104 5002 -3682 -380
-2372 15896 -3408 5249 -1856 574
-1680 15420 -3252 3905 -1169 141
-2384 18604 -4608 768 -137 833
-952 15308 -3672 1576 2373 2821
-824 20048 -3624 113 409 -1452
-4648 16904 -5804 530 -99 -3255
948 18124 -5236 2490 1811 -180
-1272 17684 -6016 -2620 2120 2546
-980 17544 -4852 -308 2449 2535
-328 17120 -3940 -1525 1806 4897
-488 15852 -3912 -1985 517 5081
-112 15796 -3572 -1554 -629 4393
656 15488 -2436 -2948 -398 4358
368 15436 -2388 -2345 -824 3026
1684 15244 -1988 -2309 -2083 3327
804 15396 -2320 -2328 -2681 2215
-1200 14780 -3428 -1700 -4631 -176
1864 15092 -1776 -629 -5071 -1229
1944 15624 -1476 -556 -8353 -1246
336 15560 -1836 -1217 -9330 -2345
1584 15564 -1276 -1245 -10285 -2208
2348 15236 -1352 -151 -14819 -3111
-376 15048 -2440 -116 -13626 -3442
204 16180 -2180 1210 -15608 -4158
644 16804 -4496 2693 -17665 -3723
-104 16768 -4084 1993 -17588 -3571
2112 16616 -3256 2485 -17410 -3974
316 16080 -3256 2812 -12133 -2759
16 16884 -1960 2639 -9095 -749
2200 17288 -4508 2792 -4169 1651
2520 17968 -3700 3203 -5201 8107
976 16736 -4216 2729 -3266 3285
788 14904 -3512 773 -4603 2918
2928 16580 -5400 1296 -1460 1279
556 16860 -4448 1461 579 -1076
1860 16436 -4036 392 -2153 -1385
2428 15432 -3548 -468 -724 -768
2040 16552 -4220 -1223 -1422 -1391
1580 17764 -3820 -5199 -920 -2520
1088 15928 -2672 -191 -804 -2609
868 14216 -3628 -2802 -1197 -2345
736 15508 -2448 -4855 -1612 -1197
1200 16264 -1960 -896 -217 -1263
2408 13084 -576 -2288 1198 1029
2932 16560 2372 -917 4077 3180
-80 19240 -8992 2450 487 1690
-2076 18184 -7184 -256 766 -4742
-1720 18052 676 -1822 7458 -7524
-1584 14172 -1848 1170 5093 -7469
-3052 16196 -3356 -852 3999 -5306
-3304 13520 -972 -880 4311 -2930
-5160 14780 -2428 1494 895 -3986
-5320 15128 -2440 2812 1300 -1641
-2308 14172 -1132 3262 724 -505
-4484 15280 -3256 3822 3533 809
-5816 15736 -1860 842 4665 2148
-4064 14628 -1224 1036 2682 381
-6020 18836 -3260 -250 1665 -1326
-3248 13740 -2300 451 4971 -1511
-4628 15452 -4092 4192 388 -4049
-2936 16992 -4124 -1960 2960 -2165
-3988 14796 -4584 -401 4176 -3260
-3752 16772 -3140 -1005 3306 -844
-4180 15816 -4668 -607 385 3127
-3964 16096 -3664 -603 1041 4569
-4768 16328 -4884 -751 1451 4378
-3700 14604 -4768 -3388 5348 5863
-3164 15160 -2244 -3092 2723 5848
-3084 14604 -1312 -1901 -896 4557
-3116 12912 724 -2632 -5184 4333
-948 14940 552 -1131 -8408 1587
-4276 14312 -4596 -1521 -11328 -1652
-1340 17616 -5208 1013 -8652 -535
2960 17736 -1868 1099 -8555 -666
-1944 16768 -2884 2798 -4691 1934
-648 15920 -48 1471 -4525 -704
-1036 14712 -572 3576 -8408 -827
-980 15400 -1704 1556 -10071 -2239
-1212 15640 -3600 -1574 -6299 -3069
-1272 14060 -16 -121 -13120 -6456
-1260 17280 -5132 1638 -3633 -1500
1824 26480 -6780 3337 5324 10438
-2196 12608 -12 -1469 388 5463
-3396 16924 -4324 -1265 -643 3217
-100 15308 -2016 -1917 1455 443
-1292 16808 -1776 -2349 -370 -2006
-1264 16252 -1436 -3424 1026 -3523
-656 15364 -828 -2568 1269 -3053
4 13992 308 -3310 1165 -2580
-200 15036 28 -3124 -390 -1976
-1260 15308 472 -3935 -508 -2564
-864 15888 1440 -3912 858 -1232
1064 13492 3384 -3556 2253 -396
172 15412 3080 -4645 1632 122
356 17680 -2404 522 -1120 412
-2548 14000 -420 1091 4000 541
-6252 13424 1308 1146 5016 -708
-5924 15872 -652 545 4767 -336
-4392 14524 2316 541 4485 -1257
-3804 14468 2536 1396 3674 -2270
-3780 13464 2420 1214 4778 -3097
-4888 14036 560 1824 6067 -2304
-5396 13852 -352 2448 4090 -958
-4960 14844 -136 2513 4856 1300
-4592 13324 488 3391 5704 399
-5888 15276 -84 1913 7019 -1353
-6896 14620 -2556 3391 6617 120
-4708 14560 -1044 3245 1235 757
-5712 14828 -2100 2867 -2237 1914
-7176 15164 -1836 430 -2516 -4419
-5960 15288 -1856 -1193 -1114 -3321
-6704 17584 -2776 400 -3663 3385
-3932 15996 -2888 3922 -1077 8318
-4172 14444 -2852 2961 -313 8168
-2040 15512 -1372 2779 -4494 4228
-2532 14672 -3252 1061 -3449 3731
-2784 14536 -2240 -226 -991 1052
-2084 14792 -408 -2668 -837 -2283
-1600 12812 -984 147 -300 -3654
-1936 24584 -3416 7889 2334 3084
-5216 13836 -3696 -111 5311 5169
-4776 16848 -1976 -2757 -417 1845
-3392 14704 -2532 -1115 -1915 2687
-700 15616 -4056 -181 1285 1369
-1596 15044 -976 -2029 2009 3360
-872 16880 -864 -960 1951 3295
-948 13892 -1320 -1494 2860 3207
-4100 17900 -3436 -2192 -635 797
-448 16936 -2368 265 3831 2061
1604 16328 -408 -669 3435 2379
-280 16896 -564 2819 3862 786
-208 16332 332 2063 5151 -444
-604 16956 -1548 1944 3529 -1601
-496 16404 -2508 2164 1899 -2429
-576 16508 -3112 1074 2178 -1933
-816 14996 -2312 85 3962 -724
-1360 14720 -3260 920 4684 429
-1576 15020 -3552 1923 5933 834
-2284 15824 -3388 2582 3250 1826
-1712 15340 -3336 3741 4596 1525
-1836 16464 -2520 2858 4409 618
-1300 15940 -2288 1552 4515 -174
-5212 17940 -4452 -700 3963 349
-1468 16448 -3600 -2226 2889 -3011
-2008 15460 -3504 -2241 1601 -3048
-2136 15624 -3900 -3885 2520 -3340
-1952 15224 -2708 -3302 2399 -3731
-1596 15948 -3788 -3392 3910 -5730
-2300 14964 -3212 -2478 921 -4567
-3396 16176 -2076 -426 -2913 -3141
-3664 15300 -2992 -708 -2714 -2129
-3460 15324 -1408 -1348 -4097 -1788
-4724 15432 -276 592 -6129 -1586
-3896 13800 544 -1999 -7145 -941
-3500 14964 3720 -303 -9225 -585
-3776 19740 -2060 2727 -8825 1930
-3700 18924 -3868 -190 -3183 11218
-3780 15412 -640 2226 -1899 7531
-3420 13660 -676 1178 -4324 2987
-1952 15704 -1608 2283 -4041 2294
-664 15232 -2712 1605 -2527 1463
-1592 14536 -1424 1046 -2386 77
-2784 14624 -528 691 -5054 -3287
-1976 15440 -1200 324 -7439 -4763
-1580 15844 -2096 -664 -4293 -5797
-3844 16360 -500 55 -2607 -3268
-3452 16020 576 109 -8179 -5587
-1044 15520 432 2145 -4352 -3035
-1296 17292 840 2519 -1948 -1260
-1200 21312 -220 782 -4366 3648
140 15036 1568 -2812 -8447 3441
-3248 13876 808 -1673 -4363 2281
-2760 15100 148 -205 -503 3096
-2868 14564 -324 1810 3271 3202
-2652 13132 668 455 164 4562
-1584 14416 -268 7164 1615 1222
-1920 17188 168 -1134 1390 534
-1228 15492 -668 257 2479 -709
-156 15832 -1620 91 3402 59
-908 14176 1108 -604 4268 747
-1328 14852 280 -1463 1903 3119
-540 16396 2240 -2072 1800 4981
-1552 16468 2008 -219 4960 1907
-3608 17508 588 -4643 1593 -2052
-228 16620 112 -2747 2393 -3262
160 14992 -360 -889 4051 -1480
-724 15264 1332 1746 3692 -614
-1724 14312 1928 1592 2516 -860
-1936 15672 280 603 2833 -804
-2448 15764 -832 1813 2468 -946
-1668 15592 -1716 2606 3657 -196
-1480 15624 -1244 3082 5393 1101
-1964 15584 -1196 2544 6973 1257
-2400 16264 -1468 2272 6731 -19
-3788 16444 -1376 2093 7681 568
-2552 15632 -2640 3166 8420 641
-2232 15112 -2288 3257 6688 1176
-3096 15008 -2156 2847 5012 1921
-2616 15416 -2624 3412 5208 2443
-3880 15052 -2464 1420 4544 3339
-6996 20308 -3068 0 -956 -1096
-1836 15744 -3372 -1634 1397 -4659
-1004 17080 -3852 1539 -2041 -4793
-1184 17224 -4492 70 -785 -3480
-2820 14916 -4024 -2666 622 -3733
-3336 17180 -5020 -417 390 -2998
-3400 15764 -2272 -3084 1594 -1586
-3448 16484 -3660 -697 -31 -1943
-4180 14000 -1376 -2498 10478 -975
-2920 12520 1272 -3902 1810 615
-4924 17308 -3624 -2252 -2975 -1441
-3440 21688 -4340 -1267 -2948 3481
-4148 16580 -1784 3808 -2372 6002
-4532 16076 -2256 598 -1179 6476
-5476 15360 -216 2767 -7211 3618
-4164 15796 -1980 3091 -7001 1405
-2056 16404 -2580 1586 -7725 1430
-1452 15640 -4028 1913 -7740 1172
-2536 14916 -3456 1359 -6402 -1164
-3408 15100 -1352 -799 -9638 -4225
-3112 14872 -2036 -419 -9561 -6226
-4048 15456 -2220 -763 -11109 -6237
-4532 14704 -672 -1139 -10168 -5860
-2628 14808 -856 1979 -8912 -5116
-2784 15600 -1684 2361 -4103 -2884
-3004 21056 -4404 5167 3464 7243
-2032 12520 500 5298 -2325 4687
-5788 16256 -3516 1850 -1826 4257
-1296 14588 -2220 1652 -196 4669
-2004 16248 -2928 2012 1380 3570
-1952 15520 -2508 717 2166 3597
-1720 15936 -2896 28 1098 3751
-1088 15308 -3448 245 974 3286
-1600 15888 -3356 851 29 3603
-556 15380 -2944 -8 125 3125
308 15568 -1284 -160 -1009 1611
1324 16596 308 354 -1739 2831
348 17716 -2804 306 -1867 2474
416 17972 -2588 -3190 -150 2479
2308 17268 -2600 635 2804 -232
1608 16188 -988 1157 5534 -2439
316 16936 -2512 500 5934 -3615
-328 15964 -3224 -295 6450 -3880
-396 16708 -4216 1127 5549 -4692
-556 15104 -2276 1258 6075 -3982
-1256 14812 -2896 1076 4357 -2505
-1188 15396 -4536 1875 5101 38
-2992 15672 -3784 -26 3574 -67
-2944 14604 -3872 738 3604 205
-2044 15812 -4256 1413 4517 1216
-1828 15328 -3396 1276 2672 1642
-2476 16036 -3360 2080 2927 1770
-2408 16008 -2132 1405 4328 366
-1252 15832 -3072 1803 5439 -56
-1900 15596 -2776 354 4038 615
-5200 20168 -5164 -2652 -671 -4612
-1816 15172 -4440 -1065 2011 -4573
76 16344 -5748 -1926 -968 -2284
-2348 16276 -2892 -3049 2736 -2757
-3720 15788 -3724 -2221 188 -2923
-2292 16300 -3592 -2230 58 -4021
-3396 13860 -1768 -4846 891 -2773
-3884 15744 -2376 -1585 -2802 -3774
-3948 14008 -780 -3237 -1781 -3524
-3448 13820 944 -3205 -2321 -2720
-3288 13924 -668 -3105 2819 1580
-1452 20052 -1364 929 -860 6084
-5736 18868 -3384 1524 1345 9421
-5800 15820 -828 1883 149 5029
-3808 15360 -52 4043 -7037 3197
-2652 15852 -2860 2094 -8455 871
-1748 15288 -2656 715 -5496 1344
-2036 16376 -2152 569 -5332 223
-1736 14180 -1344 466 -6513 -1144
-4016 14292 -228 -1074 -7167 -4065
-3984 14940 -132 -2065 -10562 -7858
-2932 16012 -2148 -1124 -7896 -4582
-2024 14332 696 -1258 -6406 -4885
-4792 14932 956 178 -6901 -5034
-2180 15940 -892 1535 -2195 -2111
-988 20660 -888 2958 5132 5495
-2156 15016 1684 2211 -4738 7564
-5836 15528 -972 3549 812 4748
-1888 15888 -1648 8909 -707 5114
-1724 15808 -2504 3989 445 3816
-1972 17140 -2836 8342 3509 614
-2000 12932 -2624 3097 1025 2714
-1800 17020 -4004 675 -1922 3578
808 15040 -3400 101 -121 3671
-612 16736 -3884 -431 -857 2799
588 16140 -2844 -1066 -717 2854
-512 16156 -4156 2126 1938 1856
-1428 16240 -1920 -4964 -129 1027
1676 16532 -1148 -4589 905 -887
2128 16980 -560 -3212 1519 -1752
676 16912 -824 -247 4830 -2113
-612 18004 68 584 7017 -4773
-800 15668 -2180 -2122 4082 -4877
-1280 15788 -3992 1598 4617 -4019
-796 15108 -2192 644 2802 -1512
-1808 15632 -2116 1392 3835 -816
-2120 15852 -2508 3131 2368 -174
-2476 14868 -3992 3134 3418 152
-1656 14388 -4256 2750 3677 1413
-1600 14196 -3292 3524 4132 1669
-1816 16728 -4096 4462 6359 669
-2476 16380 -2016 3736 5199 70
-2968 16172 -4428 2159 2745 -111
-2304 15780 -4276 748 558 97
-3212 17900 -4980 -317 1548 -4871
-1672 16160 -4680 -2276 3546 -3631
-2384 15572 -6608 -5163 1256 -3785
-3036 16148 -4184 -5107 5624 -3079
-3820 16212 -5768 -4204 477 -3035
-2964 14620 -5584 -5035 153 -2806
-5164 16880 -3900 -1909 -716 -2023
-4660 13828 -2648 -3313 -432 -1794
-3584 14896 -2480 -3531 -1510 -2410
-4344 14528 -1668 -1074 -2334 -919
-2376 12716 2260 -3619 417 653
-5776 17508 -2424 1025 3959 4282
-3620 19380 -688 3931 1608 7962
-5724 17392 -2332 1553 1206 8435
-3100 16100 -596 2670 -5025 3512
-3572 15364 -3276 2593 -4431 2225
-2312 15228 -2996 2029 -4589 2309
-2256 15420 -4052 843 -4847 393
-3424 16092 -2396 -565 -4644 -2162
-1704 15836 -1704 -1067 -8251 -3254
-2092 13980 -2060 34 -8976 -3569
-4672 14872 -2108 -834 -9650 -6058
-3500 14620 -1872 -1622 -9416 -4229
-2940 14936 -1320 976 -9405 -3252
-2708 14508 -1100 1802 -6481 -2053
-1984 23448 -4104 3750 1424 2646
-2476 13856 2364 1298 -6250 7675
-5220 14072 -3236 10914 427 1619
-2804 15044 -2552 -1708 -3858 4551
-1432 15532 -2560 6225 3368 3572
-2576 15884 -2728 2451 2120 2801
-1256 16020 -2612 1564 1312 3192
408 15832 -3564 1267 1406 3244
-1144 15760 -3560 1133 1361 2702
-376 15416 -2792 102 205 3693
1860 15536 -1652 -1533 -851 5851
1284 17516 -876 -6 2174 4599
-2220 21272 -2712 -5500 268 -87
1324 17196 -1732 -3635 6560 -2925
1812 16208 -2452 471 5885 -4059
480 15008 -3476 1119 5472 -3805
-900 15760 -3988 294 5803 -2614
-1020 15840 -3900 856 4130 -1578
-544 15852 -2968 94 4454 -527
-1464 15592 -2508 1229 4028 -767
-1272 15904 -3760 1041 3974 -615
-1764 15488 -3068 50 3137 -678
-1496 15788 -3956 1440 4364 537
-1260 14920 -2448 1474 2989 1678
-1744 16108 -2820 1582 2994 2112
-1216 15956 -2628 1845 4030 1495
-836 16960 -2212 1943 3826 846
-1220 15732 -2280 1692 4920 617
-968 14832 -2136 1115 2331 1650
-4484 21808 -5356 -1166 1740 -587
-256 16236 -2644 -3648 4247 -7301
392 16212 -5912 -1617 1362 -3086
228 16116 -3692 -2804 5005 -3457
-2788 15464 -4132 -4545 10061 -1949
-2024 15544 -2188 -3594 4296 -2453
-3208 14440 -3496 -3094 1237 -2175
-2804 15996 -2344 -656 -808 -3235
-3436 16116 -508 -6679 110 -415
-3336 15036 -1288 1651 -5273 -3253
-3008 13748 940 -1659 -6336 -949
-3764 14076 3064 -1017 -7060 -1750
-3236 18508 -2000 1924 -8562 -1202
-3004 18656 -2732 2294 -1206 5783
-3244 16936 -2844 2949 -579 6048
-5500 16176 -500 6562 -3844 4839
-3944 14572 -760 2652 -6377 548
-1688 15860 -2140 2316 -6538 -127
-2188 15832 -3136 951 -4970 281
-3180 15640 -1696 1166 -4650 -1138
-2976 15244 -452 -284 -8718 -4560
-2668 14852 -1096 54 -10695 -5387
-2988 13936 -804 -567 -7784 -7280
-4388 14112 -56 -2592 -10090 -6865
-2740 14740 -1000 1637 -5592 -5094
-2648 19528 -2524 7293 2031 1292
-2648 14916 400 3176 -4922 8369
-6376 16052 -3328 4268 1440 2799
-3360 13204 -2504 4622 -2572 4346
-1876 15460 -2912 2481 751 3122
-3528 15360 -2816 2928 973 2678
-2588 15232 -2676 2861 1066 2581
-1644 16080 -3648 3870 1657 1896
-1620 15668 -2764 1562 1149 2500
-1224 16552 -3460 2058 1587 2296
-1732 15884 -3696 648 1336 2290
-528 15856 -3384 -66 199 3204
-80 16268 -3676 241 90 2817
688 15216 -2668 -1230 -278 3714
3112 16216 -836 -1390 179 5546
-1744 19032 -4668 1691 4431 1465
-608 17012 -1672 -5207 167 -2099
2020 17400 -3860 -1051 5608 -3852
912 15228 -2596 215 5516 -5053
-288 16028 -3872 -548 3754 -3837
-676 15608 -3456 229 5457 -2922
-1520 15844 -4136 196 4968 -2689
-552 16100 -3812 1139 5217 -1198
-800 15640 -3136 808 4790 -1338
-3208 15744 -3468 860 4562 -1440
-2180 15040 -3752 1119 4393 128
-1668 15740 -4388 2200 4773 816
-1836 14800 -3600 2462 5442 2120
-2812 17324 -3492 1612 5817 2919
-1636 16284 -3840 2244 6352 2065
-1732 14712 -3976 2183 4887 2101
-3904 19080 -5764 -2044 397 -4529
-1092 15624 -4588 -194 4618 -2352
-1332 16288 -6672 -2593 -2296 -2616
-2844 15384 -4072 -2968 1065 -2843
-2384 15816 -4768 -2423 -1414 -2867
-1552 15968 -3628 -2012 -369 -2983
-3592 15264 -3544 -2186 -1925 -4124
-2428 14044 -5184 -2249 -1003 -4865
-2564 15940 -2684 -31 -1300 -2715
-5384 14064 -2384 -1085 -3000 -2951
-3544 15432 -3100 -1058 -4854 -1156
-2692 14024 -1332 -1663 -3848 -2490
-2968 14740 -684 -2775 1139 468
-3896 19372 -2868 1204 1427 5381
-4928 16992 -3284 1475 494 7577
-3340 16292 -2788 2635 -3831 5084
-2928 16360 -980 1626 -4876 5883
-3016 16196 -1952 1735 -8729 1255
-3260 16040 -3356 2583 -9675 186
-296 15544 -2360 1501 -8984 -901
-2200 14228 -2984 493 -8303 -2530
-3552 14808 -2976 -1574 -8188 -3640
-3032 14884 1732 -3205 -16454 -3523
-2952 14384 -1200 -1142 -14972 -3401
-4368 15212 -2452 1554 -9494 -2885
-2104 16412 -608 3552 -2258 -2811
-3428 15968 -1452 4443 -1438 -2796
-3088 15608 -1860 4069 362 -3449
-4096 19392 -3500 2030 -359 3603
-1480 15540 -1672 1755 -3394 2743
-5292 15352 -1492 -402 -4161 1747
-2984 15588 -1640 -1281 -12 1872
-1892 13400 -2032 -650 -2835 3827
-1824 14964 -1472 3426 1940 4304
-1328 14892 -1264 2577 1240 5613
-1548 17820 -1720 5340 1314 2882
-1260 15816 -3760 1059 1337 3093
460 15496 -2976 2005 2514 4062
-1340 15736 -3104 2152 1209 3576
840 15484 -2536 -2179 -741 2621
1836 16264 -1152 -3310 -958 4627
-1252 19876 -4756 1119 500 532
908 16492 -1748 -3514 1561 -482
1248 17536 -4404 -31 2928 -2938
140 15652 -1580 2012 4278 -2726
-168 15280 -1796 2555 5586 -2651
-196 16496 -4064 3096 4735 -3020
-876 16380 -4236 2737 4353 -2386
-1352 16056 -3832 1740 4540 -2232
-1772 15272 -3348 449 4313 -1535
-1496 15904 -4092 2312 6191 -1441
-2580 15564 -3836 2320 6995 -682
-1428 14208 -3820 2724 3760 1260
-2888 17076 -3464 1659 6296 1210
-2144 15776 -6452 -2182 -3352 -4060
-1416 16376 -6524 1760 412 -1165
128 14776 -5952 -1365 -2191 -1264
-3852 14944 -7436 1067 -1927 -746
-1640 15556 -5956 1070 -2564 -582
-2400 16044 -5684 2130 -3085 -575
-2848 16048 -5804 2393 -2785 -479
-2692 15252 -4964 1880 -3244 -485
-2424 15472 -5104 1833 -4186 -1305
-3368 16128 -6612 1564 -6257 -941
-2288 15796 -5668 304 -4127 -558
-2780 16316 -7140 2393 -2518 -894
-3032 15488 -5652 1106 -1616 -542
-4552 15268 -5300 502 -1973 -1037
-3592 16208 -6528 481 -315 386
-4008 14932 -5028 -124 -238 -577
-4996 15056 -6144 960 -458 -444
-3688 15368 -5888 716 -71 144
-4020 15500 -5280 300 -705 -38
-3948 15532 -5876 321 -187 274
-4216 15636 -5672 636 -100 -239
-3976 15172 -5804 274 238 82
-4348 15496 -5800 15 241 103
-4488 15308 -5896 -129 284 96
-4316 15020 -5372 -60 500 191
-4032 15332 -5540 -109 811 235
-4444 15308 -5724 -226 726 43
-4364 15264 -5492 -367 758 488
-4180 15284 -5352 -147 314 432
-4396 15416 -5476 180 122 247
-3980 15488 -5528 301 170 113
-4036 15364 -5380 377 78 297
-3952 15572 -5244 432 -187 471
-4044 15476 -5500 291 65 225
-3992 15316 -5340 245 -149 185
