-14156 3916 -7540 -2343 386 -601
-14296 4068 -7704 -2563 454 -627
-14272 3820 -7592 -2525 467 -505
-14252 4176 -7648 -2622 224 -663
-14032 3876 -7512 -2580 342 -483
-14264 4036 -7484 -2297 417 -528
-14244 4104 -7584 -2262 556 -582
-14220 3940 -7220 -2219 387 -546
-14400 3684 -7252 -1581 249 -645
-14384 3976 -7368 -1309 300 -500
-14336 3680 -7400 -835 98 -359
-14436 3856 -7340 -568 40 -380
-14424 3856 -7184 -194 -194 -221
-14332 4144 -7320 -9 -149 -184
-14268 4092 -7452 -109 -254 -123
-14300 4480 -7456 -544 -78 -224
-14156 4908 -7476 -1226 282 -124
-13940 4928 -7264 -2614 671 -512
-13716 4756 -6992 -3563 1198 -879
-14380 3992 -7040 -3454 1796 -816
-14460 4328 -6912 -3111 1345 -656
-14508 4076 -6968 -2516 1228 -701
-14500 4276 -7108 -2475 975 -637
-14356 4720 -7228 -2690 1090 -943
-14192 5348 -7528 -2837 1120 -1277
-14260 3912 -6928 -3182 816 -1132
-14624 3616 -7232 -2432 668 -796
-13992 4040 -7312 -1521 484 -293
-14328 4152 -7480 -652 457 -128
-14236 4232 -7324 14 254 88
-14212 4176 -7124 567 314 246
-14160 4300 -7320 893 313 412
-14308 4328 -7388 1045 409 697
-14376 4128 -7276 1227 112 466
-14048 4380 -7216 1172 60 472
-14180 4628 -7120 1120 337 461
-14188 4464 -7200 1073 84 415
-14244 4448 -7148 1243 168 458
-14164 4000 -6968 1601 90 386
-14320 4008 -7112 1803 606 613
-14464 4032 -6672 1429 26 672
-12928 4500 -6784 1106 448 559
-11348 5612 -7348 -545 2890 2098
-14420 5592 -6908 69 4262 1615
-19040 4452 -6284 1705 2154 1493
-14640 4428 -6300 1360 529 3825
-13668 4200 -4844 2908 724 6309
-13984 3772 -4100 2261 1996 5836
-13572 5092 -2168 1221 -360 2686
-7448 3116 -5008 4723 -135 -641
-17584 19880 -14116 -1582 6614 9066
-14716 5052 -7228 1709 2964 -3328
-28488 7512 -11636 148 4104 -2620
-27480 9200 -13488 6872 2690 -9507
-14016 8132 -11304 1634 -3907 -9594
-9492 916 -6672 -2630 4034 -2296
-3332 1516 -340 -4952 146 960
1256 -1676 -428 -6235 -6915 -1477
-936 9904 -15728 -4763 -1332 626
-26768 10880 -15764 1831 4911 -268
-25984 7692 -13020 -4058 -5164 4645
-27132 12260 -6204 -6874 -5664 5453
-15328 3600 -3064 -2416 -5412 -513
-6148 272 -4088 3481 -1811 -5095
1644 28 -3180 5168 -2790 -7722
572 4504 -11176 2023 -2243 -2859
-21020 2888 -2408 -5541 -2424 18835
-15136 6872 -5944 3479 5686 4292
-28640 8424 -11680 -3402 -6874 -6743
-24352 5852 -7460 7928 4229 -7400
-16448 7064 -6708 1565 -3766 -9074
-4372 -1592 -5948 -23 -647 -3403
-6280 -1376 -3808 -2591 -2455 1569
3740 -136 -5432 -3732 -3337 21
-6600 7120 -17652 -447 10156 1191
-32484 10552 -12172 3420 11738 2397
-30084 5324 -13332 -3110 1426 7350
-25280 16232 -8148 -8003 -9504 5854
-14284 -2508 -9072 -380 -3352 -913
-4892 4156 -1504 1768 3089 -3385
1820 432 -840 1994 -5755 -6948
2228 -3852 -3736 2029 -3421 -4324
-1484 6340 -14404 1243 -2289 782
-22276 25552 -28048 -5180 14639 20394
-29656 9300 -10360 -2119 2603 -13811
-29988 4776 -13796 4057 12815 -1557
-18568 4800 -6696 4276 -1352 -9487
-10656 4312 -4384 2393 -4437 -2695
-2796 -1012 -2844 -2046 -4686 4887
1464 3036 -2628 -4130 -7190 1157
3336 6028 -21240 -1954 -941 1182
-19640 9484 -16408 10572 9887 -3866
-32768 7564 -13820 1369 -3752 6030
-27240 10652 -7428 -4589 -4140 9461
-13804 5048 -5272 -4519 -4806 2828
2276 1336 -132 2795 1822 -2690
-960 -880 -3212 5738 -3335 -8441
-636 -2240 -2460 4244 -6454 -4277
-1808 14980 -28736 -1971 1179 5342
-21820 12224 -3048 -8922 -6610 13115
-25144 -5436 -11260 12134 8003 -15334
-25496 6032 -9728 11350 5477 -14242
-19080 6940 -5416 5597 475 -3783
-3888 -4312 -2116 -2782 -6488 3933
4684 -2540 -1300 -2372 -6874 3399
2928 1612 -14620 -113 2334 -149
-21140 22448 -12124 4399 9775 -4376
-32768 4024 -20560 2518 -2989 1975
-26136 10236 -12824 -319 -123 12482
-14304 4072 -6260 -165 -7245 6861
-2148 1132 -3768 2058 -4742 614
280 -448 -1660 2353 -4132 -763
2580 -2440 -1448 676 -6712 -1643
-4280 13652 -31556 356 -9577 1336
-23392 524 -11628 -6636 -21533 7816
-15324 20464 -17408 312 6156 -7782
-32068 316 -10228 3861 11021 156
-24464 2928 -6128 3799 -9330 -13943
-10540 5456 -6520 3993 1855 -2648
-7828 -2808 -4456 366 -2686 6122
68 -1704 -2624 435 -8860 3828
4324 768 -3580 623 -4179 -235
3900 5636 -24352 2581 140 2920
-32768 18600 -13980 14315 21189 4068
-17988 -248 -14900 1422 -10349 2716
-23220 15960 -3400 44 -1068 7190
-11576 736 -3380 1903 -4052 5379
-3876 -1544 1000 6351 -2073 -2453
732 -2912 -2048 7267 -5447 -2523
344 656 -2108 6439 -6780 -1563
-3796 32767 -32768 -3682 7700 14145
-31084 9004 -12816 -2395 -5524 -4572
-14940 11396 -10860 5171 6100 2687
-30056 6040 -13496 9424 3839 -9059
-14480 6276 -6840 3890 -5108 -4906
-6840 -1152 -4248 3893 -1806 1475
-3160 -76 -2920 2080 -6553 3475
3136 1748 -1320 -47 -7544 1717
2856 -980 -12008 2366 -2444 2722
-32768 16940 -1476 16295 24875 9043
-15080 10940 -16976 -5280 -17905 -2820
-28656 16468 -6892 -5884 3899 8631
-16856 4052 -5364 -353 1044 2842
-4976 1492 -3620 5457 114 -5161
152 -1248 -3296 4765 -2774 -4703
700 -1348 -2056 4196 -5831 -7273
-1784 20188 -22588 -5645 -4335 -721
-32768 7168 -13180 -3535 4498 4815
-19776 12720 -9900 -4630 97 -9825
-32040 3216 -9568 1282 6260 -3813
-15944 2256 -4480 1555 -6015 -5903
-7476 -1500 -6196 1212 -4709 7113
928 -2784 -2348 -561 -6726 6541
-1456 304 -1136 3191 -7599 6507
612 5888 -15016 420 -1162 8155
-29780 15432 -20724 18642 24173 1493
-32768 10380 -12592 12771 -7517 4353
-19752 9872 -8288 11631 -7371 14861
-12164 6984 -5372 10936 -2286 8747
-5448 1024 -7020 15069 -7502 1499
-1544 -2368 -1200 14577 -11525 -3826
2256 -3408 -3692 10445 -5749 2890
-16976 18676 -20836 16489 6640 18003
-32768 9972 -8356 8156 -9911 -12735
-18032 8284 -10516 8000 5736 2659
-27412 4520 -12000 7016 884 -3852
-9112 4068 -5664 5092 -10680 -275
-9024 68 -7248 2466 -2497 6758
-5660 2956 812 -1860 -4862 7297
5424 -3856 -3524 -1097 -9918 685
2112 -1092 -32768 11611 4537 3163
-32768 16632 -13828 15224 1884 -1412
-21988 8740 -10568 7908 -5375 2507
-25516 5764 -11792 6759 -257 8369
-21260 6468 -4244 -672 -8240 3652
-1524 3928 -2928 338 -5266 -1358
-1848 -2352 -1936 9184 -1464 -4876
-972 -1828 -6988 9137 -9069 -7722
-22788 17376 -29180 -4658 16534 26733
-13520 7128 -7064 3461 9320 -1252
-6428 24788 -29528 -6118 3183 1442
-32768 240 -10808 17486 11348 -7553
-10688 9676 -5528 3271 -2136 -2221
-13288 2520 -4408 -2555 2022 -5379
-17664 -5924 -1756 -8220 7095 -1325
1620 -4036 -1960 -14537 -11722 -77
7188 3372 -32768 -1417 7737 -2419
-15848 16372 -31252 -511 3405 -4621
-22408 8016 -14800 435 10768 2086
-26056 14800 -14512 544 995 10486
-19352 7060 -4536 -3854 -4194 3209
-9072 640 2256 84 -12022 167
-1700 -6972 -1872 9511 819 -1927
-2512 -2044 -2796 14576 -5942 -8332
3108 5072 -5816 7573 -8574 -5562
-30024 14272 -29172 -8653 12942 32767
-29860 15360 -9252 7596 1307 -12643
-19896 -752 -4164 3006 6058 -344
-26008 6736 -9096 3306 656 -5239
-15808 1352 -4736 1046 -5017 -2509
-4176 3728 -1920 -2525 -4199 1176
300 -92 -888 -3098 -6557 -340
4120 -620 -9736 -391 -1917 -2239
-10268 13200 -21360 9183 22423 3410
-27828 13884 -17856 -2481 -11426 -3838
-24480 5752 -8908 -2220 12866 9143
-25052 9104 -6372 -4550 -5847 5399
-14960 1940 -5384 -1299 -1160 441
-4560 1468 -936 1870 -1244 -4359
2164 -156 -2316 1842 -3365 -7059
2740 -332 -3828 1302 -3545 -3249
-6164 21168 -32616 1357 268 5907
-32768 13212 -8852 -7822 -19456 8955
-13260 5976 -14668 4833 3450 -8568
-25628 6924 -12196 3342 3753 -5559
-11480 5692 -3088 1522 439 -4116
-4716 3104 -1052 -4516 -4601 -1596
-472 -644 -1320 -6318 -4406 1098
3828 -1204 -3748 -4092 -6552 -3121
2984 -628 -16392 1008 -2902 -3451
-32768 18032 -8144 6863 19490 -1543
-14340 -3308 -12176 -4150 -14678 556
-32768 14780 -8660 -3445 303 3081
-19140 6468 -5224 -3111 1619 4095
-5428 -240 -3600 557 -980 -6892
124 -836 160 2452 -1562 -5168
2964 -564 -3596 3397 -5228 -5236
-3312 11064 -20804 2758 -3508 1207
-27952 4904 -3684 -9769 -23828 20950
-28176 11860 -10016 -45 -4130 -17681
-25740 -780 -12884 527 10367 -1931
-17384 8284 -8772 514 10289 -10015
-14060 5260 -5260 -4757 -768 -9681
-3768 1316 -1684 -10147 2788 -2285
1488 3652 768 -14449 -1528 -5681
1352 -3696 -11612 -10957 -3612 -6875
-30736 17528 5244 -581 18530 -5315
-24944 3364 -18080 -16815 -20053 -7088
-23196 7104 -5624 -7495 11826 5124
-21148 7824 -6160 -7231 -3557 1692
-11992 4420 -1904 -6399 912 -3747
-2980 3576 -1912 -4911 4293 -7204
2552 44 -3104 -4015 1339 -10169
944 4016 -13444 -6999 -687 -4501
-27704 18908 -7428 -12194 4747 26045
-23992 9892 -6860 -5264 3398 -8473
-23452 -2608 -10736 -12069 4840 -178
-19720 8536 -4132 -3447 9395 -8920
-12272 1804 -6664 -9644 -164 -10858
-5488 1572 -3576 -9451 2988 -4119
-4808 2040 -3124 -11909 -984 643
-2288 492 -5188 -9898 -1273 -4370
-6508 12208 -15956 -6639 8833 -4410
-29080 9720 -4528 -989 12710 -1491
-24528 2680 -14840 -8698 -7619 620
-24356 14120 -6760 -4418 4039 4715
-25924 12260 -7276 -3259 1181 2101
-15040 5852 -3684 -1983 1423 -1424
-3812 -1572 -2024 6109 1580 -4231
4212 -5476 -1836 8587 -103 -4018
-1584 11816 -12820 375 -3789 4282
-19676 13792 -24024 -8235 8219 15042
-23064 10688 -12956 -5476 -3718 -10926
-14416 1100 -12464 1320 13554 -1420
-18244 5012 -10296 3733 6075 -10458
-16948 6216 -7168 881 -4616 -9940
-10472 5072 -7380 -1629 -310 854
-12056 3716 -4644 -5943 -2776 2894
-3900 1052 -3760 -9734 -8157 312
2584 4 -2556 -6524 -5941 -1326
-11468 3184 -25776 1267 11549 2933
-32768 14412 -19988 2670 -241 1010
-26216 5268 -10052 -870 -3329 7478
-21900 10620 -6556 -1935 -3462 7685
-15488 3564 -5028 -796 -3893 2041
-6256 3732 -900 4695 -310 -4342
1396 -2500 -3796 6434 -5893 -10439
2068 1368 -8768 1529 -1594 -2534
-10272 21552 -32768 -368 6602 11623
-23116 7048 -4688 -7167 -9286 -138
-16952 16420 -17012 -3056 8643 -106
-27384 3716 -11940 3337 9550 -4363
-19240 7100 -5348 3462 -997 -12583
-5072 3940 -4048 1370 -1247 -7449
-8764 652 -6036 -4377 -162 4601
1220 -12 -2164 -2345 -6095 3974
1752 -4356 -2836 -406 -6747 -846
8228 11540 -32768 2072 11592 -2428
-32768 21240 -13088 6452 -7240 -8448
-22328 5764 -9676 360 4186 8088
-23020 10572 -6544 -2492 -13073 8013
-14588 6304 -3720 -1136 1196 -2133
-720 1808 -3856 678 -3087 -6014
1312 -1516 -1464 780 -6939 -7391
-1448 1504 -10352 -968 -1652 1582
-19504 8316 -10984 4384 10476 16998
-26144 10384 -10876 4527 -2489 -7415
-19372 6856 -8116 3797 8151 -1919
-23208 6436 -9520 -1419 1628 -8268
-7716 3836 -4384 -4554 -3434 -1450
-7540 364 -1220 -2604 509 1618
-2944 -2104 -2636 -1698 -5710 2362
2976 -1732 -12772 -260 -8076 -3675
-25932 20628 3400 6343 18852 -546
-26764 2516 -17096 -9177 -1688 -964
-32500 12204 -4044 -7336 2680 6163
-20504 6408 -3692 -4092 -2109 7015
-12356 4948 -3444 273 1835 -2822
-1388 -2180 -2344 4513 3753 -4370
48 624 -2728 3888 -4164 -6977
-48 7412 -15768 1013 -6008 -3660
-22904 7416 -18828 -733 -5984 20826
-25232 12248 -4256 8323 2049 -15207
-29644 -380 -9440 6516 12535 4361
-25372 3372 -10804 6320 -7172 -11217
-6040 9292 -5740 -947 -3469 406
-3612 -2412 -4196 -4963 1286 3854
-388 532 1408 -3610 -6236 -1227
2704 -960 -13228 1981 -2630 -2486
-20328 21504 -6220 10348 23465 3743
-32444 8776 -18536 -5547 -14205 -1875
-20476 9388 -2100 -5611 1828 6010
-14988 1684 -4708 -678 330 4268
-7968 736 -388 4618 -3340 -1932
5588 -1484 -1232 5913 -4593 -5328
624 1708 -3164 2978 -4428 -2798
-8480 8312 -19828 1459 -5673 5860
-32768 13468 -19892 -3256 1815 17900
-15624 5428 -7624 2287 3867 -8336
-32768 6344 -12028 2613 9195 -3460
-14116 7304 -6888 183 1402 -9328
-13412 3424 -3204 -4064 366 -2150
-2392 -3412 -2636 -4421 -2496 2581
2840 520 -1356 -3363 -3630 -384
1844 5608 -19456 -670 3731 -1158
-31260 4816 -8620 7979 13903 -2262
-27100 3508 -14908 -696 -5465 3596
-31136 11140 -11068 -917 -262 12282
-20488 7964 -5236 -2305 -2323 6600
-7852 2416 -3244 2491 -516 -6805
-300 -572 -644 2446 -1052 -7280
128 -212 -2868 5373 -2470 -5227
-960 11372 -19708 2164 -2317 2896
-19460 6056 -15724 -3121 -5141 12903
-23312 14212 -9864 1490 1613 -5111
-21600 2620 -8932 -1347 5246 -1243
-22300 6148 -3988 1557 404 -8897
-8704 -1116 -3656 -3246 -6439 -3997
652 -1304 -828 -5218 -7986 2302
1552 3256 -5532 -2561 -4276 2326
1860 -2340 -3364 -1150 -1681 -3387
4728 8024 -32768 16822 32767 -2113
-32188 12036 -32152 -2078 -30203 -3298
-31912 10308 -7240 -868 14893 16776
-18208 11564 -3760 -5897 -9981 7031
-8408 -1392 -4064 836 1663 -3694
-1124 -2044 -1072 1015 2364 -3334
-596 -572 -4944 1793 -4844 -7933
1584 4516 -10996 1552 -5785 -3168
-19724 -6504 -26420 10829 8527 12813
-23064 26044 3172 -152 -5924 -7669
-25768 1316 -11304 3792 13777 -143
-22952 3296 -9828 1201 1118 -7466
-14368 1964 -6080 -1483 -3431 -1233
-2944 532 -1864 -3768 -1546 2965
1568 -2844 -2784 -442 -6078 3698
352 -816 -2044 3035 -7131 -1669
-11608 20664 -28296 8044 17605 2982
-32768 7724 -30904 1288 -13135 -2401
-32128 13240 -6804 -3759 5065 9941
-16616 5576 -7084 -4370 -1900 10375
-6216 3488 -3544 -1646 5827 -4815
768 564 -292 933 -1683 -5516
2180 -2472 -3020 2991 -4617 -6899
-3532 7392 -19860 -1002 -262 470
-17904 6180 -16228 -2191 -10229 14844
-28792 16536 -12220 5779 6224 -10307
-30092 536 -13892 7835 11156 -789
-20532 7896 -8764 3670 -4941 -9442
-7668 4016 -1412 -403 -4791 -1164
1696 -1356 -2984 -5633 -8087 3116
3068 -348 456 -2296 -4760 386
2500 -2848 -18192 3923 -927 -3571
-30460 17040 -1852 8692 18296 -4021
-25392 1736 -13260 -5199 -8578 900
-28908 11236 -6884 -5592 4010 6839
-16964 5232 -5424 -4059 -6905 3082
-8072 636 -3508 2658 2924 -4065
-1184 -1244 -5244 2757 -1891 669
3524 -684 -4396 5942 -1849 -4174
-2496 4848 -6936 2511 -2722 -839
-32380 17800 -27244 -5286 9312 27459
-32768 17632 -12520 -2176 -5065 -8400
-21712 1712 -14140 15381 19867 -3614
-20668 13052 -8864 2892 -3301 -8207
-11956 5664 -1688 -1849 -4797 -1838
-368 -3028 196 -4788 -8665 979
1716 -376 -2624 -1312 -6488 -846
1824 904 -3284 -787 -3768 -2068
-3656 13436 -31700 1964 9847 2144
-32768 20080 -24252 7801 2741 -5282
-29560 9444 -11388 -6063 -559 12918
-21192 8348 -8064 -3104 -5960 5548
-2100 1084 -5256 -2011 4550 859
428 936 2488 4510 884 -4195
-2104 -3660 1392 4586 -2742 -7780
1136 -1260 -2644 3891 -9583 -8214
1816 -216 -1948 5305 -4610 -4475
-32768 32767 -32768 -8666 32767 32767
-32768 28944 472 1090 15985 -23076
-27840 7640 -10428 -199 18190 2244
-15704 9344 -11028 -5812 -1046 -10133
-8304 -1908 -3412 -7714 -2283 177
1352 -3996 -2136 -3400 1619 1298
-24 3024 888 -6045 -2468 -1594
740 748 -8776 -5725 -7578 -3604
-26264 10688 -19844 15596 32767 -1052
-32768 8668 -23500 -5461 -17230 -2104
-32768 12428 -8444 -1791 3234 12897
-12840 4060 -5588 -1347 -6574 8207
-11220 5096 -2076 -2219 -3376 1749
464 -536 108 -1166 945 -3140
592 -2632 -1992 -877 -5158 -7233
-588 -1936 -2100 -1951 -3744 -6451
-28264 32767 -14572 -710 7497 15994
-30376 8568 -8372 821 6388 -2789
-23888 5576 -9124 10564 7297 -61
-20496 4884 -10640 7674 -4665 -11231
-12668 4560 -4312 4181 -1041 -4146
-3596 -956 -3140 1165 -4705 -181
1212 -1528 -652 1826 -4513 2175
20 1216 -6916 2297 -7378 -84
-4960 6192 -31728 8803 15629 842
-32768 20200 -21080 1044 -4649 -2231
-21444 4448 -11112 2391 -87 1786
-21908 7388 -4632 -120 1808 5666
-14952 4276 -2388 -290 -6851 -695
-1240 920 -3056 3142 -2228 -2321
-1120 -2720 -1732 4845 -1684 -815
-5536 2584 -4880 2963 -4403 -1821
-8880 9052 -11704 5454 -1533 -758
-32768 11036 -19648 -9283 -6930 17657
-20120 6984 -14768 -3573 -1084 -14622
-15820 592 -9072 -1217 8015 -301
-14480 6496 -8036 -3454 1131 -4319
-8560 2172 -4284 -3034 -146 -2998
-8928 -44 -6392 -1802 2296 143
-13180 2900 -5468 -1069 -951 1447
-23720 6784 -9360 1927 -273 5147
-14728 5664 -6432 -336 -5879 -5173
-9124 4244 -7176 -1111 -503 459
-13668 4008 -6588 166 3587 2031
-15652 4808 -7096 748 2023 929
-14272 4984 -6444 -142 929 252
-13552 4180 -6604 717 1318 520
-14948 4240 -7212 1478 818 250
-14428 4720 -7180 1417 740 571
-14156 4612 -6380 1229 257 372
-14596 3816 -7072 1358 334 139
-14428 4844 -6716 1072 288 294
-14148 4688 -6508 569 77 -18
-14452 4024 -6780 670 115 14
-14748 4768 -6900 70 336 117
-14104 4664 -6468 -370 95 -82
-14336 4256 -6832 -218 43 -48
-14272 4668 -6784 -275 382 -57
-14200 4348 -6676 -237 80 -225
-14480 4220 -6804 127 7 -185
-14404 4524 -6736 376 -468 -151
-14444 4516 -6844 759 -478 -121
-14192 4760 -6744 669 -142 51
-14340 4648 -6976 165 -34 84
-14524 4072 -7220 -89 13 139
-14412 3984 -6880 76 73 104
-14436 3956 -6564 408 -218 156
-14696 3620 -6340 1264 -345 69
-14436 3764 -6480 1748 -646 419
-14536 4140 -6576 2178 -532 397
-14256 4380 -6156 2065 -593 244
-14260 4676 -6372 2031 -300 479
-14628 4556 -6244 2120 151 529
-14284 5232 -6688 1371 524 594
-14208 6012 -6536 -120 562 181
-14264 5340 -6724 -1495 468 -256
-14456 4676 -6828 -2168 561 -522
-14392 4048 -6196 -1907 381 -442
-14664 3888 -6256 -987 -41 -341
-14464 4356 -6548 -178 -585 -177
-14352 4660 -6356 443 -681 -82
-14272 4652 -6472 546 -543 -97
-14240 4548 -6256 782 -235 -134
-14500 4356 -6492 1003 -162 -43
-14456 4272 -6408 1224 -61 7
-14632 4172 -6136 1422 -91 28
-14560 4436 -6540 1537 -267 41
-14548 4372 -6388 1481 -326 37
-14472 4572 -6432 1377 -359 45
-14372 4716 -6388 816 -141 34
-14456 4812 -6276 125 -189 -188
-14488 4812 -6460 -202 -81 -239
-14416 4464 -6284 -150 -74 -358
-14476 4496 -6144 -194 -58 -290
-14496 4128 -6252 22 -12 -214
-14412 4356 -6328 196 182 -175
-14708 4148 -6336 463 155 -158
-14500 4224 -6176 607 361 -72
-14624 4316 -6288 607 377 -146
-14584 4140 -6472 469 327 -101
-14480 4252 -6380 499 282 -99
-14540 4316 -6292 316 87 -77
-14500 4276 -6360 485 42 -60
-14472 4252 -6436 368 25 -9
-14428 4272 -6404 260 82 13
-14768 4196 -6136 318 39 -7
-14536 4376 -6328 435 113 45
-14360 4412 -6360 178 -9 -60
-14652 3952 -6712 143 -193 -37
-14464 4076 -6604 367 -75 -73
-14400 3904 -6516 721 -95 -5
-14568 4048 -6660 1286 -239 137
-14212 4324 -6364 1685 -202 236
-14528 4540 -6584 1624 -69 339
-14412 4804 -6420 678 -129 153
-14328 5276 -6600 -291 250 -156
-14408 4828 -6456 -1714 449 -378
-14516 4376 -6420 -2327 158 -655
-14524 3564 -6396 -1436 78 -493
-14696 3828 -6356 -473 -270 -286
-14712 3688 -6356 676 -716 -41
-14712 4004 -5884 1429 -969 181
-14588 4036 -6124 2057 -1040 422
-14188 4120 -5824 2309 -534 408
-14020 4556 -6080 1462 237 457
-14556 4740 -6116 881 -396 219
-14280 4240 -6284 599 15 257
-14432 4632 -5996 690 -65 195
-14720 4920 -6888 -202 -777 -116
-13872 4708 -6536 -649 -820 -283
-13912 3928 -6236 -778 494 -203
-15604 3760 -6884 -1053 638 -120
-14424 4644 -5856 -1682 1786 166
-14760 3964 -5780 -915 2079 243
-14608 4148 -5736 -113 1817 176
-14888 4876 -5972 103 1255 -1
-14640 4640 -5964 122 405 -239
-14652 4684 -5944 615 95 -263
-14616 4520 -6156 956 -356 -307
-14756 4468 -6456 1113 -593 -250
-14608 4124 -6380 1564 -743 -63
-14356 4120 -6476 2194 -798 153
-14212 4160 -6560 2671 -611 229
