15548 4380 2824 1901 -1026 586
16260 4944 2968 4460 -1237 188
16728 6044 2904 1849 -827 412
14568 4936 2872 -2369 207 849
14948 3900 2556 -2623 255 878
16700 3064 2532 1727 -833 499
16356 3692 2844 3684 -676 714
16312 3204 2680 1668 836 644
17312 3260 2048 2115 1341 706
16764 3340 1984 1489 1094 897
15784 3092 2104 745 1116 899
15916 3044 1868 963 915 594
16168 2988 1908 285 -17 488
16432 2740 2444 578 -612 552
16580 3100 2588 1019 -343 611
16448 3068 2364 921 -366 496
16364 2952 2372 1525 -514 186
16444 2984 2468 1505 -405 53
16552 2748 2412 1006 -179 -207
16424 2620 2408 602 -45 -81
16372 2528 2536 509 44 -65
16644 2668 2404 256 185 119
16596 2728 2368 -298 278 107
16312 2812 2196 -83 287 152
16488 3080 2400 234 303 185
16436 3116 2532 -158 463 90
16352 2928 2424 -219 543 -79
16336 2732 2328 266 464 -99
16424 2816 2320 268 229 -120
16328 2784 2428 382 -42 -120
16292 2820 2464 435 -338 -181
16220 2948 2556 234 -316 -187
16188 2796 2560 84 -258 -188
16404 2844 2592 290 -336 -91
16348 2940 2644 145 -410 -47
16240 2788 2644 39 -360 -63
16280 2996 2592 359 -603 -7
16252 2944 2716 424 -671 -32
16488 2988 2616 678 -539 -193
16472 3056 2704 557 -310 -159
16540 3140 2652 757 21 -151
16396 3064 2556 758 163 -215
16324 3192 2508 524 110 -356
16164 2892 2512 468 85 -284
16052 2800 2428 537 170 -249
16172 2784 2256 415 2 11
15640 2660 2472 473 -58 211
16316 3044 2472 829 -745 196
15888 3216 2660 398 -1080 249
16212 3136 2776 686 -1056 195
16056 3496 2716 176 -1059 266
16012 3148 2848 412 -1088 170
16368 3272 3124 132 -1060 -198
16468 2872 4156 -1013 171 458
16932 1604 5552 -667 2286 1045
15836 1300 5712 -903 5173 2297
13196 356 6696 1831 8395 4627
14044 804 7300 6382 13718 6525
15316 1304 7640 3713 13339 9589
14496 572 9580 9504 3790 6932
20584 132 11088 10687 -7747 2171
19176 3288 8444 4208 -13989 -2688
10296 3456 5372 -7692 -10777 -2701
11320 3000 2428 -3795 -8321 -354
16556 3668 2332 4290 1874 -6579
28292 7016 5872 -14651 13286 -5539
26280 -44 12556 -6258 16003 -4165
12804 6416 8132 3390 12737 -2951
4404 2480 5392 -12912 4778 -2225
-672 -340 5072 -13136 3023 100
-2240 -996 2300 -11356 1932 4839
3472 -4664 5868 -365 3830 1481
12932 -2700 8176 1717 7363 7273
22024 -4652 13676 6438 813 8124
24688 -2992 15528 32767 613 3840
20204 5392 9692 19138 -9411 -1132
14660 6024 6024 -607 -13202 4013
8736 1552 2388 -18514 -11872 929
8664 -920 2736 -11807 -7275 50
11836 3872 2908 2486 3072 -4295
25816 1260 7092 -1630 9480 -2226
25644 1456 16280 -11888 12057 -3693
16196 2920 11100 6186 11039 1833
8548 780 12060 3712 5243 -6985
4176 3484 6124 -12836 1657 -6845
1792 948 4444 -11870 1329 -404
3240 -1380 5508 -1668 7312 902
7576 -1772 8388 -4370 11804 4112
13048 -11104 15796 -1454 1825 7300
20160 440 20448 32069 8950 -132
15812 2704 18284 13738 -5645 6551
17528 4004 13140 19826 -9141 7138
10052 7344 6540 3971 -9131 8370
5612 2960 3776 -9421 -4668 8803
4900 2000 2128 -9290 822 5372
11144 3560 4388 -6310 5469 216
21396 -544 13384 -12562 6886 -873
24144 -976 23300 22866 7537 -14728
11732 7980 13756 -5851 4728 1479
3780 468 10516 1451 1850 4888
904 2112 3776 -9181 752 2429
-36 588 4680 -19458 -2323 941
4736 -4516 6768 3289 3882 2739
9120 -3000 8108 4207 5770 8413
17264 -10184 21028 8218 -2475 5853
23480 -7016 26480 21491 -5917 -3961
13624 3640 14592 105 -6654 6217
6828 8 8524 -283 -4503 6593
4592 3204 2900 -167 -2980 5718
4964 1988 320 -6396 993 16
14216 2188 6064 -4193 9484 -4866
23652 -3336 15684 -1693 8914 -9413
20068 3020 20872 737 10169 -8724
8304 -1416 19508 1241 2323 -2733
2320 1080 8768 3056 -1148 -6613
-48 2008 5868 -11673 -5957 -583
1260 -3100 3424 -6802 -5613 -3521
3052 -2784 4692 -3087 -787 3436
8316 -5816 13660 7118 36 4123
22736 -9500 24496 21428 -2179 1127
19100 2112 19072 13344 18 5951
13184 -620 15412 4286 -3407 7803
10900 2596 8060 4304 -4267 6034
8404 4456 3636 1700 -2158 5774
6696 3216 348 -3873 2308 4001
5988 3692 1300 -14717 4370 3748
8816 -4896 7628 -7726 13616 -924
27396 -17592 30604 18730 8120 -10595
12124 9956 9768 -5769 8818 -6838
548 0 12800 -19329 1666 1690
4992 -4516 13816 -1333 -4978 982
4112 512 6984 1343 -6054 -12747
660 1488 4168 -270 -1353 -6348
2396 -944 5684 -16534 312 -1526
7980 -4068 12020 -7059 6735 6737
8220 -12780 20328 5174 3564 9076
16900 -12996 27456 15195 -3206 2097
24568 -2824 19144 15785 -9926 1707
14760 2568 10640 -5473 -10299 1532
8212 2540 4756 -11271 -8300 4582
5084 484 3144 -756 -5812 1579
8476 2360 2320 2251 1479 -7814
16124 -656 3544 -22713 667 3683
21388 -9516 17704 18763 14398 -14096
21656 4008 19524 18119 9969 -10338
9452 5368 14480 428 6181 -1795
728 832 7904 -12134 -631 -4937
-2052 -252 2632 -26055 -1356 -1326
948 -2168 3416 -8508 -412 -4852
1292 1300 3156 -4103 -904 1711
5000 -812 9292 -6520 2082 3437
9132 -6256 15436 16017 7234 1430
15176 -6808 32767 32400 3207 8431
13432 9152 18488 14328 -1337 5330
5788 632 11904 -11360 -7661 11072
3240 -1844 7152 -993 -7982 12902
6792 -1636 3692 1154 -7013 6508
7912 136 -156 2111 -1059 1863
13800 2144 3168 -5612 4055 1326
20960 -4756 15780 4280 4997 -7054
27300 1016 27180 14764 9737 -14279
9512 7760 19756 -1850 5879 396
1648 -1060 13284 4555 -61 -4888
228 7040 4464 -14915 -5254 -5502
1244 -624 1564 -15217 -3603 -7186
1888 -1876 1512 3366 2508 -3291
5056 -2304 8520 1288 6265 -888
7440 -5416 24188 6309 1392 6202
13240 -3008 29288 11215 -3198 13627
11528 2132 18872 12585 -3485 14182
7588 4448 10260 2552 -6132 11222
6164 1268 4788 -963 -9947 5308
7736 2016 1408 7029 -6373 1574
7920 1252 -912 -3352 407 -643
14968 -2368 5608 -1602 8319 -6793
15732 -7656 28740 31100 14974 -16743
18316 22964 21156 22096 7300 -12276
5616 7452 14328 -24327 7888 -3104
1364 6980 9528 8338 -3608 -3719
-184 8148 572 -9118 -7986 23
1992 2384 936 -21068 -5594 1189
672 -216 1540 -3035 525 2025
604 1192 9280 4482 4826 3366
10788 -3244 29420 5964 -4958 1784
15616 4384 29044 13493 -1343 11514
11740 2800 25156 18986 -3881 11339
13564 4420 9920 16876 -5551 7628
9988 5180 3668 16011 -3309 7904
4364 4580 -2588 1279 -949 7956
1980 1408 -2040 -15119 -361 -2024
10848 4936 2232 -16023 4798 -10694
20624 -1072 22904 4385 -1738 -12967
19672 14768 19612 -8740 3460 -9820
8724 5852 17464 -27569 51 -4051
3000 2128 12032 -6076 -2180 -5252
2168 1892 7536 -17714 -5891 -1281
4212 -1852 6620 -3659 -4229 -1900
2128 1672 2792 4600 2009 1513
1500 -120 3304 2872 5399 2655
5076 -2980 16212 11408 10363 2916
17984 -2756 32767 32767 3342 1852
20692 15320 24500 8903 9183 5090
13288 2284 18596 -3509 1361 10566
7916 5892 4456 5214 282 7720
4288 2724 -1624 -11892 -2556 3183
3420 1312 -2916 -12981 -2731 3143
6912 552 -1536 -5128 176 -4164
13468 5908 9604 4672 4157 -7521
20868 -2432 27168 11272 -2712 -17764
17412 12752 22824 -8021 1843 -12097
4588 4888 21008 -1936 -2616 -6764
-500 6900 9872 255 -5404 -8667
408 3648 4780 -15312 -8932 -4362
1636 -1208 4272 -1171 -7443 -4782
-908 3388 1240 -3324 -1263 2371
2048 296 11812 -9936 -2306 600
6864 -1884 19532 17046 14294 507
8108 5964 32416 12368 6636 12093
10444 7116 24144 4704 -119 15586
9032 5224 10760 8677 -5697 18429
5172 4828 2996 1351 -7909 10857
9188 4676 1968 2334 -7825 9558
8332 3648 1420 800 -4841 3115
15912 -1248 4672 -9503 525 -5621
23824 4592 12928 2081 9202 -9269
21788 -8236 32692 17318 7153 -14397
15712 16516 18320 -8857 4624 -5929
2440 10756 10860 -5821 913 6038
-2172 4888 2888 -16698 -2855 345
-256 256 2796 -23338 -5088 -3255
1280 -1752 -352 -2620 580 -5627
2476 1620 1360 -10932 1287 -4068
4220 -1048 17504 380 9653 -351
10272 -4872 32420 16759 9936 11020
8876 -1472 29516 6752 1415 10275
13056 540 11276 10311 -9192 7985
10220 3584 960 5849 -15083 6899
10248 1576 -1036 -479 -12174 3604
9768 136 1364 -12525 -6739 -3452
11644 -400 6020 -243 885 -12042
18936 1344 19116 16454 4467 -19996
21004 10832 25036 -12479 4654 -10244
13840 5464 24016 -13255 7069 -4713
1288 2892 15344 -6221 936 -4142
-1764 3988 6300 -4577 -1502 -3741
-3052 3768 280 -14561 -4090 -130
-924 456 -108 -13204 -5964 3560
196 -1028 1008 -4207 -1070 5948
4916 -2868 8100 3374 3884 8104
5720 -11692 26056 19082 5915 8776
24404 1080 32767 32767 10515 7929
14572 3692 24996 3405 3367 7100
13000 -288 15516 14224 -4709 2650
6716 5832 1592 -5569 -5069 4155
4776 3456 -2180 -17598 -8496 11514
4884 2348 -1856 -2419 -2072 -2098
11304 4412 4608 459 3209 -3309
15164 -368 19292 -5180 1539 -6497
25036 2476 32044 21769 6139 -4964
9484 8748 20224 -11641 4730 -6417
-752 -1140 12096 -6934 -191 -8367
-2448 1356 4136 -13649 -3497 -5124
-552 -636 888 -11367 -5433 -4592
408 -2616 2948 1179 -1777 -706
3868 -10840 11836 12590 -2949 716
3784 4996 21584 32767 13590 3889
11876 4380 32048 5951 3171 13944
8968 4796 27600 25523 2113 15448
11044 3752 7920 723 -6543 11386
7268 3892 20 -8012 -4625 10545
2860 2100 -3888 -4739 -5125 7228
7796 2092 -3144 572 -2681 -4061
17844 6716 4264 4120 1780 -12569
8972 9784 19076 -8886 -5091 -22559
25904 9660 27860 -3738 -2132 -19021
5748 12604 14636 -21861 311 9323
-24 -484 7116 -5083 -1913 5175
-912 2104 1160 -12885 -5595 -189
588 -3776 2628 -2561 -3122 -30
4448 -3280 6576 6158 -51 3925
8444 816 11528 7456 8190 7969
17720 -7412 30844 21050 4253 6807
21668 7200 28256 32767 7120 6885
10344 8604 16140 2801 -127 5639
8496 1448 6408 -13421 -3867 8365
9864 -1716 96 -11207 -6238 11692
8540 -224 -2220 -1793 -3315 1844
8200 4764 -2616 -4530 657 -1369
17164 5980 4608 -4024 3131 -14476
25372 4912 18456 3730 -4641 -22059
22896 12584 22060 -2603 3842 -11937
7460 8804 15624 -11008 1221 -5490
3916 1680 12224 -5949 -3165 -8686
352 2044 5308 -15581 -2211 -3836
-1904 -3500 3268 -8984 -3062 647
520 -1832 4640 3616 -5602 2270
8044 1624 7860 7324 680 5046
12584 -5300 18944 8539 4636 10644
28260 -2908 26532 32767 5486 3810
21552 14964 12396 20720 2490 4800
12560 4432 9956 -8389 -4017 1243
7384 316 4756 -11114 -6372 -1259
3980 1696 684 -4939 -6835 1863
3348 1244 2876 -7277 -3333 -3208
10132 840 8128 1672 1992 -2671
14136 9256 9072 -10107 -2427 -3589
30884 -6828 23792 1847 1848 -4195
19824 10168 13076 22409 11471 -590
8284 8420 6828 -13799 2609 -1887
6424 1948 9848 -13125 -1255 -6732
5044 1928 7444 -5839 -109 141
5316 1416 7436 1044 938 -4925
7828 1712 8972 5563 536 -1797
11808 2128 14840 5392 -3228 -933
15176 5200 15324 9763 370 3312
9036 6496 11140 -1660 2164 4309
7308 3548 10424 -3738 2177 5028
8192 3188 10924 1915 2087 2535
9552 4228 11632 3213 1250 739
12228 4056 12576 3621 701 -344
9032 4852 10108 -3531 858 2546
8384 2720 10836 -3885 160 4101
9280 2904 11920 3483 -421 1028
10316 4736 12536 3061 -196 -507
9080 4216 11792 -1069 285 137
8572 3668 11528 1288 352 255
8780 4476 11356 2143 -96 -554
8948 4236 11812 1203 -414 -992
8936 4168 11776 596 -402 -946
8828 3668 12040 -172 -373 -933
8560 3684 12028 -343 -269 -401
8780 3736 12040 -692 -163 -301
8980 3944 11996 -303 107 -174
8812 3968 11988 -593 -15 -246
9008 3948 11956 793 -42 -649
9024 4312 11956 1268 62 -500
8856 4432 11732 879 214 -522
8632 4084 11356 318 137 -1107
8548 3932 11684 504 53 -1271
8212 3836 11432 34 -72 -1067
8608 3752 12828 1080 439 -721
8116 4524 13168 -863 1108 -90
8060 4144 12884 -545 1496 -635
7940 4064 12216 342 1448 -564
8052 4128 12432 327 1541 34
7868 2956 13492 -1670 2207 583
7412 3096 15884 -1180 4357 2653
6160 2320 16044 -7342 6607 5238
6364 2384 14916 -5519 7537 5348
