15560 2472 2180 4103 -315 1774
15832 3272 2044 4707 -1120 2210
15616 2980 2296 2934 -1736 1768
16328 2808 2452 2990 -1974 1534
16740 3060 2336 3201 -2433 1339
16688 3336 2484 2708 -2362 945
17252 3080 2440 1719 -2138 148
17484 2632 2416 785 -2123 -325
17272 2272 2728 1541 -2460 14
16664 2260 3004 2880 -1972 -62
16620 2760 2752 2673 -900 -287
17088 2272 2524 1432 300 -858
16976 1944 2332 1393 1459 -520
16716 1936 1960 2130 2075 344
16752 1908 1856 2096 2315 781
16664 2116 1648 1510 2272 945
16512 2236 1804 972 1843 1158
16284 2416 1656 811 1476 1276
16132 2552 1584 218 997 1234
15992 2668 1696 -40 830 1430
16324 2092 2440 339 1308 1252
16592 2088 3652 58 2320 1673
17300 2332 4380 -132 2435 2148
16172 2628 4852 722 2101 1782
14968 2692 5072 -417 1115 908
14164 2692 5088 -1411 902 63
12468 2200 4824 -1892 1039 72
11764 732 5536 -417 1272 -302
13712 -100 7532 3427 5180 -663
22356 1824 8128 7674 6068 1719
20836 1932 9648 13222 1340 4691
28592 2100 11708 13702 -7475 2270
17856 3124 8784 10156 -8629 -3048
8444 10648 6020 -5860 -4325 4946
6404 3876 -2956 -13264 1058 -8326
8672 4924 -1596 -23711 6253 -15186
18232 1276 3528 -32768 -3109 -9575
22032 -2348 12052 2482 12010 -4576
16528 4240 12108 23941 19480 -534
12428 8460 10776 2980 2749 -6181
9540 4324 7160 -7767 4046 9031
2828 3476 4860 -15158 225 2770
916 -688 4640 4301 4882 8033
7356 432 7280 5470 10852 5415
8460 -4496 5696 -1190 13618 9623
9224 -1884 23584 14101 13856 8604
18024 -1944 25044 23501 1937 9743
18688 6880 16968 32767 -2491 11804
12696 11620 3884 4671 -7141 8927
8312 6524 660 -13408 -5769 2775
7352 4092 900 -15247 -2043 619
12120 4148 5252 -2594 7510 -11367
19676 3436 11604 1677 7063 -14825
16836 3260 20100 -9023 4518 -10357
10076 6460 19824 668 2957 851
7352 4784 12608 10730 -198 -828
1816 5204 5436 -14837 -520 -2482
-1512 1676 2928 -26039 -1492 2519
1536 -3244 7092 -5399 151 2167
4932 -1596 8788 6150 5781 5761
6340 -2896 18784 3629 -112 8615
17412 -5160 28544 28227 -1305 11777
15968 5572 18844 25574 -4416 11263
8048 3028 7592 -6981 -8791 7650
10552 2604 7372 -12018 -10117 5109
8680 -2116 4656 -12973 -1073 -482
6396 1076 1804 -3522 7983 -510
9640 8556 1916 -6029 5987 -1861
20048 -3532 13676 -9444 -1543 -13596
24372 10876 21940 20651 14313 -4591
10508 7460 19652 -409 5118 4981
6404 1524 14144 -5059 1877 -7865
2168 2760 7192 -17456 3409 -900
-1724 -1632 2104 -17702 1025 3595
-464 -1316 100 -4605 -2253 4433
-1520 -2292 4604 -498 -3237 8485
5252 -8748 19408 11507 -5098 16923
22124 -14596 27584 32767 -6067 10618
20132 3144 17248 22908 -6605 11333
14996 1072 10380 12237 -12809 3779
11132 4812 4420 401 -10994 483
9484 3816 1260 -12895 -7612 4096
8148 2296 1688 -4777 -1943 -5677
15616 3208 4968 -257 6283 -11509
23020 4072 16436 -4450 9720 -13754
24436 -1304 25276 -4365 7899 -20267
11260 7044 15360 -9821 6091 -6670
7000 1912 9592 1414 2061 -4322
1564 1972 5796 -16628 -3222 -8145
-4044 3684 4776 -12596 -2185 -3429
-3176 664 4076 1011 978 -2113
1180 824 8236 7127 6019 -3305
5684 -2388 17512 2861 1503 -577
17724 -3808 29684 10433 846 957
18048 5748 20532 21162 -2835 5456
18028 3764 13772 12082 -6848 7795
11152 6012 3856 -702 -5015 6238
4644 4708 784 -7314 101 6889
3788 2848 -16 -10512 949 4841
12368 5928 6328 -6566 5548 -7942
11668 7580 11216 -8930 15873 -6123
14628 -4092 31244 6430 7153 -7075
6720 11788 14256 -2882 8604 -3306
4288 5064 15920 1999 -1279 2130
5148 4568 9620 6967 -7160 -4303
2300 6400 3740 -20914 -6366 -5103
1712 -480 6060 -17360 -7199 -2704
3444 -376 7352 -2395 -1920 -485
4480 2700 10812 -5021 2046 5455
12276 -7068 21496 2373 -4216 13113
16300 -6604 24472 29646 -4319 12082
16676 5324 11724 21351 -16867 7911
15012 5180 5792 -73 -20324 4057
11140 4160 3196 -6134 -17297 554
8204 3500 2696 -7148 -10593 -112
10216 616 2776 -659 -502 -10473
15732 1772 3716 -4236 7197 -13454
22248 3468 10704 -16245 3975 -18155
30120 1136 19572 4919 10381 -10264
15700 10936 12012 18602 9792 -1069
5136 8700 6088 -10107 2347 -3650
572 2068 3316 -30367 -935 -6327
-2588 -152 1068 -28447 -2762 6273
-3400 -1492 2088 -12216 934 -1776
580 -460 11860 10734 7476 -2279
17136 3168 19848 6499 -767 1035
21724 8168 20756 20266 6487 4369
17748 8608 18724 8380 -728 9989
13364 6196 10436 2321 -5203 3054
8120 2892 4188 -15737 -6176 1341
5952 -960 1600 -14673 -6621 589
11996 688 7204 4307 2651 -7785
13848 2592 2024 -10679 13933 -9199
12796 5568 8464 -32110 9142 -18025
20164 -372 23000 13180 7819 -13603
4588 17464 18700 18853 8885 -6141
2096 4164 12892 -24654 -5522 -11806
1032 -912 7820 -24248 -3692 -10229
-1252 -1168 3652 -23146 -1924 -9286
1604 -3984 2856 -11822 1219 -5064
8204 -5452 9648 1186 2275 -593
11300 -4160 19564 20579 858 2502
22924 -868 27012 29863 -3327 -5018
15732 10196 19136 8724 -3543 339
14540 3836 13440 1608 -10047 -789
10372 4476 6036 -8034 -11056 -2406
6936 -236 2788 -14246 -6990 -3663
3980 400 -880 -5238 -1282 -5379
7776 2344 -2448 -14435 1592 -8920
12984 7004 9248 -14238 5086 -10758
25552 -13816 25640 6935 2559 -16792
17540 14596 23008 6931 8933 -2612
5752 2888 12972 -10159 -716 -5893
4032 3076 10096 -20533 -2763 -9172
1588 268 4512 -22969 -2598 -3152
3444 400 2900 -17185 -1405 -5082
3968 -1284 2380 4094 7083 -3982
7188 -616 8756 10024 10295 -3109
6100 -2104 21048 8847 1951 145
17652 -1904 30240 13568 -5080 -2630
14840 7912 25644 12157 -5443 8314
9596 6496 10884 -2008 -8143 5305
7876 3196 2064 -18517 -8695 1644
6472 -1564 -1864 -7890 -8658 -5797
6160 4392 -2980 -6420 -536 -6521
13172 1880 3432 -12521 778 -12084
19796 -6816 18840 20124 5477 -16388
23284 18568 22436 20457 3338 -3383
15552 10204 17232 -10007 2260 -10038
6648 2704 12160 -20193 28 -14610
820 -144 4332 -24093 -1312 2159
-1340 -4496 916 -9347 -3342 -581
-2572 1304 -2496 -11876 -1174 4549
2456 -2912 5408 -12350 256 -317
7816 2312 8460 7871 13636 2033
5700 912 19908 8950 12678 11267
26532 -22992 32767 32767 -646 1020
19560 19968 24144 32767 3623 15056
10884 3128 14764 -11121 -5012 869
6076 -3212 5104 -10783 -7916 -105
5764 2476 -6472 23623 -9090 5959
7172 4516 -5368 -3448 -8333 -387
14136 2996 1452 762 -7250 -10540
19024 12468 12332 -121 -7292 -12190
30148 14840 21356 7427 1238 -10851
12424 17228 13516 -17205 1018 -11526
8844 4868 15148 -11590 -2440 -11259
1624 5160 6064 -16747 -2787 -5363
-724 556 3328 -20654 -4820 -1153
-1352 -36 -936 -4500 386 1068
1304 2400 1400 -5625 3216 1176
9380 -1796 12160 2927 6336 2685
16496 -560 26168 15657 1860 5277
24428 5920 28468 32767 8106 12382
20124 15948 16452 10297 2533 10492
10296 5640 8164 -5791 -2388 4436
5484 3044 520 -537 -6722 2350
6220 1992 -2208 -5619 -5936 4740
6580 4552 -1220 -11248 -3028 -3197
12332 6140 2048 -13672 449 -9423
15544 2920 19276 -10490 2107 -9717
28860 -352 26492 14457 8900 -3786
10276 15300 14232 4618 10230 1566
5584 3588 13272 -12907 -2349 -6240
1968 4008 8940 -10402 -3425 1353
-2104 2636 2208 -3065 -3151 -4917
-204 -476 1680 -2047 399 2151
3024 388 6000 4763 1711 3611
12128 136 18656 6735 -2898 6955
17652 -4424 27336 17262 398 10589
12124 5804 24108 23406 4511 17507
9624 1592 16228 5750 -1879 12122
8488 1060 5844 2410 -551 12118
6868 136 -636 -1403 -1274 9649
7488 -656 -2948 1683 1573 2769
5916 3880 -1040 40 3390 -1503
14964 8252 9728 2554 4126 -6240
32767 3136 20632 4259 -1484 -15826
22512 21652 21204 17727 6358 4597
10332 10296 9416 -24487 -3250 -1394
7728 -3924 12560 -8922 -5031 -14179
1276 712 3612 -6590 -5621 -633
-592 -1400 2100 1646 2047 2136
-152 -1596 2180 2865 3689 5762
4976 -2964 8772 6163 7096 7769
11064 -8160 22096 9546 -449 11050
28208 -8912 27924 28286 114 13218
21376 6116 19712 24170 3471 18023
17464 3512 14848 4271 -1461 13255
13100 -32 9516 692 -3213 5756
8076 2756 2532 -771 -831 5546
1488 2040 -768 -4338 1650 3896
2744 780 1416 -798 2622 3546
4260 2072 4452 -3820 4264 6721
15816 -11592 18692 13632 1719 3048
32767 11568 22420 32767 13852 14309
18652 13672 19088 -719 7188 3910
13024 10608 19300 10800 5803 847
5800 7216 11460 -7100 1600 170
-108 412 3152 -14786 -5137 2661
-1596 -5484 624 -9835 -11080 2358
4928 -2364 1940 4159 -10351 10236
9780 -784 6208 -2349 -9785 13850
21644 -4056 8896 14360 -7816 12808
31372 -3912 14124 32708 -1022 8444
26244 4816 9172 30354 1213 6215
17184 5276 5284 2624 -2361 1810
7312 1792 -60 -1020 464 1246
2928 2396 -1280 -7973 745 824
2984 180 -1828 637 6335 -131
-456 768 -3040 -4499 6048 -1347
8420 -2632 4456 -10697 1848 -4325
12696 2764 14612 -4198 12740 -603
30972 -20820 32767 11993 4226 -5456
9836 23696 7628 20625 15485 13245
4020 -4216 16128 -25642 -2374 4937
7824 -3272 15724 15456 -3631 8873
9956 -1488 12460 -4949 -1805 9005
6272 -3648 7692 -7713 -2965 12841
18552 -7316 12900 11256 -8703 5621
26332 2024 12284 10068 -1837 10178
23036 -2548 13384 9737 -3697 4783
19132 -44 14456 20954 -3596 2781
11548 1704 9476 1348 -4290 480
6908 -660 3008 -6408 -3967 -328
7228 -2728 -812 -1836 -1031 -6531
9944 508 -1096 1704 4779 -6035
16068 4040 7980 -4243 5114 -9314
24364 2520 19072 8602 7278 -6802
16792 10320 15276 177 8649 -2975
10144 3460 14440 -6718 4901 -6109
2976 3476 7412 -15356 2285 -3017
2848 -104 3020 -10289 635 1421
2200 2800 -748 -1234 2234 -1438
924 3300 104 -3332 3976 20
7756 -1884 8320 4681 8331 2136
11840 -2724 21836 23617 4916 8632
17936 1152 27060 26239 443 18548
18728 10052 19532 11233 -5713 12662
14896 2660 9672 -2910 -11486 1165
10432 1752 844 -17513 -13670 2989
9704 -916 2736 -4479 -13442 -5511
8388 4128 3412 10265 -4733 -4990
6824 7184 692 -8244 -1106 -8796
11360 5188 5920 -22382 -5318 -14353
30556 -1040 20524 25484 5960 -28588
23616 23040 15940 32767 18307 2578
10184 7380 10572 -22854 -1106 -1423
-56 1424 7520 -7195 631 -3378
-5248 5968 2900 -12172 -2973 3385
-3052 720 1960 -23932 -1408 -3200
4608 -5084 7336 97 6634 1462
8916 2920 16364 15331 10225 7777
24484 7232 27356 5125 5186 10389
19432 6720 23640 13559 6442 15028
17764 7444 13736 15199 -354 6786
10208 5512 3112 -8254 -4169 5243
4924 3088 -2076 -7392 -1831 6837
4304 552 -5572 -13426 -2435 7132
10304 1176 -7388 -2230 2592 -4876
12088 7248 12224 10547 4668 -11796
28188 11776 30932 26647 -367 -9972
10124 14016 19116 -32768 2847 -1969
5596 1988 20224 -3726 -1869 -4802
1428 1788 10336 -22672 -5231 185
1428 -5200 3868 -5801 -2668 3848
352 -1128 -640 -645 -1404 9058
2116 -1616 3532 5258 1233 7484
9336 -3704 13776 18047 8590 5803
11600 -1080 26764 26389 11924 14534
22528 3708 29676 22862 1589 12919
19436 5976 16124 12940 -2200 11912
11396 5140 4056 2015 -4727 7832
7032 2516 -552 -6960 -8050 4761
8016 476 -1768 -1506 -8200 -4946
8512 1244 -1540 5945 -2550 -9922
12704 6444 3256 -1997 -6510 -9413
28720 -4424 26052 1646 -6435 -14808
18520 21984 14368 4293 3177 -1488
12028 8392 17460 -16887 -1198 -5224
6076 8512 10316 -10610 518 -3260
-2392 2528 3928 -21895 5305 -4575
-3980 624 1136 -23853 4134 2710
-1528 -344 1992 -10075 5587 4426
2108 -2980 13884 3160 9571 5606
14984 -12248 32767 15161 2394 4229
23256 48 29760 18877 651 8069
13432 2860 12016 9129 1405 10074
6996 2056 3220 -7347 -1172 7161
6404 -952 376 -3837 -1784 -124
7704 1104 -3748 3194 705 -5215
9968 7120 -3316 -6934 1355 -4315
23888 -1464 18744 14005 -3672 -18822
32756 30896 25212 27140 -6453 -6405
9572 8720 19064 -32768 -2607 -10889
-940 -3272 8768 -11101 -3232 -9645
-3136 -392 440 -20980 -7688 -3668
-4460 -2140 -2124 -9605 -7719 -2865
-2664 -3424 -180 3070 -3786 1917
4776 -5804 10976 11417 3856 3379
19592 -6588 27344 24839 2603 4340
30616 1840 30184 24234 6304 12823
22124 5892 14732 27187 -3339 10769
13648 6996 2180 -6966 -7625 3417
8028 2608 96 -25098 -6933 5292
7220 1016 -2752 2037 -6308 -6867
13192 3532 3552 8506 -1864 -10263
19196 8756 14884 -7408 -5534 -9776
18948 6836 16916 -7532 -1567 -853
10656 5232 9392 -4559 220 4526
4712 3748 4112 -3487 2369 1554
1216 3288 2620 -12300 2341 -2770
-1484 -20 2480 -12310 4680 -12
1864 -72 4924 -7778 2345 2558
8008 -764 10784 3208 10634 2531
17164 -8592 32372 9083 375 8421
32767 3512 22492 29011 6695 17972
27596 3712 17724 15699 2375 10037
14996 4008 6952 -3533 -786 260
6136 -2472 2540 -15951 -1081 -2849
5824 208 -2656 -12993 -5177 8927
2424 1052 -4728 2837 -1008 -5339
4512 1900 -2148 3244 368 -5984
16124 5608 12100 319 -7732 -13725
32767 1960 32767 15829 1646 -13756
19604 12412 20004 -6220 4935 -1032
5988 3140 11604 1304 -36 -3626
656 5004 5640 -10718 -2098 -5294
-1196 2496 2020 -23581 44 3162
-2104 -1540 -440 -4099 120 -5086
-1308 804 -864 -8113 -3035 4678
9208 -4384 10424 11605 -2209 -9156
17064 3340 32767 27696 15910 12074
19448 -3940 32767 6226 12412 3489
11452 3928 19772 14017 4217 7615
9204 -1212 7144 1491 -3628 8931
4524 -1036 -1776 -2479 -7010 9413
6868 -2300 -2700 -3995 -8644 13138
7112 452 -3928 7021 -4597 -220
13680 3184 496 9787 327 -5566
20932 5152 17276 6271 -7527 -14823
32767 18280 26616 10396 -536 -10074
17472 12364 19480 -19053 4595 -391
8284 6920 12924 -8037 -832 -14763
3024 2224 4768 -22775 -2648 -1272
268 -200 840 -14196 -8167 -2338
-2968 -1404 -2464 1802 3902 -762
-1680 -1504 1904 -2045 6604 -612
-520 320 9056 2790 9146 1296
10220 -9284 32767 12191 -5173 1734
27260 -428 30896 17608 -2581 5861
19156 6708 18820 12233 132 23240
10952 288 4696 -3085 -3438 6646
4392 -300 -1952 -893 -3941 5777
2488 -564 -4460 -952 -2576 910
3968 -2224 -5672 -9323 -5485 -1555
10136 2396 508 -1282 -613 -3795
30080 -204 20960 23548 1888 -13252
32767 28520 23740 17628 8166 2744
14832 11084 12108 -22793 4351 -13361
4860 1300 8228 -20884 206 -15428
1288 -1604 2844 -32768 -5980 6996
-2168 -4732 -100 -9915 -4380 -9257
500 -3316 752 6547 -561 -216
5724 556 6984 8061 4074 6395
6116 -4276 18080 26161 5688 4274
27976 -2568 32767 32767 -2840 8638
28424 16676 25224 14644 7601 4710
15912 8100 11516 2073 4571 7436
8084 6372 1152 -3701 593 8004
6868 6728 -76 386 1157 5079
5272 -392 -3792 -12058 2342 2432
3556 1604 -4640 -10292 3634 -6352
8628 6124 2712 -1217 2698 -10106
11648 -824 22500 12110 -5366 -19325
22752 22084 25832 2485 1340 -9333
12772 11544 18612 -26218 1701 2139
4932 3144 9524 -4393 -3226 -476
216 2960 2804 -23320 -4191 -7368
-1796 -3032 512 -32005 -10020 -3086
1012 -1952 2488 3965 -559 -1141
3420 -1024 7432 16525 4139 3483
7080 -1452 17716 21797 6265 5077
24604 -1096 32767 32767 1845 6304
18424 11196 23804 19409 4701 6819
14592 10252 14976 7043 -1711 9024
9356 6904 5184 -5472 -4504 5438
4860 5340 -176 -12476 -5926 3561
2516 2572 -3316 -13709 -3954 -4881
8416 1348 -1352 -6054 112 -10749
14280 4960 5504 -150 3435 -10375
27540 -640 29760 23344 2587 -10763
21308 18464 15164 17289 8099 9054
9132 8968 6040 -24279 -4387 2169
8160 4020 9544 -5401 -344 -9388
4284 3304 4696 -9132 -167 3028
2664 1576 5428 -8336 -4458 1045
7124 -144 7400 5246 -1027 2222
10884 2416 10040 8915 764 4009
15308 3964 13104 14460 3336 6403
14336 7528 12072 17722 6195 5290
9704 9284 9148 -1602 3833 3942
8224 6444 8528 -5709 3652 3536
8652 6172 9636 -2254 2812 292
10580 5580 11180 -1333 1502 -3243
11292 5348 12216 -3737 803 -2549
8860 3872 9996 -2974 1284 1411
8568 2832 8712 3911 1 880
6260 4392 5344 6165 -3496 1295
8620 5640 8356 6413 -7549 198
11548 6196 11796 7225 -7262 -849
13736 7676 14828 2401 -5051 -1932
12328 8592 13092 -1231 -1528 -1283
10524 7400 11304 -6410 293 -1560
9808 6236 10944 -3102 958 -1252
10080 7068 10924 -1154 1116 -935
9696 6336 10696 -2166 1642 -787
9756 5872 10408 -1482 1950 -596
9552 5672 9836 541 1803 -515
9632 5648 9880 1318 1147 -403
9528 5728 9968 2195 433 -393
9224 5688 10136 2499 -234 -442
9016 6764 10448 2930 -466 104
9272 7100 11168 -275 -642 -85
8936 6748 11756 -1131 201 -266
8692 6272 11516 156 769 -659
9428 5920 12396 1711 2321 -1285
9508 6972 11380 2573 3257 -512
8888 6812 11124 -830 3503 -1325
8332 6160 10484 202 3429 -961
7640 6700 9572 806 2453 -1482
7360 6592 9684 1208 1150 -1148
7344 6700 10260 769 -2 -705
7784 7076 11476 539 -566 -271
7600 6580 11528 -487 -602 -149
7476 6508 11732 228 -488 224
7572 6444 11648 28 -128 72
7660 6480 11692 398 245 -291
7880 6676 11444 25 577 -802
7808 6844 11468 -146 203 -516
7620 6988 11780 393 70 14
7772 7680 11688 497 -416 585
7660 6240 11104 -254 -556 587
