-13052 1796 2180 -1545 611 347
-16220 2032 3304 -811 1103 -116
-15392 860 2356 -808 -130 -177
-14348 116 3744 -1084 558 -173
-14572 356 2852 -241 -726 -526
-15088 1044 2992 330 509 -372
-14648 736 3664 419 -1 -397
-14448 760 2864 476 17 -363
-14644 600 3136 904 -97 -587
-14568 656 3532 1400 6 -766
-14632 996 3216 1835 -302 -716
-14492 1044 3516 1995 107 -519
-14428 1028 2544 1843 -47 -661
-14836 772 3320 1804 268 -573
-14412 788 3044 1724 110 -671
-14568 708 3028 1451 443 -729
-14740 652 3124 1106 526 -557
-14476 856 2848 872 476 -370
-14816 716 2960 561 687 -138
-14720 840 2976 395 494 109
-14572 792 2960 93 571 310
-14716 884 2680 -181 345 326
-14732 892 2656 -353 455 455
-14744 792 2872 -527 302 518
-14812 936 2920 -497 444 545
-14636 756 2336 -924 183 602
-14924 684 2864 -997 180 624
-14748 548 2620 -901 126 613
-14832 692 2540 -854 -107 725
-14780 580 2720 -856 -124 666
-14788 972 2608 -981 -228 794
-14632 1048 2704 -1280 25 737
-14832 1252 2624 -1699 90 831
-14480 1292 2608 -2067 144 971
-14796 1232 2600 -2282 160 1021
-14812 1404 2516 -2667 161 1154
-14616 1364 2264 -2955 181 1229
-14756 1056 2816 -2873 264 1198
-14376 912 2628 -2587 393 1209
-14392 832 2840 -2364 246 811
-14572 628 2780 -1699 461 569
-14748 620 2824 -991 458 191
-14632 572 2592 -255 575 -137
-14616 764 2524 370 645 -373
-14640 652 2536 740 677 -508
-15060 516 2516 1242 579 -488
-14892 524 2312 1631 445 -505
-15108 720 2184 1924 429 -398
-14888 716 2156 1959 -101 -474
-14904 732 2384 2079 328 -320
-14980 880 2316 1729 37 -228
-15108 784 2224 1284 175 -185
-14764 920 1792 1441 -21 -113
-14812 1080 1984 1241 -83 -168
-14896 920 1984 1142 -172 -158
-14960 780 2188 1003 -222 -196
-14792 1000 2120 935 74 -145
-14592 816 2256 756 334 -41
-14880 728 2432 670 442 -2
-14632 804 2500 687 547 51
-14632 568 2500 860 588 13
-14116 420 2836 1250 594 -112
-14596 128 3232 1607 557 -474
-13800 184 3384 1716 1542 -432
-14032 -88 3560 2308 2593 -338
-14052 -20 3288 2101 3321 -355
-14084 348 2108 1898 3734 23
-14364 1292 1604 530 3345 935
-13408 2572 1668 -472 3498 1768
-18860 2880 3408 -1388 4359 2028
-14148 2084 2800 -2550 4291 2443
-12064 1388 1080 -3098 4680 1978
-13528 1708 560 -3124 5246 1142
-15532 1636 -148 -575 984 -1807
-15224 -2992 -744 5359 -3071 -4562
-20076 1056 -3740 6294 730 -3812
-26716 -2956 2688 7275 -1944 -1800
-26140 -468 1736 7899 -1623 167
-18160 536 1040 6472 -1118 1735
-10680 1612 -1852 4615 -2464 2981
-5896 3056 -3820 -56 -3970 3119
2492 3052 -5760 -5269 -4933 4657
-2412 4572 -1112 -8181 -4458 4057
-29432 6216 3952 -8902 4701 4935
-32024 9576 6268 -7263 1380 3966
-29796 4660 6176 -9332 -856 678
-19808 4140 4456 -3736 -49 1405
-5908 -772 -244 465 -1091 -635
3600 -3400 -3632 3197 -3824 -4237
-984 -3064 -3372 7080 -4452 -7568
-9320 196 -2464 8509 -273 -7714
-30052 -3196 4796 8860 4666 -5841
-29644 1480 4976 10154 723 -2995
-24244 1968 3248 8576 -450 303
-13000 804 404 4678 -1854 1342
-5388 2672 -2864 282 -1077 2359
-596 2632 -4876 -5275 -1847 3896
2904 1824 -5544 -7745 -3033 3232
-6636 5152 -3168 -9638 2031 4629
-32768 7084 1152 -11071 -2193 2568
-32768 3392 10596 -7954 1528 2654
-20788 -1764 5464 -8051 1067 -1318
-15052 1084 568 -805 904 -1842
-1236 964 -1172 1998 -2573 -3441
5724 -2072 -5928 4371 -5765 -5227
-408 -1976 456 6733 -4523 -5029
-22928 -396 6548 10387 8373 -2213
-32768 -5588 3400 16623 2936 -5061
-30036 2964 6800 10510 -3147 -3294
-14592 -456 1716 10333 127 537
-7800 2060 -1232 3139 163 126
800 3596 -4988 -97 -524 2819
2500 3500 -6472 -5232 -2409 4843
32767 6024 -20400 -4451 11604 6118
-32768 4284 6380 -8817 8012 7253
-32768 7328 8824 -8036 2565 3958
-20524 -1096 4332 -8769 398 -455
-16208 1660 2976 -2830 1742 -1089
-260 -1652 -3432 271 -4151 -3342
3172 -2740 -5228 4478 -3143 -5444
-1824 -2728 1944 7252 -5867 -6857
-32768 -2084 12460 15855 11888 -3803
-32048 -1560 5444 10421 5669 -4118
-26248 3560 4272 9700 53 977
-9128 1180 -2036 5593 736 2226
-7476 2816 -2308 261 1912 3810
1924 1804 -6720 -3852 -3821 4657
1108 3744 -5104 -6636 -1266 4806
-29364 3780 7784 -3905 10520 5058
-32768 8244 8384 -13000 -3579 2492
-27556 1196 4764 -11113 952 1060
-14092 196 1860 -7265 1863 -43
-12000 -152 2856 -1855 1516 -833
2900 -1120 -3748 1771 -3950 -3302
2296 -996 -5448 5694 -2075 -3836
-1444 -2212 -600 7332 -6434 -6583
-32768 -940 5872 8369 11263 -1213
-32768 -1872 7012 15206 3592 -5245
-27276 -464 3512 13915 -1689 -2096
-10480 444 -3004 10203 3101 148
-12492 1392 -3068 4179 2875 998
1704 1644 -6908 -1562 -3084 2680
2808 2808 -3664 -3400 210 4078
-7372 5584 156 -6671 1321 2911
-32768 13708 4388 -12787 9229 7211
-31592 5856 848 -11819 5867 3169
-24792 1592 1960 -10755 5137 -204
-12960 932 -1392 -3700 5793 122
-384 -2444 -3784 -275 -870 -2742
472 -2004 -3360 3687 -2060 -3164
-10080 -1472 -3516 3308 -778 -4141
-32768 -4644 -20 8949 6382 -772
-26120 488 -3296 11351 -2867 -1539
-24232 732 1344 10429 -3352 103
-8940 1384 68 7487 -5130 1147
912 1196 -4816 6478 -4227 2414
-1680 1696 -4568 2291 -3273 1211
-1220 1644 -5368 -1506 -4889 1555
-8184 14052 -11052 -4901 5365 2797
-32768 10016 -13248 -2549 7243 7166
-32768 4568 -2892 -10325 5234 -587
-19164 4500 2668 -8124 926 -827
-9428 -2300 -1904 -611 2438 -1407
-3652 -600 -400 612 2017 -3085
2360 -1140 -3876 2514 -4027 -5294
-880 -860 -1516 4642 -7208 -5908
-22556 1088 -528 8445 2409 -4901
-32768 -6812 2544 12580 2229 -3569
-30428 4340 3596 12054 -1517 -146
-18508 -224 -260 8993 -2969 285
-11036 2152 -1852 4429 -153 1473
-4364 3092 -4488 -2993 -1422 3549
4256 4240 -6108 -8635 -4165 4661
100 2188 -3544 -10445 -1234 4196
-21100 11792 6704 -11096 10832 3299
-30836 5852 -1320 -8851 3021 6387
-31548 2888 2736 -8183 4596 1347
-15936 1912 2008 -4474 3199 -161
-13936 464 1036 833 -286 -1758
1100 -2148 -3432 3667 -6674 -5187
1024 -3752 -3840 9597 -2680 -5654
-1220 -2176 2200 9933 -5186 -6069
-32768 3808 6492 8469 9002 -3370
-32768 -4176 10852 16941 10767 -2063
-32768 352 4988 12878 -635 554
-19208 80 -604 8778 5932 3340
-13112 4108 -3608 2801 2481 2545
-1144 1388 -5212 -3266 713 3488
3964 1684 -6052 -5284 190 3847
-7376 6772 -2404 -10463 2832 3823
-32768 6436 -4112 -10123 6733 4986
-27920 6960 920 -4203 8630 17
-14196 -916 -4308 -4432 3086 -3509
-11784 2248 -3480 1427 5499 -352
3056 -4392 -4464 2883 -4489 -2480
-868 -932 -1412 5954 -4196 -2822
1916 -684 -2684 8007 -10158 -5650
632 -1292 -780 11214 -9457 -5736
-32768 -524 6560 12386 7583 -2150
-32768 -4696 -136 16734 7363 -1935
-30208 6652 4692 10448 -6975 -4375
-25260 3232 3196 8369 579 1152
-14368 1708 -688 2304 -2497 982
-5308 2436 -3252 -3734 -1192 3485
3424 2360 -5656 -9234 -4012 4768
-8016 2712 -3140 -7703 2223 5066
-32768 11704 6792 -14738 17000 5744
-30128 3708 -1180 -12667 -3305 4379
-27044 3188 2876 -15914 1438 3202
-15432 -64 1036 -8710 -216 2317
-2976 -1616 -1524 -4139 -2835 -439
2692 -2520 -5272 -125 -3850 -3364
-1356 -2568 -2736 4183 -6382 -4538
-18936 -756 1032 6765 5582 -3287
-32768 -3988 4284 11570 988 -3250
-25812 824 5320 12375 -4039 -2467
-14484 148 -1424 12277 -2073 -1779
-12308 3872 -1336 5991 1384 -1405
-6368 3608 -976 -634 1056 723
4140 2872 -6148 -3321 -5958 3138
916 -2860 -2576 -3425 -2001 3121
-6332 6248 12 -7191 -1053 3131
-32768 4848 -3000 -11368 4392 5441
-32768 4204 13316 -11515 3039 4568
-17260 696 5112 -9152 -745 883
-11652 -416 2332 -3747 2118 -634
6544 -3576 -4280 23 -4029 -4138
-2600 -1340 -1808 5194 918 -5173
-14744 -412 -56 7391 4567 -5902
-32768 -8508 2156 11263 6830 -2124
-32768 -1076 6016 9227 361 -497
-19128 912 3540 10235 -742 1568
-9388 264 -140 6531 -1603 1525
-3920 1284 -4452 1299 -425 1969
1104 2584 -6132 -3227 -3367 2715
-396 2088 -4328 -5180 -4530 3246
-14956 8636 -2308 -7771 9439 6053
-29300 10876 1008 -8513 2377 5683
-31316 3216 5560 -8271 3028 3321
-16620 2188 4968 -7384 1621 1245
-12144 284 1676 -726 460 -308
1912 -2124 -3648 3354 -3957 -3077
-532 -1612 -4472 7032 -2402 -5314
-12920 -1764 -3796 10211 3008 -6514
-32768 -8040 3064 13359 11375 -2387
-30484 544 3344 12388 847 -2387
-21684 824 1728 12302 -503 -600
-9372 696 -5804 7703 -409 -1050
-10468 3752 -2916 548 2487 1442
-556 2016 -4632 -4400 -5267 4198
9368 3092 -3972 -5041 -3355 2991
-4484 1064 -3836 -7996 -2910 2882
-32768 5448 13108 -7048 8293 5162
-32768 5296 10312 -8265 2969 2400
-29652 4000 7200 -9274 3251 -508
-18420 1916 2468 -3044 2238 274
-5040 -1640 -436 1241 -3560 -2555
7512 -3056 -5000 4966 -3688 -5252
-1016 -1016 -2988 5507 -4059 -5687
-9888 -872 -476 8456 -1808 -5549
-32768 -3372 -11008 5222 -2896 -4427
-32768 1004 3808 10666 2034 -531
-15172 2128 -2012 9653 -5924 1705
-11240 3524 -3796 4590 1326 3366
-4564 2104 -4944 58 -3740 4001
7744 2548 -4216 -2726 -4298 1864
-1136 1204 -1604 -7435 -5469 1682
-7980 3156 -2192 -6428 4097 3162
-32768 12248 4048 -9006 4276 5775
-32452 2304 6516 -7901 -1902 2661
-17796 3712 4340 -10324 916 -425
-6492 -28 -1468 -4621 -2856 504
3288 -2804 -3948 -2681 -4985 -2199
-3344 -1116 -628 357 -1537 -3019
-20244 -644 72 3507 2560 -2822
-32768 4724 -2228 7976 5155 -667
-26844 3560 2172 10651 667 -559
-14812 2816 320 7495 -3230 -1337
-5412 1416 -2432 4052 -1395 -1191
-176 2388 -3832 -34 -2435 -79
1148 3648 -7392 -5268 -4464 664
300 1232 -1652 -7295 -6609 -182
-20024 7284 7168 -8015 3381 186
-32768 14312 -1784 -14472 1210 6913
-22176 304 1280 -7084 3862 3144
-15128 1196 5008 -9023 536 2302
-7152 608 460 -3305 -843 3511
-1872 -696 -3120 -984 -1847 -1023
4 -300 -3408 2130 -9399 -8321
-32768 8688 13536 4556 17479 -1929
-22360 -2816 320 10330 9079 -1583
-32768 6636 -196 7201 1567 -3424
-12772 3192 -2284 6727 -2088 -753
-8708 1212 -3688 3901 -74 -192
-8888 2196 -2488 1445 -2786 -732
-10360 1128 -2952 232 -3560 -132
-20792 160 3144 -764 -1021 586
-16776 4000 2124 783 623 1613
-15412 3692 1992 1781 1218 541
-10064 1604 200 1156 -143 -575
-11116 852 -496 537 -311 -1201
-16896 728 1096 593 -181 -1010
-20728 1764 3052 826 230 -500
-14176 1592 2440 1985 -187 -17
-14032 860 1040 1675 -596 -953
-14584 1348 1328 1127 -208 -1029
-15148 1652 2640 1349 968 -264
-14932 1168 1720 1080 589 -207
-14792 1308 2020 659 997 -390
-15356 904 2084 544 424 -515
-15060 1136 1836 407 213 -472
-14596 872 1744 296 -1 -132
-14968 740 1684 125 -93 -8
-14876 652 1372 331 219 112
-15076 824 1640 227 65 70
-15060 928 1952 26 96 111
-14872 748 1884 108 -24 57
-14992 556 1924 113 -201 0
-14748 796 1496 -17 -395 31
-14756 908 2036 -774 -172 276
-14404 488 1576 -1103 24 416
-15240 616 2384 -955 224 1015
-15140 1224 2392 -1499 7 1540
-15264 1324 1372 -1902 -82 2154
-15296 1328 1420 -2594 -682 2430
-15688 1824 944 -3856 -1097 3028
-15648 1776 1900 -4557 -1249 3773
-14740 784 1856 -3817 -1004 4464
-14644 828 2572 -2639 -1256 3730
-13904 1692 2796 -1725 -767 3013
-14352 1756 3340 -601 -269 1871
-13312 1828 4088 961 381 911
-14300 2984 3312 2372 343 77
-13988 2984 3192 3058 -59 -607
-14132 2784 2264 3828 441 -1384
-14576 3500 2164 3289 -249 -2330
-14188 2764 2244 3116 -113 -3397
-14660 2972 2592 3219 251 -3163
-14976 1804 2736 3507 249 -2000
-14680 1792 2980 3733 205 -1313
-14756 2232 2840 3478 -142 -921
-14016 2020 2108 3091 178 -1021
-15040 2652 2696 2942 190 -1377
-15272 2000 2540 3375 -1081 -1399
-15220 2316 1744 3955 -2085 -1257
-14092 2304 2136 2541 -1438 -702
-14328 2504 2400 955 -1235 -1012
-15096 2336 2792 950 -1108 -573
-13712 1848 2836 208 -166 -242
-12748 1032 4004 -99 359 -1201
-15140 2724 3408 548 1584 -1990
-15476 1796 2876 397 1445 -851
-14792 700 2160 336 1386 -465
-14960 788 2264 834 1035 -648
-15528 704 2304 1374 565 -704
-15492 604 2156 1266 934 -411
-14756 740 2212 1179 997 -229
-15364 796 1836 681 326 140
-14932 832 2068 1173 82 294
-14800 1200 1632 775 -269 230
-15312 1128 1940 702 -19 456
-14592 1276 1940 856 -110 404
-14172 1476 2744 604 494 103
-15680 1192 2316 1071 561 364
-14780 1028 1148 928 -287 486
-14544 1808 1464 831 -291 162
-14636 1884 1456 388 -323 208
-14724 1724 2040 575 176 262
-14892 1644 2104 -119 -37 56
-14992 1644 1776 -96 -125 165
-14568 1568 1556 -51 128 281
-14736 1620 1852 -87 -12 318
-14952 1452 1900 -417 -427 358
-14500 1500 1504 -372 -573 91
-14760 1676 2064 272 -515 -63
-15004 1836 1804 -49 -155 44
-14804 1352 2496 179 -116 -199
-15064 1636 2896 390 -377 -237
-14836 1500 2388 227 -1017 -302
-14748 1336 2476 350 -1246 -350
-14804 1284 2332 412 -1528 -297
-14812 1232 2516 459 -1260 -200
-14572 1420 2916 487 -803 -109
-14228 1260 2892 609 -595 -147
-14600 1268 2792 588 9 -116
-14704 1460 3008 409 -39 -204
-14496 1200 3132 377 237 -184
-14600 1256 2728 279 539 -180
-14888 1092 3204 378 540 -133
-14712 596 2832 922 616 -129
-14560 1496 2728 596 331 -109
-14664 1764 2700 1063 -329 -316
-14960 1380 3128 679 310 461
-14792 812 3056 525 -99 298
-14552 948 2492 291 210 332
-14292 1544 2872 310 -219 -45
-14536 1244 2872 323 350 238
-14800 1096 2652 530 155 68
