-14464 1232 2632 -678 -194 473
-14564 1420 2972 -790 -313 392
-14560 1228 2776 -459 -82 328
-14488 1288 2980 -434 188 222
-14364 1020 2820 -317 557 194
-14800 1316 2984 86 480 100
-14692 1232 2876 373 330 36
-14820 1300 2704 520 313 -22
-14804 1380 2476 630 188 -95
-14896 1332 2636 638 -62 -159
-14848 1312 2660 591 -347 -199
-14888 1308 2720 681 -601 -177
-14664 1260 2744 836 -674 -162
-14612 1456 2960 974 -642 -132
-14560 1316 2696 765 -624 -107
-14648 1396 3052 750 -578 -157
-14412 1180 2764 723 -385 -195
-14652 1324 3036 802 -187 -178
-14464 1388 3020 843 -143 -201
-14652 1476 2920 700 -33 -116
-14664 1136 3040 690 168 -302
-14540 1172 3016 817 261 -255
-14592 1116 3080 916 484 -212
-14436 1088 3112 1036 693 -81
-14684 984 3100 1073 727 52
-14672 1196 2700 1056 686 128
-14804 1408 2444 721 521 150
-14720 1556 2596 797 303 196
-14764 1584 2632 239 244 207
-14816 1404 2856 97 167 186
-14580 1512 2636 -92 177 198
-14656 1460 2364 -167 110 251
-14708 1316 2444 -280 268 262
-14604 1352 2400 -400 211 231
-14732 1324 2324 -255 101 192
-14876 1152 2516 -230 -151 138
-14864 1260 2476 -85 -205 99
-14748 1092 2620 101 -339 84
-14664 1232 2580 318 -313 22
-14596 1076 2692 416 -240 -13
-14772 1264 2712 657 -293 -127
-14560 1312 2692 573 -200 -124
-14688 1164 2728 514 -220 -122
-14560 1288 2556 453 -233 -115
-14704 1400 2576 442 -243 -30
-14700 1236 2696 371 -305 -44
-14652 1304 2680 316 -258 -13
-14660 1272 2792 298 -236 -36
-14544 1248 2736 260 -241 16
-14608 1212 2864 171 -170 34
-14700 1240 2796 156 -176 21
-14604 1184 2936 258 -87 51
-14580 1328 2404 161 -65 90
-14548 1068 3048 403 70 166
-14628 1052 2652 157 7 133
-14400 1080 3068 96 197 205
-14480 1056 2728 42 465 235
-14468 1236 2996 -45 749 319
-14748 1256 3100 -361 846 395
-14452 1044 2992 -499 1033 575
-14528 1164 2776 -479 1422 606
-14848 1308 2416 -561 1884 691
-14876 1392 1980 -430 2033 706
-15020 1512 1744 -311 1834 583
-14976 1628 1420 -218 1520 473
-15148 1568 1476 -46 1246 412
-15212 1876 1560 390 765 309
-15196 1432 1412 364 406 212
-15080 1532 1488 451 18 37
-14820 1524 1404 741 -23 -42
-15084 1412 1512 813 -114 -124
-14908 1624 1400 1011 -33 -144
-14984 1476 1368 970 -12 -173
-14912 1504 1484 930 25 -137
-14868 1416 1432 851 105 -114
-15048 1492 1260 666 133 -122
-14928 1412 1416 580 137 -39
-15076 1484 1396 543 -26 -50
-15004 1412 1292 376 -191 -42
-14976 1576 1452 597 -187 -41
-14884 1504 1192 248 -167 -15
-15004 1464 1496 268 -230 39
-14832 1540 1692 299 -149 46
-14928 1464 1576 406 -46 102
-14516 1384 1632 565 79 89
-14896 1188 1944 631 257 117
-14680 1300 2104 832 452 144
-14772 1240 1788 927 638 187
-14792 1268 2096 897 949 307
-14676 1436 2176 1046 1062 393
-14616 1704 1872 849 1199 533
-13848 2072 2000 602 1426 718
-14564 2876 2676 418 1542 918
-14268 2160 2796 421 3034 1065
-14512 1700 3224 407 2792 590
-14020 2712 1832 59 3957 754
-15060 2856 3168 -256 2870 634
-16088 3104 2836 -437 2241 365
-14504 3340 1796 -19 1879 -112
-13696 1840 536 1344 2243 -1417
-15048 2952 1936 2559 752 -3215
-10972 1268 840 4924 -1343 -4427
-6024 -3360 -1872 8776 -2905 -5760
-22628 2984 -776 4468 443 -4738
-32768 -4144 3808 2905 2687 -1751
-25872 600 4616 5690 -1576 479
-18432 -476 -640 2432 637 1993
-12644 1136 -584 533 1082 2865
-6160 464 -3752 -2583 -136 4006
720 1884 -6368 -6920 -4250 3543
-224 3164 -2708 -10435 -4213 2635
-26356 5700 4052 -6536 4421 4928
-27936 4948 2784 -6976 1628 2939
-32356 3352 4568 -5021 4887 440
-23812 3888 3756 -3640 3457 -1654
-12176 200 -1368 -464 1148 -2954
-5236 476 -2096 656 -1246 -3105
4476 -3804 -4856 5410 -4895 -3817
-232 -2264 -2520 8426 -5235 -4695
-17436 -3912 -756 10580 329 -4004
-32768 -1876 -5640 6068 733 -3756
-30124 -20 7300 9056 -378 -1006
-11840 656 -288 6427 -1147 2343
-13044 2160 -2432 -1194 1239 406
-9644 1996 -3332 -4288 757 4367
1132 1260 -2732 -7370 -3378 5191
-1020 2224 -2732 -7390 1616 3454
-32768 8956 7180 -9227 10310 5912
-31948 5604 2244 -9764 3047 3912
-31036 6348 2452 -9086 4339 779
-18416 2300 2132 -5961 990 101
-8556 1556 -1544 -2935 -1097 -1069
716 -484 -3372 -1382 -5199 -3070
1944 -3824 -4292 3278 -5499 -5532
-1396 -4712 -1272 5734 -5619 -7163
-32768 4752 2556 3259 4080 -4192
-29784 -4432 5668 6929 4602 -1807
-30976 -748 3796 9657 -905 284
-13836 -1508 500 8205 -151 4
-10504 3192 -3940 3598 2821 2805
-6364 1432 -4376 -355 -277 4602
3136 1684 -4944 -4356 -6071 3650
2408 3104 -2144 -6299 -2231 4047
-32768 7248 9320 -7328 5902 5444
-32768 5988 7520 -8508 -385 3724
-30652 2924 3764 -9805 529 -1739
-15220 592 2576 -4868 1219 -2399
-11420 1828 980 -2536 2136 -2858
2532 -712 -2824 -457 -2264 -4091
2164 -3112 -4940 4267 -1353 -5839
-6920 -3832 -4332 5311 -936 -5649
-31084 -5012 -3260 6392 5109 -2125
-32768 -3148 7200 9734 802 -721
-25000 652 4064 12054 25 1098
-13724 1296 -72 8154 -186 789
-7604 2680 -2972 2599 -527 1983
40 1172 -5140 -1695 -2015 4097
292 852 -3356 -3920 -3354 2994
-4176 4500 -4264 -6616 -3178 3686
-32768 4716 3232 -6408 3986 4981
-32768 7700 6832 -7138 3518 4107
-28336 2244 7268 -6746 1337 -106
-12588 -900 1152 -1140 2378 -3417
-9124 860 1184 1309 3293 -4536
1016 -2724 -2672 7353 387 -4656
-8 -3004 -3956 10967 -785 -6202
-11816 -1708 -3244 11378 2245 -6356
-32768 -6336 -6620 10827 5255 -3330
-32768 560 476 10281 1813 262
-21992 536 -128 8237 962 3336
-12156 1004 -2364 2794 -222 2854
-2988 1936 -3536 -1116 -1568 3261
1876 1728 -6204 -4052 -2776 3536
-480 1576 -3780 -6863 -5320 3781
-8288 4256 -4424 -8164 1661 5114
-32768 10368 2820 -13848 3391 2869
-30748 788 32 -10827 348 2306
-24252 -248 3172 -8470 -1217 396
-13992 -208 1284 -2808 -2113 -173
-3136 784 60 50 -4371 -62
4588 -2932 -6928 3146 -5016 -829
-492 -1876 -2892 4212 -3907 -2213
-6520 -3828 -3204 7007 -1408 -1698
-31744 -4772 -13708 5695 732 -2253
-32100 172 7628 14084 2788 -170
-22708 604 2528 13361 -5802 -624
-12012 1800 1144 11093 4 -292
-10320 1392 -1128 6812 -131 1350
-2888 2416 -3684 2042 -1527 3207
1340 1488 -4872 -2853 -4546 1940
1128 1788 -3560 -4735 -2440 1000
-32768 7980 14512 -2022 11475 1705
-30388 8176 136 -1493 5774 4061
-32768 4196 7032 -2635 1876 2284
-18800 4204 4424 -2373 633 822
-10704 764 -1580 3438 449 1904
-9628 1228 -520 4418 476 -243
3396 -1844 -5100 6136 -7730 -3791
-252 -3392 -3480 8502 -5341 -6210
-16328 1244 2540 10375 3982 -4903
-32768 -2504 4008 14756 -545 -5784
-28808 -2780 3176 17545 895 -3457
-25352 -80 2256 17546 -3047 -1757
-13240 1096 -72 14197 -449 776
-5792 216 -3848 10123 -2193 820
2116 3380 -6548 5181 -4444 1259
2624 2800 -3692 3817 -3072 103
-11336 1444 1112 4969 781 -1283
-32768 7984 852 839 4713 842
-30896 4440 6396 1231 3373 2768
-26108 2076 5024 135 918 1159
-13048 620 1280 2095 -91 191
-5948 928 -560 6461 -1460 -1214
644 -1156 -5948 9592 -6041 -4701
1932 -4320 -3852 13057 -6878 -7828
-32540 -7056 8472 18104 6224 -7475
-32768 -2392 3284 16517 3397 -7255
-32764 -1176 312 18662 -2149 -935
-15884 -2368 -576 14579 -3480 -1426
-13268 268 -1996 11608 -1285 -166
-5932 1384 -4120 8730 -3260 1714
524 2988 -4696 4891 -5124 2590
2884 804 -4240 2349 -5715 1664
-4664 3380 1352 3008 -395 1505
-32768 4156 5096 1049 6510 3571
-28936 9192 7924 -536 4536 4906
-28748 100 3824 -2528 3579 1812
-18264 3748 2872 -1598 4267 443
-11928 2556 652 1169 1336 -967
-6304 1216 -1300 4008 -1853 -2818
2240 -2476 -4508 5907 -7066 -6880
2916 -840 -2872 7499 -3569 -7967
-7516 -4100 -1724 12591 -3936 -8809
-32768 1232 -9284 9599 757 -5743
-32768 -1540 8560 15955 -150 -3820
-26120 732 3080 14635 -3396 -720
-17824 2872 1776 8106 1606 -581
-7388 1444 48 5390 215 1703
-3736 -1116 -2808 4257 2330 452
-4992 3136 -6552 1688 2648 3995
296 2252 -6536 -3825 -3435 4221
-5748 11304 -4492 -7616 -3871 2495
-32768 6368 -11684 -3894 12023 4002
-32768 5748 4980 -11040 -2277 -729
-22736 2932 4112 -9664 3808 -2197
-10456 -1088 -880 -5220 -1038 -894
-4704 -1596 -1608 -1380 -1694 -1186
-436 -2760 -6328 4145 -5029 -1936
-3660 -2744 -5448 4978 -9016 -3978
-29820 -4740 -1400 7995 5703 -1651
-20972 3160 3776 10841 -2116 -1817
-29860 3116 -2588 11074 5360 1224
-22376 3884 1336 4233 76 1138
-7860 620 -388 3139 -3140 2110
-1320 256 -4572 152 -2380 -404
168 1100 -3656 -3222 -2701 -1106
2252 840 -3544 -5414 -3668 -283
-18224 5312 2992 -3400 3807 670
-32740 12652 -1960 -6439 8196 5268
-30060 3016 2700 -6088 2202 2222
-28936 3936 5004 -8208 3198 -1318
-19212 2576 2560 -2777 -604 -1601
-4460 724 -2188 132 -2728 -1082
3340 -1104 -3008 664 -4817 -3865
1616 -1548 -3188 2893 -4039 -5150
-4720 -1568 -8564 6407 693 -5598
-28804 -5396 -1600 7654 8966 -3338
-31464 -1480 -96 9638 -409 -3987
-32068 840 1768 11563 4515 -270
-23712 208 432 8937 -97 493
-12616 1376 -2780 6367 1523 1916
-5740 1036 -4304 1334 -32 3366
-608 2516 -5308 -4077 -4266 3028
3028 2324 -3324 -6008 -4731 3283
-3852 4712 -2072 -7305 -4768 2419
-32768 5220 -664 -6960 3393 4175
-31508 7188 8460 -8556 -1004 3427
-25852 2148 4920 -8243 -580 916
-15048 180 3888 -5649 -1010 46
556 -1096 -1112 -2989 -1928 -1439
-848 -220 -3908 -269 -2081 -3465
-864 -2860 -4560 4665 -3430 -5170
-2116 -3140 -2168 8136 -3425 -5997
-32768 320 6596 9072 7565 -4329
-32768 -1708 8340 12122 7970 -5218
-32768 1916 4876 10211 221 -542
-19596 -16 524 6497 3023 -575
-9872 2032 -1756 464 1819 1360
1008 3212 -4944 -2243 -1340 3657
-16 1268 -5568 -5740 -2193 2693
136 800 -3032 -9047 -5288 2102
-8064 10096 -5220 -10689 -801 2344
-32280 8444 -6952 -7615 3075 6122
-28984 5084 928 -12439 3567 506
-24324 4600 4512 -12097 3623 -664
-13328 760 88 -9881 -223 -1659
-6952 -632 -2980 -3750 -240 -1852
-3656 -1680 -1868 -1159 -3825 -4532
424 -3056 -5284 2962 -5836 -4815
-15520 1356 3628 3110 1690 -2483
-32768 -5612 2352 3767 -323 -4142
-31020 7708 5804 1446 2989 809
-23744 2196 2880 -1068 2549 4322
-13048 1740 -912 -5665 1408 4255
-1528 1976 -5040 -10639 822 5046
188 3348 -5336 -14144 -519 4616
104 1740 -4904 -17097 -4125 3149
-19624 4428 2348 -16447 6562 3080
-27960 7756 -924 -12574 5889 2781
-26388 4312 284 -17098 5897 -749
-21580 4624 1252 -15922 2238 -85
-15984 1812 -724 -12479 -194 -33
-8948 280 -992 -10423 51 -484
-5404 208 -1592 -8541 -3107 -613
2064 -1200 -5132 -3893 -7454 -1375
764 -2972 -3516 -1313 -4860 -1433
-25448 -1720 3820 874 3870 -1673
-32768 1820 5320 -88 3117 -2970
-29884 -872 7092 2651 6583 378
-23220 2560 3380 2139 -1667 1342
-11408 784 -628 -369 1925 1696
-7552 616 -4096 -3890 2192 4321
-1876 2268 -4772 -7313 -2765 4771
-532 2592 -5924 -8163 252 3163
-16560 4624 3788 -8770 7343 2424
-28776 4944 -72 -12188 5016 2482
-32768 5064 3248 -10953 3446 -372
-22264 1056 2964 -8846 1433 -1497
-6876 400 -3120 -6557 154 -510
-6540 -368 -1680 -3904 1048 -690
3404 -3472 -4568 1663 -4223 -1077
-3920 -4692 -2964 4827 -3879 -2559
-22640 -296 -2464 6265 4080 -992
-32768 -4144 884 8917 1066 -959
-32768 -1184 1616 11973 -262 3418
-28328 -2792 -364 9140 -2672 1751
-9420 2440 -3548 4307 -4187 1958
1512 4576 -6128 -1325 -1740 3543
5556 2704 -7168 -5315 -3092 3639
-1308 972 -2068 -8078 -5025 2133
-16024 6488 -1100 -8671 3116 3176
-32768 10164 2612 -8634 2848 3616
-26912 4092 1752 -8971 4821 1391
-22112 4152 1776 -6867 1680 321
-15196 2504 -748 -2243 1165 -185
-1216 -1508 -1108 -1795 -5338 -2259
5912 -1996 -4672 1343 -2517 -3130
36 -1280 -5292 3264 -3448 -4569
-1836 -3912 -856 6554 -5525 -4903
-32768 7708 8732 1428 2426 -4650
-30884 -4872 4648 10816 2690 -3302
-32768 -1400 5312 9685 257 -2121
-23992 -852 3828 8673 100 -987
-9776 2816 -2108 3889 3075 2884
-8816 1856 -3764 -2362 1434 4839
3292 3052 -5864 -7748 -1947 7420
2232 4184 -3652 -8061 1836 5655
-20784 3772 1908 -7547 11630 7212
-27684 8780 4180 -10434 2484 6265
-31648 8068 -1204 -6846 4773 2295
-23940 5600 2580 -6379 208 -741
-9720 876 -1080 -3881 -3847 -2654
-3348 -372 -676 -2532 -6213 -5265
6020 -2168 -4264 337 -6499 -7531
-724 -3236 -1352 6535 -5478 -8163
-17232 -4892 2140 10836 183 -6745
-32768 3056 -4104 11561 3022 -4989
-32768 -932 6724 12177 1439 -1340
-21664 -1076 2596 10442 -3686 443
-10772 3548 -1300 3515 -814 1697
1276 2468 -5648 -631 -1829 4366
3656 3268 -5824 -4053 -2671 3372
-3600 2632 -1416 -5609 -1252 1027
-25592 5136 2840 -5946 11244 3871
-29972 11512 6368 -9701 1819 3365
-24900 -52 1892 -9767 5986 1769
-18324 1664 2756 -7629 3890 -958
-1688 -108 -1944 -4407 -2364 -1083
216 -1536 -4524 529 -1513 -2316
-1000 -3416 -4596 4682 -3177 -4968
-5456 -3488 -4728 6661 -1209 -5501
-32768 1692 -6456 6120 6230 -1832
-32768 -4756 2512 10468 868 -2117
-30160 -244 2508 9178 232 1052
-21620 1700 -1256 7213 1250 2189
-12948 1588 -2648 1820 -2135 3672
-2888 2592 -4512 -3772 -3522 3831
4772 2732 -4776 -6907 -5346 3565
-3964 2164 -2656 -6617 -1579 2929
-18880 7476 1144 -11362 -13 3593
-32768 11528 -492 -15006 8075 4623
-23112 708 4712 -13870 -4152 991
-2592 -5884 -2648 -10261 395 1594
-11384 1416 -132 -4881 3279 1598
-572 -280 -3040 -2970 -3265 -1295
4020 -1524 -4184 1758 -3714 -2972
-9292 -4788 -8812 6610 -425 -6038
-32768 -464 -2928 7708 8043 -3861
-32768 1012 5636 14908 -4117 -4884
-28076 2484 416 12925 -1635 -375
-23100 1256 2540 12356 -1157 -193
-7052 884 1188 8806 -3043 644
7308 1172 -5720 5709 -3605 -1063
476 2980 -5772 2559 353 -1305
-3400 2504 -3372 15 -248 124
-31548 11728 3360 -7016 9469 1681
-32768 10660 6596 -13923 3408 4801
-32768 -160 -64 -12695 5679 1389
-19864 -756 552 -6786 5888 486
-12192 848 -132 -865 4917 572
168 -2084 -2132 527 453 -1322
944 -948 -4936 4400 -1038 -2662
-492 -288 -2944 5922 -5276 -4206
-5612 -3800 -5108 7486 -7090 -4965
-32768 -1816 -8364 3627 2127 -2224
-32768 -4516 5644 16575 -3196 -2556
-26108 1784 2280 12561 -4574 -162
-16232 424 2340 10731 -2145 795
-1672 832 -1668 7152 -5062 1557
216 2388 -5276 3750 -2244 1391
572 2492 -4484 -1090 -2298 2063
-5564 9440 -7316 -7012 -1153 3612
-32768 5336 -8424 -8544 3950 6241
-32768 4412 4136 -13164 3700 2314
-25280 1572 3912 -8234 2952 3032
-11584 -224 -356 -4139 3126 368
-1632 -584 -3032 -1060 -787 -997
3400 -2620 -4852 1980 -2907 -3895
-1760 -460 -2552 4498 -6242 -4895
-1104 -2520 -3032 7459 -6468 -5910
-32768 -2164 8068 7753 7550 -4814
-32768 692 7044 9681 4661 -4180
-32248 1484 5116 9792 -1682 1706
-11632 900 68 5560 2074 3233
-4576 3072 -4504 -397 809 2051
3880 2812 -6892 -5124 -1393 3498
-1280 3016 -1540 -6700 -710 2785
-19660 6212 3168 -8623 5200 4443
-32768 6064 2660 -11241 3604 4746
-29892 2092 3580 -6827 4431 2550
-16180 116 1524 -4777 -1642 -1172
-152 104 -1644 -2695 -6697 -1255
5900 -1140 -6232 -440 -3548 -2185
-2180 -2264 -744 3004 -4246 -3790
-18080 -2044 1168 7265 2193 -3024
-32768 -1000 -11080 11066 7490 434
-32768 2512 5200 13072 -2181 -1172
-14784 2988 1576 10870 -5604 849
-5712 1640 -532 7856 -3135 -31
-456 1340 -3280 2684 -4620 181
3028 3572 -7472 -3116 -3591 1204
-2720 5696 -2852 -9081 -1763 1334
-32768 1304 2200 -8808 3829 1170
-24800 10752 5868 -9389 6558 6872
-32768 2392 4800 -11904 -85 813
-16032 1932 2048 -7587 689 2192
-7864 576 -460 -3525 114 1987
1328 -1520 -4192 -1498 -2002 -1496
2724 -2792 -5052 2679 -1777 -3855
-76 -896 -800 4439 -5363 -5877
-6284 -4736 -7856 8711 -872 -6106
-32768 -5356 -12672 9229 4240 -6894
-32768 476 9392 14009 2296 -3441
-26156 64 3280 10622 -989 148
-16344 264 1180 8446 240 327
-2952 1272 -2492 5166 -2186 1373
3544 1124 -5608 3155 -1082 1316
656 2468 -6052 217 -598 1134
252 1108 -2536 -2160 -3146 1950
-22160 8184 10952 -4623 12341 3336
-31936 6256 60 -7624 757 4631
-32768 4928 5476 -9219 3007 1805
-21764 228 5420 -8049 1929 709
-11476 -960 1656 -2018 -400 -468
-960 588 -1944 848 -4411 -1558
2352 -2516 -5020 3674 -3389 -3118
144 -1224 -4320 7025 -5293 -4383
-3952 -3384 1812 8032 -9792 -4625
-32768 488 200 4773 -7403 -5085
-27768 140 10284 9759 9106 -2607
-29244 3672 2992 10489 -328 1722
-12260 1788 292 5714 249 1935
-6416 2316 -1568 1554 1506 2395
704 1812 -5800 -2296 -2187 2803
384 1516 -6452 -5672 -3418 2290
-1864 560 -3696 -8046 -6334 2076
-26324 7768 9860 -6823 -1129 -448
-31748 5744 740 -3472 6807 2851
-27024 1984 5020 -5799 3549 1606
-19236 -216 2664 -5592 628 -684
-10560 -1100 -40 -816 235 -985
-6948 416 -1440 2400 -2142 -1331
-9828 -880 868 5053 -3605 -3974
-18508 840 2296 5909 -1422 -3601
-18028 3124 832 4427 4201 -761
-13524 -392 2300 4064 4371 -82
-12112 1700 -416 3345 2362 311
-13524 788 -728 2501 2983 -5
-16112 1404 -308 1031 2922 138
-16004 1952 88 919 2042 773
-16452 1084 220 401 871 436
-15900 1372 148 -600 426 310
-14876 1568 304 -350 441 480
-15880 1032 -128 -340 570 382
-15388 1948 480 -680 483 430
-14932 1408 520 -439 341 443
-14424 1540 56 -399 20 133
-15140 1468 348 -373 -5 -57
-15392 1560 304 -370 -245 -99
-15564 1340 924 -152 -423 -199
-15032 1432 440 251 -635 -257
-15288 1524 620 434 -1085 -369
-15116 1444 736 510 -1253 -365
-14960 1440 1136 656 -1325 -461
-15236 1392 1228 703 -1382 -555
-15028 1444 1688 483 -1055 -265
-14280 1572 1760 463 -760 -175
-14192 1160 1840 107 -800 13
-14864 1164 2224 541 -1219 0
-15340 1092 2480 743 -983 -101
-15908 1368 2436 861 -824 106
-14408 1584 2368 978 -117 345
-14284 1368 2200 952 -173 498
-14396 1320 2008 822 -675 198
-15232 1704 1492 633 -982 233
-15428 2028 2768 1514 -560 694
-15132 1320 2960 1797 -486 1586
-14152 1408 1720 2208 -699 1113
-10360 1452 2108 1523 -2534 -85
-15052 1556 2268 1978 -1107 -322
-13648 1868 2744 1255 -1980 -1225
-14084 2116 3180 -16 -348 -1403
-13724 2216 4692 1136 904 -2724
-14480 3340 3056 761 1022 -2497
-15796 2040 1780 -902 1620 -1596
-15784 1064 2792 -491 1745 -199
-14868 624 2328 -552 374 180
-14576 896 2016 -463 -275 113
-14748 444 2688 47 -468 -109
-14916 280 2736 539 -315 -284
-15284 432 3084 1022 -439 -325
-14836 296 3352 1234 -320 -147
-14704 484 3220 1643 -440 -279
-14560 660 3044 1734 -624 -432
-14536 916 2540 1895 -401 -367
-14368 968 2752 1899 37 -193
-14620 1184 2544 1623 32 -226
-14788 1024 2836 1415 198 -169
-14436 1096 2620 1096 207 -142
-14452 980 2940 911 584 -85
-14568 1112 2152 489 704 60
-14724 876 2600 205 957 169
-14864 1036 2656 -17 665 98
-14512 1084 2268 62 596 171
-14732 672 2500 -168 171 175
-14456 840 2464 85 187 -16
-14872 952 2256 276 136 -60
-14792 708 2284 171 107 -45
-14980 952 2124 304 -65 22
-14736 920 2528 330 -98 45
-14716 648 2208 86 -41 -56
-14876 976 2504 88 16 103
-14988 732 2200 151 -140 93
-14820 848 2080 388 -385 70
-14988 928 2380 460 -388 217
-14676 904 2656 317 -480 141
-14644 820 2628 768 -286 145
-14736 976 2468 533 80 30
-14752 724 3000 353 346 136
-14604 876 2500 182 -270 19
-14872 1052 2456 287 -267 -29
-14916 1032 2640 452 -498 10
-14688 264 2500 597 -808 -166
-14512 168 2900 818 -985 -565
-14676 936 2452 1492 -1683 -1427
-15336 1488 3912 2186 -409 -269
-14164 1668 2628 1204 323 721
-15020 1660 3008 230 101 1449
-14632 1012 2628 -465 720 1660
-14720 1384 2856 -564 743 1582
-14736 332 2876 639 65 1474
-14364 440 3336 2821 672 1144
-14624 2740 2440 1791 -220 461
-14348 1588 2428 1447 421 -14
-14816 1864 2412 1378 664 -69
-15024 2244 2504 1341 758 41
-14788 2104 2024 439 694 197
-14712 2596 2176 -394 499 322
-14428 2076 2164 -1203 279 35
-14900 2752 2152 -1044 -494 -209
-15004 152 2984 19 664 1091
-14480 1408 2644 1119 411 1217
-14360 1676 2828 1236 209 1506
-14472 1832 2012 1136 162 1271
-14204 2496 2196 1265 189 906
-14952 2732 2816 759 -420 717
-15224 3064 2504 1374 -104 1065
-14324 3240 2380 1278 -639 1352
-14216 2436 1664 1534 -378 1044
-14112 2628 2116 1186 -523 420
-14412 3188 2616 874 -474 -3
-14900 3168 2548 830 -280 -116
-14324 3412 2288 332 -572 8
