29 -10 131 0 5247748 5473610
-14072 -1848 -10084 189 53 163
-14000 -1760 -9716 197 192 116
-14136 -1788 -9948 213 409 59
-14076 -1864 -10068 149 581 4
-14016 -2004 -10404 47 382 99
-14024 -1840 -10476 219 -222 247
-13908 -1912 -10364 304 -729 314
-14092 -1752 -10152 393 -966 329
-14008 -1752 -9664 366 -582 299
-14188 -1804 -9604 246 -211 197
-14092 -1740 -9716 237 158 137
-14116 -1896 -9944 229 341 111
-14056 -1828 -9896 260 270 116
-14152 -2024 -9808 254 221 132
-13956 -1700 -9896 231 -59 222
-14100 -1812 -9948 274 -153 181
-14140 -1824 -9800 258 -8 131
-14080 -1824 -9944 202 160 133
-14012 -1868 -10068 146 323 83
-14064 -1876 -10092 151 297 97
-14076 -1876 -10068 155 185 129
-13980 -1792 -10292 210 127 132
-14052 -1832 -10140 232 74 137
-14052 -1848 -10236 233 1 145
-14060 -1808 -10208 304 -180 192
-14112 -1792 -9876 269 -109 125
-14076 -1812 -10120 222 56 170
-13992 -1812 -9956 231 94 153
-13940 -1752 -10120 283 -48 134
-14072 -2024 -10092 229 -50 182
-14020 -1872 -10076 210 -4 187
-13944 -1800 -10004 190 159 151
-14008 -1804 -10080 213 238 106
-14048 -1856 -10252 235 130 100
-14012 -1772 -10000 237 100 134
-14048 -1876 -10144 232 172 116
-14048 -1848 -10276 251 194 139
-13976 -1848 -10232 223 196 110
-13992 -1776 -10252 219 83 123
-14036 -1900 -10232 240 45 171
-13972 -1836 -10208 228 -106 160
-14112 -1680 -10100 270 -36 176
-13956 -1792 -10116 271 33 141
-13880 -1852 -10128 221 152 124
-13972 -1780 -10372 217 20 157
-14012 -1804 -10224 235 2 146
-13964 -1828 -10224 242 17 176
-13920 -1788 -10220 226 2 133
-13924 -1832 -10272 245 -69 181
-13980 -1916 -10188 259 -23 189
-13840 -1876 -9984 176 -45 146
-14004 -1792 -10236 266 30 165
-14036 -1772 -10076 198 19 141
-14336 -1836 -10300 483 260 120
-13408 -1572 -9788 261 1183 -272
-13176 -2032 -10148 261 937 -88
-13920 -1812 -10364 -172 1338 -84
-13496 -1868 -10216 -176 1398 -85
-13360 -2188 -10664 -515 1875 56
-11868 -2312 -10056 -1036 1969 78
-15040 -872 -11332 -1797 5179 -624
-13492 -876 -11508 -1927 6565 -589
-11144 -2944 -12416 -1987 3031 183
-14664 -1212 -15196 -1592 -155 1015
-12080 -1228 -14132 -151 -2214 703
-13680 -1308 -11104 177 -2618 1003
-12512 580 -9768 -327 -228 626
-13496 1800 -13724 -2856 5474 -2281
-11836 -3224 -14568 -1008 2051 -1125
-13616 -3828 -10660 -3059 -3417 2375
-15184 1348 -10944 -1506 -2116 4240
-12492 1864 -14616 -223 -931 2105
-16580 10264 -17592 1546 -12624 1756
-18980 7820 -16532 -1097 -11763 4763
-14904 9512 -8036 9884 -10276 -3142
-10124 7900 -7988 8931 -4034 -6330
-10196 7160 -3860 7648 2244 -6017
-10816 836 -7456 7622 -4418 -1636
-8452 -2840 -5896 4933 2500 3488
-12712 -3288 -8116 -1455 11820 6467
-16796 -4660 -12136 -4147 10394 4898
-15268 -7040 -11564 -4163 10945 1392
-4632 -8360 -1300 -6700 10216 -1086
-4432 -10424 -1232 -12664 711 2386
-29584 -10428 -12200 -2997 863 -11110
-17176 -1960 -11140 -2034 5930 -2420
-8796 -2072 -32768 16793 20049 -432
-10192 -5540 -9304 -1356 3451 -2892
-5308 -2520 -21664 -6384 5528 -173
-10720 5044 -5600 -718 5125 2902
-9236 3412 -13276 -1722 6864 -627
-6760 -3248 -21828 1683 6531 758
-7492 -556 -17760 -1806 51 595
-7276 -96 -18676 1062 -2863 -406
-9408 -1244 -17500 -351 19 213
-8452 20 -17612 -1587 449 332
-7880 -160 -16788 -2573 -2204 1069
-7888 636 -16236 -8087 -48 644
-7296 -184 -18488 -1632 -5101 1274
-8752 1304 -14860 -4660 -9136 423
-8648 12332 -12304 14703 2360 5540
-16488 10100 -23320 -3799 -13165 935
-15556 10052 -13420 8810 -21813 369
-11096 13640 -14176 18219 -12713 -13049
-9768 2284 -6788 6103 2335 -5523
-11000 -3488 -4156 10916 -8626 -2565
-11760 -7396 -4616 -8363 6554 3029
-9760 -9168 -7176 -2718 5211 7121
-11984 -10080 -8620 -7788 6512 7101
-9224 -11052 -6516 -4206 -1960 7794
-12940 -14428 -16020 -11806 2694 -4961
-25472 -2672 -17852 3906 14851 -3948
-4620 -5428 -4932 611 9943 -1176
-6916 6144 -15140 8816 6862 852
-6536 -2728 -17792 -7657 15880 -823
-7076 -3832 -19128 -5223 6985 -329
-5324 24 -17616 -4105 7815 45
-6720 2156 -18876 -1342 4581 676
-7408 -756 -19748 28 -366 273
-5892 512 -19136 -24 -1777 381
-7192 -472 -17128 511 -4160 -632
-5324 156 -20112 -364 -4697 -326
-3428 564 -23104 3140 -8032 3277
-12020 3580 -17000 -5546 -13108 7822
-7428 1580 -13204 575 -5099 1278
-12360 204 -16108 -7594 -1937 1978
-8776 2936 -17316 -3117 -5416 2481
-12676 3184 -13576 -2394 -10762 2233
-13748 17848 -21508 -2509 -15816 -385
-16544 5444 -17400 -3712 -8862 3342
-24100 15364 -13336 20359 -15021 -1151
-11104 10744 -8496 11547 -10730 -11203
-11756 6860 -5120 5535 -1267 -8818
-8944 5024 -4872 2351 -7989 -3391
-13704 452 -7492 -1850 2369 3714
-13116 -2628 -7720 -111 6233 4033
-6524 -5828 -11508 -5743 13140 4459
-13320 -6168 -12376 -13121 7997 2143
-17296 -22324 -1548 4263 -14580 -10827
-22324 -20604 -8480 4792 3270 -3225
-9044 -2544 -6944 -5871 9146 -8684
-17604 -9148 -27528 -2343 4925 -2535
-7156 -3160 -7356 -5762 8708 3788
-15196 6840 -19552 -936 12888 -2645
-7124 -4056 -15896 -2565 10051 139
-3048 -2380 -21136 -1627 3779 -360
-8832 -1868 -17008 -2923 -2830 -293
-6148 -1180 -20340 -1529 -8526 -320
-8676 1208 -16932 756 -5842 385
-9020 -1496 -13268 93 35 344
-8496 1820 -18816 156 24 455
-11764 -416 -18376 -778 -2776 656
-9484 -40 -17256 -2434 -3193 1320
-10204 -784 -15596 -5500 -6434 1064
-12316 4784 -13212 -5454 -10785 1053
-7024 -184 -9964 -3081 -10735 -915
-18040 16408 -11560 -793 1901 5284
-15436 13560 -22304 -164 -3025 2166
-20072 6888 -17420 18814 -16281 222
-10716 12124 -10920 21514 -15744 -6931
-9660 8500 -5720 10479 6164 -4630
-15092 2928 -4160 11281 -8811 -3048
-7404 -1760 -6604 6086 -2741 2799
-10104 -2464 -11232 -415 6423 5176
-12880 -7324 -7832 -9514 9882 8614
-11568 -7324 -7024 -7605 8668 3570
-10616 -9216 -5476 -9946 2164 3957
-21728 -24280 -1092 1553 -2447 -9033
-25820 -3408 -28380 11084 12794 3815
2020 -2748 -12696 -641 -193 426
-32768 3976 156 -304 20325 -4518
-952 -2396 -12708 -7398 15503 -856
-10148 1240 -19688 4347 15189 3860
-3708 532 -20460 -3438 9066 -122
-5360 352 -20392 -2247 3282 -1492
-6236 -88 -17224 -638 2979 415
-4884 92 -20212 -2176 4802 -1900
-3704 1004 -21124 12 5357 -521
-5308 724 -21144 -397 -1576 -242
-5948 1416 -18176 -552 -3509 -677
-4172 1780 -20404 -1339 -2566 307
-6520 1480 -16140 -6104 -4402 1908
-4848 -4 -18644 -8736 -7084 -263
-8796 7488 -12536 461 -12798 -436
-5620 11268 -18272 20392 -8851 1211
-17492 18208 -25080 -9323 -19213 -1736
-17596 10212 -15048 7043 -20271 -3891
-4332 6568 -13304 14599 -9155 -7433
-13080 9400 -7120 4311 -2788 -3311
-15600 6292 -10092 7466 -16898 -3353
-11316 -2276 -9192 -46 -5999 1877
-4188 -19940 -1588 -14146 -3077 5307
-9272 -10540 -8604 -13785 3880 7476
-9312 -12496 -7660 -2211 10503 8328
-28348 -996 -24280 13213 9111 -1846
-15936 -22436 -21516 -7626 -669 -8597
-4088 -6424 -10264 -5358 7054 -11395
-32768 18744 -17164 -1532 11901 -7573
-7544 -9232 -17568 11508 3671 4070
-17084 -424 -10500 -507 6752 184
-7772 760 -16836 -2149 14158 -374
-10692 -988 -20020 807 6859 681
-10376 -800 -15972 240 -569 1458
-12816 -1248 -15696 -399 -3892 1045
-11984 2000 -16000 -1074 1437 775
-9736 444 -14552 57 824 761
-10732 1332 -15908 -674 -2136 1116
-11408 1288 -13096 -2505 -1613 1149
-9768 296 -16852 -234 4186 1091
-8496 -2480 -12896 -5955 -763 3638
-11464 8112 -11688 -4579 -1824 1562
-12544 8852 -12300 1995 804 2604
-13432 9612 -12940 -3891 -2372 2232
-9388 15056 -22392 473 -645 -1392
-23756 12788 -15864 8822 -26101 -6279
-8612 11240 -12652 11293 -17834 -5189
-7304 4412 -6144 9020 -5293 -3812
-15224 1948 -5800 8497 -12404 -4248
-11400 -2944 -5528 8052 -15292 -4314
-7100 -7156 -5492 4559 8350 2802
-6540 -5628 -6312 -2347 13617 10602
-2848 -7940 -1800 -3399 18264 12557
-32768 -32768 14328 20063 32767 11892
-3916 -17756 -11016 1686 -2263 -14465
-32768 11660 -16196 1510 13100 -6735
-16876 -9040 -18264 9595 14566 205
-11116 -228 -9200 145 15945 -767
-10916 -1584 -17632 220 10970 -2144
-8344 -4588 -13628 -4701 4851 -382
-11564 -2880 -14596 -6289 2632 1921
-7248 3720 -15768 537 4542 395
-10072 3236 -16408 3193 -4171 -486
-11956 -3444 -21240 367 -8377 242
-8924 1000 -12460 1923 -9454 1173
-14032 948 -11424 -1610 -4527 1184
-9560 1072 -10548 -4709 488 897
-13864 452 -16668 -2977 188 1576
-9076 2260 -12108 -948 -590 1081
-10484 5444 -14824 -4112 -679 113
-17464 13148 -18692 3351 -13711 -388
-12676 7692 -11840 7100 -16064 -558
-13712 7436 -11420 9070 -7064 -2963
-15220 6360 -7152 7216 -6367 -5263
-12904 6528 -7224 5718 -3845 -4166
-11336 -1416 -10064 6332 135 -3855
-12708 -1468 -9296 -1284 1039 1562
-9400 -2564 -7632 -3938 -1948 5501
-5176 -7228 -5008 -4280 7952 10127
1528 -7708 12204 -8137 6118 15921
-8900 -27680 4244 14066 -3813 -212
-1076 -22264 1916 2468 6503 -11414
-19952 9680 -14872 4678 -958 1986
-12028 -3944 -14688 -1925 20656 -1032
-10876 4320 -13184 152 9919 -1331
-7696 -1016 -16452 -1391 6804 -482
-8540 32 -14900 286 1703 -841
-9028 -1180 -14164 2094 87 -521
-16596 736 -19276 -1185 -3222 -271
-8404 -1748 -17216 232 -6349 645
-13960 1500 -13280 428 -5694 -17
-11500 332 -14520 888 -4186 730
-1088 -1928 -13500 2258 4519 2890
-20084 -992 -11396 -2796 -3612 2051
-15804 940 -14268 -2051 -672 1486
-13548 -2228 -13252 4077 -4246 2233
-15276 9744 -13700 750 -5986 1496
-17336 18940 -18292 -3551 -861 -1575
-15256 8840 -13960 9018 -15564 -4985
-8020 6080 -11112 8730 -8262 -6709
-10392 3464 -9740 4244 -4458 -3385
-9672 1524 -6644 10255 -10489 -458
-11956 -852 -8924 6075 1865 5159
-15048 -1220 -3828 419 2430 7511
-14512 -4484 -6044 -4634 4023 8414
-11648 -5188 -8408 -5546 5086 7703
-8272 -5636 -196 -9652 3448 6047
-30544 -4344 -21992 -7790 431 -2572
-6308 -3816 -14664 2049 5131 -9881
-24420 -9380 -7952 8055 3672 -9248
-32768 8952 -20332 6292 17194 -772
-14020 -10040 -6412 -1400 21148 630
-15692 6904 -15012 -824 3883 -987
-2576 72 -16908 1288 8518 -5
-12476 -2496 -15668 -2340 7230 1642
-9660 -52 -15572 23 4120 -422
-7512 1920 -16864 -189 7962 -603
-10084 1340 -16984 -670 4434 -590
-9436 -92 -21804 81 4380 -333
-6136 -1204 -18692 1356 -303 350
-8016 1692 -17240 698 -4505 926
-7928 180 -17936 -1433 -4808 1788
-10660 -1176 -16392 -5657 -8345 933
-6804 6536 -12728 530 -4638 2509
-12912 11112 -26308 3926 -9046 -3434
-12040 10656 -17640 -4717 -11859 -549
-13880 8176 -17604 14734 -23242 -7231
-5540 8064 -6484 7329 -12733 -2701
-12556 2952 -11292 7160 158 -1962
-9996 -3360 -9880 5689 -4519 4533
-10432 -6232 -6524 -3172 5681 5792
-10404 -7660 -8516 -2133 5988 6751
-7980 -8364 -888 -7552 6363 6795
-8312 -5500 -2912 -8485 7119 8140
-25224 -27552 -6476 -7651 5638 -17325
-6012 -7052 -13856 5107 12196 -8217
-32768 25296 1340 -6722 9222 -9616
-1992 -6724 -5360 3282 10979 2102
-11608 -448 -13260 -4560 16083 1386
-1552 1972 -15176 2358 11407 1112
-8232 684 -17680 -3326 8763 -371
-8876 -1892 -22908 -433 2282 -423
-8128 360 -17232 -971 210 22
-8076 420 -18396 -30 2223 -346
-6852 -652 -16224 48 2241 -529
-5336 -936 -18248 -1504 5160 -1153
-5852 -2364 -23204 -374 955 405
-7716 1960 -19064 -3449 -8190 1884
-6776 816 -18204 -9065 -9172 1047
-6944 -1260 -18020 -7257 -5548 398
-9988 7288 -17088 672 -5449 280
-13888 19920 -20892 12001 -7435 782
-12372 12452 -16652 2534 -21381 -4794
-12244 8612 -12112 8461 -16663 -9273
-10612 5684 -15272 7381 -8854 -5564
-8392 2800 -7852 7262 -8387 -1060
-7532 648 -10564 5828 -7230 3116
-10732 -2928 -10896 -2662 2735 7627
-10320 -8928 -6376 -4253 7362 8965
-8116 -9328 -5196 -5544 13774 7617
-10808 -12736 -8724 -7219 17206 3782
-11592 -10464 -8944 -12485 -3583 -9333
-14756 -7316 -16436 2512 1150 -6537
-16988 -2036 -19488 1376 5560 -3567
-8264 -5200 -18220 2774 -4945 267
-19060 -2548 -10660 4428 12459 3053
-8972 -196 -14120 1384 51 358
-6616 -2536 -19464 -1041 10120 -210
-7968 -300 -17588 -1511 1944 -750
-10100 132 -14912 -1556 3294 -293
-9568 540 -15856 -1655 4728 -732
-6556 -636 -17280 43 4795 551
-6548 296 -19032 603 1120 -538
-5852 -2200 -19956 695 -3390 106
-3300 -472 -16360 -433 -5704 2009
-17788 1780 -17592 1460 -7398 4137
-10044 1292 -13116 -1830 -6541 762
-10404 2628 -13356 -9104 -4896 383
-10364 2012 -14932 -5322 -3554 2761
-11224 9700 -8036 -6908 -3573 -129
-17812 16676 -11020 5745 -4200 869
-25756 17924 -18144 2776 -16588 -273
-7820 11760 -7600 2429 -13687 -3995
-9052 6860 -13556 9897 -1534 -7140
-11896 3540 -11264 2038 -7765 -3776
-6120 2892 -10372 9276 -3036 -2718
-9308 -4364 -9224 4264 2332 3691
-10940 -5844 -10112 -3958 11185 8973
-12148 -6112 -8184 -5091 9458 6958
-11164 -3848 -9352 -3278 11986 4851
-32768 -3524 -32768 4682 -10879 344
-14320 -8732 -14576 4423 -2840 -5925
-17368 -16828 -20276 2812 5544 -2601
-5996 -10420 -448 -4846 -11833 -2392
-19312 -2244 -17116 6212 24715 2941
-4848 -1620 -13276 -1923 3494 -1343
-11028 184 -16184 -1512 4360 -662
-9924 -112 -15100 -1525 2024 643
-9172 -164 -15644 -2089 3734 279
-13360 4 -16392 -985 2331 -450
-11504 1500 -14116 -3422 464 -2424
-10564 872 -16084 -1424 2485 -258
-9140 720 -18192 -2229 3060 -206
-8868 924 -16668 -868 2259 272
-9040 1644 -14712 -2677 4546 923
-10628 32 -17508 -6815 3955 1098
-7612 3312 -19864 -2600 2052 1074
-8332 2912 -19464 -7196 -4212 856
-4696 8312 -15572 -28 -2000 2032
-11844 12856 -19928 -3914 -13385 -1726
-14116 14912 -17500 8094 -15542 -687
-17452 5660 -13120 7447 -17426 -1323
-13300 8740 -9872 10222 -18502 -3004
-9508 3860 -9900 10317 -3368 -3577
-9400 4556 -9276 11177 -6134 -5529
-12940 232 -8332 6238 5809 -1253
-14048 -5544 -9008 -3861 8746 2697
-11120 -10440 -9832 -12199 5896 3845
540 -11576 516 -13294 -1630 5878
-32768 -32768 -18580 7530 32767 1784
-13084 -5344 -30324 14478 -2065 -4243
-10252 -10952 -5320 -1783 -6728 2424
-19344 2424 -5304 -2902 16336 -2453
-8812 2752 -15668 1837 9270 -1343
-7632 -4120 -16296 170 4582 901
-10628 -1228 -17424 -162 -406 -389
-10540 -1324 -19284 -604 3441 -541
-8816 -88 -15116 1516 584 -54
-11252 1784 -15584 -3590 6683 1383
-6616 752 -19144 -3648 3821 1331
-11008 -1084 -18252 1647 -2947 3452
-8548 1412 -16380 -5321 -2077 1738
-10692 1564 -13556 -1101 2404 665
-7016 -992 -15928 -8619 2089 704
-8488 3724 -16884 883 -4570 1878
-9304 7112 -13136 -3041 -5039 4527
-18756 16284 -16124 -7227 -26518 1164
-14916 16540 -17024 12751 -13154 1190
-4296 11516 -10080 8658 -20436 -6796
-7824 10232 -13068 7955 -6118 -5014
-9276 6352 -7432 2828 2328 -3195
-12232 -1036 -7240 6567 -4468 -3602
-11084 -1616 -9900 4746 3891 466
-9788 -5804 -7116 -4743 11802 4889
-15196 -12156 -13324 -6379 16011 7372
-13660 -8164 -10528 -6492 5375 3546
-32768 -21928 -32768 11938 17757 -2017
-3064 -8748 768 7627 1462 -12752
-32768 -15756 -30196 -7891 517 3413
-8808 2908 -11056 7996 11014 1985
-12992 4700 -12064 -971 9494 -4620
-7680 -3956 -20312 -317 5609 -841
-8324 -956 -15436 -1376 6554 -203
-9628 -1548 -17720 -1510 7847 -385
-8928 800 -19324 -1122 2354 -276
-9632 -448 -19184 -257 -2364 1175
-8164 -464 -15200 265 961 596
-8604 -2096 -19556 -585 111 1527
-6372 1780 -16116 -886 -6814 2626
-6444 3568 -16700 173 -4859 1511
-12220 660 -15020 -4611 -6724 2467
-9692 572 -15320 -9788 -7689 840
-11688 2192 -15856 -2211 -3042 3543
-11912 14128 -7896 -2563 -412 7789
-9688 14112 -13568 -11528 -4109 1891
-24984 17872 -25780 15344 -5669 -1118
2036 9736 -12672 9788 -21000 -9006
-14000 12444 -10336 8166 -7457 -10284
-8032 7152 -8960 5346 -8334 -5487
-14248 -3884 -6872 15812 -6480 -3483
-6852 -4600 -6592 6505 6589 2604
-10688 -5992 -9040 -4156 19016 7522
-13940 -10824 -10104 -2636 10633 7153
-9608 -10884 -11668 -4294 4401 4170
-32768 -3948 -32768 4663 -9373 -1505
-12336 2228 -13800 2936 8305 -1182
-5828 3512 -22176 -8930 32767 2540
-32768 -5112 -23568 668 14009 -5856
-1432 -9276 -20924 4188 9930 3253
-6700 2820 -14996 -2934 8818 1718
-11312 -2556 -16764 -816 4918 -345
-7084 -2228 -18156 -4000 5832 814
-6776 2164 -11592 -2135 1390 888
-3716 13312 -10320 -343 -1249 -4997
-3520 -200 -32768 -6335 14646 -3611
-6296 -216 -18452 1511 -7482 -455
-7712 176 -13596 1183 -2708 151
-6600 312 -18556 -1765 6186 1461
-8200 1812 -19140 -2938 2545 1110
-6972 1836 -20772 -13775 -3545 2795
-8648 6084 -14000 -5885 -5986 2393
-5608 11636 -13496 -10561 -12328 -650
-5748 13656 -19616 799 -10958 2611
-14736 16196 -24416 14318 -10764 332
-7432 10244 -9628 20910 -22914 -6431
-11876 13376 -4552 12208 -7057 -8271
-8620 6100 -8796 10419 -9602 -3123
-8528 -1396 -2100 11768 -8613 223
-11304 -2968 -8116 5172 5347 1785
-15824 -4244 -7300 -16636 12566 5045
-8680 -5908 -10116 -15466 7283 259
-12728 -9312 -8856 -14776 2182 488
-15184 -14388 -32768 -9375 32767 -14485
1112 -29224 -10328 7931 4336 -14930
-22596 -388 -25216 2115 -24602 -19326
-7696 -2684 -6628 -1708 10730 -113
-8320 496 -17624 -252 9991 -1874
-5984 -1788 -18312 -1884 4641 -183
-8968 -1032 -14552 -476 2553 211
-8596 -620 -18912 -1605 6154 456
-9548 -740 -17412 -702 4824 452
-6720 212 -16828 -1738 4687 -1102
-3468 8 -19172 -771 2751 187
-6312 368 -20804 1205 1241 457
-8272 -692 -18332 -499 -3146 1206
-10232 568 -18928 -2359 -417 992
-6316 932 -17948 -3463 723 710
-6684 -268 -19012 -4077 1741 184
-5732 4724 -16592 3759 915 4095
-4904 5220 -15320 612 -71 2274
-11588 12724 -23596 -8770 -8973 821
-12440 14540 -22704 13042 -15905 -718
-9276 7252 -15768 8164 -18091 703
-13920 8688 -13816 8294 -16545 -573
-16912 476 -8760 14277 -19147 -2430
-8104 3388 -9596 8950 -6989 -796
-4796 -2676 -8068 5142 4083 5867
-7860 -5704 -11804 -2343 13147 10254
-13748 -13668 -11812 -12893 12770 5550
-8948 -16036 -6236 -6490 4110 -2588
-12896 -15520 -25040 3879 -1942 -11383
-13108 -11868 -13056 5981 3131 -4781
-12196 3408 -26104 430 -14088 6023
-17640 680 -17708 4432 16659 1878
-5340 4356 -11420 1918 10072 -2950
-8624 -5376 -18076 -21 5912 -670
-12096 -28 -16268 -587 3976 -619
-7152 -408 -17732 -2537 7554 -62
-8944 176 -21644 -1834 3501 -95
-7460 -36 -17096 -368 73 128
-9072 328 -17444 -1127 -281 6
-5060 -1076 -20828 1543 32 1103
-11952 1436 -14728 261 -3820 670
-8284 1036 -15772 -1833 -883 -375
-8096 -324 -19908 -870 -2216 1450
-6756 816 -14372 -173 -6750 1481
-11216 3028 -12416 -2659 -12850 2092
-9712 7324 -11168 8845 -7426 -685
-22248 12500 -25004 2576 -8212 -1174
-18292 9960 -15356 5266 -6136 -953
-12152 7376 -14248 15945 -17477 -9602
-9836 6268 -9156 5432 -5812 -4496
-6792 3632 -8448 6963 -2917 -4459
-9844 3912 -10936 -1684 2481 -308
-7872 -3632 -8868 -4099 6841 3315
-9696 -11872 -14584 -4880 15773 4110
-9856 -10448 -9344 -11538 10766 6039
-7116 -15072 9204 -23627 -16577 -7570
-23032 -9940 -16284 4282 2102 -394
-5880 -9736 -9392 10568 10967 -8873
-21716 -4948 -25708 -1770 4607 -1968
-3440 -2276 -7264 1684 13834 796
-11780 2956 -19400 -1435 3292 -2426
-5704 -3952 -12868 -71 5326 -535
-9272 -1168 -14852 -1743 6128 -169
-8460 -1956 -17024 -1045 6871 -379
-8192 -3260 -16888 -3746 11558 -98
-6572 -448 -19884 -6661 6156 1554
-4888 508 -23228 -4487 -4741 326
-7728 -84 -20340 -2457 -8521 484
-5220 -416 -15604 6207 -5782 1429
-10324 1256 -15224 -2737 -6403 3193
-8328 1068 -16164 -5420 2119 3185
-7580 -1844 -15640 -8729 -1493 3058
-14976 3780 -22480 565 -14829 5278
-16896 17796 -15488 1604 -23027 2943
-22076 18676 -15588 4829 -18916 -1234
-7812 9772 -11748 9490 -14118 -5446
-12580 8276 -9824 11411 -9449 -4966
-10828 5860 -4620 8243 -1158 -3738
-8880 6548 -8288 5960 1228 -6871
-6740 1136 -8708 2494 3933 -1785
-9860 -3500 -11728 -5509 11016 4077
-12388 -6196 -7476 -12442 9794 5459
-14968 -11576 -13136 -5654 8894 1908
-25772 -20056 -18848 -12136 -4700 -5428
-21088 -20768 -14136 9083 -9384 -10918
-23912 -9896 -24384 3392 928 -1095
-2424 -8268 -8688 4512 7216 1218
-6408 5800 -14144 1279 2185 -321
-5912 -2688 -17420 -1685 10259 -897
-7008 -1088 -18744 260 3773 363
-6992 -148 -16176 1455 2668 94
-9092 -3768 -19352 566 1283 858
-6776 -2164 -19360 619 2594 -790
-5072 -296 -15368 400 2720 -945
-8428 -1420 -19792 -1016 7636 -767
-5472 -1520 -20340 -65 3742 583
-6368 -324 -19736 -683 2863 832
-4240 -1068 -19348 -315 -3261 1821
-2008 -3140 -15064 -4062 -6728 2942
-16540 6652 -24776 -14774 -14450 5420
-13384 15832 -10936 10298 -9130 7986
-15620 18748 -22028 -6423 -14946 -1970
-11432 11096 -16720 8650 -25303 -2389
-9116 12008 -11836 13904 -12272 -14495
-8740 8224 -10292 8415 -5552 -6026
-7836 1484 -4540 7870 -10434 630
-9244 -960 -12060 3235 7442 4406
-10508 -5204 -6040 -11333 17338 8777
-10928 -5184 -10588 -18771 14461 7183
-32768 -12184 -26228 -16686 -21433 4884
-11176 -26520 12924 10830 2521 -15835
1024 -14740 -532 -117 10395 -8101
-31640 7760 -31448 -10380 32767 -7327
1232 3228 -9980 5271 2692 -3022
-7240 -5636 -29868 1729 11720 3180
-1244 -1052 -12812 3075 1455 184
-11464 -576 -18432 -572 7520 -34
-4368 -1204 -16408 -379 4968 -385
-8712 -1596 -18688 -1022 4014 142
-2052 -2772 -12388 -2088 -394 -119
-12240 -940 -20748 -2894 3472 -679
-2832 -1580 -20056 1134 141 382
-5880 -1340 -21564 1659 -6955 1654
-6224 -1648 -19052 1354 -9240 1850
-8348 80 -18012 -949 -7849 3516
-9984 -4316 -14472 -586 -8731 2446
-11264 1028 -17976 -7876 -9337 3369
-10628 8016 -10704 -5554 -5906 1369
-13556 14544 -10036 4588 -1824 1990
-7924 10608 -16452 1824 -6777 730
-13584 13592 -15388 875 -12492 665
-5664 5788 -12520 7784 -19845 -3247
-11380 4224 -11400 6566 -7312 -6001
-12808 1440 -4456 8191 -2536 -2273
-9208 -2832 -7272 4409 753 152
-11256 -7472 -6712 -2180 7369 5290
-9416 -9992 -9296 -2921 10466 5080
-8976 -9144 -7024 -2744 10709 3160
-8588 -6400 -7168 -5991 5743 1136
-32768 -17772 -32768 10517 14475 -6050
-6244 -13212 -13112 7955 2644 -10915
-13956 -13372 -7832 -5557 13816 131
-12928 5096 -19472 2206 14457 1324
-9788 1460 -14632 2170 2367 -1144
-12568 -3076 -17844 -2086 8199 -1084
-7140 -2728 -14544 -1218 6303 -405
-5920 -2560 -17964 -3541 9173 55
-8168 1760 -21720 -1966 5383 283
-4724 -1156 -17700 -359 2407 792
-6176 -2480 -18196 365 154 656
-6720 1116 -18312 632 -1081 1596
-5768 532 -18424 -507 -6633 1424
-6760 852 -17532 -3916 -3445 3234
-8576 960 -15820 -1334 -5488 3080
-10384 1316 -16956 -1498 -934 2887
-5572 4444 -11700 -4308 2251 -679
-12724 8496 -18060 -1836 4502 622
-15464 5936 -25036 -3399 -7564 -3907
-8308 10100 -18784 7422 -15160 -6302
-8340 9132 -19744 11275 -12596 -3648
-10432 8996 -15880 11676 -20345 -2593
-11400 7512 -15668 8798 -14005 -662
-11348 -1100 -8764 15927 -7500 -689
-7448 576 -7660 8212 5682 2678
-8520 -8008 -2768 -4393 12419 8622
-8416 -11048 -4564 -11724 5238 8111
-8456 -8312 -424 -14057 4430 8103
-32768 -26300 -26380 29326 32767 3420
-2420 -13832 -15200 9283 9801 -12892
-32768 15840 -17536 309 3487 -9053
2056 -11976 -9608 2368 15557 3581
-10504 1848 -16300 786 1532 -165
-5744 560 -15400 -3814 9648 -364
-10656 -412 -16288 419 1902 12
-9280 -380 -16916 -2001 6081 -36
-8176 -696 -18520 -631 3312 699
-9200 -428 -17364 -136 3224 693
-8204 1040 -16452 -231 1692 -266
-7076 -1784 -19964 -1027 2403 -506
-6976 -1844 -20832 1399 2289 1445
-7328 2612 -16332 1423 -3901 1752
-8376 780 -17708 -1222 -8178 910
-7436 3624 -14712 -2489 -6673 1307
-6384 120 -14284 -6049 -5597 232
-11912 4004 -15180 -2394 -8928 1592
-9696 12832 -10820 -881 -8172 3698
-24224 18424 -32688 -3471 -11828 3263
920 24384 5396 -366 -15229 2481
-10100 10836 -9820 13234 -3232 -7974
-7896 7500 -4304 7717 -5311 -7487
-8196 3316 -7832 4779 -3229 -2250
-10728 -5008 -8928 2707 4244 2431
-13352 -3236 -11064 -12435 16384 7498
-13816 -8572 -13200 -12570 934 3899
-8016 -10448 -5200 -10149 -774 2845
-2736 -12480 -5536 -19861 -797 -4708
-11264 -20292 -10716 2297 -6001 -10372
-15652 -1240 -23284 3761 7892 -4557
-7384 10500 -8716 2178 -7060 5433
-20760 1272 -11508 -1301 10791 -1158
-9964 -792 -14588 -2109 8005 -2455
-9372 -2284 -16388 -1658 11160 939
-8868 176 -16896 -58 1752 776
-10848 520 -14912 -1487 149 389
-8268 1504 -14332 -177 274 324
-14208 748 -15880 695 3715 573
-8360 -656 -17048 -725 5097 276
-8424 -376 -19232 647 1806 1545
-7476 -1404 -14396 1218 -5085 1032
-11012 1436 -17820 251 -7075 1107
-10072 -772 -14924 -5022 -8051 1827
-10688 7556 -9476 -3121 -6871 3663
-19884 15760 -12752 -2454 -13127 1042
-30784 20196 -28536 1054 -5545 348
-10824 11344 -9488 5551 -6820 -5077
-10652 10236 -12132 11695 -7422 -13339
-4044 8284 -11784 10942 -8291 -9709
-5780 180 -5024 8272 199 -2956
-8740 -3376 -10412 2454 2479 5131
-13312 -9004 -8232 -5175 17546 10522
-15896 -13036 -9816 -6705 13539 6666
-12296 -14576 -8040 -6234 -1587 2116
-2512 -9572 716 -8757 3138 2957
-16204 -12852 -19612 -2179 7612 -10510
-17276 17408 -22288 10799 -7357 4946
-19200 2484 -12464 663 13496 -956
-8732 -1076 -15020 2580 4719 -1382
-7100 -4636 -9812 -1042 6373 -10
-11884 -520 -17048 -1204 5253 -351
-8368 248 -15980 -472 3497 145
-10204 -1920 -16228 -1744 6563 -22
-10268 -804 -16876 -1165 4871 -99
-8560 -872 -17512 -817 6219 96
-8092 -992 -17776 -403 5747 56
-6648 -1140 -18860 -351 2222 0
-5308 -716 -19844 -697 337 764
-7640 -684 -17908 -3435 -3257 2159
-6228 648 -18176 -2206 -1598 1287
-9796 -900 -16196 -1671 -2570 631
-8240 1888 -15416 -470 -3007 1449
-8076 5248 -14428 1078 -3708 1673
-5436 7264 -11256 -1682 -6473 4258
-16828 6668 -23668 -1261 -6592 -925
-12904 8784 -26780 5605 -12813 -2390
-12964 6616 -11736 1988 -17745 -4481
-8924 4620 -13248 10620 -15655 -3838
-9040 4248 -11300 11026 -2907 -2528
-12584 316 -6988 6965 722 2631
-10404 -1744 -10192 1786 4618 4663
-11020 -6336 -7960 -8921 5249 8524
-12048 -8528 -7716 -12148 10326 4722
-4520 -13436 -2232 -10689 6256 252
-12516 -6036 -15968 2332 3858 -3931
-25220 5768 -20464 2177 -4282 -3997
-11000 -2300 -22096 12541 18078 1857
-5032 -1636 -10200 -1147 6559 -4532
-12268 -1212 -19524 -550 8677 -1483
-4988 -2488 -10880 -2090 11163 1050
-10604 -2132 -21500 -3567 14045 -2158
-4308 -320 -20148 -440 4761 -516
-6152 -2316 -20396 -1578 1815 -297
-3256 -3236 -17872 -1089 800 447
-6240 -388 -20688 -4 -2404 1024
-7328 1672 -17056 508 -5597 525
-6780 -104 -18516 1918 -1624 161
-7552 -2228 -17464 1341 -1818 587
-8520 -2008 -18068 450 -1223 197
-7740 -572 -18120 376 -220 378
-6396 -920 -18440 960 -1016 510
-7472 -604 -17540 1270 -1794 601
-7608 -1816 -17136 792 -1946 547
-7832 -1428 -17492 732 -1671 386
-7704 -1336 -17280 979 -1859 781
-8456 -1724 -17292 857 -2271 765
-8772 -1256 -16128 -21 -2722 563
-8532 -876 -16180 602 -2538 295
-9276 -1988 -16980 484 -1956 363
-9456 -1544 -16480 138 -1582 521
-9400 -848 -15620 112 -1412 172
-9592 -1392 -16292 -125 -912 -41
-9704 -1340 -16500 50 94 40
-9428 -1116 -16252 291 -481 111
-9416 -1788 -16240 175 -715 279
-9032 -1828 -16040 236 69 268
-9392 -1160 -16160 233 35 192
-9432 -1540 -16312 399 -28 73
-9408 -1484 -16016 276 -62 178
-9528 -1284 -16024 277 52 160
-9660 -1376 -16132 266 273 87
-9312 -1452 -16348 114 405 141
-9240 -1340 -16484 213 142 117
-9468 -1488 -16360 265 -421 162
-9400 -1288 -16172 320 -616 257
-9724 -1292 -15984 302 -453 220
-9504 -1372 -15928 270 -286 205
-9572 -1412 -16188 265 -322 173
-9608 -1444 -16264 257 -323 176
-9596 -1348 -16164 317 -511 203
-9808 -1520 -16132 234 -416 194
-9920 -1336 -15952 264 -478 242
-9724 -1376 -16024 242 -387 208
-9884 -1388 -15924 277 -195 226
-9676 -1372 -15864 242 -154 174
-9856 -1340 -16124 233 20 158
-9920 -1288 -15632 146 297 116
-9648 -1388 -16088 43 584 36
-9544 -1356 -16244 145 436 82
-9652 -1464 -16228 322 -24 194
-9696 -1336 -16024 322 -131 139
-9732 -1364 -16280 296 -34 135
-9816 -1256 -16172 472 -130 153
-9824 -1288 -15628 524 2 134
-9744 -1544 -16128 430 450 -8
-9772 -1400 -15716 400 171 93
-9376 -1428 -15404 254 -401 215
-9880 -1736 -16356 307 -579 324
