17 -26 0 5 15774468 16000330
-11892 -1680 -13624 120 883 -90
-11860 -1488 -13624 -139 1147 -94
-11660 -1112 -13992 49 1760 -110
-11456 -1360 -14264 43 1454 -65
-11252 -1576 -14488 240 557 95
-11356 -1580 -14356 336 -380 232
-11580 -1348 -13932 448 -459 322
-11688 -1368 -13976 362 -204 187
-11564 -1488 -14072 241 -128 142
-11716 -1404 -13960 183 -221 215
-11608 -1416 -13948 294 -110 170
-11692 -1448 -13920 270 153 130
-11644 -1500 -14080 196 380 140
-11488 -1448 -14412 273 289 134
-11484 -1460 -14120 295 115 171
-11552 -1556 -14148 249 -7 110
-11580 -1392 -14268 285 -57 177
-11760 -1528 -14196 324 14 146
-11596 -1476 -14016 314 182 154
-11468 -1436 -14096 255 137 139
-11488 -1396 -14284 356 78 93
-11544 -1620 -14364 393 -102 218
-11668 -1448 -13960 276 -137 150
-11572 -1436 -14092 263 -24 164
-11604 -1580 -14024 304 60 130
-11628 -1532 -14180 287 28 105
-11492 -1524 -14236 253 53 163
-11652 -1568 -14200 188 33 145
-11480 -1476 -14168 243 27 180
-11536 -1508 -14308 378 1 174
-11524 -1708 -14060 286 -112 203
-11684 -1288 -14000 267 80 196
-11408 -1408 -14056 264 237 152
-11512 -1600 -14264 304 87 174
-11784 -1576 -14032 233 356 219
-10348 -1220 -13740 -1081 2601 -549
-13132 -1844 -13640 -1144 5506 -897
-9676 -2108 -16140 -620 2201 -772
-10760 -1488 -15768 39 1545 161
-11256 -1496 -15284 205 2199 353
-9604 -1424 -14232 -495 3910 447
-10304 -1996 -14524 -2487 5617 -77
-10148 -1536 -17864 -3151 4602 472
-5980 4004 -18788 466 6 -204
-9084 -2644 -17196 218 -1985 708
-11168 -80 -13544 559 1108 37
-8512 -236 -17132 443 3930 -270
-8264 -1684 -17696 156 1230 50
-9332 -2392 -17104 -609 -2377 398
-9024 -2124 -17896 -1912 -4469 1898
-10164 5856 -14904 -498 -5229 1205
-9216 6024 -11928 995 -3630 614
-12516 11332 -17744 5037 -4692 -821
-17872 12900 -20328 21 -4590 -1162
-5384 6040 -9352 7912 -14266 1081
-9244 5180 -11792 9666 -10965 -1538
-10240 684 -10592 2321 -2289 106
-13672 -3052 -18196 -306 8254 2274
-15276 -11804 -16320 -1379 18412 1042
-3996 -12512 -5920 -158 1207 -5687
2340 -11344 2832 -6761 6204 428
-520 -12712 1728 -13788 -588 3985
-32768 3624 -18284 -15561 -14151 -14227
1220 -9328 -17184 4836 -7627 8829
-10384 1796 -13624 -251 11422 2774
-5196 684 -14680 -2307 13097 -842
-8172 256 -22104 633 8243 -1621
-2720 -1072 -19900 -2864 6276 85
-6024 484 -19604 441 2644 486
-7992 -1804 -19428 376 2397 -616
-5188 316 -19000 308 3635 284
-5424 -1512 -20232 686 2806 625
-6296 1464 -18944 696 -605 1188
-6900 1380 -17980 1448 -503 44
-7712 -2996 -18304 -2111 -665 1056
-4472 -888 -18704 -26 -1423 1673
-3484 2156 -19008 -1212 -6638 1067
-8792 1792 -17764 60 -8183 1132
-8072 5532 -14844 -710 -6314 3127
-15608 17800 -30244 2045 -4724 2830
-10908 10944 -12432 -2895 -16376 1867
-3304 8992 -16740 16114 -24481 -3456
-10128 5404 -8132 7709 -8929 -3812
-12456 -628 -11660 2499 -5630 -718
-12856 -6980 -14492 -843 1430 3568
-13800 -8472 -13684 -3976 13238 2852
-6912 -9224 -8408 -3438 2732 -1133
2700 -9108 -3860 -8572 8444 2233
-22764 -5228 -32564 -25647 -1601 49
-3728 -19408 -17280 -313 11885 -19679
-17900 -3900 -32768 1867 9872 -5867
2624 -12512 -14760 3130 -12534 2121
-13208 -896 -6888 -4265 8228 1942
-8544 2256 -12012 -6929 14172 -603
-1828 1328 -21704 -992 11792 -1390
-8068 1592 -20408 269 2387 641
-6940 832 -19512 1496 1127 248
-5556 476 -18312 2636 -1349 1180
-9644 -1868 -17984 2236 -446 -215
-5356 -1324 -18724 -1174 2079 783
-5688 4 -18416 -2199 -579 1998
-7676 -72 -17024 -559 -4043 1025
-6608 -840 -18240 -2398 -4156 1701
-6492 332 -17304 -1311 -6830 1624
-10356 2388 -17936 111 -7469 1540
-14276 6768 -22412 6937 -9198 104
-9344 15280 -22776 7090 -16766 8675
-31816 13372 -20932 7068 759 7613
-21280 16592 -11828 11423 -27583 -2479
-11728 9348 -7608 10164 -14245 -7333
-8684 5368 -7088 5354 3022 -6178
-9332 -1360 -10200 -507 11826 -819
-10420 -7736 -12504 -7843 11869 1806
-7500 -6548 -8908 -15147 2644 1420
8268 -12268 1964 -32768 -8878 8632
-10572 -32080 -6748 -32768 -12758 -32768
-32256 -7060 -8904 6044 23208 -3840
-27240 -2532 -21876 2239 707 -6739
-1324 -216 -6448 1523 -163 1311
-16396 -2372 -12532 585 14710 -759
-10124 -3048 -17356 -134 7696 -1594
-10472 -1256 -15668 264 4714 -78
-11068 -400 -16060 772 4624 292
-9488 -1448 -16604 -813 5194 -158
-8124 300 -16252 -284 3960 1310
-6612 260 -16128 1207 679 773
-8016 -544 -16796 737 1527 150
-10420 -1912 -16284 -46 -78 999
-9536 1520 -17416 669 -979 489
-8600 -1376 -15848 -432 -1848 1540
-7104 664 -11856 -429 -1786 229
-9220 1984 -18392 -2988 -3795 -560
-8260 3728 -14968 -1005 -6703 2139
-11300 6272 -13012 1533 -7627 3050
-10320 9020 -12936 -1421 -6044 2090
-16672 8656 -18992 -316 -10798 4578
-23284 9416 -18188 13341 -18200 -1943
-11632 9056 -10040 10409 -7201 -5300
-11208 7208 -11652 11527 -946 -6357
-10328 388 -10400 3640 4782 -2196
-9656 -6984 -9612 -747 9300 3760
-8840 -9148 -8148 -9704 8924 5313
-5048 -10800 -5348 -19681 2476 2921
-872 -9292 -3464 -19471 3170 8130
-32768 5420 -21880 -19001 -12406 -22629
-8228 -12928 -18240 7290 3582 -1791
-32768 13820 -32768 6527 9363 1342
-14180 -4908 -10592 5033 6394 389
-14876 252 -16796 284 16974 1163
-9372 -1516 -18884 -579 9159 -1742
-9096 -1244 -15180 -1028 3123 -896
-6556 -2164 -18636 -2545 7461 -129
-9140 2484 -17392 -770 6480 596
-6728 -148 -17520 668 3104 -139
-4700 -744 -19848 574 -3756 447
-11472 -196 -16732 30 -3816 159
-10004 868 -17532 -439 2315 331
-8308 -64 -17216 989 505 467
-7944 -4 -18148 260 -697 1152
-6560 -360 -16716 -1146 -1505 753
-7796 -20 -16860 -1089 -4775 2130
-11104 6224 -16440 2617 -3934 2914
-9800 6016 -19536 -2594 -8699 4900
-11420 10592 -19476 6146 -7801 6555
-14664 10444 -17600 4171 -27369 5370
-1812 11832 -14740 18477 -29372 -3434
-10056 10328 -8056 8179 -3289 -6844
-11632 1996 -9236 1367 6283 -2874
-8452 -5416 -12936 -870 159 3193
-11192 -8572 -14048 -6109 13167 5271
-7216 -11392 -9696 -6986 10313 4322
-4088 -10500 -3616 -10281 994 5825
-32768 -30044 -25160 22263 19071 9314
-5892 -16992 -15680 4112 7897 -14896
-9240 -6548 -19580 -3585 13779 -9876
-10344 2476 -15160 -1915 -6202 -2701
-4476 -4356 -16980 7684 3317 8128
-12848 200 -13440 -5414 4180 -3315
-6040 1532 -14324 -2569 11405 -4050
-4608 -1792 -21124 -712 6120 -375
-11144 620 -18704 4317 -17695 3318
-9496 -2772 -10688 -1570 -5996 -201
-8924 -704 -18236 -1359 -1597 645
-10608 2120 -16212 2780 1323 1364
-12112 480 -15228 112 91 232
-5536 1380 -16972 1905 -2658 439
-9448 -1568 -11728 -1475 -1991 848
-9396 -108 -14200 -293 1540 1340
-9336 5088 -12960 1246 1165 93
-16868 6912 -31620 -374 -936 1696
-4968 4496 -32228 -6386 743 5579
-16012 13452 -16692 -3632 -16771 -495
-6856 16580 -19940 16379 -5837 -8482
-7696 11496 -9472 11454 -7054 -8001
-7768 8632 -8196 13955 -9789 -7078
-9240 3224 -8008 9751 -2426 -688
-12192 -2452 -7808 4509 10859 5517
-14724 -8616 -15424 -4123 16404 8226
-6716 -15612 -7036 -7649 27003 1618
-8492 -17180 -6036 -12394 14096 -1475
-32768 -20504 -32768 -18281 -14776 -20990
11132 -4804 -17248 -2564 -11944 564
3096 -11396 -16704 819 -11379 6575
-13304 3148 -14640 -237 -4694 2998
-12496 1628 -14476 -883 813 -145
-5888 -1088 -17552 -116 2231 -482
-8076 -976 -15736 997 2946 568
-9624 916 -15920 1054 2214 37
-9792 436 -18728 247 128 -41
-9060 -960 -17312 1607 -1319 58
-8388 -1916 -17204 -34 -433 1329
-5208 -1016 -17692 251 -417 1959
-10260 -2448 -14756 -2224 -6020 4559
-10452 -896 -11612 -9250 -9441 5540
-20988 10064 -15012 10879 -6706 4499
-13888 13864 -16456 4866 -316 -1847
-14952 16968 -24856 194 -281 1280
-16636 12084 -14132 -1230 -12224 -1806
2068 4956 -13388 16947 -26249 -9139
-9216 6584 -7936 8454 -2747 -4843
-12588 1032 -10252 6414 -1282 -1747
-11588 -4384 -10172 2976 10473 1906
-10024 -10656 -10428 -6540 12857 4547
-10336 -10952 -9232 -8652 11130 3472
-4632 -8628 -4184 -13117 3441 2479
-29968 2856 -32768 -32768 -4193 -3892
4580 -14932 -17156 -8500 -5311 -27705
-16420 -9936 -22452 2400 3925 -6477
-288 -2608 -7984 -894 -18713 220
-10500 -3844 -15968 1779 15761 909
-5536 -1044 -15012 75 11371 -1071
-9256 -3204 -17792 -1358 8049 -1217
-6196 -488 -19232 -275 -348 964
-8368 -2844 -19000 732 -38 180
-6024 -672 -17436 1371 1600 354
-6508 -288 -16844 451 3662 68
-8076 -1412 -17020 420 2077 -829
-6852 -756 -19036 -2137 2627 378
-6692 -1656 -18560 -944 916 2135
-7636 2404 -16384 -1698 246 2066
-6092 920 -19412 360 -3034 531
-5100 -508 -16604 -188 -5305 1652
-12672 2284 -15912 3583 -6950 4090
-11332 9212 -18260 546 -18238 5470
-15824 14796 -21368 568 -8350 6668
-17960 13024 -15364 5117 -8183 3154
-6848 11712 -12320 13984 -15064 -7325
-8956 8452 -10288 8999 -3344 -6344
-9520 5008 -10260 7900 -3438 -4329
-8460 48 -10024 2000 6554 284
-8860 -6856 -11080 -4333 12370 3733
-7016 -11988 -5476 -9116 12492 4131
3964 -7396 4844 -19763 9881 6760
8384 -20852 -20320 -20811 7276 -32768
-32768 13508 -32768 8796 7779 7751
-1528 -8616 -14928 2943 -4439 8938
-19544 9328 -11464 1167 11469 2212
-5528 2292 -18364 2087 6826 -1923
-7316 -3848 -19008 1500 2469 -632
-8992 888 -17924 -2583 3625 540
-9172 -16 -14364 -4266 6771 253
-7120 1912 -19932 -116 6867 -349
-5396 1216 -20144 556 521 -3
-5684 516 -19848 1059 -5762 691
-7020 416 -16860 -243 -9415 1439
-8492 1144 -15320 -1069 -1378 523
-7224 -52 -13980 -1689 -2765 984
-12396 2796 -18388 648 -3633 785
-13944 7648 -13468 6337 -10019 -3240
-8520 13388 -20504 1807 -12677 5029
-24924 12312 -24436 -1583 -15739 3357
-9500 6972 -13124 9102 -15688 -5390
-15364 7116 -10840 10660 -8372 -8845
-7932 2500 -4608 7009 996 -7442
-8396 -2284 -8972 1269 6451 -2367
-5428 -7732 -9440 -2565 6862 1890
-9388 -10100 -10656 -8796 9010 2858
-2092 -8408 -2140 -13528 2085 4437
13424 -17180 24988 -18618 9291 5442
-5984 -14376 -17640 -25908 -6469 -19679
-29500 9460 -32768 12868 -11988 5615
-9144 -12460 -16332 8692 -8366 6260
-21052 2360 -8236 -424 7639 3442
-12620 2540 -12348 -757 9862 -3340
-8804 -1692 -17348 311 1886 -1000
-6560 -1092 -15344 628 1385 482
-12604 -1196 -15016 33 2017 704
-11264 224 -13560 -514 1816 163
-10556 -356 -15852 -778 4959 -778
-8632 -748 -14996 -995 8530 -835
-8860 -240 -17636 -250 9138 -372
-6580 376 -17240 846 3818 -129
-10464 -2016 -19740 -560 -2107 1015
-9572 84 -16328 -1336 -2860 1209
-9164 -368 -14532 -2742 -631 945
-7896 5508 -13536 1317 -464 -2056
-12748 8368 -24276 5319 -1373 -3112
-15896 13340 -24044 -6470 -7059 -42
-17144 10248 -28476 5664 -15773 -7280
-11032 2780 -15516 2793 -20739 -5373
-9980 900 -9180 3905 -12627 -5828
-9140 2748 -11028 603 -2461 -5448
-10020 836 -8860 -9907 4190 -4743
-9900 -368 -13372 -15421 4526 -5964
-10292 -5820 -16908 -18609 9777 -7855
-3668 2932 -16272 -18444 8237 -16023
1688 -4596 -20564 -23706 2734 -16846
924 -3068 -14740 -27662 5579 -10964
-20380 -6572 -32768 -20254 32767 -8328
7336 -27252 -20976 13412 -5729 -4375
-14956 -904 -20348 761 -21908 6965
-7100 -3276 -9816 -5849 10365 -1468
-6304 -776 -16872 -6741 19273 887
-7276 2328 -22848 148 9293 1478
-6380 -512 -17132 -1334 5843 1253
-3928 1524 -19852 -1509 5021 243
-4592 828 -19484 1282 -815 -38
-8000 224 -16116 1587 -979 -669
-6308 544 -18404 1725 3526 186
-4536 -552 -20488 -1486 -2592 150
-5668 500 -19816 453 -6639 1413
-8076 1132 -15276 -1964 -4821 1373
-9020 -1268 -18948 -3683 -4797 465
-8624 6316 -17120 5306 -4739 1480
-14244 13516 -20100 11039 -5557 -6166
-13808 16236 -20904 713 -17594 -4628
-8508 6800 -16960 -3024 -7539 -1596
-10808 4712 -14224 4980 -12550 -4939
-10616 1564 -9708 4119 -9316 -2820
-4636 8 -12112 4720 -8287 -495
-7716 -1656 -13232 -6461 8789 4079
-10132 -6464 -14016 -8847 10463 2975
-8484 -4620 -16360 -7892 9943 -1491
-7648 -4984 -15120 -8592 12830 -3213
-4644 200 -5280 -6901 14707 -3067
-23324 -6784 -32768 -4852 1656 1525
-13132 -29264 -21208 4849 -3 -6677
-8696 -6544 -19696 -14331 -12840 -2718
-12460 5784 -13384 -1083 2302 -2843
-8592 -364 -21412 342 7760 -140
-4864 -1092 -20988 -2960 6026 -691
-4548 -2836 -20496 3194 -634 -496
-6372 -1652 -19392 2141 1961 782
-6996 1296 -17396 329 1870 1352
-5796 764 -17708 -1190 1517 545
-4748 -488 -18396 -928 319 720
-6892 2376 -18264 2 -5002 848
-6616 464 -19148 -464 -4663 503
-8316 1532 -13268 813 -2414 402
-8248 -412 -12328 -2925 5314 10
-1956 -1844 -18840 -5900 -2269 2693
-13576 3044 -14716 4800 -5777 2301
-6928 14256 -19860 4492 -8182 -4258
-7276 19560 -30264 -9410 -6620 2809
-10208 8768 -14420 4951 -24345 -1632
-5104 12744 -10944 15936 -14274 -9003
-9384 5488 -11052 4628 -4016 -6341
-7064 -2120 -8916 5194 -9981 -1208
-7412 -4400 -12880 -5943 5756 4843
-12524 -8196 -11900 -9663 13144 4233
-9908 -9492 -14508 -8586 3953 -3172
-3352 -10044 -8372 -12481 9100 -1009
1616 -13448 2848 -16326 5318 -2827
-29984 -31180 -32768 32767 3991 -2263
6912 -812 -14224 15897 -23016 -2090
-9320 -8044 -13428 -3659 2078 556
-11700 -852 -13628 -342 21969 -325
-1288 2836 -12248 -637 2588 1497
-9156 -1472 -17428 -3884 1933 30
-9064 496 -19164 -566 3841 -678
-5928 -68 -17292 -1882 3949 507
-7812 108 -18748 -1657 599 1096
-5680 -120 -16860 857 -2419 1611
-8544 -620 -19744 -691 -6964 2303
-6176 2624 -14500 2730 -10151 1164
-13768 -184 -13304 -2575 -2232 40
-11684 1652 -15652 654 -488 -500
-9416 6772 -18628 2449 4871 1147
-8620 8896 -13972 3878 -3062 -764
-15444 10960 -30936 -542 -963 3874
-15636 12508 -19628 -10448 -20688 5118
-9944 8080 -14496 11096 -14449 -4219
-11936 6148 -8712 7824 -11380 -5235
-8896 4596 -7356 11744 -8400 -4957
-8588 1856 -9380 5957 507 -1249
-11516 -1868 -11552 159 7342 2817
-11460 -3732 -12600 -2982 8688 3475
-9344 -5864 -9700 -6780 13553 3325
-9400 -7020 -9172 -10446 11548 4093
-724 -4440 -18696 -21589 15229 -5791
5132 -12800 372 -121 11870 -12315
-28528 3280 -32768 2859 2106 -4859
-100 -5396 -13516 -4221 1826 4822
-14724 2332 -15380 -3048 10543 2176
-9604 4724 -17248 2228 4936 -1088
-7356 -1836 -18684 2208 -54 354
-9804 -440 -15752 450 -3156 557
-11032 -244 -16440 -2205 2636 478
-7204 -264 -17856 -1232 1414 451
-9172 2416 -16648 -139 2617 1134
-9960 748 -16636 162 2824 212
-8808 236 -17948 430 3784 -676
-9364 1136 -19708 396 2009 531
-6496 172 -16252 1219 1312 630
-8524 972 -19088 1424 24 5
-4116 -600 -14996 294 5448 -367
-6024 -76 -23232 -1952 -311 2121
-7028 6688 -13968 -1541 -6021 -245
-13184 9496 -16132 5626 -12811 -1566
-12092 10464 -25548 -2601 90 3777
-24536 7768 -18424 -2808 -17291 5588
-3920 11736 -17924 15016 -21099 -4797
-10500 7468 -10680 12088 -8935 -7599
-12044 5212 -11160 10172 -7856 -6013
-10032 -2836 -13288 4690 2084 -243
-9260 -9972 -15608 2615 12895 3426
-8248 -13288 -4776 -4064 6441 2850
3584 -13092 -5684 -8832 6266 3040
-3172 -5384 -7120 -16063 11406 6753
-32768 -3732 -32768 -17532 -908 -17770
15104 -18196 -16040 3088 -15104 -19861
-29632 7180 -28764 -4181 -3954 -4242
-3808 -12700 -5816 1896 -9255 6116
-18916 -2928 -14912 -3032 25231 -2082
-3128 1464 -21656 1948 7609 925
-11812 92 -17564 2518 -2155 -1024
-9964 -812 -18120 239 510 -1009
-8716 44 -16900 1715 2115 -107
-8084 -788 -16772 -108 6170 349
-6572 -896 -17708 305 3432 219
-7320 -1296 -21628 -459 -4385 1245
-3916 1192 -13164 427 -11717 1602
-15408 -744 -18416 -2208 -9992 2019
-8044 184 -12728 -152 -7383 1995
-11396 -2492 -16156 -951 -8012 3650
-10180 12188 -11168 5351 -9994 2515
-12340 11992 -15668 -1472 -8872 -1918
-16880 6264 -17892 -94 -1914 5010
-17884 8592 -14704 7088 -15592 -3821
-4992 15452 -12168 16568 -4955 -8280
-8816 8620 -15152 1088 9295 -6047
-12088 -1788 -11660 1777 1903 2360
-10488 -8504 -16940 -4694 18489 7675
-17796 -9328 -10936 -8133 11861 6438
-1768 -13928 -432 -10770 -2165 1909
-27016 -21216 -32768 -6226 4268 -859
-888 -16424 -22480 9030 9606 -10114
-23364 5080 -23780 4739 2564 270
-1680 -11316 -9016 -1548 -5985 2011
-12448 1756 -15304 3153 11724 1309
-10488 192 -15800 994 9726 -870
-10544 -1604 -16748 1043 1214 -1403
-9116 -2316 -16616 -153 462 -641
-9376 -324 -17720 -2240 7396 -340
-7968 -1472 -18692 -2341 7601 17
-5888 1288 -18148 -1022 5064 189
-5424 24 -18336 -1320 3073 172
-7332 1020 -17480 695 -386 545
-6844 -376 -17368 1019 2592 432
-4836 540 -17976 920 -89 928
-7188 -32 -17956 1178 -2244 1081
-4996 -496 -21056 -120 -8642 2093
-5684 796 -17196 400 -12802 3397
-11184 3592 -11564 966 -17511 3789
-12536 9732 -7640 348 -24325 4489
-18628 9912 -26456 4282 -1584 2265
-21900 12224 -17988 -1081 1329 -65
-4044 8696 -19424 15074 -20167 -8026
-8080 10956 -9416 5715 5647 -5904
-12152 3556 -7820 6565 -2705 -3419
-9960 -1232 -10288 7 6018 1944
-11796 -7676 -12016 -6521 13828 4961
-11880 -8564 -10744 -5595 7742 1484
-3180 -9712 -4824 -9461 4725 1986
3336 -9712 7416 -9890 -1967 8277
-21184 -3168 -11728 -9489 -7472 -17714
-13548 -2424 -20552 7593 -3668 -7116
5096 -4276 -14292 8676 -2455 9087
-14500 -3996 -14496 1771 2762 3905
-12664 604 -9440 -2805 5542 3777
-11832 828 -14184 -1389 439 -422
-11676 2040 -18060 215 116 -247
-10692 -968 -14348 1791 -2613 -178
-12508 -1508 -14212 -1013 3098 233
-10656 -640 -14372 -2572 2697 1319
-10836 2088 -15640 -464 1928 649
-10652 2436 -14700 -75 2593 -698
-11380 -228 -17052 592 3302 -660
-11484 136 -18116 -1072 -189 1349
-10984 1232 -14788 482 -4596 1619
-9624 -620 -12736 -1409 -1380 1395
-15496 4952 -13572 -251 1116 -124
-12264 8904 -14880 4644 -1626 -3113
-14912 10552 -23408 -2621 -9068 2775
-14588 10268 -16720 1049 -13860 3200
-10708 9188 -15860 7491 -3772 -905
-11824 5628 -10400 8509 -8013 -4057
-11164 3808 -6752 8965 -6386 -5176
-7384 1156 -10216 4945 3562 -824
-10720 -1908 -10576 -2236 12048 2858
-12172 -5268 -12884 -4483 10506 2314
-10244 -7104 -13336 -8930 11218 708
-10908 -7104 -2628 -11987 5993 148
20332 -9300 10952 -16613 6001 -797
-7580 -19656 -11500 -5986 1602 -15825
-20596 5968 -17936 2313 3999 -11206
276 -5200 -4952 4317 -8813 2094
-14952 -8956 -23528 -1791 15028 369
-6932 -2880 -15908 -587 5363 -19
-6916 2600 -16736 -2166 5406 -998
-7960 552 -15332 2447 1033 -781
-7048 -3780 -17548 -1944 7761 -590
-10496 -244 -21732 -509 5481 -284
-5164 -1068 -17220 -2160 6618 9
-2660 -436 -21632 217 1202 -551
-6376 320 -17444 -481 -1063 213
-6316 760 -18532 1327 -5177 924
-8896 -2900 -18480 -687 -3270 781
-6352 -1452 -17704 1414 -3386 1694
-7784 640 -17912 1916 -11103 4470
-11164 4840 -16760 2258 -16626 4081
-14560 9672 -13300 5601 -24187 4310
-10368 9348 -16164 7065 -17482 7261
-24600 4056 -15136 6059 -10334 7878
-16696 9888 -8252 15771 -12340 117
-13840 7336 -5968 17347 -5493 -1612
-11976 6680 -6340 18569 7522 -507
-11608 388 -7616 13335 11916 4222
-10656 -4328 -9176 7724 23629 9504
-9608 -7924 -7652 3241 32767 10900
-13068 -10644 -5584 -5145 18224 10070
-21500 -15432 -18172 3393 -8787 -4931
-8644 -11028 -16560 7325 -4727 -7230
-10760 -6452 -9332 -2678 -5009 -279
-17396 3800 -14988 1916 12964 1118
-3584 -684 -18888 -2235 9026 1032
-8112 1848 -22432 -1301 -6213 -96
-8244 304 -15604 -166 -14232 32
-9924 904 -17108 456 -10766 842
-12528 444 -16432 3539 -4632 1960
-11116 348 -12188 1194 607 1307
-12244 732 -12388 1142 -1254 -63
-11312 816 -13936 857 -61 -112
-10864 -724 -15976 1138 1845 32
-2476 -1708 -20068 3579 20051 858
-16112 4240 -13660 2819 159 2469
-9260 -752 -15400 4575 3136 5856
-14700 140 -21008 1497 -6158 5737
-9560 11236 -18468 9993 5067 3459
-7360 20480 -18628 13300 -6056 7088
-21212 15364 -27268 3231 -6100 7102
-19732 10024 -17996 12715 -13151 14235
-21832 8892 -4284 23271 -11723 11891
-16132 10968 -8052 19903 -656 4630
-16500 -1352 -3304 1757 16989 4056
-11792 -6552 2560 -2993 5355 3152
-3732 -3376 1536 -16632 -3437 3027
-24884 -32768 -32768 32767 32767 -2468
-5612 -32380 -32768 10618 -774 1809
-15840 -2180 -30364 2978 4151 -6783
9488 -8740 -7216 2342 -5277 3258
-10360 -10188 -19396 -251 13886 1659
-7784 -2140 -22812 1621 2007 -523
-9324 1684 -15088 -19 -458 597
-9800 -2188 -14824 48 -155 191
-8352 328 -17128 188 7517 -449
-8052 -320 -18068 -51 1645 647
-8352 -224 -14516 -539 -1390 -530
-9608 -628 -17372 -42 812 359
-11596 528 -16176 -407 6239 192
-8392 -1992 -17876 -1052 4243 -103
-5036 -1108 -17984 -773 449 715
-6516 -1520 -18704 -1666 -3724 1217
-13048 7104 -16316 2258 -7092 492
-4544 7088 -17544 4956 -15997 2979
-15932 7492 -22924 5531 -17608 2942
-12248 6500 -19144 8388 -7286 -2859
-14628 2388 -14316 12872 -8599 -1448
-12592 -124 -8052 16520 -11198 -1722
-7820 344 -5256 16549 856 175
-10804 -1224 -5476 7459 9513 5025
-9492 -2068 -6148 -201 11915 5335
-14360 -2796 -13008 -10510 11462 4424
-8688 -6964 -16272 -11925 5052 -316
6420 -4520 8264 -26155 -10545 6152
7956 -25788 -19080 13092 -9793 -960
-29244 -488 -26376 -2618 2492 -5116
-4524 -14228 -12756 2854 1738 2102
-16692 -1648 -16908 -686 20287 47
-12804 -1360 -16024 283 5262 -1373
-8904 -2480 -16120 -1144 3952 562
-8136 1824 -16368 -355 2750 -177
-6004 -360 -15856 -2539 7013 933
-11188 -2076 -17408 643 2058 -609
-7924 -820 -18468 -2080 2486 671
-7804 1336 -17680 1093 2108 3
-10104 1940 -19072 80 1236 -578
-6632 -576 -19268 370 1287 153
-5672 -796 -16268 480 -2528 1371
-6332 -1448 -17496 -1595 -1182 2369
-8684 -984 -17800 -1007 -4332 1844
-13724 3608 -14648 583 -4709 3794
-9652 7804 -11428 4742 -3740 4276
-9592 8816 -15956 122 -8300 4252
-13540 14436 -26464 3911 -1582 8546
-8776 9488 -16388 3903 -24992 -1130
-3952 9192 -14812 10047 -1315 -5774
-12628 4056 -11884 5109 -391 -3295
-12608 1472 -14540 -292 782 -911
-9020 -3852 -15552 -4189 5278 3221
-32768 -8500 -32768 -30413 1264 -276
32767 16284 5844 -32768 -24548 -6194
-23044 -6224 -15932 -29676 15358 9748
-6000 -18140 -18520 12173 3285 -5988
-27952 16788 -9260 -4648 -8199 -8479
-14436 80 -12972 4432 4083 2748
-11220 5316 -14988 292 12449 623
-9728 2004 -16100 1423 6364 -1160
-5816 -300 -16336 2166 3123 -650
-10220 -2276 -19624 -957 6042 -610
-5980 -400 -17856 -1404 8708 -190
-4412 828 -19468 924 3296 -44
-7008 508 -20580 306 -4251 414
-8224 -1480 -18068 -487 -3865 -166
-8428 1056 -19492 694 -2133 477
-3464 -556 -17700 -358 -1572 742
-10912 -268 -17196 -1288 233 1357
-5988 -668 -18420 -527 -327 293
-4272 1184 -14024 -668 -3431 1277
-12960 3136 -18904 -1069 -3334 5229
-9620 816 -21208 -6310 -7861 7301
-10292 9888 -15284 -2889 -20141 7648
-17668 16380 -22284 2655 -20308 3125
-5572 14412 -13432 11690 -13191 -6171
-11132 9764 -11768 11791 -10077 -9223
-6904 8244 -7056 11947 -5843 -9036
-8220 3124 -8912 4905 675 -3028
-11316 -868 -10672 -1650 13024 1618
-17236 -7304 -17652 -6035 10607 6433
-4996 -2304 -5804 -11530 -8658 1818
-192 -11412 -2956 -15115 5477 6911
-32768 -11572 -32768 32767 18639 -14207
4612 -25396 -8152 1018 -4622 -21965
-18940 -2216 -32768 -5641 4892 -5003
1184 -17824 -9284 4523 -9135 1448
-13316 -1712 -18380 -1754 13512 2626
-9780 -2012 -15476 -799 663 102
-6112 1780 -17792 -1142 3095 1433
-11816 1832 -15372 1061 3484 946
-10492 -612 -14600 1347 3575 -783
-8836 -2112 -16676 -252 4833 -555
-7420 804 -18464 346 2168 674
-9236 -392 -17680 622 -462 644
-6780 -2632 -15744 600 -57 -628
-8008 -1496 -21356 -525 -118 689
-8920 244 -15964 -245 -2943 598
-10504 -736 -16268 -1083 -2106 420
-7276 -588 -14480 -1242 632 1497
-7260 -2592 -18736 -4225 -4452 2109
-12916 4164 -14692 386 -10819 3792
-9652 10752 -20448 -500 -10768 4052
-4272 11236 -18952 1620 -4576 4995
-17672 14148 -14736 -477 -15563 4166
-5300 12792 -13400 16033 -11154 -6942
-11580 7224 -7892 7778 4925 -7590
-12992 3688 -9592 5887 3559 -4463
-9500 -4036 -12476 1460 9518 -425
-11448 -8336 -8572 -5020 18882 3955
-3512 -11352 -4064 -8958 4880 1984
-404 -6796 -12 -15366 3127 6175
-24520 -13960 -32768 -11703 11291 -21521
5616 10804 -28996 2047 -17939 -3499
-13652 -1368 -1352 -3066 -914 7649
-6924 492 -25248 2527 6828 -2447
-4616 -2704 -18080 1571 -2709 -19
-8724 -1104 -16540 -826 1700 80
-7560 432 -15920 1040 4770 -1533
-6172 -708 -18684 1232 4860 -2004
-7936 -776 -19968 1478 2356 -553
-7116 -92 -18776 322 4449 886
-10304 -640 -17392 -5383 16026 1235
-688 1404 -14316 -2656 9513 -51
364 1060 -28128 3417 -789 10
-1740 2616 -25080 -691 -6629 3853
-11004 8324 -23672 -590 -28019 3303
-11060 10300 -28328 -26 -32768 4378
-9872 9712 -20816 11721 -15907 3022
-20852 8060 -14204 12724 -11878 -2774
-12616 7268 -6732 18509 -7616 -8084
-6896 1884 -4136 12404 -7239 -7468
-5748 1732 -3212 3567 476 -2482
-9940 -1664 -3936 -5539 9796 2783
-15864 -5540 -11936 -13951 2115 4624
-12188 -7536 -16268 -14674 -7929 143
-2248 -8732 -9204 -16621 3399 4399
-332 -6356 -3312 -20268 1527 9268
-32768 -29996 -4712 32767 32767 22006
1836 -18948 -18160 18585 2197 -4658
-32768 21252 -20292 6380 6882 -10265
-4308 -18232 -11396 -802 11145 -776
-16504 1992 -12160 -4192 13334 1656
-9328 1856 -14720 -628 7606 -602
-8268 -912 -21604 1878 21 -533
-10580 -2668 -16340 -720 -700 926
-6796 -2700 -14824 -320 440 752
-7624 652 -15296 -246 4410 15
-10620 32 -16528 20 3502 -521
-11036 -352 -17264 -557 5315 -1294
-5100 -716 -20708 933 1511 1445
-7280 -1140 -18636 821 -8418 2100
-12240 -2160 -14016 -1814 -5052 2080
-7232 -1500 -15724 -1028 628 577
-8296 -2140 -17436 -1536 -394 3168
-12020 6908 -10936 3718 -7137 5417
-16444 9740 -14400 655 -11467 6271
-12612 12124 -15528 5369 -10193 5080
-25788 11756 -21344 6179 -14718 2038
-24968 15688 -13720 6391 -9729 -6928
-16916 8352 -7252 3404 -7191 -8030
-12276 1228 -13036 -734 -491 -4544
-17900 -1840 -9820 -9991 1391 -665
-5680 -5140 -4808 -28685 -6469 -7508
6232 -6124 -3284 -32768 -11802 1853
11140 -7984 -2960 -32768 -5336 21341
2332 -32768 -11996 -32768 14554 -32768
-32768 32767 1252 76 32767 -16267
-19048 5732 -12048 9633 150 -10445
-8008 -24824 2168 5099 -2361 1544
-18668 5912 -10996 -4977 27657 -1685
-11300 1176 -18044 2978 5422 -1563
-14320 -1868 -9056 1929 6065 -1410
-12164 -736 -14380 124 8457 -1351
-13064 -2140 -13408 -183 6938 -809
-10672 1408 -16244 -549 6292 -1820
-8368 -1928 -13656 -200 2638 -161
-11676 -1240 -14224 -585 3704 -122
-7364 -764 -16596 1113 210 -71
-10844 -2388 -15148 -421 862 1287
-12672 316 -14204 -740 -1102 241
-12080 2976 -13612 -1947 232 -605
-9872 524 -15492 -3015 321 -145
-7340 2264 -19792 932 -2781 512
-13700 3136 -11860 2595 -10090 -2245
-16920 6568 -16380 -4295 -3190 -2842
-16536 8872 -17480 -1537 2646 597
-17928 12600 -14080 4471 -5370 -7405
-14024 9080 -14776 2613 -6300 -11926
-5484 4952 -10784 -876 -7486 -10503
-3144 1932 -15176 -12764 4385 -5906
-7588 -3416 -6692 -24478 1804 -4053
3104 -3692 -8708 -32768 -9101 -3732
-32768 1940 -32768 -22350 -12771 -13397
32767 -25428 -20084 6616 -8992 -23922
-21456 -17068 -20084 1792 7302 2033
-27216 7536 -5572 -1127 -16666 -8264
-10580 -12240 -23804 -4737 13086 -900
-3924 -2020 -19896 -3550 5163 3458
-10764 3412 -21720 311 -8459 1140
-10784 2348 -14708 618 -1451 -1028
-9708 -1484 -14312 2022 1233 -818
-8392 -1804 -16080 -251 7477 236
-10464 544 -16300 765 3043 -1111
-6636 -904 -19396 494 4505 313
-8420 -1384 -16732 66 -1155 667
-8572 -780 -15208 -840 -3866 610
-10928 -40 -18668 -2014 -4091 810
-16032 6596 -17128 2699 -6762 991
-3760 10372 1192 4844 -16651 5725
-23952 15032 -12892 -3343 287 788
-21116 7264 -20260 -360 -10223 -1029
-2920 14316 -18240 9879 -6008 -4198
-13564 7504 -16232 -5452 6285 -6367
-12232 -1804 -16284 -3408 1468 -1604
-8684 -5844 -9300 -13635 4427 -1013
-2420 -10648 -5712 -19442 -3074 -2664
-29340 -17092 -17532 6176 17805 2690
-1028 -26852 -30400 7340 4589 -3164
-26632 -15232 -32768 8767 1229 1966
-7924 548 -8460 -2690 -7057 -2541
-12376 2092 -17680 1467 6584 248
-10512 -1708 -15536 1200 3400 90
-12536 408 -16928 -553 3318 105
-9524 -452 -15856 738 3428 456
-10176 -392 -16504 1265 1494 558
-8916 -952 -15052 -170 349 697
-10100 -240 -17076 -1036 1356 377
-7816 -444 -15684 -232 184 618
-9160 -184 -16768 737 -1836 1172
-9600 1528 -14600 1899 -5128 1385
-10980 888 -14224 1652 -4914 606
-11144 -3080 -14548 -1956 -853 753
-10024 -648 -12368 -3496 220 835
-16204 10496 -20868 328 -3751 774
-12004 4364 -15180 1113 -8922 1528
-11548 4624 -13512 -7149 821 5143
-14568 10976 -17468 -62 -3646 1713
-10888 8372 -22924 7861 -20490 -3330
-7172 10900 -8904 11723 -9803 -5833
-15060 8652 -8704 4720 1272 -6449
-15408 1348 -11492 3823 -3233 -1302
-12176 -3452 -11312 -854 4863 4247
-15328 -6056 -8912 -3637 8641 5581
-8240 -8928 -7608 -4376 11057 2794
-3648 -8436 -6144 -9378 18297 1539
5540 -10592 10028 -8141 2210 3307
-17916 -7120 -21656 -13725 6225 -20625
-3540 420 -17424 7818 -6602 5206
-32768 21408 -9924 6842 8350 -1978
-12908 -4672 -14784 1187 -3294 2115
-17596 2368 -9916 -5326 7086 3242
-10812 5816 -15668 1715 2257 -412
-11240 2288 -14256 3273 2356 -492
-10136 -200 -11904 3530 3928 -1531
-10024 -2008 -14660 1105 7034 -1226
-10240 -1976 -16268 -1418 9467 -339
-8796 -1268 -15352 -4710 12310 919
-8092 1256 -19716 -2618 10745 1305
-4552 -288 -21272 3706 5282 771
-5616 208 -18316 -731 -1344 481
-6944 -120 -17888 -1934 -3331 888
-6504 896 -18712 -2232 -5138 791
-6720 660 -19168 -2130 -9814 1862
-9824 7600 -11064 9128 -9407 1695
-13012 14356 -21716 2054 -17167 -7237
-9080 2824 -20752 6034 -6808 6613
-16572 2488 -6132 -1431 -6474 3628
-8484 13692 -13752 7427 -19317 -5397
-10700 5296 -7316 2602 -4616 -5458
-12508 2592 -15472 5021 3375 -3871
-12812 -5640 -15460 -1059 9713 1543
-6616 -10020 -10716 -2318 6065 -184
-6044 -10832 -7716 -1334 20224 3895
1444 -10812 2408 -8110 20091 4024
-32768 -12708 -32768 -8481 -6298 -11644
7228 -8424 -30284 7439 -9872 -132
-8536 -2360 -10552 -3334 -12901 60
-9776 -1524 -13816 -1876 5194 1481
-8916 2380 -14684 -2053 8052 259
-7876 732 -16064 -790 5426 -254
-6940 212 -18256 -2822 7194 374
-6644 472 -18272 1228 3055 1472
-7252 2392 -17384 745 1795 249
-5776 228 -17072 829 -98 143
-5484 -712 -14396 427 -402 1724
-9752 1888 -21832 120 5993 1529
-3064 2332 -17116 2271 3290 1293
-7144 2140 -20504 1978 721 1776
-4232 -1152 -17696 1226 -649 -445
-5856 -52 -19916 -2478 -5480 775
-8260 3084 -19180 -418 -7929 2435
-12200 6680 -14404 5852 -10922 131
-8812 9892 -15136 1226 -14379 3390
-13372 8608 -18520 1618 -10658 4061
-14392 8896 -20796 2936 -23450 394
-14812 11856 -20072 6269 -14499 -3970
-12652 7732 -12416 5148 -3270 -3900
-13580 4984 -13284 4052 3942 -4579
-9728 -2504 -11520 1857 6120 -3617
-9176 -5868 -13076 -2582 13502 -1114
-10048 -9884 -7324 -4249 13361 1182
-5008 -11756 -5028 -7755 4052 1208
-500 -8556 1424 -13101 3265 5840
-32768 -24500 -32768 31354 32767 7665
-1100 -14928 -22136 14820 9633 -15894
-26260 23900 17360 -4195 10344 792
-9288 -4108 -13672 2299 -1570 4137
-17408 2992 -13592 -4545 12849 2259
-6016 1940 -20664 313 10902 -638
-4968 264 -20332 2296 2176 -103
-9112 -352 -17244 -497 75 -735
-7272 668 -17452 -230 7084 101
-7520 1224 -17500 2964 8767 -517
-4488 -1220 -20576 1512 4656 210
-4644 -584 -18804 -3734 3566 393
-3920 1360 -20936 -3001 -307 622
-4704 952 -18872 941 -4065 32
-5136 712 -20452 860 -5370 92
-5484 -176 -22912 729 -6283 1701
-4684 360 -14516 -1675 -10394 1907
-9432 280 -17128 -990 -9379 1369
-10892 3596 -15080 254 -9161 1371
-16428 12568 -15908 5746 -10021 -1468
-9316 14144 -18976 1252 -187 4339
-20408 10196 -24164 1895 -15986 1281
-7756 9236 -17340 13308 -19191 -7034
-7624 6724 -12256 7219 783 -3726
-8976 920 -9008 5420 1081 -1332
-8928 -2120 -9060 841 7017 2423
-7336 -7740 -11472 -4512 10994 4520
-5840 -10544 -2996 -9314 3651 5045
4656 -9184 11496 -18711 -2111 10405
-6468 -10140 -9980 -17020 2549 -9446
-17996 -232 -24712 9849 7561 -9909
-4084 -10652 -18860 -761 -7195 1851
-2480 -3492 -9944 1264 2500 -238
-8816 -2000 -12304 -1175 5565 441
-8252 172 -17948 416 2414 -39
-6560 1340 -12256 108 144 1268
-12404 -120 -15416 -675 5250 -27
-7408 -276 -17360 -1089 8518 -665
-7120 1424 -16560 493 3294 341
-10220 -372 -18832 675 4611 -124
-6976 536 -18312 247 3561 -60
-8468 -204 -16532 -84 4589 42
-5976 -188 -17952 220 4009 138
-4844 788 -18628 719 2445 751
-6160 -1628 -21276 -2016 -73 1040
-7208 4488 -17048 -1983 -2966 1239
-9148 5540 -20520 2018 -8564 3235
-8100 8624 -23172 -5185 -18252 8652
-22920 16052 -18928 925 -19900 3471
-8480 10468 -18448 11762 -23075 -2330
-6984 10624 -9044 7508 -6437 -5989
-12044 6804 -9572 9580 -5680 -6573
-10868 3952 -11324 4363 -308 -4266
-9788 352 -10812 787 6480 -2447
-11648 -2844 -11852 -6570 15315 -598
-5504 -7152 -1540 -12948 7537 -1723
1352 -10568 6088 -18342 -8210 1266
-32768 -7076 -32768 6440 32767 -22520
9136 -23184 -20792 -177 -2149 -15216
16008 -16184 -4952 -4887 -12716 2241
-10596 -152 -16148 -2678 5404 2559
-13120 1752 -12280 -2223 7946 5075
-11240 676 -14304 1738 9545 2947
-7548 -124 -16932 -1855 1937 1120
-9256 2308 -15540 1402 -599 1102
-10512 772 -18792 194 -4248 -28
-10296 1772 -13476 -143 -4376 212
-11628 1164 -15272 634 796 144
-8672 348 -15604 1215 -984 1030
-11484 1880 -14012 534 -2603 878
-10988 520 -14228 294 -2535 407
-9328 1088 -12428 605 -1027 578
-8440 -1532 -13364 -3251 1717 -207
-15272 4232 -17000 2473 288 1998
-15464 12392 -15312 3391 -11727 -2176
-13952 18700 -14628 -873 -5590 588
-14392 10728 -16000 5290 -21304 -2841
-12784 9376 -11700 9275 -12099 -4639
-12760 6572 -10076 13439 -15714 -7663
-9884 3012 -7580 11015 5919 -3602
-12208 -4868 -10492 7999 12600 3448
-10592 -7936 -4248 2924 16726 4869
-5624 -9264 -1856 -5481 16001 6287
-1372 -7500 6436 -18125 -3805 10496
-32768 -32768 -31616 32767 32767 24444
-4832 -19588 -21640 19115 -3985 -7106
-31852 17696 -32768 6262 5011 -2509
-11220 -5828 -13724 3145 10786 -281
-15084 5708 -15800 -1732 11412 -472
-8040 -1548 -19256 853 3839 15
-9080 -1620 -17708 238 851 1499
-10060 -460 -14400 531 -313 1495
-8928 604 -17664 -366 103 125
-8024 -584 -15856 -207 1309 639
-11184 -596 -18248 -500 795 568
-7196 -480 -17724 2003 358 151
-8988 -724 -15096 6 -1567 1271
-12032 -1804 -19500 -1304 -2982 1383
-4556 -524 -14268 160 -3081 2075
-12496 7056 -15728 -495 -5579 2499
-12492 6396 -13652 -710 -6526 5352
-13420 6208 -15968 -6205 -5678 7186
-13732 9860 -16640 -275 -4918 5481
-15132 15400 -11960 12745 -23362 -3242
-7480 9312 -8804 9250 -9352 -8028
-10856 5648 -8888 8076 -2206 -8140
-10512 3888 -8808 4399 4804 -4593
-15240 -1348 -9076 -2800 6677 337
-12952 -10320 -10848 -8333 -4470 871
-10816 -7404 -7864 -7189 7962 2125
-6660 -11336 -5644 -6924 14895 2537
-3892 -9092 -1608 -8946 10723 3698
-32768 3124 -4396 -2718 28569 -12245
-1704 -1984 -17808 17317 -1909 6857
-15812 1076 -5656 13295 -18239 14359
-9628 -9416 -14256 -969 11205 3192
-11344 -2348 -9612 -5206 7559 1141
-10592 1196 -13868 973 -585 -72
-9684 584 -14352 562 -1893 650
-8396 668 -13084 1371 -2285 98
-12520 -580 -15168 701 3744 -203
-10416 -860 -16320 181 6818 523
-10820 -400 -17656 -705 2545 1791
-9452 668 -16996 1726 -4905 1714
-11720 -924 -14264 -649 -7352 185
-9468 368 -13112 -171 -4081 1156
-12844 2192 -14996 1732 -2247 1111
-11896 10956 -8856 6193 2840 -3868
-19012 10260 -20092 2604 -11139 -6365
-10528 6340 -15832 -5843 -10379 -2748
-10348 4312 -14568 7891 -9589 -1718
-12016 2132 -11224 6749 -2523 423
-13784 1476 -9184 9069 -4775 1264
-11336 1516 -13524 5189 2770 2204
-16708 -336 -8792 -1333 11108 2262
-14000 -7344 -12532 -3737 12191 3453
-2648 -9216 -2636 -7463 9732 1289
-3412 -7564 3124 -18050 -1282 1957
-8208 -9880 -11720 -8401 -3468 -20748
-8032 -8472 -18980 4798 9090 -4877
-21884 3660 -11336 -983 -11746 -2443
-11872 -1812 -16228 659 11102 -3000
-9008 -3708 -18956 -2787 12354 481
-6424 -756 -17940 -903 6007 328
-6032 76 -18864 -56 -1749 564
-7980 -1116 -16432 14 -996 441
-9672 -968 -17792 -747 3577 922
-6572 -1332 -16280 1191 103 236
-9800 200 -18872 -517 3167 205
-6020 -1860 -17800 -271 -877 341
-7280 172 -18864 478 -4639 668
-8584 -624 -17184 -12 -5203 907
-7332 -176 -15532 308 -3600 771
-6820 -1320 -15204 -2100 -5050 1642
-14540 4300 -19080 -101 -6517 2131
-10928 11112 -17416 7533 -13016 236
-15288 10308 -19740 -7008 -5700 2443
-15868 6048 -10908 436 -17438 8273
-10732 9084 -13264 15731 -23438 -1081
-9976 5888 -6852 8194 -10556 -5263
-10952 2380 -7940 5901 -7523 -5390
-8184 -6748 -6548 1079 -4153 -76
-7396 -8236 -5488 -1146 17639 3139
-10112 -8216 -5180 -7264 19653 4997
-1948 -10604 -1464 -12226 5352 5590
-32768 -7476 -32768 -26847 -32768 -2117
-6328 -26892 -15928 8907 -4142 -11107
-28904 22976 -19416 1698 6597 -3767
-15252 -4468 -13300 4085 5946 -352
-12020 828 -13324 1198 15553 -446
-8844 -424 -17776 993 9407 -1600
-7364 -4548 -19536 418 4397 -412
-8016 -1192 -17688 -578 374 185
-8580 -76 -16764 103 633 -94
-8180 484 -17576 928 416 -986
-7676 -1468 -18224 882 1687 -148
-7356 -1928 -16856 139 4666 -58
-7400 -1252 -17888 190 2554 -461
-6280 -608 -19376 1022 471 -546
-7272 -1928 -17620 1236 -244 -80
-6864 -1000 -18344 -20 543 436
-7256 -200 -17932 -117 -440 598
-7664 -1256 -17612 1019 -2949 334
-7960 -688 -17592 499 -2157 613
-8280 -920 -16860 409 -874 198
-8100 -1048 -17528 324 -310 358
-7556 -1352 -17588 246 -1253 271
-7516 -1012 -17812 798 -3333 403
-7724 -1896 -17588 385 -1508 787
-9416 -648 -16292 225 -1970 471
-9156 -820 -16652 39 -911 209
-8824 -1056 -16828 244 157 -193
-8636 -1112 -17036 106 518 -1
-8204 -1172 -17768 479 -382 61
-8360 -1164 -16892 764 -1713 377
-9196 -1068 -16656 388 -1531 564
-8900 -1484 -16360 287 -1029 114
-9520 -1168 -16368 37 -145 32
-9344 -792 -16132 80 626 -214
-8556 -1432 -17924 -125 815 -568
-7576 -1600 -16700 824 -888 179
-9172 -804 -16624 593 -1608 603
-9660 -780 -15880 465 -774 598
-9328 -1476 -16036 430 -261 208
-9240 -1376 -16752 256 -178 205
-9172 -1008 -16416 174 -232 258
-9396 -924 -16240 281 -180 218
-9320 -1044 -16260 367 -60 173
-9400 -1336 -16340 360 -275 94
-9452 -800 -16448 273 -49 95
-9544 -1044 -16360 183 -78 99
-9324 -1304 -16476 395 -181 -34
-9444 -1132 -16292 361 -88 139
