13607136 13631490 -1216550352 5 5690116 5915978
0 13631490 -1216550352 5 5690116 5915978
-832 8404 10652 276 -562 -358
-764 8140 10768 408 -401 -816
-848 8024 10956 892 -319 -1045
-584 8268 11004 1101 -369 -688
-500 8000 10460 1121 63 11
-712 7636 10216 1285 80 289
-1336 7612 11744 1713 483 429
-1124 7356 11712 1784 387 395
-1396 6576 11176 1830 33 -138
-1420 6908 11488 2178 269 -483
-1396 6708 11220 2316 -266 -488
-1216 6988 9148 2740 -744 -265
416 8352 7376 2442 -447 989
128 10988 12872 3289 1631 2061
1304 10536 13304 1337 296 3154
320 9516 12592 -24 1526 3743
980 8756 12692 210 1827 3322
728 7144 10484 1615 1300 2595
1220 6408 7024 2751 785 2867
-1720 7660 -1980 -593 -2432 963
-964 13560 4508 -7676 1143 150
-2284 21008 11648 926 -367 2509
-4784 21644 16088 -2501 -4752 -3530
-1008 15580 9376 777 -3338 -5862
-1104 14556 8312 2554 -3340 -5134
-460 9180 5696 -129 -4676 -6225
-236 9180 4004 -526 -3450 -5365
500 9648 7276 315 -582 -3114
-644 9944 6692 -487 -650 -1802
-920 9524 9120 553 1625 -96
-1136 9764 9504 711 849 63
-776 9452 10008 925 914 386
-404 9964 10044 1076 1623 1614
-452 9432 10076 363 1602 2031
-1260 9652 9712 254 1908 3072
-1156 10016 9944 -574 1204 3218
-1136 10284 10000 -391 1175 2950
-1076 9752 10124 -987 548 2395
-1000 8956 10464 -307 556 1895
-300 9040 10268 1 -11 1522
-400 9568 10400 274 -315 1188
-572 9236 9976 362 -855 138
-244 9540 9664 518 -698 -20
-148 9172 9584 1010 -382 -58
64 9688 10024 1251 -46 241
-128 9764 9992 1469 65 615
-488 10148 9712 944 -342 420
-88 9908 9596 1240 -624 431
-348 10064 9288 1338 -842 278
-40 11404 9948 1491 -377 763
284 11136 9608 1053 -1095 596
252 10476 9148 590 -1512 442
340 10952 8956 572 -1069 93
808 10504 8928 396 -751 618
560 10540 9640 230 -677 534
828 11400 9388 618 -413 764
732 10828 9116 401 -482 146
676 10784 8788 235 -216 -65
724 11060 9172 426 260 -192
1084 11124 9080 -98 141 26
836 10916 8944 -76 322 16
648 10320 9004 -60 537 238
496 11020 9264 -4 1065 328
132 11136 8888 -56 836 102
700 10716 9408 -76 1105 436
192 10456 9420 -257 1003 468
124 10432 9144 -393 757 331
40 10296 9136 -240 863 185
-156 10000 9260 104 778 265
-392 10124 9628 43 943 -159
-256 10232 9784 263 1050 -30
-496 10260 9772 104 725 129
-388 9984 9760 169 623 432
-720 9844 9460 154 157 336
-324 9224 9412 695 -129 288
-296 8696 8516 1702 -120 517
216 7256 6804 1872 -737 593
516 4580 4128 1850 -1204 -598
-108 9332 12120 2461 2191 615
3316 13240 21240 -1265 845 2789
1768 13436 25324 1347 2984 2705
4596 10140 19320 1383 1697 3417
884 4104 5872 2903 -1377 -143
-956 580 -3020 -4683 1408 -357
-1376 712 -3840 -2789 660 -1905
-4036 7632 6140 -642 5445 -2268
-5336 18368 20984 15501 3273 -3906
-12248 22072 31068 -2047 -5163 -7165
-4524 14804 23056 -1404 -7577 -8535
1208 3004 2980 -8234 -16434 -6112
1720 2536 -9564 -5084 -6566 -378
1772 2612 -2284 -4726 1320 4639
2312 1804 -2684 -6233 -490 7056
2616 11720 17920 2503 17005 11797
5776 32767 32767 3793 12655 8335
3144 14136 24264 -4860 4938 11407
516 8036 10800 -4996 -438 6707
-836 -312 -4484 -10556 -647 1947
-1900 -64 -5936 -4691 3000 -1210
-1116 700 -3432 -2677 -2325 -3630
412 3288 10536 2118 5107 -1602
-8120 26996 32767 22101 4373 -9709
-10408 20404 30888 -7891 -9849 -8976
-2072 14064 16028 -430 -10854 -11373
2636 3452 -1708 -10270 -17875 -7147
2004 -592 -9636 -4762 -2821 -431
3244 3220 -3692 -1049 304 3844
2392 1808 -1772 -5515 1845 8825
3700 10220 19608 7905 20209 13041
-11352 15708 29112 23163 7799 9860
1556 14784 24312 -2959 5926 13013
196 5636 9836 -5964 -696 8518
-440 316 -6492 -9358 -2608 3847
-1080 -500 -6400 -5199 3127 -1170
-1660 1536 -3064 -1746 -1372 -4807
-2156 -324 8716 -2575 2774 -4518
-8288 28816 30508 27736 -331 -10198
-12636 24728 32767 -10680 -11823 -13703
292 11112 18256 -2880 -11225 -13845
2412 3512 868 -6180 -14234 -9002
2256 -108 -10968 -7727 -6685 -798
2208 3444 -2968 221 2108 3908
2264 1524 -5852 -4423 6 7748
6116 12300 19068 2170 20593 15525
-2604 31536 32767 32767 13158 13117
-316 15396 24168 -5672 3995 13366
-156 7328 10644 -4299 -976 9738
-780 -1308 -4644 -10485 -427 4684
-2312 412 -6388 -6477 1890 -1489
-2088 1544 -3532 -2285 -4671 -8564
-2704 -2272 3736 -6708 -1944 -10034
-6660 20184 32340 26377 -392 -10278
-11948 25320 32767 -7215 -11782 -14276
1236 11100 19952 -3876 -9835 -12508
2480 3248 88 -7552 -13243 -5375
3376 824 -10404 -3412 -3182 4115
2776 3652 -2776 -1694 3030 9192
1348 884 -4248 -3396 2809 12514
4976 10112 24888 5631 23877 19218
-3172 31864 32767 22097 6405 10911
-1148 10888 23624 -836 4273 11021
36 6892 11320 -2148 -586 7271
56 -1440 -6592 -7992 598 4428
-1964 1008 -5324 -3215 1402 -1167
-1236 380 -4236 615 -5018 -7769
-2020 1068 9612 -3291 -2091 -13036
-3932 32628 30592 28103 567 -12381
-7908 27236 32096 -8956 -10887 -15680
1996 8028 9952 -6225 -13900 -12515
4356 1136 -7404 -13655 -11118 -4223
3088 2436 -5260 -497 847 2470
3164 2976 -3892 -3622 1146 8080
1096 -648 -5036 -6578 3079 10842
-4 11388 32767 18080 27438 11577
-1020 22000 32767 397 1544 14432
-1576 12316 21332 849 5501 12147
-2152 5044 5452 -4507 -3435 5188
-1104 -2328 -8716 -9047 -1511 -188
-1052 1880 -4092 -72 -653 -3451
4 1184 -2316 -2853 -3493 -6043
-4032 4712 19884 1744 10907 -4378
-1860 32767 32767 14944 -104 -15166
-4480 19628 29324 -10220 -11621 -13553
1180 6180 8980 -3326 -15149 -12884
2884 552 -7060 -8497 -12538 -4614
1872 3640 -6540 -452 -247 1487
2768 3400 -2524 -2000 471 6346
1208 -252 -4808 -6890 2493 12175
-992 19804 32767 21660 24745 13477
956 23460 31912 -7251 4020 18539
1276 8228 14528 -945 5080 16818
-5560 5012 3344 -4418 184 5319
-4964 -996 -5024 -6504 690 -5901
924 1152 -4136 -3396 -1615 -7425
744 -448 -3812 -3452 -4175 -8309
-8076 10112 27536 2329 12354 -4736
-8404 17508 27184 21411 -4109 -8356
-3120 15700 25468 -8059 -11082 -13721
-476 5160 7980 -4149 -13927 -11059
3996 456 -5456 -8331 -12438 -2961
3004 2232 -6468 -1130 -1085 4032
1096 1884 -2792 -1971 1927 8557
6288 3736 6456 -294 9304 13435
-348 25684 32767 20531 9522 11213
288 20348 32380 -5299 5867 18322
-2308 8784 16548 -2319 4589 14290
-3336 1504 748 -4987 -2351 6029
-1432 -1520 -7468 -8062 4013 961
-1724 3040 -1052 -770 -4090 -5573
2316 -372 -4028 -5915 -4994 -7445
-7536 3416 29648 3871 11041 -5863
-3820 16360 15348 22788 1682 -11504
-5780 13224 24396 -5542 -11560 -13591
1092 5576 7296 -2572 -13835 -12903
3204 124 -6784 -7121 -12475 -4947
2220 2160 -6364 -2024 -1638 1853
2788 3180 -3348 -1703 503 6591
4228 896 4224 -2864 7865 12520
-4348 27252 32767 23276 7860 9496
-2460 17812 28560 -2328 3204 14478
-1124 10276 18944 472 4344 11003
-1744 2108 2108 -5373 -6001 3465
-1536 -1772 -8176 -10252 -532 -1342
-1952 2752 -3112 -1417 -2251 -6744
452 -596 -1752 -3714 -5125 -9002
-5872 13280 27860 15700 5563 -9242
-11124 6520 18384 32767 -824 -14130
-3216 13640 22616 -8194 -11315 -14576
-372 4536 4548 -1379 -16315 -11302
876 272 -6468 -3548 -10858 -4304
4232 3556 -6088 9 -3848 796
888 1408 -1100 -4459 -1413 5301
5708 14184 25780 3418 19054 10256
1932 23700 22700 20503 4517 -2808
-3244 11912 22252 -6234 130 4777
-6016 4876 11744 -1753 -3146 -321
-1840 -516 20 -1728 -10299 -5621
-440 -188 -9536 -5478 -6977 -8418
1304 2804 -2996 -1781 -5329 -8576
-1616 368 3236 -4992 -7409 -13274
-13064 12188 30632 13289 2570 -19298
-19360 32767 32767 8834 -11812 -19296
-6884 13932 20124 -3496 -17593 -19716
-324 4600 4156 -5277 -22466 -18864
2656 636 -7500 -4415 -11725 -13700
1788 4552 -2936 -755 -3106 -8048
3512 3300 -672 -4421 -1491 -1974
2052 16368 22660 9504 16435 784
1600 24504 32728 -2277 1542 5742
-1088 11636 22576 -115 4598 8366
-2580 9564 13404 -1579 1803 4663
-988 -312 -3420 -6679 -1474 -2051
-4 584 -6304 -6632 2736 -6098
-1872 396 -2152 905 -2822 -9617
-5756 6100 9408 -1765 -1536 -11316
-8348 25072 31888 16978 -4089 -13181
-8540 21028 28304 -15440 -14211 -14979
144 8784 13644 -5104 -11981 -12983
768 2516 -1424 -13427 -14892 -6675
3144 1372 -8964 -2415 -3616 1003
2980 3648 -2224 -2006 1399 5515
516 -420 -3392 -5129 2204 11177
-1700 11940 31480 17367 20689 13939
-1552 19392 32767 -6014 3235 17714
-3128 9396 19332 -2358 6162 15275
-700 3856 6248 -2922 -607 8814
732 212 -7580 -6076 -434 2318
-2832 2152 -3316 314 1117 -3007
-800 184 -2040 -3409 -2332 -6102
-4672 8640 25684 3371 11542 -6490
-10256 32767 32767 29938 -120 -17661
520 12448 23328 -6319 -10088 -17599
3000 2836 4624 -8034 -15142 -13048
3072 208 -9264 -5308 -6765 -4177
2816 4588 -2880 3048 1157 3081
2280 1456 -2576 -5818 693 8260
9884 3968 17220 2722 18005 18105
-3516 28024 32076 27203 12358 15463
-308 11524 24976 168 7169 15805
52 6612 12684 -1798 1531 12181
-820 -320 -5008 -8119 -2544 5930
-1856 164 -6696 -2580 3142 -1
-1936 2876 -2136 -1149 -1895 -6523
5744 2640 13008 -415 6160 -7750
-16608 28404 32767 17253 -3026 -15123
-5596 20044 30728 -7513 -10579 -17890
1792 7692 12292 -4207 -12396 -15394
3232 1316 -4112 -8074 -12696 -6960
3728 2016 -7776 -1654 -2580 848
2252 5168 -2460 -2899 1616 7392
2440 136 -1368 -8644 2464 12364
-1872 16268 32767 11624 23043 15761
-2076 18944 32767 -324 3828 18721
-1984 10896 22048 -556 5540 16128
-2136 3868 5632 -6236 -2142 10521
-684 -2564 -8308 -8762 -427 5335
-1628 1620 -2000 515 -376 -1326
-472 776 -1408 -1916 -3773 -6633
-3124 13224 24652 7425 6870 -6657
-7384 20412 32767 16874 -2998 -16821
-3024 13488 24212 -9965 -12179 -19075
2064 3004 6264 -3516 -15011 -15313
3760 1472 -7076 -8626 -8999 -5934
3944 3912 -5088 2581 554 2299
3320 2404 -3140 -2992 2205 9062
1504 7268 16120 6824 19279 12916
3804 23564 30316 29850 15154 14011
-684 12048 23800 -4691 6551 16005
-1508 7348 10692 -4582 1272 9805
-592 -2564 -6160 -9522 -1126 4460
-3876 132 -4592 -3092 1695 -2198
-692 1216 -2628 -596 -4232 -7183
-2836 6288 17280 3419 5623 -6187
2936 32767 32767 20583 8119 -15350
-5752 20164 31084 -9225 -11005 -15958
1196 7860 13520 -3703 -10599 -12179
2880 -380 -5196 -10986 -14642 -4993
2832 1508 -9016 1180 255 1802
4268 5020 -1532 -707 2284 7349
3160 1900 2100 -5850 4585 13701
-2508 18028 30364 17717 14165 14304
-2200 23316 32767 -5252 3747 15877
-804 11380 22496 -2359 5905 12636
-592 2228 7168 -7065 -3588 6647
-600 -1412 -8648 -8236 -183 3420
-1988 2880 -3588 -1548 852 -3834
528 2292 -1784 -4593 -3447 -7879
-4436 5924 14768 -162 7507 -6567
-10092 23616 32767 17078 -1584 -13191
-11956 20504 32767 -6204 -9805 -16023
-132 10600 18452 -1611 -9560 -16680
2812 2160 596 -4887 -15588 -12299
3992 532 -10980 -5659 -5901 -2715
3112 5800 -1912 652 2583 3231
556 1504 -4536 -5698 -221 8038
4792 4188 10948 5053 14093 12627
916 25836 32767 23005 9683 11240
-964 14852 32300 -5720 5177 18441
-3136 11024 21760 -963 4502 13582
-3704 1252 2068 -3558 -6486 4729
-1020 -1944 -8920 -6863 -1914 388
776 2676 -3312 -446 377 -3684
-592 580 -1920 -3796 -4598 -7030
-5452 7640 16572 3933 12070 -7506
-6768 28792 32767 16501 8580 -15533
-8896 19768 32767 -4230 -12079 -18087
1676 10044 14016 -2243 -11702 -15660
2568 1648 -3816 -7569 -14782 -8909
2072 1112 -8036 -2012 -1117 548
3624 5844 -1744 -2656 438 6498
864 -1120 -2928 -6905 1334 8888
2436 8692 27436 9829 22878 12983
-8232 28336 32767 3787 4836 13312
-284 13776 24628 -1298 7346 17138
-2096 7484 12444 -6816 -334 11685
-476 -2440 -4740 -5399 -5542 2685
-1484 -588 -6996 -2505 3509 -551
-824 2360 -2624 -695 -1686 -4211
-1768 4156 10136 -792 5700 -3313
-8628 14472 28252 12292 -1316 -8301
-10536 23904 32767 2790 -5429 -13923
-764 11740 19712 -3714 -10345 -14697
1556 4960 4016 -4967 -13126 -11048
2132 -380 -8564 -7225 -7479 -2385
3232 2236 -5020 2599 722 3590
2852 580 -3832 -4079 -351 6375
3028 12084 13444 3792 17061 11471
2624 16516 22308 32767 18908 11158
-728 14640 25092 -5205 6354 16593
-1180 9240 16736 -4912 3072 14199
-808 -1136 76 -4991 -5661 6231
-604 -1052 -8896 -9226 1636 2009
-880 844 -3176 -167 1225 -3422
-1012 1576 4032 -3404 2676 -7029
-8840 11984 29984 10161 7116 -9691
-9124 31032 32767 19125 -2947 -12461
-2536 12992 22968 -1627 -9011 -12073
-476 4696 6668 -4779 -13756 -7329
4868 -92 -9916 -6389 -12152 -317
3664 4240 -3628 2145 1249 6510
1732 1208 -3020 -3193 -74 8824
7636 6416 15324 1974 17864 16518
10708 19208 9564 32767 16049 9906
-544 13456 25748 -2932 4351 11334
632 9064 19676 -3144 1817 8017
-116 564 152 -9241 -5303 2121
-1436 -2844 -9356 -7468 1219 -3238
-1252 2548 -2876 751 -769 -10060
-1424 948 16 -3392 -3302 -13070
-1640 11056 28716 14382 6532 -10654
-7912 -3704 13252 32767 1145 -14951
-1408 10632 21076 -5481 -8210 -14492
1072 5552 7740 -350 -8830 -11109
1520 2560 -5988 -9302 -9034 -3235
3096 2284 -5336 -1068 -293 4334
3300 2016 -3692 -1651 617 7740
4096 4804 14160 -1119 13189 14968
3116 29260 32767 19727 12550 13846
-636 14376 29140 -1377 6806 17039
-412 12572 20196 -1326 5118 12824
-2008 340 1824 -7872 -6712 6107
-148 -2456 -10792 -6185 -2413 1489
-1756 2364 -2404 1469 -675 -4257
-552 1236 280 -6590 -3874 -6690
1932 7932 20556 3682 9656 -5819
-11228 26252 32767 20531 1456 -16351
-4108 14548 27764 -7968 -9829 -18585
2396 6992 10220 -3577 -8297 -14055
2840 -104 -6896 -11673 -11745 -5775
1352 -720 -6476 1733 672 1343
1300 5424 -2056 167 1480 5223
6004 7840 8712 3730 8335 13138
-228 21304 32767 17202 11742 11163
664 21176 32767 -10056 2552 16873
356 10672 21004 -911 3815 13527
-660 4264 5172 -8916 -4689 8023
-1092 -2172 -10040 -8251 -1969 3092
-1512 1916 -3096 -1327 2321 -2500
-1644 2896 -1664 -3998 -2210 -7997
-7836 4564 22720 3224 10082 -7368
-28440 12020 32767 15041 -8104 -12733
-7456 18536 32767 -5467 -8354 -16039
-60 6260 18212 -2732 -7931 -14226
992 1540 468 -9055 -12860 -9680
2740 80 -10260 -5289 -4523 -1496
2416 4492 -3120 3664 1108 4138
1504 3908 -3452 -2398 550 7982
3724 8052 19320 12107 17799 13485
4528 32767 32767 20787 14722 16019
-132 12712 24920 761 8211 16347
-908 9268 16060 -2414 4483 12924
-1096 552 -3056 -11447 -2482 6053
-1464 -2148 -8936 -6184 4477 3030
-1412 4412 -2948 -679 -2523 -3584
172 836 704 -7526 -3767 -5529
-60 8172 28496 9786 16378 -5740
-5920 3944 18972 32767 -1015 -14326
-1964 13168 26600 -5396 -9367 -16287
1628 7432 10856 -1870 -10776 -12912
3856 1172 -5564 -7752 -12357 -5646
1620 -40 -8712 -1551 -2034 1350
2460 3484 -2492 -470 1061 5695
4056 5996 8660 -584 8041 9628
3744 22292 32767 12686 12774 12068
-924 20532 31932 -6296 4822 17428
-1240 11152 22548 652 6833 15475
-696 4008 6420 -6254 -3891 10971
-1124 -3836 -7552 -8255 -2829 7317
-1908 1308 -4296 867 1543 -209
-668 1960 -2200 -1795 -2683 -4851
-388 -868 4344 -6297 1076 -8707
-5452 26144 32767 16178 -1305 -8787
-11288 19840 32767 -536 -9658 -18838
0 9452 20824 -5622 -10007 -17319
2000 2364 3720 -5055 -13651 -12861
2388 540 -10060 -5494 -6669 -4593
2156 4084 -2012 1109 447 1686
2040 1116 -4152 -4447 -975 5900
6976 2392 9092 4721 10521 12383
-2380 15416 29924 21352 5598 11579
288 14484 30404 -2423 4248 17619
-1148 9788 20560 -162 5057 15136
-772 1344 5284 -4736 -4574 8996
-176 -2304 -8372 -6227 -1516 4827
-2056 1956 -3540 2075 408 -1994
-368 848 -2224 -2440 -2134 -6122
-7844 3992 20848 7257 12126 -7358
-7092 32767 32520 16812 2631 -15472
-7004 19468 28920 -6359 -11251 -17968
-48 7568 11828 -3179 -11105 -15282
1372 1064 -3352 -5363 -13489 -8425
2120 1880 -7952 -3269 -4852 -1483
4232 3656 -2876 600 1386 5018
1772 -460 -3844 -8850 133 9186
3348 10764 28664 14908 25883 14700
-776 27344 32767 -5050 -71 15427
-984 11296 25716 2833 6142 13671
-60 5072 12348 -2550 -2741 9313
-1636 -3420 -7464 -5618 -1015 3925
232 1688 -3312 18 1659 704
1548 1108 -2900 -1039 -2156 -3865
-1036 -1172 4764 -3601 4342 -6403
-8832 29904 32767 19647 49 -16493
-456 -3572 2408 32767 2412 -19748
1008 10060 19200 -4288 -8829 -16413
1236 4904 4164 -5721 -11812 -11562
2888 484 -6984 -7198 -5758 -2178
1880 3660 -3928 -32 1303 3332
-20 244 -2856 -2454 -32 7036
8440 5560 9868 -2349 10674 13354
-4152 21716 29124 16020 10191 6171
1932 17260 28516 865 6501 18027
-1084 11144 21656 -1167 3119 15581
-156 4260 6748 -3684 -5056 9234
576 12 -6992 -7784 -3798 5393
-940 -980 -3936 -1633 3531 604
-1428 532 -2740 -2547 -2437 -5042
-3940 76 11540 2558 6727 -5693
-7092 22096 32767 19983 5685 -10059
-9820 17888 32767 -6122 -10730 -16508
-780 12840 20136 -2656 -9604 -14265
-1172 2648 2644 -6471 -13490 -9967
3180 -84 -11044 -3935 -9354 -4482
4688 5720 -2480 3371 2465 1725
1224 1872 -4096 -5089 -2028 7207
7372 5236 8836 1217 13058 14475
-2984 20776 24032 30925 10996 6580
1036 16544 26856 -2899 5119 17006
-2084 15348 22432 -1601 3884 12555
-632 3576 5840 -8915 -3737 8316
36 -948 -9428 -9679 -3105 4991
-1856 652 -3484 -1593 3173 -1102
-1184 1600 -3124 -2521 -1112 -6582
-6080 3488 15500 4776 9872 -6400
-13264 26056 32767 18050 -2231 -17379
-8052 19980 32767 -6225 -9649 -15743
-1840 10992 16972 -910 -9056 -13100
1284 3548 -64 -10342 -16496 -10352
3444 500 -10612 -5122 -8310 -1362
2820 3404 -2744 105 1002 4033
2256 1644 -3656 -5152 -887 6935
3944 14472 23340 8165 19340 13328
2168 32767 32767 7505 9299 13714
-664 11348 25440 2242 7730 15044
188 8580 15128 -1948 1953 11373
584 332 -1840 -9092 -6349 5916
-1168 864 -8720 -5902 2782 2170
-1652 2268 -1200 -1877 -104 -3943
312 -320 740 -6185 -2836 -7106
-3496 12796 32767 19478 8941 -7445
-5212 -948 10124 32767 571 -16725
1332 10936 23336 -5233 -9504 -16359
1736 5824 6700 -3385 -12304 -12859
2764 1324 -8852 -8752 -11435 -5317
2880 2148 -5204 1398 378 2196
2452 3460 -2452 -2521 185 7040
6152 4176 9240 -1547 11479 18127
-712 22268 28420 27114 7667 12068
2932 15844 28944 -2449 8916 21320
-2540 9240 21476 -138 6472 16250
-1864 1996 2088 -5626 -3975 8695
320 -1272 -9228 -5558 1114 3832
-704 3752 -2092 -1321 2242 -2231
-672 -720 -1336 -6083 -2054 -7832
-8672 5812 23556 8290 13256 -7675
-7736 29176 32767 12571 -5077 -17331
-3572 15276 28684 -7509 -12179 -19717
2080 5872 10820 -2542 -13323 -17460
4192 1352 -6232 -7274 -11274 -9401
1672 1764 -6784 -556 -2940 -643
2200 4912 -796 -441 254 4761
2844 604 -992 -5046 2558 13081
-6592 19064 32268 10591 13996 13385
1520 21036 32767 166 3540 16421
-3696 11372 22032 201 3808 13029
-1480 5560 9376 -2909 -4632 7398
-372 -832 -5364 -8125 -7210 2320
-848 -976 -4916 -2320 -1228 -3176
-1548 1240 -3152 -2599 -4427 -9150
-2176 852 7688 1397 1291 -11819
-14620 24488 32767 15861 -3564 -16854
-9584 20492 31624 -2293 -14154 -20908
-6380 13084 18892 729 -13165 -18927
-1268 6060 5284 -4597 -20643 -19369
3040 696 -7780 -11773 -17042 -14001
3888 2972 -5420 1202 -4160 -4527
2548 2940 -1568 -4133 -5018 1452
6596 10456 19900 1796 13469 5539
-4876 904 21676 32767 6046 -755
-136 12640 27160 -2501 3120 6958
-1928 10892 19736 65 5004 10663
-4412 1520 3344 -7367 -7013 -77
496 64 -5556 -6670 -659 -4801
-948 1292 -4100 -1247 -3557 -10050
-1492 -544 -2108 -2124 -5534 -17008
-1232 12880 25576 19810 5876 -18060
-7616 32767 32767 28150 -6810 -20225
-3332 13352 22064 -2327 -13901 -23119
2532 6964 5444 -3440 -15404 -15718
3128 2668 -7684 -8745 -11352 -8566
3852 5068 -3476 -1519 -960 -2559
3136 1104 -3348 -6475 -806 2121
2128 7268 9512 -1487 12209 6143
4496 21524 24332 24839 11189 7023
3216 16016 27224 -5485 4832 12898
-776 12028 21376 -224 7334 11222
-736 4680 5224 -8205 -1527 5798
-188 -804 -8580 -8415 -1025 1101
-1556 2416 -2100 -373 3296 -1752
-1764 2336 -1872 -2801 -2767 -8875
-4916 5824 19996 6001 8207 -9249
-9744 29484 32767 14736 -3466 -16495
-2808 16104 28572 -5716 -12075 -15644
1628 9944 11692 -4103 -11688 -14225
2064 3208 -5416 -11536 -12692 -6972
1628 1160 -6192 -2618 -868 347
4360 4204 -2740 -226 731 6093
3776 1796 -328 -6178 3095 13882
-3588 16408 28616 15466 12996 14142
1788 21432 32767 -6847 3004 16739
-1456 8028 24388 -2750 7303 16054
-2604 2136 9264 -4904 -459 11663
-468 -440 -4032 -5648 -1699 6107
1576 256 -5656 -2637 1841 490
-916 872 -2236 388 -1960 -5630
-2620 -3200 12588 -286 2139 -9881
-3968 21288 32767 22731 -1847 -14660
-6144 19420 31480 -3873 -10853 -22072
2872 12136 16060 -4644 -9840 -17905
2292 2176 -1228 -13120 -14267 -12889
2536 -660 -10480 -5848 -1269 -5294
2848 5816 -1260 2841 1477 2242
884 1612 -1808 -6051 1905 7882
-120 7508 21636 11936 18878 12076
9504 24880 32767 26128 12785 16836
-664 10696 25600 -2838 7096 20025
-2616 7040 14668 -2944 1905 14498
196 -808 -5692 -9188 -4697 8702
188 -152 -8920 -1896 5483 3684
-1100 3264 -1504 -150 772 -2753
-1328 -156 412 -4073 1365 -5677
-4872 16676 32200 14505 6544 -6240
-7632 -6740 10160 32767 -693 -14442
1060 10944 18624 -4323 -13171 -17121
3540 4904 216 -3543 -16477 -13513
4416 1196 -8012 -6272 -7009 -1370
2948 5412 -3656 -1633 945 5891
3764 1300 -3940 -4729 2270 11111
4680 920 5056 -1825 10012 16164
-3536 23052 32767 24354 10148 7818
1416 14856 32480 -1600 7807 16409
-1916 11792 22552 850 6753 12948
-908 3280 4788 -7171 -5245 6048
-424 -2632 -8628 -7583 -686 3324
-1488 1444 -3632 2480 1218 -3004
-576 2132 -2308 -1130 -2455 -7647
-4284 1356 15488 4534 4191 -7379
-11024 25772 32767 17861 -3229 -15450
-10052 32767 32767 -7796 -13463 -20294
1396 12252 18736 -5535 -11772 -15954
1008 2688 1160 -14954 -17643 -10797
4404 -1232 -12384 -3828 -7514 -1559
3484 5164 -1792 1738 2964 5906
1220 1212 -3104 -4879 155 9185
6300 6192 14820 2757 17638 15763
-17112 5732 32767 18989 3294 12245
-96 14500 32767 -2849 4203 16618
-1872 7684 20140 -296 5198 14042
-1336 1596 1092 -6864 -3965 7502
392 -1364 -8392 -5011 -632 1800
-796 3188 -2284 1487 1316 -4355
-1188 -164 -2400 -4147 -1670 -9448
-4628 10736 16244 7506 10357 -8173
-472 32767 31492 12197 174 -17673
-6944 24944 32432 -11502 -17321 -19090
2524 10024 14860 -5176 -13295 -18365
3660 2732 -3400 -16222 -15732 -11102
2356 -1196 -9860 -1851 -1293 -1546
3368 4888 -2316 3007 2434 5243
1820 1232 -3332 -6696 2075 10247
292 11052 22584 12392 24543 15861
6872 2100 1988 32767 18386 18024
-1124 12104 24516 -4101 7622 17371
-860 6236 13632 -2830 1003 12799
-112 -72 -4472 -9484 -4028 7657
-700 -1020 -7488 -2781 1184 3602
-1512 3728 -1524 -1593 -822 -3392
-336 12 -2340 -5769 -2445 -7807
-1828 11180 29420 17378 11362 -6774
-8196 25972 32767 15843 -9148 -16297
736 12520 22416 -2985 -13587 -16847
2224 6316 6152 -9720 -19099 -13380
4668 912 -7628 -9804 -9796 -4061
1884 3176 -5192 173 700 2146
2860 2944 -2536 -2587 373 7905
2372 -1012 420 -3586 5303 13601
-7236 23252 32767 25486 19907 10417
-2964 23124 30316 -6207 1987 13057
-4116 10256 17928 -3397 1747 8271
-2484 1164 3032 -7953 -11786 1340
68 -1096 -7180 -8972 -5538 -1576
-1600 2256 -3732 -999 -2662 -8750
1112 -96 -4444 -3273 -2955 -11901
-18632 9612 28840 14652 3849 -18031
-19728 29996 32767 26504 -8672 -25429
-12140 18896 32540 -201 -15213 -23557
-8096 14276 21212 -29 -14112 -22877
1112 4064 2580 -13752 -29686 -19621
5308 -1904 -11128 -3970 -11142 -11288
2828 4968 -2968 2195 -2389 -2722
2208 748 -956 -2209 -3574 1382
5992 7488 14820 6500 13251 6232
656 23180 32767 10457 -553 2410
-1844 17736 26412 -1820 3461 6468
-536 10172 19576 -163 3040 5919
-1768 2960 3016 -6500 -6080 -1067
-232 -144 -7296 -8729 629 -3647
-2056 1780 -2424 -89 -668 -9282
-1128 -376 -1128 -4373 -5305 -13286
584 12164 20124 8869 5750 -14352
-17656 28776 32767 18877 -5985 -19099
-3364 13932 25148 -796 -11107 -18175
-276 9400 12628 -273 -11678 -16326
3436 2196 -5072 -8363 -15122 -8079
1912 2736 -6724 -1080 -1742 -857
3920 2880 -1988 -1454 385 5710
5036 3496 1720 -7094 1486 10386
-1780 16028 25200 19517 17346 10151
6168 18340 28312 -4260 1762 14932
1384 13968 24764 4288 7923 14895
-204 6224 12384 -3190 733 10282
768 -868 -7388 -8146 -2601 5373
676 740 -5872 498 4652 627
-124 2792 -2852 -1409 1086 -5639
-1912 84 6312 -4582 7993 -7704
-9376 19508 32767 21057 4797 -11700
-10152 32767 32767 9314 -10275 -16638
1244 12280 17876 -2965 -13336 -15436
1664 5196 2324 -9996 -21084 -10577
3432 508 -6924 -5700 -5698 -1156
4036 4444 -4020 -634 1074 5100
2264 2100 -3424 -5363 2279 7019
7024 4568 13856 2740 17580 14804
11720 32767 32767 21594 18677 11979
-452 13808 26780 1974 7437 16293
828 10136 17000 -1980 3419 12227
-352 724 -2556 -9272 -5217 5447
-748 -664 -8808 -7965 3853 3942
-1712 2788 -2040 2014 -927 -4468
-1980 1036 1660 -6030 -433 -8232
-4628 11668 28864 15985 5631 -9665
-3668 -2916 5940 32767 -523 -19158
-408 13188 21380 -6659 -13902 -20182
3220 4968 2764 -9708 -18538 -15991
3120 -440 -12348 -9843 -8156 -3656
3432 6304 -2668 3921 2607 5210
2416 2500 -3608 -6002 -829 8128
7916 -1280 7124 3204 10088 15174
-904 30016 32767 18626 6470 16116
-164 15004 32196 -123 6446 18536
576 7740 18116 -2415 3595 15401
-2368 -196 -2200 -9791 -2973 9112
-1196 -2164 -9204 -2389 2503 3240
-460 3644 -1036 1178 1182 -3298
140 972 1912 -4321 1346 -7514
-3324 16148 32767 22645 3418 -10186
-10956 31340 32767 22126 -5671 -17909
1656 12992 19868 -3740 -11735 -18054
2836 4224 2468 -4552 -15193 -14769
3452 184 -9616 -8810 -7635 -4749
3296 5232 -2900 396 795 2122
2912 2476 -3380 -5911 310 7496
6108 4052 10440 4839 13317 15930
3016 32767 32767 24984 9520 8712
-576 14416 29580 -2657 7666 17332
-1000 9416 17572 -4238 3372 13532
-1564 -784 -1532 -10574 -4958 8107
796 -2404 -7816 -5428 -1129 4922
-1296 2492 -1652 1232 -408 -2717
-156 988 1036 -6282 -2771 -8434
-5172 13184 32767 22657 13489 -9534
-8664 31216 32767 19384 -9353 -17178
1736 11952 17576 -6260 -11985 -20391
4360 5672 632 -988 -14962 -14170
3236 2516 -6748 -7027 -5484 -2834
4352 5412 -3116 -2539 77 4908
1864 208 -4948 -5657 354 7476
4664 1680 7256 1200 10333 13629
4908 23136 32767 25356 10850 15693
316 14652 32767 -4226 4572 17223
-1460 11408 20736 -557 4936 14184
-1048 -964 2492 -6093 -6521 5768
1284 -1632 -11084 -6810 1731 2952
-996 2612 -2760 4238 -1037 -3409
-1356 -360 -3208 -2028 -1288 -8618
392 18904 25876 7955 16965 -8267
-4212 28496 32767 13856 -1723 -15614
-4340 16340 25316 -10794 -13641 -18247
1072 7028 7588 -5962 -12317 -15425
5080 -624 -9204 -10481 -11609 -4549
2552 3320 -6784 -460 -725 3800
2156 3684 -1260 -3543 773 8293
2060 -736 -2080 -5831 1691 12170
-1820 17416 32767 19560 15412 13539
796 19264 32616 -4284 2207 15810
72 11980 23180 -2258 3499 12124
24 2112 4716 -10310 -4655 7534
-1172 -2540 -9116 -9860 793 4830
36 1484 -3704 2204 456 -1708
-1480 2348 -1864 851 -1089 -8204
-4160 17008 21072 4640 9384 -8356
-31180 17384 32767 21080 -11364 -19858
-2964 14396 27448 -9910 -12852 -19261
4448 6356 5568 -4640 -13886 -15300
4032 364 -8640 -7663 -7244 -4545
764 2776 -5316 -639 1457 1815
3756 4196 -2520 -1001 1665 6277
2160 1872 -3148 -6180 3321 12682
-4252 13972 29688 17381 16207 15251
2920 24116 32767 -2422 4728 20141
-1716 13316 24212 -1189 6953 18264
-1528 3932 8640 -4780 -2007 11742
436 32 -8784 -8250 -5430 6228
-44 1704 -3596 135 4360 804
-1516 1408 -2176 -3288 -478 -6989
-1876 -1780 4312 -3615 3321 -8963
-9928 23636 32767 20780 1500 -13297
-11128 24028 32767 -8207 -12736 -19685
-1616 12808 18760 -5280 -14430 -18356
3268 4104 -64 -13889 -22293 -13138
4428 -628 -12512 -11231 -8585 -1686
2616 3976 -2024 806 941 3966
3252 2148 -5964 -5344 -536 7873
9672 -2732 12144 15342 16702 13304
3200 14476 31392 31252 8212 12925
840 15108 29444 2508 10329 17395
-620 10852 17628 -928 3993 12042
-276 300 584 -9352 -4179 5485
344 -1524 -9216 -9112 839 939
-1436 2156 -2548 1253 2891 -7501
-1028 376 -3740 3201 1453 -8881
-4352 10240 18404 6813 4492 -6100
-13312 30120 32767 15178 -647 -13494
-6576 27696 32520 -13514 -10091 -13589
1468 8912 10956 -5056 -12325 -10887
3804 1876 -4388 -12514 -16420 -5585
1864 1060 -7736 76 -772 4249
3736 5372 -2268 714 2923 8532
2224 724 -2852 -7547 1594 12229
2224 10988 27220 12292 22580 15762
4932 25636 32767 -3215 -817 18408
-1492 11632 23396 3619 4270 15346
824 6968 11160 -2012 -757 9594
260 -1380 -6424 -10266 -3492 3579
-3136 580 -8332 -1795 1912 -3922
1480 3988 -1552 -18 -1239 -6933
-3908 812 5808 -2572 4150 -6781
-9000 16760 32767 16767 2438 -9722
-9756 32767 32767 22233 -9568 -17938
2148 12276 20140 -5553 -10853 -16993
2688 2388 208 -11500 -18289 -12855
2192 -1168 -10352 -6425 -4109 -2533
2496 5948 -1540 1467 2956 3172
2668 2148 -4328 -6835 -431 7241
4028 7560 20008 6508 18981 14939
-15928 18528 32767 29523 15419 15756
-1520 12852 26456 -2000 7219 20416
-2948 8476 15348 -1724 2665 13770
252 116 -5324 -9590 -4663 7429
-164 -2324 -8612 -3881 3501 3093
-692 3500 -1928 1300 -1474 -3501
-1012 -244 2256 -6150 -2529 -7246
-6892 13956 27756 13870 5132 -9067
-12284 8508 32767 18502 -2638 -17945
-1432 12188 23632 -6360 -12909 -17277
1044 4608 7084 -4594 -13968 -15578
2708 -996 -8196 -10010 -13549 -6560
2136 2048 -4728 2036 1292 1355
2096 3296 -2008 -939 -323 5468
5476 3776 5924 -1989 8526 12807
-248 21356 32767 14390 13084 12179
1016 20596 32767 -3668 4057 19027
-1976 9904 21828 2748 4593 15065
-232 3084 5128 -4521 -6111 7177
-664 -1040 -9448 -9042 -2301 3411
-152 2460 -3144 1826 1733 -1243
756 176 -1700 -3709 -493 -4534
-1664 4780 10320 3086 6177 -4053
-8256 25064 32767 14762 2433 -17891
-10876 32767 32767 -4850 -11004 -20406
1356 10900 17548 -4568 -13266 -18245
3552 984 -1996 -9849 -18349 -12907
3616 436 -9888 -5369 -1149 -3184
3892 7236 -624 950 1889 5398
120 1788 -3500 -5977 -1092 8760
-1476 8564 17012 7232 17726 12454
10644 32767 32767 15976 10932 18176
-272 12464 26064 1376 7028 17880
-144 9952 16440 -257 2919 14083
-256 1104 -2708 -7565 -7309 7852
-496 -2440 -10548 -6152 3116 4111
-1724 3476 -1004 1116 1554 -3230
80 208 -2272 -6703 -1062 -6539
-484 12768 20704 8342 10425 -6410
-17852 18176 32767 15317 -4189 -14758
-4668 15772 28496 -4339 -10467 -17220
472 9664 15140 -2149 -9937 -15498
2624 1416 -3224 -12632 -15108 -9704
3900 -688 -10604 -2808 -1959 -333
3672 5148 -2680 893 1678 6878
724 1416 -5280 -3658 -139 10344
7900 6916 15840 2993 14975 17096
6496 18616 23900 32767 8663 10418
3552 14596 28764 190 6075 17791
180 11776 23256 -241 4773 14529
-220 3392 4912 -7645 -4090 8425
-184 -1076 -9252 -9882 -1455 3876
-1124 544 -4144 1370 2446 -1792
-620 1416 -3688 -2293 -942 -5122
-5352 1068 14652 3584 10207 -6756
-13344 25828 32767 16786 2019 -14346
-9348 23952 32767 -7796 -10317 -20394
740 10628 18096 -2989 -10560 -17574
3168 2824 328 -6644 -14055 -12982
2500 -556 -9004 -6239 -5481 -4020
3340 5368 -2948 313 -289 3616
2044 2952 -3840 -6437 -2176 6831
3784 4480 10356 4199 9164 13329
0 15668 28772 32767 7189 6915
304 14392 30084 -1119 4353 15528
556 12668 23952 956 5556 13267
740 3784 5160 -11129 -5812 8123
-152 -1904 -9016 -10082 -2664 4238
-936 1184 -3308 479 3948 -332
-1052 532 -2536 -1461 -1925 -8437
-776 -644 -412 -5449 1278 -8933
-15224 16896 32767 24111 11903 -6922
-20280 14460 32767 32767 -2993 -12591
-2044 12964 20768 -5321 -10527 -15981
2480 4476 4892 -7724 -13560 -12752
2708 -132 -8896 -10612 -9663 -3480
2408 1880 -4896 2588 -134 3357
2640 2628 -3396 -1979 -734 7172
6184 -2132 5616 164 7251 14973
-1504 21140 32767 15967 5220 13344
1188 16356 32767 -1887 4586 17842
584 10716 23136 -1047 5354 16467
-148 2204 6664 -7199 -2753 10495
204 228 -7916 -5759 -2824 4278
-708 684 -3676 1424 3087 -1449
-1800 892 -1836 -2107 -255 -7323
-3824 1356 13816 3477 9601 -8063
-28096 21152 32767 28624 -6856 -17748
-6440 20856 32720 -7496 -12467 -18878
3080 10616 12180 -2611 -12762 -17602
5684 1948 -5636 -8631 -12593 -9855
860 832 -8596 -5269 -2311 760
2228 4844 -2696 102 1213 6179
1108 2636 -4500 -7054 -51 9423
1680 9416 25896 14291 15693 15002
1636 32767 32767 370 5484 15334
-1500 11312 26216 -46 8499 15242
-136 7552 17784 -6309 3477 12457
-684 -1496 -3688 -9643 -4586 6724
680 -2056 -9176 -7452 4287 1914
-2516 3172 -1524 1513 -252 -6633
-792 -1404 -2124 -6226 -2150 -9236
-2968 13220 27320 15096 10882 -8189
-7236 13084 32767 18152 -2447 -12651
-3996 13656 25664 -7049 -14956 -16189
1244 7688 7384 -6669 -17038 -15007
4360 -352 -6988 -8669 -13257 -5445
3256 2572 -6300 -486 -1340 3057
2996 3316 -2064 -393 2799 9453
1968 760 -3668 -5530 2579 13643
-1240 16772 32767 22508 17513 14179
4356 19040 32767 -1127 843 15520
1704 12312 24384 1620 7238 16448
-2788 7104 10340 -3686 -451 10431
-1572 -1940 -5024 -9673 -2322 3271
-1416 -2016 -5348 -364 4455 -2307
-584 1344 -1652 25 -1294 -8441
-2120 -1680 4968 250 3443 -8604
-5704 24032 28668 18492 -2848 -10014
-7644 21160 32767 -5321 -7665 -16894
528 10800 17684 -5607 -12471 -15429
3244 3956 1256 -8189 -16376 -11091
3364 -236 -9092 -7318 -6763 -832
3356 3660 -3172 1033 -341 6311
3408 1956 -3032 -3513 640 10266
9124 5012 13064 3585 12818 17524
12168 32767 32767 22752 14571 12564
1380 12104 28832 -179 8501 17421
-1176 10108 18720 -2518 5701 12932
-2320 676 -2652 -10466 -4050 7832
324 -1728 -10020 -3123 4565 4017
-1836 5060 -168 1417 1497 -3404
220 -660 56 -6524 -107 -6531
-1316 15668 32767 23109 6248 -7398
-8816 32767 32767 30480 -5841 -15686
500 11672 19684 -2757 -10725 -17721
1552 6396 3968 -5230 -14872 -16134
3880 308 -7236 -8251 -9824 -4924
3424 4216 -4904 971 -2792 2127
3396 1144 -3204 -980 -1691 7733
6976 -3736 4960 3200 4253 11104
3972 29188 32767 27862 4838 3971
5672 18124 28716 -5360 7198 17932
1444 13028 17756 -844 8389 15362
-3232 4128 1552 -6862 732 7230
-2604 -1128 -7588 -8723 3988 775
432 1332 -3592 -1166 795 -3512
-968 -336 -2068 -6689 -1074 -7600
-4260 9744 25848 8738 21646 -6033
9156 14264 15252 23826 7606 -11340
-2492 12308 21504 -8879 -11307 -16578
2352 6572 4980 -794 -10990 -11662
2860 2820 -4620 -7446 -7724 -1617
3280 3248 -5348 -2659 -4296 5491
3508 2148 -4060 -2521 808 8755
6780 -496 4384 -298 7669 13559
3048 25464 32767 21044 8945 12889
1484 14064 32292 -884 9265 19081
-828 8704 20100 -719 9285 18854
-3004 3676 5180 -5626 -1691 11399
2372 -1136 -6720 -6409 -2475 6930
-964 272 -4084 -449 1976 1034
-844 308 -696 -1769 763 -3504
-2472 -2936 5940 150 1419 -8428
-4532 22432 32767 20862 -1618 -12625
-8236 20820 32767 -2495 -12079 -20082
344 11212 17592 -2672 -12315 -17703
472 5164 1756 -3676 -15092 -13271
2868 2220 -6352 -5962 -6869 -3554
3272 3036 -3944 -2 -1794 -57
1944 852 -4416 -4953 -1025 3457
10256 9836 20648 5386 21389 9826
-18524 27180 32767 9995 -3593 1275
-1232 11196 23800 -2135 4576 7612
1264 8488 18576 -3286 2172 6065
808 3208 5688 -4558 -6402 846
828 72 -7460 -9711 -4499 -2315
48 -1288 -5732 -4810 2768 -4081
748 780 -2092 -4711 -905 -4985
-480 2004 16380 2220 12325 -1955
-5036 26668 30824 -2344 -5554 -3542
-6020 14140 24732 1123 -4934 -9577
2660 11264 18164 3010 -3975 -5478
704 9164 12248 6690 -1140 -2003
-604 7112 7264 1830 -654 1248
960 5828 3096 1695 984 4608
1296 7776 4584 1825 4794 9547
80 7052 7452 -582 6452 12787
-1160 9608 13212 2946 8573 13988
-200 10284 11976 -65 3761 11163
-124 7912 9568 276 3859 8906
452 7492 10488 1539 6823 9712
948 8320 11100 2111 6948 10151
456 8516 10496 2190 7542 10773
188 8884 10072 1827 8765 11803
-132 9160 9756 1652 8335 11703
-588 9088 9768 1471 8072 10998
-1204 9772 9720 774 6481 9937
-2176 9908 9760 1211 5380 8083
-2516 11092 11132 894 4099 6036
-1300 10356 11000 -446 3653 5093
-1856 9448 11156 -1221 2334 4183
-976 9544 10412 -1954 1432 2938
-1684 9512 10816 -2128 873 1885
-1528 9124 10992 -2249 205 282
-1136 8868 11164 -2911 -433 -621
-1264 7596 10904 -2959 -1711 -1925
-444 7968 11344 -2777 -1886 -2335
-516 7412 11752 -2825 -2829 -2823
-348 6916 11208 -2665 -3771 -4299
404 6440 11436 -2864 -4044 -5118
92 6560 11196 -2417 -3444 -4728
1120 5952 11308 -1902 -3262 -4305
