12304608 12320770 -1216628176 5 1123076 1348938
0 12320770 -1216628176 5 1123076 1348938
-8868 64 -16848 243 82 107
-8832 80 -16808 266 -57 115
-8868 104 -16920 205 -271 80
-8892 16 -16972 259 -576 51
-8952 8 -16700 254 -87 70
-8840 20 -17008 256 20 70
-8844 20 -16740 258 -77 96
-8888 4 -16888 195 -18 76
-8936 84 -16908 252 31 112
-8884 44 -16788 279 42 96
-8848 124 -17060 243 -100 108
-8896 88 -16976 251 -91 105
-8968 80 -16852 260 -35 104
-8932 44 -16796 260 56 108
-8860 -32 -16892 233 -11 118
-9056 -16 -16620 249 -214 46
-8916 112 -17004 248 5 132
-8944 40 -17068 283 -1 99
-8904 104 -16992 221 -12 155
-8896 56 -17032 248 -51 92
-8968 100 -16884 226 -72 67
-8948 76 -16792 241 63 121
-8820 60 -16916 259 -22 87
-8884 24 -16836 237 -96 132
-8880 24 -16956 232 -18 107
-8976 96 -16844 228 -28 106
-8936 88 -16792 258 -15 86
-8816 52 -16860 232 -27 78
-9024 100 -17004 254 -33 115
-8796 -8 -16736 251 -46 72
-8808 192 -16880 260 -51 123
-9924 -340 -15792 185 -417 -125
-8684 220 -17328 -96 516 220
-8808 44 -17792 -11 671 252
-8892 180 -16796 -46 -978 203
-9036 372 -16476 122 -66 87
-8600 100 -16732 -215 169 149
-8652 224 -16844 -18 1474 186
-8088 404 -17172 -212 1523 329
-8456 -112 -17416 -560 655 231
-8416 764 -17168 -620 -709 -181
-8072 240 -17124 -206 -1427 -399
-9844 -196 -14804 15 3083 932
-7272 1044 -16732 585 5506 819
-7808 640 -20304 -16 1423 -166
-7656 1196 -18840 -462 -6071 -892
-7900 944 -17016 -518 -4041 -107
-8868 760 -17152 361 -2905 -279
-8672 788 -16104 731 645 -113
-9096 628 -18388 401 -673 88
-9032 784 -16596 280 -380 29
-8700 1096 -17504 -198 -914 100
-8704 728 -16728 266 -3338 -481
-9072 476 -16944 164 -2433 -214
-9008 1840 -16596 717 -1902 -249
-9952 -284 -16420 1214 -1365 -245
-9376 844 -15664 -1043 799 367
-9728 584 -15932 -273 1724 311
-9384 696 -16276 -860 2876 472
-9164 1204 -16900 -967 1678 316
-9456 1200 -16664 -569 2440 441
-8700 1440 -16884 -240 1389 299
-8616 1244 -17484 -209 496 308
-9032 1344 -17728 -256 -1792 201
-7928 1712 -14692 1274 -2794 -161
-9072 4132 -18168 4324 -5428 -1416
-11156 5284 -20896 -3377 -5440 -387
-13824 3200 -16428 -1279 -8974 2710
-16568 9260 -12264 -3624 -16221 4243
-7440 8120 -12488 7882 -13266 -2458
-13104 9268 -7340 5384 -12245 -5346
-6524 3876 -8272 6673 -1743 -4330
-10812 516 -7560 6092 -595 -2038
-8820 -276 -8908 3710 7648 2343
-12848 -3192 -9680 -1325 8769 2227
-12032 -6076 -12248 -4984 9075 2535
-11436 -4492 -11296 -9427 6935 186
-13272 -5552 -13716 -9159 4174 -1534
-9880 -6392 -13172 -8786 500 -2047
-7884 -9260 -7548 -12776 -1713 -9986
-9636 -9136 -21236 1647 5318 -5012
-21704 6160 -22040 4475 10936 1931
-7560 -2248 -14104 3605 1426 2043
-3264 4092 -9112 3883 2433 -450
-9668 -920 -12912 -1697 -6732 398
-9820 -2476 -14940 -570 -2706 1039
-11756 -648 -14616 1746 -1128 843
-12116 -88 -13980 340 -1909 277
-10980 124 -13848 192 -37 199
-11420 -396 -14340 -1965 -731 -583
-10700 -1216 -14300 778 1043 120
-11288 144 -12420 -393 2914 -383
-11572 1104 -15532 1041 6249 134
-8852 -1816 -16668 -1176 3219 -216
-12580 -180 -16680 278 3079 -289
-8864 224 -14920 -960 2762 538
-9760 1144 -17016 -2696 4513 -413
-9104 944 -15848 -682 4666 321
-8144 404 -17128 873 4723 473
-8672 -1208 -18044 995 1246 33
-8144 320 -17984 429 -1388 148
-9228 -32 -17608 492 -2932 433
-8952 204 -15356 2533 -3596 -887
-10160 -756 -18376 1033 -983 -338
-8020 704 -14380 -67 40 182
-9572 -64 -17576 -372 1079 645
-8836 -336 -17260 -168 -596 461
-9732 1040 -16108 6 -1977 288
-9380 -524 -17612 -1221 -2027 -43
-9168 864 -16372 306 -3117 595
-9880 1932 -13836 82 -2170 370
-11332 -716 -15240 -943 318 -35
-10176 -268 -15352 854 2926 558
-11140 -404 -16472 316 3418 977
-7272 1460 -17268 -617 1821 598
-9456 744 -17216 -158 -1074 351
-5404 2256 -17924 -6682 -3451 -1961
-10104 3580 -15964 -1900 -5584 -1475
-9244 696 -12744 629 -5348 -498
-11024 1508 -14908 1148 -3339 -383
-12104 792 -17232 -187 -1116 1363
-14592 2540 -16968 -2460 -3454 1852
-14316 4316 -15772 621 -1632 2309
-14800 8012 -17948 2218 16 3549
-14688 13320 -15512 4326 -17558 -819
-5580 11896 -11156 7272 -17849 -3830
-12248 9036 -9360 10048 -4620 -5245
-11340 3376 -10840 4739 -1754 -2272
-11188 -680 -10128 4317 10107 546
-10596 -2372 -11060 -1918 12471 2491
-11516 -6040 -10300 -6143 11438 1568
-10312 -8400 -13460 -7509 8074 837
-12008 -5756 -11732 -7488 494 -931
-11216 -3724 -15920 -9641 2384 -465
-10388 -6464 -10852 -8585 -2460 -10098
-5860 -3940 -21096 2247 -4298 -2825
-9868 -3332 -17124 -4399 84 -3713
-26464 4020 -23564 7401 -9146 1945
-6584 -4108 -14952 3715 -1102 1691
-14244 864 -12036 1581 -3865 251
-12448 384 -12692 2526 1529 -818
-11832 -2076 -9588 1949 2460 424
-12772 -256 -11884 1722 3094 426
-12500 720 -13464 669 2970 178
-11060 -944 -15256 -633 2448 26
-12384 -92 -13128 430 1931 216
-10236 1420 -13224 14 4384 -138
-15464 -208 -16944 -3399 4288 -195
-8476 -112 -14864 -2046 3339 -612
-11456 1384 -17292 134 1076 109
-11068 740 -16304 592 -2481 181
-11492 -1564 -14088 887 -3233 -858
-11400 612 -14568 266 -559 -152
-11856 496 -13528 1787 -1202 -182
-11468 40 -14108 -617 1080 84
-11188 104 -14624 990 870 624
-10720 1392 -13868 -722 -269 100
-11508 -144 -14864 77 -222 -287
-12044 540 -14568 346 -873 176
-11424 1468 -14596 622 250 719
-10820 -664 -15744 -292 186 -293
-11740 284 -14144 658 -567 172
-12240 764 -13404 590 816 402
-11032 -152 -14560 -101 4202 -301
-11084 -664 -16060 183 1264 1219
-10872 876 -15488 -132 -717 912
-10496 1428 -14556 -152 -1390 159
-10296 716 -12048 320 -539 -678
-8444 -876 -15216 872 -2150 -626
-11412 -712 -15824 -381 -4806 -1843
-13500 568 -13272 -3016 -1270 2463
-12448 2636 -15508 -4181 4832 4010
-16348 6896 -15004 -2958 2247 6216
-15360 7688 -13664 226 -1747 4533
-15208 17172 -22528 3595 -14542 -2718
-40 10748 -11328 9256 -7837 -7729
-11824 9832 -12872 8258 -3424 -6781
-6136 -8 -13672 7391 49 -3165
-8568 -4368 -11664 -1946 2084 -849
-13012 -2096 -11176 991 13669 5191
-13504 -3640 -12940 -3671 5077 1349
-8344 -7368 -11220 -2985 8505 3749
-9300 -7620 -12992 -4677 7306 2787
-11832 -5680 -14932 -4349 292 973
-23208 -3320 -25728 -6195 -3241 -6381
-7308 -2760 -18160 1363 -3896 -2417
-11396 -1912 -15728 1360 -5210 -3197
-10796 -936 -13068 1268 -6314 -2571
-15108 -1904 -15200 126 -7173 -1319
-11716 -144 -12216 66 -5579 -1109
-12400 136 -12380 -293 -3865 -359
-13712 -680 -13484 -747 -3648 -1023
-13672 348 -13156 329 -5514 382
-13528 -12 -10452 1330 -5488 856
-13340 -1304 -8384 -266 6 434
-12660 1452 -8132 297 5269 -133
-12480 680 -11572 -1792 9684 -1531
-12792 -916 -13324 584 6521 -192
-9924 1012 -16544 925 7667 -23
-12004 -560 -14264 116 3590 -759
-10752 16 -14232 -513 5984 486
-11004 1292 -17300 -802 4188 -873
-10868 348 -17364 329 -37 184
-10676 324 -15260 726 -2239 137
-11628 236 -14628 505 -2237 70
-9952 -480 -13828 859 -853 -419
-10884 168 -14128 314 1322 389
-10336 68 -14096 -232 1547 131
-11364 72 -16212 -253 1965 -43
-11876 -876 -15268 329 -878 -73
-10468 532 -15932 942 -1681 419
-11472 492 -14360 464 -2289 392
-11392 92 -14200 391 -1468 29
-11028 -348 -14756 -19 293 847
-11412 -888 -15112 -541 -412 627
-10696 1560 -14628 -254 -968 255
-11996 -364 -14692 -101 -970 881
-10520 1488 -14392 649 -2555 398
-11816 128 -13800 649 -1696 140
-12252 1384 -12892 603 -687 464
-12820 2240 -14404 855 -1964 626
-15824 2120 -17212 2910 -12559 755
-13092 -2212 -14188 1490 -17501 3935
-18984 1028 -8252 1029 -9309 5281
-13988 7616 -11916 3360 -1919 2536
-13612 7864 -8272 3055 -411 -1298
-11008 6716 -8252 5464 -80 -2179
-12316 2568 -7684 4643 -2115 -2666
-13160 3476 -8156 5206 -1879 -2295
-12712 1020 -8072 3698 426 -2430
-11924 -164 -6796 3954 6156 -1039
-13288 -1728 -8872 366 4333 1491
-10456 -3996 -7824 -2925 3826 2659
-15928 -4340 -11552 -3757 614 3232
-13776 -4528 -10648 -4174 4466 1779
-16824 -2600 -13092 -4487 -861 -333
-15792 -3076 -13328 -1454 2457 -1310
-14048 -2680 -12392 -1025 -2011 -2313
-11456 -1444 -12204 839 -2164 -2047
-11020 904 -11668 1638 -2611 -311
-10836 1416 -11468 1815 437 1513
-11556 624 -11168 137 342 2719
-13468 -36 -9908 -174 3469 2907
-14064 -404 -9960 -4176 659 909
-19456 -1308 -12676 -2947 412 -4212
-15100 -3220 -11800 202 2829 -3372
-14784 -768 -10404 -1161 1813 -2457
-12744 -336 -12332 578 -1557 -1209
-15032 -188 -11744 2496 -4299 -474
-13540 -856 -11492 2058 -4409 -60
-15192 -716 -10232 1199 -2290 100
-13428 -36 -8324 531 -1502 472
-14592 328 -10308 237 132 195
-14508 -784 -9844 564 475 356
-14580 -1516 -10292 274 1247 672
-12608 -1056 -9536 733 1802 582
-14420 1392 -7856 808 1917 231
-16536 44 -8448 26 1525 -257
-16084 -304 -12424 -960 8101 -905
-13244 692 -12928 -408 2579 387
-13468 -104 -13672 -39 1691 219
-13092 396 -11812 20 1176 366
-12704 -100 -12924 -293 4859 -117
-11476 356 -15168 -67 4698 113
-13060 -100 -14340 -6 58 797
-12720 -384 -13368 -29 -2116 541
-12876 424 -12996 200 -1679 325
-12520 256 -13700 889 -2702 176
-11792 252 -11176 473 -174 145
-12396 -32 -12636 110 2932 -33
-12348 324 -13036 -123 1759 325
-13348 -564 -14136 295 393 -252
-12072 -152 -13212 -242 524 405
-12540 80 -13904 -91 809 285
-12112 52 -14260 215 16 447
-11632 336 -12388 322 -403 353
-12656 -44 -12552 -141 3 346
-11860 72 -12820 192 1227 369
-12164 96 -13208 -165 2235 611
-11884 452 -13348 -119 3119 561
-11692 940 -16384 181 1481 254
-12188 740 -14972 2086 -1138 -270
-11756 -1048 -12672 298 -2068 262
-11260 56 -14228 69 -449 816
-11864 1892 -15024 602 -2099 48
-13024 2408 -16140 2798 -7938 -413
-12492 0 -13072 2709 -13093 -205
-23068 8192 -19620 8921 -15319 207
-8952 4864 -11772 8802 -7059 -3363
-18748 10568 -2624 2370 -4045 -1614
-12804 3164 -8132 4206 -1785 -2671
-12080 -1092 -8100 3244 204 -827
-10104 -652 -7904 3332 9248 -18
-12236 -2384 -10988 928 2052 1204
-12216 -3036 -8380 -1794 5931 2303
-12500 -3972 -10536 -1439 6039 1486
-10868 -3664 -11028 -3621 6723 1980
-11788 -2124 -13504 -6038 5503 1254
-15492 -4276 -13972 -5804 295 631
-14716 -4304 -16316 -229 3485 542
-13216 -3124 -16404 -2429 -2498 -1823
-11580 -7212 -15904 3814 -1232 -2390
-13284 -740 -11076 2319 -5265 -1662
-20500 -2428 -14648 -5587 -4244 38
-8528 -564 -9604 -907 -2432 415
-15336 144 -13244 202 -3415 -55
-12320 -1332 -11652 234 -4403 106
-14004 -476 -11356 623 -4100 326
-13364 -316 -9188 613 -2797 858
-12788 140 -8240 542 -364 682
-14484 536 -8148 679 2630 179
-15684 848 -12116 -646 8022 1335
-12024 52 -12020 -1679 6250 -229
-13852 748 -13104 1216 2717 531
-14072 4 -13212 1538 485 -297
-11368 -660 -11780 463 413 -929
-13864 -496 -13888 -35 1660 -381
-13096 -24 -13704 15 -896 271
-13660 140 -12348 79 -1345 574
-13156 252 -12240 238 -2343 455
-13520 -8 -12824 354 -2907 43
-13476 100 -10936 1114 -3483 -200
-13268 1088 -9484 454 266 -43
-13184 -48 -12884 8 3339 18
-13876 -2324 -15128 1217 597 833
-12624 384 -10784 2871 -3294 998
-14936 36 -9784 1643 -2449 551
-12336 52 -9644 46 619 274
-13996 264 -11788 -256 155 560
-14092 -980 -11268 55 327 358
-14008 208 -11796 147 -329 412
-12708 1628 -11872 1035 -1658 286
-14484 -76 -11216 -1 -967 108
-13036 -244 -12036 -386 -1835 462
-14368 -308 -11180 207 -1813 436
-13588 1268 -7236 -312 -880 529
-15048 1920 -11452 -1021 950 389
-8776 208 -11592 -464 5282 -381
-15164 -1172 -12712 -2158 3763 -1760
-17268 588 -13188 -4839 1802 3835
-13656 4368 -12392 -4659 1217 4202
-14216 5836 -8224 -5220 8256 3053
-13332 11856 -16644 415 5319 91
-16292 12164 -10104 2348 -8379 -3992
-8960 7820 -6000 5662 -17454 -6355
-11528 6096 -7800 4130 -12500 -6769
-12204 248 -9624 5054 -3205 -3613
-13280 -6092 -11112 1291 3309 -879
-17260 6056 -6320 3004 7249 1057
-11332 -1720 -12912 -37 6074 3924
-11656 -1640 -11420 -2505 9180 6034
-9212 -4948 -12960 -2931 8206 5650
-8304 -5512 -11228 -591 11051 7195
-11492 -3064 -12484 -2832 6613 4399
-11560 -1956 -14516 -3045 2108 1689
-14432 -1232 -22412 1537 -2592 -1600
-8872 -2760 -12700 -965 207 -3119
-13760 -1984 -13504 818 -4270 -3090
-11960 -764 -11960 249 -3231 -2631
-11700 1392 -15440 638 -3535 -1798
-13240 596 -13348 2135 -6037 -1914
-13328 4100 -12984 -632 -5905 -925
-13056 -1112 -11676 682 -7780 -410
-15368 -732 -11280 1106 -3265 814
-14044 -316 -9096 1499 -1328 1634
-12732 1752 -8416 1312 1743 705
-13828 1612 -13016 -2136 4509 9
-13580 1168 -12252 1772 3869 774
-12548 204 -13240 3087 2589 847
-12788 1092 -10072 1895 2823 487
-11460 -192 -11684 -311 1749 -52
-10888 408 -13048 -1777 3667 -659
-13228 984 -13784 -222 3990 -90
-11932 96 -13496 -293 5542 -222
-11412 788 -12628 -570 7284 -393
-11388 1052 -14824 -957 6614 -708
-8640 -196 -15508 -299 7222 -660
-12304 1412 -18348 290 1509 66
-10416 356 -16220 299 -503 -30
-11640 980 -12828 -301 -1617 -855
-10464 984 -15252 788 4424 109
-7836 -1316 -19020 388 3473 734
-10020 2380 -17852 125 -4427 1295
-10540 -792 -15184 -320 -5711 185
-9944 -272 -15944 7 -4863 535
-11200 964 -14864 438 -4533 464
-10484 3688 -13076 263 -2649 368
-11908 592 -13924 171 -655 320
-11900 152 -14524 -323 -403 243
-10600 1144 -14444 -104 6 301
-11484 1220 -14048 34 239 387
-11452 868 -14632 94 -428 344
-11672 880 -14424 95 -1233 180
-12332 196 -13944 -140 -969 348
-13756 3940 -14332 291 -2017 230
-14584 5828 -15080 555 -7680 658
-14104 4088 -13628 533 -13093 -1315
-11380 5168 -13936 1954 -16399 1827
-14672 7972 -9456 2655 -4093 -184
-18928 5980 -9228 4782 -6190 -2631
-12316 4684 -4824 5655 1684 -2272
-12968 4044 -7416 6217 3172 -2923
-11536 2832 -8640 4773 7275 -543
-9304 -420 -10572 999 -1208 789
-11784 -2000 -10368 1395 7818 4337
-10468 -2824 -12252 -2648 5266 5629
-14184 -2384 -9936 -2865 6707 4416
-17224 -4296 -12988 -1091 2 898
-13656 -3528 -14756 455 5738 4027
-13092 -1612 -17080 -5247 175 -1374
-11568 -796 -15832 -2952 1830 69
-8528 -2644 -9352 -600 -2150 -3109
-15964 -4748 -14212 -2495 3632 -886
-11796 -4724 -12796 1935 4443 -3150
-13040 2824 -16576 -1412 3259 1511
-12820 -992 -15764 2035 -9714 -2506
-9940 -2004 -12004 1671 -7905 887
-14840 980 -11036 363 -2235 -310
-12348 -168 -12148 314 -1220 102
-13136 228 -12332 -244 742 586
-13124 208 -12536 637 -1146 103
-12128 -1208 -13568 -568 -840 -170
-14880 1808 -11272 227 -732 1057
-11008 1112 -8928 -258 2193 -6
-13240 484 -12756 -709 3035 481
-12016 -536 -13304 -1353 4845 -345
-11764 1728 -12496 17 3350 -394
-11720 1096 -14020 957 4916 536
-10752 12 -12236 -567 6580 -44
-9756 820 -15264 65 5053 154
-11136 908 -16744 564 3489 -168
-9588 540 -15340 770 1029 -355
-10184 564 -14912 -425 1853 189
-9076 1124 -14332 -49 2108 -114
-8944 360 -15992 244 -1551 166
-11684 736 -16924 870 -1938 -1632
-10080 772 -15068 745 -420 -632
-9956 -616 -17420 395 -807 331
-10780 1540 -14544 -164 -1932 388
-11136 392 -13480 284 -679 235
-10884 432 -14044 267 2053 -41
-11380 264 -15556 -243 848 341
-10656 812 -14624 -104 156 560
-11304 160 -15620 8 -521 250
-10976 244 -14460 -779 -2239 684
-9364 2284 -13076 398 -579 704
-12188 2048 -16720 1676 175 -1844
-12156 2812 -21312 1661 -11868 -1766
-14092 628 -10824 172 -13408 -523
-16104 -7784 -10780 -3429 -13208 700
-18508 4508 -10476 -316 1094 1807
-13512 6604 -10760 562 -7123 598
-12332 5524 -7976 4001 -5464 -4689
-12444 5536 -8576 6663 1509 -3340
-10604 2280 -8348 5782 -3758 -3733
-13500 -224 -7992 4288 6213 -283
-9716 -3596 -7888 2479 -306 -369
-11276 -4144 -9804 1647 7276 4456
-11116 -4504 -11084 -1962 3477 4111
-12732 -2216 -11232 -3188 8499 3729
-13344 -2416 -14996 -3993 5094 1483
-11992 -1164 -13536 -3287 4029 209
-12304 -1020 -14620 -3307 4489 -1048
-18596 -5404 -8392 415 -15311 -5968
-14484 -2284 -15908 -2981 2349 597
-25992 -1776 -21396 3563 -1923 -693
-10692 -6004 -12432 4011 -3647 -3221
-17892 7852 -16040 6787 -65 -648
-10660 -1760 -10920 2604 -1546 752
-10460 1320 -13244 1010 3661 800
-13376 -612 -14296 138 5 -402
-11752 -200 -12560 -167 866 -45
-13076 348 -13692 501 1026 91
-13572 -252 -11816 -335 2979 335
-10336 96 -13888 -674 4065 10
-12672 -40 -14828 -137 3538 -22
-11572 -2344 -15476 -1142 2371 912
-12412 76 -15444 -829 -1613 511
-9496 2820 -12648 -219 890 720
-10156 1064 -14592 -1508 5131 -244
-8240 -580 -14836 -622 3442 -1001
-13920 2664 -15656 -445 576 61
-12244 1484 -16176 377 253 -158
-11716 1320 -16000 764 -560 576
-8828 1304 -15444 1436 582 167
-10428 -484 -14232 608 1236 -656
-10260 -12 -14344 133 3525 -879
-10876 -620 -15588 -752 2341 -829
-10108 868 -15316 -636 616 -287
-10444 1304 -15400 -23 -1861 -770
-10860 -932 -14928 -1351 -645 -612
-9768 -40 -18048 -466 400 664
-10328 564 -16212 829 -5247 816
-11084 836 -14460 259 -2648 164
-11012 -428 -14024 59 -1366 330
-10720 -316 -14980 66 -1441 98
-11700 572 -14352 -4 -2010 172
-10708 -124 -13612 -126 -79 242
-12640 -372 -15212 -128 -1665 4
-13096 324 -14224 -653 -6697 311
-7832 2412 -12632 -513 -663 2043
-11688 3068 -14580 -417 -2459 -70
-14520 1848 -17908 983 -9622 -353
-18352 -1580 -15180 -1270 -13034 3138
-11584 5900 -16372 1074 -7801 8569
-19548 7324 -9788 5393 -13856 -254
-10404 8744 -5448 10618 -12676 -6384
-11944 9296 -6948 9820 -300 -9573
-12960 5652 -5736 7707 1446 -4414
-10788 2432 -4588 3442 6767 -3306
-14088 -492 -7748 -1419 8816 279
-9664 -3044 -9080 -4013 5723 2272
-10280 -3780 -10220 -5605 8059 4250
-13304 -5704 -12828 -8379 8342 7410
-14864 -4200 -13288 -6641 5163 4292
-13612 -2172 -16352 -3594 8352 958
-16644 -1972 -12312 -1571 2019 -4559
-7628 -3992 -13560 -3037 1196 -611
-11860 -6476 -12716 -14 -1363 -3351
-9720 -2292 -12992 2106 -3959 -2073
-16224 -9520 -16780 1016 -10277 -1045
-8004 -956 -9232 1647 -2929 1040
-17000 1696 -11384 709 -2776 490
-11728 -1088 -12072 268 -831 311
-15088 -372 -11228 255 -1600 919
-11200 -640 -9600 -442 117 942
-13732 2972 -9456 205 3266 580
-13348 960 -11724 -281 6555 -320
-13376 -684 -13992 -305 3373 363
-10492 544 -12008 401 2985 438
-12068 564 -11896 -403 5480 -90
-12384 -120 -14080 -961 8132 -467
-11056 404 -15648 51 8761 529
-9972 748 -14248 -327 8261 291
-9396 236 -18532 208 639 -100
-9016 -88 -15672 451 -3074 -62
-11092 684 -15304 -579 13 447
-10624 780 -14688 250 2224 89
-9060 8 -14736 -859 4824 30
-10224 764 -18204 72 704 3
-9608 720 -16272 33 -3382 256
-10368 1216 -15136 415 -5698 195
-11564 544 -14660 655 -4610 397
-11152 752 -14292 595 -2104 532
-10644 1088 -14620 783 1169 675
-11288 972 -15524 -132 571 637
-10876 380 -15404 -534 -28 529
-11044 1020 -15476 -588 -1304 402
-10908 696 -15132 -1161 -2428 147
-10740 544 -13128 786 -503 149
-11732 216 -14968 -82 -28 233
-11584 1052 -14500 -367 -1782 267
-11496 868 -14100 -193 -882 293
-11316 1136 -13712 161 -178 345
-12124 980 -14224 -253 -2425 303
-9912 1360 -13256 109 -2834 162
-10364 1084 -13676 -1132 -2436 -467
-11600 2248 -15720 -790 2879 -171
-12904 4824 -17756 -6228 -1063 542
-15176 4612 -15620 -6922 -1536 3053
-15412 8160 -17216 -580 -13351 3982
-11692 9716 -7824 5656 -12656 -3543
-12872 11708 -10004 8846 -4244 -9568
-9984 7808 -10844 6474 -5758 -8643
-8788 2788 -7192 7374 2986 -3434
-12516 600 -8020 3068 -346 -654
-14352 -1332 -9076 3641 12008 4201
-12940 -4204 -10420 -2550 -3007 2214
-12936 -5368 -10528 -3545 7692 5646
-8864 -5656 -9752 -6099 965 4128
-14976 -3996 -13920 -5631 4440 3429
-12092 -3848 -16212 -1419 1309 1454
-11320 -3292 -13428 -919 2689 -118
-13776 136 -12080 680 -974 -2806
-12504 -388 -13868 1821 -1217 -1820
-13300 -2268 -10692 1587 -3184 -472
-13776 -5588 -12780 -1407 -7670 -4038
-19284 236 -13484 -423 -2694 1629
-10820 -1720 -12196 3133 -730 1687
-14544 1688 -10744 1102 -349 368
-13764 -68 -10572 -108 -563 -51
-13664 -852 -10840 -521 116 356
-13780 -872 -10140 -482 2976 801
-12616 2676 -10088 74 4470 456
-13644 2244 -11576 -201 3315 467
-12796 -840 -12980 794 2871 395
-13064 296 -11740 138 2508 303
-12672 932 -13204 -414 2929 -481
-11588 888 -10084 98 3598 226
-11412 -424 -13824 -409 1469 -159
-12540 1508 -13236 -831 378 -513
-13368 988 -14060 556 1381 -61
-12128 752 -13992 584 1549 231
-11732 504 -14012 496 1284 270
-11852 444 -12652 236 1861 131
-11636 652 -13544 -380 3634 193
-12920 2084 -13068 375 3842 70
-11188 540 -15456 -287 1451 292
-11248 1064 -14412 151 -1136 223
-11940 756 -15120 226 -1505 219
-11576 1356 -14400 827 -3096 812
-11688 416 -12856 -671 -1376 573
-11740 492 -15296 -1621 88 546
-11988 924 -14148 61 -1349 820
-12224 20 -13040 -655 -1866 618
-12368 1112 -12688 -231 -1093 489
-11388 2880 -13064 -469 124 394
-12248 732 -13896 -2938 799 -95
-11996 380 -14064 -636 -517 486
-12832 1104 -13536 -1560 -2772 396
-11536 2092 -14404 -987 -3915 276
-11280 1804 -12272 -699 -3146 -123
-12204 1524 -10456 -1051 -2739 -829
-14180 1316 -10244 -594 1902 -61
-13220 2516 -15044 1197 -3028 504
-14160 5220 -11484 -2588 -4703 2800
-13704 6164 -14384 -2053 -1632 5768
-14576 7636 -9412 549 -5943 3882
-16800 15812 -16012 6100 -6278 -2602
-8708 11684 -12668 9570 904 -4657
-15520 6100 -6068 7326 -6042 -5745
-7828 1704 -7448 8052 -98 -4215
-13772 -3612 -10608 6254 3994 -221
-10492 -5208 -8904 5308 11218 1705
-14012 -5588 -8612 -778 6632 1954
-13876 -6288 -10752 -843 9741 2640
-11916 -3228 -9356 -3139 5110 -850
-12728 -2096 -15608 -4951 3752 -3614
-11640 -2036 -15128 -5608 -3045 -5083
-8880 -2612 -11820 -4176 632 -1555
-8052 -1212 -12580 -5535 717 1266
-15572 232 -18120 -1532 8306 2071
-9748 1360 -12560 1358 -3906 1899
-11664 752 -15924 294 -7544 -1228
-16448 -1352 -14720 1252 -3915 -1908
-14980 3376 -15488 -2137 -199 -1414
-10816 -2412 -12100 -422 -3233 -307
-12896 264 -11604 1409 -3610 602
-14104 -1100 -10248 396 -2968 222
-13344 148 -9956 -315 1397 15
-14520 168 -9240 -384 8074 -332
-10124 672 -9540 -923 9445 -1255
-10784 1992 -13224 -748 -2452 496
-13076 464 -12956 -608 2461 -200
-10996 272 -16392 -593 4792 -101
-11460 588 -14764 -89 2461 -151
-11064 860 -16544 622 3527 -270
-10308 788 -17756 1650 625 -184
-11004 -656 -17948 1229 -2414 1010
-9304 580 -14844 1397 -4110 1055
-11288 1836 -14404 1083 -4303 672
-11060 -40 -15408 -868 -3999 1775
-12864 1272 -13732 87 -6581 1084
-12012 112 -10848 -910 -2680 1238
-11580 860 -12408 -741 -814 1249
-14444 -700 -12468 -592 -124 679
-11948 -384 -13508 -2303 -649 386
-12292 2240 -12804 -1566 1783 305
-11248 1700 -13060 -1093 1254 148
-13008 1192 -14416 -1643 -32 110
-12348 1300 -14188 -1515 -3498 222
-11380 3000 -11216 -495 -5234 21
-14504 3252 -9504 -1987 -6026 -852
-15180 -1452 -10660 -2331 -2195 812
-17204 3576 -13896 -1622 -2141 5745
-12380 7064 -13116 -3937 -3618 7398
-12020 7756 -10956 -3878 2759 6567
-12772 10512 -8836 593 4899 1605
-10564 15596 -8604 4700 -8256 -10010
-10292 12828 -7740 9606 -9117 -14732
-10940 7472 -7364 7924 776 -13001
-15788 2164 -11068 5182 1374 -7449
-7736 -3308 -5224 3603 15557 -1482
-19212 -7028 -12964 -2473 3084 4189
-5492 -7760 -10032 1403 9010 4045
-14420 -8972 -15016 -3614 -566 7432
-12648 -4096 -13184 -464 3684 5624
-11352 -1988 -12740 1983 3026 2592
-12472 -756 -13524 -504 996 1330
-7736 -668 -12548 -1350 5906 1563
-25096 -5228 -13964 3873 -752 -1345
-13396 -6116 -11988 2707 -2192 -1159
-15752 -3888 -13780 -439 -439 -1861
-10916 -2356 -11168 2538 -9217 -1904
-21024 -2364 -18656 -3580 -3343 386
-9212 -1280 -10520 150 -924 -184
-14368 -536 -12384 955 -512 412
-12732 -1532 -11496 83 76 507
-14280 348 -10256 -877 1382 557
-13444 428 -11404 -385 3559 205
-11600 364 -12984 -766 7179 197
-13004 1008 -13740 -217 8643 -378
-10584 492 -13032 -1507 7314 -386
-10312 -976 -15864 -1716 4751 -515
-10000 132 -17036 -983 4949 -189
-9640 1412 -14236 -733 2081 -153
-10224 -712 -16012 -896 2372 -385
-9248 832 -15808 -1453 1765 -13
-10316 1436 -17852 377 2186 -391
-9504 780 -15240 1647 396 -175
-10156 76 -16708 1027 -300 -329
-9320 -96 -15760 -198 180 -32
-10116 896 -16240 300 118 -495
-7920 308 -18100 1507 353 324
-10000 500 -17328 1036 -5770 -90
-10672 264 -14508 17 -5398 306
-10892 -968 -15344 -608 -4068 150
-11268 304 -15856 -343 -3841 346
-10924 -1004 -12728 -358 -3554 311
-10848 1160 -13916 -34 16 941
-11484 1412 -14708 -160 -627 382
-11012 912 -13768 823 -1979 571
-13176 -428 -13200 -310 -1782 421
-10056 -1012 -14160 -319 -936 426
-12936 24 -12872 -1019 573 582
-10372 2172 -14472 -719 -1312 510
-13624 3508 -17380 193 -4875 -121
-12092 4400 -14616 -825 -11819 -509
-16416 1900 -13868 -1421 -9840 1844
-14440 -892 -9732 -1466 -7795 3518
-16792 8904 -11436 3722 1270 3210
-18320 12068 -7232 3520 -3232 -4627
-15020 11048 -8084 4281 2263 -5713
-13352 5248 -6500 3732 569 -9137
-13412 244 -9200 2553 -6289 -5541
-12024 -768 -9012 3348 10358 -606
-14108 -3224 -10428 3644 -437 258
-11528 -4768 -9316 2128 2451 3231
-9248 -5132 -10184 1384 3090 3247
-12828 -5236 -12880 -339 9588 5502
-11844 -3280 -14608 -370 6124 4231
-12140 -1120 -14208 228 4772 2737
-12140 -1344 -14176 556 5416 1652
-12036 -3188 -14100 144 2025 873
-10020 -2524 -11728 -266 205 308
-9212 -3648 -10120 -1877 -835 2036
-7228 -5036 -7768 -221 -4082 2128
-10212 -6336 -18152 -717 -10607 -3041
-14644 -532 -12616 7111 -5983 161
-15160 -6352 -8748 1325 -6320 -367
-15304 -200 -11120 148 139 693
-13892 1848 -10368 -8 2909 181
-13536 -284 -10948 -403 4018 -336
-13128 -464 -11368 -1405 3374 -61
-12152 -1364 -12248 -102 2823 54
-13516 1316 -11504 -1138 4155 530
-11832 1392 -12024 317 4402 144
-11676 920 -12144 -670 4083 -799
-13604 216 -15264 -317 2191 -949
-11136 584 -14780 -682 2231 -592
-10996 688 -13904 -1985 789 -1120
-12204 292 -15660 -1527 -2924 -472
-11988 1136 -14916 -414 -3980 295
-12560 92 -13320 -36 -1699 87
-11752 1532 -13548 1018 1835 164
-12140 1320 -11056 744 2825 -100
-13112 1276 -13332 699 5484 -267
-11540 -1420 -13748 217 4276 -189
-11152 -2916 -15432 -1085 2843 -346
-12848 -2364 -15652 -389 -2991 219
-10484 832 -14524 911 -3374 1431
-11868 1272 -13300 351 -5182 731
-11420 -484 -13924 -468 -5272 223
-10108 680 -12956 -895 -2883 291
-12344 884 -14064 608 -3112 702
-13836 676 -10268 194 -2535 286
-13632 -292 -12792 -842 -806 45
-12864 816 -12788 -561 505 227
-13836 392 -11472 -500 -1528 -120
-14408 2600 -11628 -697 -254 -150
-11072 836 -13480 13 -1328 -600
-13796 148 -15180 956 -3967 167
-17996 2908 -15124 905 -8374 3462
-17508 5060 -11896 1438 -8419 4081
-16320 9496 -6016 -342 378 1991
-12296 12880 -10284 6027 2123 -679
-16700 9668 -2360 4431 7822 -3661
-10696 4456 -10620 6781 2626 -4991
-11660 4636 -12000 3863 -4097 -3125
-8504 2116 -10852 3138 216 -1577
-14076 -860 -11432 273 2862 735
-10356 -2416 -11808 1293 7514 1083
-11840 -5044 -11916 -2791 10413 1608
-9796 -5488 -13260 -3464 9816 866
-11684 -4976 -12836 -5623 6809 781
-11944 -4092 -14836 -4314 6578 -189
-16648 -4532 -21012 -5579 2156 -3384
-9568 -3308 -16240 1601 1321 -1034
-10596 -1608 -13120 1491 -6002 -1498
-14952 -4200 -14848 2987 -7147 -1903
-12456 -3536 -16392 2454 -7643 -866
-14340 6216 -14448 4691 -4183 1619
-14924 2304 -10484 1613 -6585 207
-12972 756 -11180 832 -2137 474
-13600 52 -11704 -302 709 372
-13216 -988 -11768 272 2925 291
-13296 -1168 -13872 480 2918 690
-11116 124 -12404 979 1923 1138
-11384 -104 -12108 -243 -2323 36
-13800 -1012 -14684 560 -2458 -37
-12852 -172 -11488 55 255 307
-12508 556 -12004 622 2689 -137
-12260 44 -11376 -6 8154 -115
-11568 -640 -14516 -1509 7489 -367
-10308 280 -16988 -803 3600 -150
-10824 48 -15560 -382 2006 -80
-10852 -12 -14008 414 2879 -253
-10780 -104 -15596 -197 4406 -309
-9724 292 -15848 -160 1822 -47
-10824 304 -16676 -110 -80 114
-10296 220 -17100 8 -3337 -114
-10732 -404 -15700 1528 -6641 633
-11428 500 -16000 2497 -3591 965
-10588 320 -11844 1351 -6568 838
-12748 -424 -11068 -428 -1414 247
-12124 24 -12804 -1146 2227 -186
-10324 172 -15508 -872 2361 505
-12264 212 -14812 -268 3 158
-11192 752 -13352 -346 559 212
-12632 200 -14900 -459 869 253
-11932 -100 -14288 -375 1232 -194
-11880 532 -14264 -959 1258 220
-11044 1428 -14292 -917 850 197
-11264 636 -14552 -70 67 101
-11492 600 -13744 -229 -917 229
-12124 836 -14652 -536 -2696 -21
-11612 2224 -13716 583 -91 -165
-10848 3248 -15740 -542 -5495 26
-16344 2316 -19560 -2204 -12764 2265
-13436 1580 -11184 -208 -11125 3957
-13384 8768 -12532 4109 -8122 1735
-20248 11916 -10356 3646 -2390 -3927
-12296 8876 -6980 3141 -4831 -6697
-14324 3784 -8692 5502 -2262 -6965
-11176 8 -6528 5917 426 -3127
-12196 448 -7688 5781 2916 -1490
-11668 -544 -7944 4714 10069 1006
-13644 -1364 -9688 -1179 6111 3418
-13760 -2204 -11256 -1585 7966 3230
-14728 -3776 -12440 -4462 4116 2533
-12500 -3832 -13368 -4800 5200 1461
-11976 -3824 -15476 -4364 4285 1794
-11984 -3460 -13312 -2518 2252 884
-9460 -5148 -13244 -1577 1897 2470
-7380 -5916 -13480 473 -118 4935
-30032 -4864 -19312 264 -9652 -4879
-20124 -2072 -12256 2329 -953 -5228
-17256 11916 -18232 1114 -5945 -1944
-12080 -5572 -9840 1699 -6490 -147
-12712 1344 -11668 1232 1645 1496
-13092 1596 -13008 -673 107 381
-12444 480 -11532 -160 -678 -196
-13360 -716 -12988 -304 -3713 282
-13192 216 -10284 -135 -708 713
-13816 848 -10676 -901 241 87
-13268 2284 -10452 -900 2979 -183
-13056 428 -11204 -556 2370 -413
-11916 -1180 -14948 -251 1592 -108
-13264 264 -13288 112 -494 413
-12676 800 -11808 362 -1808 491
-13056 1420 -10776 451 -869 293
-13320 120 -10096 -110 1267 123
-12460 316 -12032 -472 4950 -229
-12696 -320 -13196 -544 3536 -243
-13096 1400 -11528 40 5946 -221
-10716 2036 -14036 -9 7734 -249
-10800 932 -16744 657 5529 -243
-10344 -332 -15576 -13 2971 8
-11944 -1048 -14980 848 1604 -209
-11100 -592 -15232 -386 -1106 -299
-11484 656 -14332 47 -2081 74
-10868 -188 -16188 -873 -1406 707
-11416 28 -15060 797 -1623 1173
-9968 1448 -11824 257 -997 782
-9140 1268 -13812 -877 3033 434
-12492 -644 -16116 -608 1739 660
-11680 712 -14436 -396 -891 516
-11560 188 -14668 -377 -3349 334
-11556 948 -14224 -1034 -1274 592
-11784 1308 -13856 -1027 -2732 850
-11992 2084 -13844 -84 -2233 506
-11352 2012 -13380 1032 -1402 266
-13476 2516 -14484 1185 -4128 -149
-11740 640 -12908 -821 -3592 123
-14572 3712 -15272 -4156 1457 3060
-15884 5096 -10732 -4841 3637 586
-14848 13908 -19668 989 2866 2025
-8908 15744 -14648 8769 -7018 -1820
-11448 11676 -9360 3868 -9626 -9154
-10368 3480 -10480 5713 -8285 -8105
-9904 -3376 -9400 6886 1521 -3123
-9176 -4380 -8668 3602 4150 -347
-9924 -5328 -10688 3201 4202 2660
-8924 -7076 -11200 -2462 6321 5766
-12180 -4072 -12212 -4692 12557 7802
-10592 -3208 -15064 -3920 3909 4271
-13428 -2228 -13876 -1443 7829 4193
-12040 -1988 -13360 78 -3204 -2499
-12800 -3432 -18480 137 -2820 -4841
-13212 -2872 -14216 726 -211 -2468
-12828 -3896 -12020 2208 -4311 -2021
-12716 -1008 -14016 4771 -4163 -766
-13656 -6700 -12356 1712 -3508 663
-11216 -1880 -13244 2369 -2186 1335
-13136 628 -12600 1765 -2228 654
-12892 -1716 -10248 1407 -386 303
-13092 -1964 -12256 -289 2034 971
-12312 -132 -12124 -305 3594 802
-11496 1040 -12240 -712 2821 735
-11832 -364 -14580 -109 285 132
-11620 -604 -13496 815 -824 487
-10924 160 -11864 561 2177 97
-10536 884 -10180 -972 4300 -535
-13148 -128 -16328 -2127 5438 -1868
-13184 -712 -17588 -1431 6384 -1674
-9244 -120 -16800 -365 3577 -319
-10880 -204 -16476 -206 -155 164
-10336 76 -14684 -296 -2141 328
-11048 604 -14228 167 -1698 98
-11368 32 -13576 -88 133 50
-12724 224 -16404 246 253 78
-10264 -132 -15872 836 -1980 352
-11516 680 -15220 1079 -3348 568
-11720 -116 -15312 1319 -4383 426
-10676 -712 -13008 1241 -4514 624
-12492 296 -13520 703 -4679 546
-12300 -232 -10956 322 -2177 485
-12872 452 -12488 -513 -249 267
-12348 264 -13356 -1062 1465 644
-13480 88 -14452 -1397 -1588 966
-12264 -1984 -12924 1155 -5156 1322
-12744 1280 -9836 -1141 -4363 991
-12132 60 -13144 -674 -2078 673
-12312 1172 -10260 -782 -702 160
-14748 -916 -10944 -1107 -2242 588
-13628 -484 -10316 -965 377 304
-11540 312 -10300 -1092 -352 274
-16216 4560 -14104 -350 129 184
-14620 1260 -12364 -2360 53 2339
-13688 -28 -9812 -4318 -2835 3878
-14112 5116 -9116 -1026 -5455 3766
-14316 9540 -8076 2380 -223 2938
-17024 14976 -14528 3458 -2499 -1152
-13300 14684 -11196 3405 -1235 -7007
-12844 11352 -9768 5430 -666 -9467
-12748 3480 -10080 3526 1316 -6815
-11744 -624 -9548 3138 10963 -1358
-12388 -5348 -9548 1274 4246 842
-12308 -6736 -10848 757 8675 3995
-9660 -8776 -11392 -1350 3102 3155
-8924 -7748 -15080 -2414 10250 5900
-9760 -2960 -14360 -3699 4296 3081
-12012 -1924 -15928 -1539 4687 2043
-11112 864 -16100 -1738 3826 -5
-10472 -952 -12648 897 -584 -1034
-14288 -2388 -14316 -399 -1400 -2266
-15204 -5716 -13624 355 -3638 -1333
-10224 -3572 -15452 1363 -4750 -1053
-13336 7000 -16148 1006 -2180 -28
-9868 1788 -12444 -413 -5124 -684
-13684 -828 -12764 576 -2158 359
-12932 -424 -12904 188 -400 367
-12760 564 -13416 228 -611 507
-11524 560 -12120 13 -1269 281
-13232 -372 -12376 -10 113 -17
-12444 -608 -13000 -462 1891 155
-12224 1028 -13356 -310 216 364
-12744 -116 -11908 -438 465 -21
-11520 936 -11668 219 898 -489
-15276 -668 -11500 228 1989 -930
-12268 -1120 -14024 -618 6441 -918
-11672 380 -15764 -459 5851 -293
-11732 8 -15592 272 1843 274
-13132 2108 -13992 1524 3747 248
-10124 -444 -13048 228 6165 -61
-9172 144 -16876 378 2169 372
-9384 -44 -17664 -422 -3690 322
-9504 584 -16780 -78 -4263 782
-10700 332 -15532 -1803 -4619 1294
-10580 732 -14836 -1522 -3023 944
-10488 568 -15452 -598 -1712 568
-10604 1524 -15212 -415 -1891 469
-10760 1356 -14632 -266 -2165 443
-10992 1348 -13588 -1183 -900 83
-10876 -756 -15020 -1063 836 138
-11224 1004 -13876 -1068 1019 1
-11304 1620 -15640 -575 3054 -58
-9604 1228 -16152 -427 -290 447
-10876 1028 -15460 -766 -3657 51
-11744 1928 -14752 -575 -5798 -301
-10256 1348 -12428 -11 -8188 -487
-18788 2060 -13624 3066 -2888 2269
-14136 2864 -14672 -2414 -2884 5396
-12168 5448 -16776 -3426 -2384 6600
-11320 8992 -10464 -5577 1730 3637
-8628 10868 -14508 5713 -7896 -995
-10140 11856 -3172 7919 -5499 -6622
-8808 11656 -9820 7419 -9175 -10797
-10024 5084 -9312 6488 1105 -7090
-14864 928 -6788 5208 2315 -1043
-11352 -3268 -9216 7101 6879 2750
-13184 -5916 -9764 570 4709 5160
-11416 -5052 -10524 -899 12124 5894
-14508 -5856 -14556 -5457 6889 5684
-12756 -1500 -14552 -7668 12740 3022
-11620 -1396 -14976 -3955 4241 -894
-17036 -3128 -16988 -1804 121 -3535
-8252 -2668 -11164 -2222 -1728 1992
-7524 -8524 -13000 -2520 -6930 -2977
-14376 -3796 -17508 2982 -5480 -2509
-13660 1504 -12632 -515 -931 -2432
-19404 12276 -11804 1628 -865 -1187
-8640 -1208 -9704 2082 -5508 87
-13776 -972 -13740 1983 -2225 778
-13764 0 -11364 -286 2069 1438
-12744 1544 -12712 -1055 821 996
-12284 1164 -11964 911 -778 1056
-12572 2840 -10888 1060 -142 950
-14004 708 -11700 470 1500 -65
-11344 -68 -13724 -807 718 153
-12624 1176 -12952 699 -242 418
-12096 492 -11772 -425 -1301 -174
-13740 1380 -11068 1128 942 169
-12276 672 -12160 553 4084 -574
-14588 1076 -17324 -732 3146 -232
-10440 892 -12900 -11 2571 8
-12764 1240 -12644 -498 1049 -249
-12028 1336 -14504 -684 2673 -135
-11456 996 -15388 562 1083 170
-11936 1532 -12340 1140 1309 127
-12020 820 -14516 902 2176 199
-11644 656 -13404 739 1464 215
-13108 704 -13452 -1248 3093 237
-8360 2024 -13708 -1940 4700 -569
-11660 688 -16156 -370 2410 -167
-10584 880 -15968 -208 -265 755
-10148 1564 -14152 9 -2769 410
-11496 132 -14956 -435 -1294 288
-10068 28 -15124 -457 -2561 785
-10280 3112 -13164 -666 -978 414
-11892 716 -14836 -1603 -1490 418
-13096 1604 -12188 -324 599 275
-10040 1644 -14336 -2374 3715 -378
-10352 1740 -15784 -80 6050 -361
-10360 1992 -16104 31 -2065 -885
-11008 3004 -16044 310 -6179 -1082
-10916 4256 -14728 986 -2629 -88
-12728 2256 -17128 -3486 -1532 1516
-12284 2844 -13956 1063 162 4314
-18632 9360 -17068 -951 -12315 2963
-11672 15020 -13144 5286 -6638 -2074
-12792 10644 -9528 8186 -7877 -4663
-9232 9224 -5416 9322 -6378 -4737
-10772 4452 -9464 8680 -7836 -1701
-11768 1232 -11228 5772 9406 2535
-15400 -2196 -11676 3372 8255 3920
-13240 -2720 -11852 -1164 8923 4415
-12036 -5972 -13280 -2672 6954 3436
-13232 -4152 -11680 -4358 6881 1707
-11240 -2804 -14344 -5862 4191 347
-11012 -1136 -13028 -6472 2235 -819
-12840 -1608 -17704 -2408 824 -5542
-15536 -8528 -15508 1940 -649 -4538
-15412 -8580 -17664 -3129 -4290 -5249
-14240 -6740 -14776 1665 -3986 -4182
-9096 -1284 -18360 -4181 -4099 374
-9336 -900 -9780 1056 -2896 1076
-13172 2024 -13240 2280 1804 17
-11092 -556 -13020 -23 573 -292
-12884 -820 -13300 -248 -484 201
-12596 -116 -13268 -820 630 657
-10560 752 -12796 -1862 2907 1315
-12080 2624 -14140 553 2080 525
-12916 1020 -13676 435 2139 -116
-11396 -108 -14404 274 1418 122
-10440 212 -14288 -309 1722 27
-10952 680 -14304 -355 1487 -227
-11352 1316 -13044 -310 1149 -422
-11764 1148 -15892 -152 -762 -147
-12076 872 -15604 -216 -1899 111
-11024 1484 -12764 38 -181 -26
-10936 1256 -12464 -310 3628 -730
-12008 960 -16480 1246 4734 -622
-11036 580 -16516 1741 1194 -175
-10748 332 -15008 470 -85 311
-10440 432 -15268 125 -798 209
-11104 1452 -14260 120 120 269
-11364 188 -14796 -280 1100 281
-11060 1040 -15296 568 -1332 45
-10980 1072 -15220 -288 -1817 381
-11156 1616 -15212 605 -4249 353
-11976 1084 -12280 -184 -4202 343
-12988 -1512 -12380 408 -2058 -66
-12224 -268 -13436 -854 3008 532
-11108 1816 -13900 -596 2753 655
-11196 792 -14536 -175 2666 180
-11316 312 -14064 629 3799 216
-10488 568 -16740 -1762 3535 946
-11084 556 -15040 -1508 62 510
-11380 1168 -15872 -1182 -743 715
-9644 1524 -15892 -923 -3760 443
-10788 2104 -13860 -542 -5039 345
-10936 3704 -14380 1253 -3571 -84
-13276 8272 -18700 1199 -9906 398
-22256 11676 -14232 2954 -8272 1961
-12428 10692 -11820 2166 -5259 -320
-15200 9848 -11048 3000 2873 -4066
-18244 6144 -8076 1308 -8592 -6246
-8520 2424 -11148 2132 -152 -7204
-11640 -1852 -10992 2544 3430 -2914
-6156 -3124 -9344 8132 1815 -1816
-10096 -3212 -9948 4888 1681 4043
-9000 -2016 -9660 1012 5623 7167
-13996 -2056 -11620 -2351 5542 6901
-13584 -1560 -14748 -3974 6192 4886
-12092 -1532 -14648 -5756 2961 1942
-12796 -1984 -15164 -3192 3258 -102
-12804 -1828 -13836 -2183 2104 -1148
-3260 7832 -16188 -3436 9325 -1855
-13796 -3092 -12716 995 -4279 -2158
-12224 -5088 -13128 -606 -2970 -1868
-10208 -2376 -12068 -98 781 -1778
-15184 -2848 -17128 2017 -3099 -2257
-17008 9876 -15172 4440 1563 -842
-12180 -1636 -13712 4336 -7335 845
-14840 476 -11936 2732 -2979 738
-12864 104 -12008 794 -2700 655
-13148 -296 -10172 161 283 372
-14104 -952 -12988 395 1217 142
-12104 -948 -12680 -756 1907 660
-12144 160 -11968 -108 888 829
-11888 -760 -10236 -268 -2472 867
-15312 -36 -13676 -894 -2871 136
-13484 888 -10528 -315 323 689
-11028 1008 -9940 -567 853 -317
-14820 -96 -13288 574 -281 -291
-12896 212 -12156 152 419 -27
-13464 528 -12272 410 1477 -83
-12880 344 -12228 161 2191 -40
-12900 -48 -12508 498 3682 -143
-12676 -356 -12604 -118 4523 -114
-11920 272 -12716 -306 5634 -509
-12760 364 -14068 -92 6617 -817
-10980 -156 -13956 545 6640 -651
-11112 76 -16020 1055 5659 -588
-10640 -648 -16112 343 3071 -248
-10720 -188 -16072 -419 911 194
-10076 -452 -15676 -167 -719 485
-10212 464 -14640 272 -53 506
-10436 -244 -16400 41 1239 454
-9932 -424 -16908 -1542 -1397 646
-10324 544 -16148 -452 -4677 726
-10976 2276 -13972 815 -3239 674
-11836 196 -14220 -13 -2021 148
-11188 -760 -14132 -419 -597 199
-11448 4 -14480 -748 320 186
-11096 872 -14800 -1201 386 389
-11028 1144 -14448 -1525 -1253 453
-9740 220 -12604 -1982 -2580 156
-15172 2776 -16956 -492 327 589
-16400 2268 -17736 -2607 2424 3214
-12856 6356 -17880 -4174 -4690 4878
-12984 9116 -9960 -3816 -655 6080
-13740 9372 -18548 1553 -9353 3975
-9868 13332 -10224 3471 -15238 -2796
-5536 11244 -4112 4112 -14110 -10102
-10400 32 -9932 1709 -6083 -7817
-13756 -864 -4780 3960 -7200 -3362
-14828 2168 -9556 2818 3042 -3114
-14136 -1748 -9740 1948 1164 -2793
-15796 -1332 -10596 467 1546 -1262
-12824 -440 -11808 1477 7233 313
-13116 -3176 -10460 190 2210 1588
-11604 -2360 -12140 1491 4921 3884
-11872 -2712 -11664 340 6973 6233
-12004 -1892 -11836 -1491 4631 5948
-9808 -2448 -11648 1036 2327 4250
-9656 -5980 -6340 -1515 3837 2024
-8588 -10472 -19392 -303 1476 -4519
-15584 -11524 -9004 -1372 -7047 -6424
-18548 -2780 -17424 2297 459 -3709
-4328 -8764 -3248 1238 -803 2484
-17844 -1784 -11972 199 2567 -96
-14036 1428 -12116 405 4995 509
-13320 280 -12112 317 -168 -375
-13212 -300 -12072 -133 -493 361
-13520 212 -10620 -11 938 110
-13668 -744 -14300 -634 -1717 237
-12508 -940 -12968 352 -1808 987
-12936 620 -9860 742 -981 802
-12952 1044 -8888 151 4417 75
-11716 320 -9696 -124 7497 -544
-14008 12 -15484 -355 7242 -745
-12832 -84 -15800 -944 1106 -151
-12856 -432 -13168 -656 11 -236
-11724 -80 -13860 -1286 1598 246
-12124 716 -14288 -217 667 192
-12384 756 -14004 498 3256 194
-11484 1192 -13264 2909 2878 -544
-9760 -952 -13464 3626 6470 -492
-11284 -1464 -16080 -765 3930 -354
-9824 -736 -19140 -1856 2916 728
-10980 -764 -14276 625 -1603 612
-11056 116 -15156 -367 -691 1127
-11068 216 -15128 10 -2332 1187
-11408 -200 -13984 92 -3761 977
-11704 -100 -14308 -261 -4411 985
-12128 1188 -13740 -265 -4765 941
-10456 -416 -11564 -774 -2034 602
-11968 -532 -12876 -672 990 344
-11800 240 -14092 -785 -268 475
-12520 292 -13372 -722 -1380 459
-12416 1488 -13512 -489 -3388 315
-11472 1172 -12072 -1026 -3718 157
-11524 624 -12500 -1147 -3538 -36
-17328 1132 -12172 -1188 -2723 869
-14396 1188 -13228 -2961 -1620 2991
-14964 3680 -13048 -3800 -4438 5185
-13008 4932 -12384 -485 -5782 6887
-18260 13008 -8596 -390 -2656 4325
-10572 16040 -8080 3908 -276 -4966
-13412 12768 -7960 3085 -9180 -8876
-8932 3036 -2360 3915 -14978 -8552
-8928 4040 -5260 6997 -5981 -3666
-17960 -584 -7888 1604 -4137 1904
-15612 1244 -8912 1610 4154 5291
-16764 -4324 -9236 1189 4526 3407
-21984 -3460 -12168 -1765 9946 3326
-12680 -3012 -11320 -573 9795 909
-13036 -3116 -8564 -3296 13692 1818
-13424 -644 -9592 -1666 9133 176
-13236 -776 -10104 -1731 4695 -718
-14496 836 -10416 583 175 -3063
-11244 -4048 -11636 3743 -2367 -3220
-10304 -456 -11176 2482 -898 -2564
-14476 -2944 -10708 1305 -2152 -1975
-22356 3284 -15960 6433 -1226 -1052
-17368 260 -13732 1801 460 1551
-12752 -1340 -8652 1545 464 1960
-13624 -368 -11220 2094 962 877
-12008 840 -9384 27 3026 673
-15104 2700 -12392 -17 1600 152
-13872 156 -11492 441 1839 -37
-12976 -92 -12220 -164 1044 130
-13200 556 -11964 -216 274 249
-14796 708 -12532 -76 -178 391
-11096 140 -11240 417 420 296
-12680 416 -12048 -295 1291 89
-12612 228 -12196 477 3677 233
-13200 -32 -13368 155 4775 -277
-12028 36 -12872 674 6925 34
-12120 84 -12344 815 12418 -829
-11868 784 -15648 450 11858 -1414
-7756 -724 -17368 -591 7079 -1073
-7612 -840 -18020 307 1987 246
-9952 -244 -15716 340 421 20
-9888 140 -16256 1118 3252 -713
-7596 -1492 -15704 401 2693 -60
-9428 -540 -17940 -87 1286 263
-7796 -116 -16224 -459 -1519 567
-7112 -892 -15608 -1156 -3183 535
-10740 572 -19340 -767 -363 13
-7912 260 -17056 -128 -1354 523
-9288 -180 -17656 -595 -3526 475
-9248 736 -16800 137 -6143 545
-9456 240 -16340 -411 -6956 522
-11484 -280 -15436 -935 -6581 761
-9548 -268 -12692 -956 -4466 399
-11944 552 -14412 -313 -2629 237
-9568 -560 -14048 -1222 -4519 294
-12476 1716 -13304 -831 -5427 637
-16572 1068 -15068 -2750 -1662 1936
-15108 1272 -17576 -5627 -411 4408
-14004 3244 -16816 -1110 -6302 7489
-11900 7040 -9592 -1376 -4673 6495
-12784 13800 -14468 3006 -8788 1598
-9080 13872 -6060 3392 -8908 -6163
-10192 10096 -8604 3484 -5677 -10122
-12584 7620 -8084 6667 -4894 -9981
-12332 3948 -7420 5951 -913 -7553
-11388 -1764 -9096 2559 396 -3037
-16324 -3876 -8840 -206 9682 4686
-9116 -5508 -7232 1105 2824 4487
-19384 -6104 -11524 -5522 3145 8255
-12976 -3248 -9472 -1302 5433 3000
-18512 -2696 -13112 -3581 3996 2952
-14584 -560 -11592 -3531 1854 -618
-11628 784 -13872 -1316 3968 -323
-9580 1276 -12380 -1070 595 -1427
-15940 -1116 -17552 4023 -1085 -2403
-16188 -2800 -10408 4557 -3808 -801
-14972 -5224 -7080 5475 -7702 78
-16128 -5524 -8560 2511 -3811 -2803
-15924 4876 -12100 3894 246 -1785
-12724 -3016 -11864 224 1745 -643
-13188 -188 -12360 1065 -763 662
-13548 468 -12372 981 -1600 329
-13972 -36 -10128 494 -302 645
-13156 640 -9820 -1006 1233 394
-13504 1320 -9944 -126 3148 274
-15096 1240 -12520 -81 4887 27
-12552 616 -10396 1345 6668 -1
-10936 -684 -13572 -420 2369 10
-11828 536 -12600 -518 3204 -248
-12892 1536 -11668 -468 3279 -215
-12724 1316 -13868 -454 4471 -583
-11860 288 -15228 -92 4104 -294
-11812 844 -15652 176 3326 262
-10860 612 -13848 -67 5484 35
-10952 836 -14584 34 5612 22
-9612 560 -16220 722 2760 37
-10592 596 -15872 715 963 53
-10460 624 -16144 718 -897 -126
-10548 492 -15808 120 -1382 278
-10048 304 -15552 -155 -1991 259
-10172 340 -15752 180 -3323 318
-10564 360 -16372 1416 -5676 154
-11612 824 -13700 750 -4402 760
-12328 300 -13528 422 -584 631
-11940 -316 -14356 -793 32 815
-10428 1988 -13092 -118 1711 444
-11776 -284 -14096 -295 2865 671
-12088 132 -15104 -1123 1571 609
-10604 932 -15620 -609 721 438
-12584 420 -15248 -851 -2716 209
-10192 776 -13972 -1646 -2696 284
-10440 1004 -13404 -301 -1252 4
-11520 1732 -13916 349 -1390 600
-17464 1844 -15784 725 518 1999
-11748 4272 -17120 -4333 1210 3675
-9592 4272 -15700 -3381 896 6053
-18292 9212 -16288 -3631 -6759 3699
-7480 15052 -12512 5752 -9287 -3872
-13112 11844 -9804 6236 -13441 -9827
-9544 10224 -9784 5703 -12442 -10246
-10424 1284 -6704 3317 -7449 -5229
-12196 -3036 -9608 3071 -1103 -1024
-12252 -3224 -8004 3741 11013 3055
-12832 -4856 -9592 663 2690 4275
-14020 -5548 -12848 -5239 7200 7405
-10412 -3252 -12532 -620 3696 5817
-12716 -856 -12088 -4924 8088 4324
-23776 -3556 -13056 727 -2153 -3030
-15752 -784 -10056 4053 674 -967
-11856 -172 -9560 1845 2329 -2437
-10160 -1400 -10404 -20 -171 -3224
-13704 -3608 -15608 965 -7565 -3571
-14364 -3792 -14908 2378 -7034 -2810
-20292 -4744 -10500 278 -1651 -130
-11452 44 -7760 924 -2141 393
-14268 664 -9696 189 -3411 96
-13768 -484 -11020 -113 2699 -99
-12068 256 -10028 79 2630 10
-12980 -4 -11276 -272 4216 -125
-13812 1436 -12652 -1203 4203 -27
-10408 312 -13448 -1593 1273 285
-12372 768 -10532 -660 2226 213
-12636 220 -11140 431 7672 -502
-13184 380 -14136 -93 10439 -1032
-12180 1068 -17160 -1658 7309 -1476
-10172 572 -17648 -936 339 -592
-11228 -124 -14816 479 120 486
-11700 884 -12808 2002 489 83
-10948 340 -15228 1341 1203 130
-11868 164 -14108 775 1245 379
-10952 136 -16052 282 -941 419
-10556 304 -16352 332 -1963 1163
-10604 160 -12708 252 -2557 1183
-11808 176 -15036 -262 -2569 1290
-11388 980 -13844 467 -4075 1348
-11388 692 -13420 -1276 -4082 895
-13008 -472 -13616 -1102 -1354 481
-12808 572 -13504 -447 -2180 460
-11920 1500 -13804 -639 -1754 598
-12492 256 -14408 -1099 -4957 528
-11524 3704 -10236 -63 -3934 348
-13368 772 -12152 -1845 -1984 94
-13628 -748 -13064 -433 134 127
-12604 1444 -12480 -367 -484 521
-13308 1880 -11288 -828 -1867 511
-11776 2704 -8684 236 -1283 540
-15596 3020 -8488 -223 3190 1290
-14552 2248 -19788 -7244 206 1605
-19288 4384 -12944 -1020 -3030 4752
-8924 6368 -15156 4264 -10795 2126
-8552 9108 -10496 5361 -14584 -578
-11760 8968 -11376 6138 -17326 -2268
-10884 6112 -4076 9120 -18309 -5613
-10728 8880 -3660 11814 -3331 -5557
-17812 2360 -1416 7902 761 -1608
-12436 928 -2244 7833 2702 -751
-13260 -2200 -4112 2261 10382 1098
-15136 -2784 -4892 -1968 13337 2428
-12508 -3972 -6020 -4530 7024 2053
-16636 -2180 -8972 -4953 10204 2492
-13852 -1864 -7980 -6822 6606 544
-13848 -1120 -12092 92 3401 -463
-13044 -128 -11464 -7000 4865 -1108
-13872 140 -11104 -1543 716 -1230
-14708 -1016 -12276 -1597 79 -177
-19188 -1100 -12596 1625 -3284 -689
-14976 -4408 -11468 1688 -2548 -2956
-15536 -4048 -10136 1094 -479 -2913
-14900 -1360 -12516 477 266 -3238
-17592 2944 -9264 -2313 -1557 -224
-11540 -184 -9904 -9 -984 439
-14400 -440 -11116 734 2306 547
-12608 1244 -11188 52 419 359
-14992 196 -10656 403 -2419 39
-12424 764 -7672 250 -1196 65
-13960 -1588 -10008 -637 4537 -52
-11932 -552 -11636 -2360 5023 449
-14344 1140 -11744 -252 1867 105
-12832 480 -11528 265 713 283
-13132 528 -10300 359 1238 -41
-13708 916 -11004 675 6110 -200
-13540 -496 -12384 132 10030 -373
-13108 -32 -13948 -549 7872 -875
-13136 540 -17168 -230 3559 -266
-11300 24 -16192 478 635 532
-11840 -100 -15672 894 -1049 683
-9928 408 -13196 2010 420 786
-13116 1196 -12288 862 -382 432
-12028 -484 -14532 -257 510 292
-11312 -516 -14084 -87 -1965 738
-12088 -20 -13568 -199 -3887 597
-12492 884 -13968 -343 -6598 914
-12240 628 -11652 -439 -6527 811
-14508 -580 -12192 -716 -5255 818
-12808 992 -12748 -685 -5826 1386
-15116 668 -10136 873 -6872 1010
-12760 2004 -6748 570 -3488 389
-15788 -480 -9240 -1525 676 78
-12600 1140 -9868 -210 4568 250
-15024 1804 -10348 -753 2567 517
-14996 140 -11392 -2351 3937 1070
-15392 1220 -13608 -4955 5483 3595
-14768 3412 -12120 -5188 -1281 5095
-13856 2696 -10324 -3504 -2037 4933
-14284 10464 -15268 -3 1200 3042
-6124 4208 -3704 5013 -14870 722
-11752 10644 -13760 12293 -15803 -366
-15732 12380 -6344 8446 -7337 -5830
-16428 9852 -7888 6279 -4144 -7005
-16276 3992 -4100 2866 -142 -6387
-12288 236 -5944 4792 7902 -4098
-17344 5728 -7532 -4618 16053 151
-9912 -3332 -7728 1789 6464 2123
-17892 -3468 -11780 -9474 1428 5523
-10348 -4980 -8596 -1600 6307 876
-15524 -6196 -13108 -5835 2499 736
-10452 -2356 -12224 -3685 4990 -624
-13620 -1192 -13976 -3252 4079 -1202
-11440 -968 -12880 -570 782 -984
-11672 -2332 -10956 -587 166 208
-13092 -7736 -15820 2646 -8737 -3912
-13764 -8568 -10336 1280 -2091 -3171
-10700 -7564 -18496 -2080 -3292 472
-8908 -1812 -8328 690 -1753 2150
-16512 4636 -9444 293 4392 1218
-12184 700 -10808 -164 6802 -373
-14076 -1260 -16800 661 1583 84
-11756 -556 -13000 839 326 1211
-12080 332 -10548 -699 -619 1063
-11992 132 -11352 -1973 869 55
-13428 1972 -13224 -1436 1450 -39
-12132 1020 -12708 -569 1646 -25
-12724 1068 -13008 -517 289 -50
-12280 1112 -12436 476 -828 -36
-12952 848 -13220 982 -1001 -10
-12272 672 -11876 542 -1888 107
-12692 916 -12128 1013 -886 115
-13052 1008 -13012 585 -1013 83
-13336 120 -13764 -1 -2860 341
-13664 424 -12060 215 -4907 365
-13592 864 -9924 691 -1538 79
-13772 520 -11704 670 1307 137
-13812 336 -11028 611 1762 -3
-12984 508 -10536 678 2664 -147
-12536 -116 -11700 427 2876 -454
-12788 256 -14780 370 1292 -142
-12056 1216 -12692 -160 -2249 279
-13120 456 -10464 -115 -3885 249
-13856 72 -11932 130 -2240 227
-13876 552 -10388 -1185 -547 360
-13064 712 -10976 -827 1144 190
-12396 1252 -12448 -1220 -859 441
-15548 -700 -11764 -742 -1881 653
-12136 1808 -11408 79 -1697 713
-14200 648 -10480 -610 -2234 823
-12080 412 -9184 -1171 -866 400
-14988 1812 -10236 -1216 740 670
-16424 2660 -11828 -2073 3527 2094
-16232 1784 -13100 -5360 1437 4244
-14972 2472 -12120 -6463 -1842 5882
-12580 4376 -10508 -2308 -9271 5290
-16992 13572 -10748 1960 -4477 3056
-12228 13848 -9488 5443 -12090 -4667
-7732 8644 836 3769 -12386 -9118
-11324 10204 -4892 6361 -781 -10866
-14796 5336 -5716 1031 294 -6536
-13892 -48 -8248 -441 -3248 -4366
-11912 -3344 -10804 -1100 3173 -244
-9072 -4152 -8044 5387 10983 1750
-19060 -6288 -12212 -1442 -429 5571
-9880 -2644 -8488 2780 14691 5652
-18800 -3096 -10296 -23 4172 3533
-14336 -1748 -9732 -1433 13132 3228
-17056 -3420 -12564 1972 -2116 -10
-13520 -664 -10720 -848 4369 148
-16664 4536 -13188 -7288 1737 -1484
-19532 -2432 -9656 -1692 -747 -3557
-17304 -2516 -11176 2333 -1459 -2761
-17268 -2860 -11728 722 -1646 -2870
-12780 -3820 -11512 3947 -567 -3065
-13404 828 -12168 1748 -2849 -2047
-17928 -2432 -12964 -934 -4704 -394
-12132 0 -8852 1064 -707 -69
-13928 488 -11712 104 846 258
-12656 -204 -10512 -104 1355 -245
-14792 -272 -11752 -1211 -580 -5
-13656 -352 -11412 -935 248 65
-14436 348 -9736 -775 5443 318
-11136 1952 -10152 39 7842 -859
-12104 -764 -15116 181 7703 -1488
-12816 -1276 -15956 -1021 5089 268
-11848 -72 -13876 -1366 -862 710
-12000 152 -13828 -570 -766 282
-10948 292 -13940 7 496 277
-11708 -284 -13020 -642 1453 304
-12052 -572 -12260 -95 5380 860
-9732 3076 -14384 910 3874 570
-12140 512 -15200 1121 1139 -583
-11344 -716 -16616 508 1019 -215
-11136 468 -16056 -789 -2060 146
-12160 -80 -16328 156 -2462 323
-11236 1276 -13996 460 -1700 426
-11576 668 -13428 579 -786 405
-11396 188 -14368 1253 -232 74
-11424 160 -14096 1089 -508 185
-11904 36 -14644 941 -142 -32
-11380 252 -14640 763 -924 362
-12292 360 -14256 722 -1688 300
-11304 -1048 -13056 1023 -980 105
-11520 36 -13900 664 1262 30
-11728 -124 -14488 333 760 275
-12092 -280 -13640 277 512 184
-11600 100 -13860 17 1167 294
-12200 180 -15000 402 327 2
-11148 -348 -14496 186 422 159
-11296 484 -14192 -88 205 393
-10856 -4 -13980 222 144 60
-11804 32 -14536 239 344 36
-11856 -12 -14880 123 -199 194
-11572 268 -14300 361 -1773 230
-11972 308 -14172 218 -2117 283
-11548 0 -13552 147 -1498 268
-11644 124 -13508 349 -666 231
-11908 16 -13648 235 -95 167
-12024 120 -13720 223 484 138
-11736 -104 -13900 153 673 145
-11912 128 -14284 207 223 128
-11840 124 -14088 274 56 114
-11920 84 -14064 289 118 146
-11872 144 -13668 237 45 155
-11664 104 -13940 201 -155 188
-12028 160 -13600 -156 -787 232
-11592 16 -13908 156 -1019 225
-12192 124 -13520 -27 -249 205
-12216 288 -13464 35 -185 132
-12232 192 -13628 45 -503 209
-12208 264 -13760 166 -1088 138
-12192 184 -13444 330 -955 244
-11916 384 -12892 317 -183 141
-12172 232 -13896 389 64 113
-12104 28 -13448 249 -446 206
-12368 336 -13344 93 -1172 202
-11932 68 -13424 255 -492 158
-12224 208 -13396 254 47 144
-12292 208 -13216 287 280 124
-12528 236 -13516 134 -244 213
-11788 0 -13564 183 -475 102
-12256 36 -13856 295 -1136 230
-12560 100 -13480 394 -1357 309
-12768 244 -12928 474 -1722 258
-12352 -24 -13284 794 -1480 437
-12316 -784 -14072 935 2911 732
-12516 700 -11492 -279 2016 392
-12800 -48 -13428 557 1901 -123
-11092 -244 -13156 -264 702 228
-12496 188 -13112 -543 -645 676
-12516 424 -13072 -1142 -234 227
-12564 792 -13156 -871 675 65
