789 2824 824 0 8266500 8492362
-10336 -496 -15960 774 992 1087
-9284 484 -15732 79 1252 144
-10332 -136 -16204 169 1408 -316
-9556 -964 -15844 433 664 107
-10052 -148 -15572 377 1085 20
-9924 -676 -15828 364 1641 -132
-9056 -632 -16720 48 1377 -483
-9564 -892 -17108 103 -6 76
-9392 -372 -16128 241 -890 279
-10000 -132 -15984 328 -508 -19
-9760 -840 -16116 177 -472 290
-9828 -564 -15932 117 -60 207
-9528 -624 -16208 96 138 166
-9676 -556 -16184 146 210 186
-9680 -588 -16092 103 103 95
-9432 -648 -16316 198 -31 117
-9680 -616 -16324 258 -201 95
-9652 -648 -15992 181 -186 229
-9700 -492 -16040 251 -106 175
-9788 -472 -16056 122 25 65
-9692 -612 -16144 268 252 182
-9540 -580 -16112 242 227 132
-9632 -600 -16352 240 -93 137
-9604 -600 -16148 260 -24 176
-9620 -592 -16172 273 269 121
-9592 -496 -16292 201 203 141
-9640 -568 -16180 293 -82 175
-9704 -528 -16380 244 -286 176
-9664 -292 -16048 273 -235 132
-9728 -432 -15976 312 61 90
-9676 -528 -16060 212 181 141
-9572 -584 -16340 219 220 50
-9644 -680 -16420 210 -145 176
-9780 -536 -16080 213 -228 214
-9800 -544 -16012 238 98 103
-9764 -660 -16120 178 581 151
-9700 -440 -15820 253 970 65
-9452 408 -17024 524 106 202
-10556 4372 -18964 3399 1178 -1164
-10412 5304 -17948 1750 1547 -1916
-7752 3952 -15884 2435 193 227
-9364 9196 -15788 -1951 3532 -210
-5216 -1860 -15208 355 11231 2402
-14940 -3356 -17608 -2425 -1983 -1208
-9748 240 -16504 -629 -2018 -538
-19000 2620 -15372 -8106 -14779 -7799
-10304 2804 -17220 -4109 -6461 -6378
-10116 -312 -19176 -3518 371 -4198
-4312 -2608 -14224 -4356 -3890 -2113
-3436 -3280 -12240 -3726 -1397 2919
-11744 -12164 -16260 6671 5050 1734
-8548 -300 -11884 2729 -11644 -3099
-18644 1080 -14668 6436 -9847 -2595
-10928 -6112 -11724 1215 -1126 -2413
-11264 -2292 -13812 618 3613 457
-12244 -1552 -14540 209 941 971
-11512 -964 -13812 265 -50 824
-12420 -1604 -13536 -200 -1114 867
-12504 -1760 -13676 84 -466 1520
-12904 -2440 -12676 217 -64 1820
-10512 1600 -10916 1136 -430 1086
-12560 1348 -11780 -1207 -872 -50
-12776 -1076 -14072 -1531 402 -1236
-11740 -932 -14480 -1657 2510 -66
-11756 -468 -14604 -519 1129 381
-11828 44 -13352 -138 802 213
-11844 -108 -12840 -556 1298 37
-12460 -8 -13732 20 3603 78
-10828 -268 -14012 -301 4729 -1138
-12196 -8 -15416 -1023 4264 -1023
-9616 -124 -14816 813 1385 -759
-10196 -856 -15944 1003 198 129
-11420 -160 -15096 560 -871 569
-10876 -252 -14664 441 -248 90
-10436 -228 -14652 216 -170 166
-11420 -812 -15132 183 -132 222
-10616 120 -14532 183 849 203
-10988 -512 -15136 170 1118 -12
-10440 -640 -15040 -131 1830 131
-9932 -984 -16996 -267 1031 -420
-8964 -820 -14244 45 136 -21
-11024 -600 -14964 -532 631 123
-9764 -256 -14696 -494 2749 -60
-9724 -24 -15188 -243 4093 -174
-9696 -152 -16764 -447 2902 -4
-9348 -116 -16368 -497 949 233
-9024 -600 -14044 -1118 115 278
-9784 1700 -16300 617 629 258
-9452 1172 -16352 870 -4279 283
-12456 1192 -15216 742 -5350 -52
-12520 2040 -12988 -221 -9032 1043
-17208 3212 -15608 -1933 -3734 2771
-14496 6568 -16392 943 -6228 1884
-14436 9232 -11228 2435 -13085 -1874
-4972 4592 -10132 8141 -7221 -7753
-13420 2712 -11836 4969 1000 -4297
-8624 1716 -11980 3886 2081 -4559
-9868 -1632 -13560 238 8040 828
-8664 -6472 -13784 -1319 5548 2828
-9456 -7548 -13804 -2255 5689 5349
-7532 -6660 -12248 -4301 8268 4377
-7364 -5648 -10640 -5305 7776 5746
-100 -3580 -1932 -8054 10171 1222
-23448 -22240 -22096 26031 -10457 -10241
-2960 -4292 -15560 -3258 -3755 -6434
-15608 -2140 -20216 -2303 -5349 3828
-7724 -472 -15044 1791 723 1246
-13104 488 -14560 -360 1591 1173
-10096 408 -16300 -1023 1180 883
-9860 -556 -16988 256 -1383 683
-10976 -996 -15616 376 -3838 918
-10868 -1596 -13548 126 -72 1219
-11552 -268 -12952 -664 2262 1324
-11012 2592 -15324 -305 2431 740
-9356 -492 -15468 268 4410 -350
-9580 -1968 -17996 -1007 -197 -468
-10268 -140 -16900 -1251 -1310 -122
-9456 436 -16248 -1293 -1255 -148
-9844 -540 -16412 -1797 -2226 -195
-11988 1020 -14832 -1112 -1160 368
-10628 1644 -13588 -2312 7437 275
-9828 2684 -15940 75 12605 -51
-6492 708 -18836 519 7546 115
-7084 1196 -18936 1429 -589 -698
-7804 808 -17364 865 -3224 -390
-8800 -372 -16592 98 -1198 71
-7960 952 -19484 -757 -1554 408
-8964 44 -18064 -216 -3667 692
-8620 944 -14920 993 -2727 623
-9444 820 -16084 437 -725 494
-9112 1072 -16024 224 -851 222
-9200 124 -16292 211 -952 364
-9464 164 -16320 -645 911 768
-9052 1480 -16548 81 1685 659
-9176 868 -16084 207 1202 1
-9456 292 -17404 -513 937 506
-9012 1228 -17212 -594 -1006 276
-9232 764 -16356 -405 -1148 418
-9276 1024 -16572 -349 177 198
-9104 704 -17148 -507 405 180
-8764 1720 -16376 -236 -271 24
-8560 884 -16752 935 -183 -268
-8336 224 -16232 366 118 -558
-8424 112 -15580 -2378 1168 76
-13256 -356 -21648 -7821 1055 2796
-9304 4972 -18356 -1069 -3266 4372
-9836 7832 -13888 -3631 28 4175
-11596 9152 -16028 669 3326 1571
-9884 11840 -17568 5195 -8016 -3520
-7532 14040 -18952 9006 -10531 -10549
-8800 12696 -15348 8041 -6522 -12326
-9760 2720 -13164 6978 -5287 -8972
-4128 -4492 -13744 4483 -2918 -1082
-7156 -8724 -12048 5038 -715 4776
-7624 -6932 -11580 1443 6086 9524
-10744 -8240 -11652 219 3353 9252
-10400 -6008 -12596 -3130 5558 8214
-12100 -3948 -12324 -5498 1295 4603
-13312 -1660 -15788 -5727 1232 672
-11120 -1188 -15372 -4597 -3487 -966
-9088 -8744 -5200 13573 13023 976
-14796 -1452 -21700 -4455 -9204 -2971
-7592 -5128 -8336 6302 3851 -1907
-11608 -2068 -12300 1538 -3044 -3621
-16340 4132 -20548 4126 -4250 -2833
-11900 -2796 -15080 -929 877 1367
-8280 -96 -13712 544 -220 1140
-11308 -600 -15960 281 -1918 96
-11976 -676 -14616 448 -2777 788
-11844 -1156 -13364 184 -2010 1032
-11844 -452 -13168 17 -494 604
-11612 180 -14648 154 128 572
-11708 -364 -13564 492 -2723 578
-11108 816 -13460 -597 -2193 377
-12100 272 -13324 325 -1775 241
-11724 -304 -12040 900 -390 567
-13516 296 -13004 347 1733 331
-11888 -256 -14128 -322 2367 -794
-11456 -1308 -15828 -101 3668 -578
-11328 -92 -14244 24 1588 231
-10952 -296 -14032 -192 2397 -166
-11440 256 -14652 -494 2263 -120
-10688 -76 -14776 447 2077 -32
-10848 356 -15048 275 1407 370
-11272 172 -15716 1061 1542 136
-10008 -344 -14812 248 1430 309
-9880 308 -14828 -123 -156 88
-10848 -352 -16124 -436 -221 166
-10272 -432 -15668 -1796 411 596
-10680 2344 -14876 331 894 384
-9884 -184 -15820 -423 737 236
-10892 156 -15636 -563 856 486
-10072 388 -14748 -1066 966 503
-9468 484 -15040 -1093 801 96
-10636 1112 -16392 -231 388 292
-9572 1032 -15848 -864 -1706 569
-9916 352 -14468 -1127 -2576 106
-11388 1544 -13372 -3203 -3930 -760
-11820 1312 -16872 -81 -2422 -731
-11728 928 -15172 -619 -7602 538
-13996 2468 -13740 -1424 -634 2557
-13512 5004 -14680 -4113 17 3732
-13352 4520 -15660 -3796 -2058 5241
-12748 4532 -15640 1709 -3069 6585
-11508 7328 -13156 2264 -13800 3580
-14028 10980 -10804 4448 -17365 -2516
-9584 11532 -10596 7825 -2644 -5873
-16948 10792 -9312 6471 -9202 -9582
-9688 8248 -7016 4761 -6731 -11081
-10412 2508 -8512 2421 -148 -8347
-11080 2276 -9524 -293 11863 -2311
-10864 -4424 -10740 -1734 5260 1688
-12096 -4312 -12496 -5224 14698 5539
-13408 -6888 -14824 -6426 10609 5261
-11960 -2788 -15384 -5497 8219 3066
-7984 -4048 -13504 -5155 8896 2719
-13196 -19180 -10152 15681 18955 915
-19776 -4512 -18012 -9013 -17534 -8198
-17624 -9372 -12212 7037 -1953 -5274
-12396 -228 -15752 4752 -669 813
-12892 -4892 -11456 1187 -5681 3
-13240 -1248 -13480 1292 735 1700
-13280 -276 -14292 -816 -1190 228
-10064 -352 -13648 467 -1627 1399
-12804 472 -12944 220 327 898
-11712 -400 -13600 -418 1479 746
-11784 584 -13380 -107 1062 1317
-11540 788 -14020 -260 2420 -36
-10680 140 -16416 -2463 -4519 174
-12696 896 -13756 649 -4758 1271
-12332 3828 -10688 -432 -1604 635
-12148 -320 -11148 1473 642 -367
-11580 -980 -12984 -200 2009 -549
-12184 428 -14616 -1163 2820 -492
-11240 648 -13236 -822 5030 -78
-12364 776 -14624 0 5611 -216
-10596 916 -15208 -419 3429 -218
-10288 312 -17560 1571 677 -350
-10616 884 -16276 1851 -2370 433
-11300 60 -13332 685 -1905 403
-11412 508 -14096 320 302 173
-11256 512 -14948 -208 -247 358
-10716 736 -13232 435 -205 84
-12016 432 -15232 -617 -272 469
-10752 572 -14960 -137 -2238 353
-11520 -76 -14996 -674 -2029 485
-11864 1124 -13308 -664 -913 571
-11428 64 -14308 389 -1264 104
-12640 880 -14176 397 -1237 148
-12000 -424 -13372 -841 -809 539
-11872 1280 -12936 -1341 902 403
-11824 1552 -13336 -423 1386 313
-10768 1012 -13692 197 2386 -37
-10188 180 -12708 416 4264 -328
-11224 2208 -15152 -364 7498 -135
-11800 2984 -17772 5954 3825 -241
-11992 1980 -18776 -3045 -3676 2673
-13140 6644 -16740 962 -4604 3384
-20388 13700 -23668 -764 -16717 2169
-9392 12056 -11500 12340 -13739 -2765
-12440 9184 -7180 10545 5671 -5151
-8832 2416 -9012 10211 -7536 -3014
-6240 1072 -10044 3750 7011 1958
-13248 -1664 -12444 544 6863 1642
-14208 -3476 -14448 -2999 9632 2270
-16468 -7456 -16620 503 8785 3193
-5500 -5704 -11592 -4340 7117 -3028
-6320 -5984 -10668 -5205 9388 -442
-1808 -5476 -10948 -8519 2432 2489
-24416 -7692 -20536 255 10860 428
-4812 148 -11692 4599 1790 -1625
-14364 -3136 -20632 3482 -4676 -3660
-8388 1260 -15400 3023 -1453 -834
-14368 2384 -17672 2090 -1153 -872
-9820 -2428 -13432 2697 -3538 -968
-10516 -2192 -16904 1479 -3319 -20
-10136 -1648 -13884 1129 -3907 984
-12004 -392 -14144 23 -1882 984
-12496 -720 -12788 -523 932 -34
-11196 -948 -13120 -1105 3992 -458
-11704 224 -13400 -1726 4993 -320
-10396 -24 -16080 -1707 5437 -486
-9744 -272 -16752 -1067 1792 240
-9484 -100 -16812 -464 -1173 456
-10300 668 -15068 23 -1110 262
-12484 1612 -14684 878 882 -302
-11380 1004 -17088 -189 190 -12
-8212 -516 -14736 1663 -225 -104
-8652 36 -14812 32 -499 -41
-10272 -132 -15016 -367 -2217 27
-10824 -28 -17000 -830 -4508 386
-12592 272 -14664 -74 -3641 415
-12008 796 -13464 408 1948 -193
-9168 0 -15056 809 1997 -333
-9500 -328 -16064 1427 2056 -19
-11812 -1376 -20656 1879 -1055 230
-12660 132 -13772 848 -3661 181
-9828 -1716 -13248 -379 -783 26
-10716 116 -14888 -663 1847 199
-10824 84 -15428 -683 2539 454
-10244 -188 -15288 -926 287 519
-10320 620 -15992 -490 -437 610
-9560 612 -15044 -67 -1143 804
-11476 -328 -14920 -588 -944 534
-10880 -492 -15324 -1466 170 547
-10200 560 -14976 -1284 332 796
-11420 1908 -15208 -877 -58 720
-10396 1136 -15384 738 83 -51
-10352 988 -15064 641 -1508 77
-10844 2948 -14604 2076 -2335 -256
-12036 708 -17068 -338 -5819 324
-11940 3588 -15476 3824 -11294 389
-14068 3980 -11956 -1084 -5323 2819
2120 7240 408 527 -6169 2838
-12680 9044 -7636 4128 1191 -938
-17684 9216 -12164 1872 -862 -3169
-8276 9828 -12000 6113 7893 -3509
-17740 1576 -11484 1826 2565 -345
-7000 -2404 -13332 2745 2810 810
-10624 -4868 -12792 -1745 10903 4132
-9200 -5204 -12108 -1914 7920 3103
-10240 -6448 -14748 -3180 7168 2607
-10688 -4636 -15364 -3838 6337 -1362
-8152 -4236 -11420 -3790 -3086 -2202
-1120 -2128 -3504 -8432 -7827 240
-18860 -7468 -19512 -2375 -6840 -3804
-11156 -4808 -11348 5983 -5759 -4119
-20924 156 -18392 5390 -4129 -1159
-8116 -6168 -9792 -123 -315 984
-13184 -1236 -16212 -1957 5132 1584
-10004 1656 -13732 -1415 4013 1168
-10620 316 -15576 -1094 1203 -137
-10876 1072 -15576 82 -1322 -91
-11028 -136 -14364 562 -1152 -8
-11556 -228 -13952 -801 496 289
-12276 -112 -14104 -1917 1939 204
-11196 1860 -14004 -1244 1986 328
-10396 584 -15744 458 2429 -276
-10172 228 -16512 -1272 762 223
-10132 860 -14840 -2719 -1648 469
-11728 1492 -15760 -1675 -445 152
-10472 524 -14272 -1717 -857 -405
-11120 1188 -14800 -512 -596 -23
-11192 1560 -14464 293 2603 183
-10028 1588 -16416 -838 578 255
-10404 1376 -15296 -203 -846 173
-10176 1444 -15024 11 1227 89
-9872 1420 -15204 -25 -434 -60
-11076 1504 -14832 785 -1277 29
-10740 1592 -15308 964 -714 182
-9916 792 -16860 1306 -529 218
-11128 640 -15552 1583 -3246 788
-11568 2136 -14164 2067 -5730 511
-12408 1224 -12796 1997 -3972 -76
-11916 -1336 -12704 -23 22 246
-11908 3780 -13040 -155 3776 553
-11404 1080 -14684 1263 5717 -177
-10832 -552 -15220 323 5294 160
-10084 404 -15908 -2062 2776 566
-10152 1140 -15908 -1739 1562 306
-9948 1620 -15784 -1214 80 249
-9520 1392 -14860 -414 -671 -95
-10064 1400 -14724 721 1359 -283
-11340 796 -17296 1111 5627 -444
-10788 1884 -21384 -2792 10646 2833
-9376 3240 -22764 -4346 -5474 3843
-11000 5948 -19620 -1099 -11720 6393
-6712 6220 -15024 4419 -9254 2878
-15956 12984 -20020 5048 -15377 -4169
-9260 12352 -11336 8971 -12252 -10625
-9984 8456 -7756 8364 -17298 -13091
-4640 4516 -6400 6640 -3046 -10619
-11080 -288 -8608 4007 4555 -3491
-10572 -732 -9884 -233 10589 2943
-13896 -6284 -14016 -4674 4972 5452
-16512 -4760 -18156 -6215 8380 6691
-14180 -4464 -15772 -5850 3808 3816
-12416 -5132 -13480 -1447 6248 2395
-8148 -5216 -12792 -390 6245 812
-4904 -6580 -8620 -3339 3286 2461
-20220 -1976 -28912 -7864 1345 -4192
-11788 -3724 -14956 4903 -5955 -7965
-12700 -3396 -16648 4690 -2478 -4406
-16344 3672 -17576 2884 -5270 -545
-9320 -4840 -13264 1762 -4782 -759
-14176 564 -13268 596 1425 -325
-12260 -1480 -13024 -484 1094 -283
-11148 -816 -15016 365 721 -292
-11536 -1060 -14784 995 -2092 339
-12400 -1012 -12928 474 -3550 865
-12580 -760 -11772 -1241 -3036 843
-13076 -1084 -11612 -1400 -313 522
-13492 172 -13536 -1500 1043 301
-10324 -232 -14796 -481 1070 435
-8840 -564 -14200 98 -2226 -576
-14308 1116 -11324 76 -4123 670
-15460 -48 -14564 505 -1134 -758
-9452 -1764 -13104 -1997 1641 105
-15496 964 -15740 -112 -1163 666
-13840 -236 -12116 653 847 347
-12684 384 -12984 1386 1621 -213
-12488 488 -12124 94 2953 -327
-11536 -1292 -13620 1335 3275 -605
-12288 -156 -14604 988 2933 -506
-12340 -904 -15800 1700 421 -266
-9360 -2092 -14068 461 -5577 562
-13676 320 -12652 863 -4257 539
-13520 -460 -12224 523 -1101 648
-12888 540 -10924 165 861 235
-13388 -940 -13676 -46 2133 -200
-11948 -2564 -15484 -688 1138 1097
-13048 392 -12196 339 -797 831
-12952 -412 -12352 -939 -11 830
-12060 -1260 -12096 -996 1531 430
-12000 -80 -15232 -1125 1954 553
-11088 848 -13188 -53 638 474
-12824 776 -13544 -399 -561 302
-11164 -952 -12760 -868 -641 457
-11452 -576 -12848 -1719 -2438 1092
-14296 1692 -11952 -3141 -3185 2002
-17048 3228 -15432 -8421 -2573 4261
-11728 1692 -11980 1310 1218 9784
-18288 10728 -10008 -1383 3062 5490
-9300 11240 -15720 2676 137 -3031
-12396 10996 -10076 4037 -8207 -8084
-6252 11060 -10024 5681 -12668 -12609
-4864 3256 -12196 4643 -5180 -6649
-4860 -2408 -5360 9094 -2007 4198
-11688 -1360 -12660 6847 -2089 5086
-18272 4600 -10536 173 9823 6050
-15776 -1480 -11192 -2878 6790 4201
-15452 -3308 -15236 -5856 10080 3425
-12028 756 -11296 -3963 9006 -755
-10776 -2100 -12160 -3195 9529 779
-8380 -2768 -12444 -930 8046 1866
-11704 -1780 -14380 -6723 5346 1054
-12296 -3896 -9156 -723 -1927 -3125
-2712 1252 -14724 -956 7428 -2729
-14432 660 -12572 1402 699 -4281
-9388 -660 -17604 -727 -24 -2820
-12000 -60 -15396 -2554 -2281 -1847
-10064 3140 -16532 -195 -2369 -746
-10268 -764 -15384 1786 -2312 328
-12152 1008 -13532 1452 -2095 64
-12244 68 -13728 740 -1870 561
-12188 612 -12596 564 -58 604
-10276 -888 -17212 1003 -712 1141
-11532 200 -14248 2022 2102 2732
-8936 832 -13464 1349 6072 1883
-9092 1556 -15976 -667 2467 -260
-11260 2412 -14872 -1464 -6280 259
-12224 -624 -12728 444 -9102 250
-12180 308 -13104 -53 -2176 143
-12468 684 -12280 -1518 345 -680
-12804 1088 -13428 -1704 3137 -503
-11872 1332 -14728 -1064 3857 3
-11560 1892 -14840 237 2254 299
-11484 1388 -14224 282 352 295
-11016 1408 -14488 429 1608 298
-11352 1132 -14540 1006 2238 406
-10716 1508 -14384 1497 1735 391
-11432 1084 -15120 356 1448 371
-11172 1272 -14584 54 3173 -40
-8372 568 -13732 -381 4855 -7
-11040 1700 -18320 402 3870 -63
-8668 1172 -16360 949 718 634
-10044 684 -16428 972 -2214 348
-10868 2500 -14896 352 -654 595
-10156 1380 -15296 464 -377 196
-10044 -156 -15664 -597 1330 383
-9392 1184 -15536 -1154 2820 567
-9400 1676 -15724 -857 3498 -19
-9328 1372 -16800 -209 3080 -184
-8916 1180 -16480 -1216 1567 22
-8612 1560 -16156 -1204 -259 -156
-10640 1688 -17796 -476 -3039 -100
-12040 4776 -18792 731 -3499 769
-10408 3340 -15856 4060 -2546 1290
-11256 3688 -18476 417 -7683 2741
-10580 3908 -16392 237 -8355 5009
-15656 7944 -16820 -2932 -10183 4346
-15560 14344 -15268 6342 -6470 -3740
-13456 12484 -11224 3909 5753 -7953
-11048 8420 -10984 5257 -4576 -8112
-10120 4420 -13420 7380 -773 -6050
-10552 1848 -12972 2833 -1408 -94
-13280 -4804 -13516 -130 2410 5301
-11900 -7024 -14200 -2660 4422 6297
-10072 -7064 -13704 -1210 4313 3465
-10020 -6632 -12544 1060 4407 2241
-7272 -3144 -10728 -151 4929 1289
-6684 -1076 -12624 -4333 2973 2627
-31500 -4724 -32768 -180 -12481 -5116
-10296 -11296 -17128 -3653 -11626 -7471
-20244 -7244 -19756 -2805 -3414 -5006
-6384 -7552 -14616 171 -10159 -1271
-6216 -1560 -10056 3097 1171 3225
-14504 808 -14696 -86 1471 943
-9252 64 -13724 -468 -3050 -120
-14228 400 -12664 302 -93 645
-10988 -504 -13292 -17 1497 1016
-11928 160 -13168 -93 2530 1082
-12948 648 -15880 -549 390 212
-14624 48 -13500 -1147 315 991
-9208 244 -13156 -907 2990 606
-12036 2556 -14072 -464 675 36
-12400 820 -13200 -120 4095 352
-10308 228 -15312 -552 3087 -321
-11764 856 -14264 -1642 1785 -328
-12052 1896 -15144 -1450 3614 -165
-10460 1280 -16592 -236 2368 -95
-9508 1028 -15760 -440 1942 424
-10196 1264 -15668 108 3055 43
-10124 1616 -15404 465 2305 -34
-9132 984 -15584 719 3433 -316
-10040 752 -18808 157 3685 -302
-8588 1180 -16648 381 1753 270
-9156 852 -16844 714 1322 165
-9032 1248 -16360 133 1771 441
-8764 1236 -16764 101 4255 603
-7968 1692 -18140 959 3688 416
-7704 884 -17816 1197 603 614
-8180 400 -17048 -150 -339 567
-8724 720 -20144 -2767 -892 617
-8588 2828 -16456 4946 -4413 -1097
-8124 1304 -16968 1084 -5736 524
-9868 612 -16436 1079 -6339 784
-10252 -1280 -14828 207 -2994 970
-10936 -312 -16100 -2684 -386 2055
-9432 732 -16364 -3093 1713 2058
-10216 2316 -17372 -3265 -480 2611
-10500 3660 -16288 -2242 -4345 2611
-9728 5448 -16700 -836 -7885 2302
-10144 7244 -15960 1650 -5737 1155
-15192 9556 -16188 3530 -6889 -2516
-9032 10068 -12856 6263 -7205 -6393
-13148 7416 -11236 5493 -6156 -6145
-7976 4752 -11280 7204 -2518 -5059
-13316 2448 -11212 5367 5666 -899
-11836 -1452 -11636 7945 6555 -58
-10152 1272 -12948 -4301 4525 4971
-11144 -584 -11520 -3705 -2505 6746
-11932 -2360 -15332 -7283 5987 8346
-11332 -3412 -15456 4180 -5794 444
-12480 -7540 -16600 -3616 6887 -226
-7736 -4228 -15904 -1062 2630 -2403
-6044 -2192 -14640 -7750 5619 -757
-7028 2848 -20768 -2333 20397 -3316
-12780 -4704 -12836 471 -7795 -5372
-16532 -8168 -19032 -302 -7604 -9437
-12976 100 -20852 714 -4477 -2904
-7864 -2316 -12632 257 -7396 1308
-12420 64 -14028 3455 -5831 2066
-12348 572 -12472 1763 -819 1495
-10384 4 -13516 348 302 345
-11832 -64 -14256 345 238 948
-12968 -352 -13032 305 -276 2089
-13324 1384 -12944 1860 -2174 2002
-13108 1496 -11760 2941 -2476 1172
-13556 -312 -11032 1813 -1989 2261
-13288 -1476 -14708 1258 -904 1897
-11172 -1344 -14076 1038 3939 -262
-11576 1288 -12448 60 3992 517
-10896 1164 -12316 -83 -479 -362
-12984 1028 -12724 194 2859 -333
-11392 640 -12736 3 4401 -236
-11556 148 -14344 -1753 2612 -39
-11092 640 -15656 -2532 -2692 -838
-11060 436 -12512 -1405 -574 -520
-10916 860 -13564 -1222 2707 -514
-11616 1432 -15160 -560 -593 128
-10892 1252 -12804 1253 1461 -233
-11256 1132 -15192 2496 1320 -531
-11692 876 -12412 2310 3622 -1563
-10584 304 -16260 3610 5290 -1169
-10624 -352 -15920 2041 2975 -493
-9968 -1332 -14300 -1378 3664 -778
-10308 104 -15364 -3041 6613 50
-10084 808 -17804 -2014 -75 -240
-10540 1524 -16616 -458 -7050 -853
-8388 1360 -16300 -1507 -11855 -962
-11124 -796 -14232 -139 -12732 130
-13012 -1320 -13516 -1390 -10713 663
-13344 236 -11744 -1568 -9796 565
-12008 956 -9888 -791 -4812 430
-13260 992 -9372 -260 961 343
-13440 932 -10568 -683 3007 190
-14924 2220 -13704 518 6166 176
-14000 4000 -14052 -667 5625 1027
-12824 4236 -14360 -1052 4177 217
-19768 8968 -15400 -2143 -6638 -4783
-11680 6916 -7352 -244 -6396 -7177
-13660 6820 -11468 -2079 -1861 -8141
-14692 5936 -10340 -4076 -7078 -9452
-10264 4520 -10032 -6510 -2791 -7304
-10252 2388 -14228 -8708 1477 -4879
-11608 -1788 -15228 -10471 251 -2848
-10016 -3348 -16304 -12315 -704 -2902
-5860 -3256 -16408 -12747 6162 -4330
-4620 -3764 -15968 -14733 12717 -4733
-7140 -7208 -15716 -18583 12759 -5210
-7196 -6572 -11424 -15898 10561 -5079
-4144 -8704 -18904 -13591 9471 -1900
-17896 -19020 -19920 -2059 5326 -8868
-32768 -2756 -22104 427 13215 -6521
-8452 -1464 -14156 1824 1839 626
-11676 3668 -25020 -6106 1740 2340
1104 3280 -15772 1708 -5617 805
-14364 932 -15924 1214 -1658 206
-9108 436 -16068 -166 -1991 -303
-10220 484 -16604 17 -2174 732
-9536 680 -15312 814 -1319 823
-10012 296 -15872 498 552 229
-9776 292 -16640 349 396 815
-10016 648 -15936 -312 644 985
-9692 1276 -15328 -1450 -518 -289
-9708 1228 -15832 162 -438 -104
-10000 1028 -15544 -960 -200 441
-9708 976 -15816 -1354 584 -99
-9488 1164 -14952 -432 1156 44
-9924 920 -15524 11 1584 49
-10324 1304 -16260 583 -72 -32
-9404 764 -15908 -529 -467 -317
-9968 1152 -16232 -950 444 19
-9760 1572 -15760 304 862 -174
-8924 856 -17284 743 1393 -287
-9096 872 -16436 2106 -1478 10
-10128 992 -14444 1421 -329 -830
-9544 644 -16812 1993 1866 -943
-8772 -636 -16664 1407 2265 -781
-9468 -1016 -16416 -1125 2845 18
-9300 736 -16636 -1856 4036 547
-9132 364 -18376 -1448 789 594
-6016 476 -16556 -118 -3936 53
-9384 240 -17256 -919 -6070 103
-9756 64 -15980 -2913 -8182 133
-10968 860 -14808 -498 -5992 -156
-10728 1636 -15112 -201 -5111 -221
-11304 -328 -15524 -641 -3710 -36
-10548 -48 -14424 -1653 -3624 -31
-12212 876 -13504 -1892 -2121 319
-12892 2784 -15028 -3421 -1666 430
-11688 4404 -15732 -1164 1194 86
-10840 7752 -15532 -904 2800 2279
-13480 8076 -14624 523 -2359 805
-10048 11316 -14980 3273 -10055 -604
-14044 8564 -9928 7049 -9138 -4706
-10608 8584 -10924 5546 -1866 -5468
-11116 5160 -11712 2000 -1248 -2285
-11064 120 -13284 1817 5887 635
-10048 -4196 -11320 -3651 7512 2865
-10484 -4372 -13980 -4183 5876 1332
-10780 -3740 -14744 -6266 5892 -53
-10640 -3760 -16512 -4828 6465 -1345
-12076 -3008 -14132 -4743 2644 -2919
-12812 -2520 -14168 -4600 5225 -3728
-3372 -2852 -11244 3279 4697 -3404
-8856 -5208 -9400 -2416 -7971 -2217
-10912 -6220 -10604 -3840 -524 -4539
-20496 -2820 -23544 9284 -4381 -1613
-8656 -2548 -13008 2608 -2557 1942
-11192 548 -14452 638 1813 489
-11552 76 -14260 -591 3110 428
-9908 -264 -14084 -2607 4233 82
-10756 1552 -16392 -711 871 663
-10304 584 -16228 1635 -2571 438
-11832 -56 -14576 815 -2605 600
-11592 524 -14072 535 -617 484
-11228 684 -14152 715 789 377
-11264 456 -13520 -2 5 203
-11584 304 -14076 -548 1081 -66
-11040 156 -14592 -1055 1527 151
-10556 844 -14956 -637 2457 -115
-10640 740 -14512 -331 1664 44
-11016 520 -15432 486 879 -335
-10996 604 -15388 799 1695 -257
-10124 208 -16552 1325 1094 98
-10164 480 -15668 1245 -2178 574
-10652 -20 -14576 1062 -2764 264
-10644 -400 -15408 414 -1707 68
-10760 436 -13144 173 -3174 229
-12036 268 -15756 1305 -3098 -237
-11596 -48 -13768 536 1250 -281
-11052 -464 -15284 -10 2383 26
-10912 -172 -15956 -725 -73 705
-11320 404 -13416 428 -268 268
-11180 192 -12936 -5 3079 -138
-11184 -176 -14652 973 4070 -995
-10864 -932 -16052 -2571 6453 342
-9680 468 -16628 -2016 4964 301
-9208 316 -17040 -1618 2121 690
-9392 984 -16712 -1882 1432 523
-9208 556 -17348 -1115 -2105 552
-9760 636 -17992 1029 -6919 654
-10396 920 -16212 1856 -9530 1140
-10284 1864 -14588 -49 -12573 593
-13852 3008 -14632 877 -12306 376
-15292 4332 -16660 2839 -14985 1143
-12716 4524 -8592 535 -5852 1594
-14008 7640 -6196 521 -1823 1262
-17020 9140 -11288 3259 -2306 -1623
-14984 5472 -7048 9603 -8310 -5902
-7488 2652 -9476 7473 -1375 -5585
-11416 876 -8232 3881 6269 -1487
-7892 -1368 -10724 664 4058 1269
-14384 -1936 -11216 -3495 6618 5273
-11804 -3284 -13236 -2689 4779 4875
-15460 -2124 -14032 -4698 10638 5162
-16532 -3100 -16296 -2219 6278 1925
-13380 -1832 -15484 -1169 4622 -2267
-9008 -2320 -11188 548 3124 -3278
-4904 -3376 -9052 -3194 3444 -1170
-4848 -2724 -8036 -6376 -749 3067
-28472 1320 -32768 -9561 4206 -792
-8744 568 -13920 8757 -4065 -3668
-12624 -1724 -15712 2071 -5621 -4078
-14216 -1628 -15140 1399 -7073 -3338
-12236 -1972 -14512 -837 -7460 -963
-12696 -1912 -9552 2463 348 -356
-13576 -612 -13040 825 4557 409
-11728 -224 -13052 -184 6051 450
-12172 408 -13464 -651 3498 67
-11708 536 -14788 -141 866 9
-11632 -408 -13860 253 -61 425
-11872 -88 -13100 -26 101 617
-11756 -1520 -12656 -1914 1824 -1178
-11544 -236 -13544 -337 3635 -231
-11712 2052 -12700 -1231 4059 -840
-10532 92 -15660 -1184 3081 -1241
-9672 -76 -17740 -641 2673 -784
-10000 -368 -15192 587 -297 411
-11596 -84 -13932 -623 -258 413
-10632 544 -14508 -1367 1572 211
-11484 1992 -15192 -449 3169 -53
-9200 416 -15696 89 5675 -155
-9964 260 -14988 -190 9725 -251
-9460 900 -18244 -1534 6801 1
-7624 944 -17264 -12 2461 700
-7776 544 -18848 374 -1250 -118
-7864 616 -17428 228 -3552 117
-8888 928 -17624 1408 -2572 319
-9004 928 -15088 1026 -1076 149
-9776 620 -16432 -133 1852 81
-8784 980 -16900 81 1959 25
-8812 704 -16500 998 673 1
-8792 580 -17348 812 224 193
-8900 256 -17428 -353 540 359
-8464 264 -17164 -1019 -1084 724
-9588 1480 -16876 141 -1899 530
-9612 1404 -16080 231 -526 500
-9284 756 -16944 -492 743 273
-9244 1644 -16132 -127 1487 404
-8100 724 -16788 -77 577 453
-8696 200 -18660 -221 -847 -152
-8496 1640 -16972 828 -2307 -38
-9116 1388 -15856 448 -6180 -368
-10176 712 -15528 -257 -2430 928
-15268 1312 -19052 -4994 -886 3223
-9772 3748 -19000 -7090 -247 5098
-9788 4712 -14876 238 3685 8280
-13388 9040 -19152 -234 -3782 2102
-7212 16716 -14656 5072 -7595 -5443
-10512 12992 -14536 7638 -7949 -7036
-5788 7468 -13260 10576 -22798 -6982
-4516 2252 -10700 13416 -11335 1077
-11228 1916 -10064 10355 -1583 8230
-16156 1236 -10580 5891 1287 8293
-17140 -604 -11168 -2210 6515 5946
-15420 -3756 -13564 -3782 8295 1091
-10912 -3416 -13104 -6078 9174 -2389
-10172 -2656 -13752 -6098 8145 -3253
-9664 -5448 -13008 -4984 4893 -3059
-24876 -15116 -21508 1221 -112 -3604
-8016 -8052 -13828 7512 934 -5877
-11444 -1044 -10192 -2950 -5344 -1172
-17940 2664 -20336 2200 -4459 -1671
-11208 -1348 -15856 -76 -4226 345
-11360 1448 -12832 448 -1365 1460
-12968 2332 -14336 65 -1656 859
-11652 1384 -11012 535 -965 541
-12364 424 -12436 -890 751 214
-11280 1800 -14064 -558 1592 197
-11692 1532 -13572 767 1135 218
-12420 696 -13504 281 -369 -101
-11400 408 -13400 377 229 440
-12232 1148 -13572 -2640 1317 48
-11264 856 -13688 -2885 2397 477
-11048 2068 -13964 -4004 709 834
-10624 3468 -13172 -1932 137 339
-12320 2300 -13284 429 1186 -264
-11268 1308 -12436 0 1978 -244
-11708 2064 -14428 447 2771 -541
-12556 1812 -15596 -946 1614 70
-10924 2376 -14656 -4 395 633
-11356 2096 -14384 1459 -2167 178
-10792 2180 -12800 490 386 152
-10860 1428 -14064 -449 1748 236
-11448 2064 -15056 -31 1081 475
-11148 1872 -14124 261 1463 331
-10988 1912 -14848 206 814 609
-11264 1924 -14700 361 137 568
-10624 1800 -13724 227 713 570
-10760 1912 -14276 361 2077 353
-10392 1612 -14700 -339 3219 683
-10572 2196 -15076 -966 2643 830
-10752 2556 -15580 -926 1426 813
-9816 2056 -14860 2174 1370 138
-9852 1464 -16304 694 1118 406
-9500 1388 -16300 -1722 1109 656
-9136 2492 -15660 -2285 282 672
-9084 3220 -15844 -240 -353 -76
-9880 2316 -15748 194 -965 22
-9564 2480 -15584 -381 -2352 -4
-10260 2908 -16040 -427 -2933 -427
-9592 2700 -13732 1126 -4404 -1077
-10800 3524 -13972 5232 -128 -571
-11508 7072 -16348 -1210 3836 1946
-14356 6472 -18720 -3685 -3777 3261
-13500 6136 -13280 1732 500 5684
-14224 19128 -14736 -9591 -1040 2329
-7224 12996 -13712 9231 -16463 -8061
-12668 9120 -15072 6150 -12210 -6695
-9924 6348 -12480 7008 -12525 -8376
-10564 2516 -10420 7484 -1700 -5496
-10664 -600 -10084 2771 3418 -1358
-10348 -3168 -10256 1323 6781 2559
-10764 -5644 -11376 -3927 5603 4320
-12484 -4984 -11124 -3018 5372 4661
-10468 -5128 -10788 -3703 5536 3506
-10048 -5992 -11712 -3137 7361 2748
-5472 -4204 -3912 -4075 6246 -1559
-9544 -7272 -15108 -3759 -6297 -11530
-13140 -316 -10940 -1609 -1249 -5199
-25700 8200 -22032 3932 -5800 -329
-10560 -5848 -13448 5400 2546 720
-9996 76 -9024 -70 2442 2431
-12856 -372 -16664 -2921 -2549 -306
-12164 1172 -13224 -351 -2264 690
-11872 -520 -13076 467 -1385 1493
-13048 -72 -12336 -561 -818 779
-12356 188 -12052 -1421 159 664
-12392 1700 -13016 -1115 2192 185
-12596 908 -12744 -1869 3494 -139
-12408 3116 -12232 -1807 4449 -440
-9772 448 -14028 -383 3935 -719
-11744 1340 -15732 -316 2903 12
-12284 1496 -14452 1504 1583 633
-11652 776 -13988 1243 862 -35
-11616 796 -14016 1416 1772 -203
-10888 72 -14984 287 2459 -125
-10620 -180 -16156 -45 3632 -53
-10140 984 -15340 -85 3222 161
-8992 2604 -15060 1246 3730 -381
-9876 524 -16648 1645 4210 -542
-7864 -596 -17008 836 3651 -200
-10048 -616 -17760 281 1540 150
-8136 20 -15476 736 -844 -24
-10164 672 -17464 1123 -17 -356
-8636 -300 -16124 17 299 71
-9244 -392 -16776 -246 427 -243
-9208 -972 -16872 -1666 3442 617
-8772 532 -17500 -802 1819 578
-9076 -84 -17104 422 1757 75
-8688 -216 -17680 -1430 2208 1171
-7828 444 -17464 -1967 -2112 770
-8672 588 -18032 -1797 -3812 443
-9192 1416 -16976 -1231 -5008 160
-9540 -208 -16616 -652 -5869 585
-10492 2324 -15428 -519 -6208 689
-14124 3000 -14940 346 -1496 1070
-13316 4156 -18076 -3368 -2759 3012
-11824 3552 -14604 -6183 -335 4694
-14672 6272 -12796 -2027 -506 3057
-8868 14844 -12740 6374 5597 7
-9180 11732 -15712 8393 3857 -1580
-10000 8460 -15372 6274 -18056 -6098
-6680 4660 -9784 7738 -13110 -5326
-9572 -784 -11156 6358 -2109 -1414
-13552 -2980 -13644 4619 5081 2448
-13680 -7472 -14004 506 1244 5037
-13580 -5732 -13532 -3964 2517 5902
-10836 -6540 -14592 -3079 3808 2659
-11404 -5172 -12536 -4261 4851 302
-4828 -3828 -6852 -4384 2935 608
-19680 -6676 -28600 -4186 5265 -6397
-14960 624 -20956 -882 -13252 -7524
-14848 -260 -14760 -2761 -3324 -3424
-19032 -1776 -14320 -249 1946 -4230
-12912 -6236 -9440 -899 -2129 -1000
-10800 -2184 -13236 2886 1874 547
-11024 -384 -13572 384 3308 1311
-12472 948 -12756 317 4578 597
-7668 -616 -11432 341 4214 153
-13972 -1760 -16212 -1854 383 1627
-11596 1496 -14316 -495 74 2145
-11224 2408 -14180 -971 -208 951
-12132 1920 -14264 -165 78 155
-10372 -796 -15916 89 -602 457
-11648 580 -13736 1882 678 1072
-12128 796 -10112 60 2027 -186
-11952 1228 -13552 -1180 2525 -546
-11624 1124 -14588 -553 3831 -630
-10860 584 -15508 438 4339 -355
-10956 676 -16520 924 3464 -137
-10344 712 -14816 1076 3290 -255
-9792 904 -16480 1693 4332 -763
-9592 736 -17896 3058 2004 -218
-10936 -3088 -16668 -460 -3106 851
-10064 -504 -15860 -1163 -4039 799
-9084 1892 -15800 865 -2477 227
-10668 -1072 -15184 301 -1186 244
-9796 652 -14088 -301 1149 257
-10244 760 -15600 -838 1647 436
-11264 -216 -16844 -568 61 323
-8604 1600 -14524 1045 -991 -15
-10544 -352 -15500 -29 329 -241
-9512 20 -15696 -1902 3009 135
-10088 -420 -16592 -4001 2739 132
-9512 1868 -17312 -2248 -1542 589
-9536 3040 -15988 934 -3872 301
-10716 2292 -15800 3718 -5542 -93
-11820 704 -16092 2136 -8018 165
-13252 1196 -16956 172 -15261 1845
-12292 1088 -12880 -1301 -14794 3274
-18484 9720 -10528 -4171 -8057 4650
-14708 8100 -7080 3259 11507 1918
-17232 8552 -10400 3683 -2155 -2896
-5556 8024 -8648 4438 -6380 -7535
-11836 6668 -7072 845 539 -8983
-9428 4544 -10156 -605 51 -6204
-12844 792 -12944 3394 2221 -1474
-13488 -4840 -12844 2290 441 1613
-13940 -2660 -14864 593 8993 5589
-19212 -6636 -13956 1806 4350 6053
-14216 -5064 -14044 1578 2365 4130
-7876 -3456 -6912 -1801 -899 489
-6788 -2924 -7912 -2441 5308 1980
-5532 -5612 -9228 -5543 5961 3859
-3152 -988 -7980 -7443 3328 4392
-25616 -14396 -19228 8830 -4897 -10162
-10024 -9860 -14264 2458 -5587 -4488
-29096 8760 -17820 1795 -8815 -1469
-8040 -6812 -9576 1662 -2129 675
-15656 536 -12608 -1185 5214 708
-10804 72 -12860 -1888 5247 -742
-11832 1124 -14720 -674 1773 -68
-11084 -308 -14288 950 -612 860
-12760 -40 -12956 1850 -1989 1352
-12716 408 -12556 1159 -1104 1104
-13292 64 -12228 485 2982 496
-13044 -24 -11364 -69 4987 111
-10404 268 -13572 -1700 1197 -605
-11924 876 -13648 195 1280 -15
-10956 -236 -13008 -164 1880 -262
-11656 624 -14388 -746 2618 -661
-11836 360 -14952 -542 3803 -508
-10816 432 -14880 -562 4648 -1046
-10608 336 -15716 -707 3905 -299
-9812 192 -15972 -39 2894 -258
-10260 572 -15520 424 2758 -57
-9920 164 -15876 60 2933 98
-9736 8 -16728 417 2584 85
-8488 32 -16504 1034 863 612
-9720 504 -16892 1228 -2127 821
-9636 -680 -15984 -188 -2493 928
-11668 -992 -16296 -1789 -3704 1533
-9012 268 -15500 -509 -4162 1995
-9528 3412 -14992 -1236 -2641 552
-11720 820 -15276 33 -4303 273
-8912 3048 -13364 2154 -1562 425
-12176 -1076 -13620 -1859 -2005 287
-10764 -184 -13272 -1376 319 221
-10792 156 -13476 -24 1339 -153
-12572 256 -15088 1114 1495 755
-8936 -440 -15140 -476 -1869 457
-10772 552 -14688 -283 -3013 238
-15196 2516 -14452 -593 -5025 1571
-12820 904 -14380 -4825 -1908 3056
-14496 4560 -15280 -4144 2292 6077
-11032 4744 -11904 4028 7872 6764
-14664 8300 -14700 69 -6301 1627
-9796 9756 -14436 2808 -11984 -4676
-14352 4424 -12292 4244 -12105 -7287
-11700 1948 -10628 5672 -10780 -9207
-11688 4656 -9212 7022 -3380 -9479
-12832 3648 -10980 4038 -368 -8181
-12624 4352 -9164 4956 -6359 -7863
-10288 4052 -11588 4719 -2105 -4029
-11868 1908 -10932 2058 5019 1412
-9692 -828 -11396 -950 6876 4714
-8728 -4920 -11816 -3878 8107 8577
-7456 -9704 -11328 -4448 9570 10906
-10584 -10972 -10196 -7511 16670 11992
-14436 -7060 -12496 -7204 10452 9787
-32768 -4396 -32768 -6606 9883 -3593
-6372 -2016 -8416 -147 -4091 -9484
-18360 360 -14024 1328 2623 -6384
-28180 10944 -21104 12911 -862 711
-5008 -6640 -12596 -1058 1963 -247
-16616 2016 -15720 423 1026 2829
-11708 404 -13624 -1075 576 682
-10068 828 -14448 1307 1447 1057
-12044 1008 -13976 296 1089 1113
-10740 -68 -14856 -857 1768 688
-10940 1816 -15460 -59 -30 429
-10876 912 -14352 1346 -39 394
-11280 -104 -14072 -409 41 -160
-10800 224 -15004 -1888 851 3
-11016 1128 -14000 -88 46 31
-10872 1424 -15216 -743 520 -255
-10476 -48 -14824 -1438 407 -545
-10664 664 -14928 -652 -1497 194
-11604 1440 -12640 998 -213 87
-11468 556 -13788 29 3323 -314
-9576 56 -15808 182 5730 -675
-9284 688 -15616 -1087 6825 -706
-10340 1068 -18480 -522 3594 21
-7552 332 -18336 1799 -3062 1292
-11476 760 -14284 2487 -6694 1109
-10764 848 -12264 143 -1363 -92
-9964 448 -15156 -604 3746 -709
-9716 380 -17148 135 2845 319
-9420 120 -17520 725 40 1113
-10708 464 -16428 901 -3270 1114
-9972 20 -16416 1451 -4007 499
-9520 384 -13852 1434 -3757 377
-17604 1084 -13988 2985 -3296 1676
-10704 -1232 -15136 -980 -224 927
-10748 1156 -13968 151 2436 430
-11384 664 -15692 -925 354 301
-10516 364 -15396 291 -833 473
-10092 -752 -17324 -234 -4829 1111
-10788 4196 -12452 892 -5578 185
-11052 1828 -12672 1778 -6715 65
-12736 1040 -13512 1538 -4983 177
-11816 92 -15672 618 -6971 655
-12988 -1284 -13876 -557 -8288 1113
-14084 -576 -12392 110 -8302 519
-13776 5564 -12936 5046 -2023 -195
-17456 6960 -12376 6582 -2943 -451
-12940 6556 -12580 4683 2098 2537
-13228 3760 -13560 14036 -6403 1062
-14928 5480 -11816 20375 -3085 3744
-13148 5544 -8088 25466 -3621 5807
-17844 5584 -8012 26092 2572 9071
-14260 3932 -2960 26850 7703 8266
-13248 1940 -2936 18066 10181 11679
-11260 552 -2192 15473 14771 15160
-11496 -1588 -5704 5455 15642 14113
-16548 -148 -9612 1476 11142 9506
-13620 1576 936 -9476 -3405 4010
-13208 -6228 -17544 -1386 -15456 -7032
-17112 -3472 -11340 -1897 -9248 -7367
-13308 -1812 -13388 4150 6397 -2491
-21016 18808 -11592 5281 3530 777
-12400 2364 -11244 5946 4610 1989
-11592 260 -13964 2594 -1436 1037
-13976 -1084 -12400 1751 1243 -749
-12076 -1612 -13156 -139 13 63
-11980 152 -12372 -102 2535 240
-12508 0 -13268 -431 1153 -243
-11608 -528 -13428 -360 -414 -80
-11636 104 -12836 -731 -1072 -8
-12012 16 -13776 -998 -527 -14
-12156 352 -12496 28 424 153
-11628 -672 -15908 -281 1560 588
-12124 812 -12792 -446 1557 435
-11600 708 -15504 -90 4504 -124
-11052 1124 -13468 298 2387 -307
-11708 224 -14432 1232 4487 -821
-10400 0 -16308 -68 5471 -735
-10132 -212 -16700 -1047 5211 -415
-8876 -744 -15616 -1162 5547 -269
-9052 632 -17332 -1913 2831 543
-9372 1520 -15548 -525 544 465
-9476 1496 -15932 629 1532 284
-9012 616 -17300 667 1251 -212
-9252 212 -16476 457 1869 22
-8492 688 -17244 388 2243 368
-8568 560 -18756 590 -684 463
-8392 412 -17316 516 -3754 693
-10012 408 -17184 -705 -3212 1136
-9232 1056 -14856 -1206 -3633 811
-8500 -28 -17056 1176 -1984 122
-8960 92 -15800 461 -1518 667
-10048 1620 -15764 544 -2065 402
-8824 1228 -16264 433 -2982 -711
-10860 -292 -14948 -108 -767 -560
-11120 520 -14896 -78 2316 382
-12944 432 -17120 -2324 -1141 2949
-12816 820 -19260 -2865 -5014 4028
-10672 4916 -17596 -2122 -6647 5361
-10892 8232 -16892 2630 -8776 3162
-10592 10208 -16592 4148 -10049 2584
-14872 10608 -8512 10657 -17944 -1497
-11420 5236 -4936 11820 -15937 -5255
-8784 6672 -8316 11219 -6936 -3221
-11192 2664 -5776 8087 -3054 633
-10120 2208 -9100 5949 3650 4097
-14596 1732 -11636 2282 8566 6691
-13772 428 -14028 -1258 14742 6703
-21812 -4460 -12412 2375 6002 2052
-16012 -6368 -9416 -4015 13710 2286
-14116 -5952 -10908 -3715 5143 -950
-15032 -1312 -15060 -4329 4534 -3672
-12272 -380 -20132 1236 2504 -4160
-2236 -2904 -12040 2322 416 -2712
-11028 -6944 -16280 -962 -1607 -2504
-12500 -9528 -14620 4230 -1817 -5123
-30424 6784 -29712 10958 2939 -594
-7816 -7064 -11924 579 2041 1071
-10760 -60 -16268 1375 7384 5281
-10404 -952 -17492 -2089 -1814 798
-7156 -960 -16652 -2505 -1029 999
-13560 -40 -15028 -2916 -4496 1651
-7040 -536 -12768 1323 -4023 2147
-16532 6960 -13956 851 439 44
-9652 80 -11348 -818 3621 -1629
-10564 248 -14808 -1188 4968 -580
-10804 476 -17408 870 4968 168
-9344 -16 -16844 438 2864 -52
-10676 36 -15080 74 1336 299
-10104 160 -15192 -685 4201 -382
-8656 1040 -14888 -1992 6784 -1210
-8216 280 -18720 285 7868 -160
-7404 516 -17956 467 3419 682
-7396 500 -17756 558 224 743
-7772 984 -17380 -806 -2712 381
-9568 1704 -19280 1161 -3637 434
-9136 1188 -16384 483 -2044 169
-7840 1148 -16980 204 -450 673
-8684 1788 -14692 -34 357 618
-8952 768 -16812 -329 2748 -209
-7300 416 -17860 -743 1705 636
-8832 592 -18580 -1387 -863 933
-9124 4088 -15096 2076 -1271 1140
-9452 1704 -16640 1577 1010 -225
-7584 428 -17084 956 750 227
-8168 784 -17152 -2077 1181 560
-8016 1688 -17320 -1144 1447 -25
-7764 1564 -18384 1906 1205 66
-7008 1724 -15056 2140 -2163 -432
-10672 280 -19680 7023 -1966 -911
-14628 1548 -20048 -2706 -6212 4088
-11676 3772 -22104 -8131 -19353 5408
-9176 3900 -14272 149 -10262 5899
-9404 7896 -13136 5378 -14104 3722
-13048 13636 -14084 7849 -6621 -722
-11504 8504 -648 6299 -19140 -7512
-8208 11088 -9840 4275 -173 -7733
-12308 4136 -10048 5904 6160 -2426
-14224 -8112 -11664 12200 1339 118
-12960 -1760 -11396 3557 10839 6160
-13676 -7192 -10864 -852 9961 7071
-14356 -7216 -12748 -4643 12001 5334
-13096 -5644 -17564 -4837 6504 -199
-7240 -1636 -12040 -10071 -837 -3978
-4572 -4996 -12460 -8131 800 -1771
-3824 -3484 -10964 -3573 -1094 1434
-12756 -1188 -14664 5063 -7588 -2394
-11500 108 -15276 2440 -5272 -1105
-13436 600 -13980 5468 -9870 -2990
-16844 -1208 -11764 3773 -3830 -3448
-15036 276 -15836 5063 -1737 -3372
-13672 -6660 -12896 -435 -943 -213
-13232 -840 -13752 -664 1462 613
-12204 -232 -12904 -448 1662 943
-12356 -576 -11588 300 1468 307
-12680 540 -13704 -1681 1301 231
-10356 -264 -12856 1198 -4994 -855
-16944 172 -14716 -811 2621 -321
-11512 -964 -11308 -168 2144 287
-13384 -156 -13892 -558 2989 424
-12428 -188 -13836 219 3614 558
-11492 1508 -13016 -30 3641 334
-11004 -892 -14724 5 3930 -325
-10852 216 -14632 -601 492 -402
-11856 -248 -16632 51 -2846 -123
-11576 28 -13852 756 -1723 126
-11460 -964 -15008 853 -408 409
-10992 120 -14292 1398 424 456
-11652 -192 -13700 1023 308 655
-12208 -1132 -13032 555 1517 261
-12116 196 -14148 -225 3172 -236
-10460 -772 -15728 -296 2306 -131
-10932 -812 -15760 -23 45 520
-11020 -340 -14696 -31 -1324 888
-11276 -268 -14500 -238 -755 895
-11240 132 -14496 -373 -548 902
-10832 960 -14092 -238 -212 491
-11600 -1348 -14180 -670 -13 715
-10620 -132 -14396 -137 -408 659
-11284 1324 -15176 -481 -912 550
-10440 820 -14524 -467 -1854 842
-11616 800 -13132 -2042 -2219 915
-11552 -244 -15632 173 -2562 539
-10460 1372 -12928 -3265 -2025 1500
-13692 1224 -13444 -452 -1664 683
-15620 -936 -15444 -4405 -530 2675
-14112 1752 -13904 -6592 610 6133
-12256 4004 -13432 -3622 574 6992
-13884 7204 -11104 1190 -7157 6471
-11124 10592 -15096 8634 -15957 2200
-8516 16892 -5896 7719 -7108 -3846
-13848 16712 -11992 5885 -4509 -10277
-14068 11448 -8764 5929 -4525 -11933
-11692 2932 -11784 5215 -6848 -8637
-11032 -3592 -9868 6907 5481 -3205
-13032 -5016 -7492 4022 13336 3301
-12056 -7616 -6780 1830 8521 3110
-14464 -7444 -9064 -3858 11151 5729
-11268 -1244 -11940 -4782 12746 2967
-14444 -728 -12084 -4191 3792 39
-10176 -1208 -17344 -2191 11537 565
-6824 -3612 -12460 -856 4974 -1886
-17040 -12304 -22020 4916 3142 -2990
-13852 -5360 -21464 -3283 -7104 -4488
-14040 -4080 -16028 3422 -4806 -1594
-15552 388 -14796 2119 -3072 1383
-10916 -3300 -12732 -623 -1867 200
-11224 -556 -16512 1322 228 1656
-11244 -316 -13728 424 430 695
-12340 -176 -12984 -361 1775 99
-11256 820 -13332 -678 2404 510
-11092 -244 -15708 532 710 330
-10632 -792 -15376 502 568 783
-11320 296 -14996 731 2398 1018
-10524 -192 -14928 -567 3667 -536
-10972 -368 -15064 -966 -1230 -332
-10064 -496 -15988 -1436 700 -389
-10340 488 -15620 -392 834 -58
-9776 -380 -15544 -780 1734 -238
-11132 -176 -14696 270 3343 477
-9416 -544 -15632 -362 3088 -309
-8664 832 -15328 -111 4125 -406
-10472 544 -15348 3992 16 1290
-8636 -644 -18024 1036 -2466 217
-8748 -384 -15084 -173 -594 89
-9836 324 -16416 -1003 113 -91
-9724 380 -15684 80 604 628
-10772 760 -16700 707 644 263
-9056 1072 -16732 1604 1077 137
-8576 -748 -15636 706 402 337
-9536 712 -16736 384 -484 1251
-9656 744 -16036 621 -2278 981
-10312 -296 -15168 -48 -3048 763
-9324 -28 -15992 -1560 -966 183
-7624 1312 -15192 -786 829 -197
-10516 -1644 -17244 -1031 -271 73
-9620 -92 -15512 -2108 -1343 236
-11360 200 -15164 -3051 -1956 248
-9176 816 -15088 -3086 -1543 724
-10440 3136 -13404 -1496 -2430 497
-9688 2264 -13008 108 -1845 -2
-11372 2944 -14016 2480 -2653 540
-16608 2512 -15724 -892 -2406 881
-12532 2804 -17568 -6758 -242 4483
-11588 5548 -15080 -1324 -872 7100
-16488 11428 -14608 56 1241 2750
-7016 15736 -9184 7275 -8398 -3667
-5144 15176 -12172 8734 -10421 -10468
-4724 13828 -11060 15271 6285 -13116
-11876 1692 -11492 400 1143 -4063
-14036 -5936 -12572 6660 -4675 787
-10200 -8912 -12628 231 4202 6412
-17052 -6316 -15228 -6841 15549 7241
-12672 -10272 -19316 4858 7790 1546
-12296 -5260 -17736 -1616 15763 -1162
-8460 -6296 -12232 1131 4092 -2598
-3916 -3088 -7220 -2176 -3493 -184
-4968 -772 -12336 -3377 -6478 1578
-5540 252 -12880 -2951 -5023 3465
-14040 -3348 -14972 2437 -7455 -856
-13372 -2900 -10556 2174 -3701 -1816
-15888 -8224 -20024 4363 -6192 -3191
-12876 -5008 -14676 -3980 -2003 -141
-8636 -1816 -14112 1402 1512 1279
-12860 -788 -15580 -1021 1524 1781
-9772 -672 -12684 -944 166 666
-11196 1432 -14316 -1071 1582 1102
-11416 -1352 -14604 -719 62 855
-8244 1864 -13160 -1328 2235 1123
-12252 3744 -16812 -789 2042 -23
-9716 -624 -14656 488 130 -67
-10736 404 -13768 303 -2122 -162
-9528 360 -17424 -2026 -820 -270
-12848 2284 -13976 -438 121 70
-11936 2836 -13912 -869 -858 840
-12776 2472 -15128 665 1059 142
-10532 -828 -14592 1412 -1663 1373
-13128 884 -12288 -501 -1261 448
-12924 1784 -14636 -193 2021 -68
-11152 696 -16252 1690 -930 -211
-11172 1704 -14204 1661 -418 -279
-13568 -328 -13244 1285 666 -939
-11812 -1076 -15360 1388 2588 -932
-9384 628 -15740 2282 2665 -19
-11188 -964 -13312 78 1225 474
-11580 588 -15512 43 1850 -81
-10776 -1972 -14424 -63 1926 88
-9904 220 -16268 -644 1380 654
-10824 -640 -16308 -1658 464 853
-10272 -8 -16252 -1666 -1041 910
-9744 2560 -15024 -1588 -1172 1082
-10204 1620 -14872 36 -2652 283
-12608 -596 -13408 -1623 -2716 9
-10852 608 -15636 -1863 747 -294
-8724 520 -15400 -262 277 386
-5224 -2864 -12216 -7039 -6079 -1071
-22652 4296 -18540 -8837 -8669 4773
-13356 5680 -13292 1288 -13845 6495
-9288 13312 -7956 -2495 -160 6486
-13120 10252 -10492 -605 -362 2748
-5608 10788 -10492 5228 -1450 -2650
-12780 16696 -9188 3348 -2896 -6887
-14504 10288 -12868 4810 -6540 -9157
-11772 5856 -12532 5652 -6703 -8223
-12116 -1456 -10220 7014 2869 -4429
-12064 -1884 -10348 3970 4279 -442
-11760 -6364 -10732 4421 5549 2688
-12332 -4080 -10676 -5101 12044 6713
-12712 -3084 -13424 -2877 8228 3276
-16056 -3428 -16504 -4183 5801 972
-9140 -2676 -16204 -1503 1323 -1767
-10436 -2216 -14232 -1356 3288 -2175
-6556 -956 -12356 -733 -238 -2348
-5656 -744 -11332 -2980 1725 279
-3756 -1668 -8712 -4501 725 3148
-12492 1092 -14392 2697 -1322 -5159
-11628 -3356 -13108 1259 -6234 -5399
-15364 -5808 -14180 2451 -1338 -4352
-20860 9448 -18472 6356 -552 -2955
-10876 -4532 -12288 1195 -3167 -261
-13532 104 -14768 2704 -1084 1189
-12312 -1424 -13316 713 -904 493
-11608 -304 -12920 -352 -585 4
-12680 -1096 -13704 -483 -371 -47
-11848 -1272 -13844 -425 256 651
-12716 -412 -13812 -742 1195 700
-11496 -436 -13720 -982 907 1033
-11560 1036 -13896 5 991 522
-11996 -960 -14496 574 405 -188
-12000 -496 -13660 -906 312 152
-10844 -136 -13340 19 1204 236
-11176 -460 -14548 -241 -495 239
-12156 -624 -15672 -13 -3020 809
-11972 288 -12532 -1504 -1244 -16
-12456 500 -13112 433 557 -304
-12916 -576 -14420 406 2632 -336
-10128 -544 -15808 -436 2239 278
-12108 468 -13268 399 -55 368
-12216 596 -13392 868 2101 -3
-10788 120 -14228 1472 3806 -486
-11612 -584 -16264 1922 1022 -80
-11632 -468 -14108 1332 -580 31
-11348 -1204 -13448 -144 219 115
-10948 -380 -14228 -1356 -132 361
-13168 1124 -15084 585 1346 -140
-9988 -932 -14904 1077 3266 -21
-10452 -1496 -18048 -632 925 795
-12704 1276 -14912 -1388 -1588 1517
-10208 872 -13596 574 -2116 281
-10492 368 -14464 -843 351 100
-10868 -2524 -13460 -927 1057 -256
-10936 -488 -16512 -4437 1816 691
-10048 -772 -16556 -3339 -1025 294
-9464 904 -15192 -1733 -2811 507
-14252 4264 -16368 431 -3452 1188
-11292 4692 -15140 3730 -7383 800
-13936 5584 -15484 1043 -8260 3325
-11244 4820 -10688 1239 -8377 1314
-14560 10116 -15768 4587 -12251 -887
-18376 9288 -9500 4695 -3927 -2540
-13928 9072 -9840 6650 -2820 -4699
-12712 2832 -9768 4865 2298 -3037
-11492 56 -10576 5714 7082 -1441
-12476 -2880 -11416 1253 8976 1331
-11556 -4528 -11292 -689 10243 2531
-11852 -6404 -12276 -1968 8425 3059
-10912 -4036 -12428 -2440 9471 2005
-9456 -4552 -12852 -2839 6942 809
-7212 -4040 -12896 -3140 1210 -212
-4032 -2532 -10868 -4135 1606 2058
-24984 -3004 -32768 -3466 -11584 -3824
-8888 1816 -24120 -4762 2816 -8631
-20776 18772 -18672 13741 15696 -2127
-15048 -12500 -18468 -1115 6850 845
-868 704 -9580 6619 7817 6150
-20512 4484 -14440 -108 4252 244
-9576 -1436 -18400 1159 418 -2722
-6348 -5200 -15720 -485 -2148 -624
-11636 -2020 -18060 2178 1877 2798
-12000 320 -11988 -856 -1096 982
-11016 -956 -14336 -1771 1147 517
-12236 -1296 -15240 -2211 2583 818
-9180 -1336 -11776 -3143 1763 1371
-9248 3468 -16712 -8556 3832 -1210
-11892 932 -16648 2264 -505 -1291
-8732 -2180 -17436 399 3781 31
-10900 -320 -18148 -385 2174 407
-8696 368 -16756 -823 1968 421
-10372 1016 -17436 388 1983 445
-8052 48 -14988 680 2915 63
-8388 -396 -19264 194 3019 -192
-7836 212 -16408 182 2166 265
-8868 360 -16908 755 2140 -48
-7248 828 -15732 915 1794 -3
-7664 368 -18428 1535 450 -79
-8220 -888 -18628 687 1692 -582
-6616 -848 -18296 -639 3249 166
-7140 -140 -18388 -210 1732 137
-7220 -864 -17568 -783 2659 384
-6956 24 -19204 -5048 4521 1060
-4780 528 -17464 2257 1795 361
-5676 -1220 -18768 1501 -10 -278
-6560 -832 -18260 -2300 919 736
-5780 1116 -19804 -5331 1574 836
-5272 1716 -18832 -2469 -2152 190
-6008 1956 -18272 1267 -3175 94
-6884 708 -18268 1491 -4100 155
-6744 884 -17832 -225 -4451 -9
-6480 552 -15164 -746 -5146 -684
-8636 2616 -18272 2343 -4245 72
-10924 2036 -19280 2675 -2445 1844
-9948 2036 -19004 -2964 -8320 3472
-8728 3500 -17240 -2032 -5358 4390
-11508 7812 -16552 -2276 -4583 3847
-11128 10032 -17300 3116 -14344 1434
-9736 12180 -11344 6529 -14596 -3436
-11420 9472 -12044 7966 -6086 -6672
-10864 5788 -12484 8874 -4512 -6038
-9752 2564 -10104 6387 -740 -2186
-9596 -1868 -11100 4370 5276 2067
-12892 -3092 -12476 -447 7582 5168
-13184 -5236 -13132 -2900 7692 5030
-11836 -4636 -13172 -3987 5183 3000
-9232 -4068 -10916 -4553 4857 1501
-4272 -4460 -10948 -9453 8957 510
-8640 -10452 -14528 -3225 6496 160
-10440 -7164 -19916 -9616 -5312 -13964
-12044 -6224 -18668 4121 -13 -6958
-18356 -4428 -21184 3430 -7576 1097
-3028 -3608 -10444 -2326 -2499 3347
-12948 7372 -13304 2282 6212 1309
-11748 824 -16952 -193 4601 -1492
-8820 -1468 -17316 -467 590 -1132
-7928 220 -17352 427 224 419
-9540 312 -16136 164 8 158
-9772 176 -16500 -108 523 339
-9812 524 -15708 -195 271 251
-9136 88 -15940 125 -727 340
-10096 980 -15232 -202 -623 168
-9284 232 -15392 -483 240 45
-10092 1280 -14876 235 1765 107
-8948 684 -15824 178 344 -71
-8348 -496 -17056 1310 -215 182
-9944 988 -16668 -10 -420 -442
-10212 920 -16548 -158 -58 -339
-9940 680 -16132 -24 1308 188
-9664 516 -15652 1287 2692 1189
-8272 568 -14868 310 2372 -79
-9352 876 -19156 -184 3097 -194
-8360 0 -16588 -65 -172 -296
-9564 724 -15720 -439 1086 -179
-9000 572 -15596 -133 2415 -867
-8084 508 -15584 494 2248 -1323
-8552 108 -18832 921 2091 -816
-7840 236 -18060 -851 5743 44
-6528 436 -17484 475 4759 245
-7936 -360 -19908 -8 2327 326
-6380 320 -17540 -1264 -316 1066
-7676 3316 -18228 1767 937 721
-6372 -896 -18768 -87 -361 704
-7528 -196 -20152 -4316 -6308 2054
-7464 2120 -17556 -3784 -13340 777
-9444 2268 -16656 -160 -11758 78
-10892 272 -15712 -2485 -12484 97
-10168 1580 -13784 131 -7400 340
-11720 1916 -13196 -450 -4687 -70
-12140 2696 -12932 -296 -3517 79
-13400 2992 -14548 1695 -2053 171
-15584 4780 -14968 1437 -4749 -699
-15724 7272 -15880 1703 -10767 -4711
-15388 4844 -11408 -974 -4852 -5832
-13656 2852 -11512 176 73 -7910
-13624 2632 -9420 3363 -3604 -8537
-11860 3280 -10224 2224 -2197 -6418
-12780 2092 -11228 -578 -1677 -4601
-12304 232 -9824 -1125 -1753 -3784
-13308 -1896 -11764 -5168 -2336 -768
-10384 -1456 -10572 -5021 -3969 -1188
-11280 -2820 -11928 -10782 1355 172
-8144 144 -12896 -12542 -1134 -851
-8320 -564 -13456 -16126 539 -2496
-7080 2200 -14336 -17675 7892 -1985
-8508 -1848 -15620 -18558 9561 -4381
-11280 -1148 -15328 -20950 9196 -5951
-10024 -4244 -11808 -15906 11944 -5864
-5588 -15804 -15184 -5468 14881 -8116
1272 -8360 -20200 -2100 -461 -9826
-28152 19152 -32768 8632 -12826 14106
-5480 3128 -4904 11501 -6184 2609
-21868 1984 -7212 5917 5067 -1679
-10964 2584 -18552 -659 11106 -871
-6772 -3000 -19108 -817 1606 318
-8620 -712 -15484 -2852 -558 2447
-12604 704 -15016 -610 -2311 1144
-12280 288 -12564 551 1644 251
-10852 1288 -13308 1964 6680 -942
-7324 720 -16216 1334 3151 -1485
-8656 -324 -17112 2022 2383 -457
-10112 264 -19168 43 -483 -35
-6952 988 -14588 1175 5253 859
-9348 -536 -14816 1409 1405 258
-10096 -376 -18416 665 1276 11
-9156 -104 -14892 850 513 -144
-8676 -808 -17144 1173 -7 -228
-8688 -480 -16988 1096 1383 58
-8828 -724 -15116 1317 2533 -45
-9496 188 -16784 1647 3336 -440
-7852 -1084 -18780 -745 1126 -330
-6976 -2452 -15848 -963 -1767 -46
-4284 -1320 -16144 -5217 -11258 2205
-15924 1672 -18868 -5652 -12101 2975
-8524 -96 -17708 -1150 -7078 1667
-10852 4300 -12720 -9094 1307 7266
-12488 616 -12340 4607 -4158 526
-9308 -6400 -15236 1320 -7443 -261
-11364 3220 -10504 -19044 -4213 -595
-13404 2020 -14988 -1352 -2959 -777
-14796 3456 -12140 1250 -2533 1902
-12300 3604 -12296 -5699 -4940 -591
-13160 3072 -11192 -352 -3890 -32
-13544 4432 -12220 -1327 -5274 -794
-12260 4520 -11652 394 -4571 -31
-13436 5500 -12476 649 -6076 -529
-16392 6096 -9072 -151 -3831 -880
-16096 5540 -8820 6920 -1959 -1341
-16460 6156 -10572 5470 -150 -4191
-13656 7620 -10612 7477 -2763 -5960
-15268 5072 -10524 5651 1341 -6551
-8756 2276 -10332 7420 4202 -5608
-11032 712 -8076 3837 11295 -1857
-10672 -560 -9940 -3059 8047 -219
-10716 -3516 -11124 -5044 8652 866
-9152 -4836 -11872 -8183 8034 919
-9792 -5308 -15608 -3682 11092 180
-8964 -2772 -15524 -8497 2557 -3034
-11312 -3436 -16540 -4961 4695 -3227
-10936 -2996 -15056 -4469 5621 -3475
-11344 -3920 -14084 -2971 4808 -3725
-12116 -2220 -15320 -3118 3058 -2553
-14564 -4744 -13220 2692 2574 -327
-11204 -6000 -18884 -2109 -1723 2207
-10680 -180 -15304 4226 6297 -172
-3384 1264 -16024 -1911 -5567 -643
-7312 -252 -16240 1498 -1661 2080
-12180 996 -15344 176 -2347 943
-12032 472 -13928 735 382 28
-10460 -120 -14404 -1120 1703 832
-10952 736 -16184 -2025 2080 -150
-8480 260 -17652 298 4326 36
-8788 408 -17640 718 2372 148
-9088 -380 -16964 1476 -331 669
-8984 380 -16392 1468 -950 -292
-9780 1336 -17068 1925 -183 -518
-9108 180 -14536 3344 1255 -190
-9632 148 -16788 2626 3708 -1131
-14872 988 -18516 -1047 -5129 -690
-10340 -708 -19384 85 -1816 1356
-8884 -352 -15408 -6803 -8363 699
-14188 4768 -18776 49 -107 -244
-9028 20 -12240 -8242 443 -1169
-12504 -228 -14740 -227 -1000 2428
-13320 3720 -16656 -5201 -2781 -806
-9332 2176 -12988 -1185 -4957 1046
-9980 3648 -18604 -2095 -2298 591
-10608 2392 -14516 -1570 -1642 343
-10936 2016 -15324 -1919 -2675 -4
-11916 2700 -12760 -1039 -2402 -339
-11620 2660 -13112 -1867 -904 292
-11376 2084 -14776 -3393 1251 614
-11012 2976 -14264 -3979 2062 1429
-10444 4540 -15808 -7621 386 -69
-11608 2432 -15596 -1207 -748 96
-11540 3824 -14196 -452 -2075 -433
-12056 4472 -13952 142 -3102 -614
-11520 4572 -13384 -1356 -4958 -405
-11148 2988 -13144 -1938 -5082 -1114
-12784 3504 -11632 -140 -4265 -886
-14052 4496 -11112 125 -5775 -1263
-14060 9420 -12952 2731 -6483 -564
-15136 10140 -10316 5774 -2949 78
-18000 6040 -18368 13086 -11900 -1439
-11660 11472 -7808 12330 -7336 -1262
-18148 7956 -5044 16281 -1436 -2392
-12728 5964 -10304 11893 -1365 -4463
-13436 1612 -9816 6119 5268 -2689
-11572 -2656 -9796 3284 12684 -16
-12296 -4960 -11724 1874 13005 1375
-7228 -5592 -8892 -1586 10949 884
-12292 -5024 -15584 -5455 9640 203
-12376 -2812 -10600 -4797 5227 -1718
-8384 -2620 -14004 -4468 775 -1063
-9032 584 -12460 -5961 2227 2906
-6000 944 -12440 -4259 2419 4282
-10476 -7332 -13876 -217 -6015 -3833
-12248 -1548 -16172 -4002 -1448 304
-14120 -4124 -13928 7390 -1674 -3720
-12640 500 -18020 -6057 3044 -2674
-18800 -164 -16220 4595 1248 2444
-3300 -1672 -13136 -2068 2903 114
-9368 3204 -13704 -578 7717 1018
-10180 1344 -16240 -901 940 -221
-10364 1400 -15816 -621 -1341 -73
-10740 1764 -15316 -300 -1480 -95
-10556 1412 -14848 -385 -474 250
-10896 1604 -15092 -871 41 211
-10628 960 -14668 -1350 219 139
-11068 1900 -14876 285 358 -39
-10820 2488 -14904 -384 2169 -64
-9136 1520 -15844 -1241 2508 430
-9828 2440 -15352 -1107 1594 489
-9040 1872 -14036 -422 1898 161
-11588 2368 -17388 598 3468 27
-7664 1408 -16776 -270 5553 1080
-9816 3040 -15536 -636 4637 -398
-8308 3224 -18900 -84 542 112
-8096 2552 -17652 412 -3353 -170
-9464 2968 -17316 3728 -3689 1649
-8008 1852 -15524 106 -3396 -178
-10004 2620 -17160 -939 -3750 444
-9668 2028 -16584 -567 -6332 211
-11016 2876 -14728 123 -7752 313
-11432 3320 -11804 -2709 -7342 -258
-12080 1576 -13456 -3395 -3602 46
-12280 1980 -13124 -2223 -2292 144
-11408 3808 -12248 -1372 -2704 782
-10556 4256 -10072 -4156 973 1187
-12488 2672 -13524 -3464 1207 439
-11576 3696 -12292 -856 1947 390
-12580 3944 -12748 -2869 456 259
-11876 3988 -13324 -2546 972 108
-12644 4888 -14000 -371 2123 1215
-10848 4976 -13792 111 -2151 -78
-12200 4740 -13932 1686 -4015 -548
-10684 4200 -12056 2243 -7425 -2195
-13740 7736 -10564 3447 -6751 -1943
-16948 9968 -14056 5110 -6455 716
-14920 5616 -7864 5019 -7161 2305
-20476 7992 -12808 9286 -15269 -3121
-10808 9656 -7208 15972 -4893 -4389
-14560 5912 -4896 4641 -4026 -6588
-12452 5700 -4984 11715 -7146 -5943
-8836 2848 -6344 8635 2198 -2895
-11624 1236 -6108 2978 9724 531
-10928 -684 -10932 319 10221 2640
-15596 -2472 -11484 -4087 9031 3635
-13488 -1976 -11580 -8773 5992 1118
-19496 -3144 -13160 -8145 5936 -1631
-11876 -2972 -10552 -5270 7895 -1584
-11932 -5424 -12116 -4956 8340 831
-8228 -3184 -10728 -3488 -88 409
-8740 -2020 -11116 -4275 -472 2311
-19656 -1660 -13800 -2440 8828 -3983
-13804 -3776 -12232 14029 -366 1795
-14848 -4652 -15872 2622 1248 -2010
-9344 -4700 -14044 284 -891 782
-11104 -2768 -11512 -4623 5531 2845
-9704 3408 -14108 -1632 3834 475
-12564 3368 -13956 -766 3474 180
-10920 504 -16476 -318 -1119 -1030
-10756 500 -15632 579 -531 361
-10996 1300 -14140 298 -79 715
-11484 548 -14180 -986 1021 -172
-10368 1756 -14380 233 2351 -266
-10928 1176 -14948 -725 1620 -302
-10772 952 -15472 -18 2977 443
-10980 1952 -14756 193 1858 613
-9868 -64 -15380 3584 719 1090
-6756 -616 -16212 598 -3255 13
-11956 2200 -14224 876 -2121 -468
-11056 1272 -15396 627 161 -88
-10992 464 -16576 -414 -716 531
-10764 1896 -13976 -147 -1266 513
-12344 1796 -15900 -83 -1674 871
-10832 -200 -12612 484 -3655 509
-11092 1476 -13364 -566 -2013 100
-11528 1476 -13916 -110 -501 707
-12244 1876 -13124 -93 -910 412
-11464 1740 -13148 -1273 344 46
-12884 424 -14260 -3832 157 34
-12252 2432 -14388 -2137 -346 665
-11600 2012 -13608 -3751 -1619 306
-13368 1896 -14312 -2231 -2324 437
-10956 3096 -13064 -3919 -366 580
-12132 2640 -12384 -2516 -565 661
-12880 1500 -13056 -1203 67 221
-12408 888 -13672 -3435 410 50
-11524 3312 -13156 -3321 412 380
-12052 3544 -12912 -2745 791 719
-11632 4588 -13656 -1070 536 462
-11340 4564 -13192 -856 -2365 -552
-11152 5020 -11772 48 -2866 -522
-11712 7380 -11596 265 -3098 -564
-13988 9164 -14228 -2553 -205 1794
-18088 8912 -11900 -4790 -5048 -373
-14096 10712 -16964 12149 -12306 -1718
-8220 10036 -4944 16244 -12969 -5784
-14060 7712 -7860 8453 -1020 -6757
-11756 4728 -7688 10789 -4390 -6580
-9932 3772 -8216 10917 4155 -2833
-11924 396 -10084 1492 6206 261
-13368 -2172 -10608 30 7958 2269
-12692 -3136 -12416 -2451 6787 3478
-13504 -2536 -11388 -3723 3808 3522
-15940 -1896 -15288 -4652 8222 1831
-9304 -6564 -9400 -6180 714 -132
-5452 -8664 -8776 -6957 507 745
-25604 -9520 -12864 -1310 15764 -2172
-5828 -2824 -10636 -2775 -2712 -3084
-24296 -6472 -22524 5211 -5576 -3458
-16580 9172 -14264 6191 -4305 -2263
-9088 -5424 -11012 1625 301 1266
-16456 3596 -11792 370 5219 461
-9672 -52 -14504 -1003 1789 -266
-13452 1276 -13660 -133 1028 217
-11620 432 -13492 -625 219 -77
-12600 636 -13008 -38 748 438
-12548 -232 -13296 -1207 1133 29
-9460 1644 -13236 1403 2153 -504
-10648 1416 -14500 1007 1861 69
-15548 2344 -13552 -1285 2438 -2308
-9176 332 -14492 -838 3242 -1133
-11836 240 -16884 -469 973 767
-10208 832 -14668 -1086 -1810 722
-11812 1840 -12988 -1136 -1534 329
-12136 724 -14592 -1018 -1321 108
-11772 1512 -14916 -176 582 784
-11748 1624 -14548 191 1791 374
-11468 1524 -14232 -494 2503 124
-11172 1232 -15628 -528 2461 85
-10876 1192 -14848 -490 2392 334
-10136 1096 -15056 -513 1238 235
-11496 352 -17168 -716 -1142 472
-9696 1120 -14292 -1372 -542 198
-12328 2584 -14044 -2217 1065 203
-9796 1552 -14868 -3849 439 653
-11116 1716 -15432 -2591 138 1043
-9368 3368 -16052 -1980 -1917 1491
-10888 2424 -14452 -2783 -4910 -359
-11276 6188 -11836 -1012 -3732 -556
-11136 3084 -13060 -1727 -491 254
-11544 1500 -14732 -2533 1051 861
-11060 3764 -13820 -1510 1033 764
-11212 4076 -14000 -1839 -1198 379
-11016 3984 -13120 -1437 -2239 -94
-10748 3468 -11816 -4169 -2738 73
-12904 6800 -13180 1100 -3096 -283
-9948 6860 -10196 2519 -5225 -1259
-19168 10128 -12428 3677 -14344 -3062
-14920 3404 -11240 7544 -8154 3318
-8632 3732 -5568 5982 -16468 -3478
-10220 5492 -9356 12338 -1237 -3583
-13476 4716 -8280 5784 -3042 -5316
-11468 6964 -8604 7762 846 -4964
-10912 5840 -9000 3768 5263 -3250
-12060 1588 -10228 2326 9747 352
-12436 -1344 -11936 -685 12017 1701
-11796 -3896 -12556 -4339 13397 2745
-12524 -4272 -15064 -4060 10407 2920
-13120 -1888 -16808 -4468 10054 1744
-12264 -744 -14916 -1469 6038 43
-7512 -1160 -14376 -1310 6230 530
-7368 -3376 -12608 -1844 2871 1506
-5076 -1928 -12404 -3713 449 3186
-22912 -3828 -32392 -3362 -789 -1200
-15080 -4140 -14296 6486 -5336 -2397
-10132 -1776 -16440 -1068 -3225 -2675
-14308 -992 -17832 3033 -2663 1572
-8280 -2308 -14508 2138 -2245 2539
-10772 4324 -14984 1926 -2341 1837
-9764 -308 -15000 2070 1172 1293
-10768 1392 -14668 -1718 -1847 -1300
-11172 268 -16436 472 -592 -27
-10876 2780 -12956 876 1236 966
-12168 2144 -13944 809 1884 -218
-9516 428 -16576 -478 393 -217
-11204 512 -15832 2105 -118 710
-9240 1264 -13592 494 -1366 63
-12292 3792 -13584 -1731 -540 -451
-10536 1440 -14828 57 928 -457
-9160 260 -15132 -318 2548 317
-12268 2384 -15680 -111 3318 87
-9788 2168 -15764 -29 3812 182
-9956 1760 -16396 -36 1619 -7
-10900 1152 -16420 -530 7 240
-9548 1952 -15404 -1080 -689 292
-10328 2360 -16340 -537 -1550 317
-9592 648 -14532 -1103 -1769 -35
-11308 2228 -15504 -78 -1235 -81
-10324 2556 -15172 -21 668 284
-10568 3168 -14900 -793 -1428 345
-12080 1740 -16060 -967 -3739 417
-11188 1840 -14184 -4197 -3388 551
-11780 3076 -13044 -2678 -1569 710
-11016 1316 -13924 -3129 1530 678
-11116 2076 -15184 -2200 1707 887
-11084 3280 -14092 -2922 -68 613
-10804 4244 -14092 -3381 -149 484
-11152 4648 -14900 -1953 -39 313
-9424 5532 -15488 -60 -4394 -1252
-10460 3716 -12624 -847 -10181 -2669
-10676 1392 -11196 -1848 -5572 -1421
-13524 2644 -11520 -6362 792 1284
-13344 6860 -15124 -9486 4131 4388
-12904 9328 -12704 -5156 -1854 4858
-13224 11052 -8220 -85 -2444 5079
-14972 13316 -8408 2075 -12512 -2586
-6032 15132 -5600 13435 -20428 -14574
-8216 13484 -8016 20526 -1737 -12291
-13136 12352 -8184 11838 5419 -8230
-10672 960 -8644 9030 9807 -4197
-9924 -1708 -10552 -3715 10983 506
-9804 -6504 -12936 -6533 11356 5026
-10560 -4724 -15320 -12450 9619 7420
-13244 -6072 -17068 -4813 4004 6265
-11276 1380 -16548 -3145 4262 -2990
-21424 860 -13276 6198 12422 -4150
-8364 928 -10380 5118 -1535 -1565
-7940 -768 -10960 -76 -8459 3024
-17180 -552 -19196 2926 -1199 -635
-11364 -6868 -16884 11789 -6637 -10
-18316 2348 -20688 5947 -7638 480
-14540 -5004 -10528 215 -6723 -269
-10896 -3296 -13136 -2922 1707 2355
-12052 4940 -11356 -2174 581 1818
-12184 2216 -13608 820 2220 -42
-13096 844 -14328 412 -1608 -1153
-11276 -348 -13452 -1044 -2004 -237
-12864 152 -12256 390 -1040 1115
-12816 672 -10040 -1086 1012 -312
-12528 2616 -10332 -2782 3668 -612
-10488 1212 -14460 -2192 4977 -759
-12724 2128 -14980 1299 4930 224
-12504 2156 -12612 1208 4113 527
-11768 2048 -13296 -322 5828 -50
-9992 1580 -16488 -378 4755 120
-10108 252 -17476 459 2213 305
-10616 600 -15840 -72 -525 777
-10296 1344 -15876 47 -1999 209
-10336 1764 -15432 -212 -2092 -154
-10328 1148 -14304 -117 -3137 -44
-10856 792 -14800 -464 -2590 283
-12900 1148 -14856 -1210 -2374 67
-11008 2300 -13824 -293 -2344 -254
-12016 2352 -13684 -1046 -359 8
-11852 2000 -12728 96 381 723
-11376 884 -13708 -294 1789 -185
-11080 1144 -13132 -258 5095 -55
-12220 624 -15832 -624 5193 -222
-10276 1988 -15928 -584 2674 638
-10808 2404 -16108 -411 -959 467
-11124 1432 -15392 -898 -2133 748
-9972 2756 -15632 -2925 -4358 -260
-11992 2988 -15288 -5673 -6201 -139
-11360 2584 -14084 -2855 -7395 -267
-11964 3532 -13276 -2913 -6627 -195
-12936 4248 -12868 -3484 -4679 206
-13832 5464 -12480 -4807 -4352 1140
-13740 5436 -9844 -3828 -8364 2065
-13732 6856 -8800 -969 -10935 2382
-14224 9780 -6800 5261 -7359 -173
-14900 12980 -7572 9685 -7046 -6235
-11300 9984 -5028 13287 501 -8557
-12864 7992 -6944 13565 3546 -8798
-11512 4444 -6332 9482 1010 -7401
-13208 4364 -9212 2640 3971 -1544
-11348 -3200 -9704 2699 2088 1468
-14192 -868 -10188 -1172 10555 6076
-14320 -5388 -11020 -819 2423 6541
-15520 -2044 -11036 -3582 6862 6986
-15608 -3440 -12436 -1239 4493 4651
-16560 -44 -13012 -2397 2051 328
-8304 -632 -9468 -367 4269 -1332
-7868 -332 -7788 -5023 6053 -1348
-10604 -4588 -14196 -7075 1600 -6248
-15608 -3612 -20224 6971 2392 -2333
-10148 -5868 -13564 6402 -441 -4278
-23084 8632 -16076 6998 -1724 -994
-13136 -2444 -10624 -1335 -997 595
-8340 2304 -9980 -6080 9230 -664
-14620 5952 -15288 -1585 11193 296
-9380 1260 -17296 2843 7449 39
-10204 -176 -18808 1838 -2790 651
-10540 72 -14940 -980 -4062 992
-11248 1608 -13000 -588 -1776 -113
-12768 1204 -12992 144 3112 -230
-9420 -304 -15708 -1064 2558 -141
-10220 1208 -16160 -387 3333 -643
-9620 772 -14876 889 3306 -431
-10408 388 -17800 445 1950 -261
-9792 968 -15184 -53 1583 89
-10436 1040 -16316 -14 2167 235
-9888 1616 -16172 901 2029 57
-9380 0 -16212 -404 1543 622
-8816 1320 -17976 234 528 694
-8560 1232 -16272 -239 -1038 1209
-9912 96 -16728 -431 -3289 528
-10380 2328 -16152 -1712 -3169 633
-8404 800 -15252 -2874 -7087 824
-10528 2048 -14380 -503 -4866 833
-11564 1064 -14860 -1901 -4350 -285
-12228 2112 -13720 -5553 -3268 -221
-10596 4040 -13416 -3830 -1249 347
-12156 4924 -12440 -4663 -2762 1385
-12272 2308 -12184 -4329 -1119 302
-12536 2368 -14044 -1879 -1794 135
-12348 3132 -13104 -699 -1659 -116
-11892 4324 -12596 250 -1850 -135
-9972 4256 -11584 1151 -3564 -564
-14024 7444 -12544 4470 -6176 -939
-14380 6064 -10628 3019 -4338 523
-14628 1184 -13680 -3778 -10210 -236
-20892 5232 -9284 -1097 -1578 353
-14912 4220 -7760 9035 -5833 -1543
-16740 5816 -9808 3257 -3783 -5415
-13284 2968 -8352 7135 -7446 -6562
-11768 3392 -6600 7473 -6593 -4949
-10264 2080 -4368 6041 -5346 -2864
-6800 2544 -4628 6002 1037 1676
-14012 4420 -6132 5409 2453 4597
-15556 3492 -7088 2994 557 2348
-19252 3336 -10936 142 5392 1054
-16760 -252 -10628 -932 7845 -503
-14752 -744 -10644 -1744 7953 -1338
-11344 -1872 -10932 -3894 7088 -371
-10504 -1312 -9732 -5019 6097 798
-9344 -2268 -10800 -6701 7246 1304
-12800 -1248 -11328 -9003 7306 1485
-11852 -2572 -12040 -6963 2750 1329
-16432 -7864 -10412 -9087 -520 558
-9892 -13584 -18364 4326 -3086 -4559
-15888 -1672 -11468 2706 -2036 -2004
-15196 28 -13496 -3960 1031 -3644
-13616 5160 -13068 -4066 2170 -864
-13680 2540 -10832 3501 3475 5271
-13088 1364 -11672 1141 2483 704
-10956 592 -13236 -217 2565 -694
-12212 1264 -13340 -984 -390 713
-12064 2220 -13132 444 1653 375
-12892 1664 -13356 1146 2609 531
-12184 1644 -14260 380 -1277 964
-12264 1808 -12204 181 -1564 469
-12316 1536 -12160 -374 1495 -90
-11860 1700 -13480 -174 2922 -72
-11752 1788 -13956 -214 1686 -210
-11880 1660 -15592 1052 467 -23
-11212 1804 -13892 214 389 15
-11200 1608 -13164 410 2798 -25
-11136 1588 -15500 562 3516 376
-11012 1328 -14420 542 1652 373
-10928 1332 -14476 449 1490 611
-11268 1548 -14136 74 1655 264
-11596 1808 -15068 -240 2404 192
-10088 1256 -14596 790 3645 550
-10852 2196 -15776 911 -1161 1023
-12116 2256 -14584 1195 -2169 1357
-10716 1960 -13020 312 -1560 134
-12188 1272 -16160 -1633 -1997 274
-10196 2200 -14720 -1177 -4121 424
-12312 1692 -13800 -395 -2778 193
-11628 2008 -13352 773 386 170
-11780 716 -14508 -8 2050 381
-11588 1404 -14444 -586 1969 406
-11208 1716 -14832 -1625 1681 382
-10552 3412 -15152 -1164 918 139
-11004 3156 -13584 869 -2233 -129
-11372 2560 -14340 935 -1121 397
-12524 3124 -15788 343 -2819 663
-14804 2980 -14420 -3391 -5181 1734
-11844 3136 -14960 -8810 -8943 1951
-16732 8500 -12356 -2742 -17603 1856
-16076 12796 -12092 3500 -29678 -2230
-12904 13756 -7108 8766 -11121 -4061
-14544 9556 -2292 10363 1647 -7424
-13872 6488 -4560 9716 -277 -9469
-11700 4108 -6252 8013 -81 -7776
-12184 2044 -6624 7178 10376 -2759
-13792 -1968 -8336 1214 10872 963
-12560 -1748 -9696 2179 11875 2436
-8540 -3496 -9836 -2442 14645 3784
-9844 -5460 -12928 -6412 10458 8455
-14748 -3332 -12260 -3827 4789 9829
-23192 -11804 -7580 -1792 -5539 -303
-6156 -12176 -7224 -882 -6011 -3472
-2808 -7260 -13748 4910 -2513 -1003
-13964 -6992 -14600 -1244 -2143 -4532
-20580 -3352 -22468 5713 -9852 -516
-17788 -588 -6592 -512 -944 -222
-14720 1428 -11172 -2007 7668 1313
-11472 2172 -15088 -2654 5900 2070
-10016 1556 -14596 947 -311 -115
-12644 172 -14876 9 -4762 180
-12008 680 -12068 1529 -2853 565
-13420 1136 -11564 -811 -378 982
-11980 772 -11044 -727 2966 -51
-11996 728 -13492 51 2725 285
-12636 1744 -14508 -340 -1532 1137
-12548 1508 -13312 482 -2160 47
-13188 1500 -11336 997 -2304 55
-12592 1204 -11620 601 -65 -62
-12700 1124 -12796 -493 1000 80
-12680 1284 -13388 -99 -801 85
-13736 1320 -13140 -147 -1456 420
-12904 1984 -12284 -108 -527 61
-12564 912 -11800 683 520 168
-11512 1400 -11056 762 1969 292
-13248 1304 -12920 657 2540 341
-12180 1516 -12544 19 2309 90
-12128 1216 -13724 -152 1068 -88
-13924 1004 -14352 58 -945 418
-12544 1488 -12508 -934 -1885 467
-13472 1596 -12816 -2634 -2222 480
-11540 3384 -10000 -2800 -1656 753
-12808 4520 -11740 -1892 -3308 1016
-13344 968 -11804 -4943 -6627 -590
-12860 860 -11764 -544 -4847 -555
-12908 1788 -10668 -4456 -6430 -1566
-13868 2568 -8900 -1515 -1430 370
-13012 2452 -8720 -1686 1243 -101
-13452 2680 -8800 -1560 2461 -221
-14212 876 -10760 -880 4660 197
-14976 1952 -11696 -164 3754 332
-14440 2516 -12036 579 1572 594
-12668 3936 -10984 1950 -802 563
-13204 2736 -10428 1477 -1770 -78
-13848 2212 -10388 1260 -1600 -170
-13452 2356 -10396 1505 -475 -8
-13452 2564 -9696 794 -184 168
-14064 2412 -9656 458 11 166
-13832 2356 -10012 40 778 147
-13888 2144 -11160 174 1376 240
-13632 2304 -10936 237 774 294
-13628 2436 -10972 231 20 176
-13720 2244 -10704 90 -24 206
-14328 1704 -11264 -114 -448 376
-13728 2428 -11136 751 -326 414
-13288 3372 -10184 529 -1570 322
-12608 3284 -9068 86 -921 145
-14136 2360 -9284 -615 1178 81
-14192 1932 -10532 -457 2924 193
-13892 1960 -11312 -265 3489 542
-13580 2536 -11488 -83 2783 530
-13144 2668 -11448 -6 1629 557
-13416 2760 -12024 124 872 243
-12304 2300 -12472 148 440 260
-13204 2612 -12052 180 -117 236
-12904 2596 -11532 235 -229 83
-13004 2764 -11472 443 98 104
-12912 2560 -11736 170 196 54
-13304 2488 -11820 120 381 265
-12860 2628 -11676 251 345 206
-12896 2708 -11780 297 199 200
-13024 2608 -11908 240 253 162
-13168 2640 -11824 229 307 214
-13056 2648 -11812 319 163 194
-12964 2688 -11904 312 84 159
-13032 2304 -12144 432 13 198
-12848 2572 -11904 300 -50 225
-13044 2420 -12024 423 262 206
-13036 2360 -11932 230 765 400
-13012 2432 -12392 -238 1026 673
-13104 3000 -12580 812 291 1035
-12504 3212 -11548 818 -1309 577
-12860 2548 -11996 103 -2763 130
-12840 2812 -11112 644 -958 295
-12648 2516 -11268 402 136 306
-12608 2588 -11848 9 2941 642
-12328 3004 -12000 -729 3980 476
-13252 3124 -12588 -127 3541 543
-12780 2552 -12996 614 1757 381
-11584 3028 -12992 905 616 531
-12340 2836 -12368 950 1213 589
-12596 2840 -12648 204 2124 558
-11736 3180 -13416 430 1581 316
-12140 2824 -13812 280 209 302
-11988 3092 -13200 -129 126 449
-11776 2936 -13236 -22 479 392
