17040 -1864 -5776 658 -118 212
17012 -1156 -5872 629 -12 586
16340 -2244 -5640 867 -82 505
16824 -1920 -5716 377 -26 -43
16724 -1900 -5692 552 -85 -294
16632 -1416 -6200 715 -51 -270
16928 -1540 -6076 -57 129 0
16820 -1640 -5776 97 98 -143
16960 -1716 -5856 172 3 -403
16780 -1508 -5764 642 -64 -494
16760 -1316 -5776 -56 -60 -227
16880 -1392 -5784 101 -27 -161
16816 -1384 -5876 249 8 -161
16872 -1224 -5660 335 -18 47
16896 -1348 -5852 432 35 132
16900 -1592 -5876 462 44 109
16872 -1252 -5864 582 32 45
16808 -1400 -5744 322 32 146
16848 -1412 -6004 365 74 149
16720 -1564 -5800 411 50 119
16772 -1484 -5716 386 58 90
16880 -1428 -5776 403 112 70
16772 -1512 -5712 503 81 100
16724 -1524 -5796 423 77 -10
16836 -1308 -5556 521 90 -14
16868 -1512 -5632 497 142 38
16872 -1740 -5572 490 127 -124
16904 -1492 -5632 851 189 -244
16888 -1452 -5596 338 123 -64
16816 -1384 -5676 378 10 75
16692 -1620 -5616 319 20 -6
16856 -1500 -5700 301 3 -160
16932 -1672 -5528 468 65 -276
16876 -1448 -5616 353 34 -212
16812 -1680 -5700 430 36 -133
16916 -1332 -5540 346 70 -68
16980 -1412 -5644 398 41 17
16792 -1420 -5640 385 61 -119
16912 -1284 -5640 176 56 -42
16880 -1556 -5572 325 12 -54
16760 -1520 -5800 389 11 -193
16932 -1328 -5648 318 -12 -141
16956 -1352 -5564 410 -21 -86
16916 -1340 -5644 427 -31 -56
16808 -1344 -5692 430 -1 -92
16912 -1364 -5672 481 -43 -150
16808 -1212 -5604 432 -55 -67
16928 -1416 -5576 394 -30 -24
16960 -1372 -5584 390 -9 61
16908 -1336 -5688 339 -30 138
16912 -1376 -5544 404 19 98
16876 -1256 -5604 329 -28 97
16812 -1408 -5556 381 -4 123
16968 -1376 -5512 358 6 100
16892 -1300 -5620 327 -4 139
16844 -1384 -5608 392 4 58
16932 -1368 -5612 262 32 87
16868 -1424 -5424 423 -43 81
16780 -1432 -5524 437 -24 17
16888 -1584 -5568 422 -33 -36
16948 -1412 -5692 452 -71 -7
16912 -1496 -5784 424 -80 15
16848 -1388 -5596 416 -53 -2
16888 -1484 -5604 431 -37 -14
16956 -1264 -5632 277 -66 2
16672 -1184 -5984 -14 27 113
16888 -1612 -5308 -28 121 202
16896 -1652 -5724 175 69 -227
17048 -1320 -5588 625 159 -178
16872 -1296 -5676 621 163 -80
17044 -1400 -5560 613 231 -75
16904 -1340 -5528 612 242 39
16952 -1448 -5540 595 369 15
17128 -1400 -5568 700 399 73
16988 -1336 -5448 583 478 228
17116 -1256 -5252 728 637 702
17412 -296 -4612 1988 721 3425
18460 -960 -3548 3832 392 9986
25324 1452 -5800 5218 -2375 14797
20952 5844 -8260 5676 -2731 9556
12964 5676 -2684 12014 -2912 -4275
11616 3692 -1040 8069 -2266 -13428
13240 -3000 -1040 -578 -790 -18689
15540 -7704 -568 -390 2688 -18128
15784 -11328 -7504 -3688 6313 -12034
14096 -14840 -5100 -2286 2923 -2129
18284 15948 -29536 -1934 -9068 3939
18844 -3564 6580 3308 -2781 6538
22148 -7612 312 -6632 -1382 6286
16716 140 -7140 282 -1415 3955
16176 -1244 -5752 762 -1066 1749
16724 -1728 -5164 -1565 75 241
16996 -772 -4684 -532 -465 266
17540 -736 -4992 308 -1088 924
16744 -460 -5788 673 -1317 1221
16644 -2024 -6160 -410 -842 345
17468 -1664 -5212 -163 -831 -615
17304 -720 -5420 474 -1075 -137
16444 -1260 -6152 381 -1013 917
16648 -1420 -5816 150 -971 966
16972 -1320 -6112 1387 -947 1301
17000 -1404 -5592 2080 -1078 2032
16840 -2284 -6240 2195 -741 2924
17120 -1696 -5908 2744 -495 3617
16288 -2320 -6092 1057 -1255 4702
16464 -928 -6152 827 -975 7514
15948 -3972 -6484 2621 -619 8385
16868 -3592 -6088 1916 -1007 9237
16156 -6572 -6896 4999 -2282 10635
17236 -5592 -7872 7230 -2122 10945
12164 -8088 -8208 10869 -3612 13694
12420 -10580 -5164 8283 -2838 12404
11752 -13564 -6356 556 3010 6315
8552 -13188 -4168 1307 3524 61
12976 -11516 -4576 996 2450 -2476
14232 -10832 -5516 1667 815 -1854
12456 -11404 -3524 3239 464 -1295
15048 -10648 -3000 2395 -1481 -703
16824 -9540 -5828 -3270 -507 2831
19364 -15028 -7940 -596 -1597 6740
16876 -17424 -10916 6409 -6986 12970
16976 -13176 -4572 15285 -10707 15777
13604 -9172 -3136 7229 -8307 15427
12072 -6148 -1560 3195 -7610 9615
11168 -5048 -2080 -2562 -4971 2660
12728 -2996 -5044 -7743 -789 -7104
13412 -1060 -6120 -8677 4447 -17225
13868 -3560 -8164 -17443 9329 -25893
16396 -6380 -10956 -15265 12030 -32768
20120 -9480 -10432 -8295 10884 -32768
20672 -14252 -9832 -3742 6848 -31864
16552 -16612 -8600 -2791 3526 -25895
12060 -21252 -6528 -6926 3255 -12581
9104 -17420 -3524 -3733 3374 1480
8848 -5756 -3920 -5390 3660 5722
32767 10748 -896 -5603 -3654 2612
32648 -3484 10020 9139 -1278 8736
14816 -5860 -6064 -1918 -3194 7228
16512 -2924 -4152 -1095 -2416 5630
16460 388 -6624 3769 -1986 8646
17780 -2076 -3712 -2343 -1391 5806
16056 -2388 -5488 2637 -2139 6287
16188 -2188 -5120 4226 -1115 4518
26632 608 -1776 1957 -150 1656
15980 -4984 -6352 2957 -1599 1745
16924 -4184 -6448 2172 -728 -226
16260 -3200 -6292 2121 147 -1084
19524 -3696 -5968 1921 2392 -2270
16884 -3084 -5320 1156 654 -1777
16268 -2688 -5576 369 762 -2198
16480 -2732 -4992 -348 913 -1928
15504 -3652 -5608 -1127 239 -1505
14380 10480 -16304 -1834 -5108 -3734
19744 908 -1608 -1392 1849 -2520
19392 -1044 -2164 1734 -253 2808
18128 -2292 -3576 1925 1044 5319
16624 -1644 -5080 3284 -470 7068
17432 -2520 -3524 4160 -1406 9576
19036 -2784 -5528 2930 -2385 14121
15272 -7272 -7272 9272 -4714 15959
20208 -6912 -5820 10832 -4124 16107
20256 -9560 -8596 3889 8729 15179
4276 -13080 -1712 1940 5193 7335
1764 -8924 -1160 516 3775 1362
5604 -15040 1220 1712 1628 -2047
16104 -10664 -8452 -2419 825 -2598
17504 -10264 -5676 4090 1213 -313
17936 -9752 -2048 2359 3679 2356
22452 -12048 -6244 -3405 1288 8304
25656 -10088 -12544 -1273 1767 16114
21168 -12608 -7484 4356 -3537 14881
14844 -1848 -3460 -1190 -3800 9181
9848 2188 -2348 -8152 -3051 -2584
10732 2808 -1972 -12992 68 -18044
13228 -1312 -3140 -12096 3181 -29947
17196 -4964 -3520 -7594 4872 -32768
21472 -8288 -4368 -5258 5099 -32768
22468 -9944 -5092 -1969 2735 -32768
22256 -15784 -5620 -941 6116 -28215
17940 -19460 -7608 -6404 5412 -12729
12464 -12652 -3032 -2957 2549 2538
13988 -8388 -3972 -5081 3020 8836
17544 5952 -23196 -10357 -4752 17116
32072 -25428 3200 13978 15879 4916
19596 -6240 4244 -18312 -5522 12924
10328 1216 -6332 4219 -3717 8773
13496 -708 -7160 -4164 -1756 6490
17796 -1412 -4744 3979 -2850 5070
16096 -2808 -5476 -2095 -2540 4727
16956 -3056 -6824 2722 -1199 2101
15920 -2180 -7220 -2602 -2417 1623
18000 -3452 -4408 -209 -1013 -1040
16540 -2884 -6668 722 -1030 -2309
17116 -2196 -5688 2726 667 -3815
17280 -1128 -5556 2803 -903 -3059
16236 -1688 -6356 3077 -612 -2481
16680 724 -7200 508 -1438 -911
16012 -344 -5896 -447 -505 721
16656 -2440 -5936 -840 11 592
16860 -1480 -4908 1739 -696 36
16896 -840 -6164 2303 -345 692
16664 -1500 -6140 1904 230 2009
16480 364 -6268 3134 8 4133
16856 -2568 -5328 3019 -55 5811
17032 -572 -5280 9004 -1256 9313
18776 -3096 -5708 5732 -746 13278
18568 -4928 -5180 7029 -2822 16843
13928 -8376 -5932 8935 -6439 17264
13256 -11204 -6780 7955 -6149 16026
24220 -8944 -7968 7042 -3252 17287
1144 -14748 -6900 -4427 7266 10551
1920 -14548 -756 1625 4139 2036
3968 -13964 -4732 2072 2782 -140
9136 -12668 -4348 2518 528 -300
12916 -12500 -5452 1310 1036 977
13040 -12972 -5108 1325 2713 1934
13732 -13096 -5508 1623 3299 3396
16816 -11980 -6140 -4159 901 7677
17892 -16036 -4632 -7676 1052 9759
14804 -12992 -7036 -950 -847 7828
12764 -5468 -5316 -1326 -1871 1684
10096 -2236 -2764 -1880 131 -6177
11896 -1568 -2904 -5481 3527 -16654
14152 -3336 -5412 -7596 6642 -25870
17636 -6196 -4808 -4706 7672 -31528
19704 -7968 -4524 -1183 7363 -32768
21836 -7180 -3688 2456 4383 -32727
21536 -15528 -3452 -3277 5772 -28793
17788 -21084 -6772 -10201 6785 -13219
11956 -18352 -8264 -5264 3650 3107
12148 -5740 -10348 -730 -2786 12148
32767 -4528 16692 -1173 2258 9094
17648 4156 3828 -9796 -3339 13109
18908 -7348 -2632 -3163 -3575 6705
17776 -3048 -4652 2601 -3010 4465
17916 -2304 -3676 -2029 -1569 3135
17668 -948 -4176 -179 -2184 3570
16624 -2440 -4884 18 -2057 3517
13728 -5576 -3848 -1022 -1665 2572
18516 -2024 -4736 359 -1470 2310
14568 -5472 -5108 670 -1479 737
18416 -584 -6804 1124 -732 -1045
16388 -3688 -4820 -538 -230 -1409
17264 -3260 -4860 1455 -1122 -2130
16616 -2040 -6200 1366 -708 -1578
16388 -1568 -5608 235 41 -1036
15756 -2576 -5408 -624 213 -523
17484 1116 -5264 -1630 -582 1133
17528 -2832 -4720 2173 -1479 2069
17516 -1356 -5292 3055 -1004 4319
16712 -1504 -4420 4178 -1578 7900
17720 -4148 -5640 7146 -4148 10474
16328 -5860 -9316 14986 -6785 11625
15416 -7856 -4924 16070 -7814 10571
15432 -9356 -1128 14568 -6028 12233
12520 -10220 -6824 10582 -5101 12171
24768 -8504 -11972 9036 -1603 13814
4136 -11356 -5064 2932 5228 10202
3060 -15404 24 1501 5605 3916
4948 -17540 -128 -341 7132 903
10748 -13432 -2652 -843 5516 201
12268 -13040 -6664 2283 1911 136
12876 -13688 -1416 5578 314 1478
13560 -12944 -424 3528 2030 2500
12904 -12596 -3056 -2039 3500 3916
16284 -14104 -9844 -8605 -412 7058
14572 -17656 -4844 -1397 -1311 7729
12948 -9096 -3896 -1127 -4021 5646
10924 -5684 -3120 -3940 -4731 -949
9972 -1844 -680 -2408 -3566 -10135
11328 -1040 -1080 -6998 829 -19869
13984 -3528 -2864 -11265 5661 -27581
18488 -6368 -4148 -8647 8536 -31417
21832 -8180 -5016 -6830 10045 -30843
24300 -7900 -4000 -4349 10003 -29156
23988 -10504 -8032 -15122 9816 -21907
17284 -13432 -8528 -18664 9386 -10049
14192 -9732 -4148 -7805 3666 448
14352 -3392 -2244 -6291 1963 4934
12696 -4388 -4236 -14623 940 6917
13336 -8872 -4064 -8834 -2794 8124
24208 32767 -4904 -5297 -10426 4568
20700 332 -1296 -1449 -5339 6241
14120 132 1228 -13912 -4018 8585
18296 -3580 -5160 1837 -7493 3620
16632 -5208 -3128 -2331 -3513 2337
17276 -3292 -2416 -1631 -3258 1586
16960 -4652 -4432 -514 -3952 1109
16932 -4356 -4004 -1115 -2865 1199
16464 -3596 -4548 604 -2980 628
17492 -3244 -5076 -261 -1567 1213
16000 -4212 -4700 311 -1342 1250
16680 -4392 -4796 392 -1025 618
16168 -4548 -4932 1145 -1042 114
16604 -3800 -5416 1545 -565 -229
17068 -3944 -4776 1081 146 -73
17404 -2164 -4844 1036 295 612
16680 -3100 -4712 817 224 2689
16004 -1136 -5516 -1688 236 6240
13940 -8052 -4612 -1902 1421 6891
18644 4892 -4364 -172 1512 10200
13896 -11436 -2908 2675 -1308 12275
20404 -1000 -4652 2759 -1525 14778
14600 -10592 -4768 6004 -3183 15036
6908 -11928 -3968 4109 -4234 15812
17700 -10716 -6220 10880 -5032 16747
9232 -14436 -3868 7837 364 13353
12928 -13036 -2948 9641 -3316 12595
2676 -14196 -8376 -1664 10660 9460
5548 -23460 7896 8473 1440 4718
5800 -15776 -112 -3702 7455 703
3276 -15912 -528 -122 4733 -734
6096 -15792 -6556 2291 1669 -921
8092 -14076 -1060 1783 2492 577
7340 -15516 -992 1077 2639 932
8880 -16736 160 2318 2740 938
11720 -15276 -6452 2553 2343 2696
12372 -13152 -2080 -1424 2356 4843
10416 -9644 -3728 -5549 2189 4591
8060 -4420 -3268 -4409 2169 -633
7452 -3040 -2056 -5596 2139 -9017
8820 -2428 -2392 -7245 3386 -18520
12408 -5008 -3972 -11000 3103 -26535
17860 -8000 -4076 -10737 3136 -31201
20152 -8708 -5036 -12537 3555 -30718
22136 -9032 -4664 -12476 6074 -30343
20204 -11840 -8060 -11682 8267 -27985
17680 -12208 -10760 -12796 7959 -20446
11408 -13208 -7240 -15667 3816 -12569
13736 -10012 -7664 -10493 -861 -1741
12652 -11988 -1976 -14359 1626 9164
30180 32767 8872 -9621 -4853 13463
16924 -2284 -3656 1428 -1536 -3885
16012 -684 -4604 -229 -1256 -1526
16868 -1772 -2644 1235 -2430 972
17348 -2776 -2272 2821 -2941 2019
16940 -1188 -6200 2743 -2315 2796
16636 -3452 -5752 2110 -1913 2781
16764 -948 -6276 139 -197 1733
16024 -3064 -6876 -1681 -286 1265
16712 -2628 -4856 -1149 528 1016
16320 -3752 -4892 -588 381 1861
16364 -3304 -4868 -330 15 2459
16584 -2432 -4432 667 -292 3858
15788 -4040 -4680 -18 1225 5344
16100 -1068 -4960 929 27 8099
16068 -5844 -4656 2828 -2702 10393
15416 -7256 -6712 4588 -3962 12514
17956 -1344 -4092 9882 -5274 14892
18556 -10196 -9308 9278 -3440 12006
7040 -14764 -4448 6876 -1133 6631
4752 -15188 3500 4053 -928 -528
16996 -9640 -10732 1313 459 -2728
15336 -11004 -5108 5496 2325 -438
12120 -10800 -2328 3444 2780 270
10692 -11424 -4300 1785 3203 -203
12748 -10064 -3492 3670 3027 467
14804 -10100 -636 1579 3506 924
16608 -9548 -1304 83 2280 3436
15376 -9824 -2092 400 2921 6085
16700 -9760 -4336 -7315 2840 7759
15872 -15768 -4532 -8272 3674 9206
17508 -13336 -6036 -4466 3423 10607
15860 -9064 -5216 144 1864 10241
13332 -2076 -4584 -2771 4297 6358
8580 548 -4848 -9222 7384 -2660
7080 1800 -5748 -13940 9724 -14052
6892 -996 -5204 -14861 10669 -24339
12188 -4748 -7460 -13098 13299 -32545
18220 -9340 -6184 -6874 9308 -32768
24920 -12312 -6588 -4598 9327 -32768
23256 -12748 -9596 -9886 3900 -28730
12160 -16304 -2900 -9353 253 -11897
14068 -9896 -6480 -11067 776 9145
14876 -10776 -6768 -10232 -1229 18270
32767 -15144 32767 4110 -3045 4088
21100 -32768 11464 7676 -18863 19399
16360 -9428 -6112 1256 -3784 2253
18132 -4868 -1684 1923 -1798 881
15400 -3764 -4468 648 -767 204
15108 -3000 -4852 -1484 -967 -461
17312 -2112 -2776 528 -1704 255
16984 -2512 -5208 22 -2110 1589
16468 -3012 -6016 -349 -1200 1968
15728 -3764 -5104 168 -756 1664
15896 -1868 -4872 -11 -1514 2910
16772 -3824 -4808 77 -1609 4053
16968 -4080 -5520 938 -1445 3958
16824 -5408 -4708 2196 -1297 2949
16552 -4500 -6732 1528 -83 2084
16836 -5540 -4960 2048 68 2155
16448 -4468 -6012 1201 909 1962
13828 -5300 -6524 2669 1087 2963
14296 -6528 -5068 3167 647 3153
16416 -5964 -4564 1698 999 3164
14764 -6280 -4140 1522 358 4221
16704 -6680 -4216 1005 234 5794
16252 -6828 -3480 994 -589 7684
14264 -8820 -5380 151 -374 9043
14408 -11020 -5528 4849 -1712 10107
20380 -9988 -3348 5049 2560 9622
13596 -10960 -5052 -765 6444 7427
11744 -13408 -8468 425 4264 5037
12496 -11564 -5252 3705 704 3076
12256 -10220 -2252 5106 -928 3295
14612 -9688 -2540 3530 -3886 6638
18372 -9996 -1700 3793 -2160 7331
14528 -7300 -552 5389 -1407 7757
13340 -2800 -1652 -3726 1240 3290
13540 -3480 -1992 -5486 1691 -4590
15128 -3900 -2344 -277 1437 -11562
18812 -6668 -3768 1132 1477 -17587
21636 -10984 -3520 -110 63 -20399
20372 -10804 -4812 129 -1706 -20918
17908 -11180 -4096 -1364 -4365 -21302
15044 -8872 -3576 -3247 -5281 -21509
13188 -10636 -2040 -7782 -4013 -19892
11816 -14068 -3600 -10018 1349 -18059
12480 -14856 -1632 -5419 1902 -11338
11936 -16092 -5616 -6908 3482 -1946
16816 -13568 -20020 -18128 -12024 15441
27100 -11176 2316 7221 2255 3823
16924 -4552 -2052 -7316 -2254 9648
14204 -1504 -4256 397 -1278 4019
21632 -1756 -4316 -349 -717 1182
17824 -2860 -1416 678 -676 183
17708 -268 -6216 -11 -2437 990
16892 -820 -5036 -2977 -858 2051
16564 -2192 -3516 -1737 -1493 1196
16768 -1564 -3352 1255 -2586 1737
16780 328 -5912 2600 -2243 2349
16148 -1704 -6416 174 -656 3181
16496 -2588 -5688 -68 -760 2533
17556 -2552 -4824 -175 -960 2456
16800 -3624 -5732 416 -1304 1065
15288 -2576 -5564 -500 -1200 29
17120 -2464 -4176 2625 -2207 -525
17060 -2124 -8752 1326 -949 29
17412 -2896 -5324 2068 -449 -563
16712 -1992 -6592 3822 -248 -490
16732 -2756 -4624 4541 286 -399
18204 -1156 -5860 4501 1364 17
17532 -2340 -5960 3229 3583 1679
11920 -3496 -6416 3011 -7494 4950
18452 -1708 -5020 3267 256 3998
15464 -3444 -5692 4457 393 5526
18140 -2348 -2516 3155 -262 7026
19016 -8280 -4768 2092 1768 7343
14528 -5416 -8272 -1682 1767 7534
9748 -9708 -5328 123 1263 913
16212 -6600 -348 3094 1343 -2841
16504 -6156 -5756 4978 521 -2106
16072 -5964 -6588 5611 1036 -929
15928 -6996 -3020 1270 2375 44
15912 -4892 -1684 1646 2307 -218
16092 -6740 -2244 617 2579 882
15748 -4676 -1780 2573 1563 2028
16084 -5932 -2188 -2427 1229 3908
16264 -8108 -1880 -2436 1924 3436
15932 -7904 1316 -4370 1148 3334
17052 -8516 -3564 -3013 -1558 3295
20036 -6164 -4724 917 -6929 7787
23212 -1372 -6504 -1016 -8573 13812
23976 -9952 -6892 -11163 -393 18769
17556 6448 -4444 2763 -60 10851
4156 15716 -184 11112 1719 -5570
7424 10556 -3364 11514 3295 -27909
5668 -1392 -3852 3965 -6796 -32768
27484 -7968 -4452 -7879 -4384 -32768
22084 -17704 -5608 -871 6598 -32478
14812 -17044 -2832 -7556 2328 -19811
13188 -17804 -4436 1199 -3956 2265
12368 -21164 -2848 -9627 -1545 16848
32767 32767 -2260 6502 -661 3832
13300 17268 -9772 -13612 -656 21511
5068 4520 17408 -860 4821 -4660
17548 -9956 -9168 2121 11514 -12920
32767 10412 -32768 -12092 6874 -722
16888 -21700 7724 -7182 -210 7394
17956 -2788 -12896 2947 -6878 -3479
20812 1600 1596 -3380 -2667 -1669
14420 -1956 -4372 2544 -4178 25
15756 -1844 -5908 -856 -2283 950
19112 -1540 -5264 -2112 -1731 1525
16600 -5340 -3088 3178 -2370 -555
17132 1980 -7852 1023 -1840 -1077
16052 -1760 -6116 964 -464 -924
15644 92 -4248 4011 -402 772
17876 -2440 -5844 2708 -658 2082
17464 -316 -5780 3909 -439 3148
17128 -2408 -5088 4064 2027 2356
15188 108 -6364 3865 7359 1516
16208 -1152 -5096 1036 6842 1663
14132 -4348 -5056 -2367 7905 -179
11012 -3968 -4864 -5074 11335 -3107
23736 -1992 3952 -7334 -188 1758
18592 -2516 -3364 -937 -934 4592
17420 -4584 -3664 1113 -1815 4354
17396 -5732 -2108 3979 -2765 4314
20152 -3924 -2008 4293 8540 990
16996 -6352 324 8265 4405 3776
16640 -3088 -1720 6067 -4010 6536
16504 -5368 124 1158 5468 3884
15268 -6576 3352 2596 2362 4057
17024 -3908 -284 1908 2390 3507
15948 -6168 -452 -196 805 3913
17212 -6332 952 -1369 -1410 3591
17260 -8936 1080 1718 -5382 4054
16224 -9420 -2332 8269 -11957 6037
16560 -9012 -4648 15234 -22559 10443
21476 -4916 -2752 27796 -17588 8694
20968 1580 -308 19949 -13421 8691
12360 3036 3256 9758 -9041 206
9540 5600 3624 10358 -9346 -9874
9720 3772 5664 11463 -8952 -18739
11608 -2528 4688 3513 -5646 -23641
16788 -4284 1060 -4836 -1517 -25350
18832 -11036 -1648 -363 -53 -21107
14056 -14064 -8824 -2299 -393 -10577
11952 -19260 -7432 -2205 -2847 6007
32767 -27688 1584 -18157 -6096 16166
7992 -15040 -10552 2828 -662 8546
20312 -4768 -1508 3462 -5015 1410
17040 -6908 -1724 4221 -4225 -3300
16928 984 -6560 8178 -1394 -4671
16428 324 -4432 5588 -1072 -2613
16880 172 -4912 1980 153 -1114
17372 -1320 -3916 1091 -424 313
17348 -800 -4520 1077 -273 -296
17104 -1448 -4448 -302 254 -617
17104 -112 -3460 -1661 -171 198
17872 -620 -4616 -4416 -268 1707
17672 -760 -4584 -2571 831 1824
17260 -2264 -2344 -1886 308 2456
17336 -2236 -5256 -1494 167 2338
17532 -1916 -4052 -564 1170 1034
17164 -1576 -3744 -424 1140 853
16668 92 -4204 -1485 11129 -1556
17456 -1852 -3056 -1765 3039 2012
16424 -3180 -2484 -2778 -1757 3264
17468 -3368 -2304 1167 -2922 3872
17532 -1772 -5380 3850 -171 5220
17428 -2468 -2440 3674 794 8330
19776 -3548 -7300 3281 323 8859
18872 -8072 -2716 4675 1208 6452
16856 -7352 -1364 8510 513 2708
15632 -5932 -3624 8628 983 1154
17104 -4832 -6372 6267 -1354 3070
17380 -5496 -3184 12898 -5298 4693
15680 -3656 -284 14954 -3028 4783
14984 1304 484 2705 -810 5173
12172 -10864 1344 -2305 2689 1365
12628 -10792 -128 -333 -140 4883
18844 -11136 -1588 2989 -2109 6086
23140 -11180 -5132 1918 -3380 12022
24044 -9720 -4108 7409 -2415 14811
23056 -5016 -3916 2493 2436 13982
17548 -5820 -820 -4911 7465 7505
7584 -5028 -2928 -2805 2065 2893
7164 -2040 -1276 -5112 9037 -8084
5024 -2644 -3032 -5681 8648 -15734
4520 -3104 -3492 -4439 7309 -22025
3816 -2912 -3672 -6532 2692 -23425
9364 -6000 -5520 -14954 1358 -26817
18336 -13876 -4964 -14389 1401 -29955
26544 -20520 -6180 -1233 2079 -26878
21696 -8616 -5992 7743 -4610 -19432
16540 -8368 -1452 -1218 -3738 -1919
13144 -5488 -3372 -8034 -2509 13660
32767 32767 19172 -4687 23284 -18031
32767 6512 11104 -13403 -14323 24605
15840 -15456 -7856 -316 -7105 6103
19524 -3004 1452 1080 -3140 -1189
16092 -4168 -5468 3726 -2822 -958
16772 748 -7460 5822 -1267 -2348
16772 -1804 -5784 4061 -1127 -1288
17340 -1228 -5116 3383 -35 -554
16948 -1768 -5432 1546 -107 -398
16840 -964 -4904 1900 -68 -1047
16496 1076 -6464 1234 -23 1289
16764 -1612 -4168 -1054 175 3090
17080 -2540 -5668 -518 -134 2586
16504 -2096 -5460 -698 -1050 1271
17512 -2568 -2900 2371 -1559 -190
16728 -1124 -5440 2018 -1721 120
14988 -952 -3308 2052 -2147 2404
23948 -3472 -5112 3551 8912 -4742
14560 -1264 -5328 -1676 -787 3636
16052 -3492 -5132 532 1244 3687
17156 -3480 -4080 181 1781 3310
16296 -3264 -4040 768 1581 4867
16728 -156 -5084 2670 104 9273
14532 -5796 -5496 2777 -1343 12275
18424 -6344 -5876 8039 -5178 14173
11388 -11020 -5276 10555 -4340 13587
22788 -8052 -10752 7315 -1890 11472
20404 -10392 -5316 6286 5424 12756
8868 -12100 -3940 8108 5377 5224
5996 -14760 -2928 7620 -1095 -101
11060 -12432 -3512 11484 -6249 76
12384 -12636 -8056 5639 -7414 1420
15560 -11096 -8064 15306 -8553 4159
15652 -7100 -5296 10796 -9087 7038
13596 -5920 -2724 2091 -9377 6217
12268 -6212 144 3213 -10346 2127
12752 -6796 3124 6724 -10550 -3079
12976 -6488 5008 4997 -10222 -7388
22652 -2664 16108 14278 -8059 -11693
17016 -5540 1988 -4725 -5279 -12504
19276 -7452 1812 -1097 -4052 -15122
15868 -4672 -176 6053 -4343 -15821
14648 -3708 -1196 2510 -3713 -20446
15980 -3852 -280 3322 -2999 -22696
17260 -5868 -2184 8261 -1142 -25123
19364 -5084 -1844 10859 -1593 -23581
17620 -8220 -2804 8155 -879 -17869
14836 -6284 -1640 10544 -372 -9725
13880 -8532 -5224 10607 -365 877
14444 -8780 -4280 4468 167 14600
22072 32767 -20516 -18234 1518 1211
23496 -908 -9580 -3412 -1467 11549
23812 -2840 -3132 -8184 -796 11403
18800 -612 -5540 2710 -4013 6776
17144 -2944 -5408 2833 -1465 1202
16704 -160 -5516 3285 618 214
16288 -180 -7536 714 301 2038
15060 -152 -7924 -2449 1607 1281
16320 -3528 -3744 -6723 1424 733
19744 -1028 -5384 -1371 -755 1599
18180 -2544 -4552 2475 19 1692
17664 -2260 -4996 2577 -1342 2129
16060 -1616 -6680 2909 -1063 1866
16116 -1576 -6948 1470 219 1328
16080 -2616 -5436 -56 979 1377
16848 -2516 -4856 1031 359 1657
16876 -2768 -5440 2354 -697 2131
16524 -3004 -5860 2486 -569 2965
16784 -3708 -5056 1863 -62 3620
16356 -3452 -5244 2465 -697 5043
17192 -8 -5980 6729 -2793 8785
17968 -4240 -5292 12068 -7559 13727
18464 -10096 -1440 17537 -9535 16404
12208 -7760 -3984 14334 -4152 15376
11624 -9984 -7628 9991 -4806 14720
17032 -10600 -7052 3323 3585 13792
4052 -14472 -3220 1091 6628 9973
6156 -11816 -5280 2118 3091 8830
11036 -14128 -4280 -4614 9447 7908
5460 -16944 -5600 -2686 9189 4580
4832 -17204 -6592 2197 3575 1265
7396 -15172 1020 8238 1847 -1226
6652 -13384 2016 3457 2101 -2276
7400 -14920 -620 -553 931 -2373
9512 -15184 -2344 1791 -424 -2225
12052 -14296 -1888 3349 -1938 -433
16988 -13436 -6516 -12599 -3670 3809
18556 -22136 -4808 1667 -2425 10141
17396 -11376 -6228 4819 -7263 11764
11372 -5004 -4356 -1805 -10019 8288
7952 184 -2668 467 -10402 -3548
6944 2488 -428 1060 -7733 -17188
9524 720 1588 -3110 -3500 -29452
14696 -3488 160 -6171 1535 -32768
21596 -11252 796 35 2552 -32768
25548 -15284 -1344 -890 5142 -32768
24236 -16884 -6768 -11115 6053 -26435
18164 -14464 -6132 -5824 4300 -16625
14136 -9200 -4388 -1105 1409 -7680
14176 -6056 -3800 -6281 641 -558
13552 -6600 -5264 -4947 -1159 5977
20604 11700 -4160 -11322 -1553 12901
32767 -7968 -8128 743 -4388 18294
20608 -9412 -2184 -5282 -6224 15980
16804 -4484 -5836 -3 -4074 8545
16032 -4940 -3460 -995 -1808 3977
16352 -5960 -4392 3647 -2059 1005
17048 -3840 -5068 1921 -898 -100
16176 -3484 -5840 890 -454 -223
16776 -3212 -5220 441 31 -325
16592 -3284 -4724 -28 -588 -799
16728 -3236 -5052 316 -711 -820
16700 -2612 -5464 419 -725 -1141
17040 -3980 -4812 568 -816 -1881
17300 -1248 -5052 1311 -879 -3095
16540 -2256 -5132 1522 -1547 -2598
16568 -816 -5864 1214 -957 -1071
16816 -696 -6072 1273 174 1410
17208 -904 -5796 1551 366 3640
16940 -2348 -5900 1935 381 4538
16736 -2856 -5492 1910 -191 5794
17012 -2040 -6028 3335 -483 7960
19524 -2196 -3884 4222 -1293 12938
14028 -7732 -4432 4935 -3665 13532
14808 -6160 -7224 8146 -3760 11538
10256 -10184 -7564 7911 -2747 9135
20708 -8892 -4780 6709 -1613 11985
9016 -12716 -2688 10333 601 14943
16312 -9000 -7892 5474 -1622 15529
13328 -12936 -7988 -9060 15413 15037
1932 -19152 -5080 -2523 7770 7913
3268 -16444 -4064 4019 4963 1260
4184 -15580 -1212 10517 -356 -1652
6220 -13720 -532 8108 -3261 -1112
8712 -13664 832 2851 -2638 -602
11296 -14420 340 1999 -943 600
11624 -14180 -3816 -2562 -650 2302
16468 -19788 -5300 -5550 -1244 4145
14856 -14244 -5504 4923 -3847 6432
10856 -7720 -3948 388 -4822 4513
9240 -4000 -1820 -1311 -5777 -2128
8424 564 360 380 -4969 -11874
10392 308 300 -4743 -2363 -21741
14168 -3608 -1408 -4942 446 -31014
20312 -7820 -1852 102 943 -32768
25532 -7540 -3496 3993 -655 -32768
26048 -14892 748 594 -405 -32768
21684 -14312 -4772 -6398 3638 -21731
14200 -14252 -4276 -13258 3944 -9439
14312 -10280 -3636 -8899 1958 20
15304 -12288 -4996 1885 -940 8570
25036 32767 11828 7625 280 9381
20152 -744 -2016 1684 -2961 5520
20564 -6716 -7548 -4970 -1345 6585
23380 -3624 -3504 -3078 -3175 8723
15148 -2836 -2572 -3923 -2590 4495
17428 -2612 -3776 1741 -2485 989
17960 -2712 -3212 1358 -2173 1383
16644 -816 -4784 2397 -2539 1506
17020 -796 -5424 1516 -1416 1520
16924 -1168 -5556 -685 -585 2215
16644 -1344 -4960 -1173 -600 2896
16036 -1448 -6080 -3444 -707 3451
16772 -4140 -2156 211 -1299 2626
16744 -4284 -4536 3718 -2732 1421
16424 -3096 -7144 2861 -1562 1721
17412 -3360 -5992 918 514 1589
16856 -4240 -4544 1191 335 1475
15964 -3132 -5616 2517 -249 2143
16664 -3680 -5264 1216 275 3366
16328 -3444 -4520 539 483 5172
15860 -3996 -5244 1503 -1848 8577
15116 -6756 -5564 4701 -3298 11255
16640 -4436 -5688 6414 -3203 11901
13192 -9616 -5900 8352 -2767 13523
6400 -8744 -3084 8144 -700 12135
20496 -10016 -2084 9800 -3825 18213
4860 -14784 -5804 -570 7041 11787
8680 -15188 -2964 4058 -1767 8583
7848 -14576 -3388 3357 4765 3264
7080 -15556 -5016 1630 2791 531
8888 -13504 -4344 4025 989 -819
9552 -14140 -1784 3516 584 -315
10988 -13100 -204 4024 1635 444
10524 -12732 -1768 2649 2142 1638
15536 -13612 -3840 -523 1160 5030
17020 -14260 -4764 -11536 817 8375
16272 -16592 -6240 5365 -707 5833
11576 -7200 -2492 3575 -2044 4410
7540 -2420 -632 -1149 -2633 -1737
3368 1272 444 -1686 -2249 -11723
8240 -880 -92 -4967 73 -23591
14396 -3192 -1340 -2415 -260 -31790
21508 -5192 -1620 -4912 2015 -32768
28636 -8388 -3956 -8078 1593 -32768
26816 -12800 -5512 -10169 2124 -30209
21184 -9512 -6380 -5576 4064 -24461
12916 -7640 -2104 3910 -698 -13249
14684 -8072 -2848 -2739 -72 -1386
15280 -8520 -2776 -6128 -201 7892
15732 -8660 -5484 -8354 -1940 15403
14416 -3060 -1368 -1034 12798 -13418
31404 -7588 -5920 -5250 -3933 14110
14412 -12876 -10160 -1146 -8145 10030
17136 -604 -2796 1003 -5628 5505
16328 -5032 -4428 2460 -1971 1218
17380 -2796 -4340 1397 -341 348
16836 -2360 -5260 1737 -1560 709
16824 -1404 -6220 -294 151 315
17096 -2280 -4504 -786 66 622
16820 -2768 -4652 -102 -623 483
17136 -2992 -4452 2016 -706 -273
16912 -2240 -4976 3565 -883 -31
17156 -1288 -5384 4063 -687 956
16812 -2496 -5484 1549 252 2798
16348 -2388 -5660 343 26 4099
16444 -3612 -5628 1020 -242 3121
17092 -2960 -4892 1825 -56 3733
16120 -3164 -5480 320 -61 5780
16428 -4856 -4248 -510 -412 7255
16164 -2256 -4052 -1271 -609 10484
17980 -7224 -3544 2818 -2753 11745
9604 -9484 -4388 6971 -4234 12867
17836 -7924 -5020 6911 -4927 12116
14948 -11176 -3952 8663 -3434 13855
9704 -12620 -1968 9902 -4730 14162
19956 -9412 -6336 5404 -3074 16330
7492 -14240 -6080 -5600 9468 14738
-3472 -22892 -7124 -25 6053 6069
6012 -16308 -6208 6873 3879 550
6856 -14532 -348 2064 2149 -452
8312 -15036 -1516 3976 1776 -1462
8424 -14692 -4688 1900 214 -820
10648 -14212 -3764 1453 523 641
11492 -13544 -4708 -2163 -190 3484
13236 -18904 -3436 -2914 -1280 4825
14296 -8740 -4536 -4107 -1775 6309
12816 -12892 -7396 -2722 -6213 3835
11836 -9268 -3776 4539 -5912 21
10124 -4536 -2764 2039 -2226 -5070
8920 -1780 -3252 -2974 1009 -14306
9044 -2300 -2832 -4068 4088 -23459
11636 -4832 -3112 -2490 4240 -31329
20084 -8748 -5148 -4130 4101 -32768
24416 -8544 -5952 -2610 4361 -32768
25504 -10872 -6440 -2752 4059 -32027
24232 -7544 -4564 -892 607 -28235
19180 -9936 -7784 -3926 773 -20115
12516 -5568 -2236 -4493 -1084 -9778
12724 -6456 -2220 -4608 -1003 3073
13004 -4252 192 -3987 -111 11306
13932 -3196 -968 -5198 -569 16012
17400 26992 -22428 -3048 -1547 4194
14052 -2380 24052 -3555 -4383 24332
9552 -13204 -12488 -3142 -2592 10799
20636 -4628 -3996 -1816 -3080 2777
16376 -5680 -4196 315 -2680 -439
16904 -2384 -6284 3598 -1216 -3506
16312 -1440 -6192 2367 604 -4355
16860 -1172 -3812 1163 -906 -2876
17240 -496 -6024 -241 -1091 -1441
16952 -700 -5388 -142 -1276 -766
18048 -716 -4884 1764 -1123 32
16668 36 -6424 2100 -515 1821
17080 -2020 -5564 647 128 2474
16744 -2236 -5944 1535 84 1975
16604 -1852 -6148 1951 248 2170
17072 -2564 -5756 2098 592 2692
16716 -2320 -5216 2604 1097 3462
17208 -2224 -5804 3035 1495 4379
16716 -2348 -6344 1627 4470 4883
15480 -4592 -4288 534 624 6618
17772 -3524 -3328 2175 -110 8458
16292 -6964 -1792 2484 372 8317
16768 -6404 -5040 4570 -1432 10754
16580 -8700 -4532 7828 -925 13496
20280 -8748 -4604 11682 -3366 16757
27824 -864 -3444 8020 3061 23157
5556 -15056 -572 -350 13551 11629
976 -16112 -2232 2101 7913 3167
4676 -14548 -3992 834 5018 -583
8284 -14172 -1784 4171 -1056 -12
10580 -13272 -220 4721 -2605 660
11456 -11860 -948 4053 12 1089
11360 -10904 -4840 -283 -1763 3596
13656 -15560 -2140 -4516 -184 4398
15612 -14740 60 -1151 400 8079
14320 -8060 -3428 -2058 2477 8312
11204 -10104 -1272 -4296 678 5030
10400 -8148 -832 -3725 980 359
10328 -6600 -2620 -4413 1446 -6609
10792 -5108 -1228 -1644 903 -14368
11220 -4920 -1944 -1303 240 -21720
12752 -5176 -2160 -770 -1002 -28330
15888 -5928 -2028 -825 -3100 -31832
21280 -7316 -3408 -3786 -1666 -32768
26900 -9220 -6044 -10189 -60 -32768
27176 -11528 -5120 -8238 2450 -28764
17780 -11688 -6844 -895 736 -20602
10412 -15332 -4156 8522 -1904 -4173
13564 -5396 -2992 -3329 -954 11922
14856 -4916 -1340 -6007 -654 16847
19428 21108 -8936 -19563 1672 17880
32767 -27672 3956 559 10120 16225
22504 -9032 -508 -10311 464 15146
14272 -10832 -8356 6083 -6567 7904
18084 -2980 -4232 -2755 1939 1914
16204 -3600 -4280 1886 -2003 1796
16628 -3356 -4640 -2239 -87 456
17272 -2020 -3712 -923 -1059 1491
15716 -3232 -4464 -187 -1459 2130
16624 -3396 -5572 -751 -915 1925
17032 -3768 -4804 -955 -768 1627
16392 -3932 -5260 -598 -1082 1342
17092 -3660 -5476 -730 -507 969
16456 -4804 -5680 -365 -1217 860
16836 -3636 -5212 393 -889 323
16300 -3628 -5588 1452 -840 1144
15984 -2640 -5328 2627 -152 4004
18800 -3232 -4980 3380 -1723 8613
17788 -4336 -5128 7549 -2205 11327
19736 -3748 -6528 10352 -4320 13132
15112 -8816 -1192 13229 -3684 14685
19724 -6572 -5068 9075 -2447 16974
11296 -10372 -3340 11231 -531 16565
6836 -12152 404 9393 4401 14992
6112 -14820 -10188 -793 -1927 15304
-760 -20532 -5864 7825 3364 9814
3088 -16636 -52 2957 8567 3238
8008 -15928 3056 1887 5965 -402
6768 -15868 -476 1114 4190 -2828
5796 -15356 -2468 1546 615 -3892
7316 -14684 -256 3878 -345 -3378
9124 -13688 -1160 4553 -1970 -1615
8664 -13436 -1128 1054 -897 -725
9760 -12608 1084 2455 -333 140
12724 -15960 524 6495 250 1348
14052 -18728 -3692 -3177 1156 4210
12640 -9804 -3536 -5253 -1312 3983
10216 -7344 -2592 -1717 -4000 -241
9772 -3872 164 -2233 -4658 -6733
10208 -4272 40 -647 -2781 -17101
12752 -6092 164 5835 -5102 -23578
16564 -5760 308 -2912 -4929 -26556
18772 -7244 -3384 -18405 -3273 -27606
20976 -10280 -5524 -18742 -143 -27989
22352 -8352 -6556 -2693 600 -28843
23368 -9804 -6884 -2925 404 -24299
18720 -6668 -3036 -1291 377 -18808
11908 -5244 -3560 -5958 17 -10882
12820 -6784 -2116 -7618 -266 -513
13396 -8648 -4792 -7588 -640 8645
15216 -6904 -5844 -5049 -1767 14111
32767 32767 -5996 9442 -17757 8714
19292 -8728 -12684 -2083 -3015 9101
20828 -4820 1436 -905 -4516 12231
18168 -2272 -2956 -844 -3901 6321
16512 -1456 -8104 1014 -1239 2335
17184 -3536 -2068 1692 -395 265
16852 -1212 -5120 2380 -539 738
16568 -412 -6616 2090 -335 2043
16736 -2208 -5236 -631 -1207 2096
16920 -2812 -5120 349 105 1043
16904 -2568 -5028 779 750 585
16024 -1032 -6768 -76 498 -216
16516 -1900 -5276 -177 -101 -483
16972 -324 -6000 -2896 217 2185
17040 -2104 -4360 -2723 712 4739
16628 -3880 -3960 921 -183 6617
17000 -2888 -4780 3862 -670 8263
16216 -3908 -5212 1746 -580 8937
17084 -4332 -5652 1029 -844 10455
17892 -7732 -6420 6853 -4709 13656
17672 -9372 -4052 14633 -6784 15769
20224 -3848 -6236 17181 -2887 18442
11636 -9272 -2796 11660 592 20542
8432 -9820 -1776 5009 -1392 21400
6212 -16984 -11048 -5196 9195 14214
-3180 -22160 -1484 6077 -2260 8287
3260 -18864 -3620 4570 4112 -1581
8536 -15720 1188 5247 1387 -4527
8364 -13828 1936 3190 2261 -4961
8680 -13740 -1248 -412 2006 -4140
10488 -14000 -1132 -496 1423 -2328
10588 -14116 -1328 1218 1702 -513
15272 -13632 -2888 814 1151 2498
18772 -15352 -5912 -3831 507 8834
15008 -14592 -4092 -1782 -720 8379
13688 -2968 752 -721 -5223 406
10704 -1876 -1640 -867 -4358 -8205
10764 -1716 -1220 -7462 -304 -19179
13532 -5152 -2584 -9067 2482 -28302
17520 -6984 -5608 -5114 2337 -32768
22020 -9436 -5364 -5561 2041 -32768
24012 -12068 -4980 -6777 738 -32768
24320 -18748 -4988 -808 -355 -28455
16620 -13048 -5360 -163 578 -18044
14188 -11432 -2704 -2039 -323 -7077
13324 -7808 -3820 -1516 -1148 2830
14760 -11060 -2380 459 -837 11025
31616 32767 -30468 -7199 -2345 10157
19540 8056 612 -3097 -10918 29627
16788 -7448 -8796 -7100 -3905 10212
16128 -1024 -7156 3065 -2936 1456
18432 -3700 -3640 -822 -1005 -1253
16140 -984 -7148 588 -846 -2049
16724 -1068 -5452 1332 -678 -1550
17116 -1340 -4940 1674 -1204 590
16680 -1388 -6112 2169 -839 2210
17304 -2440 -5636 2290 -610 2099
16584 -1940 -6656 2229 -30 2439
16140 -2224 -6788 1377 104 2197
16884 -3016 -5580 1766 44 1596
16380 -2952 -6208 1409 -2 1563
16652 -2844 -5640 999 258 2219
16128 -3456 -5504 852 -674 3521
17316 -2296 -5132 2873 -649 5956
17392 -2792 -6016 5136 -894 8014
18436 -3384 -4532 7517 -1506 10723
16324 -6128 -4944 6430 -2163 12514
12300 -8528 -5440 11966 -2748 14130
14300 -11280 -2928 9778 -1458 15137
6188 -13072 -3804 12199 -3635 13889
17448 -14716 -9832 1090 3712 10084
8592 -15592 476 7874 -142 4753
7188 -13532 904 -1450 5174 -87
8340 -15576 -2556 313 2028 -2042
8996 -13464 -2596 4766 307 -3317
11076 -11892 -1768 552 728 -2948
13504 -11920 -1696 -162 2027 -1464
14588 -12248 -3080 16 1194 1872
15088 -13120 -7588 -4348 -584 4608
20832 -22796 -9644 -1529 22 12223
19148 -18392 -3088 5781 -3238 19792
13580 -6448 -2624 1708 -2342 18635
8364 -2300 -1176 -899 -2528 9651
5816 -1044 -436 -2858 -1328 -2301
5916 -480 -892 -5401 196 -13434
8244 -2240 -1652 -8008 1936 -23234
11956 -5512 -4332 -8517 2516 -29971
16924 -10340 -4496 -7630 5747 -32768
20204 -11972 -5144 3661 2854 -32768
23568 -13668 -1228 2122 1224 -32768
25312 -8796 -3200 -2898 5696 -32122
19560 -9288 -3920 1252 583 -22271
14352 -7440 -6044 -601 516 -13400
10280 -12888 -3692 -100 952 2328
15748 -4788 -2180 -4915 7623 13078
10252 -12784 -1292 -10429 19597 13745
-5416 2868 32767 32767 -14043 -5195
32767 1668 15140 -17965 1090 14604
11332 -9848 -9576 7967 -6245 9801
16804 -5204 -5988 -598 -1030 310
18640 -3360 -2244 -230 -998 -71
16752 -2928 -4252 -190 -1357 -1416
17004 -1644 -3900 -448 -1098 -969
16568 -2448 -3472 -399 -1006 -442
17052 -2380 -4652 312 -1216 -109
17572 -1516 -4240 486 93 964
17072 -2372 -3736 1009 0 2132
16572 -2416 -4824 352 -68 2763
14976 -3888 -4772 -759 486 2783
16128 -4392 -3884 -1164 -566 3465
21060 -3392 -2700 -929 711 2382
15844 -5372 -3656 -766 -717 2430
17328 -3412 -4264 782 -828 2140
16332 -4552 -4480 1709 -982 2514
16412 -4396 -5088 1538 -833 3152
14148 -5092 -3456 1373 -3823 4530
16324 -5268 -4332 2878 -3155 5985
13720 -4804 -5188 4407 -5397 8289
17820 -6528 -4600 5096 -3644 8218
9148 -7536 -6688 5844 -4485 8134
21272 -8856 -9640 9029 -3374 10311
6404 -14016 -4192 3099 1893 4943
11744 -11224 -3000 1094 -159 1150
15024 -9480 -5120 323 112 1020
15184 -10384 -4148 2052 -1322 1944
13196 -9500 -3624 2676 -47 2160
9304 -12196 -5288 976 786 1176
12128 -11360 -5172 127 251 1061
14368 -11652 -3996 -177 45 1325
17420 -10812 -6076 2346 340 2829
15764 -11060 -5068 153 957 4003
14712 -11468 -5644 -114 -334 4497
13168 -9576 -5308 -477 243 3707
11632 -7104 -4068 274 1191 1056
9340 -5568 -3184 -1539 2108 -3452
10048 -5620 -2756 -3180 2925 -8764
10528 -7916 -2984 -5865 2714 -12115
12696 -10988 -4044 -9701 5579 -13625
12708 -9840 -5600 -5726 5450 -14526
15600 -13296 -6076 -3492 3361 -14158
14704 -14452 -6304 -4304 1902 -9139
14528 -11320 -4796 -753 1530 -5464
16592 -3600 -3508 -1498 1951 -6911
21712 -6068 -4736 -2288 660 -9490
20956 3628 -5164 -4385 822 -9633
17024 -1104 -5028 4972 -1223 -6198
16320 3384 -6324 1367 -513 -323
16760 2940 -6456 -64 -1432 2470
17832 -4136 -2264 2459 28 798
16960 -892 -4584 864 -292 427
17248 -1496 -4748 669 -224 461
17308 -1720 -3884 2066 -47 15
17124 -1456 -4812 974 -323 -184
17004 -1232 -4504 488 -300 -8
17132 -1532 -4116 538 -288 -39
17104 -1484 -4676 762 -357 -209
16980 -1348 -4344 834 -400 -307
17212 -1532 -4044 953 -269 -308
16944 -1184 -5132 775 -115 -458
17184 -748 -4996 995 5 -252
16972 -1116 -4748 195 -197 156
17144 -1340 -4956 337 1 112
17132 -1164 -4488 563 30 49
17064 -1080 -4832 635 100 174
17284 -1428 -4548 496 -63 154
16928 -1176 -4640 299 -118 38
16948 -1236 -4708 339 -113 114
16964 -1332 -4652 355 -131 137
17092 -1244 -4868 279 -135 113
17284 -1512 -4548 420 -43 0
17100 -1424 -4716 510 64 -53
16996 -1084 -4704 536 100 145
17048 -1376 -4672 424 -11 340
