-14612 5048 -3436 1165 -299 13
-14648 5220 -3448 907 -80 -57
-14824 5220 -3316 528 -40 -44
-14644 5072 -3660 736 387 -75
-14776 4684 -3996 750 221 -272
-14956 4524 -4012 1010 221 -348
-14816 4272 -4220 1359 375 -211
-14600 4640 -4136 1310 479 155
-14836 5152 -4056 820 444 367
-14684 5148 -4160 109 564 76
-14808 5360 -3884 -1024 973 -156
-14816 4416 -4236 -1535 734 -1033
-14992 3948 -4540 -787 324 -899
-14780 4384 -4056 844 -119 -532
-14680 5420 -4068 1350 227 -407
-14104 5200 -3876 1162 39 47
-14788 5484 -3764 872 86 238
-14480 5276 -3872 783 161 -180
-14272 5668 -3964 598 938 -363
-14328 5144 -4576 142 1506 -392
-14768 4984 -4604 613 1894 -663
-14600 4792 -4728 1225 2166 -1045
-14876 4296 -4992 1065 2206 -1372
-15116 3696 -5220 650 1597 -1462
-14944 3368 -5280 232 1164 -900
-15188 3356 -5536 144 878 -820
-15192 3816 -5652 42 939 -1228
-14768 3468 -6132 -172 778 -1499
-14940 2824 -6352 -279 606 -1614
-15060 3092 -5440 -265 193 -1280
-14868 2052 -6036 -338 421 -1265
-15136 3244 -5420 -954 185 -394
-14804 2620 -5896 -1474 564 -100
-14920 2112 -6244 -881 1019 295
-14852 2472 -5508 -841 -60 933
-15432 2964 -5432 -245 -713 1686
-15248 3332 -5936 255 -1164 1430
-14840 4472 -5516 461 -1034 1245
-14432 4912 -5572 -308 -1005 1155
-14632 4156 -5528 -407 -857 1125
-14500 4580 -5052 -410 -1212 971
-14524 4440 -4848 -55 -733 674
-14552 4852 -5124 -18 -238 546
-14716 5016 -4524 -688 -421 285
-15028 4424 -4500 -611 -799 294
-14800 4896 -4272 -801 -873 -127
-14652 4416 -4512 -695 -754 -97
-14872 4736 -4548 -393 -632 -31
-14464 4884 -4560 -348 -485 -9
-14696 4568 -4500 -148 -167 53
-14612 4552 -4516 181 -150 133
-14656 4700 -4556 373 135 170
-14728 4836 -4440 368 210 187
-14804 4684 -4232 331 270 188
-14872 4528 -4092 485 192 133
-14784 4692 -4232 678 -29 47
-14712 4612 -4328 714 -152 -14
-14968 4748 -4368 745 -147 55
-14716 4716 -4428 832 -162 65
-14832 4792 -4376 705 -104 53
-14860 4784 -4284 651 -185 -26
-14584 4600 -4304 870 -332 -153
-14920 4476 -4320 1179 -512 -236
-14872 4512 -4200 1375 -632 -287
-14876 4212 -4388 1683 -466 -251
-14752 4192 -4160 2233 -574 -71
-14728 4012 -4240 3157 -681 17
-14972 4188 -4608 3750 -623 142
-14888 4260 -4436 4229 -851 137
-14852 4352 -4620 4556 -864 124
-14760 4408 -4712 4672 -846 123
-14964 4492 -4540 4618 -791 135
-14772 4532 -4712 4290 -677 178
-14752 4392 -4620 4039 -604 150
-14684 4416 -4888 3640 -613 201
-14736 4680 -4736 3036 -472 188
-14604 4752 -4752 1940 -329 186
-14716 4572 -4988 1340 -249 174
-14800 4628 -4596 647 -89 181
-14996 4512 -4904 -49 77 144
-14616 4472 -4640 -349 352 120
-14728 4304 -4616 -384 397 61
-14860 4360 -4636 -524 289 -44
-14928 4340 -4428 -966 250 -169
-14848 4092 -4596 -1087 349 -162
-14960 4072 -4696 -809 267 -139
-14888 4292 -4520 -678 269 -141
-14912 4248 -4584 -701 286 -208
-14848 4128 -4592 -707 352 -167
-14784 4048 -4600 -384 271 -129
-14968 4024 -4472 56 94 -218
-14844 4008 -4676 218 42 -119
-14888 4216 -4792 429 6 -31
-14776 4196 -4812 598 66 5
-14808 4208 -4532 618 11 5
-14772 4224 -4856 490 9 -7
-14904 4320 -4824 494 -61 -55
-14852 4136 -4824 551 -53 -16
-14800 4208 -4708 527 -91 -1
-14728 4364 -4712 461 -50 -8
-14892 4248 -4672 454 -56 18
-14752 4376 -4652 407 -43 13
-14828 4332 -4648 346 16 10
-14836 4336 -4808 345 -49 18
-14848 4252 -4696 451 -141 19
-14892 4316 -4624 308 -108 79
-14776 4364 -4740 168 -60 -14
-14800 4148 -4604 70 31 57
-14912 4284 -4496 147 2 -1
-14792 4204 -4676 179 24 -19
-14796 4180 -4476 317 -4 2
-14864 4272 -4600 294 -158 -46
-14820 4272 -4640 374 -5 15
-14888 4304 -4704 340 -40 -47
-14816 4284 -4728 338 3 14
-14892 4276 -4504 474 -6 -3
-14924 4288 -4520 566 -27 31
-14840 4332 -4596 646 5 44
-14816 4304 -4728 624 -18 34
-14768 4324 -4660 552 -85 7
-14864 4304 -4500 513 -116 -25
-14800 4432 -4588 287 -42 6
-14820 4380 -4532 19 21 -89
-14828 4360 -4748 -52 114 -23
-14776 4316 -4748 81 105 -28
-14936 4300 -4664 105 16 -64
-14740 4272 -4600 19 -63 -29
-14764 4368 -4572 54 -126 -11
-14784 4416 -4604 -89 39 -57
-14712 4448 -4612 -228 11 -39
-14808 4432 -4456 -347 22 -98
-14864 4324 -4416 -401 98 -78
-14956 4228 -4628 -284 67 -3
-14720 4284 -4552 -101 77 27
-14824 4360 -4472 -186 57 65
-14820 4464 -4324 -349 171 18
-14960 4276 -4376 -372 -83 -41
-14940 4040 -4428 -91 40 -19
-14848 4576 -4644 -251 8 -30
-14784 4576 -4460 -522 35 -91
-14668 4568 -4336 -851 231 -1
-14832 4292 -4336 -1003 257 6
-14736 4492 -4312 -1085 239 2
-14768 4376 -4508 -1082 267 15
-14908 4156 -4272 -971 258 33
-14884 4120 -4092 -616 198 111
-14940 4520 -4204 -509 54 64
-14816 4444 -4304 -326 122 115
-14840 4536 -4060 -406 -70 54
-14916 4560 -4084 -414 -197 -130
-14832 4464 -4136 -386 -118 -30
-14840 4420 -4020 -333 -33 -45
-14700 4340 -4140 -202 137 24
-14980 4580 -4356 -194 380 83
-14744 4572 -4116 -295 358 184
-14788 4516 -4300 -226 576 235
-14932 4320 -4260 -135 436 351
-14764 4692 -4168 -110 556 433
-14824 4392 -4364 -173 601 393
-14908 4352 -4304 -36 730 527
-14832 4580 -4444 -101 764 505
-14740 4448 -4920 -28 837 596
-14880 4604 -4936 -115 869 861
-14760 4404 -4868 11 417 934
-14696 4368 -4944 343 627 927
-14784 4896 -5076 415 596 1011
-14516 5004 -5208 46 689 1150
-15116 5992 -5312 -250 752 1899
-14552 6772 -5072 -1254 494 2191
-14000 7280 -6212 -2089 1568 3588
-12976 7652 -2616 -3304 -150 3687
-16012 7072 -4572 -2094 1153 3617
-14976 8328 -4312 -2509 976 3597
-13172 7628 -3712 -2932 -760 3044
-12964 6408 -2908 -1902 -499 2097
-13224 7500 -2440 -1084 -1268 554
-12956 7512 -2196 -198 -1135 -236
-12636 6768 -2008 1042 -1176 -564
-12696 5840 -2136 2965 -621 -502
-13388 7064 -2764 4630 -52 -1190
-14332 7336 -2908 4833 -1843 -912
-13180 9196 -5172 4174 -1211 128
-13352 10100 -4976 2873 364 636
-15872 7980 -4536 2671 570 728
-12376 7100 -3392 3117 211 1888
-13572 8092 -4856 3352 1912 2168
-14256 6852 -6144 2031 1329 3065
-12572 8972 -5160 2207 -1204 1811
-12864 10088 -4268 1365 1591 -155
-13232 9352 -6260 1607 1988 41
-12924 9848 -5652 1878 1569 673
-12736 9272 -5972 916 2359 1658
-11956 8812 -5684 405 905 1554
-12592 9544 -6016 286 2263 1279
-13864 9316 -5504 163 2372 1289
-14984 9432 -5544 696 2038 1796
-15524 9648 -6748 1163 1076 1946
-12800 10496 -9036 3126 2683 -59
-11412 9212 -10044 2578 2997 -2232
-10172 8684 -9180 2207 -581 -2601
-11304 9320 -7352 427 -2303 -4576
-11444 5960 -7524 1377 19 -5915
-11468 6016 -7416 2261 560 -7508
-12048 6380 -7976 1481 -1975 -7141
-12420 3448 -7532 606 -787 -6029
-14408 5072 -7784 -681 221 -3961
-13932 3128 -4696 -3450 -4355 -2452
-11792 6824 -9848 -3709 -1775 -1706
-14476 6208 -8244 -2106 2140 -2332
-13964 4756 -9240 -1322 1925 -97
-11872 3780 -7604 -1447 2627 -12
-13864 4384 -9068 163 4116 1035
-14128 4736 -9228 684 3564 1685
-13956 6524 -8212 -204 3410 1513
-14348 5456 -7512 -447 3233 1411
-14256 3836 -7644 1047 3664 349
-15720 5496 -9568 2425 3419 403
-16180 6776 -9336 2103 2263 274
-17664 6608 -11116 1235 -198 1407
-16076 7280 -11664 -403 -1730 2131
-11568 7088 -10592 -2902 -3402 2759
-9484 7700 -11492 -4007 -3607 3340
-10364 7240 -7028 -4781 -5150 1489
-10996 5520 -7664 -3261 -1295 2278
-10860 7136 -6972 -3294 -514 1658
-10928 7284 -6068 -3147 -3829 1063
-12100 6540 -5312 -1710 -3402 -317
-11796 7028 -4316 -456 -3946 -1455
-12272 6832 -3524 1507 -3275 -103
-13076 4348 -1672 5143 -3799 -393
-14304 4248 -2948 8923 -6219 -1853
-13328 4356 -3976 10276 -7004 -4778
-13996 13560 -18836 5418 -1188 2585
-16168 11992 -2308 -2312 3204 4598
-9264 -720 -1748 2051 -1215 599
-14600 12000 -7024 2367 1722 3924
-14636 8476 -4848 -1015 2094 3022
-11248 7648 -3780 1423 771 1188
-13904 10824 -7432 838 2174 952
-13908 8892 -5204 458 2437 492
-13752 9020 -7624 537 2469 1383
-14072 9692 -6900 -279 1261 -264
-13052 7880 -7396 285 839 -2521
-12796 6624 -8904 1401 2935 -3429
-11628 7004 -8032 1381 935 -3282
-12672 6784 -7244 325 -416 -4529
-12556 5524 -7264 498 -23 -4808
-12832 4908 -7264 869 147 -4499
-12848 5280 -7360 988 -70 -4049
-13860 4648 -7192 310 -700 -4318
-13924 4292 -6964 217 -320 -4142
-14700 4004 -6440 -759 -1368 -2856
-13936 3176 -6752 -834 16 -2367
-13772 4372 -6596 -2144 -61 -1307
-13668 3972 -6824 -3509 451 -332
-14572 3340 -6292 -4509 2003 -194
-13864 3956 -6128 -5020 3367 621
-14124 4912 -10972 -3793 5007 1961
-16720 5356 -6204 -1091 10791 -2457
-13564 3180 -10600 -3748 6033 4574
-14084 5248 -8872 -2680 4630 948
-14884 6064 -10516 -1072 4895 2762
-14128 8024 -7916 -3241 1064 2465
-15684 6168 -9360 -1216 816 2857
-13848 8212 -9376 165 -1583 2964
-12844 8724 -8652 -210 -2273 2609
-12032 6704 -9244 81 -1223 2106
-11924 7944 -9196 254 -1441 1065
-11024 8524 -8580 -1680 -2305 750
-10660 7732 -8452 -2384 -1849 -163
-11796 8332 -8240 -2303 -1645 -260
-11124 8068 -8068 -3069 -1931 -27
-11784 8212 -6820 -4114 -2289 -146
-12352 7360 -6364 -3610 -1270 424
-12680 6576 -5028 -1729 -1482 63
-12924 6652 -4692 -98 -1050 -413
-13372 7952 -5432 107 -3223 -1688
-12576 6836 -3356 1409 -3286 -994
-12220 5648 -2828 4479 -2697 641
-12692 6824 -3500 7102 -3399 1314
-12524 6788 -3092 7322 -1707 -615
-14632 7892 -7076 7630 -1532 -168
-16548 15100 -11468 1991 734 4841
-11976 5152 -3080 1172 -2092 360
-14772 10296 -6332 5028 232 -1402
-13888 8256 -7080 1949 894 606
-12540 9380 -7016 2878 288 -1080
-12976 8784 -8908 2180 1541 -1742
-11724 8352 -8360 1044 2366 -762
-11720 7956 -8392 1060 2419 -875
-11064 5952 -8464 542 3041 -2024
-11276 6940 -8016 1005 4962 -2919
-12672 6392 -8868 46 4090 -2199
-12972 4964 -9148 1192 2671 -1709
-14040 5560 -8716 2000 1345 -2932
-14652 6284 -9192 850 -520 -3037
-12668 6064 -8808 -312 -687 -4212
-11944 6596 -8572 -2048 -385 -5806
-13644 4240 -7920 -3434 1518 -6017
-14108 3044 -9104 -3506 554 -4416
-13768 2536 -8204 -3350 -1023 -3107
-13476 2200 -7776 -2318 219 -2351
-13564 3088 -7480 -3000 472 -303
-14268 2748 -7368 -3015 441 622
-13436 3116 -9636 -1567 2285 2474
-14720 5476 -11276 892 4309 1378
-15396 5908 -9244 1070 2830 2446
-13236 4204 -8660 296 3423 1255
-15536 3296 -10408 2992 4436 1591
-13384 5512 -10828 1817 297 2887
-13736 7184 -8712 458 -596 3163
-14988 5120 -9000 2011 374 1544
-17476 6652 -12004 3058 760 1622
-15492 9196 -12232 836 -864 3221
-13328 6252 -11952 -731 -4383 4619
-9908 5912 -10564 -675 -4875 4910
-8040 6424 -9272 -1575 -4403 2860
-10540 6580 -7908 -699 -4464 1903
-11584 6028 -8228 987 -2792 723
-12232 9408 -8032 -757 -3878 359
-11436 7744 -7024 -2706 -5111 978
-11728 6856 -8096 -2280 -2005 1328
-11820 8648 -6804 -3016 -2392 1236
-12212 8964 -5040 -4358 -7031 -1078
-12988 6804 -3940 -3055 -5169 -2243
-11604 7404 -3056 -191 -923 293
-11820 5788 -872 1915 381 2478
-13660 4696 -2584 6645 946 1685
-13784 9244 -4632 6891 -647 2951
-13580 9444 -6764 4149 -1808 3752
-12556 12700 -6404 1045 -3223 3495
-9088 10616 -3536 2667 4436 324
-14208 11664 -9184 2087 2996 4021
-15360 10468 -6536 1511 3107 2463
-12076 6428 -6820 2627 4131 1304
-15124 10784 -8760 3229 1398 1655
-13256 9340 -9908 1738 2691 1769
-11276 10092 -6528 939 179 -1174
-12560 8812 -8756 -265 872 -1476
-9944 7428 -7340 -807 517 -2640
-9796 8392 -8744 -133 425 -4763
-10788 6836 -9976 929 1842 -4202
-11212 8508 -8900 1679 1989 -5643
-12828 5864 -9416 3120 2432 -5702
-12172 5700 -8052 4907 2906 -5802
-10524 3508 -9676 5365 1502 -5129
-13784 4308 -10656 4036 1572 -3687
-13140 3088 -10120 1862 -2110 -2145
-12476 2180 -8124 -112 -2675 -1205
-13216 3668 -9828 -2128 -1590 176
-14316 7696 -11232 -2571 1884 -397
-12988 9136 -13712 -2400 2836 -1
-13492 9256 -9912 -4864 1292 427
-13672 5644 -9544 -2310 3833 2068
-13852 6112 -9620 -734 2538 2620
-12324 6768 -9092 -239 1510 1659
-12680 6760 -9208 -167 1240 441
-14320 6844 -10512 -1155 384 19
-13932 7140 -9452 -2571 -1623 23
-12928 4936 -9184 -2142 -2351 -339
-12696 6152 -9692 -2223 -913 95
-11616 6276 -11060 -3578 -5815 2121
-10604 7820 -6768 -2420 -6250 -1144
-12576 9812 -5792 -3117 -4162 -847
-13348 8360 -6732 -4474 -3328 270
-10264 6000 -6792 -3268 -1005 143
-8124 8044 -5324 -2523 916 -719
-11620 7176 -4848 -530 1983 -1944
-14556 7820 -5156 -70 3790 -836
-14660 8664 -3968 89 25 -1176
-14276 6304 -4808 1789 -728 122
-12504 7600 -3604 3278 -347 1737
-14052 7000 -3380 4624 -1227 1397
-13424 7480 -4552 4954 -2409 780
-12892 8776 -3892 3926 -1163 550
-13856 10536 -10144 1689 1944 2696
-15744 10008 -5316 -536 962 3977
-11924 5208 -6060 2668 738 2033
-13856 10276 -10256 2251 3514 2695
-12380 8248 -10152 580 2504 936
-12880 8896 -9680 79 995 -1215
-12512 6924 -8780 -26 91 -1518
-11708 6840 -7688 310 103 -2039
-10128 4432 -7892 1165 1308 -4104
-13308 6164 -11248 4380 3174 -5894
-12092 6236 -11176 4116 1470 -7246
-13768 4668 -11576 4950 -57 -6169
-13332 4816 -10812 5318 -1965 -4463
-12624 5116 -10068 4712 -4668 -4559
-11608 3404 -9244 3145 -2467 -4112
-12328 2552 -10176 306 -1897 -4292
-12548 1716 -8756 -974 763 -3047
-13176 2224 -8136 -2207 833 -1815
-14292 2016 -7372 -3984 63 727
-13232 2224 -7372 -4768 1374 883
-15748 3280 -10044 -3689 3918 1735
-14672 3064 -11728 -2457 4346 928
-14180 488 -9148 -1262 2614 584
-13700 2904 -9432 -1161 2592 1808
-14132 3608 -10144 -762 3243 1137
-15012 5512 -10592 -1430 2755 548
-16436 5204 -12028 -2574 1839 2227
-17052 6296 -12328 -1937 1212 2131
-15724 7052 -12096 -2791 -709 3723
-14568 7720 -11360 -3277 -1453 3385
-12064 6340 -9872 -2289 -3750 2823
-11644 8036 -9272 -2077 -1937 1396
-10612 8540 -9116 -3696 -3517 769
-9020 7960 -6572 -4628 -3027 -272
-9692 5148 -7516 -5174 -176 -463
-9668 6308 -8248 -4351 -977 -363
-8988 7456 -6600 -4514 -1967 -442
-11704 8736 -7840 -4903 758 312
-11556 8496 -4968 -6306 8 -258
-13888 5380 -6320 -3648 1552 -1185
-15008 7604 -6472 -599 2403 -187
-13692 8756 -4620 -1382 -1663 -483
-11988 7328 -4704 -1942 -2393 -894
-12100 7332 -4632 -1347 -1198 -571
-11408 6580 -3488 572 -169 -1138
-12160 6972 -4216 1603 -784 -2274
-13776 5760 -2800 3257 -470 -1890
-15740 4872 -3404 4327 196 -2825
-16508 9352 -6920 3195 -625 -762
-16588 9076 -5588 2400 -250 2534
-14288 4428 -5968 6307 -2200 618
-12484 9724 -5960 5470 -3059 1397
-13404 7128 -5812 2549 -2117 1214
-13940 8904 -6696 1896 -2117 -356
-13512 7048 -6412 874 -358 -1118
-13524 5920 -7356 1984 1808 -1447
-12628 6460 -7676 3023 2120 -2163
-12192 5500 -8556 2637 2088 -2987
-11912 5296 -9704 2602 1447 -1957
-12952 7236 -9692 1265 -558 -1126
-12148 6096 -9288 666 -1099 -1209
-13520 5576 -8248 907 -826 -818
-12400 7032 -8688 49 -131 -1400
-14176 5744 -8160 -1119 -1944 -480
-13748 2728 -5480 -124 -1787 -563
-16224 6688 -7268 1044 -2513 725
-12664 3816 -5564 2252 1120 919
-15152 7060 -6324 1450 -1343 3263
-15044 2164 -4996 3901 1699 5110
-15904 7508 -5852 3237 -1192 4687
-12820 6604 -3996 2274 -1392 3547
-14296 3740 -6520 2357 -155 7722
-14248 5832 -5164 3704 1057 7678
-13896 6220 -7692 4390 941 7950
-13736 7820 -6348 5770 -206 9459
-12588 10672 -6504 5732 3791 3951
-15904 4020 -7520 3244 2700 3732
-11140 11088 -9660 5721 4884 280
-11148 9580 -12060 3045 5381 -1387
-9540 11248 -12888 1297 7876 -2946
-10952 9772 -12076 -172 4076 -1602
-10320 10000 -12048 -1659 2387 -672
-9964 10548 -14616 -1127 1361 487
-10052 11876 -12988 -1195 1467 1765
-9440 9748 -12320 -1764 -380 2383
-9124 9408 -10560 -2750 -1126 2633
-8528 9440 -10532 -3539 -2170 2116
-8212 9972 -8892 -5016 -3709 2358
-8728 9592 -8088 -4766 -4583 1555
-9508 10612 -7252 -3534 -5293 961
-9380 10596 -7204 -2912 -3733 -127
-10384 11020 -5864 -3761 -4380 -1798
-9640 10972 -5976 -2833 -4693 -2263
-10488 10516 -4868 -1477 -4064 -3068
-11480 8724 -4484 477 -2918 -3930
-11032 9616 -4040 2761 -2691 -2454
-10280 10800 -4048 4034 -506 -3626
-11788 10480 -3944 3009 5529 -4555
-12484 6976 -4768 5480 5384 -1776
-13888 7456 -6200 9446 4271 896
-14440 12356 -10288 6152 1406 2415
-17644 16956 -15140 -565 79 3257
-7404 4000 -3812 -1281 -1456 2551
-11364 11784 -10100 -244 813 2563
-5092 6212 -7012 -207 1409 1667
-11452 8520 -8168 29 1809 154
-12920 13032 -9428 79 -1104 850
-10928 11224 -8376 1431 340 2286
-10608 11920 -10040 2282 1055 998
-6868 11968 -9668 708 -2778 1605
-6784 12144 -5916 -959 -855 -441
-11264 9136 -11384 -324 -380 -76
-10312 9964 -10140 1840 3376 -1606
-9144 9380 -8032 672 2628 -3066
-11224 9660 -8224 -291 1044 -3498
-10868 7932 -7880 -453 -163 -4180
-11980 8800 -8032 345 799 -3397
-12144 10808 -7592 -878 -2356 -1172
-11132 8884 -7104 -2279 -715 -1073
-11516 10104 -7204 -3931 604 -380
-11540 8908 -6788 -5840 -403 -452
-11304 8876 -7004 -6051 3092 -714
-9624 10244 -7336 -1153 5465 -524
-14820 9480 -10752 -4173 5004 -132
-8376 12744 -7160 -4297 3810 -648
-12872 9640 -7308 -2333 6540 -1388
-13564 9904 -7432 2572 5303 -2547
-13340 10704 -9564 4389 2136 203
-10700 9068 -8480 4695 352 617
-9288 10420 -10272 3469 744 -261
-9924 8284 -9352 2518 -2000 752
-9016 9096 -9912 2877 -230 249
-7616 9528 -11376 2207 3365 -905
-9928 10028 -8956 551 1565 887
-11744 9368 -11964 -658 -1593 1973
-11820 10076 -10076 -418 -5185 1314
-11260 9280 -9764 739 -4885 1526
-10836 9696 -7484 477 -6092 1483
-10436 9020 -6532 1890 -5485 1157
-10196 8504 -4784 4484 -5118 204
-11652 8392 -3996 6999 -6886 -752
-10064 4128 -3456 11869 -8974 -4151
-10032 9992 -21876 12200 -4409 -3129
-13308 16416 -6796 4513 -3365 4246
-12592 2452 -8604 1310 -3817 -4226
-13688 4144 -9008 4226 -609 -25
-13096 6412 -8800 4973 1621 -690
-12752 6024 -9196 2608 -1263 -1765
-13204 4804 -8548 1515 -490 -1279
-13496 6236 -8756 808 258 -1432
-13456 5964 -8036 -907 -748 -1714
-13352 5424 -8060 -925 317 -2139
-13312 5328 -7836 -777 -297 -2310
-13076 5516 -8952 162 1106 -2137
-13324 5836 -9476 -356 2508 -2663
-14136 5492 -9892 -1683 846 -2168
-14244 3972 -8964 -1376 411 -2757
-14280 4520 -9784 -830 975 -2387
-14376 4968 -8968 -1340 43 -2324
-14840 4488 -8176 -1822 -1488 -2594
-13856 3608 -7096 -1838 -2617 -2035
-13580 3916 -7032 -2345 -1494 -2389
-13492 3760 -7220 -3882 -887 -848
-13276 3192 -6640 -4427 -374 -71
-13292 3388 -6732 -5049 1369 282
-14228 4236 -7488 -4859 2825 898
-15052 5080 -8752 -4651 5262 59
-16020 5420 -9424 -4581 7442 -1703
-17500 3304 -10144 -2264 8572 -394
-17104 7596 -10628 -1993 7955 1732
-17160 6120 -9408 -1040 7062 3843
-14076 9192 -12204 -1062 5089 5920
-10224 9340 -13180 -1402 3617 6603
-9944 8856 -10568 -2342 1428 5597
-9428 7372 -8948 -1424 -1617 3614
-8876 8008 -10660 463 -1010 2268
-8960 10936 -10820 -846 -2154 2350
-8164 10112 -9712 -3226 -2247 2245
-8712 8728 -9500 -3741 -2074 1963
-8324 8324 -9428 -3630 -2027 2093
-9828 9392 -8232 -2553 -2654 1763
-9224 9924 -7760 -2800 -3469 363
-10572 9576 -7820 -3013 -2804 -456
-10604 10836 -7096 -4179 -1417 -2323
-10980 10608 -5664 -3643 -3744 -8479
-11628 8992 -4740 -2965 -2006 -6585
-12824 8064 -4748 670 -2257 -4432
-12388 8232 -3628 2740 -2461 -965
-12120 7264 -2348 4321 -653 247
-13036 6952 -3708 5898 -2261 -620
-12988 6412 -4972 9427 -3611 1500
-12088 12248 -13276 10027 -5504 3360
-14756 14128 -7124 -865 1809 2910
-10380 8032 -7748 7450 -2786 -765
-14352 9496 -10528 3893 5487 4041
-9744 8584 -9208 3918 14 2094
-12280 8572 -10208 4636 1483 1668
-12356 8416 -11640 4721 1558 1506
-12720 8784 -11644 5132 1025 1518
-12040 8992 -11276 4191 581 516
-11772 8248 -10512 2555 -1131 65
-11204 6228 -9376 2686 -1365 -1370
-11368 6320 -10180 3036 -364 -2409
-11132 6900 -10468 2788 -1119 -2609
-10700 6120 -10028 2496 -1507 -3301
-11496 6316 -10008 1275 -1879 -3360
-11200 6256 -9892 714 -2817 -3630
-11644 5520 -9948 720 -1658 -3178
-11712 5564 -10192 1045 -1402 -2988
-12912 5024 -10260 1536 -1023 -3135
-13384 5372 -9504 1345 -309 -3277
-13432 5688 -9116 -688 540 -3068
-11956 3072 -9456 -1422 1856 -2518
-14924 2760 -10200 -66 2291 -2197
-13144 4144 -8836 -249 1752 -2378
-13760 4648 -8420 -1497 1316 -1733
-13696 2996 -8408 -1588 1316 -1337
-13908 2908 -8372 -1573 1376 -431
-13404 3456 -8760 -2697 1606 838
-13268 4248 -9236 -4257 1364 864
-13624 4556 -10348 -3515 3112 1284
-13144 6156 -11320 -1858 4502 -599
-14168 4404 -10784 -1453 2628 -1670
-14044 4220 -12028 -1281 1437 770
-15492 7664 -12524 -1402 1701 1962
-15180 6856 -12328 -2360 -1225 3932
-11252 7784 -10492 -3002 -25 3501
-11976 6604 -10552 -2234 576 3258
-9656 5240 -8532 -527 798 2695
-8900 5760 -9632 937 1495 1408
-10068 8148 -10696 103 1745 753
-12972 7212 -9280 -971 1020 1688
-13160 7652 -14024 -153 2331 2326
-11568 14712 -13516 -4060 -3839 3387
-8004 9976 -10484 -5130 -4433 1017
-8616 8780 -11200 -4913 94 3343
-10984 9256 -9936 -5237 -2401 4262
-10492 10248 -7156 -9626 -6704 -16868
-13252 7108 -3592 -3588 -12853 -1793
-11744 6652 -972 4478 -7253 1280
-10156 7096 -220 3662 -4923 -424
-11396 4892 -1676 6169 1838 -410
-11968 7112 -4524 7690 1843 575
-22504 15696 -15316 8819 -2494 -1464
-6808 5044 1252 6341 -7573 2719
-17892 15112 -10860 4515 -821 -923
-13204 8532 -7384 2920 -2082 3226
-19680 9496 -8740 3548 -116 1452
-16004 8504 -9376 6782 2099 1659
-15844 11396 -9876 5893 6083 139
-11420 9012 -8236 1663 -353 924
-10648 7580 -8020 1551 -1302 1165
-10192 5296 -7572 3184 -1867 -1117
-10868 4756 -6960 3661 -2212 -3354
-10380 5768 -7004 2088 -4566 -3769
-9044 5964 -6504 1057 -4586 -4638
-11368 5212 -7016 1125 -3242 -3878
-11688 5068 -6876 1221 -2469 -3406
-13504 5564 -8088 433 -1094 -3769
-13368 5384 -5844 429 -2597 -3129
-14216 3808 -7628 193 -1989 -3356
-13908 4336 -6212 394 -1501 -2540
-14264 3964 -6244 949 -2801 -2789
-14440 3984 -6152 1335 -1692 -2339
-14068 3464 -5916 1394 -882 -1983
-14204 3176 -6076 2141 -209 -1573
-15412 3328 -5692 1235 -476 -993
-15056 3220 -5360 372 -548 -852
-14924 2892 -4664 -560 -63 -500
-15068 2600 -4760 -1149 247 -223
-14804 2800 -4072 -1870 306 111
-15036 2548 -4016 -2724 734 305
-14964 2468 -4352 -2930 299 1133
-14852 2444 -3688 -3188 114 1390
-15120 2888 -4324 -3915 708 1657
-14876 3716 -6896 -3122 1365 1985
-15016 4100 -7656 415 3356 1604
-13840 3908 -5420 1565 5663 1900
-12464 4692 -3608 -1498 4013 1994
-15584 2360 -6780 -1248 5018 1685
-16260 3456 -7832 910 5739 2005
-15252 4400 -7108 1162 2652 1572
-15236 5224 -7792 1025 3322 659
-15976 6560 -9336 482 3329 1836
-15200 7244 -9612 423 1175 2497
-13768 7524 -9156 680 -48 2659
-13068 8388 -9188 -145 -456 3043
-11884 7696 -8048 -1022 -1554 1668
-11948 6576 -8484 -1266 -1689 1283
-12096 7716 -8848 -1260 -2224 761
-11712 7684 -7344 -2406 -3482 545
-11620 6964 -6828 -2293 -2137 574
-12376 6444 -6156 -1000 -1811 147
-12304 6560 -6028 283 -731 -415
-12640 6436 -5944 459 -1734 -1432
-12080 6444 -5308 2017 -783 -792
-12776 6120 -4504 2802 -255 -509
-13000 4980 -3744 4325 794 -1057
-14020 5736 -5128 5536 -71 -197
-13700 8124 -9200 4382 1225 335
-20844 8304 -8468 412 2496 4602
-13352 4824 -7916 4715 -6925 1106
-15504 8316 -8012 3041 -3057 2120
-14612 8960 -7516 1715 -2356 -63
-14316 10768 -8352 697 -963 -1318
-12708 9092 -8684 -676 2510 -656
-11924 7736 -7624 -103 2230 -135
-11344 5412 -8000 306 1966 209
-11436 5692 -8848 356 870 504
-11472 6276 -8040 242 334 -65
-12252 6436 -8512 535 -736 -463
-12000 5520 -8400 1558 -414 -1295
-12284 5892 -7960 2012 -909 -1849
-12784 6296 -7956 1992 -1500 -1425
-12756 5908 -8040 1698 -864 -1620
-13192 5412 -8480 2406 57 -1566
-13536 5276 -8040 3110 4 -1257
-14136 5192 -8296 3738 84 -1345
-14104 4880 -8112 3950 -905 -1242
-14180 4812 -7768 3247 -1076 -1455
-14692 5060 -8188 2338 -2613 -2247
-13540 3188 -6880 2069 -1885 -2134
-13872 2452 -7124 2334 186 -1117
-14164 3340 -7236 1566 1130 -6
-13880 4792 -6592 -910 577 726
-14200 3656 -6420 -3138 1757 676
-14960 3136 -6964 -3945 2742 1424
-13992 3504 -7924 -3226 2646 1439
-13716 3624 -8464 -916 3796 282
-15264 4016 -8316 2223 5835 -2091
-13524 4340 -8604 2974 4077 -2130
-14156 4620 -11616 3237 4998 -1579
-16436 5960 -14696 3614 6490 1926
-14636 5892 -12136 793 1276 2935
-12892 4772 -10588 239 593 2510
-11284 5360 -10128 31 307 1463
-12228 4908 -10384 -608 -1548 1097
-11624 4648 -9736 -1156 -1501 344
-11232 4332 -9792 -1797 -1346 413
-12652 6624 -11152 -2367 -25 675
-13760 8820 -11212 -4865 -1952 1863
-11960 6472 -9892 -6255 -2073 1974
-11956 6400 -9684 -6063 -1629 1974
-11300 6916 -8832 -5088 -4830 1668
-11552 6508 -8292 -3759 -3691 1877
-12108 8168 -7420 -2893 -3219 2403
-12340 7744 -7564 -2012 -3302 3259
-11864 8376 -6608 -593 -2754 3011
-12024 9240 -6156 450 -2542 2421
-12596 8120 -5328 1679 -2546 2829
-11984 8316 -4956 2150 -2659 2392
-12716 8680 -4344 3123 -2745 1065
-11660 8288 -3180 3264 -1930 881
-11988 7596 -2704 5302 -161 1013
-11796 7668 -3144 7658 -2150 72
-12252 8408 -6960 8091 -4087 1056
-15972 14064 -10440 5216 4377 6188
-11436 7760 -4072 698 -3185 3532
-11988 9816 -6020 4257 -893 2355
-12272 9364 -6792 1874 876 1689
-12440 8832 -6368 1663 -1066 516
-12836 10768 -7816 1968 -917 -1063
-13788 11012 -8596 -30 692 -1949
-11652 10116 -6904 77 934 -2871
-12476 9740 -8036 -872 1805 -2824
-13196 8920 -7240 -777 784 -2814
-13772 8680 -8588 -243 362 -4069
-12220 8124 -7584 15 1140 -5313
-11788 5312 -8476 919 1733 -6303
-11768 6632 -8920 1689 477 -5040
-11296 6588 -6608 1670 -1366 -5982
-12404 4692 -8448 1853 -47 -6592
-13132 4600 -9000 1904 298 -5088
-13464 4812 -7868 1356 -1245 -4920
-13700 3804 -8252 54 -88 -4788
-13712 3188 -8056 -910 -309 -4121
-12912 2388 -7536 -1133 699 -3233
-13964 1752 -7680 -445 2130 -1353
-14456 2560 -7420 -437 1213 828
-13988 2728 -6936 -907 1031 1666
-14360 2900 -6944 -1635 1874 2395
-14168 3888 -7664 -2463 1518 2667
-15124 5252 -8704 -2836 3609 1716
-14976 3228 -9436 -996 5040 1047
-13492 2864 -8276 170 2035 1641
-13128 3268 -8648 -235 2563 1388
-13716 4960 -9296 234 3070 1270
-15096 5376 -10660 -283 2828 819
-14048 5636 -10788 -811 2187 1447
-15020 7012 -13140 -725 3004 2480
-12112 8268 -13432 -967 3066 3705
-10944 7716 -11656 -1764 2891 3779
-11068 6700 -11996 -410 3862 3419
-12536 8128 -10160 -1480 2080 3626
-12068 6972 -10952 -1977 786 3617
-10468 8800 -11100 -2944 502 2093
-9908 8780 -9240 -4253 -1693 1009
-10148 7456 -10068 -1255 -333 -688
-10932 8572 -9360 -1479 -3833 192
-10488 8132 -9820 -1135 -3821 825
-11540 9004 -8660 -2061 -5424 470
-11140 8704 -7684 -2406 -5332 -28
-11408 8668 -6408 -1498 -8084 -3836
-12076 7792 -6228 -773 -6446 -3680
-12764 8112 -5392 629 -5198 -3057
-12520 6680 -5124 2578 -4373 -1208
-12408 5816 -3792 4531 -2787 -522
-12180 5788 -3992 6395 -718 133
-13032 6572 -4596 7888 988 1078
-13652 6008 -7728 7505 2962 3303
-13052 11708 -12476 6183 -2309 4665
-17556 8244 -10044 708 -1197 985
-10880 7620 -4072 4818 -4783 1244
-10296 12280 -5648 2458 -668 1646
-14984 10296 -10436 -1021 3630 784
-12116 8324 -7216 65 1721 2173
-13580 8920 -8728 488 2263 3707
-12936 8520 -8608 6 2043 3756
-13492 8008 -9448 1269 973 3197
-14100 8928 -10528 2030 2066 2883
-12272 8416 -10260 2431 1563 802
-10608 8604 -10412 1408 595 -1235
-9428 10272 -9360 651 -966 -3484
-10000 7592 -10452 924 129 -2933
-9900 9116 -9892 421 -1038 -3108
-9316 9408 -8700 -1412 -2926 -3832
-10884 4592 -7816 -575 -916 -4112
-12384 5576 -8184 2177 3304 -3539
-14864 7200 -9172 2281 2360 -4236
-14240 5620 -9348 1272 1820 -4103
-12492 3900 -9592 1693 2736 -4227
-12288 3824 -10352 817 2025 -2283
-13448 3900 -8496 -602 181 -750
-12884 5056 -9844 -3481 648 -356
-13176 5812 -13000 -2355 2287 1905
-14880 10080 -13364 297 7758 1583
-11928 7196 -11360 -1802 3954 3013
-9348 5280 -9344 354 3585 1605
-10088 7164 -8836 1154 2835 1487
-9116 6088 -8864 927 -20 -282
-11444 7136 -10348 582 161 -840
-13028 7580 -11180 -95 -1331 -1005
-14664 6880 -11836 316 -1309 -943
-15668 7800 -13068 -30 -1634 -311
-13788 8388 -11284 -1770 -3319 -238
-11952 7532 -10728 -3781 -3834 -323
-11332 7464 -10312 -4934 -3794 11
-10048 7812 -8124 -6331 -6072 -34
-9720 6996 -7876 -5950 -4122 -172
-11252 8040 -7644 -5747 -2370 -686
-10992 8572 -7296 -4822 -2138 -990
-11212 8564 -6504 -4623 -1014 175
-11852 8204 -5628 -4077 533 424
-12532 7852 -5144 -2877 966 -199
-12768 7708 -5124 -1877 -429 -269
-13296 7040 -4416 199 -3329 -1541
-11856 6944 -3352 1845 -629 132
-12268 6728 -2368 3722 550 1151
-13392 6692 -3320 5629 1942 141
-13028 7732 -2612 6758 -3887 412
-11556 16112 -16724 3438 -3240 4048
-16884 12700 -4216 -2427 3845 4219
-11248 8208 -6040 4638 -1463 -149
-16748 9260 -7276 912 2596 1575
-11336 8144 -6224 2702 -995 1613
-15696 9356 -8608 2417 -1371 -365
-12512 8548 -6792 871 -2297 -17
-13068 8864 -6940 1484 -2193 -1942
-12948 7928 -7292 1733 -1421 -2202
-13100 7680 -8200 2369 -850 -2529
-13276 7588 -8100 2513 -1496 -3144
-13104 7324 -8076 1720 -1010 -3868
-10520 6584 -7568 298 -1619 -4895
-11384 4008 -6424 292 -1461 -5679
-10908 4852 -7540 829 -173 -3895
-12300 4432 -7812 1820 -943 -2586
-13532 5248 -8540 2663 1231 -2191
-14024 6484 -6856 1474 1741 -2092
-14372 4616 -5584 -73 2148 -3527
-15040 4072 -4732 -841 2567 -4593
-15704 1088 -7212 -743 3121 -3493
-14616 1952 -6276 -193 935 -516
-14796 2596 -6576 255 848 -511
-14304 2512 -6468 24 1579 -94
-14820 2812 -6512 -629 2531 852
-15212 2588 -6220 -2054 1935 459
-14540 3024 -7688 -3376 2312 1074
-15084 4184 -8288 -1777 4911 235
-15932 1756 -8656 -295 3866 -1283
-19004 2608 -9704 1338 1564 1149
-18496 5508 -9516 1307 -264 579
-16160 4316 -9648 2620 -2685 1882
-15176 5172 -8432 1661 -5469 1949
-12448 4776 -8360 703 -8073 463
-12584 4884 -8284 1323 -7467 36
-11400 7056 -8996 367 -6647 105
-11272 6192 -9052 -1157 -4122 -205
-11384 7600 -8304 -2572 -3115 596
-12896 5600 -6948 -3070 -1048 1519
-13356 4604 -5048 -2398 286 1920
-13404 4960 -4948 -1600 315 2791
-13584 5424 -3916 -1065 -189 2215
-12452 6624 -4416 -1081 1715 2471
-14024 6292 -5852 -810 2584 3815
-13788 7060 -4032 -90 1300 3366
-14476 5980 -2048 835 675 2276
-14388 5756 -1836 2339 -1232 353
-14728 6816 -336 2999 -3347 -1100
-11872 8796 -8992 1948 -1327 -1675
-19844 8300 -4328 33 -5141 3452
-8980 5200 -2268 1781 -4805 -134
-10056 10144 -7328 405 -349 1073
-15280 6144 -7328 895 765 1750
-14640 3576 -6568 2933 1811 253
-15304 4836 -5008 3672 1909 -738
-14016 5788 -5652 2934 336 82
-13668 6140 -4828 2099 -1828 -283
-13108 6140 -4752 650 -2301 -1032
-12308 6100 -4300 462 -2053 -1349
-12304 6288 -5248 245 -930 -872
-15540 8788 -5992 -1091 -750 -188
-16308 7888 -5264 -1696 76 -226
-14268 6576 -4540 -879 698 -316
-13208 6084 -4216 -303 913 142
-13644 6556 -4268 -26 287 313
-13872 6552 -3812 -68 -14 19
-13852 6496 -3816 0 71 -105
-13860 6336 -3948 224 -151 -354
-14112 6416 -3888 454 -599 -398
-13768 6532 -3828 556 -782 -609
-14196 6616 -4136 530 -765 -310
-14036 6532 -3976 526 -718 -266
-14944 6660 -3952 415 -145 -488
-15008 6968 -4276 80 -187 -332
-13960 6388 -3720 101 -124 -304
-14096 5848 -3844 318 -22 -160
-13920 6160 -3652 526 -210 -119
-14260 6196 -3564 452 -199 -112
-14500 6304 -3916 395 -124 -6
-14332 6328 -3868 528 65 47
-14232 6148 -3900 643 147 -7
-14208 6144 -3964 996 108 97
-14104 6324 -3876 807 -69 55
-14396 6316 -3788 599 -26 85
-14564 6352 -3808 483 -153 -35
-14216 6116 -3744 376 -113 -125
-14100 6212 -3624 454 -208 -121
-14160 6196 -3772 385 -172 -85
-14212 6296 -3684 281 -154 -112
-14268 6200 -3820 316 -148 -114
-14336 6172 -3652 369 -152 -73
-14272 6120 -3704 545 -160 -48
-14440 6296 -3592 458 -122 -191
-14292 6124 -3520 419 -198 -56
-14460 6072 -3488 792 -142 -82
-14264 6084 -3688 780 -172 -77
-14512 6172 -3676 898 -191 18
-14388 6200 -3568 740 -122 29
-14376 6320 -3808 672 -58 34
-14272 6244 -3740 582 -131 7
-14244 5996 -3624 637 -178 -43
-14348 6056 -3684 681 -194 -104
