-14832 4684 -3964 565 -204 -52
-14916 4584 -4012 737 -270 -58
-14764 4636 -3936 1039 -272 29
-14804 4612 -3852 1147 -86 43
-14868 4736 -3792 1099 7 92
-14832 4768 -3844 987 -21 59
-14772 4660 -3900 1081 -94 50
-14864 4748 -3884 1042 -146 -80
-14796 4716 -3832 861 -140 -103
-14868 4560 -3892 833 -110 -99
-14856 4712 -3860 587 -134 -186
-14784 4528 -4152 554 -165 -179
-14832 4492 -3864 494 -165 -122
-14800 4608 -3820 457 -101 -81
-14808 4564 -3948 439 -118 -96
-14752 4740 -3896 533 -42 38
-14836 4628 -3684 538 -34 39
-14868 4676 -3960 528 64 59
-14708 4644 -4112 409 24 34
-14956 4608 -4240 305 -29 53
-14728 4908 -4324 3 124 -21
-14620 4944 -4180 -680 517 131
-14860 4956 -3712 -1211 772 71
-14904 4496 -3492 -1245 723 -39
-14896 4228 -3380 -709 364 69
-14560 4376 -3868 -292 774 -124
-14892 4756 -4400 -501 1025 -173
-14460 4768 -3988 -1214 782 25
-15528 3792 -4408 -1777 1281 91
-14880 4164 -3708 -1366 546 673
-14908 4388 -4204 -826 389 851
-15220 5264 -4336 -543 -75 692
-14208 5152 -4032 -816 -485 621
-14508 5372 -4192 -995 75 650
-14476 5528 -4328 -1275 126 562
-14496 5168 -3996 -1128 430 398
-14712 5236 -4016 -948 480 343
-14452 5276 -3860 -841 281 485
-14772 5508 -3904 -805 166 471
-14520 5444 -3800 -483 167 230
-14508 5612 -3928 -309 88 92
-14548 5332 -3724 -60 -33 198
-14700 5284 -3712 323 -126 81
-14684 5360 -3800 438 -230 18
-14496 5460 -3856 546 -232 37
-14464 5652 -3884 369 -246 67
-14476 5528 -3916 488 -322 214
-14600 5556 -3752 543 -259 147
-14440 5312 -3512 619 -295 126
-14756 5424 -3668 657 -137 264
-14480 5616 -3724 645 -188 140
-14456 5624 -3688 596 -29 91
-14528 5732 -3972 487 124 96
-14328 5800 -3412 326 16 123
-14668 5572 -3744 413 54 48
-14432 5692 -3884 514 -13 122
-14516 5868 -3768 365 -115 93
-14476 5596 -3752 365 99 103
-14472 5764 -3828 445 134 128
-14536 5440 -3860 665 248 151
-14488 5404 -3692 666 698 81
-14588 5112 -4124 605 904 -156
-14696 5436 -4100 706 943 71
-14404 5292 -3776 572 487 541
-15072 4892 -3800 510 -487 921
-15072 5148 -3228 248 -928 477
-14592 4500 -3568 388 -675 -4
-14440 5184 -4532 556 -5 53
-13412 5400 -4776 611 -236 -238
-14316 6920 -6020 -173 1027 1028
-13164 7876 -4220 -1535 2863 2093
-15180 5696 -2940 -631 -270 954
-16632 8144 -2216 -1257 -774 1310
-15748 6324 -3448 -302 -790 2453
-13404 5852 -2908 612 -742 2672
-12364 6192 -484 967 -1846 1485
-12708 5616 -1296 1818 -359 456
-13472 5540 -1684 3128 16 -324
-13588 5696 -1148 3665 -549 -1326
-13652 4668 -1856 4764 393 -2036
-14120 4756 -1968 5654 -514 -2640
-13408 6392 -1732 5445 -1024 -2428
-15052 6836 -2872 5158 76 -3297
-15064 6568 -3672 3046 593 -2710
-17032 5680 -8008 4269 2190 -2201
-17416 7520 -9404 4865 3294 609
-15660 7452 -7492 2967 631 -2085
-14360 3776 -6484 1494 2919 -3572
-14432 3796 -7952 1154 2392 -2529
-13076 4304 -7548 176 940 -1078
-13444 3604 -7560 -1204 285 -1000
-12976 3616 -7080 -2236 1238 -882
-14312 3880 -6480 -3672 962 -11
-15156 2724 -6344 -4532 -55 504
-14728 2780 -6360 -4937 -1668 836
-12348 2684 -3800 -4809 -1925 425
-13296 4464 -3468 -4514 -3299 -829
-15700 1960 -5260 -4515 -2550 440
-11500 3164 -4152 -5389 526 252
-13920 3636 -2444 -6983 100 2105
-12912 192 -3208 -6380 427 1717
-13592 7112 -8032 -2081 268 701
-26524 9324 -9620 3320 6998 367
-20464 9604 -6416 86 222 1366
-11580 7008 -4656 -697 -548 3436
-12588 7404 -6460 378 715 3421
-12580 7096 -5340 1607 -546 2546
-13588 7576 -5384 1909 -402 1870
-12872 9156 -5444 1108 -1239 1607
-12860 9120 -5480 -544 -1026 2154
-14216 7504 -5364 -468 -1385 2503
-13684 7168 -4028 -20 -2237 2065
-12864 7860 -3368 1210 -1785 1897
-12880 7720 -2984 1316 -1266 1990
-13040 7248 -1764 2276 -3765 151
-11824 6736 -1768 3241 -2320 209
-12632 6468 -2244 4049 -959 -207
-13040 8404 -2488 4146 -904 -648
-12784 6904 -1064 4472 -1396 -1478
-13676 7440 -3776 6355 -72 -1730
-13236 7820 -7448 6193 711 -116
-13408 10364 -9052 3531 2111 2182
-13704 8008 -4420 2533 984 444
-14236 7908 -7856 3131 2288 2116
-13544 8548 -7028 1960 2281 3160
-12584 9128 -5116 592 1607 2395
-14596 8052 -5556 -22 2212 1901
-15600 8672 -5788 610 1906 498
-15800 9924 -5960 436 1183 -1146
-13172 7948 -6568 2040 987 -2885
-13564 6156 -10112 3888 2536 -4016
-12284 7604 -8468 3067 777 -3566
-12272 5720 -7756 2042 184 -5014
-12072 5172 -6936 1919 1932 -5099
-11728 4752 -7180 557 -397 -5570
-13604 4388 -7848 -1123 -393 -3354
-13960 4064 -7996 -3423 -1330 -3410
-13748 3760 -7596 -4563 -1081 -2922
-13172 3952 -8148 -5730 -525 -2724
-12812 4300 -5588 -6532 -1555 -2048
-12032 2804 -7300 -7059 -1659 -46
-14756 1316 -4712 -7032 -3321 2169
-8136 3168 -5232 -5612 -1768 884
-12348 4756 -3520 -8063 -764 3444
-9576 3684 -4872 -6328 -1038 2453
-12156 3776 -5544 -7253 -812 3295
-16052 16708 -6700 -365 -10025 3883
-32768 4460 -8464 6065 10534 2896
-14580 15824 2592 3326 -4117 2154
-14852 8740 -2708 -143 3231 2402
-13868 6776 -5656 1954 3865 7654
-10804 9040 -2268 3011 -882 2756
-11268 7616 -3700 2351 -2194 2247
-10924 8832 -5340 2572 -870 1291
-12428 8708 -5912 3391 3 899
-12696 8920 -4928 2872 -345 223
-11960 8996 -5496 2169 1214 113
-13552 8396 -6024 998 1275 -28
-12172 10428 -6484 607 1224 122
-12252 10380 -5356 -573 423 -447
-13012 10080 -5424 -1081 474 -1079
-12840 8964 -4492 -2104 34 -1658
-12836 7116 -5116 -1662 -516 -1936
-13448 9544 -4416 -1413 -917 -1146
-12924 8428 -4524 -507 -388 -773
-12308 8532 -2752 -899 -578 -633
-12276 7448 -2316 -400 -1234 -2058
-12584 6400 -2108 739 -1092 -2188
-13900 6200 -2044 2846 -2833 -2414
-15336 6468 -708 4056 -5453 -3589
-13332 2828 -2392 5584 -4554 -3661
-12632 5904 852 5123 -3792 -3291
-11496 3548 -640 7456 -2834 -4679
-11760 1784 -116 9719 -526 -6096
-13664 11380 -10992 7976 3768 -3039
-17004 9116 -10836 1535 6263 2810
-19128 1536 -4156 3447 2479 2722
-22088 648 -10600 10153 3980 6151
-12180 4716 -3956 9331 1877 -1270
-10784 5672 -9332 9856 3747 62
-10544 10016 -10520 1678 3448 854
-12320 6748 -9452 -1380 800 2093
-12964 6124 -9032 -1732 3787 2847
-14664 4756 -8044 -1725 1972 2841
-15508 5364 -8308 -424 1866 1028
-16672 6412 -9484 -1850 1096 -1247
-13436 6840 -6704 -1636 -163 -2064
-11676 4292 -9480 -686 876 -3269
-13312 4800 -10264 1141 2655 -2666
-14600 7584 -7096 -1208 1828 -5803
-14636 3896 -8460 -3388 523 -6736
-14872 2588 -6444 -3199 -905 -4645
-13588 2184 -7008 -2549 -3005 -3997
-13620 2600 -6344 -3734 -5562 -2207
-12984 4452 -8152 -6011 -5894 -3104
-11000 4828 -6844 -8191 -5095 -829
-13112 3328 -6244 -8961 -1589 -811
-12012 4004 -7120 -8977 593 1352
-11820 1828 -4184 -9251 888 2930
-10824 2288 -4404 -8682 1358 3723
-10748 164 -3696 -7918 -938 3339
-8176 668 -2740 -7136 -368 4020
-22792 32767 6536 1581 -26297 4958
-32768 9568 -11152 3762 14653 -1131
-10012 14128 1308 -32 -5103 1487
-23888 7168 -4956 4740 3639 4121
-11804 8116 -4844 3614 2580 214
-8696 7828 -3552 2324 -505 3454
-12368 8432 -4500 1694 1002 2137
-11988 8068 -5212 525 1034 793
-14284 6536 -5432 796 2404 1135
-13516 6732 -4684 1244 2048 798
-14796 7688 -5680 773 1939 714
-14224 8676 -5820 -218 676 1201
-13220 7792 -6268 -446 -488 815
-12280 8540 -7188 -579 -1128 939
-12092 9040 -6624 -495 -1473 657
-13284 9344 -6720 -754 -1894 -314
-12612 9408 -4864 -1216 -2068 -330
-13144 8416 -5248 -485 -1128 -240
-13328 9080 -4460 -1418 -3095 238
-13016 8332 -3972 -1537 -3512 -112
-12404 7788 -3568 -779 -2130 35
-12520 6952 -3460 127 -2169 -19
-12920 6596 -1240 1754 -3812 -941
-12972 4600 -2136 4056 -1811 -924
-13676 7688 128 5037 -3429 -1882
-13968 5576 -840 5750 -2808 -3288
-14380 4908 -800 7794 -3000 -3054
-14904 2816 -756 11792 -3981 -5305
-12296 4360 -420 14355 -6446 -6655
-14804 12916 -9756 10366 -836 -1915
-21316 11608 -10292 3431 1056 3134
-13376 3576 -2008 4683 -3318 3216
-8260 6808 -3820 4807 3241 5684
-12448 8520 -5808 3581 2812 4482
-14240 7784 -4140 1685 6049 4772
-14324 6632 -5964 1674 4145 2443
-15300 7000 -6372 1862 4921 1402
-14524 5192 -7752 3175 4491 -1591
-13520 5440 -9984 3818 6333 -2279
-13800 6816 -9020 3230 3260 -2250
-13800 8172 -7860 512 1290 -2723
-12808 6204 -7664 -2195 -849 -2492
-12208 4816 -6816 -2272 -213 -2793
-13900 4956 -8756 -3697 542 -2378
-10420 4536 -6496 -6095 -1798 -2689
-11468 4100 -5584 -8343 -2617 -1416
-9200 4320 -5208 -9036 1046 -2069
-11092 2608 -6016 -9515 -1581 -1133
-9736 4444 -6936 -8725 1560 117
-11684 2948 -4584 -10600 -18 1738
-8308 3636 -4332 -7925 -484 1767
-8888 3624 -4472 -8884 1799 2534
-12288 14536 264 -7715 -9314 6157
-29696 15928 -2596 -849 8744 -1404
-22816 13976 -1668 4339 -160 3764
-20312 18076 -5784 6856 1960 2064
-15864 11028 -3468 2688 373 3598
-11624 7920 -4988 5823 76 3049
-11084 9860 -4856 5184 -163 3052
-11716 9600 -4336 3857 -1220 1785
-13172 7840 -4688 4345 -1467 1238
-13080 7752 -5796 7042 -1709 907
-11672 10168 -6308 6585 -3395 1229
-10472 9588 -6376 6089 -4338 660
-11236 9208 -7572 5788 -4245 -13
-10920 8080 -6124 6208 -5150 -1378
-13132 8592 -6272 6374 -4711 -1135
-14564 9488 -7684 5795 -4499 -1308
-13512 8588 -5576 4712 -6952 -1831
-11760 6828 -5388 5828 -6671 -1243
-12396 7416 -5020 7879 -5198 -1943
-11852 7084 -4440 8428 -5361 -1454
-13604 5796 -3336 9378 -4016 -1472
-13928 3636 -5780 12352 -3375 -1534
-14852 5052 -2856 13264 -5525 -686
-13268 1548 -5832 16252 -6208 -975
-10592 4500 -6424 18632 -6927 -1103
-8476 3640 -2136 19702 -6364 -1051
-7736 2460 -4012 20569 -5409 -1906
-8840 5120 -3216 18342 -5408 -2624
-25392 12656 -18648 11721 6660 3204
-31544 3540 -4160 4784 -6255 864
-24048 3316 -10188 7193 766 -1622
-15648 3708 -8760 3944 347 383
-12704 3152 -8360 4684 338 218
-12536 168 -8628 5647 2326 367
-12092 2676 -6716 5895 1946 -1139
-12176 2512 -8140 4956 3463 -1593
-16348 2876 -11044 3690 5153 -1109
-15008 2640 -9624 2084 3079 -658
-13640 2836 -8756 717 2293 -1186
-11980 1816 -7640 -378 3165 -1741
-15368 2652 -10004 -1666 4286 -1506
-14100 812 -7840 -1815 1697 -1730
-14148 1856 -9320 -1934 2127 -346
-11572 3624 -7300 -3362 2428 -567
-15628 3424 -11508 -4235 2948 882
-14996 2900 -7888 -5620 -1608 3021
-13900 1120 -6996 -5610 -5717 5303
-10944 1036 -6188 -4026 -8459 5396
-12584 1908 -4808 -1957 -11507 6294
-8052 3680 -5360 -1695 -7748 4128
-13892 8964 -4328 -5552 -2709 4234
-9584 5548 -6440 -4571 4491 3734
-20280 8388 -12012 -31 7809 2288
-18852 10412 -9252 79 7909 -494
-19848 6572 -8756 569 5559 1344
-12684 8900 -4176 -907 -1136 968
-14088 6768 -7360 1389 -441 1960
-13900 8108 -7124 1966 -188 782
-12620 8936 -8264 1128 -3824 1433
-13608 6320 -6508 2133 -3291 2265
-12684 8448 -6732 3606 -4693 2784
-12784 8048 -5560 3409 -5163 2511
-12720 6628 -6060 5111 -2125 -437
-12620 7364 -4732 5071 -5223 -2323
-11420 5620 -2920 5736 -3194 -2746
-12632 3572 -3508 7951 -1767 -2047
-15484 4032 -3776 11881 -5743 -4020
-13624 36 -5164 17566 -8401 -3502
-10816 1704 -8520 19238 -9179 -750
-8924 7432 -5588 18697 -4816 -725
-5972 1504 -6344 15638 -1896 -2074
-8752 4020 -6336 13353 -69 -1401
-11588 7196 -14088 9711 4973 -650
-32768 8344 -13540 3230 1502 2857
-21188 4224 -6688 3856 -2438 -2580
-20964 4200 -10884 1223 3089 1380
-13948 2704 -9156 -321 3801 -376
-12568 3020 -8360 -1893 3583 -737
-12424 -324 -8368 -1463 3066 -839
-13808 948 -9120 -15 2739 -1109
-14372 3448 -9276 -1049 1449 -858
-13712 3320 -8932 -2433 1072 -1117
-13656 1792 -8772 -2608 327 -1098
-13824 3620 -9520 -1986 1050 -675
-14612 2980 -8692 -2892 -631 -977
-14364 2380 -8484 -2715 -1128 -1595
-14652 1108 -8328 -1674 -1582 -1266
-14556 1584 -8608 -263 -1821 -1026
-13844 1204 -8968 920 -1958 -271
-13308 2860 -7364 884 -2389 -369
-14220 2332 -7128 -288 -1878 -181
-14976 2884 -5512 -2283 -2252 642
-14556 2312 -4532 -3969 -1943 194
-15992 1792 -4712 -5389 -2607 101
-14708 920 -5572 -6393 -2858 889
-13936 1204 -5312 -5174 -2263 1486
-14244 1764 -4768 -5764 -2517 2622
-14648 3872 -10064 -3063 -2873 1860
-15980 7884 -6828 1248 3952 802
-18596 6464 -5700 -4890 4661 547
-17808 2528 -5028 -1453 3915 3703
-14528 4208 -5744 335 3221 2553
-13756 4116 -6168 901 1081 3206
-13100 6120 -6716 887 928 2661
-13556 8572 -8384 -620 923 3151
-11140 9568 -6672 -2029 -2276 2115
-13948 6168 -6420 -844 -1142 1305
-14732 7720 -6012 -679 -1344 1824
-13148 7432 -5656 -790 -2504 967
-12688 6016 -5088 -568 -2506 412
-11664 6068 -5328 918 -1957 -398
-12828 7048 -5644 1967 -2018 -273
-13668 7464 -4936 3273 -1783 -1220
-14196 6948 -3680 3526 -2392 -1825
-13296 5300 -3604 4496 -2573 -2386
-13916 4836 -3412 5452 -1670 -2959
-13388 4588 -3200 6061 -3008 -3261
-13172 3896 -2976 7949 -2787 -3517
-14084 2320 -3412 9039 -3040 -2313
-12604 1344 -2244 11084 -2980 -1197
-14560 4172 -2264 12263 -3508 -460
-11568 -916 -2272 13253 -3045 -87
-15488 8676 -9176 11225 324 457
-26772 13852 -19544 2201 3423 8240
-10104 8452 -5524 -765 1677 2887
-19040 7680 -7712 -1467 5388 -146
-15940 -24 -6716 -865 4452 909
-13772 4060 -8744 551 4257 225
-13740 4864 -8980 -662 2546 1055
-12764 6796 -7884 -905 2527 -1529
-14768 4180 -9156 310 1331 -1703
-14200 5800 -7504 972 151 -1062
-13628 6092 -7496 -817 -503 -1355
-14016 4652 -7768 -1854 -57 -1057
-14436 4308 -7656 -2032 -224 -1514
-12792 4380 -7296 -2680 -1321 -1557
-14104 3368 -6648 -2709 -1049 -1243
-14352 3944 -6604 -2666 -1580 -1006
-14676 3964 -7396 -3734 1160 -1651
-14760 4500 -6696 -4376 894 -1457
-14752 2792 -6164 -4428 1459 -991
-15124 3248 -6324 -4531 2370 -1266
-13652 3120 -4880 -4345 888 -699
-14636 2964 -5880 -4105 1661 -271
-13428 3280 -6356 -3187 920 496
-14520 5696 -7728 -203 3616 90
-15640 8088 -5440 -2385 2396 -2392
-16408 4928 -7488 -5303 3245 -405
-15936 3784 -5924 -7032 288 1496
-15792 2556 -6712 -4438 -50 864
-15628 5888 -5972 -3385 -408 1362
-15100 4520 -8388 -1236 -1540 3670
-14260 9000 -8596 944 -1278 3145
-12756 11284 -9060 -2976 -2939 2953
-11192 9464 -6348 -4930 -2026 3154
-12044 7732 -5448 -4299 -812 2721
-12908 4912 -5616 -1371 -1412 3236
-13024 7708 -4876 2743 -3134 3593
-12776 8008 -3368 3633 -4264 3754
-11900 8696 -4376 4368 -4475 3711
-10484 9192 -3620 5193 -4749 2468
-9588 9904 -4728 4887 -2634 2143
-9488 10440 -4460 3011 -996 739
-11160 9888 -3480 1176 -825 -888
-9764 6808 -4432 522 -10 -1120
-10268 7420 -2936 1021 726 -2576
-11776 6352 -804 1185 -1139 -4317
-10916 1932 -2700 5030 -1320 -2748
-12020 6880 772 8577 -1951 -5481
-13668 300 -2112 11862 -4734 -2036
-10848 6532 -1132 14993 -6534 -4820
-9700 796 -3772 16464 -6861 -2589
-6832 5860 -5124 14317 -3773 -5696
-32768 22300 -21484 10808 10488 4873
-8720 -4276 -12016 -8836 -3966 -14339
-29516 12324 -10984 -2044 8226 10247
-14800 2668 -5208 955 6493 -933
-14116 5564 -5740 4 6206 2859
-13380 3564 -5224 395 4852 1198
-12108 5376 -6504 1852 5332 -169
-15056 4824 -8000 723 5190 -30
-13348 4512 -10056 -1874 3957 -4389
-12032 6160 -9504 -3385 260 -5025
-12224 5132 -9540 -4646 2715 -4843
-14020 4484 -9344 -4006 1620 -2609
-14256 4772 -8380 -3456 1449 -2756
-14184 4680 -9012 -5770 -334 -3325
-13648 3220 -7932 -4838 -2049 -3023
-14200 3284 -8476 -4172 -1989 -3340
-13404 3952 -7752 -3099 -1499 -2787
-13872 4132 -8720 -3215 -385 -1924
-14592 3524 -8056 -3765 320 -721
-11676 4304 -6632 -5172 1015 -558
-15564 3464 -5660 -6731 -2137 986
-14180 4840 -4924 -8765 -3812 -800
-12080 4200 -2752 -10079 -2378 -365
-14532 4840 -10048 -10512 -2098 2191
-12752 5932 -8908 818 8516 2856
-14164 10100 -7864 -881 7132 982
-13012 5412 -7436 -2355 524 2481
-12116 5784 -4368 -2496 3862 -767
-15260 5544 -6828 -34 2396 200
-15660 5920 -7432 2360 2481 824
-14740 8484 -6836 1149 -1682 -147
-12884 7708 -7568 -1145 -1328 868
-13028 7396 -8132 -931 -734 -18
-12476 7184 -6940 -1291 -1775 -979
-12980 7048 -6428 -1217 -2732 -1751
-13988 7952 -5904 -1543 -2101 -1918
-13544 6852 -5784 -1832 -3059 -1946
-13076 5884 -5264 -745 -1467 -1469
-13412 6056 -4784 -487 -617 -342
-13980 6508 -3860 -239 -1538 318
-14208 6344 -3972 -241 -1545 234
-12740 6112 -3100 -275 -1204 -1103
-13404 4964 -2748 -153 -51 -2436
-12792 4432 -3736 419 1244 -2139
-11180 2428 -2360 1855 -428 -1839
-13044 3592 -2108 3803 335 -3582
-14072 4408 -1824 3222 -1367 -3384
-13820 4572 -1092 4855 -1174 -2956
-14800 3940 -4920 4530 1378 -1503
-20260 8816 -16488 2366 6070 4378
-17340 10732 -4292 -1664 1135 5991
-13872 3784 -5420 -1142 3455 -4794
-14124 1692 -7640 -2782 6005 680
-12576 3624 -8476 -457 5739 892
-15104 5164 -10008 539 2594 218
-14032 5916 -8888 -1350 1463 -195
-13280 5032 -8200 -1944 708 -222
-14192 1716 -8176 1082 1226 -1242
-13972 5484 -8760 1647 304 -600
-14300 5628 -8208 -1348 -631 -1206
-13928 4052 -7796 -3271 -629 -1630
-14360 2424 -7348 -3427 26 -976
-14008 2988 -5764 -2846 -1756 -232
-13360 3180 -5924 -2807 -2623 690
-13016 4680 -4964 -3703 -2985 1869
-14516 5140 -4636 -5351 -2468 1968
-10072 6404 -3352 -6495 -1448 279
-16740 3552 -2272 -7597 -1604 347
-12148 2080 -8412 -3415 1548 1740
-14492 8196 -7808 -1168 3065 -807
-17980 8544 -10096 -927 7132 -463
-17436 7552 -7892 -725 2260 2608
-15084 6132 -5580 -38 2322 2828
-12580 6396 -5336 1896 446 3616
-11104 7532 -5096 3009 99 3611
-13404 7464 -6980 3581 1118 3949
-12972 9336 -6792 2996 449 3443
-13232 9288 -7792 1451 -483 3322
-12164 8580 -7532 1199 -1032 3286
-12204 8620 -6828 914 -1394 2791
-12808 9004 -5664 1028 -1357 1885
-13548 7420 -4524 1568 -2112 1569
-12764 7392 -3796 1726 -1377 -1122
-10664 6732 -3796 4821 -2160 -2103
-10556 4916 -1832 9203 -5735 -3512
-12096 2752 -2192 15027 -9734 -5741
-9032 2304 -5132 19865 -10876 -8365
-6412 7600 -6940 19611 -4472 -4876
-8192 5740 -5664 15108 -1051 -3454
-27588 10724 -32768 8875 13403 8332
-27868 7432 -4760 1305 -12796 1881
-21588 3556 -14584 5333 11045 1360
-12716 4732 -7316 2253 3441 728
-11208 3564 -7904 634 2281 -2311
-11584 1496 -9856 288 1144 396
-13596 4000 -10160 640 751 -213
-13744 4004 -9172 -25 -1476 -504
-14804 3884 -9988 385 -216 -656
-13188 4284 -10036 -738 -508 -1248
-13036 3496 -9664 -1373 1 -1505
-12972 2612 -10172 -1459 35 -2044
-13192 3356 -10712 -1613 87 -1893
-13488 3520 -9660 -3119 -2593 -1838
-14280 2288 -9840 -2961 -1372 -1870
-12996 3168 -9772 -3311 -1294 -1885
-12732 3000 -9584 -3934 -905 -1620
-13792 2220 -10064 -4072 -607 -1965
-14880 1296 -10112 -2694 520 -3415
-13036 3980 -7200 -2324 50 -4567
-13948 2308 -7448 -4084 1257 -2737
-14504 1412 -7232 -4255 914 596
-15108 1200 -6748 -3755 13 1903
-15744 2048 -6820 -4022 -1453 1368
-16360 2576 -5404 -6290 -3807 1028
-15688 3272 -5588 -9115 -7908 -622
-13104 644 -5832 -9798 -9419 -32
-12888 1548 -5064 -8669 -6572 2471
-14620 7220 -4416 -4093 -4003 1285
-17444 5116 -5432 1883 7619 -1956
-15360 8320 -7792 -2150 1779 1872
-12760 7568 -4112 -4060 1498 1413
-13664 5836 -5428 -2306 4434 2836
-14416 5820 -5448 -361 2236 2201
-13936 6616 -5256 384 1193 1019
-14428 6824 -5024 165 493 982
-14848 5844 -5324 922 -845 935
-13088 6864 -5044 1244 -907 113
-12312 7344 -5916 213 683 706
-12540 7132 -1668 -312 845 175
-15400 6764 -5804 -382 49 652
-14428 7148 -5108 -464 -1099 1029
-13048 5984 -4172 186 -1385 1251
-13008 6176 -3428 554 1077 404
-13792 5744 -3772 860 239 -347
-13456 5940 -2976 1321 -843 -2035
-13732 4668 -2684 2491 -316 -3060
-13756 4256 -3852 3171 -1766 -4166
-10912 5908 -2128 3148 -3414 -5578
-13072 3868 -2980 3254 259 -5141
-13596 5048 -3420 2151 -543 -3505
-11920 2972 -2928 2557 -1362 -1350
-16720 3884 -3824 1621 -2559 1479
-24680 11504 -10976 -1732 46 6009
-19696 4856 -3788 -3348 186 -755
-15384 3904 -6008 -2431 5710 -1188
-11276 4364 -6220 -2580 4912 1296
-12568 4888 -6944 -2072 3670 1357
-14308 6028 -7984 -3187 1790 380
-14264 5832 -6016 -4340 867 -55
-14236 5564 -6404 -5095 1615 -558
-14144 4996 -7976 -4636 2899 -91
-14088 6760 -7688 -5954 1874 -1068
-14140 5060 -6256 -7987 1570 -2239
-14640 4324 -6540 -8037 2425 -2469
-14136 4804 -6388 -7162 2090 -2604
-14124 4536 -6284 -7381 2382 -3062
-13308 4664 -7296 -7717 2632 -1903
-14088 5356 -6524 -8777 3337 -1423
-14136 4656 -5768 -10142 3071 -623
-14168 3696 -4692 -11173 3190 -1020
-14908 3976 -5656 -11100 2386 -208
-12752 3768 -5204 -12107 2161 -334
-11508 3788 -6736 -12953 3861 700
-10264 2844 -5620 -13471 4075 1049
-14188 10252 -5740 -10636 -212 1304
-22256 5340 -6768 -6665 11318 -1683
-19140 8268 -5376 -9011 2272 171
-15272 5804 -1328 -7224 1258 -376
-14124 6924 -5108 -4815 2584 821
-12484 7532 -3840 -3107 1595 773
-12476 7052 -3756 -2461 1015 -498
-13288 7336 -4024 -2458 338 -1325
-13728 5708 -3984 -1808 587 -1877
-14296 6628 -4864 -384 1494 -1179
-13724 8612 -5132 -863 608 25
-12688 8444 -4468 -1892 979 -317
-13608 7176 -3944 -1838 1542 -291
-13636 6836 -4292 -2227 2129 -678
-14484 6060 -3480 -2710 1735 -490
-14956 5596 -3996 -2024 444 -247
-14560 6116 -2860 -219 -407 -12
-13356 6148 -2160 470 -878 -69
-13532 6228 -2044 2033 -1588 -361
-13328 5084 -1880 3491 -1324 -1442
-13272 6088 -1804 3461 -515 -1683
-13196 6208 -2248 3848 257 -1630
-12768 4128 -1076 5408 1234 -2961
-14028 4856 -3224 5728 2311 -3764
-19040 9968 -12280 2544 1385 -179
-18892 7304 -10204 -1301 1652 4392
-12612 1476 -2200 3171 1051 131
-14992 6512 -9556 5040 5816 3090
-12604 6056 -9700 2095 2993 1547
-12864 7912 -7036 612 1751 15
-15104 4864 -9036 -54 2414 -458
-13828 6060 -8852 -807 1729 -467
-12620 5952 -9080 -1228 982 -754
-13248 4888 -9308 -1475 324 -1851
-13320 4584 -9504 -1209 439 -1899
-13572 5196 -8632 -676 -575 -1483
-14480 5088 -9012 -374 -1605 -1066
-13032 4872 -7724 -336 -2463 -1258
-13432 3912 -7832 -256 -1547 -2205
-14544 5288 -8200 -1263 -871 -1756
-12452 5100 -5604 -2663 -1459 -2244
-14540 3468 -5816 -3734 -558 -2152
-15032 4120 -5280 -4634 -1473 -1311
-15652 4252 -3480 -5857 -4169 -722
-13188 3044 -4564 -5703 -3426 -529
-13732 2588 -3812 -5227 -3861 1135
-12860 3108 -3388 -4398 -2875 1119
-11780 4568 -3692 -5255 441 529
-12488 2656 -3344 -6376 414 1621
-10420 8016 -8032 -5860 1546 1888
-24068 3912 -9996 1855 12426 145
-20788 8652 -7928 -427 5042 1764
-9636 5940 264 -2461 -44 1998
-15868 5160 -7432 -742 6876 1912
-13168 5580 -7228 659 2947 1082
-12820 7140 -1464 -158 1798 -574
-15360 4252 -5188 551 4801 -1173
-15868 6988 -6988 1474 -480 -2360
-13516 6276 -6772 -636 -749 -510
-12572 6760 -8476 16 -1206 33
-12312 7308 -7252 193 -1568 -599
-14188 5808 -6876 434 -1007 -707
-15540 5604 -5448 642 -2555 -507
-13540 5000 -5180 736 -2640 -533
-12948 3792 -3980 1211 -692 -290
-14192 4872 -3656 1864 -488 -898
-13660 5668 -4596 3055 -1200 -2089
-14160 5064 -5000 4186 -912 -1949
-14836 4568 -3964 5077 -3188 -2991
-14488 3740 -3472 6629 -3766 -2515
-11772 2756 -4132 7888 -4679 -1270
-10536 4152 -3636 7569 -1696 93
-12908 3960 -3824 7080 -2508 30
-9216 3512 -4128 7828 -1480 1035
-9192 5436 44 7010 -1684 72
-16760 3976 -15584 5040 6221 6949
-22828 12480 -684 -1094 8737 9848
-17952 1708 -4560 -181 -3569 -6200
-19484 5496 -8756 1559 5009 6402
-15244 3408 -8336 3988 2178 1467
-11824 7408 -5816 3011 -66 829
-13328 4060 -6860 1340 187 768
-12600 4900 -7712 1495 908 683
-11464 4956 -7136 959 1157 493
-15012 5480 -8688 549 1181 937
-14692 6516 -8412 -395 848 -798
-14036 3628 -7524 -557 1301 -2277
-15280 4160 -9744 -732 709 -1484
-13000 3812 -6524 -1020 -2227 -1614
-14516 3888 -7236 -470 -1705 -1888
-12680 3832 -7684 -633 -474 -1734
-14056 5360 -6404 -1887 -571 -1364
-13916 4916 -6148 -2950 -962 -730
-15008 5172 -6660 -4674 -399 -458
-14296 5636 -5712 -7072 -402 -881
-13496 4368 -5332 -8041 -814 -734
-11876 2100 -4808 -7704 -295 -296
-11744 2544 -5248 -6600 501 1392
-7908 2840 -2940 -6644 598 503
-13192 1108 -2688 -7685 -1393 114
-9604 56 -2244 -5221 -1448 -2859
-23024 24424 -10912 -2812 -13530 717
-32768 1724 -11492 1860 11649 -523
-16200 10164 -2148 -1031 -4664 -1045
-16152 4624 -4360 2125 3386 1671
-14084 8032 -6472 91 1601 1064
-13796 6464 -5064 763 2970 2727
-12132 7356 -3812 934 1537 2068
-13068 6648 -5680 725 2503 1609
-13308 6328 -5056 1703 2549 2042
-14032 6640 -5864 1695 3060 1248
-12212 9100 -6016 264 2368 123
-14720 7156 -5116 208 2463 -230
-15504 5780 -5404 1057 2055 -384
-14900 7248 -4640 -646 -532 -1500
-14640 4864 -5568 -994 -1144 -1036
-13840 5576 -4192 -972 -3083 -1086
-12228 4560 -2736 95 -2982 -2388
-12232 4744 -3492 2216 -2002 -2554
-13544 4496 -3028 4712 -1833 -2900
-14136 2628 -3836 7193 -1398 -2399
-12240 4552 -4268 8217 -2450 -2243
-13036 5296 -3760 6224 -3553 -1534
-9416 1352 -3152 6815 -3111 214
-12316 4736 -1040 6809 -4854 -1699
-7332 248 -3124 8684 -2975 1378
-26932 13576 -21892 8132 -2961 8382
-32596 9608 -3508 -1196 -2025 4312
-19680 476 -9348 3610 1394 -2155
-16516 8200 -5720 959 4862 5586
-9308 2340 -5176 2108 3072 132
-13560 4440 -6204 2156 2347 1663
-12104 3464 -6944 1528 659 1444
-14464 5300 -6528 1122 -933 661
-14824 5196 -8944 1727 -125 234
-15664 5544 -7880 1386 -642 -29
-13796 6532 -7000 468 -300 -371
-14012 4712 -8188 -949 1856 -735
-14616 3796 -7156 527 -943 -670
-15048 3844 -6672 1367 -1542 -1110
-15324 3984 -6388 2164 -3163 -2126
-14700 2020 -5884 2795 -4704 -1669
-12584 2284 -5852 2235 -4545 -528
-12256 4312 -4360 280 -2184 703
-17148 5580 -5956 -5248 -2944 1609
-10044 4164 -4664 -7163 -1411 1693
-12248 2916 -5548 -8323 951 4032
-7048 5472 -2484 -8221 5914 3347
-13288 2976 -3960 -8870 -938 3133
-10224 1828 -2096 -6028 1992 1485
-14720 8184 -5664 -3817 -1141 1451
-27676 13964 -6812 1064 2285 2945
-25684 15424 -608 -7056 4507 -1526
-16500 7300 -1792 -4567 1091 1089
-13120 5800 -2528 -1039 3989 1133
-11940 5956 -4368 965 1665 908
-10996 7896 -2656 1026 207 428
-13476 7816 -3080 299 987 -1416
-14856 6772 -3900 427 463 -602
-14328 7140 -4604 799 1228 -763
-15020 7948 -4692 356 -436 -49
-12368 7468 -3344 1374 -2350 149
-13232 7096 -4084 2766 -1156 -790
-14388 7444 -4284 1695 -1079 -357
-13196 6756 -2672 896 -1345 -1604
-12880 6384 -2820 91 14 -1537
-12984 5532 -2060 1023 -178 -2032
-14456 5292 -2764 3208 -1349 -1980
-14624 4460 -2580 6845 -4248 -3027
-10728 3172 -2656 8366 -4945 -3623
-10716 4936 -1336 7210 -3285 -2124
-12544 2136 -752 7734 -2156 -1325
-15780 5592 -1176 7586 -3610 -630
-10112 4776 -1888 8260 -1060 -1412
-11336 5704 -556 7125 -2746 -568
-11072 4388 -776 6355 468 126
-31292 14292 -17768 2870 2183 6457
-20836 -2556 -1796 5544 -2066 -5238
-24320 9164 -10392 4496 3720 2572
-17464 1740 -4516 3816 -901 -429
-11484 852 -1772 5782 2269 -5045
-12420 2992 -9116 9538 1284 -1706
-12792 9964 -7128 4790 -322 -974
-14324 5400 -7068 -438 -1474 721
-14212 5592 -6548 -2045 332 324
-15248 1532 -7408 -2763 1472 -207
-15504 2928 -6616 -1588 1444 502
-15244 3736 -5332 -2834 1019 -916
-12992 3592 -5228 -2926 2015 -1324
-15180 2368 -5840 -2320 1430 -947
-16112 2104 -7468 -1599 1902 -78
-14368 4992 -5836 -2657 664 844
-14172 3060 -5400 -4078 780 1027
-13940 1308 -6516 -3312 2392 349
-13720 2644 -5264 -3371 676 2009
-8836 3904 -3780 -3664 1596 2589
-14932 3024 -2936 -5333 -605 3708
-11212 2368 -3732 -4391 -838 1633
-12944 4188 -3488 -6193 -357 1467
-9904 2416 -3332 -5623 573 230
-10044 5160 -9208 -5373 431 642
-19692 3740 -7772 517 6672 -112
-25812 15012 -6268 -886 2547 519
-15996 8428 -3256 -3051 -1617 1353
-20280 8604 -4960 -3816 1428 755
-13936 4520 -4728 -790 -1148 2447
-12448 6760 -2384 556 -1631 1339
-11092 6024 -3324 783 -712 815
-13020 5800 -6496 2387 -2340 1088
-12648 7948 -4428 2276 -2659 707
-12120 6272 -6112 1490 -1399 -133
-12660 7184 -5360 1677 -1201 -963
-12576 6644 -5628 1192 -796 -1333
-13804 9932 -3296 -579 -1284 -985
-15168 5452 -2572 -1040 388 -784
-15588 5780 -3640 911 1627 248
-14068 7412 -2968 1180 -385 68
-13156 5344 -2744 1575 -944 312
-13060 5696 -1824 2951 -455 -530
-14408 5544 -2440 3882 -1138 -1355
-13280 5284 -2480 3626 -1959 -1215
-12560 4868 -2536 4367 -2490 -2079
-11108 4312 -2132 5110 -4573 -3008
-11348 5056 -1832 5271 -2231 -3362
-10744 4708 -992 4864 -2199 -2745
-11680 4240 1112 5093 -5 -2773
-13108 4148 -3584 5143 -76 -1126
-13496 7728 -1532 5825 -1375 -1458
-32768 6428 -13552 4338 -882 4127
-21884 3784 -4028 7111 431 -3434
-14352 5708 -8996 6929 3959 -2639
-15992 2568 -9072 6014 3972 -1614
-11828 5424 -7716 4301 4420 -3036
-12344 5264 -6672 -889 762 -1005
-13308 2808 -6128 -2487 1049 -330
-14928 484 -8368 -1867 1014 -219
-14644 3060 -8068 -1520 926 11
-15496 4436 -6496 -3269 1301 -2258
-14768 2036 -7256 -2543 1958 -2099
-14268 3456 -7232 -1442 1211 -1655
-14192 2108 -6004 -1723 -531 -1240
-15036 1388 -6672 -412 66 -979
-14592 2452 -6008 -829 474 -382
-15160 2108 -6124 -1416 352 916
-14768 2504 -5280 -2417 293 997
-14360 2656 -5132 -3920 -576 731
-14600 2116 -3404 -5216 -2271 401
-13956 1172 -4340 -5305 -2753 634
-12604 2328 -4000 -6671 -2655 630
-12632 2268 -3340 -7727 -3027 617
-9444 1228 -4312 -7928 -1132 479
-14476 604 -3968 -7380 -2849 1422
-12108 -60 -6512 -4923 -1562 1840
-20076 13412 -2540 276 -5949 -670
-32140 8480 -4784 5766 4902 3508
-16848 11012 -3604 2694 -2652 2590
-14452 6840 -3560 2302 1959 3725
-11192 4376 -7832 3823 5466 5243
-12748 6664 -5192 4922 3422 4358
-13784 5464 -3764 4670 2628 3408
-14132 6340 -4320 3384 1182 2103
-14696 6236 -5456 3182 -571 1125
-13772 7024 -6536 2835 -210 1238
-12848 8180 -7016 1975 -996 1027
-13092 8404 -6428 1038 -1282 1068
-12832 8668 -6168 584 -384 1204
-13868 8324 -5504 -408 -2232 561
-13364 5872 -4940 2159 -2760 232
-14076 7632 -4684 3427 -2189 1211
-12648 7820 -4548 1982 -3608 1266
-11964 6656 -2016 1692 -2546 46
-14408 6436 -3164 2537 -4652 -917
-14416 4732 -2476 3844 -4427 -1969
-14076 5972 -1972 4584 -3738 -1006
-12052 5292 -2604 6001 -2305 -1669
-11000 5688 -2840 6772 -996 -1026
-12980 5436 -288 6949 -2274 -2519
-12612 5460 -424 6785 -3405 -1635
-15060 6176 -6584 5735 -1080 -3043
-20660 17144 -17032 -3317 7486 7183
-14244 9608 6784 -1802 -2857 121
-13636 -576 -7432 5406 6343 1674
-14524 9216 -8624 4656 8781 5234
-11624 9288 -7120 2506 1169 2163
-13488 6680 -6636 -1019 2970 -672
-13400 5348 -8160 -1493 4206 -540
-13108 5360 -9820 469 3694 -1807
-14196 7124 -9752 1098 1958 -1222
-12928 6900 -7536 1420 -174 -2911
-13944 6152 -8224 1983 883 -3176
-13628 6608 -7688 1882 -413 -3142
-13152 5372 -7748 1451 -1671 -3566
-13468 4772 -8460 460 -1200 -2370
-12736 4816 -8444 -348 -349 -1734
-11600 4700 -7236 -1975 -722 -1410
-12576 3928 -6696 -3496 -589 315
-15284 4612 -6100 -4374 -2419 53
-12460 3732 -5424 -5638 -2499 703
-12416 3608 -3620 -4971 -1891 -1185
-12996 2952 -3972 -6263 -2629 1278
-8548 4284 -2844 -7503 -1008 -629
-13800 3152 -2876 -9470 -2076 1110
-9740 1020 -2908 -6182 -399 -1417
-18280 15548 -4392 -5053 -12333 1317
-30204 12960 -4640 2055 5981 -1526
-22280 9484 -5040 -2835 -3496 -2592
-16248 6164 -4340 108 2003 1417
-12680 5600 -5340 2063 352 2893
-10380 6512 -4368 3860 1699 2481
-11768 7480 -1844 2557 466 972
-14552 5896 -5628 2440 880 709
-14856 6564 -4728 3068 -371 1100
-12504 7460 -4872 2528 16 -360
-12988 7416 -5540 2036 470 -1342
-15400 5596 -3372 2063 532 -1789
-15104 5388 -4896 1949 -674 -2176
-15556 6096 -5036 1844 -2056 -1281
-14848 6036 -4084 1972 -2626 409
-14404 5840 -4432 2856 -2841 731
-13864 6508 -3440 3112 -3050 601
-13012 6420 -2596 3094 -2433 171
-13756 5744 -2196 2408 -1427 -741
-14196 3960 -1580 2612 -1751 -1259
-14676 2876 -1248 4010 -2748 -2220
-11832 3560 -2424 5564 -2203 -2518
-10460 3652 -1620 6549 607 -2912
-10068 2656 -1756 6679 1226 -2694
-11616 3716 -1416 7429 760 -2755
-13788 4148 -2616 6704 846 -2867
-25172 11516 -17036 357 3335 7829
-22948 -420 688 4328 -2726 -1522
-12920 6420 -7072 6241 1387 839
-17632 7820 -8064 341 2463 6900
-13744 5528 -5936 2223 2139 1889
-15136 7008 -6000 -175 335 978
-14148 4016 -7004 -1591 3639 -205
-13468 3532 -8396 736 2695 -951
-15104 4428 -7880 1071 1251 -1712
-14524 4148 -7652 1078 438 -1421
-12784 4912 -6912 1102 183 -1785
-13112 3480 -7628 585 777 -2230
-13840 4216 -8328 308 267 -1441
-13580 4560 -6916 -728 -943 -922
-13408 3612 -6364 -1912 -519 -781
-16000 3832 -6356 -3244 -1387 1485
-13120 4176 -6120 -4282 -2920 2075
-13640 4372 -5420 -5324 -2426 2956
-10720 4292 -2792 -5840 -3428 -32
-11244 3168 -3776 -7432 -497 -651
-13376 3452 -2544 -8405 -1037 443
-10764 1140 -3740 -8611 -1342 595
-10992 476 -1996 -5993 -2201 -963
-23048 14484 -3116 4066 -2721 75
-31204 16024 -3364 -2739 1695 106
-11788 8280 -1584 -4112 -3736 -104
-14100 6140 -1864 -1366 3450 3186
-6080 3424 -5212 889 1287 2786
-11540 6052 -1600 1512 450 566
-13204 5860 -2664 2172 68 -425
-14544 7356 -4392 1237 873 -545
-14008 6196 -3804 1303 297 -1033
-14232 6000 -3332 2534 393 -405
-14956 6012 -3344 3847 -714 -386
-13240 5512 -3432 4548 127 -353
-14756 7016 -3032 3391 -1656 160
-13464 6144 -2620 3238 -2019 -442
-14016 5540 -2028 3987 -936 53
-14036 5668 -1876 4447 -562 -240
-14432 5252 -1416 4745 -975 -985
-14532 4324 -1512 5142 -1820 -1551
-13772 5132 -2212 4636 -1649 -1893
-12628 4496 -2024 4953 -929 -1824
-11528 3964 -1400 6317 -312 -2451
-10264 3396 -1196 7172 -819 -2172
-12700 3388 -580 7288 -1189 -2680
-9152 3096 928 6894 -2093 -2363
-32768 21692 -14712 43 -3454 9125
-20052 -4256 836 1226 -5144 -8663
-15636 7724 -10108 4808 7542 2311
-14480 5216 -9464 367 713 4020
-11428 4860 -6892 1271 4530 24
-13920 4716 -5748 664 1947 1102
-14088 5304 -6264 -621 2546 843
-14356 4780 -6528 -1252 3903 -533
-14340 3032 -7388 -473 3356 -1713
-16344 4908 -7288 -1697 1259 -892
-14376 3316 -4820 -1852 611 -2744
-14940 2732 -5612 -1348 621 -1562
-14676 3200 -6020 -1510 -377 -738
-14448 3300 -6004 -2725 -2368 243
-14140 4280 -5988 -3292 -2008 510
-13064 4800 -3788 -5401 -2045 -862
-14600 2588 -5456 -6639 -2954 325
-11364 3084 -2796 -6101 -788 430
-13912 3224 -4580 -6651 -761 -409
-11812 1388 -2600 -5715 2192 -817
-11296 1468 -2156 -6629 -2253 -500
-6916 3996 -8192 -5453 2014 3157
-17196 1072 -4672 -358 1805 131
-31100 15076 -3568 4478 4321 -22
-16408 11524 -2800 -808 -3390 -1671
-19048 7280 -5740 -359 2513 2452
-14180 3596 -6760 2389 -655 5664
-11032 6788 -3956 2736 -1557 4241
-7428 6304 -4584 2947 -371 3059
-11712 5628 -5020 3494 199 1255
-14780 6656 -6616 3853 1038 -110
-16220 9304 -4024 1994 229 -1235
-14252 5680 -5716 2244 -621 -1217
-14972 6360 -5184 3047 -934 -1013
-13508 6700 -4816 2792 -932 -879
-13932 6764 -4780 2467 -2315 -502
-12828 6448 -3684 3052 -2286 -392
-13540 6268 -3948 3908 -1957 -727
-13796 5800 -2340 4166 -1533 -1145
-15056 4208 -3292 5336 -1944 -1121
-15076 4184 -2888 5326 -4061 -1774
-14092 3660 -2752 5959 -3392 -1531
-12916 4672 -2628 5628 -2013 -730
-12244 3732 -1660 5428 -2412 -2697
-11108 3128 -1636 6316 -1049 -1914
-12288 4060 -808 6415 85 -3480
-10028 3696 -1088 5895 -1107 -2277
-14552 7060 -8104 3156 984 99
-28920 12360 -12276 -7109 2592 12008
-17304 -664 -1748 -222 3748 -5474
-15188 6304 -9236 1652 7476 4297
-13852 4612 -6548 -2328 2770 3343
-11060 4076 -5860 823 4377 54
-13452 6096 -7492 -1321 3249 -25
-13696 4176 -8028 -2756 2808 -726
-14364 4396 -7968 -709 2489 -995
-14880 6348 -7604 -621 758 -1185
-14876 4836 -6984 -917 905 -2877
-14884 4424 -6920 -363 585 -1701
-13484 5104 -6472 30 -693 -1404
-13372 4536 -6548 -903 -627 -1610
-13252 4480 -6060 -2091 -661 -520
-16056 4192 -6760 -3983 -2012 780
-13728 4400 -5140 -5146 -4062 1971
-13272 4052 -3156 -5727 -4403 -328
-12920 3748 -5240 -6062 161 -615
-12636 5164 -3932 -7301 -641 -504
-10280 5448 -2876 -11399 399 1028
-11580 1716 -5360 -11628 913 2130
-12428 2544 -5088 -8123 3030 2170
-8756 2928 -3944 -5961 -1809 4269
-14544 12104 -3612 787 -4658 2720
-29364 12176 -1832 732 10623 -763
-19556 12732 -1400 -2687 -267 -379
-18040 6740 -3488 -1160 478 2017
-13380 5184 -4456 1931 197 3243
-10384 8508 -1500 2590 -382 1128
-12092 5208 -3856 3439 1035 718
-11920 8880 -4808 3885 -77 -35
-13152 9336 -3488 2998 -1205 -267
-13648 6916 -5520 2616 -208 1184
-13460 9324 -4600 2783 -931 944
-12784 7992 -4064 2064 -1606 499
-12416 6792 -4732 2819 -786 159
-13348 7932 -3548 3016 -1914 6
-13700 7240 -2604 2012 -2005 -350
-13128 6884 -2920 3048 -236 -484
-13048 7104 -2796 3814 -70 -926
-12956 6876 -1672 3712 -1352 -1968
-13712 5576 -2052 4359 -463 -2520
-15368 5816 -2384 5430 -1286 -2767
-14548 4812 -2168 5821 -2915 -2778
-12628 4812 -1256 6387 -2975 -4104
-11412 3876 -2768 6663 -3043 -2995
-11772 5400 584 7044 -1259 -5675
-11168 1500 -2308 6971 -1780 -3101
-9456 3948 -1104 7821 -368 -3872
-10004 5060 -3716 6004 2676 -32
-31064 14276 -18412 333 5939 7064
-21340 8644 -7160 -3976 1718 6049
-17696 412 -4968 -1321 297 -4871
-12540 8456 -8836 -2438 6681 5078
-14768 3356 -8288 -2893 1867 1225
-12340 4888 -6428 268 4261 1055
-14300 5744 -9032 -1862 2251 671
-11960 5568 -6852 -1261 2733 -351
-15412 5816 -8516 -207 2924 -1109
-15424 6556 -8216 -1455 1937 -1322
-13188 4668 -7016 -89 1617 -1527
-15008 3972 -8164 624 2092 -1653
-14084 4460 -7852 318 135 -1383
-14236 3856 -7148 601 -805 -1282
-14060 3988 -6712 -487 -2296 -1251
-14372 5616 -5820 -4127 -4341 231
-12688 4892 -5288 -7819 -3885 -665
-12964 4196 -5196 -11347 -6634 199
-8504 2172 -4988 -10285 -69 -535
-12784 2716 -5660 -11193 -1656 1955
-7168 1208 -1332 -7610 3081 347
-9564 152 -4324 -7052 1761 1673
-10668 5700 -6248 -4805 2374 4749
-19964 15396 -4552 -898 503 2118
-30500 14728 -2512 4133 9480 1195
-21092 7224 -4352 6651 3372 3167
-12176 9312 -1752 1837 1050 3066
-10676 5792 -4420 823 -187 3156
-13300 6460 -4396 1893 -1054 1540
-13816 6080 -4700 4136 -1405 1034
-13880 6668 -6332 5995 -738 163
-12524 10096 -7040 5091 -1974 428
-10988 10092 -7356 2874 -2033 147
-13008 9384 -5684 1313 -3466 114
-14164 7600 -5876 1185 -3034 705
-12856 9512 -4368 384 -2622 314
-13396 8428 -3432 -478 -2449 -601
-12848 7048 -3616 -1061 -1467 -585
-12308 7420 -2396 -565 -1020 -303
-11856 6780 -2104 427 -1407 -990
-12536 5332 -1248 3198 -1833 -2522
-14492 4228 -892 5580 -3629 -2842
-14576 3776 -1232 8845 -4997 -4541
-11656 3844 -1572 9504 -5527 -6065
-10464 3424 -2052 9337 -3589 -5123
-9816 2624 64 9588 -3526 -5769
-10716 3248 -1368 9290 -1561 -3397
-12948 6108 -1012 7299 2017 -2878
-8984 4012 -836 3693 3319 -1124
-10380 -1532 -10888 6096 10296 927
-12324 7892 -22668 7733 4745 2559
-30464 -6068 -13148 14786 3809 -3054
-18892 16220 -21636 7054 12947 -2135
-25292 9552 -15436 -1014 9740 -251
-14408 7020 -9648 -3981 9517 1009
-14824 -2916 -6264 -3207 -3622 2153
-12516 4216 -8232 -2672 -6660 3312
-7788 -6996 -3472 -1780 -940 5872
-11020 3680 -4704 -5635 -957 1648
-14140 -812 -7380 -5013 -694 5834
-4744 7516 -2660 -14042 3900 -3550
-11740 4732 -10264 -16722 1734 -1323
-15192 2396 -12252 -2249 8568 712
-15464 13972 -8760 -1294 4847 -3049
-16708 3260 -11908 2299 -683 -2454
-12344 8836 -4952 1474 -425 -2854
-13500 7956 -12788 1277 -2185 -823
-15544 9948 -10712 -1065 929 -834
-18224 6236 -12664 183 -925 -464
-14296 7672 -8988 -308 1083 1207
-16340 5160 -7704 -1812 -2376 -986
-14264 3364 -7076 305 -2098 459
-14544 6644 -8104 1474 -1022 -113
-16044 6724 -9272 -1675 -4218 -1050
-13648 4672 -7528 -877 -4728 -1183
-11904 5256 -7496 620 -2185 -174
-13848 6452 -8064 17 -1633 268
-13644 5716 -7416 -1046 -3564 -785
-13864 6388 -6404 221 -2528 -61
-12516 4812 -5516 1240 -765 1494
-14216 5592 -5204 451 -236 815
-12800 5944 -5068 -76 -2721 -1247
-13744 4680 -5320 936 -2005 -98
-13108 6544 -5248 1421 -632 1107
-14388 6032 -4828 265 726 276
-14612 6588 -5548 -575 -1268 -394
-14440 5836 -5416 734 -776 -55
-13616 5580 -5152 1216 -211 501
-15448 5944 -4864 113 -112 34
-13836 5724 -6092 886 -1007 -951
-13572 5668 -5192 1538 -145 82
-13808 6096 -4208 860 883 790
-15036 5528 -5424 -347 -1313 -701
-14020 5536 -5120 1575 -1215 -311
-12612 5748 -4524 1302 1205 1068
-16176 5448 -4536 -484 108 -344
-14468 5352 -5792 657 -1345 -899
-12968 6148 -4336 1107 973 559
-14956 5672 -4552 134 1407 547
-15860 4600 -4420 -68 -243 -125
-14196 5824 -5276 428 -939 -835
-13128 6160 -4580 618 471 77
-15092 5472 -5128 993 131 643
-13776 6052 -4248 489 1453 621
-15724 4916 -4264 -265 127 -180
-13948 5728 -5772 487 -1825 -1007
-13036 5616 -4760 1715 -419 177
-14592 5736 -5464 1586 -47 884
-14244 5124 -3216 974 1016 659
-16844 4676 -3896 991 -1040 -450
-13572 6660 -5536 1584 -2457 -1525
-11892 6048 -4700 922 -1060 -233
-14124 5280 -5112 625 602 939
-14612 5052 -4688 -121 -157 -358
-15324 6516 -5204 -792 -2299 -2041
-13556 5692 -5392 566 -1903 -963
-13480 5496 -4500 901 109 1012
-15852 4620 -2844 453 -258 665
-16444 4212 -3484 828 -1700 -298
-15524 5128 -5304 1543 -3789 -941
-12052 4744 -3140 3049 -1928 266
-14716 4872 -4128 3777 -582 1791
-13744 4912 -3324 3280 -207 1894
-15440 5500 -4160 2146 -639 1197
