15032 -6876 560 2437 767 2611
14736 -6972 904 1683 -65 1307
14416 -7024 1004 1914 -603 -138
14536 -7040 1176 1079 -492 -1218
14572 -7384 1224 -315 -373 -2130
14800 -7496 1524 -616 -314 -2711
14912 -7588 1364 -1375 10 -2944
15048 -7952 1596 -1465 385 -2713
14912 -7880 1264 -1678 539 -1947
14624 -7872 1280 -1574 371 -1489
14588 -8004 1236 -1296 -109 -1472
14592 -7980 1384 -1254 -377 -1199
14820 -8036 1420 -843 -329 -579
14960 -8216 1208 -488 -361 -59
14876 -8088 1220 -160 -272 531
14888 -7892 1252 288 -236 858
14980 -7836 1088 595 -328 982
15104 -7704 924 667 -123 1103
14984 -7672 896 621 -24 1243
15092 -7444 724 559 -11 1055
14932 -7444 812 339 -138 677
14864 -7452 876 624 -366 279
14840 -7500 716 367 -348 -108
15040 -7500 760 251 -469 -499
14996 -7628 888 162 -388 -628
15020 -7664 828 64 -247 -666
15036 -7748 736 78 -267 -802
15072 -7748 628 144 -289 -758
15132 -7856 636 92 -93 -483
14896 -7900 720 84 -174 -439
14916 -7812 884 485 -296 -329
14964 -7720 612 438 -71 -62
14972 -7828 488 440 37 173
14992 -7716 492 476 -19 265
14896 -7600 608 300 80 351
14948 -7756 652 187 325 347
15108 -7724 388 32 420 367
15116 -7776 748 39 402 353
15084 -7796 928 133 429 398
14912 -7716 788 179 368 240
14880 -8032 820 272 381 150
14808 -7968 788 202 468 286
14864 -7856 700 341 395 368
14888 -7792 652 400 255 332
15040 -7740 624 398 51 241
14952 -7720 560 324 -82 68
14956 -7664 708 483 -370 -128
14976 -7604 716 465 -462 -404
14912 -7760 816 496 -500 -523
14956 -7820 524 514 -535 -688
14960 -7952 548 555 -370 -484
14852 -8096 572 631 -297 -200
14824 -7920 524 624 -122 -62
14936 -8132 500 620 -127 92
15036 -8116 560 759 7 470
14832 -7980 504 569 282 740
14892 -7872 640 813 257 828
14800 -7812 468 911 83 726
15112 -7932 696 1007 45 609
15208 -7808 652 825 108 391
14952 -7792 664 1181 -118 284
14868 -7676 372 902 20 -54
14900 -7980 748 629 14 -225
14912 -7872 768 525 -89 -234
14840 -8088 788 -225 196 239
14604 -8152 596 -900 514 608
14432 -8260 696 -652 451 438
14656 -8256 484 492 43 57
14752 -8008 608 300 -41 125
14812 -8100 648 357 -166 -47
14756 -7916 704 382 -285 -293
14796 -7908 856 322 -80 -412
14844 -8144 552 236 -75 -513
14732 -8244 692 493 -160 -521
14768 -8180 676 280 -34 -293
14680 -8196 668 278 22 -202
14684 -8160 496 407 -160 -82
14604 -8076 580 381 -128 82
14780 -8144 632 318 -75 186
14940 -8040 536 391 -199 294
14924 -7948 720 392 -238 148
14904 -7936 744 462 -122 54
14828 -7996 816 342 -8 57
14860 -8036 676 485 -17 -8
14760 -8004 628 432 28 -10
14836 -8052 492 460 60 78
14848 -8056 568 387 96 86
14812 -8180 468 521 6 124
14884 -8108 480 419 126 209
14976 -8020 584 392 93 169
14828 -8008 480 305 29 156
14952 -7952 500 458 -181 -109
15012 -8072 584 350 -48 -124
14920 -8004 624 452 -224 -223
14856 -7868 704 675 -432 -517
15000 -8016 548 530 -349 -548
14508 -7656 724 408 -135 -44
14644 -7468 780 230 1 131
15016 -7412 524 -353 45 100
15192 -7332 740 -515 -221 197
14764 -7140 888 -247 -536 -110
14424 -7236 692 -609 -756 -61
13272 -7576 772 439 -1726 -323
12884 -7448 -40 1499 -2505 -67
14200 -8312 -628 2113 -3891 -2362
17024 -9260 -1416 -27 -4259 -5901
15416 -9492 -1468 -2952 -3782 -5809
13608 -9380 -980 -656 -5394 -3201
14148 -7716 -632 2415 -6471 -2336
15960 -7536 -472 366 -4009 -2384
16904 -7836 -1136 -2901 -274 -1507
15448 -7684 -1132 -4103 2483 946
15228 -7544 -1668 -3875 3061 971
10556 -6584 -28 -2278 71 1738
15460 -8516 708 2738 -4337 176
19228 -8912 -928 6700 -4247 -3233
21784 -9208 -4788 4166 -2177 -247
23328 -8600 -6220 4933 -812 1921
22960 -6860 -7488 3747 205 1467
19652 -4796 -7512 2138 761 489
20244 -4432 -7608 -804 1291 313
18480 -2684 -7256 -1185 630 -469
18868 -1868 -6592 -374 -269 -2072
19276 -1640 -6200 -2273 1955 -3819
17352 -1124 -6448 -5876 5907 -3505
14368 -1460 -5324 -9080 8610 -2062
11464 -2204 -3284 -9541 9490 -1075
10460 -3460 -2240 -9412 9979 -161
10440 -4660 -1368 -9266 9682 647
9940 -5632 -280 -9247 8412 2118
9504 -6588 232 -7944 5616 2136
10932 -8044 1000 -5822 1974 -7
11144 -8676 724 -6122 -917 -2894
11452 -8796 2612 -5049 -5503 -3366
16536 -10344 2000 50 -10153 -3523
22040 -9824 -212 2448 -9334 -2427
20100 -7488 -776 3151 -5942 232
18236 -5328 -980 4714 -4193 4133
19516 -4488 -2656 5971 -3185 3342
18100 -4596 -2156 4577 -2193 2672
20640 -8016 -3264 6560 -2984 1359
18812 -6760 -6216 3563 243 930
16828 -7816 -4252 840 823 1160
15036 -9008 -4516 4157 -430 647
14416 -7396 -3876 3492 614 811
14236 -8040 -3400 2357 1700 1300
12904 -8368 -3620 1936 2007 2456
11136 -7396 -3368 4717 -117 3896
12040 -7016 -2576 6775 -3255 4726
13216 -8688 -2276 8563 -5556 3164
15052 -8472 -3820 10000 -5096 1386
15992 -7856 -3804 7977 -3243 724
16756 -8012 -3888 5635 -1478 -79
15052 -7348 -3044 4332 -856 -881
12916 -6632 -2316 3553 -1617 -1269
12928 -6504 -1632 3322 -2576 -2623
14388 -7212 -1620 1491 -2263 -4819
15352 -8084 -2156 -1124 -1119 -5331
16332 -9264 -1168 -2569 -1479 -5327
20440 -11152 -2924 -3251 -4718 -7649
21788 -13524 -1336 3111 -7837 -10363
22220 -8772 -2872 6994 -10114 -4910
19984 -4108 -6136 5574 -3294 -2764
17112 -884 -5132 570 1647 1036
15308 -2688 -4540 2010 3664 1276
14824 -1812 -4312 4283 3085 1769
13108 -1736 -4404 3136 3306 1939
13664 -1768 -5920 1733 5311 2003
14852 -1952 -5684 -236 6930 1691
15096 -2568 -4340 -1393 7343 1781
15252 -3224 -2672 -158 6238 1708
14828 -3176 -1464 1854 5935 920
14984 -3240 -388 -663 5204 1265
16072 -4656 -1396 -3327 4696 467
14440 -5460 -228 -3990 2581 -434
13480 -6212 740 -1390 -1508 -1092
14004 -6152 1384 1404 -3507 -1747
14180 -5764 1656 219 -3419 -1375
14964 -6300 2080 -1342 -3367 -1386
14688 -6444 2036 -1611 -3326 -911
14928 -6952 1664 -594 -4226 -722
15916 -7096 268 924 -4831 -784
16320 -5976 -748 383 -4999 467
18360 -6784 -1132 1678 -6856 662
18232 -5004 -2904 5719 -6635 148
19812 -4996 -4240 -393 -4515 1095
23580 -7800 -9640 -2163 -2971 -629
21068 -5380 -10020 1142 -2975 1749
20944 -4476 -4908 5637 -4279 2701
16620 -5044 -2984 3125 -1827 547
15588 -5892 -1464 -2878 1678 1747
13352 -8680 -1280 4127 1190 1504
12580 -7800 -1984 9331 1497 1150
13060 -8504 -2468 8174 2641 728
11940 -6308 -4008 6835 4529 682
12920 -8700 -2480 5908 4184 -1190
15908 -10448 -2952 9382 3014 -3837
16760 -9200 -2752 9931 4068 -2089
17352 -8676 -3508 4627 6884 2996
15832 -8060 -3044 1908 7715 7268
14112 -7656 -1872 3142 5410 8203
12588 -7144 -800 5441 2461 5831
13084 -7216 -524 5970 953 3517
13876 -7784 832 4521 217 2323
13728 -8200 1488 4325 -185 1745
13520 -7452 1824 3446 -810 1666
13608 -7800 896 290 -3390 -1315
14812 -8924 3608 967 -8608 -5499
16076 -7892 2636 4544 -11395 -5815
19532 -6320 -1092 2575 -7096 -4383
19348 -5640 168 -3132 -3017 -2540
19216 -6188 -1288 -1824 -1032 -1516
17488 -4428 -160 -670 -1520 -1443
18220 -4524 -528 2506 -2078 -1889
18804 -3108 -3812 1865 1985 -558
16152 -1104 -2348 -4467 6326 781
14376 -2860 -2168 -5746 7233 -210
14592 -3672 -1504 -4819 6704 -559
14296 -4476 -532 -4020 5480 -1620
12944 -5024 976 -2539 4410 -1211
12520 -5932 2104 -2435 3307 -1919
12240 -6708 1844 -4297 2017 -1984
11964 -7236 1804 -5457 -271 -2111
12720 -7172 1600 -3424 -3336 -2856
14204 -7404 1920 -3320 -5514 -3910
14332 -7424 2176 -3231 -7830 -4501
15276 -8432 3188 108 -10291 -5010
17244 -6812 3288 3137 -12140 -4779
17060 -5896 -340 1066 -10795 -2765
22212 -7796 -716 614 -8646 -1738
20580 -5264 -4768 2303 -2429 -872
20236 -5068 -2880 -2486 -8 3592
22308 -6640 -3968 899 -1110 3972
17884 -5204 -6796 2839 -742 6367
17760 -4372 -7620 5616 989 5475
15212 -3200 -8476 5217 4424 4550
12944 -2680 -6556 1640 6326 5077
13060 -5016 -4476 1849 4925 4696
13996 -6776 -3356 6328 2627 2820
14816 -6996 -2876 8238 1538 2401
15092 -8272 -2016 7034 1051 2429
15368 -8688 -2352 6306 444 1793
14648 -8052 -2232 7054 -401 1085
14796 -7892 -1420 8316 -1183 430
14216 -6892 -1244 7988 -1095 194
14804 -6556 -1168 5578 -190 -88
15340 -7956 -704 -801 2153 133
13300 -8808 -348 -3757 2572 1059
12348 -10824 244 451 1159 4
12448 -9756 424 2764 1022 -410
12208 -8740 652 19 1237 142
12400 -8504 1908 88 -420 887
14400 -7748 768 844 -2382 5
14588 -7328 708 -573 -6602 -1854
17908 -9756 2656 4590 -11467 -5497
21152 -7364 -1900 6941 -9682 -5464
21776 -5072 -4936 -2113 -1343 -3072
19748 -4400 -4068 -6779 3647 885
17352 -4004 -3496 -3754 2119 1097
16760 -5144 -3592 5807 -2072 -2649
18812 -2792 -5696 10479 -1620 -4729
17328 -1792 -6284 2768 2009 -3006
15364 -1996 -3676 -309 2176 -2197
15668 -2404 -3648 -1757 2285 -3224
14632 -2444 -2616 -6323 3874 -2584
12728 -2676 -2044 -10958 4799 -533
13140 -4836 -1496 -10828 3783 581
13748 -6680 -1468 -6419 1587 -648
15080 -7124 -376 -3811 -884 -2397
15364 -6968 -544 -4059 -2410 -2440
15276 -6932 760 -4009 -4249 -1232
15340 -7152 1112 -2111 -5683 -1890
14856 -6668 1448 526 -5595 -1699
14896 -5808 1436 1360 -4733 -152
16192 -6116 500 1786 -4472 -337
16504 -5620 -588 1148 -3387 -732
20688 -5420 -3232 -212 -3636 -10
25872 -6508 -7164 1086 -627 -1211
23620 -3268 -7880 -529 819 1305
21080 -1628 -7396 -2246 485 2062
17168 -1060 -6564 -937 -2379 295
17464 -2036 -7016 1063 -2563 -336
16292 -1780 -6964 70 -39 289
14360 -1796 -5876 273 735 1526
13464 -1864 -5652 -443 1684 1818
13160 -4080 -4396 -1090 1591 860
13376 -5560 -2936 1549 427 1041
14376 -6232 -3120 3228 596 1999
15060 -6200 -2668 3490 1509 2876
16928 -7172 -3408 4178 2808 3140
17132 -6936 -3808 4315 4517 3262
16048 -6868 -3828 4741 4581 3385
16628 -7260 -3116 6671 3491 2173
16024 -6464 -2612 5901 3151 1785
14908 -6440 -1880 3446 3124 1685
14860 -7188 -980 2580 3502 2506
15628 -7400 -1600 2165 3835 2807
18412 -8300 -1380 1537 4242 2429
18760 -7512 -2740 1358 5339 3188
14572 -6180 -128 -4239 5226 2520
-628 -4360 7616 -5430 -137 1375
480 -9864 8104 1383 -10864 -1474
8680 -12960 1936 6946 -8167 -5390
17396 -11932 -6316 5636 -4970 1014
19876 -4980 -9332 6509 -5732 2236
22928 -3456 -10524 3639 -5362 -476
25044 -4380 -7496 2800 -5279 -2697
26140 -4344 -5040 554 -3029 -3239
24828 -3776 -2692 -655 -292 -2536
22036 -2692 -2700 -5273 5113 -731
17796 -3452 -1844 -7364 8614 789
14476 -4524 -2220 -5620 9591 -261
11728 -5556 -1956 -4379 8433 -1839
12612 -7520 -1000 -5904 5438 -3974
11444 -7244 -892 -5775 1839 -3727
9516 -7664 328 -3630 -3265 -4249
9020 -7384 1100 166 -8060 -5066
11548 -8136 556 962 -10941 -6480
12108 -7212 576 111 -11602 -4887
18280 -9748 596 1648 -13128 -4029
17388 -8548 -2568 5827 -10187 -2307
17852 -4988 -6016 6701 -5498 3872
18192 -3900 -6220 4168 -2259 3877
14808 -2964 -8068 1232 286 3219
12648 -3288 -9736 143 98 2214
9224 556 -12112 -4601 -3471 2839
16932 -5788 -14988 -8995 -6883 -2204
20916 -13236 -10940 3182 -11092 -8391
19828 -5664 -11512 10071 -9178 -6089
20212 -3944 -10432 296 -4196 -4741
17528 -4840 -10992 3524 -2134 -6453
16880 -2600 -8756 4730 -1395 -5122
15700 -2492 -7960 3477 607 -3838
15560 -3720 -8920 2228 2636 -4797
17912 -6484 -9388 3378 3136 -5212
16728 -3472 -9308 2425 4304 -2112
16616 -2688 -7792 3065 3821 738
15048 -988 -7324 5203 2710 1849
16024 -884 -8112 3606 3129 1884
16360 -2292 -8488 809 3901 1056
17140 -4344 -8940 571 3651 928
16216 -3968 -9020 -508 3559 2123
15832 -4460 -7780 -344 3292 2476
14388 -3912 -7024 -240 2987 3135
13704 -3780 -6508 -1780 3304 2932
12276 -3104 -5508 -3174 3508 2012
11772 -2264 -5604 -4078 3484 490
14280 -3688 -5084 -3055 1763 -1857
19084 -3000 -8020 -1249 -417 -4315
21612 -6332 -5092 662 -4286 -8147
15372 -2636 -2176 6195 -7188 -8498
13236 -380 -3168 4368 -5496 -5311
15356 -720 -6124 2897 -785 -3021
15812 724 -8696 -174 3151 -417
17376 1268 -10744 229 3530 1190
18336 2024 -10040 1766 1102 40
20088 2100 -9800 902 487 -1117
21224 1592 -8704 -1364 1897 -1539
20768 1020 -7948 -4219 2661 -1478
19168 280 -6356 -4814 2736 -1346
15992 588 -5040 -5224 3085 -564
14260 240 -4524 -5964 4553 1426
13272 -464 -3420 -6323 5711 3415
13804 -920 -3684 -6706 7050 5307
14304 -1928 -1456 -6933 7967 7102
14280 -4032 -1216 -6708 8376 8285
15380 -5832 696 -4496 7289 8640
15616 -6020 388 -3191 6430 9559
15060 -6552 1312 -1263 5717 10593
14384 -6528 984 -4500 6882 10932
11204 -8492 3524 -4753 5789 9193
9984 -9716 4556 -957 1306 5989
11460 -10564 3588 3235 -2291 2765
12248 -9540 3124 3510 -4491 1423
11856 -9640 2596 4071 -8102 317
11232 -9672 420 9390 -11562 -1355
13076 -8684 2544 11120 -11979 -1890
19672 -9484 -1668 9268 -9127 -1865
24548 -11016 -2708 6878 -4809 -2776
22040 -8808 -3708 5265 -2295 1710
21768 -7160 -1840 1177 -1710 2310
16556 -5224 -2672 -851 -958 1425
16304 -4928 -3892 -3224 -340 148
17056 -6316 -5220 -4994 707 -2053
16880 -7164 -5480 -4348 833 -2760
16272 -7784 -2936 -1181 -953 -2369
13792 -5600 -2276 260 -1684 -1263
10996 -5408 -860 -711 -1710 -493
11904 -6984 -336 834 -1473 -1348
11780 -7464 -1504 2191 -370 -1421
13264 -8052 -1392 3095 104 -2150
14148 -8888 -1740 5051 418 -2273
15164 -8372 -2808 7370 1510 -1544
16008 -8096 -2796 5110 1467 -923
16788 -8396 -2144 5284 814 -155
17556 -7824 -2024 5775 1044 1991
16980 -5900 -2304 3768 2017 4591
14588 -4608 -2476 1769 1946 3971
13160 -5184 -2084 1151 -103 1521
13080 -6000 -1496 1561 -2353 -1394
14564 -7996 196 2506 -4155 -2612
14752 -6992 1984 5078 -5230 -2543
13840 -4608 440 2060 -3175 613
14080 -6308 844 -4508 -4689 -557
14580 -8132 -960 63 -7665 -2747
18692 -7672 -4848 2566 -7087 -2025
21724 -7872 -7296 -3091 -1968 -1766
23460 -8020 -7048 -6199 660 161
23340 -7848 -7084 -5296 364 513
20924 -5816 -4632 -1007 -798 748
18500 -2924 -4004 113 -2079 316
18508 -5228 -3932 3076 -2455 -1794
19776 -3004 -6692 1518 3474 -1313
16304 -2220 -7356 -6016 11546 829
13872 -1624 -6204 -10483 13962 2788
12100 -2732 -4828 -8368 12601 1752
12384 -3152 -3292 -5206 10977 999
12604 -4044 -2976 -5481 9706 690
11748 -4868 -2236 -6985 7864 113
9644 -4612 -2120 -7860 4884 -927
10900 -6340 -2476 -8295 855 -3363
13064 -8188 -792 -5780 -3892 -6647
15200 -8780 -672 -3816 -6939 -7243
16528 -9232 920 -3195 -8210 -5970
16304 -8652 1592 -2279 -8928 -3770
14936 -7500 2244 971 -9381 -1345
15840 -6400 2160 4446 -9098 -326
16660 -4588 -1472 2019 -5030 -113
17716 -3544 -2160 -3949 -3075 513
22612 -7524 -6656 1204 -1645 -3828
19884 -2280 -6864 5764 -2527 -2048
23772 -1176 -11276 -691 302 -603
22372 -1760 -11144 -4770 1495 -2689
19144 -1204 -8568 -3622 -1853 -3526
17140 -1120 -6224 -558 -4953 -4761
16632 -828 -7292 718 -4622 -3979
16388 -1792 -7880 -276 -1473 -3456
15448 -2404 -8628 -1960 1707 -2021
13996 -2704 -7924 -3265 2845 204
13676 -3500 -6412 -1390 1972 2030
13932 -3744 -5532 1382 1964 3522
14148 -4756 -3728 3316 1810 4946
13536 -2132 -3388 3751 2500 5894
14220 -4632 -2924 5629 2510 4068
16880 -5460 -4036 9720 3006 2934
16876 -5696 -4472 8865 4678 3055
16888 -6284 -4504 8052 5587 4266
17136 -6768 -4836 7932 5868 4644
16400 -6740 -4800 6953 5781 5251
15660 -7096 -3624 6519 4790 5408
15348 -7188 -3292 6523 3709 5271
14388 -6604 -2440 4714 2663 5088
13680 -6668 -1936 2195 1762 4297
12672 -6616 -1752 1243 -253 2631
12584 -6444 -1076 2276 -3419 157
15960 -7968 752 6772 -6595 -2990
17312 -5564 -2544 5008 -5647 -3679
24436 -8132 -3528 -1922 -4775 -5341
23164 -9976 -892 -3803 -3350 -6678
21524 -6820 -3384 -3310 -4984 -4681
16924 -5940 -2296 -5504 -4442 -4661
16832 -4384 -3500 -3778 -4473 -2422
16704 -3532 -4228 -3925 -1063 -1341
15664 -2212 -3812 -5437 2105 -315
14904 -2348 -3760 -5107 3963 -340
14748 -2076 -4320 -4314 5226 -317
14704 -912 -4344 -4814 6339 318
14720 -1340 -4428 -5843 6924 315
14732 -2300 -3488 -5862 6618 -468
15408 -5212 -1648 -4661 4793 -1633
15716 -4748 -204 -2588 1103 -1759
17152 -6400 -92 -1477 -931 -1678
16364 -5300 -356 -191 -1498 -492
15600 -5040 432 -2087 -1430 309
14080 -5280 476 -124 -2364 558
13344 -4344 1368 4118 -4062 590
12404 -2848 560 4384 -3051 433
13000 -3068 -500 2015 -1270 473
15916 -4972 -1168 982 -1119 -617
17656 -5800 -1612 973 -1627 -1647
19152 -5304 -1852 1072 -3566 133
22884 -5536 -3460 2004 -1786 -121
21768 -5524 -4144 -1789 -822 2413
27532 -7676 -5148 -1473 -634 1248
17268 -3532 -4584 -2507 -1198 2187
17780 -2880 -6432 -646 -2143 2178
17936 -2820 -9004 1106 -555 608
17256 -1692 -8384 207 122 1765
14544 -1936 -6908 -1531 -1350 523
12864 -3740 -5204 1668 -4083 -1543
13712 -5396 -3848 5789 -4882 -1745
14512 -6128 -2764 4495 -2253 -452
14384 -6688 -2024 1317 419 1570
15376 -7476 -2716 1307 2052 2995
13968 -5864 -3624 606 2658 4542
13236 -4864 -5040 456 369 3931
13608 -3384 -8368 2903 -3351 246
16628 -2420 -9316 9604 315 1459
17332 -156 -6540 -501 4473 2528
16432 -4272 -7392 -9135 2821 798
15432 -7872 -6088 -4344 1456 -1428
14668 -7816 -5012 -187 -369 -2389
15652 -7716 -4360 -355 -556 -2549
14824 -7860 -4372 -4724 1386 -1874
13724 -8016 -3084 -7267 1976 -900
13108 -8996 -1624 -4311 1885 -605
14504 -7592 -500 -1087 1447 -1046
20764 -9956 -2960 -1683 3223 -1134
19316 -9880 -1380 516 2893 -3905
17028 -9912 164 2613 1743 -431
15100 -5340 -380 6040 -619 6102
18264 -5164 -4572 9038 113 5839
21840 -5432 -5692 7203 3009 3438
20604 -5968 -5368 1961 5572 3705
17248 -5736 -2540 1550 5358 6449
15952 -4896 -1028 5162 5778 7000
15424 -4476 -8 3753 8120 6365
15084 -5308 -824 -724 10629 6092
13904 -6476 136 -840 11395 6078
12324 -8252 312 -2355 10471 5674
10552 -10580 1956 -6128 9906 8231
10300 -10864 1504 -4189 9201 7266
9304 -11396 1956 -5859 9284 6338
9204 -14176 2116 -5112 7240 7412
7568 -13136 3420 -3656 5214 8690
5904 -14088 2388 -4930 3797 7481
3820 -14260 3700 -2019 1517 6858
2000 -12380 3320 36 -1281 4486
916 -10536 3256 -334 -2955 990
972 -12860 3816 1608 -4876 -1622
1716 -12684 3912 4084 -7294 -3335
3344 -13536 4020 3725 -9277 -3543
6212 -13220 2080 3463 -10518 -3597
10528 -17108 2972 4420 -10950 -4458
11588 -14640 2836 3997 -10015 -2348
14424 -17092 1184 4385 -9999 -2654
17000 -15848 160 5162 -7568 -5379
15932 -13920 -984 -665 -4725 -5622
14756 -16476 -444 227 -3043 -3990
10552 -12056 1064 -3236 -525 778
8096 -11276 1152 -2574 -775 2783
7148 -10320 1396 1398 -2393 2275
6544 -9056 716 3055 -3629 1377
5856 -7780 452 2099 -5027 451
8016 -10832 344 3877 -7387 -2726
11668 -13684 -44 4728 -8536 -4388
13424 -13528 -824 3783 -6976 -4112
15164 -14136 -868 4464 -5492 -4741
15348 -13076 -172 6215 -4072 -4080
14564 -12196 -612 5471 -1176 -2715
13980 -11044 480 3803 1178 -1648
12408 -10160 -120 558 3325 -943
12556 -10380 68 -1579 4189 -1416
10720 -9700 316 -3108 3158 -1730
9428 -9356 1056 -4936 -350 -1334
13768 -11024 -32 -4681 -4291 -2310
16420 -10572 -3152 -3316 -3763 -3131
19052 -12948 -180 -3120 -5531 -6820
16516 -10528 644 580 -8309 -2555
17636 -9896 -1884 1059 -6789 -2772
18200 -10256 -2504 -1071 -1929 -2891
18232 -9188 -4864 -1814 3345 -1192
17672 -7344 -5632 -3164 6011 -61
16840 -6140 -4064 -2843 5269 1284
15604 -5348 -3812 -1009 5131 1590
13476 -3728 -3880 191 6552 864
12744 -4164 -3188 -2342 7915 -74
12172 -5096 -2696 -2617 8178 -1504
13992 -6344 -1864 -543 8783 -2195
14264 -6752 -1916 -1962 11775 -3223
13492 -6320 1732 -4884 11304 -2146
12844 -8664 2904 -4304 9173 -1520
11664 -8536 4288 -2478 6818 -2302
12012 -8840 4920 -2430 4187 -1558
11728 -8968 4244 -2254 3231 -295
11144 -8520 3972 -2520 2970 837
10648 -8532 3824 -2450 2299 626
11044 -8812 4216 -1677 833 268
10576 -8744 4604 -2045 -551 866
10072 -9164 5016 -2292 -2227 545
9180 -9236 5348 -2275 -4446 828
9776 -10144 4164 -561 -6515 1831
12656 -10208 3740 2641 -8689 4115
17204 -11168 1572 4316 -7119 2573
16160 -10908 1768 -378 -4492 2092
19972 -15244 444 746 -5257 170
21008 -14512 -796 711 -5199 878
20484 -13360 -2132 -625 -5180 2090
17700 -11216 -2852 -595 -3347 2234
14832 -8248 -3352 -1604 -1747 2737
13000 -7920 -3312 -1586 -1014 1973
11308 -7780 -2412 1659 -1179 1380
10072 -7776 -1368 3490 -979 899
9836 -8740 -768 4637 -808 264
10404 -9564 -424 5750 -427 -440
11032 -10208 -732 5876 -836 -662
12708 -11048 -1064 4885 -1657 -676
14476 -10980 -1492 3646 -644 -1366
13532 -10828 -2044 1951 986 -1259
13552 -10392 -2528 78 1326 -335
12920 -10268 -2768 -110 1707 213
12820 -8704 -1972 -1399 1285 -397
12528 -10268 -2252 -976 797 -1804
12752 -9784 2360 620 1415 -2597
11432 -9568 1732 -3629 1822 -2820
13204 -11764 1656 -4529 2028 -4715
15428 -13964 1876 -2023 -678 -5477
16308 -11544 1680 2487 -2850 -2311
20216 -12560 1324 2001 -3373 -4016
21960 -11228 104 491 -1329 -5153
22348 -10356 -2548 -2216 2372 -2681
17436 -7052 2392 2573 6254 1083
12680 -4256 2956 -165 5569 2019
11160 -3220 1000 853 5390 1818
11360 -2920 -1076 -802 6565 1875
12108 -3784 -1724 -1712 8154 2070
13500 -5264 -1996 3 9851 1685
13868 -6632 -784 -1242 10493 982
11916 -7800 1140 -1067 7866 408
11668 -8468 3044 906 3581 -589
10460 -8028 4676 1701 -519 -1111
10004 -8020 5892 1769 -3562 -2038
10144 -8276 6660 1146 -4735 -2441
10884 -9424 6900 1218 -4796 -1937
10948 -9272 6776 1876 -4778 -102
11256 -9188 6760 2818 -4652 1061
11564 -8852 6404 2591 -4379 1433
12620 -9432 5616 1624 -5048 2260
15520 -10564 5036 4554 -7353 2951
17260 -11136 4552 6871 -7685 2415
16532 -10916 3832 2379 -6899 3807
19128 -11856 -300 -2086 -6936 3029
17672 -9712 -3956 -3304 -5382 2643
14652 -7380 -4768 -2884 -5906 3743
15340 -7848 -4768 -160 -5377 2013
15132 -7712 -3940 3837 -4545 1369
13608 -6496 -4424 4871 -1421 2684
11792 -5880 -4724 2778 1743 3633
11028 -7008 -3288 1294 961 3316
13520 -10632 -1396 3627 -771 -8
13644 -10924 -660 5641 729 -1436
12396 -9816 -524 2412 2241 338
11368 -10660 -1148 -495 2831 651
11176 -12116 -1908 1307 874 -530
12260 -12128 -1232 2706 -458 -1995
13988 -11892 -956 1000 -910 -1225
14068 -11204 -1360 267 -1026 769
14220 -10696 -732 1513 -2186 1251
14600 -10116 -280 2738 -2630 777
15252 -9852 -200 2707 -1594 86
15784 -9968 180 1880 431 -931
15880 -9848 1560 1254 1725 -2327
15108 -9808 2512 2952 3377 -2998
14728 -8168 976 1033 6855 -2580
14876 -8680 1144 -3710 8864 -4586
13128 -10564 1088 -5063 6626 -6419
13564 -12000 2932 -26 1937 -5355
14400 -9656 3260 3661 1503 -3179
12792 -6804 2380 -1447 5105 -229
11920 -8136 2096 -3473 6273 868
11264 -8196 2556 -500 4087 1797
11704 -7876 2684 2898 1489 1869
13096 -7368 3828 4735 522 1324
15204 -7368 4388 3467 1302 884
15612 -7328 6320 1692 4305 1332
15620 -6144 6216 -1633 8472 4133
15216 -6468 6996 -1871 8787 1733
14028 -6788 7460 119 6732 -736
12444 -5924 8364 2895 4704 -2279
11668 -6016 7216 2485 4329 -4403
10816 -7560 6316 1380 4565 -5619
8656 -8712 5924 -1220 3071 -3874
7472 -9708 6004 -244 386 -1813
7468 -9800 5808 1793 -1967 -369
8108 -9664 5708 1060 -3442 2509
9136 -9936 5624 822 -4921 4406
10372 -10020 6204 2960 -6765 5036
10508 -8220 6808 4678 -8155 5462
11784 -7700 6084 4810 -7781 4624
13604 -6644 5828 2099 -6602 4144
14708 -8108 5476 956 -6212 2614
15724 -8504 6128 4806 -6555 1079
16080 -7352 5832 5193 -4591 772
14992 -6508 5484 1123 -1961 1359
14064 -7516 5088 96 -1288 260
13532 -7412 4580 728 -1611 -828
13132 -7460 4236 -231 -1717 -1223
13356 -7416 3868 -1587 -1734 -1865
13420 -8120 3436 -2276 -1782 -2625
13740 -8184 3552 -1950 -1936 -2651
14136 -8620 3468 -1610 -2070 -2405
14360 -8564 3452 -373 -2032 -1916
14456 -8224 3580 -398 -1757 -1290
14452 -8080 3092 -410 -1392 -941
14396 -7968 3100 -413 -1204 -592
14508 -7904 2700 -15 -990 -464
14568 -7840 2616 111 -812 -335
14788 -7836 2468 442 -741 3
14576 -7508 2348 679 -668 210
14976 -7428 2320 464 -355 -11
15424 -7516 1816 22 74 -16
15192 -7352 1816 -276 253 326
14808 -7172 1692 17 179 299
14620 -6968 1752 141 153 -28
14316 -7068 1948 77 -284 -216
14776 -7248 2148 341 -466 -786
14848 -7528 2136 -79 -157 -697
15032 -7872 1924 -187 -198 -629
14680 -7644 2340 24 -74 -106
14540 -7556 2164 4 119 223
14632 -7564 2076 127 79 11
14728 -7652 2152 317 222 229
14948 -7620 2368 -64 476 380
14820 -7492 2096 542 123 326
14620 -7304 2052 632 -66 266
14800 -7496 1756 540 -50 46
14804 -7588 1980 411 186 127
14672 -7560 1796 676 166 203
14740 -7656 1872 505 -43 19
14908 -7776 1972 627 -244 151
