14012 -10944 1188 714 1090 -1812
13340 -10120 808 1939 -91 -276
13968 -9988 448 3212 -1197 772
14792 -9440 -284 3787 -907 2153
15260 -9536 -428 3785 -338 3630
15532 -9000 -472 4244 -608 4325
15256 -8372 -92 5300 -916 4719
14572 -7356 112 5552 -1034 4771
14492 -7196 520 5061 -1505 2889
14356 -6936 436 2908 -1117 434
14592 -7620 800 641 -521 -1520
15024 -8092 480 -26 533 -2630
15284 -7720 392 -114 1487 -2571
14864 -8724 184 -1928 1812 -3000
15596 -9604 592 -653 2619 -2495
17180 -8772 512 -612 2561 -2531
15760 -7676 1220 -4352 4383 -1788
15000 -8484 1536 -3906 3775 -1127
15160 -7696 2060 -506 2720 -902
14068 -6856 2156 -128 2231 -235
13808 -6720 2444 178 1052 -283
13848 -6404 2640 1271 427 54
13476 -6072 2728 1361 145 214
13084 -6076 3000 549 -475 115
13180 -6408 2912 1612 -1328 -185
13992 -6636 2596 1789 -1470 -353
14808 -7196 2256 318 -1706 154
13280 -7000 1684 -552 -2049 929
14700 -7816 1772 939 -3772 619
16768 -8216 732 3872 -3173 -467
16432 -7604 576 -1187 -896 -727
15692 -8112 1344 -2417 -834 166
16008 -8444 1096 2655 -1303 545
15736 -7164 1560 3338 -693 509
15628 -7292 1488 1735 245 762
15552 -7056 1432 2606 637 768
14868 -6796 1284 2545 1070 720
14716 -6796 976 2164 1140 646
14824 -6788 768 1813 1461 424
14368 -6608 780 1025 1340 85
14668 -6856 1080 524 755 -475
14800 -7100 1436 61 271 -942
15100 -7248 1728 -348 -23 -1024
14924 -7308 2064 -64 -565 -1135
14652 -7252 2336 445 -919 -1021
14840 -7272 2240 648 -739 -1044
14932 -7424 1964 406 -291 -676
15088 -7380 1672 449 -384 -167
15080 -6964 1716 290 -376 113
15008 -6980 1788 122 -306 262
15180 -6812 1816 392 -548 17
15096 -6924 1928 363 -805 -224
15104 -6984 1868 698 -868 -401
15284 -7128 1960 715 -459 -230
15164 -7280 1776 606 57 231
15268 -7280 1468 878 121 371
15028 -7100 1472 554 207 546
15120 -7216 1284 722 146 540
15232 -7124 1204 576 31 609
15292 -7028 1420 206 150 475
15236 -6892 1340 140 178 468
15100 -6772 1704 375 -25 555
15032 -6660 1720 189 -178 244
14868 -6704 1652 207 -561 -120
14932 -6888 1712 9 -725 -425
14684 -6924 1608 10 -888 -541
14616 -7200 1552 -187 -999 -373
14700 -7604 1308 -519 -1022 -320
13884 -7832 1364 -158 -1564 -79
12508 -7816 1404 1287 -2530 226
14516 -8988 1796 4126 -3856 -1164
17596 -9744 896 6210 -3271 -3277
17012 -8968 672 561 -1067 -2178
14868 -8944 1652 -41 -527 1101
14512 -7908 1760 3978 72 3089
14720 -6868 512 2087 3580 2716
13832 -6532 612 -2520 6412 2888
12832 -6852 -116 -2311 7132 2397
10280 -5192 1240 -1070 5656 1224
13224 -6068 1328 1353 2883 -1514
21080 -9084 -1548 1960 2158 -7416
19580 -10084 5376 -2980 -4729 -5096
17600 -8480 3988 8142 -6172 -4235
13644 -3580 2716 2189 -949 -691
12844 -5532 1764 -2959 305 -725
13828 -6524 2124 1339 -1864 -1113
15424 -5780 1744 4622 -4358 -1683
16508 -5596 656 4095 -3937 -2198
16224 -5944 -660 2677 -2657 -969
18444 -5960 380 3289 -2331 1150
18448 -3356 -1176 2865 -641 2683
19376 -2068 -980 178 2923 1725
17424 -1596 -1748 -1314 6531 -434
16468 -1448 56 -391 9152 -333
15836 -3512 2088 -4318 8593 -1737
13984 -4520 3328 -7601 7909 -1400
11592 -6388 2984 -7180 5875 -1295
10536 -7348 2572 -5399 3056 -1068
9948 -7584 2816 -3177 235 -1074
9456 -7660 3280 -1502 -3027 -1097
10160 -7368 3720 -810 -5050 -585
9120 -6416 4000 -643 -4888 1025
9768 -5928 3836 -1218 -3998 2228
13512 -6908 3164 -1520 -4040 2051
21088 -9120 1380 -3156 -5452 221
32767 -16520 368 1880 -5888 -6299
22620 -7824 812 2511 91 -581
17380 -2788 2060 946 498 6669
7872 320 1472 790 -587 4213
10156 -1592 -3852 335 -506 2322
16576 -3128 -4852 10 -103 -331
19500 -6336 -5168 -3994 3250 202
18416 -7512 -3204 -1592 2270 461
17652 -7336 -1648 -1243 -931 -204
17096 -8060 -568 1313 -2623 -926
15800 -6436 872 2499 -1073 1472
14608 -8984 1904 -199 1083 2704
13948 -10440 1084 -344 1798 1903
13468 -10868 1116 772 2551 1009
13068 -9752 1380 2199 1731 1070
12812 -9412 428 3505 -24 592
13900 -9024 700 4329 -1476 425
14472 -8568 432 5594 -2308 -163
14648 -8100 680 4790 -2585 -626
14932 -7220 896 3930 -2171 -1792
14044 -7248 228 1003 -960 -2367
13928 -6944 436 -177 -377 -2627
12592 -6572 860 -1981 -550 -2016
13772 -7448 2768 -33 -1157 -1881
16936 -7888 1592 -3046 2994 -2524
19052 -8520 -2808 -19066 10069 -4427
13700 -11108 756 -16855 2465 -4289
15624 -8888 436 6540 -7676 -4870
16016 -3716 2076 5576 -6843 -3043
18268 -4004 -268 3366 -6662 -3192
20648 -2256 -3424 4852 -6020 -6206
21420 -1356 -3764 354 -1641 -5175
21500 -2384 -3320 -3125 2630 -2771
17192 -1520 -772 -258 2031 -946
15856 -1428 -464 514 3037 -168
14824 -2548 -420 -189 4453 468
13540 -3812 -404 -322 5845 2117
12488 -3312 192 275 5478 3200
12908 -4308 236 941 5081 3130
13212 -5224 652 1499 3278 3089
12840 -6692 1588 3134 565 2700
13048 -6144 1232 3030 -1275 2812
13160 -6036 1148 2043 -1546 4333
11528 -4252 480 -561 871 4894
8572 -3504 2376 -3864 -221 4268
8880 -4180 2832 -846 -3914 2867
13596 -6208 2340 1495 -6153 1104
26784 -11004 596 -314 -9246 -961
25800 -13628 -1856 6284 -5071 -6217
21788 -4332 -2084 -2013 -26 3363
19184 -4384 -3068 -6026 3853 1739
20388 -6280 -4700 -5510 7142 -1534
17624 -4988 -3920 -8830 7227 -246
13824 -4988 -2704 -5979 2272 -616
14476 -5120 -1808 2078 -3384 -3966
14772 -5096 -1304 755 -4986 -4966
15260 -6140 -1660 -1241 -4116 -4251
15116 -7180 -1916 -2125 -3211 -3456
15444 -6900 -2380 -316 -2817 -1903
15916 -7488 -1872 1688 -3431 -159
16020 -6560 -2104 4439 -2880 1011
16208 -5228 -2464 3229 -1082 1422
16260 -5972 -3064 2624 651 920
16216 -6272 -3140 3152 512 666
15992 -6452 -3108 3997 -295 264
15532 -5276 -3400 3727 -569 94
15496 -6040 -3364 2380 -679 -294
16148 -6312 -4236 2603 -612 -948
16116 -5964 -4484 2448 -927 -1187
16328 -5940 -4172 1563 -1286 -1494
15936 -5316 -3508 314 -1055 -2098
16212 -5592 -2896 -42 -897 -2751
16632 -5372 -2236 -1008 19 -3544
19044 -5836 -2792 -3912 1971 -4000
16084 -5856 -2780 -7011 2451 -4410
17856 -6408 -356 3703 -6542 -5166
17992 -744 -1360 3589 -4925 -5094
23488 -5480 -4496 -1949 -1416 -6849
24912 -3216 -4868 5685 -1832 -6987
18868 1904 -4836 3223 -1127 -5437
16660 3996 -5896 2642 983 -3871
14708 3036 -6104 -834 3288 -3090
13344 2744 -5376 -3769 5430 -301
13336 1580 -4944 -6355 6130 1007
12344 1516 -3592 -5321 5175 3162
13840 -1828 -3152 -4018 3726 3507
15120 -1632 -2844 -4327 2986 4420
16356 -2808 -940 -2386 1328 3233
16296 -2860 1664 873 215 3042
17076 -2352 984 1725 564 3654
18316 -1712 1876 9195 1609 3830
11232 2348 620 2757 425 3736
14120 -948 84 4318 -3048 657
13816 992 696 5131 -3129 -1578
15536 4008 -340 -3145 674 -3962
21976 -256 -3916 -9305 -976 -8133
27424 -6008 -5728 -1981 1182 -9548
19008 1412 -4792 -8940 4744 -2338
16396 -1092 -3360 -9836 7139 -5205
15976 -1008 -2848 -5977 4159 -762
12396 -1100 44 -4414 3015 1543
15616 -2900 -300 -2608 1394 1974
16632 -3688 592 -763 2752 2600
15996 -2628 1212 829 1084 4889
16800 -2388 1796 694 445 5152
15384 -2116 1220 9 1026 4808
14776 -3372 348 -281 -369 4442
15980 -4320 232 1854 -2463 4171
16292 -5124 -380 3272 -4637 4398
17716 -5400 -412 4652 -4779 4351
18312 -5632 -556 4489 -3647 5462
19472 -5768 -768 4471 -3239 5420
17224 -4352 -320 5203 -3583 3385
16172 -3852 -148 4915 -4000 1347
14916 -2276 204 3249 -4709 -1095
15256 -2172 680 4875 -2140 -4977
16600 -3876 -284 -1332 1142 -5481
18472 -6104 -428 -910 444 -4990
18760 -5760 -264 4179 -2118 -3962
18452 -3644 -644 4533 -497 -4158
19756 -2804 -1400 -3150 2260 -2794
13960 -2348 -1036 -2245 -691 -3116
18856 -1764 -1444 8375 -5859 -2228
15372 2832 -2844 -1457 -338 -286
12360 -136 -2132 -5027 -1314 273
16624 -3280 -2184 5244 -5853 -1645
21352 -2676 -3608 6046 -4935 -841
23796 -2816 -5472 1310 466 564
21316 -1888 -3024 45 1754 918
17760 1504 -2716 421 2252 1357
15260 2116 -2496 -325 3812 1111
15476 696 -2628 -2588 4634 1121
16260 -1136 -2164 -2468 5285 1528
15412 -1352 -2112 -4522 5903 2665
14828 -2048 -1276 -4011 5621 3715
14884 -1828 -432 -1932 4134 3662
15356 -2744 -592 -1801 3136 2268
13964 -3344 840 -2122 1509 1240
11944 -2884 1732 -983 -446 1334
10304 -2700 2136 -1623 -1254 730
10056 -3136 2416 -1021 -2650 -439
9820 -4480 2408 964 -5476 -2075
14376 -5488 1616 4432 -8700 -3024
32767 -15376 -2740 6962 -15396 -4471
25848 -3368 -6160 6547 -4591 -1485
24636 -1688 -5732 -4809 5044 7417
14464 -548 -3520 -8302 5032 3270
14976 -3260 -2032 -2565 306 1803
14120 -1492 -2552 -2846 951 3114
16016 -4048 -2128 -5163 2500 3006
16612 -4968 -3176 -7922 5574 3659
15372 -5900 -1528 -6408 5040 3611
17512 -6828 -1384 -2318 3972 2401
15540 -5668 -1464 -4388 5302 1258
15032 -6348 -616 -5134 3705 2155
15780 -6644 -1124 -788 1791 1052
17708 -3472 -2944 -2347 2997 1444
17360 -636 -7900 -15174 7742 1758
16824 -7872 -4356 -9617 3159 -5827
16208 -8616 -2204 -3963 -527 -8935
14692 -8340 968 -8813 585 -5603
13016 -8880 1236 -8594 2493 -2779
9340 -6968 -2336 -6154 5889 93
6340 -4896 1108 -1132 4943 1712
5760 -3916 224 -2108 4071 2555
12660 -5608 -420 -651 5575 1117
18016 -5380 48 -2911 7593 -117
30092 -11216 -4448 -4783 4446 -5000
29216 -8900 5680 -215 -6810 -5447
19688 -2708 4176 3388 -3208 -3289
14948 -2060 2980 -12603 -71 -4436
16700 -4128 1592 -9478 -1496 -4115
20964 -4736 1496 -571 2294 -885
17316 -2068 1052 -2985 3898 -2569
17952 -3308 1736 -3115 644 -2221
15460 -1732 1008 2628 -1179 -2867
14716 -808 -1052 1699 -322 -430
18264 -2360 -1964 -1813 2946 569
18212 -3656 -1368 -6170 4610 1350
17204 -4704 808 -4621 3238 2766
14048 -3892 2160 -797 2973 2393
11824 -3072 3492 -1756 3848 2228
9280 -2940 2616 -4961 5519 1699
8608 -4220 3172 -4514 4277 295
7048 -4156 2924 -2753 2370 -905
7648 -3864 1916 -3598 1946 -3144
9904 -2696 3448 -2248 -219 -4387
23468 2568 3928 4758 -1483 -10259
28508 316 2468 -287 1913 -14578
32767 -4232 -1288 -2280 3196 -11379
20728 2768 5596 -5294 831 -7509
22580 2592 1016 -7180 5100 -6266
16052 -616 2036 -12628 4840 -5500
15548 -2328 708 -9010 1634 -3949
13764 -1744 2484 -226 -560 -1054
15460 -2196 2144 5123 -2287 -675
15548 -1340 4032 4921 -3775 -2
15128 628 3744 8292 -5502 773
16688 3084 2304 9427 -4888 260
16348 3852 456 2592 -1752 -870
17096 3012 -1396 -2767 82 -453
16460 2156 -884 -4891 897 1223
15772 2264 -336 -6753 1801 1690
15988 1076 896 -8757 2625 2726
15752 -236 1880 -8492 3601 3059
15832 -732 3132 -7706 3963 3936
17176 -1924 2960 -6670 4433 3762
16312 -1680 3876 -7342 4617 3374
17064 -2612 3948 -5739 4624 2784
17552 -3232 4112 -6465 5666 2782
16492 -4564 3584 -6443 5350 2437
14888 -6080 3244 -4662 1925 1440
12016 -5704 3392 -805 -2883 -234
12400 -6008 3728 502 -3493 -2610
10420 -4528 3540 -3512 1892 -1550
9280 -4368 1680 -7747 8337 33
8452 -4416 3140 -6649 9229 1639
9328 -5452 3904 -4184 8794 1303
11164 -6024 7860 -2161 7957 -928
13796 -6044 10508 61 7835 -2210
20160 -10304 7432 672 2799 -12276
25652 -6444 21992 1737 -8730 -10341
21736 -4008 13468 7257 -6657 -5316
16460 -964 9984 -4809 403 -3763
13444 -692 8112 -3033 705 -1919
12484 -580 6752 2669 624 -1008
11768 -272 5956 1497 1074 -16
12076 -1792 5104 1576 537 986
12316 -2228 5120 3471 -1425 1946
13368 -2236 5944 3136 -2687 2199
12620 -2436 4680 1434 -2239 2892
10772 -2140 6512 4882 -3882 3067
14240 -2452 7816 4052 -3969 4554
18552 -2440 6740 4176 -21 4996
16548 -1968 6048 -47 3469 5200
15164 -2564 6148 -2263 4168 5367
12296 -2336 5600 -1738 3391 4311
11492 -2988 5708 -2677 2478 3546
10296 -4248 7092 -3073 1837 2092
8520 -4556 7108 -4611 1245 1863
7972 -5356 6780 -3987 -536 949
8524 -5900 7088 -3193 -2247 -56
12772 -7852 6328 -4387 -4190 -2177
21932 -10908 5496 -1643 -7896 -4040
20428 -9296 4720 -3325 -8644 -1103
20516 -7580 2992 -286 -8342 -1719
16408 -6172 3156 -4561 -4578 -737
16632 -5320 1848 -1123 -2394 -972
14288 -3876 1648 -2294 58 -837
15640 -4856 424 -2708 -931 -3039
16044 -5792 276 -4268 -1559 -3087
16276 -7772 -140 -5116 -1955 -2034
17628 -11468 1552 -1566 -88 1554
13984 -9080 1064 -1546 606 4840
13580 -6216 596 862 -1446 5353
14228 -6092 12 1755 -1108 4243
14152 -6212 -96 756 -112 3407
14264 -8636 116 1998 -464 2243
15024 -8124 640 2756 -140 1831
15388 -8380 564 1980 590 1387
14548 -8640 396 1730 1149 1150
14708 -8524 412 2332 790 554
14980 -7936 388 2615 -80 -821
14900 -7932 472 1992 -764 -2118
14808 -7648 856 1996 -578 -2731
13992 -7392 900 255 763 -2781
12804 -7528 1088 -1355 1829 -2949
11512 -7748 1912 -1222 975 -2853
12784 -7872 2856 956 -987 -2033
21316 -11672 1420 2223 -3601 -6893
15704 -8732 3464 978 -5523 -6858
15888 -7680 4564 6128 -10448 2432
17596 -4084 -916 11396 -5124 -12
15560 -2920 -972 -400 2898 -421
16628 -4928 -1204 -3163 4181 1540
15844 -5640 -744 4905 1607 1108
17976 -4424 -188 7761 299 1370
16384 -3668 -548 4856 1814 681
16748 -4884 -1268 3265 3164 54
16972 -6004 -1652 1604 4697 -406
15796 -6404 -160 106 3812 389
15044 -6824 1256 1406 1495 583
14676 -6212 2800 3380 -471 627
14472 -5860 3320 4118 -1467 1006
14120 -5572 3692 4714 -1386 1201
13224 -4932 3456 3412 -662 1389
12652 -5340 3404 1175 -867 622
13208 -6108 3376 885 -2098 -325
13524 -6404 4192 1101 -3455 -1024
12608 -6100 2704 -455 -4860 -485
13004 -6044 2004 1367 -5712 -329
14172 -6280 1792 1445 -5522 -379
16124 -7480 1404 995 -5212 -592
17760 -5552 332 -1891 -6114 -50
23528 -8664 420 -1225 -6737 -3177
20204 -3368 -4152 -2280 1359 435
20288 -3508 -2672 -6883 5268 3454
17112 -2932 -2772 -5374 2582 1488
16208 -3712 -2476 -598 -1312 -1354
14080 -2764 -2432 -1822 -4605 -3335
18036 -6428 -2120 -1013 -6753 -5309
17612 -6116 -2376 1440 -6536 -4872
16704 -5764 -2568 3266 -4654 -2354
16136 -5596 -2784 4351 -3278 -195
15940 -6628 -3568 6460 -1166 1168
16828 -6884 -5024 15336 -2634 1593
15728 -4224 -4436 12880 -3438 1496
16428 -3200 -6152 8128 -2185 1664
17236 -2060 -7160 1833 1762 1306
16744 -3200 -6940 -4048 4601 1080
16148 -3352 -6008 -4653 4764 918
14308 -3068 -4536 -4462 5003 790
13236 -3292 -3332 -7972 9403 1152
12956 -4964 -2940 -11764 14472 2828
13428 -6964 -2944 -12032 18443 4834
13080 -7700 -2144 -10540 19239 4686
11308 -8060 704 -7862 18985 3859
10544 -8580 1928 -5258 19685 3817
11076 -9112 6400 -1235 20222 3830
18972 -18388 5932 -5619 11911 -3962
15084 -15664 19504 -9222 652 -431
11508 -13960 13696 -646 -4797 -1476
8376 -11468 10604 -6421 -3800 -2347
9908 -14252 5712 3722 -7090 -3296
13480 -9188 4492 15023 -9371 -4175
13904 -5368 4516 16447 -8530 -3974
14084 -4196 4000 14317 -7595 -5727
13872 -2732 3840 11138 -7674 -5719
13872 -4756 2420 3805 -6926 -5212
12628 -7108 3592 3460 -7305 -6096
11920 -6448 3624 4348 -7825 -3634
13476 -6664 4276 7688 -8113 2038
17644 -7060 2904 10834 -5875 7147
17324 -5884 440 9590 -1780 10460
16244 -5680 92 6537 304 11153
15352 -4300 -796 4567 -298 9948
15012 -3496 -196 -7658 -790 8412
14156 -7036 956 -8208 -5226 4325
12052 -7012 204 -385 -6199 -262
8368 -4020 488 180 -6734 -677
10484 -5460 -284 2126 -7492 -4123
12860 -5860 -1484 2623 -5334 -5712
18928 -5044 -3136 1141 -10607 -6196
32767 -11044 -9668 1826 -584 -16368
20208 -4396 -1368 1161 440 -9648
19796 -3576 -1852 4444 -6105 -5794
17364 -1592 -2428 5719 -3815 -4796
16328 -388 -3436 5085 1937 -1939
14688 -816 -3768 5185 3380 -750
17072 424 -6488 2485 5525 355
17452 -1908 -5656 -2194 6706 870
17264 -2200 -3176 782 3410 475
15372 -960 -1924 -1748 865 1138
15356 -4504 -300 -2827 330 3009
16384 -7092 720 -1163 1278 5041
13232 -6784 716 284 868 6623
14656 -6952 584 7416 -1091 7419
17932 -7664 -1044 11127 594 6650
16592 -4612 -504 3707 4906 4955
15232 -6056 -396 -4102 7284 5728
13864 -7160 984 -4275 7138 6819
15196 -8652 1512 -1251 5721 6628
14620 -7432 1836 -3258 5529 7390
12388 -8248 1000 -3635 4858 4926
10820 -8676 1668 -4450 6876 2445
9804 -9372 1076 -6650 9760 1318
9424 -4552 708 -4071 10477 -655
9832 -6252 1836 -7313 11820 857
13992 -9684 2908 -6808 10478 1112
29488 -23768 -1168 -4776 3898 -11102
18576 -19840 12620 -10972 -642 -8947
16444 -15452 9156 10751 -10497 -4111
10172 -6432 4872 17700 -8566 -1999
10612 -5756 5592 7211 -4223 879
12160 -5092 1588 7561 -1175 1424
13368 -5244 2524 8316 81 -451
14616 -5120 2664 8477 -718 -3623
15504 -5064 4080 6253 -1212 -3984
14600 -4576 3308 2964 -443 -2319
14704 -5660 3020 1703 -516 -1847
14552 -5388 2948 870 -826 -1490
14280 -5984 3620 -243 -1001 -1306
14384 -7072 4292 206 -956 -1619
14212 -6888 5232 375 -1424 -1230
14252 -7532 5400 983 -2485 -168
13220 -6868 5316 2258 -3834 822
12360 -6996 4216 1847 -5267 1462
11620 -6752 3332 2834 -7325 1765
11648 -7284 3344 2669 -7833 2203
11248 -5900 3724 4384 -8398 2541
11160 -5872 3288 3752 -7747 3570
13512 -7152 2192 6381 -7183 4874
17640 -7588 -148 8542 -5975 6305
30248 -12608 -2204 5081 -6002 52
21924 -12420 -2648 1313 1392 -3881
15296 -3552 1416 -4573 771 3941
11804 -5196 -148 -491 258 -178
13036 -6380 -1404 -997 990 -2536
13332 -7556 -2332 -2437 2480 -1173
11712 -7712 -2548 723 -212 -2101
14152 -8204 -2560 2912 -3942 -3138
17480 -9584 -3908 6519 -4480 -2174
16832 -9212 -4792 8633 -5788 545
18168 -9160 -4480 14942 -8436 736
16704 -8088 -3512 16856 -6069 -111
14688 -6908 -3020 14598 -4521 45
15308 -7376 -1696 11580 -4239 -791
16616 -7144 -848 11938 -3107 -2533
16220 -7496 -1352 12293 -2641 -2341
16192 -6692 -660 10813 -1104 -1732
15796 -6724 -548 7710 1536 -1039
15124 -6316 -84 6683 3603 -425
13032 -4464 -580 3148 6251 612
11684 -3620 112 -2337 9371 1270
10632 -2820 64 -9952 12009 2207
11444 -3060 -436 -22292 14550 5567
18632 -3164 -1668 -32768 17363 11036
22820 -22028 -2908 -21691 13955 2089
10112 -18208 9456 -14045 -2322 -3881
12956 -13784 4360 14702 -14224 1597
13068 -9036 -2212 5413 -6988 1545
12328 -10116 176 3541 -5379 1757
13168 -8668 1116 13751 -8722 2122
15664 -7840 796 14518 -8304 1812
18276 -8536 1808 15693 -5312 2091
19052 -8192 440 19762 -1720 1599
15008 -7216 1364 6135 3308 2059
10404 -9112 2712 6240 493 1363
8860 -8584 3220 12944 -3763 -156
8572 -7712 4072 8660 -5102 -907
9836 -9384 4300 6289 -6319 -1959
10820 -9176 4196 5958 -7339 -1388
11284 -9224 3576 8330 -8694 212
11580 -7476 3020 8261 -9387 1451
10240 -5892 2356 7900 -9152 2993
9848 -5352 3328 9616 -9439 3019
9072 -3248 2036 9482 -6591 4107
11596 -4160 576 5253 -3665 4681
25664 -12200 -1012 4424 -6772 622
24684 -10000 -916 1845 -2510 -749
27312 -13472 -1044 -3034 -334 -1737
20808 -10084 256 2345 -1314 -3825
20732 -8124 1056 3036 -1773 -73
12380 -4560 92 1162 702 287
9288 -4152 1192 -306 -2312 594
11408 -5928 -256 4543 -5561 -1536
12980 -6500 -912 1942 -4366 -2891
15424 -7904 -1048 -87 -2743 -2015
16676 -8664 -2012 -1662 81 -606
15188 -8480 -936 -2013 879 1537
13552 -8276 -192 1622 -913 3374
13840 -8436 -244 6613 -2802 4234
16248 -7600 -348 6691 -1671 3513
18608 -8420 -3236 -560 3075 2974
16648 -9008 -2100 -4157 4132 2023
15340 -9596 -1124 1658 -1180 311
15616 -8192 -784 5141 -4379 -848
14648 -7260 -52 3579 -4057 -1803
14548 -7148 188 1339 -2618 -2534
14724 -7700 -16 475 -455 -3797
15332 -5696 5672 175 2202 -3722
13328 -4156 988 -3394 8365 -4229
13156 -6596 -1984 -9647 14288 -3164
12096 -7496 -980 -10439 14964 -3056
12688 -9276 1636 -5260 8071 -4867
25452 -12400 -3372 -3143 1339 -7077
17592 -11424 3588 -6354 2100 -11776
15972 -6864 9860 -2175 -5956 -137
16864 -7072 2160 12407 -6906 2953
13096 -2356 4232 3655 -1784 2690
12516 -3428 4708 2430 -2858 2983
14796 -2080 2168 11102 -5493 3548
19840 -2412 2556 13555 -4050 1461
24144 -3020 -616 6027 2988 702
19376 -3868 -448 -2667 9834 2387
13936 -2884 1800 -1468 8186 4896
11204 -2652 1824 660 4436 3471
10056 -3292 3540 567 552 563
11144 -4832 3888 1441 -1938 -1025
12652 -5688 4100 2095 -2266 -1240
13368 -5976 3792 -840 -1359 -232
11332 -6324 3528 -2336 -1844 1128
9516 -6100 4012 797 -4444 2282
9272 -5496 3444 4282 -6412 2587
8480 -3968 3992 5252 -6297 3071
8700 -4404 2176 2428 -4751 2983
11400 -5572 1292 -651 -5179 1384
28424 -11984 -2424 -5154 -11679 -674
31892 -16964 -3536 3378 -4870 -4425
26764 -7240 -2420 -1396 -2338 2569
18876 -5216 -1328 226 -391 1445
15764 -6496 -2052 -205 -954 -592
13580 -5540 -1444 3141 -888 831
13860 -4992 -1332 4666 -1468 1639
15268 -5408 -2672 64 1108 2051
15408 -6720 -2580 -2172 2674 1081
14440 -7380 -2496 -1609 1244 775
14356 -7656 -1024 -6 -1257 681
14936 -7952 -932 374 -1323 465
15316 -8012 -1588 -373 1352 1031
16124 -8476 -1948 -1525 3590 1619
16440 -8776 -2004 -1266 4026 1446
15792 -8704 -908 255 1767 868
15236 -8216 -460 1546 54 6
14656 -7732 84 1285 -684 -1227
14652 -7848 -216 563 451 -2625
14352 -7312 -92 -1442 3022 -2829
12036 -7084 -1160 -3200 4989 -3035
7576 -6100 -212 -2378 4157 -2461
7400 -4928 112 -1075 3176 -563
8648 -5180 -1036 -3703 5460 -777
13804 -7024 40 -5740 6610 -1052
16596 -7132 280 -6748 3835 -1149
32767 -17272 -3128 -4737 -2169 -9748
28280 -11540 9616 -787 -2331 -6977
20800 -6668 4992 -2064 6678 1457
11784 -3212 4036 -2139 8424 1047
9036 -3888 3868 -2007 3689 -1018
12080 -3312 2688 4436 -785 -1473
15328 -5052 2548 4268 -1705 -1048
16836 -5760 2500 3694 -835 -78
15428 -5120 2816 2578 93 1008
14248 -4976 3324 3615 -320 1868
14560 -5076 3796 4800 -430 1791
14760 -5204 3760 4838 -797 2129
15260 -5528 3940 4889 -1202 2714
14496 -5340 4080 4872 -604 3675
13156 -5568 2644 2910 -797 3207
12852 -5692 2772 2648 -2159 1962
12108 -6108 2880 2556 -3567 1445
12104 -7488 3084 2607 -5644 903
10620 -7404 4316 7097 -7456 2789
11232 -6280 2816 9212 -7052 4004
7440 -2688 1576 15219 -8120 4009
8064 -1348 144 11260 -6592 3454
10160 -2796 1076 4860 -5014 1715
12524 -5396 220 -1945 -4779 3480
27004 -10916 -2772 -7342 -7944 4071
32120 -18720 -5296 -1000 -1458 -3935
29076 -9080 -5640 -5977 2305 4592
18148 -9764 -3912 -10275 4028 -450
19196 -10116 -3372 -2809 799 -1736
14248 -6848 -2312 -1713 1934 -203
11812 -4688 -1392 -4209 828 2106
12716 -5932 -2748 -3779 2489 1238
14196 -6960 -3288 -3455 4440 99
14660 -7920 -3120 -4097 4887 -936
12896 -7884 -1116 -3701 3171 -3097
15528 -9632 -40 -1513 -428 -6350
17764 -10000 60 1565 75 -5294
17460 -8152 844 3330 856 -55
15420 -6916 96 4284 2043 2400
15476 -6716 -56 3653 2821 2252
16540 -6984 -228 869 4016 1437
15388 -7044 -768 -1361 6129 1725
14220 -6948 -264 -2303 6075 2178
13212 -7440 -96 -1072 5374 791
12536 -6780 -128 -1428 5361 -137
9796 -5948 268 -3190 6187 -773
6136 -7268 1000 -3820 4664 -1375
3892 -9096 3220 1340 2515 -2743
6880 -8040 4228 3043 2740 -2118
12120 -6476 4528 2808 4277 -498
27236 -10752 -1928 -1464 1385 -1138
30132 -11736 7820 -3862 -3074 -5699
29584 -9700 10600 331 -3806 -1568
19220 -3316 5584 2493 2835 -574
11768 -1980 5548 -2546 2968 -2366
10680 -2600 4400 528 -1418 -3550
12148 -2856 3816 1858 -3187 -4905
13528 -3504 2744 -782 -1629 -5007
14244 -5192 2392 -1730 -1088 -4233
15292 -5760 2496 -616 -2235 -3455
15204 -5252 3028 -525 -1208 -839
16184 -5704 2168 -445 1527 1838
15140 -5712 1756 -601 3613 2970
14520 -5340 2736 274 2602 3613
14128 -5372 3172 -275 1896 3444
13868 -5136 3472 -764 1056 2835
13180 -5720 3392 -586 -407 2502
12032 -5232 3432 734 -1870 2397
10748 -5152 3652 1139 -3169 1897
10436 -5204 3420 1238 -4296 1893
11432 -5648 2960 1316 -4838 736
10072 -5396 2680 4 -4787 876
12592 -6980 2344 2345 -5708 1156
16412 -6500 640 860 -5006 882
20588 -9104 292 -659 -4398 928
22276 -9224 -188 181 -7160 -79
29740 -13664 -2224 1316 -4709 -4525
17428 -6148 -3020 -1947 -352 2537
13248 -4200 -4700 -2306 1659 6466
14572 -5808 -4768 47 512 2084
17132 -7520 -5472 60 1812 -742
18856 -9572 -3208 -439 954 -1046
19704 -10092 -1740 539 -490 -2692
17652 -7668 528 3520 -3669 -1755
16484 -5472 488 1980 -3219 -1890
15844 -6288 528 -2098 -398 -2805
14432 -7200 392 -4535 1712 -3853
12260 -7180 2440 -5410 2924 -4257
10668 -8332 1780 -3914 1764 -3410
14284 -10312 1460 4167 -1203 -2028
16936 -9116 -60 8919 -431 602
16248 -7072 -596 6430 2684 2087
14268 -6456 -684 5020 3419 2761
13280 -6244 -924 5362 2165 2799
12696 -5920 -1508 3696 2112 2351
10600 -5576 -108 2315 323 1902
12216 -6520 -88 3869 -2026 99
13128 -6100 -776 2052 -1463 -2018
13244 -5924 -1208 -1879 945 -955
15304 -5892 -2664 -3338 2455 1453
21900 -3860 -4028 -5554 2531 3901
23132 -5792 -4484 -7424 7330 -751
24192 -8084 1044 -3704 -1009 -2338
24952 -4840 1612 766 -939 -2771
18328 -4204 1696 -3509 1803 -4772
15012 -4316 2852 -3198 484 -4357
13748 -3876 2964 -2237 596 -4938
14068 -4252 1632 -1225 1079 -4207
15588 -4492 1868 -1178 2900 -3302
16128 -4596 1184 -1967 5137 -1123
15444 -5024 692 -2197 6389 509
14336 -5360 920 -978 5313 1694
14464 -4536 512 -275 3746 1049
13576 -5724 2356 -319 2208 30
13652 -4996 2180 -1129 1049 1402
13856 -6096 2996 -766 74 1922
12452 -5088 4032 549 -2016 1751
11964 -4776 3788 -316 -2315 1587
12520 -4860 3396 374 -3466 7
11168 -4416 3036 1853 -5639 -782
11096 -4768 2584 2039 -7238 -212
7992 -6188 1840 6069 -8753 -148
11524 -5332 1072 6066 -9231 1430
14888 -4648 -360 3957 -7636 2168
18812 -4516 -1992 -440 -6748 2795
32767 -11292 -5964 -5926 -10740 -315
25152 -9552 -8620 -7619 2295 -3904
22296 -7036 -6716 -6699 1967 3049
14136 -5888 -5712 -4627 2651 1058
14272 -3680 -3560 -2240 65 3474
13532 -3152 -4136 -428 1317 3235
16464 -4428 -4832 -1306 2016 2724
16820 -5316 -4560 -3682 3191 1867
16412 -6460 -3240 -2400 2155 1472
15968 -7056 -1700 716 501 354
15612 -8036 -528 2241 550 -52
14940 -9044 576 4359 882 338
17964 -10420 316 5328 1760 462
16780 -9044 -1164 2074 5469 618
15224 -8708 -592 -818 6066 1174
14148 -8228 -908 -211 5111 387
13780 -8564 -384 1065 3536 314
14860 -8748 -128 2308 1588 729
15924 -8764 -632 4837 536 889
15376 -7456 -816 4330 1590 1685
14452 -6772 -468 2422 2663 1993
12476 -5600 -8 1025 3585 1201
11512 -4664 0 -1603 4939 -17
10020 -4620 -272 -4741 6041 -2100
9240 -4356 924 -6097 5717 -2508
13124 -6052 2852 -3639 4075 -2105
29236 -11904 -3336 -6507 37 -8075
19580 -12772 3140 -7622 4141 -14307
21452 -11228 9400 -2687 -3764 -6399
14612 -6100 4812 2948 -4694 -5456
11360 -3800 4852 -4190 -1475 -4902
12848 -6012 3124 -1758 -1317 -3282
14364 -5560 2524 4557 -1531 -1228
14756 -3332 1512 3592 1057 955
16376 -4392 -80 -107 4366 3150
15812 -5652 468 1665 4146 3973
15728 -4876 1176 2866 3217 5895
15248 -4596 1952 1154 4020 6952
15832 -5564 1996 1095 3871 5480
14252 -5804 3204 2473 1654 4297
13448 -5632 3936 2974 -1504 3220
13452 -5724 4260 2405 -3695 1100
12364 -5820 4620 1288 -5327 -308
11292 -6428 3708 1970 -6784 -1051
9796 -7064 2596 8498 -9516 -1362
7796 -5012 2412 11340 -12318 1190
9704 -4212 3000 10921 -12855 2964
10596 -4012 1360 7161 -8233 2907
13480 -5864 792 1235 -6307 1036
24592 -12104 -1984 -185 -8700 -1376
32767 -16704 -4252 9158 -2084 -6830
30008 -6268 -6884 -838 9355 -1093
20688 -5236 -3772 -9212 12377 1365
16144 -5880 -3920 -7145 6380 22
12560 -5684 -3292 -529 2332 -685
11924 -4500 -1464 -1010 -838 1261
12936 -5160 -1508 -2426 -912 1417
13572 -6824 -740 -1236 -483 1202
13252 -7596 1804 590 -784 1246
15352 -9428 3020 981 -924 308
17016 -8932 1480 2826 1706 -2085
16684 -8688 -8 2316 3391 882
17344 -7592 -564 4686 3732 2922
15232 -6020 -456 2833 4699 3118
13944 -6516 432 210 4517 3057
13824 -6964 740 1805 2596 1153
13840 -7256 1516 871 1414 89
14600 -7572 1132 431 786 -437
14260 -7932 1684 -533 804 -1464
13880 -7436 1604 -2306 1548 -2421
11600 -6420 1696 -5057 2676 -2981
9580 -6164 2024 -6134 3264 -3293
8612 -5652 1944 -6306 2788 -4111
10856 -8112 5348 -1800 463 -3477
15648 -6680 9100 8564 -1132 -1484
26676 -1760 1932 -3221 -2736 -2619
24988 -13928 852 -11879 12936 -20176
27488 -5764 12756 1563 -7303 -3965
18984 -1832 -3196 12984 1189 -4587
9424 2908 548 -11332 12891 -3617
10200 -2732 1356 -11329 8127 -2582
9384 -4140 2720 1363 -524 -5278
13700 -3424 5508 8503 -7153 -5688
15832 -2096 5452 10567 -7245 -4909
16312 172 2956 6330 -2615 -2513
16164 156 1372 -341 1311 -544
16100 -388 816 -162 2420 530
14528 700 1576 1341 1254 2059
15160 -372 2428 1279 1068 3268
14476 -1164 2700 -757 1911 3937
13240 -2720 3432 -2852 1749 4340
12948 -4028 4336 -1981 -141 4685
12292 -4548 4584 -1016 -1825 4871
12244 -4580 4400 -675 -2953 5018
11536 -4480 4056 -851 -3492 4996
11468 -5064 4044 -254 -4665 4463
11212 -4524 4136 1453 -5744 3865
12592 -5056 3944 1836 -5617 3282
15372 -5360 3044 2235 -5309 3031
22140 -7276 -1524 -2513 -7080 2816
32767 -13796 -1660 5046 -8320 -3443
22660 -3268 -5164 813 -459 818
19560 -3596 -3164 -1985 -829 -888
14444 -3828 -1708 -2315 -2355 -3420
13896 -4008 -1680 -2675 -1520 -466
10904 -3036 -2216 -4151 -1734 -1059
14436 -2980 -3748 -6766 513 648
14816 -4236 -4544 -8682 4605 545
17784 -7352 -4088 -7252 5524 323
19260 -8544 -3632 -5436 5595 712
18336 -8492 -2148 -5711 4484 1822
18004 -8672 -1452 -3192 1987 2093
17036 -8440 -720 -457 -194 1906
16816 -8344 -136 2269 -1854 1652
15492 -7828 -392 3017 -2460 1708
15456 -7756 -340 6316 -3915 2423
16728 -7772 -148 7863 -3409 2247
15200 -6096 -476 6469 -425 2209
14240 -5364 -160 3923 2569 2342
12576 -5236 -972 -145 6137 1655
10660 -4940 -1364 -2870 8913 433
9228 -4820 -1664 -4258 9312 -291
8500 -5136 -1024 -4707 8080 -2041
7720 -5892 104 -5085 6644 -2294
12064 -7536 3640 -1618 4152 -1116
31556 -13744 -3760 -5253 -1327 -6940
25600 -14792 4564 -1639 -2508 -16388
20416 -6708 9940 2766 -9580 880
15088 12 1000 11885 -2488 -84
11564 -828 4076 1045 -116 -2392
13080 -3732 2056 1227 -2367 -1881
15304 -4416 1312 6426 -2035 -1434
17092 -4292 -2436 3314 1054 -570
19124 -4832 -3104 293 3021 789
18304 -4208 -2420 -822 3906 864
16176 -3868 1148 22 2428 2390
16508 -4156 2744 4730 304 2316
15640 -3020 4008 4700 467 1402
13944 -3016 4080 -30 2192 1025
13608 -5248 3352 -1084 2648 848
14304 -6264 2536 -695 2998 740
13480 -6296 2320 -374 2313 1291
11888 -5996 2992 559 122 2384
10444 -4940 2776 1719 -1207 2241
10012 -4784 3020 1300 -1831 1635
8572 -4468 2712 1274 -1965 1309
9188 -5388 2476 1308 -3202 1157
10268 -5720 2436 3495 -4103 192
13124 -5476 2296 2608 -4909 679
16068 -4584 -420 551 -6684 1935
32767 -15540 484 2442 -12205 -5532
24436 -7768 -1040 341 -328 -3925
25352 -7796 -4 -3856 2292 5043
17600 -7856 -1940 -4680 6960 357
14740 -4972 296 -3489 3772 3529
13968 -4632 80 3938 416 2862
14072 -4792 1200 4564 -1187 641
16664 -5380 228 3789 -1414 -776
15760 -6116 -424 1153 94 -1500
14828 -6396 -124 843 -628 -1264
13852 -6656 -292 1796 -1985 -655
14644 -7088 108 2550 -2617 115
15724 -7416 -144 2563 -2501 502
16120 -7320 56 3216 -1882 1143
15968 -6704 204 2584 -933 1723
15540 -6080 132 1438 -27 1887
16128 -6292 -348 205 953 1513
15452 -6564 76 -1091 1388 836
15036 -6768 320 -1119 1456 663
14244 -6504 136 -1763 2172 152
13756 -6624 472 -3458 3001 -552
14248 -7132 680 -4623 3556 -1674
16268 -7920 1000 -5428 4149 -2095
18064 -9016 740 -5567 4068 -2331
14160 -7696 2240 -5036 2949 -373
13200 -7096 2808 131 -190 3380
15156 -6448 1496 3746 -1671 2266
17476 -7420 1500 2567 -517 -716
16092 -6856 1684 -1200 1802 -88
14532 -6964 1560 -550 1857 1384
14616 -6576 1668 1363 202 121
14880 -6812 1384 -483 270 -1141
14828 -7792 1512 -535 50 -1342
15028 -7604 1500 574 -845 -1119
14908 -7596 1640 662 -1000 -900
15180 -7584 1636 765 -616 -566
14644 -7536 1528 245 -118 -202
15192 -7496 1436 714 -190 76
15368 -7424 1400 276 41 -86
15296 -7452 1576 485 224 112
15220 -7072 1568 590 477 404
15120 -7008 1448 224 794 366
15264 -7492 1268 406 759 196
15080 -7164 1148 220 530 134
14968 -7196 1300 345 349 -19
14952 -7340 1400 320 167 -57
14936 -7256 1484 475 -256 -340
14900 -7328 1504 481 -441 -547
15212 -7312 1640 643 -488 -624
15304 -7548 1660 658 -268 -476
15236 -7296 1488 605 73 -183
15072 -7316 1568 572 161 -113
15056 -7312 1460 641 79 -193
14952 -7424 1444 673 117 -171
15004 -7184 1540 528 216 -137
14992 -7244 1600 501 137 -108
14972 -7356 1432 668 77 -10
14868 -7196 1544 649 -65 -12
15148 -7248 1588 667 -94 -44
