-14908 1972 956 192 -627 111
-14716 2144 1344 116 -707 2
-14888 2164 1308 228 -765 -27
-14744 1964 1352 261 -586 -4
-14900 2152 1284 341 -548 3
-14916 2072 1356 419 -460 102
-14864 2060 1496 496 -344 128
-15028 2044 1396 497 -350 77
-14848 1972 1480 581 -259 29
-14916 2236 1720 427 -312 -6
-14880 1980 1424 587 -227 -66
-14956 2040 1312 574 -301 12
-14848 2268 1524 627 -171 -54
-14848 2160 1568 551 -92 -27
-14984 2060 1496 505 -94 -37
-14952 2208 1632 475 -74 -9
-14844 2016 1800 468 -70 10
-14932 2228 1996 630 -138 26
-14812 1968 1656 284 -195 73
-14908 2100 1760 272 -190 -28
-14912 2040 1764 315 -205 -29
-14956 2100 1768 395 -278 -32
-14824 2080 1796 434 -366 -5
-14908 2000 1784 467 -437 61
-14796 2108 1804 404 -404 108
-14840 2032 1868 403 -366 112
-14760 2076 1908 393 -273 106
-14848 1948 2024 431 -251 132
-14860 2064 2220 338 -341 103
-14884 2072 2128 551 -478 102
-14588 2044 2112 566 -518 131
-14868 2324 2244 657 -487 145
-14704 2144 2224 632 -582 53
-14712 2244 2248 583 -454 -72
-14544 2064 2204 564 -196 -80
-14580 2012 2200 553 241 -151
-14648 2112 1944 475 536 -161
-14608 1992 1916 490 977 -120
-14748 2252 2468 423 1075 -193
-15164 1976 1884 466 1069 -104
-14864 2016 1948 435 930 -94
-15008 2096 1688 484 731 -40
-14976 2048 1688 579 529 -93
-14996 2056 1740 518 276 -118
-14900 2180 1592 576 239 -104
-14932 2200 1688 573 58 -34
-15040 2096 1612 692 87 -14
-14960 1988 1552 305 -25 -17
-15004 2000 1532 296 -123 -9
-14808 2004 1656 410 28 -62
-14992 2004 1412 436 -57 -37
-14916 2060 1712 438 -10 -33
-14924 2028 1540 459 -47 -23
-14900 2016 1568 469 -116 51
-15028 1948 1628 490 -275 21
-14920 1916 1172 374 -233 50
-14816 1944 1756 656 -242 60
-14784 2040 1704 318 -270 81
-14732 1840 1460 532 -100 58
-14820 1948 1616 520 -19 59
-14892 1932 1636 616 217 60
-14716 1940 1656 552 354 96
-15072 1844 1924 699 400 131
-15104 2076 1520 485 241 235
-15196 2068 1560 340 -16 268
-14856 2172 1356 221 -101 290
-14960 1960 1584 329 -130 205
-14692 2176 2028 259 -138 201
-14708 2064 1744 506 84 169
-14712 2052 1748 442 174 145
-14700 1768 1908 665 309 77
-14576 1724 1868 771 497 74
-14984 1828 1624 784 908 94
-15280 2228 1696 517 1155 179
-14904 2348 1836 189 1120 384
-14984 2496 1192 184 1369 482
-14960 2540 736 -254 1372 685
-14648 2588 716 -28 1315 751
-14760 2152 916 428 1142 641
-14592 1716 552 1123 953 407
-15300 1308 1120 1696 802 92
-16424 2004 788 1454 379 -24
-14560 2788 304 185 186 453
-12276 2956 -440 -1036 1089 775
-14468 4456 1188 -1934 2320 543
-16632 4392 2176 -853 3007 640
-16312 4128 2092 -567 3839 1043
-13656 3100 352 -927 3561 787
-13756 3216 308 45 3383 552
-14608 3872 -160 1658 2561 185
-14580 3820 452 2086 1890 -829
-14524 3984 156 2452 430 -1990
-15780 3508 -460 2959 -648 -3066
-14836 5592 -3532 1493 3282 -2486
-21216 912 -2668 -866 4724 -2247
-15000 3108 -3352 -924 3495 -286
-15672 2504 -6068 -1288 4040 201
-16824 784 -4892 -964 3605 -203
-13788 364 1820 -4624 3100 3327
-14956 1308 1160 -4342 3767 3388
-14188 68 -1092 -3683 4976 3268
-19604 5356 -376 -2623 6807 3052
-15132 -120 0 -2623 6807 3052
-15664 2100 -3000 177 4511 -38
-18016 3736 -4720 2260 5012 -359
0 3736 -4720 2260 5012 -359
-16436 4336 -7648 1450 -995 1626
-14952 4356 -6964 617 -2399 1819
-14500 4300 -6424 -397 -2601 1694
-12892 4588 -5356 -2941 -3280 1524
-11984 4408 -4572 -3828 -4646 1133
-12168 5044 -4156 -6377 -3289 1033
-12844 3608 -2748 -7362 -2814 516
-12244 3820 -560 -6551 -1749 68
-13844 3540 0 -6551 -1749 68
-16832 2496 -2308 -312 3961 210
-16540 5572 -5224 -1279 3240 1455
-20804 1524 -5516 -655 3623 1745
-18240 2816 -6276 789 3633 449
-17816 1376 -8316 1042 3769 -369
-16388 1080 -8976 1706 2506 -1122
-16368 440 -9468 2880 541 -2379
-15500 1704 -8468 -3 -1387 -2425
-13468 656 -7692 2193 -1987 -2239
-13924 -56 -6520 2810 -4064 -2294
-13116 -508 -5212 3277 -4809 -1625
-12504 -508 -4728 4077 -5278 -1366
-12484 -492 -3876 5031 -4973 -1129
-12796 -272 -3372 4478 -4156 -523
-15036 -52 -1592 4011 -2973 -84
-14564 -80 -1268 3034 -1105 809
-14888 20 -1160 2022 -570 1079
-14176 652 -972 1146 375 1657
-14940 488 -604 368 648 1861
-14456 424 -764 -237 1191 2072
-14864 900 -1504 -796 1962 2157
-15364 1172 -1056 -639 2010 2188
-15280 1104 -732 -1334 1613 2091
-14456 0 -1540 -787 1967 1543
-15176 1296 -3552 854 3419 530
-17308 1400 -3076 2782 4755 -232
-16400 704 -4528 3942 3697 -648
-18028 216 -6156 4506 3983 -1118
-20904 1864 -7004 4408 4065 225
-19788 1660 -7492 3976 2501 1794
-17896 3116 -8796 2507 2509 3285
-15268 4736 -10048 507 1859 3634
-14500 4716 -10740 -1503 300 4043
-13352 4368 -8804 -3257 -529 3871
-12128 4560 -7948 -4888 -949 3234
-11500 4392 -7256 -5504 -2270 2063
-11492 4072 -5676 -5867 -2166 933
-11716 4364 -5388 -5920 -2915 -231
-12712 4588 -3392 -4185 -2550 -1203
-14288 4656 -2860 -3185 -2843 -1443
-14488 3912 -2512 -1585 -2773 -2046
-13880 4268 -2340 -190 -2305 -2290
-14088 4200 -2248 1267 -2039 -2237
-13456 3868 -924 3301 -1324 -2370
-13784 3512 -908 4818 -1572 -2555
-14364 2548 -296 5869 -2033 -3133
-12196 4552 -6056 6708 2458 -3325
-23760 412 -3684 4558 4053 -5419
-15376 4012 -4208 4517 3178 -3013
-19536 1532 -5396 2981 1442 -3496
-19288 676 -6832 3084 3830 -2241
-18888 32 -7008 2452 1507 -2445
-15840 -1112 -6880 2801 336 -1834
-14448 -436 -6872 1940 -1510 -1408
-13608 -772 -6632 1685 -2472 -633
-11780 -28 -4888 1715 -4268 254
-12560 -1024 -4648 945 -5267 1050
-13872 -456 -4000 659 -4926 1795
-14592 -308 -3300 702 -3132 2170
-15136 -492 -1036 1831 -3706 1646
-13528 -1872 -3540 2867 -3590 -1197
-15752 1196 -1784 2242 -3023 -2298
-15640 416 -924 2503 -2149 -1356
-14648 1164 -1192 892 -915 -528
-14428 416 -688 465 -153 4
-14956 796 -288 -646 -173 694
-15720 192 -56 -805 -135 1277
-14960 -312 -308 -1430 -6 1322
-14736 -460 368 -609 663 1308
-14256 -428 44 -280 737 1038
-14444 -692 600 161 1352 898
-14692 -116 408 -75 2146 1425
-15128 624 668 127 2946 1989
-14396 -672 -1240 149 3718 2699
-16124 308 -2820 1700 3914 2317
-17288 2896 -3004 1182 4549 2227
-17320 580 -3752 1699 4466 1739
-18828 2232 -4576 1520 2829 1472
-19788 2776 -5312 1447 2408 1511
-19924 3152 -5664 534 1764 1758
-17764 3688 -7132 -1571 1858 3023
-13812 5368 -7480 -2984 2725 4533
-13104 5940 -8648 -4260 1871 4893
-11928 5392 -8400 -4885 1509 4122
-13208 6040 -6448 -4940 852 2860
-11744 5364 -6520 -4939 602 1677
-11636 0 -6520 -4939 602 1677
-14656 804 -6792 3349 -1724 -1714
-13780 1268 -7084 2985 -1792 -2171
-14000 544 -6684 2527 -2825 -1687
-13884 576 -6372 1480 -3981 -862
-14212 1084 -4948 575 -4317 504
-14120 560 -4148 885 -4088 1221
-13248 264 -3024 1214 -4292 1361
-12800 636 -2828 1707 -4321 1627
-13592 892 -1596 2389 -3771 1509
-13424 824 -1368 1768 -3015 1459
-14460 1876 408 1362 -2039 1424
-12824 1668 48 628 -893 1404
-13388 2464 824 -738 -348 1335
-14540 2748 1204 -1434 652 2067
-15640 2948 760 -2206 13 2365
-16112 2688 692 -3116 -882 2768
-16716 2916 1048 -4071 -2495 2895
-15808 2744 1352 -4529 -3646 3054
-15972 2716 592 -4435 -4355 2469
-17824 5756 1848 -4956 -4559 2538
-18084 3436 748 -5281 -2987 2545
-19984 4788 2112 -5251 -1044 1693
-16212 4728 3120 -4322 -1665 1455
-13012 4988 868 -4323 -981 1688
-11924 5516 -364 -4743 696 1600
-11732 5672 -476 -5084 1133 1736
-12828 5044 1456 -5075 1609 1667
-12188 3964 796 -5320 2466 1481
-12228 3592 1828 -4566 3024 1009
-12900 4400 1992 -4306 2841 530
-13812 3800 2664 -3094 2269 120
-12916 3884 1816 -3766 3112 839
-13512 3020 1060 -3043 1970 388
-14464 3856 2128 -1196 1466 148
-14772 4168 2156 -424 675 -214
-14800 4000 1756 84 358 -378
-14052 3820 2524 400 -413 -743
-14388 3808 2284 1748 -1760 -979
-14224 3536 2076 2891 -2395 -1340
-14388 3980 2316 2847 -2908 -1937
-14332 3336 1988 2303 -3707 -2118
-13480 4180 3648 2425 -3299 -2129
-14448 3716 2664 1839 -2074 -1456
-15436 2144 3364 1215 -847 -1516
-14340 2268 3604 918 -488 -1184
-14196 1960 3656 1178 -1187 -975
-14840 2096 3720 1982 -815 -890
-14528 1820 3028 1626 -558 -966
-14276 2160 3248 959 -460 -304
-14280 1816 3796 1509 -490 -90
-14388 1528 3516 1157 -350 -168
-14256 2208 3644 794 -930 -142
-14396 1704 3228 337 -362 -231
-14592 1960 3280 668 -27 -329
-14560 1428 3968 689 -32 -336
-13836 1704 3360 540 -61 -323
-13880 1756 3684 609 -121 -277
-14176 1852 3844 615 -25 -266
-14612 1980 3504 564 36 -210
-14232 2108 4112 514 -128 -122
-14316 2004 3880 581 -133 -86
-14360 2360 3740 280 -164 144
-14520 2260 4176 542 413 387
-14032 1956 4016 753 -361 374
-13932 2248 3784 668 -477 253
-14404 2460 3316 330 -85 364
-14076 2200 3880 577 33 379
-14064 2236 3840 446 -146 411
-14264 2280 3920 682 -5 314
-14072 2356 3796 599 277 181
-14240 2540 3916 771 304 129
-14352 2708 3728 860 -26 -49
-14072 2504 3788 934 115 -111
-14164 2460 3848 664 167 -215
