-14480 2828 2768 500 -61 -19
-14172 2880 3108 405 -47 13
-14524 2576 2632 397 -348 78
-14776 2820 3092 520 -149 54
-14308 2804 2972 426 -63 -8
-14144 2808 2900 463 -134 100
-14272 2908 2964 462 -248 -32
-14224 2744 3036 471 -125 -135
-14288 2800 3072 508 -30 -127
-14068 2544 3196 241 216 -147
-14060 2880 3408 551 321 -149
-14480 2792 3284 259 380 -38
-14348 2580 2752 404 438 10
-14396 2736 3128 293 426 90
-14460 2736 2796 305 448 80
-14512 2760 2968 293 297 104
-14604 2688 2676 206 12 84
-14588 2716 2784 277 -216 82
-14520 2744 2772 105 -473 33
-14416 2796 2768 133 -533 4
-14464 2924 3488 69 -666 -1
-14384 2648 3116 12 -498 66
-14228 2628 3164 -1 -378 59
-14156 2608 3372 160 35 43
-14520 2864 3340 185 146 55
-14516 2804 3200 270 126 29
-14424 2544 3164 219 216 68
-14388 2756 3308 378 39 -38
-14300 2448 2772 252 -52 13
-14544 2572 2988 471 272 -20
-14200 2480 3060 590 564 -9
-14140 2560 2796 904 1020 -79
-14516 2648 3088 920 1159 -109
-14396 2656 2640 897 1058 -82
-14556 2736 2604 896 1093 9
-14784 2688 2188 748 855 -141
-14824 2580 2160 598 546 -60
-14672 2620 2452 346 309 68
-14528 2604 2228 485 265 32
-14412 2528 2292 597 81 4
-14780 2704 2448 516 -49 -78
-14500 2668 2228 496 -135 -101
-14496 2428 2296 672 -87 -141
-14584 2680 2344 490 66 -108
-14364 2632 2932 623 94 -1
-14536 2500 2116 413 143 29
-14736 2500 2240 514 38 56
-14692 2292 2156 613 -174 90
-14804 2212 2292 933 -427 54
-15112 2588 2200 683 -655 7
-14596 2888 2428 466 -941 331
-14256 3480 3140 273 -625 618
-14580 3364 2848 -540 151 1088
-14624 2880 3684 -623 170 1100
-14168 2636 3700 -696 900 849
-13356 3140 3188 -549 1116 644
-13736 3152 3444 -133 1042 584
-13864 3092 3336 642 663 145
-13892 3240 3420 1433 476 -298
-13912 3208 3228 2033 416 -581
-14124 3432 3008 2451 320 -663
-13556 3520 2736 2593 15 -944
-13700 3316 3664 2751 -969 -1109
-13200 3164 4892 4390 -2859 -1259
-15088 4356 4212 6406 344 -2097
-13300 2356 660 4951 5970 -1581
-15900 1804 2860 4916 1989 -2907
-12084 2896 872 4019 3149 -2895
-15356 3084 -800 2781 6684 -1325
-14504 2428 -404 2225 7018 -165
-13404 2828 -1984 1478 7325 -436
-16320 3620 -3168 -1312 6295 -595
-16088 3000 -3840 -2178 4862 49
-17856 2468 -4400 -3076 2903 -152
-18544 3004 -4232 -2713 823 -379
-19084 1264 -5180 -86 -2124 -634
-17820 428 -5076 1164 -2377 764
-15832 -440 -3224 1042 -4562 1268
-14456 580 -2536 2145 -5137 1516
-15612 1604 -2100 2597 -4080 1446
-13116 2164 -68 528 -4603 1287
-12220 3440 40 -540 -4191 1867
-12156 2744 20 -1008 -3786 2626
-10944 2244 812 -2346 -3618 2849
-9192 2400 688 -4422 -2445 2738
-13064 2188 3184 -6079 -1440 2910
-8660 3504 2612 -6809 -1748 4165
-11980 1496 5068 -4221 -3186 2410
-8876 4644 3540 -3504 -829 1025
-29524 2544 1248 1086 1906 -818
-22268 9844 8796 7340 14479 -1607
-19544 3160 -52 -365 6683 -7003
-13932 2820 -3240 2973 7391 -2095
-15192 3552 -4268 -657 3727 470
-14124 1968 -4356 1283 1773 2705
-16740 3500 -5080 2137 717 3213
-17100 4772 -4040 2957 -632 3667
-16392 4384 -3508 2913 -3841 2860
-15492 6164 -4328 2803 -4140 1326
-15064 6460 -2724 1098 -5589 524
-13648 5428 -1784 -307 -5817 89
-12976 4832 -568 -711 -5298 -954
-13260 5172 1172 -1987 -3321 -1625
-12768 4584 2496 -2338 -2648 -1395
-12764 2832 2816 -49 -2203 -1184
-13880 3428 2528 1595 -1274 -1117
-14856 4376 3196 2217 -783 -1082
-13900 4432 3464 3522 -772 -984
-13572 4204 3040 3980 -1130 -1354
-13264 3900 3300 4267 -796 -2089
-13324 3624 2932 4427 -544 -2710
-13140 3788 3632 3649 -1627 -2550
-13544 4424 4548 3368 -1710 -1951
-15340 4564 3520 4507 -1698 -1566
-14532 5760 -24 2633 4391 -527
-15040 1800 1256 3081 4622 -2142
-12824 892 632 1837 1956 -4973
-12488 5108 184 -1219 2057 -4346
-15468 4064 188 -2419 4738 -1578
-20084 2684 1348 -2832 3847 -615
-20380 2052 -88 -2690 1349 -1644
-20000 940 -932 -2822 1517 -1761
-16992 180 -2984 -1414 -750 -523
-14244 -1108 -2792 -1355 -1266 314
-14072 -1288 -1516 -751 -1953 221
-13832 124 -396 -556 -2222 859
-12620 108 -96 -209 -1894 1401
-12444 260 280 732 -1675 1655
-15336 280 1716 1817 -1933 1423
-16000 500 1432 982 -804 1650
-13884 1036 1652 1285 -8 1205
-13744 1272 2424 1022 376 1305
-12568 2124 1680 -1152 -1017 1856
-12972 1908 2256 -2281 -15 2955
-14152 2364 5232 -1847 -873 3258
-11196 -472 3256 413 1421 40
-10608 1884 2056 2612 4612 -875
-14944 3352 -1144 4847 9729 -3498
-17596 1848 -1840 6213 12995 -4276
-18700 2804 -4376 2099 8245 -3912
-19352 3352 -6560 1522 7698 -1117
-18900 3168 -7088 32 5207 960
-17524 1840 -6972 -470 1406 1248
-14888 1452 -6908 64 945 939
-14904 1832 -5348 251 332 708
-15356 1364 -5312 207 -961 1687
-16096 3896 -5212 -310 -1498 4343
-16472 2816 -5768 601 -2487 4301
-16140 3844 -6372 -1156 -3940 3494
-14948 3836 -6140 -1778 -4310 2734
-13568 4464 -6516 -2550 -4029 1533
-13484 4952 -5500 -3919 -4222 -141
-14624 3996 -2404 -3872 -3750 -1547
-14840 4076 -916 -3507 -3606 -2012
-13732 4044 -904 -3182 -3477 -1366
-14664 2724 172 -2364 -2516 -1287
-13488 3068 1080 -1564 -2445 -1320
-12900 2340 1572 -1878 -2517 -1585
-12672 3452 1648 -2281 -2090 -1239
-14212 3484 3364 -1227 -1209 -817
-13576 2832 3744 301 -1316 -736
-13900 2024 4728 2159 -1736 -2155
-13568 1684 3088 2767 -231 -3267
-16336 3832 2516 847 4117 -2778
-12060 -992 -492 1707 6299 -2794
-15108 216 -352 322 6412 -2970
-14040 2648 -504 -214 6456 -234
-18300 1036 -1992 1156 6805 1525
-18380 1564 -2812 1566 3448 994
-17656 1884 -4448 1150 3395 495
-17964 1492 -4492 1189 2080 74
-16732 776 -4996 1011 -74 -950
-16432 1164 -5220 538 -1277 -1271
-15956 380 -5020 512 -2054 -1028
-15944 -552 -4076 2380 -3689 -694
-14356 -1616 -5444 3153 -3586 779
-15248 28 -2836 3742 -3719 1908
-15932 776 -872 4686 -4071 2087
-15220 1164 -808 3872 -3549 2519
-12356 1936 -616 3327 -2383 2854
-12888 2028 -180 2148 -2753 2429
-12900 1188 548 526 -2317 2302
-9540 1420 232 -1606 -1457 2368
-8880 100 1508 -1810 -453 2275
-9332 148 520 -3553 -1751 2961
-14916 1620 3496 -2032 670 3612
-11852 4536 1212 -1068 2298 4925
-26736 6376 256 4792 4689 3595
-25452 8992 -3104 6601 9074 1322
-20864 4400 -2272 6881 4327 -143
-14812 6796 -4104 5114 2132 -325
-14112 5636 -5668 3113 1377 714
-14104 4752 -5140 2080 -427 915
-13736 5188 -4968 1227 -2516 627
-15476 6260 -4460 835 -2158 1153
-14456 6008 -4392 1029 -3347 994
-14112 6332 -4196 -325 -2454 1338
-14276 6220 -2808 -498 -2352 1806
-13208 6392 -2908 -1270 -1767 1904
-13432 6152 -2016 -1822 -1061 1656
-13752 5844 -1140 -1477 -803 1242
-13816 5676 1020 -130 -803 408
-12204 5048 -68 1675 -1045 -1111
-13760 7120 -808 1776 828 -1365
-14024 6644 -136 2441 680 -988
-13936 6460 -484 2063 534 -713
-13956 6736 -376 1494 32 -957
-14400 6612 1104 1519 -1009 -932
-15432 4712 -264 3419 -2668 -2502
-13536 4164 1124 5115 -2755 -4127
-10552 3280 -1412 6748 -2831 -4916
-16796 5760 2452 10649 -3412 -6050
-16220 4960 0 10107 -4579 -7646
-10192 5564 -5796 5651 7402 -4886
-15636 -148 480 1795 4966 -4242
-11900 6096 -3012 1220 4156 -1343
-16056 4580 -3144 -1203 4676 -1563
-17260 3576 -3584 -2978 6670 -2697
-17844 2148 -3352 -3551 2963 -4461
-18860 2700 -5596 -3798 1909 -5188
-20928 -808 -5628 -2020 1264 -5019
-18696 -2940 -5708 -1149 132 -3347
-18316 -3688 -5020 -232 -1597 -2243
-16400 -2464 -4988 -67 -3471 -766
-15580 -1448 -3396 -401 -3871 710
-13432 -1452 -2204 -477 -4215 2054
-12408 -1876 -2496 79 -4859 2672
-12540 -1324 -1608 -43 -5200 2796
-13492 -832 -776 -286 -4532 2993
-13044 -56 284 -520 -4046 3139
-12744 792 584 -1270 -3411 3859
-12344 1312 340 -2333 -1934 4366
-11628 680 188 -3743 -1678 4886
-13224 1732 1472 -4746 -1027 5506
-8732 2280 1452 -7002 -454 6141
-11236 1784 2824 -7084 567 5631
-19344 6272 2812 -6509 53 5353
-14812 5164 716 -1600 5000 2317
-21456 2024 -368 1665 -1196 -3764
-20820 6164 176 8795 14061 -8309
-14764 2696 -996 6632 7489 -7042
-12608 1516 -4912 2775 8028 -7534
-15096 2656 -4976 404 5268 -3960
-16700 1236 -5084 348 2719 -1335
-18312 744 -4800 900 3361 299
-19652 1020 -5220 1184 1576 2055
-17704 940 -6640 37 -1620 3853
-16164 1908 -6828 1109 -3323 4908
-16708 2776 -6148 2302 -5191 4596
-15500 4556 -4320 1044 -6740 3267
-13412 4572 -4468 352 -8125 2344
-14628 5224 -3756 -1740 -7368 948
-14036 4096 -1116 -3381 -4789 -459
-12272 3168 1068 -4281 -4862 -1519
-12276 2992 1188 -3618 -2933 -1064
-13116 2504 1520 -3081 -394 -622
-13920 2720 2404 -1683 755 442
-14736 2976 3248 -511 985 1097
-13976 2740 2400 1685 1072 1120
-14912 2324 2252 3496 913 -275
-13656 3868 1756 3556 1415 -1427
-13752 3284 1040 4530 1091 -2353
-14996 3632 1864 4344 -176 -2497
-13656 3120 3468 4824 -1285 -2564
-14652 3216 1096 4486 717 -2654
-14576 2756 -3836 2437 5862 -1496
-18892 -176 132 2521 5283 -2108
-12796 3548 -2092 994 4512 -643
-16904 3232 -3984 -5 4995 415
-19888 2064 -2544 1 4583 977
-15844 2836 -3400 -279 1806 251
-17656 1272 -4908 -493 1586 -174
-19052 1088 -5324 1009 1002 -853
-17312 -272 -6220 2652 -552 -743
-16684 -824 -5696 2793 -1504 -924
-16500 224 -4580 3851 -3290 -927
-15360 436 -3672 3673 -3750 -583
-14484 444 -2984 4053 -4664 -839
-13928 464 -2528 3070 -4765 -1126
-12252 1412 -1304 1471 -4897 -1056
-12348 796 -1192 454 -5061 -534
-12608 1152 -252 -2137 -3870 555
-9700 104 100 -4132 -3272 1555
-9716 -388 576 -5277 -2711 2296
-12588 56 1656 -4997 -2093 2664
-10236 1504 1420 -6036 -1078 3629
-10636 -2576 2516 -4277 614 2613
-12044 1736 2196 -5458 31 2499
-9044 -2908 2436 -6185 2711 3616
-19948 3676 -460 -6287 3070 5867
-32076 6720 -1060 -3062 5467 5346
-29556 6952 3296 1852 4165 4657
-17732 5016 -4 76 1226 2641
-15312 3696 -352 4043 -585 3219
-12664 3576 -3032 3315 -197 2115
-12500 3132 -1400 4849 -1234 598
-13964 4208 -964 6524 -1604 761
-16316 4268 -1432 8099 -2357 831
-15608 4636 -1384 9062 -4227 319
-13548 6524 -3776 8380 -4706 115
-13728 8764 -3364 5190 -3334 474
-15076 6184 -740 4674 -4260 1528
-14396 4644 116 5023 -3631 215
-13364 3996 1080 5383 -3564 -1078
-13156 4568 688 7040 -2923 -1990
-14032 5188 1372 8706 -3043 -2376
-13396 4648 3556 9600 -4264 -2338
-11852 4448 1800 14035 -3726 -2611
-14180 5060 -232 13291 -3003 -3496
-12520 3988 1528 13591 -2862 -4900
-7800 3556 -440 14405 -1776 -5353
-6924 3268 388 13700 325 -5429
-5744 4092 -428 11831 -359 -5930
-10736 6228 2788 12684 -1316 -5751
-12892 -1076 -6336 13420 -2688 -7055
-32768 9100 -5936 8081 8436 -3594
-27736 -5076 -1832 4210 4919 -5220
-20520 3820 -3584 2806 -191 -766
-18000 -88 -4432 2411 -64 653
-16812 1016 -3976 642 -2298 334
-15420 2072 -2408 1306 -3496 1011
-14872 1836 -2188 704 -5690 390
-13336 12 -2160 2227 -4991 -1105
-13288 -2580 -1612 3850 -3365 -2439
-14520 -1932 -928 5476 -281 -2669
-15608 -636 -508 7587 464 -1963
-14836 112 636 6594 -68 -1106
-13536 -148 -876 6600 -680 -302
-12472 540 -1392 6467 -1851 973
-7956 244 -1508 4831 -1918 1527
-9532 976 -756 4667 -1670 2240
-9668 1432 1700 2101 -565 2849
-11484 884 3544 2960 -2116 3275
-10956 2420 2828 1558 53 3092
-23100 2488 276 5973 2809 251
-24132 10096 -3964 7305 12193 -880
-22920 3908 -3200 2104 5544 -1750
-15580 2280 -4912 2129 5300 -3264
-17352 5236 -6388 -110 4997 -3353
-15352 2580 -4868 -1367 4791 -2714
-15172 2392 -5664 -2578 2745 -2201
-17128 1096 -3648 -2155 2023 -1620
-17480 248 -3940 -813 -1394 -1300
-19796 -1076 -3104 2153 -3027 937
-17484 -732 -4300 4027 -4982 1851
-15620 1296 -4184 5385 -7223 2358
-12000 2196 -6140 6042 -6942 1952
-14752 2872 -4060 6683 -6179 -94
-14660 2348 -1556 7276 -6864 -1410
-15728 636 672 8985 -6599 -1632
-18352 0 236 10055 -11924 -350
-10064 3292 -1320 9965 -7308 -1547
-4180 1508 -656 9998 -4204 -1418
-3148 4224 1164 9235 -3621 -1941
-6576 -44 2140 9363 -2350 -2875
-12756 1840 2396 12917 1220 -3418
-16080 5348 4868 12642 2665 -3325
-10652 3900 1424 10419 2784 -2777
-11740 6272 4796 8032 -752 -2544
-16888 -1860 164 10728 -245 -3808
-32768 2376 -6196 -1257 14544 -4003
-29600 2256 2656 -1650 3794 -736
-17344 -1320 -2904 -2520 5338 1357
-16472 472 -2804 -4134 3607 328
-14848 -1872 -3388 -973 4194 323
-13864 1512 -3552 -942 2984 927
-12248 -716 -3940 -215 1068 27
-14640 1032 -4504 140 995 393
-15720 464 -4160 -1168 -247 975
-17404 316 -5688 -2342 -1181 2105
-15484 -344 -5396 -3288 -1590 3004
-16920 336 -2128 -1169 -3293 2371
-16368 1112 -2812 1953 -3053 1941
-16708 1948 -1308 4031 -3244 1285
-14424 1804 -1220 5167 -3336 -17
-14808 2132 -100 4644 -3639 -1415
-13256 1356 160 3585 -2797 -1605
-13320 1904 440 2218 -2617 -1237
-12568 2064 948 1284 -1707 -491
-11032 2984 220 -2136 -708 181
-12380 1128 1348 -3681 247 157
-13460 1308 2052 -5286 -960 1807
-16500 1468 4024 -5410 -2111 2878
-16700 -1112 2188 -2206 3080 1582
-21836 6356 -128 -5140 5458 4193
-21680 6936 -828 -6556 2396 9213
-12460 3824 -7524 -4397 -1330 11609
-9748 6116 -4688 -6918 -919 8718
-12188 4536 -3268 -4938 -5708 7491
-16556 11008 -1752 39 -2168 5586
-12576 9088 444 -1664 -3872 2301
-12944 6840 988 -1288 238 -558
-14956 8128 2964 414 568 -1678
-14588 5480 5776 2641 802 -3102
-9712 6860 3108 3135 264 -3534
-10232 7540 1828 4435 2856 -2568
-14920 5496 2468 3540 2802 -2157
-14700 5084 3192 3985 1830 -2142
-13860 5488 1016 4722 1055 -2854
-13948 5700 -732 2750 156 -4113
-13964 6644 -2480 -287 -241 -4397
-17132 6124 -900 -1255 293 -3861
-16852 5516 64 -1673 1170 -2743
-15280 4368 1208 -1882 274 -2646
-12992 2984 1012 -218 580 -2526
-13712 2928 976 996 410 -2453
-14636 2700 1388 2821 26 -2088
-13528 2832 1492 3938 542 -2156
-14252 2916 1024 4692 997 -2307
-12336 3004 -196 5671 2309 -2127
-11684 2380 2204 7563 3977 -1655
-16708 1176 596 10836 1409 -3039
-14432 4728 -2628 7828 10539 -3208
-16836 2480 -5056 2796 9860 -1454
-19088 2352 -3136 3792 7764 1105
-15016 1116 -8672 2837 2936 829
-17940 -120 -9000 3534 2185 -1889
-17136 2248 -9532 3747 2593 -794
-16192 820 -8936 769 1438 -674
-15728 -120 -7704 1056 -938 -29
-14568 284 -7540 960 -2061 590
-14716 32 -7544 751 -2122 714
-14396 -100 -7284 1615 -2241 351
-14264 1708 -5752 1101 -1325 521
-13172 -392 -5644 1421 -1525 397
-16340 40 -3820 2537 -2442 -646
-14780 216 -4324 1977 -1810 420
-15224 1172 -3376 2437 -1444 1342
-13184 1728 -2980 1754 -2412 2177
-13608 2408 -2892 -148 -2058 2674
-16132 3552 -2772 -3082 -98 3422
-15668 3416 -2000 -5528 964 4991
-14760 1736 -212 -6309 483 6136
-15504 2752 -212 -7234 1382 6944
-16332 3820 224 -7872 -410 7316
-16512 4400 -1208 -6416 -2250 5417
-14876 6960 -4020 -2035 -2851 4012
-15604 7140 -4408 4510 -2766 2980
-14912 5512 -3452 7139 -3804 348
-13884 7388 -4468 8259 -3458 -987
-12312 7312 -4968 8789 -1511 -944
-13332 7464 -4948 8776 -521 75
-13220 8076 -4328 6686 -142 92
-11208 6964 -4856 4765 -167 -354
-10904 7116 -5192 4365 2224 -798
-10656 7908 -5900 3400 4179 -1051
-10576 6924 -5540 2613 5932 -1032
-10816 5456 -4772 3608 4129 -619
-11332 5456 -4292 3281 1526 -328
-10724 6416 -6124 4872 -1925 11
-9908 6132 -7084 6354 -359 -249
-9112 4384 -7212 6949 62 -1055
-10276 6048 -5772 9462 -2396 -973
-5304 4824 -6304 10672 -4243 -2469
-6272 6968 -4980 10905 -5531 -4083
-15504 5492 -7236 11450 -5084 -4742
-32324 4860 -12216 -1618 14907 -8713
-28504 5976 -10012 -1573 4636 -5077
-25336 -32 -11488 -2542 9837 -4491
-20168 -1228 -12664 -4662 3514 -6457
-16468 -492 -10428 -3865 2423 -5398
-14656 360 -9508 -3605 943 -4417
-13132 -996 -9988 -2771 661 -4124
-12212 -476 -8732 -2483 639 -4535
-11704 -628 -9260 -1571 125 -4151
-12440 -256 -10116 -2097 -118 -3810
-14048 -420 -9388 -2503 -1169 -3557
-14716 -680 -9916 -4114 -2147 -3277
-16328 -1952 -9040 -5502 -3687 -2349
-14100 -4000 -8576 -4192 -5079 -689
-14580 -2088 -9812 -4724 -5981 -2
-14696 -2060 -7724 -7075 -5959 253
-15336 -1192 -5812 -6946 -6256 1323
-14560 -876 -5428 -6116 -6112 2121
-14156 48 -4496 -5523 -5506 2106
-13892 552 -4076 -5917 -4679 1382
-13712 704 -2348 -6571 -3703 1260
-13628 1128 -2480 -7282 -1904 1471
-14680 2084 -2240 -7619 -930 2320
-14788 1336 -2680 -9456 308 2867
-16740 1752 -824 -12024 -1351 3023
-13952 -428 -832 -11912 -2183 3009
-15824 2596 -1216 -11278 -2703 2560
-19208 4036 -3536 -6776 1281 1122
-17692 5208 -3564 -4327 4992 190
-15900 4700 -2720 -4271 3384 -684
-12704 2360 -3412 -4605 1081 -1711
-14632 3812 -4264 -1920 1558 -202
-14688 3504 -3908 -1872 979 42
-15872 2508 -4220 -773 884 54
-15124 3972 -4852 -1039 691 -214
-15300 4376 -4868 -1598 262 -62
-15740 4528 -4260 -961 -707 -160
-13952 5104 -4860 -2763 -778 -83
-16528 5716 -4192 -4073 -1269 560
-15608 4836 -2992 -4155 -1029 1458
-14328 4344 -2916 -4043 -1885 1173
-14284 3676 -1460 -4033 -2787 169
-13980 3616 -420 -2852 -3287 -830
-13976 3016 12 -770 -3654 -1725
-12988 2520 908 1438 -4238 -3073
-13164 1336 1584 4823 -4524 -4367
-12252 1752 2028 6437 -4615 -5487
-11832 1588 1260 8352 -4885 -5996
-13152 3152 2688 8301 -3397 -5722
-12088 2040 3240 8539 -3762 -4123
-9852 1732 2096 7503 -1145 -3747
-15372 3012 3656 5552 -1649 -2432
-17872 2108 896 2334 2319 -545
-22940 -2052 1748 1493 2433 -1926
-22320 1320 644 -506 -2723 -2935
-18168 -348 -2636 -6118 4372 -20
-20304 732 1372 -4708 2040 1702
-13080 -2200 -1796 -2826 -1024 -349
-11852 -916 -2124 -3965 -539 -1907
-15232 -2896 -992 -2476 155 -1718
-14524 -2872 -800 -1013 410 -1915
-14536 -1928 -1048 -942 888 -1101
-16188 -2832 -944 -472 979 -17
-14648 -2664 -308 361 677 501
-14600 -2236 -648 367 1467 776
-16492 -3004 84 2489 1021 333
-15140 -2536 232 2989 -585 201
-14908 -1712 600 3430 -1206 383
-14828 -396 352 4077 -664 1058
-16600 632 588 3487 -600 1074
-15428 936 1308 283 -1486 1289
-14076 -508 1424 -1876 -1484 2513
-14252 -580 2476 -2863 -1618 3157
-14692 264 2284 -4666 -1047 3734
-14276 420 2880 -5637 -208 5000
-13392 -580 2752 -4649 -773 5617
-13272 -1236 3004 -3640 -1727 4450
-12432 -1328 4540 -2368 -1440 2255
-18520 3280 1260 -2683 -4021 2712
-21244 1632 1848 -828 2047 1183
-14036 3188 1624 3519 7044 1325
-12876 508 792 4676 4983 902
-12496 1104 -416 4408 3174 -124
-16672 2964 -592 6968 4450 536
-17280 3844 -1524 4973 3139 946
-15672 2360 -2108 5409 2916 1256
-16956 4196 -3536 5579 888 1135
-16612 5440 -4840 3789 -668 723
-15556 6832 -5380 791 -198 204
-16132 4852 -2876 -1800 -2081 -211
-15372 4976 -1404 -2898 -2857 143
-12984 3328 -572 -2686 -3435 -60
-13224 3028 -72 -1870 -3834 -702
-13608 2440 1364 -86 -4187 -1385
-12964 2360 2680 1881 -4182 -1878
-11372 2768 3124 3402 -2954 -2227
-10720 1912 3496 5670 -2467 -3347
-8312 1440 1060 8168 -2744 -4166
-11192 2636 2648 9019 -2030 -5503
-10408 2220 1628 9252 -2009 -5316
-11192 3148 3032 7506 -784 -3969
-18400 1336 3252 7170 -2914 -1914
-32768 3484 1600 4976 -1593 457
-22256 -2328 2092 -1953 1675 -1162
-19232 2816 3252 -105 -3150 688
-12224 -356 -456 -856 -2037 1569
-11192 -916 -704 -2434 114 231
-12488 660 468 -1377 735 1542
-13468 584 264 -1763 2169 1100
-15704 1812 1324 -2659 760 1122
-17452 1512 1532 -2907 102 1359
-16248 912 460 -2034 654 496
-13644 596 112 -1314 208 -102
-14448 -60 736 -897 -636 -402
-15448 -12 2008 -907 -661 -626
-14244 600 2308 -1106 -361 -346
-14328 1684 2912 -2161 566 326
-14576 1684 2584 -3848 1280 1202
-14184 872 2376 -5256 1059 1767
-14536 1444 2296 -7113 1577 2705
-14828 2020 1808 -9959 1952 4235
-14300 1820 1812 -12677 1857 5839
-13908 1792 1636 -14839 1702 7210
-13472 804 2200 -15891 2439 7377
-10856 -228 912 -16719 3136 6704
-11876 -732 2032 -16430 3405 5781
-15356 764 1932 -16891 4699 4862
-19984 4220 2196 -13268 5771 4538
-21560 5264 2332 -11284 5920 3114
-15508 4784 -32 -11549 6427 2340
-15652 3152 -996 -9555 3483 2174
-13856 3620 -1312 -8096 2563 1706
-14636 3492 -1592 -7108 1343 950
-15788 3664 -452 -6015 223 638
-15264 4144 184 -4733 -554 942
-14688 3896 24 -3884 -909 1079
-13912 4300 692 -2510 -944 1106
-14140 4320 1008 -2201 -1446 1283
-14484 4080 1100 -1308 -700 1417
-14068 4148 1412 -401 -275 1630
-15184 4824 2028 19 -488 2146
-14244 4644 2216 425 -677 2051
-13508 5464 2120 94 -573 1795
-13544 5796 1996 242 -570 1571
-12708 5384 1864 664 -426 976
-12392 5280 2980 1321 -940 -136
-12928 5472 3200 1818 -1489 -1050
-12376 5736 2676 2682 -1156 -2018
-11332 5220 3060 2316 -770 -2754
-11372 5356 3028 2583 -30 -3097
-12128 5484 3984 2545 -155 -3475
-9964 4708 3636 2772 -88 -3746
-10168 4424 3048 3088 1450 -3921
-17236 6764 2424 1707 6585 -2612
-23792 3144 1988 -133 6668 -2635
-20840 760 -784 -3488 4526 -4679
-18184 5256 -2744 -5112 5066 -1307
-16084 -976 -4952 -5304 5294 374
-16420 128 -5052 -4912 3079 34
-18436 -1356 -5712 -2008 1562 -1272
-16536 -2544 -5672 -1066 -1066 -2672
-15992 -512 -4268 -881 -1735 -3104
-14928 660 -2960 -144 -3435 -1948
-13736 -628 -2652 401 -4598 -1445
-14104 -1784 -2804 -148 -4108 -2308
-13068 296 -1252 -1791 -2921 -1045
-14156 -1132 -816 23 -1969 -39
-14308 -1788 -784 -1885 -1070 614
-13928 -1092 4 -2180 -412 1444
-15248 288 796 -2474 -1503 3099
-12212 816 916 -3845 -1351 4746
-16772 -180 1996 -1931 -3499 5351
-15844 672 2176 -4434 -2842 5070
-10276 2520 2060 -5624 -1938 5830
-13140 2524 3724 -5719 -2164 6090
-11332 340 2344 -6054 -1132 5109
-11032 940 4268 -8294 -1159 3137
-9396 1084 2660 -5636 -1056 5534
-9592 -160 5928 -3374 -2441 3921
-6088 -1212 3712 -2569 -1713 1442
-14704 7612 4948 112 -882 -343
-23556 3720 -1392 6604 11093 -2164
-17344 5620 4244 2805 4926 -3665
-7324 2712 -2384 -18 -52 -7590
-18936 -1960 -4532 5922 10007 -11625
-21476 4320 1088 3328 9661 -13577
-15924 -1688 -5136 -2614 12681 -13416
-23832 -1680 -4668 2608 9722 -6066
-19544 -3676 -6332 -375 7340 -2462
-24356 -2796 -5832 877 4102 1890
-19836 -3644 -6440 1959 85 5707
-18964 -1704 -6040 1960 -1406 6557
-17596 -932 -4912 865 -3335 7725
-14564 576 -5448 534 -4909 9080
-11688 856 -6184 152 -4702 8873
-11832 3812 -4624 682 -5157 8033
-12120 3872 -3612 760 -5603 6112
-13120 3580 -1928 362 -5365 3327
-12792 3772 -1052 287 -4936 1033
-13604 4524 284 -629 -4543 -441
-13624 4012 2344 366 -4663 -934
-12420 2588 2120 1626 -5740 -1790
-9984 2512 924 3115 -3126 -1468
-10740 3300 2920 3138 -4761 -2657
-9272 3620 2816 4576 -5379 -2997
-8836 2792 4208 5571 -1807 -3474
-10872 3068 4996 6490 -1032 -3273
-18872 1828 5784 7810 5663 -2699
-17492 -1084 -1872 -380 11507 -2241
-22788 3872 2024 2342 3999 434
-17764 2300 -4048 3523 8356 3852
-19088 3588 -2492 904 4714 1670
-13836 3516 -4096 3275 3038 1884
-16456 3584 -3972 2329 1056 -94
-15140 3124 -4316 -471 -157 -1303
-15696 3364 -3608 -975 -1624 -1932
-16068 2956 -3500 -2431 -2564 -1980
-15496 1588 -3692 -2173 -2859 -1537
-16336 676 -3356 -699 -3485 -516
-15464 1508 -680 -1463 -3035 538
-14376 2260 -516 -1088 -3966 1287
-13144 2764 -236 -2081 -3447 2235
-13096 3108 -8 -3229 -3397 2874
-12684 2704 2240 -4108 -2520 3007
-11976 2052 1444 -4573 -2532 3340
-10556 1240 1580 -3766 187 3932
-10724 3540 1804 -3742 1154 3468
-10760 2592 2452 -4977 1313 3328
-8584 2352 1324 -4543 645 2266
-12980 2568 6628 -3530 2146 586
-5856 2340 1672 -4348 5669 66
-11744 4548 2136 -3734 1605 814
-25640 6776 -1964 1426 9733 -955
-31348 10908 2376 99 8462 -1065
-21392 2184 -2288 695 2898 -2735
-21264 5308 -2552 611 1006 169
-18604 4256 -2832 1145 314 2303
-15548 2964 -2252 3188 -1927 4090
-12796 3272 -3060 3612 -3078 3294
-11960 5224 -3092 3814 -1200 3944
-12244 5020 -2576 4802 -1993 4094
-13196 6516 -3060 5051 -865 3696
-14052 7312 -1628 4306 -949 2762
-13980 7976 -1540 3736 -1543 1174
-12824 7284 -1888 2528 -1185 -1080
-13060 6560 -1484 1772 -946 -2702
-12800 6240 -448 2336 -1597 -4050
-11372 5144 312 2145 -2357 -4815
-11536 4672 984 2681 -2536 -5767
-9496 2720 680 4705 -3568 -6550
-6168 1568 -2352 5572 -5442 -8679
-13132 2360 4032 5634 -1798 -10946
-10884 4260 2900 4461 -2811 -8084
-9024 852 2836 5574 -3275 -6357
-14876 -904 164 8246 953 -7029
-32768 2072 -4576 3881 7869 -2495
-31396 -5308 1860 2479 2585 -3886
-20936 232 -148 1247 -3357 -2216
-17296 -1420 -2696 103 -2294 -919
-16528 -1760 -776 581 -2864 -276
-13124 -2352 -1424 -727 -3579 -748
-12476 -1652 -284 -2231 -2743 -198
-11888 -1732 -1140 -2002 -1447 1745
-13912 -1744 -728 -1904 626 2778
-15400 -2208 984 -769 621 2947
-15404 -1588 984 227 720 2821
-17396 -224 2144 558 1474 2912
-15248 236 2092 560 1684 3194
-13468 1068 2100 249 868 3750
-12288 1292 1356 -402 -63 3890
-12712 1508 1732 -1359 -373 4184
-13944 1876 1852 -2012 477 4653
-11756 1404 620 -1866 328 4422
-9020 1872 2332 -2548 553 4618
-9120 1920 48 -3245 -317 4726
-13180 3120 3900 -3511 2167 5098
-11940 2100 5780 -3044 -1227 4744
-6524 356 3088 -127 -3671 2325
-15904 9308 1824 1131 -3731 1848
-27196 8368 -7476 6618 10150 1593
-29996 11056 3640 4097 3171 456
-18812 5076 -708 5401 2094 -1174
-17096 6248 -2164 7487 1016 -1806
-14768 5744 -3288 4212 959 -2516
-13940 5580 -3756 3796 -435 -1588
-13444 4636 -4112 3140 -342 -791
-14264 4932 -3476 1315 -1456 -993
-14648 5088 -2528 742 -2418 -920
-14176 5192 -1636 239 -2237 -815
-14088 5076 -1092 -279 -2482 -979
-14068 4572 -1036 -846 -1748 -1329
-12912 3808 1824 -186 -1918 -2026
-12052 3268 1252 777 -2612 -2846
-15248 4388 1980 1651 -1406 -3171
-15120 4032 2812 2546 -958 -3449
-11904 2512 2696 3209 -1852 -3418
-12248 2884 1980 3994 -2515 -3923
-11968 3024 2300 4409 -1207 -3269
-9364 2080 2128 3705 -1748 -3212
-11096 2908 2380 3789 572 -2886
-8524 2508 2880 3363 -910 -1877
-9360 2632 4148 2640 -1494 -2208
-11712 1972 2612 2351 -1436 -1060
-26032 7060 -2720 -870 6884 1401
-32768 -7184 2588 1582 5575 -1513
-20060 1680 -1456 1904 3470 -2006
-18484 256 -3944 -1009 2518 -1866
-18704 772 -2140 -1581 2155 1080
-14760 -304 -3212 -1841 1013 1402
-14000 -252 -2440 -2485 117 1291
-14388 -916 -2932 -1338 -679 1228
-15240 -356 -2676 121 -814 764
-14852 396 -1944 228 -1060 1140
-15156 840 -908 1275 -1558 1404
-14472 1160 -392 1529 -1635 1465
-14840 1704 8 1199 -1452 1479
-14896 1468 820 498 -1408 1452
-13924 2108 1684 -271 -992 1824
-13512 2056 1692 -1323 -390 2265
-12188 2824 1860 -2544 391 2901
-13452 2628 1464 -4246 1217 3341
-14060 2260 1740 -5506 1950 3632
-12944 916 2264 -5892 840 3582
-12604 1168 2640 -5291 907 3837
-12904 1516 3740 -4688 -52 2779
-12400 4192 3472 -4179 -458 2029
-27284 8764 6316 -2854 -2112 -394
-11592 2736 -3620 5792 5796 -2756
-22404 5084 828 -1083 2213 -2338
-15568 4292 -64 1847 3793 -1831
-13228 4608 -2628 3939 2806 924
-14712 3064 -3804 3294 3570 -37
-14568 4240 -4320 2463 3585 558
-15476 4620 -4304 1817 2510 1627
-16352 4860 -4336 1680 1124 2027
-16248 5388 -3760 1253 73 2158
-14988 5496 -3600 516 -797 2343
-14524 5648 -3632 100 -1660 2100
-14044 5624 -2288 -55 -1931 1413
-14100 5468 -1568 142 -2797 504
-14264 5500 -352 187 -2905 -263
-13784 5640 -348 1193 -3174 -1099
-14288 6108 676 1165 -4177 -1531
-13532 4400 2492 873 -5627 -2091
-11092 3808 2448 2451 -5421 -2168
-12292 4216 2792 3357 -4776 -2707
-11904 3388 3780 3945 -5084 -3430
-7796 1992 2580 5569 -4015 -4207
-9100 2676 4104 6849 -2863 -4962
-5032 1804 2644 6811 -2948 -5095
-9536 5844 6304 6664 -1069 -3892
-32768 10244 5244 7088 4928 -1076
-29152 -4248 4244 4761 9060 -5097
-20332 2032 -1424 4874 3061 -6957
-13780 3808 -3360 1833 4599 -3885
-14012 -60 -2468 -1794 4202 -1772
-13236 252 -2508 -2253 2368 422
-14476 -60 -3736 -1731 2027 338
-19084 -416 -3416 -1205 1391 28
-18008 -828 -4800 -584 1345 -102
-17124 -800 -3424 -380 -291 154
-15572 272 -2616 -97 -1809 1017
-14880 -72 -1916 1748 -3027 1497
-15592 1128 -956 1541 -3766 1776
-14796 1452 -412 1184 -3600 2271
-14304 2108 652 592 -3683 2535
-14276 1960 1608 -806 -3562 2433
-12576 1772 2040 -2190 -2715 2433
-12648 1552 2272 -2432 -2034 2377
-11772 1716 1912 -3820 -1596 2473
-10780 1620 1692 -4912 -458 3035
-8124 700 1060 -4690 899 3476
-10184 2644 2024 -6103 568 2585
-11848 1744 3360 -5831 -1761 1667
-7256 1272 3696 -5815 -2481 1957
-16416 4624 984 -2620 -4818 1883
-31688 7220 -2080 2710 8767 856
-23008 5820 4828 4657 7476 995
-20188 7020 1712 4271 889 -478
-13456 4384 -56 5860 1040 138
-13972 3176 -828 6113 1119 -1379
-11900 3680 -488 3631 667 -2297
-13468 4216 -792 4128 -1157 -2825
-13952 4896 -1152 3436 -519 -3197
-14872 4336 -480 1530 -354 -3683
-13864 5076 -1320 -173 -288 -3287
-15540 4968 -888 -2596 435 -2620
-15944 2424 524 -3321 -230 -2133
-14792 1428 1292 -4151 -1103 -1640
-14252 592 4648 -2584 45 -268
-16064 1996 3528 -2331 -3009 1757
-13788 876 2760 -1378 -3654 903
-11212 1536 3340 1471 -3613 -1011
-10696 948 3640 4187 -4139 -1961
-11020 976 3456 5971 -4388 -2512
-8544 2444 3152 5927 -2747 -2273
-7336 3432 2952 5786 -2303 -1093
-8404 2948 3520 5556 -1493 -165
-25920 6664 5152 4071 4974 1379
-32176 -1392 8336 3694 5231 -2688
-18944 -60 1960 4772 2469 -4267
-14140 748 -1332 2716 1623 -3551
-16960 -820 -1720 4069 4668 -1746
-14820 -12 -580 4067 3686 -1824
-14332 -160 -1440 2818 3106 -1494
-15288 -292 -1500 1482 3417 -915
-15704 860 -1904 368 2963 -40
-16336 -68 -1720 -44 1642 270
-16980 -780 -1440 116 893 413
-17360 272 -1852 71 -28 383
-16460 -708 -1596 615 -1083 12
-15828 -1684 -532 2633 -1462 -629
-14656 -544 -236 3383 -1864 -569
-13624 -240 -364 3484 -2731 -613
-14068 184 916 3428 -2798 -136
-14824 640 1452 3449 -2186 588
-14748 -92 1388 3117 -1790 1137
-13780 764 1404 2371 -1600 1436
-12280 288 1328 1774 -1499 1762
-13456 388 2376 768 -1457 1963
-12544 1020 3220 -731 -1101 2571
-11060 852 2144 -1313 -591 3011
-9452 636 2924 -2772 305 3199
-8788 1872 1116 -2243 -1022 3938
-12836 1200 5444 -2949 -1089 4546
-9628 4 3704 -3695 -1665 5668
-23492 7112 7724 -3515 -4942 2914
-24196 6952 -840 1852 8591 2818
-24440 7076 5056 1155 -144 3546
-13832 4096 620 6019 2764 1582
-12996 6576 -936 6662 1764 -761
-14484 3472 -1956 5013 4427 -1682
-15216 5528 -1124 3394 3576 -1126
-15204 5392 -2060 3418 2660 -435
-15292 5344 -3104 1626 2756 575
-15876 5748 -3444 1126 756 176
-14920 5932 -3500 303 -758 255
-14396 5952 -1956 -822 -1062 720
-13264 4348 -1080 -1061 -1129 1429
-13452 6312 -2228 -892 -1053 2708
-16180 5720 -192 -43 -659 2104
-14444 5836 1316 -289 -1135 607
-12932 5332 1040 753 -1513 -473
-12880 5836 1184 776 -2542 -1265
-12812 5292 1944 1747 -2427 -2096
-11640 4484 2108 2877 -2596 -3140
-11576 3904 1744 4159 -2454 -4245
-10424 3676 1832 5315 -2704 -5115
-9764 2588 2460 6623 -3352 -5610
-9156 4904 3132 4710 -5043 -4947
-9644 5124 3176 2811 -3938 -2538
-10296 3076 4584 1457 -3567 224
-28152 10044 2064 -516 3007 2641
-27964 -1396 1456 -1929 8244 757
-22284 4388 1772 -1742 652 -2365
-15216 3720 -1920 -2277 2931 -855
-17196 1360 -1304 -1964 2649 -2533
-13932 868 -1908 -568 1984 -2995
-12268 1636 -2016 -2893 1437 -2455
-13112 -472 -2904 -1951 1893 -725
-14564 -452 -1940 78 1645 -837
-16928 -36 -1336 409 901 -976
-17172 900 -380 1092 281 -240
-16428 984 -584 2351 31 586
-14660 1476 -288 2410 -1408 592
-14540 1388 584 2015 -2100 1016
-14548 1964 1024 1424 -2033 1515
-13652 2264 704 24 -1562 2084
-13680 2372 1144 -1588 -1267 2542
-13180 2656 1860 -2978 -756 3155
-12236 3188 2108 -3789 129 2818
-11040 1468 1844 -5774 204 2935
-8952 488 -244 -6100 96 3097
-9668 280 1816 -6385 1161 2052
-8700 -440 2604 -6469 -37 2061
-10292 1544 3776 -7043 -2098 3004
-18768 7760 7376 -7685 -1545 2785
-24864 3896 -1412 3911 10783 875
-29468 7716 4096 -2206 1744 -1244
-18388 4360 196 628 4852 730
-19064 4580 -548 4016 1041 1972
-12008 3152 -1264 4097 1581 2047
-11016 3852 -2384 5061 480 1342
-11920 4312 -2320 6020 -2 1496
-12408 5192 -3004 5923 -239 523
-15240 5196 -2148 5589 -419 -1066
-15156 9688 -6416 1390 47 -2854
-15360 8108 -4000 -2939 1385 -2457
-16180 2960 -976 -3678 -2589 -3129
-14892 4016 -608 -3046 -3157 -3082
-15176 2640 912 -3583 -4454 -2765
-14740 2920 2628 -1735 -5519 -1462
-14316 -672 3716 2710 -5399 -1366
-10780 1728 3092 5393 -4268 -1919
-11384 1792 3692 6936 -3276 -2849
-11024 1956 2348 9602 -2295 -3990
-10648 1472 2100 11026 -2607 -5178
-6584 2768 1084 9409 -2602 -4668
-8184 3632 1632 7884 -285 -3496
-9868 4284 3008 6262 -1313 -1473
-24548 5260 6920 8244 -4978 -671
-26944 -1704 -2732 280 6938 236
-27856 660 4600 2291 -452 -1091
-15824 492 336 2633 -414 -563
-15148 2892 1240 78 119 -1548
-13488 340 748 1266 719 604
-11244 1324 -492 957 -28 -335
-12848 688 -132 263 952 -435
-15100 -72 76 1861 1548 -831
-16048 -140 520 2652 1922 -1797
-14524 1068 -208 2100 2911 -1455
-16488 228 -208 3217 2998 -1428
-15836 -320 -620 2848 2192 -2129
-14688 260 396 2329 595 -2012
-15180 544 272 2536 -60 -1281
-15528 728 112 1802 -55 -721
-15700 164 -284 1906 -481 -213
-16220 64 480 2074 -688 67
-14504 -304 636 1843 -413 -641
-16024 640 552 846 -935 -871
-15140 604 792 -169 -651 -101
-14668 432 608 -744 -938 119
-15792 648 172 -1030 -643 1263
-15248 592 500 -654 -386 974
-15456 300 152 -65 -193 920
-15384 712 392 409 -270 1388
-15492 540 768 362 -764 1602
-15468 1080 1104 297 -1001 1750
-15236 1532 1308 420 -1353 1798
-14792 2044 1440 424 -1633 1897
-14824 1984 1660 210 -1511 1912
-14416 2412 1676 112 -984 1561
-14676 2364 2220 435 -1122 1114
-14784 2356 1724 628 -1472 907
-15084 2196 1952 646 -1630 491
-14644 2244 2072 1022 -835 97
-14748 2912 2336 1145 -1074 -60
-14356 2472 2224 1100 -792 -91
-14480 2652 1812 1318 -277 -25
-14500 2700 2448 1091 157 -37
-14608 2684 2092 571 109 -344
-14880 2036 2748 854 -372 -445
-14756 2052 2792 1462 -79 -368
-14304 2024 2780 1759 -143 -168
