17156 -1940 -3444 417 44 154
17068 -2012 -3236 415 3 123
17128 -2004 -3284 472 -53 66
17008 -1996 -3284 394 92 -89
17164 -1860 -3448 335 72 -77
17084 -1952 -3448 410 149 -95
17064 -1928 -3328 400 138 -56
17192 -1808 -3472 340 63 -33
17044 -1900 -3332 476 64 -73
17124 -1808 -3308 277 10 -79
17120 -1864 -3432 319 -94 -43
16992 -1936 -3248 386 -56 -28
17168 -1768 -3228 335 -53 -12
17180 -1828 -3316 383 -74 -16
17112 -1896 -3440 375 -71 -25
17052 -1824 -3232 361 -106 -45
17196 -1900 -3384 387 -138 -31
16984 -1940 -3472 412 -137 -57
17036 -2012 -3308 528 -86 -155
17128 -1992 -3308 609 -77 -218
17184 -1604 -3528 599 63 -226
17176 -1716 -3432 456 123 -116
17256 -1708 -3300 363 66 9
17256 -1796 -3364 383 -16 62
17004 -1900 -3320 437 19 3
17152 -1848 -3292 429 34 11
17188 -1924 -3360 441 72 35
17120 -1764 -3164 491 67 40
17092 -1816 -3476 471 111 27
16988 -1880 -3192 363 125 77
16740 -1960 -3044 183 99 38
16644 -2392 -3172 97 177 -419
17416 -1684 -3420 -227 184 -991
18160 -1740 -3776 442 656 -1296
17828 -1192 -3796 703 1022 -1112
16744 -1120 -3036 611 625 -595
17124 -1384 -2976 536 189 -357
17572 -756 -3108 -3080 -2170 1464
21400 3636 -5108 -2280 -1767 7581
28512 -1744 -6172 2753 -1615 15681
25092 -580 -6404 -1400 -2628 20746
17484 4516 -3268 2877 -2011 8177
11244 1516 -4016 910 -1005 -1256
8764 492 -3392 -2590 -168 -8539
10360 -2876 -5284 -10343 -863 -12980
13476 -6292 -6424 -13052 252 -14444
11396 -14000 -8740 -1345 -401 -12774
32116 -32768 12640 6730 -4853 15981
22564 15604 -14732 -10412 7697 3856
10732 -11032 -404 2532 -857 6723
17904 -5804 -4312 -1946 1018 1692
16876 -5504 -5596 1848 -127 -1036
17104 -4448 -5100 431 519 -3589
16932 -2844 -5612 2454 1697 -4366
16636 -1544 -5260 1785 1752 -3722
17000 -1412 -4976 1536 1040 -2000
16048 -1084 -4192 1772 1342 341
18776 -1480 -3036 781 4411 1666
16036 -3272 -4108 -2024 3189 2617
17832 -2268 -4316 547 1917 3644
18448 -3760 -4084 3160 -369 5317
25648 -3700 -7848 2855 940 5250
21620 2620 240 2371 -2705 11712
23732 -6008 -3192 -1019 -7904 17849
26868 -4460 -9864 7557 -3669 15952
21580 748 -9880 -2718 -2857 13795
15720 2812 -3308 4862 -2035 3610
12556 3480 -112 6807 -2688 -6066
5988 -3044 176 -3219 -5968 -13250
10496 -4524 -2248 -9412 -413 -22719
11588 -11740 -4000 -6528 323 -22695
9108 -20952 -4484 -2337 1687 -17367
4760 -23672 -4864 -563 470 -4781
17920 -32768 3744 13537 -8261 1983
30480 6184 -12416 -2218 5389 5574
15492 -5652 -5668 4077 -2384 990
15820 -2728 -6340 1686 -1424 -1427
17840 -1312 -6012 1284 903 -1128
17212 -2236 -5052 1361 1296 -809
16616 -1284 -5060 628 1116 -512
17368 -1360 -4976 1238 689 714
16584 -2420 -5100 1368 924 1513
18560 -2696 -3312 1800 4155 1445
17088 -3276 -4200 2592 4778 1556
17544 -2292 -2736 5025 1546 4865
24184 124 -4648 2010 -604 10981
30252 -1096 -1264 1070 8701 15440
31696 4588 -5112 -8990 -9037 29316
21196 -10960 -5752 -2795 -1565 20333
14452 5244 -6068 1348 212 5813
10768 2748 -4348 -955 1283 -5655
9448 -500 -4236 -562 -3845 -12370
10796 -2704 -5100 -2342 -1661 -20108
10304 -4736 -3504 -2035 -402 -24361
8236 -8772 -2684 -3288 -2294 -23522
9088 -21340 -5352 -6089 -3105 -17301
14624 -32768 -4724 3964 -19787 -1690
32767 21392 -25812 -10741 20969 -2786
14628 -5700 -6376 4935 -2255 3297
17224 -3848 -6720 1256 -2309 -627
16876 -1256 -6768 1735 1417 -2377
17088 -1388 -4768 2732 1213 -1956
16776 -428 -4888 2598 385 -719
16892 -1248 -5096 1477 -592 836
17456 -1244 -4840 1941 1 1315
16968 -1152 -4868 1186 566 2234
14616 -2580 -1452 2472 11449 734
17068 -2880 -3156 536 11501 1589
19500 -2532 -3888 1566 1508 4614
21596 -4256 -160 7003 -3569 8110
29168 -480 692 2626 838 10602
27140 4688 -11592 -3603 -9216 16860
29956 -11040 -3640 4590 1233 12282
18768 340 -4604 10348 -7353 11490
15888 6492 -5244 7088 -4894 5571
14840 5920 -2424 -2851 -1085 -4046
13128 1500 -3408 -6614 -763 -10951
13736 -2208 -2984 -5262 -766 -16819
12456 -4376 -3588 -4625 -391 -20591
9648 -7820 -2796 -4231 -212 -20644
7132 -19900 -4636 -5204 2515 -16316
2152 -27296 -4192 -1247 2170 -1610
32767 26884 21784 3100 32767 3090
20024 -18316 5032 -3909 1968 6384
16580 -4000 -3648 528 464 2551
15300 -4308 -5268 1987 -1980 1099
16776 -4320 -4056 2722 -1331 -537
17240 -2752 -4184 2752 -771 -752
16960 -2044 -5300 3297 -464 140
16868 -1844 -5520 2586 -279 1357
17112 -3884 -4604 1640 442 1943
21452 -4284 -2276 3158 7087 1259
15788 -3432 -3820 1733 10892 518
16632 -4136 -3292 3849 3757 3695
18532 -3372 -1404 3693 -958 7266
25556 -1120 -2324 1434 3093 8277
28360 1292 -4028 2666 -5891 18920
29784 -10792 -6560 -5184 -10998 24717
24008 -7668 -3112 2194 507 17560
13648 2064 -4900 2021 -3891 8386
11260 2164 -2960 1801 3984 -6117
8636 1236 -3412 150 2028 -14909
9808 -1172 -3520 -2561 -2232 -21359
11700 -3904 -3380 -2101 -4619 -25417
12436 -7260 -3588 -1694 -5382 -25848
14260 -16636 -4520 -3761 -5657 -21597
13344 -28232 -3768 3570 1812 -10116
11064 -21060 -6564 -1369 2328 7578
32767 -7708 6924 -4717 -6760 6124
6952 -5216 -3380 -8486 -2389 7401
19560 -4332 -3692 853 1822 1928
17872 -1992 -3872 5005 -1376 -766
16216 -3320 -6052 6292 -1362 -1069
16976 -504 -5276 3922 -48 -962
17328 -1428 -4456 3013 -610 431
17044 108 -6360 1519 342 1462
17708 -3632 -3444 725 1677 2977
17656 -1348 -3156 3169 14242 -403
16996 -1584 -3500 800 2125 5618
18720 -3020 -1620 2607 -300 7311
22312 -2964 -1816 927 4302 7427
25944 -152 -84 3498 -3523 13656
30656 3264 -2344 -4367 -22447 23274
29668 -9496 -9704 -9340 -439 20832
19640 -1752 -5136 3271 -3320 13694
10336 6684 -5952 4553 -2858 4096
12196 4020 -3148 -1631 6035 -11206
8372 1080 -3520 -5673 3919 -19242
8532 -2384 -3176 -7239 3781 -25776
6140 -6224 -3796 -5075 946 -26888
10328 -19524 -6580 -5288 -1757 -23168
25756 -32768 -6460 7027 -2239 -249
16980 32767 -10116 -2194 5373 -3755
15748 -7084 -2404 -448 -418 5691
18168 -4504 -3444 473 -1069 530
17312 -2976 -4588 -524 -1640 -1705
17516 -2280 -4652 1739 -2182 -3139
16968 -272 -4268 5058 96 -2507
16500 720 -5908 3782 653 -104
18200 -908 -4356 515 1776 2165
20592 -756 -3916 432 7023 3588
15052 -2324 -5640 -4207 19371 630
16732 -2584 -1092 -771 10968 3035
18732 -3064 452 1700 1970 5214
25672 -1176 2224 -2142 -826 9147
28568 -1152 3848 -1428 -10096 19283
32312 -7172 8668 -6366 -14369 29037
20676 -7160 -7200 -1712 -7736 18960
14816 8264 -3892 11146 -7494 6324
10432 3052 -2360 5892 -4271 -5161
9212 -388 -5396 -4924 -1634 -13082
8568 -4228 -5160 -8501 -3837 -15767
5360 -7644 -4944 -5114 -2956 -18324
5564 -12156 -3576 -5785 -3740 -17019
6604 -25364 -4928 -7312 1432 -11277
8480 -32740 -6488 -3444 3048 4833
32767 13108 -14144 -2065 7325 -1646
11512 -9180 684 -607 5586 4175
18180 -4312 -1144 -1157 10 -1097
17240 -2432 -4152 826 -1774 -2751
16600 -1180 -5204 1174 -398 -2402
16916 -376 -4948 480 -15 -1188
17280 -84 -4804 -689 606 276
17640 -836 -4492 154 916 821
7976 -1208 -7728 -4444 7917 1283
15708 -2248 -2632 736 7762 3387
18204 -2084 -1600 3846 11004 4280
20336 -2600 480 6746 -733 7322
25440 -3096 764 3827 2058 8243
27388 1444 960 880 -604 13327
23076 -144 -2032 -4718 -18738 18907
30432 -10792 -6700 1383 -5446 17877
21416 -412 -2988 12855 -7948 13633
9880 3692 -2536 13195 -7232 3479
11468 2936 -2288 3240 -2841 -6894
10616 -32 -1856 -3581 -2575 -13502
10164 -1724 -3156 -5370 -4312 -18218
8076 -5628 -2468 -3654 -2713 -21591
9076 -11252 -2188 -6407 -2953 -20496
10368 -27512 -7152 -7730 2388 -11810
18968 12328 -2660 14709 10031 6991
32767 -13168 -2276 -3607 9965 3616
16548 -5856 -4500 227 984 1277
17704 -3828 -4760 -548 -203 -955
17064 -2772 -4516 -323 -129 -1625
17024 -2248 -6924 1107 -2 -717
17068 -1716 -3700 641 724 -138
16852 -2352 -3444 1296 295 1059
17116 -1928 -4320 1636 -3 1949
20324 -4056 -3464 2129 9484 119
29500 800 -4756 -4017 16610 570
18636 -2400 -1228 4388 488 6745
25876 1308 -332 931 -10531 13864
29656 -1084 -2580 49 8074 16795
24696 -6888 -3444 -3661 -13913 23817
22960 -7500 -1872 611 -4305 14745
16588 3828 720 10166 -3316 3390
13448 4496 136 5430 1538 -5808
11484 1416 -2284 3131 2249 -13964
10080 -2312 -3096 2097 3411 -18248
10720 -4228 -3476 1433 -851 -19850
5568 -14004 -3568 -1534 1972 -19609
5128 -20736 -6332 -4071 365 -11750
28748 -32768 25708 13583 -13813 7862
19044 9368 3084 669 4062 5384
16228 -8128 -3448 1344 -1046 2537
16988 -6720 5220 8 -888 344
11784 -13432 14592 -9524 9502 -307
22728 5352 -8496 848 -1129 -2073
18352 -380 -4804 -829 -1251 -2086
20028 -2248 -2276 -1482 1316 -1840
16864 -524 -3840 -2419 3465 -1179
9680 -7524 -2908 657 32767 -13686
17540 -1636 3700 4423 2532 5856
18404 -7892 3828 4317 -4996 9841
31324 7204 -4020 -3359 18171 7110
21636 -476 2988 -251 -9024 10593
23892 -7872 420 693 -7357 13177
24180 1240 -72 -3931 -8608 12080
19844 2360 -1876 7803 -11014 10394
17004 2356 -4436 4054 -3253 3040
16200 2604 -5652 -3941 -4120 -1977
13232 228 -6180 -4320 -6767 -7282
13892 -1908 -4600 -4551 -7050 -12842
12172 -4704 -3096 -7947 -4992 -16719
9320 -9204 -1360 -9834 -2819 -17311
5944 -16088 -2404 -10071 -1797 -12558
9492 -32768 -16528 -11612 -12920 2104
28156 29364 8368 1514 11330 3210
14216 -12912 216 2058 3316 5935
18964 -5728 -784 -1011 2324 -641
17956 -3708 -2576 1513 -992 -1125
17112 -2620 -5228 3128 -1091 -1807
15740 -1868 -7104 3885 -319 -1823
16668 -764 -5576 3277 904 -1635
17404 -1104 -5884 959 1145 -228
23424 -1176 -3740 898 12912 -1402
14364 -4280 -1240 -1315 3039 4265
16944 -2832 -3976 2273 4791 6483
18284 -4060 -1180 7117 2535 7577
23396 -2232 604 264 5566 6743
24148 -2876 836 396 7040 7265
29188 5540 -1468 -4744 -15565 10325
25976 -15464 -3104 760 -17782 23260
21428 -384 -4400 4705 -4185 13014
15316 -2392 -3832 3383 -5129 6007
11904 368 -4772 -2873 -4112 -696
11404 68 -3772 -5379 -2541 -8047
10712 -632 -1488 -5867 -2985 -13039
8824 -2536 -976 -4322 -458 -17742
5848 -6244 -2292 -2037 1927 -20188
4592 -16052 -4192 -4509 -868 -16428
9848 -32768 -14168 -2281 -7255 -2927
16560 14300 4292 10892 3792 5823
24932 -2484 -1124 -4346 6389 -936
22928 -4288 -6596 -376 937 -2978
19140 -1352 -5428 -59 -13 -2194
17096 16 -5232 844 623 -2152
16732 -700 -3296 1453 -545 -544
16412 -124 -5000 982 65 467
16612 -1516 -3796 796 75 688
16236 -508 -6728 1368 535 544
15296 2268 -3472 -1894 5142 337
17848 -1304 -3948 2543 2067 4059
19612 -684 -4036 4484 1006 6567
22284 -1836 -3316 1416 3981 9018
22528 -5480 -856 3191 424 10675
25108 1860 -16104 -5697 -9187 15353
31368 -10796 -8036 11309 -2249 22894
24228 5204 -6076 7886 -5376 24052
16012 12000 -4704 4388 -5666 9491
12664 10164 -2608 -55 495 -7221
11592 6900 -316 -5053 1671 -21007
17820 572 1812 -6565 -1245 -30017
16988 -7104 -144 -5524 1112 -32768
13044 -27076 -4788 -4335 4667 -27181
5676 -32768 -12708 -6717 -1766 3889
31356 29344 -7340 9486 1583 4627
13280 -9440 1056 -281 -2777 7491
17224 -3996 -4112 -828 -1826 1612
18064 -3604 -3536 285 -1280 -1063
18228 -1220 -5196 1501 -1823 -2825
17144 -176 -5616 2815 938 -2468
16636 -64 -4828 1256 85 -958
17072 -456 -4480 3371 -1296 294
22064 808 -4024 -1363 13927 857
19560 -1300 -2756 -596 7515 2941
16792 -664 -960 1736 6140 4770
15992 -3648 -1064 461 1711 5627
19652 -788 -4116 -1033 125 6164
27304 -2072 -1848 1191 2552 10408
25956 -16196 7044 12227 5335 18305
17452 20492 -8596 -2279 -609 7343
22880 -22248 -8692 -2252 -14803 16401
27388 -7384 -7744 -15865 -4197 19455
24184 -7332 -920 5721 769 13846
14788 5960 -5028 8998 845 4852
8788 10424 -3916 -7299 2749 -10364
3352 7812 -2520 -12278 -1300 -19160
4612 2820 -716 -3516 974 -28523
7732 -2688 -24 -1068 1517 -32515
15396 -18296 -8204 -11080 7550 -31150
16392 -32768 -32768 -16482 -1829 -10132
26696 25236 10188 1210 -4832 13027
20140 -4284 -1368 -9790 -3740 7004
18856 -2436 -4744 429 -3242 2081
18864 -756 -4872 3671 -1722 -158
16644 656 -4796 4180 -810 769
16004 -104 -4944 2888 -316 2057
16476 -524 -4368 1991 -1059 3270
17644 -1588 -3208 1003 -1321 4395
16736 -2316 -4840 2679 2033 2997
19040 -1704 -1848 3848 18647 -44
17228 -3080 -3572 4463 3708 5708
17768 -4656 -2400 4086 -18 6726
21744 -3912 -192 3171 1467 6806
23540 -2808 1292 3205 3113 8244
22724 -780 468 4877 -2776 12551
21520 -8976 -9380 -991 -5480 15474
23016 -880 -5340 3527 -7825 16465
19324 4964 -4460 6353 -7790 10088
14588 5204 -5348 -1815 -2274 -1251
14196 940 -5600 -7641 -976 -10530
14140 -1916 -4856 -5967 -1196 -16903
13664 -3828 -5180 -4003 -1592 -21430
11044 -5880 -3220 -4763 -1374 -24596
9076 -16324 -2228 -2511 325 -24464
16092 -32768 -15748 -1892 -8503 -9200
15788 30584 5596 -783 9079 11610
16848 -7988 2736 1688 -662 6434
17176 -4416 -3116 174 317 1141
17432 -1960 -5400 1136 -317 -277
17828 -1076 -4696 3114 -737 100
17248 -1100 -5216 3047 223 600
17548 -1728 -4372 2495 444 1650
16864 -1668 -4924 2818 750 2875
17324 -3480 -3544 1249 4273 2566
17588 -780 -2016 801 8768 3202
17460 -2048 -3828 2963 3849 4686
19440 -3828 -2732 3811 1364 5761
24508 -3172 -1132 2234 7424 6772
23912 -2148 1824 2842 2585 8957
23264 -12048 -1448 3977 -4481 17661
27728 -5708 -6260 -13059 -8717 20518
24156 -1772 -2512 -11303 -1373 14835
18992 -2140 -4016 4392 -2664 8051
16644 1688 -1756 4672 -1587 1621
12272 1524 -844 -4859 10 -8334
8608 148 -1240 -7619 -1099 -17201
5148 -2364 -1520 -4502 -391 -24263
3552 -9908 1480 -1377 4143 -25862
3664 -23424 -1368 2233 3489 -16447
5748 -32768 -9572 2086 4693 -466
14124 -5788 -4496 6677 -9254 -673
32767 -1344 -7736 -1524 2674 2363
11004 -9396 -2152 316 -233 1881
17920 -4352 -4580 -171 -756 -2525
18672 -2996 -4148 2313 -104 -2546
16216 -2564 -5732 3267 1156 -2018
16208 -972 -3628 2558 701 -7
16784 -2300 -3880 1500 1163 1529
17432 -2668 -3468 55 989 2488
19808 -3876 -3080 2300 3847 2835
17056 -3236 -1620 -503 10197 1241
17952 -4188 -2108 1417 1120 4894
18572 -5108 404 2717 -683 3653
29008 -4204 968 2013 -7151 10187
25884 -620 -4804 2286 -2502 11027
32767 -31228 -6352 -2598 -2072 32767
27272 -5176 -3476 1580 4772 32767
17276 3192 -2660 7438 -2289 29964
11424 10152 72 -830 3437 7186
3020 12360 -6360 -12084 -1467 -5973
4596 8896 -4292 -14175 -1446 -22324
9484 -160 -1324 -9155 508 -32654
11976 -3816 -464 -808 5084 -32768
13012 -12564 -2680 92 9318 -32768
18716 -32768 -17288 -6607 307 -22670
7772 32767 4992 9024 2960 9067
18304 -11052 -1748 -747 2181 2973
18400 -4436 -3704 274 -2333 82
17408 -3272 -6836 1310 -2036 -1157
16992 -2760 -4040 2729 -940 -1151
16264 -1452 -5612 2302 -284 -307
16712 -1976 -4396 1030 -250 628
17848 -2876 -5012 1153 61 1729
16892 -2252 -4980 1076 1177 2110
18260 -4000 -4476 384 2874 1735
15376 -3524 -3356 2032 3144 2451
20344 -3592 -1508 -1214 -644 6137
25504 -4028 -1900 -2401 5711 8361
25420 -1528 -1224 -1807 -1115 15252
23092 -4524 -3368 -1458 618 17302
19864 -8352 -7180 1763 -1216 14368
17632 2228 -6024 5362 -1119 8954
14352 3224 -6076 3970 -2517 1019
15216 2616 -6144 185 -3378 -7982
15104 -704 -5612 -926 -5204 -14465
15612 -1372 -6120 -388 -2750 -21734
13944 -4248 -2728 987 -3558 -24048
10516 -6720 -564 -909 -2066 -24579
7612 -20876 -1216 -3142 551 -20167
10340 -32768 -13636 -8248 -4218 -5936
-1060 7548 -23020 -9511 9260 9184
25612 -10372 -2884 -1914 -8292 7024
18976 -3060 -4056 649 -716 1099
16788 -2196 -5196 1363 311 -887
16984 -2012 -5652 1661 332 -1537
17484 -1304 -4292 1413 919 -1304
16664 -1008 -5072 1316 288 -640
17340 144 -4888 1710 -14 393
17256 -996 -5216 1374 555 1191
17112 -884 -5416 2433 757 1357
16716 -2356 -4912 2162 860 763
17096 -2076 -3824 3939 769 697
16808 -1048 -4416 3441 791 1716
21660 92 -5212 1798 1139 5314
21796 1280 -5252 3056 -173 9714
20324 -1400 -4552 -3799 -3021 14862
21872 -10132 -4796 -3080 -2138 15543
15304 684 -4104 2680 -1206 9238
9884 976 -4220 -1 431 -355
8392 840 -4432 -2259 269 -8675
7900 -1128 -4704 -3430 169 -15249
15040 -21968 -6644 -5444 819 -18686
13596 -31484 -1012 18257 -469 2035
18140 12304 -2560 1788 4839 -13703
21612 -2948 -5412 5738 2765 -6291
18768 612 -6012 3829 2026 -4914
16236 324 -4748 3871 931 -3491
15936 172 -4232 3463 -212 -1515
18776 -244 -4580 -516 70 293
18532 -932 -3052 859 45 903
17280 -1148 -3972 59 260 1089
17056 -1664 -3292 448 73 889
17180 -1256 -3876 297 170 743
17200 -1100 -3452 -235 183 870
17032 -1988 -3532 -188 67 905
16940 -1860 -3576 -118 114 668
17096 -1780 -3712 -63 65 675
17168 -1932 -3628 -80 136 703
17100 -2204 -3680 239 86 399
17012 -2052 -3600 404 12 153
17068 -1848 -3640 288 70 98
16840 -1832 -3700 252 26 290
17156 -1836 -3612 122 26 427
17148 -2116 -3556 213 53 410
17020 -2340 -3616 178 34 343
17256 -2140 -3628 345 92 223
17316 -2064 -3504 416 94 447
16900 -2408 -3492 280 68 565
16728 -2500 -3504 465 -42 301
17112 -2216 -3572 542 19 49
17020 -2396 -3372 591 -32 122
17156 -2336 -3648 343 92 70
17016 -2304 -3392 403 48 168
17040 -2376 -3540 285 148 149
17072 -2456 -3516 257 70 150
17076 -2260 -3328 333 130 119
16940 -2384 -3476 328 49 173
16944 -2416 -3536 260 -20 122
17144 -2380 -3444 160 35 173
16924 -2456 -3472 295 -28 283
16888 -2616 -3592 450 -35 252
16872 -2480 -3484 553 -3 102
