16784 -976 -6144 431 -28 -161
16700 -1044 -5948 348 -98 -200
16868 -536 -6280 627 -82 -123
16800 -956 -5976 384 -88 -198
16920 -760 -6092 400 -49 -197
16776 -776 -6116 462 54 -93
16928 -712 -6032 445 61 -8
16928 -968 -6200 518 65 46
16880 -944 -6196 609 93 -27
16856 -888 -6028 622 221 -118
16868 -820 -6068 443 323 -78
16740 -936 -5864 232 312 -99
16932 -796 -5976 58 319 -62
16768 -872 -6064 -77 193 59
16836 -1076 -5832 224 226 -124
16800 -1020 -5720 736 46 -334
16960 -576 -6004 1185 114 -439
16868 -404 -5796 743 188 -245
16784 -768 -5796 497 149 -109
16828 -652 -5788 465 90 -27
16820 -864 -5684 569 50 -101
16980 -756 -5864 474 37 -33
16864 -664 -5728 310 18 -24
16916 -812 -5720 409 -47 -68
16936 -700 -5800 275 -118 -83
16936 -652 -5832 255 -94 -114
16964 -888 -5824 107 -86 -119
16996 -716 -5856 310 -79 -109
16908 -612 -5804 356 -118 -88
16856 -628 -5936 282 -90 -24
17060 -568 -5848 336 -41 3
16920 -728 -5956 312 50 43
16964 -616 -5884 362 22 17
16884 -600 -5812 302 -7 44
16872 -612 -5872 347 81 88
16880 -444 -5780 483 132 150
17064 -696 -5668 373 142 216
16908 -652 -5616 426 108 197
16920 -784 -5840 444 90 145
16940 -808 -5544 438 73 77
16848 -840 -5628 347 41 -6
16848 -808 -5652 469 14 -25
16904 -816 -5692 477 4 -7
16872 -544 -5864 452 -9 -26
16964 -636 -5792 453 -51 -50
16900 -716 -5736 418 -70 24
17036 -744 -5744 366 -43 23
16892 -684 -5596 398 -18 10
16860 -720 -5816 363 -68 61
16884 -652 -5848 404 -13 84
16940 -776 -5736 514 -69 85
16872 -804 -5676 448 -47 18
17028 -784 -5776 445 -35 -58
16848 -796 -5868 460 -15 -1
16980 -844 -5772 548 7 21
16904 -728 -5716 627 18 54
17040 -864 -5692 806 23 43
16924 -776 -5536 796 32 120
16924 -752 -5748 778 111 231
16936 -852 -5772 852 181 224
16800 -768 -5716 734 228 260
16948 -956 -5688 760 318 286
17000 -992 -5636 1074 331 223
16980 -1072 -5556 1161 291 325
16944 -772 -5676 1372 545 641
16996 -468 -5492 902 1032 1382
16628 -432 -5668 400 1263 3278
17068 452 -6012 921 1894 5746
20928 324 -2772 3919 699 11735
32767 2128 -8156 9791 -1867 22327
22664 -5316 -3120 6053 -1938 22288
10300 7104 -6432 -6417 -2453 4092
4312 4544 -776 1087 -2152 -12516
7832 1864 2160 3660 1491 -22369
12224 -1440 628 2331 388 -25436
20628 -10556 -2972 -8542 6572 -26835
18084 -21640 -10312 -5224 8745 -12397
12116 -21016 -7976 -93 -152 7149
18932 21128 -6444 -8204 -10978 17470
15404 5276 260 4519 3378 14841
17464 -6216 -3444 -6056 -410 7511
17932 -1312 -6660 869 25 3322
18052 -4908 -1644 -410 338 1637
17280 -2544 -4220 461 -681 1570
17136 -2140 -4604 2353 -1143 2346
16188 -1928 -4832 1615 -260 4262
14972 -3692 -3408 935 586 6124
15728 -4764 -3428 429 -175 7962
16444 -3688 -4632 -1314 -1460 12269
17380 -8584 -3284 1156 -1680 15115
22400 -7716 -6140 9041 -4875 19429
32767 -7328 -10816 13211 -5929 32097
15920 -4696 -10176 6539 7908 22466
9340 -13548 -3188 1954 -324 9717
11704 -4400 -6600 -6204 533 -4980
9692 -7044 -1644 -3810 -2606 -10574
9888 -3140 -1756 -6995 2533 -20714
2912 -4300 -3836 -4498 -1244 -26002
6412 -1848 2272 2659 6509 -31377
3536 -4016 -2484 6640 12 -29981
16288 -11508 -6076 -6998 -3234 -31469
27064 -32768 -12292 -5910 8070 -19130
32767 9712 -4692 -13462 -1137 15247
32767 -19756 4196 -1011 871 7892
30964 -12552 13392 -6585 967 5097
16468 -176 -9224 1711 -4291 5580
17516 -984 -4812 768 -2144 4474
16004 -924 -5652 691 -956 4269
16696 -880 -5048 -899 -398 3646
17184 -3004 -5544 -9 -2844 5202
16440 -2432 -5268 4724 -4783 7312
16020 -2940 -6144 6053 3205 6056
18224 -5416 -3532 6898 -6368 9981
16472 -5108 -5112 5850 -8456 11791
14008 -7596 -6544 7090 -5915 11542
18556 -11560 -6472 11783 -7763 10940
32767 -9448 -5304 11266 -6934 16737
28808 -15492 -9652 3265 -4785 25657
24060 -12796 -11240 1848 -2162 23956
10812 -3696 -6216 2351 -2104 15121
4996 9668 -3816 4721 6958 -3415
-2652 -19884 -3064 8030 7153 -7130
2132 17984 -6940 -5204 -8495 725
412 -25484 -7860 -16481 1691 -22848
11652 -14780 -204 22979 6666 -9424
8896 28220 6324 8752 15049 -31185
13524 11848 3784 -19598 -1627 -32768
11872 -12932 -4492 -7620 13565 -32768
31904 -32768 -18424 -4908 13777 -23861
32767 -15848 -32768 958 -32768 17522
6336 -2948 -5920 14133 6362 8930
22772 -7660 -2176 -11728 -2257 7857
8528 -1564 -5440 4472 -4194 7856
21480 -7260 420 -3822 -2961 1902
18548 -4400 -2788 404 -4970 1735
17008 -4112 -4148 -299 -3208 257
17476 -3136 -3828 2320 -3632 1380
18808 -2888 -4116 6184 -4872 2081
21584 1036 -4752 -2923 27777 -5871
-6664 -5968 -19556 2865 -21742 11115
14100 -6196 -812 4288 -6415 10230
13108 -4072 -5832 1822 -12662 12591
18348 -5588 -7832 5684 3382 10033
14828 -11536 -4872 8037 -2564 9624
22244 -10188 -9388 15196 -7027 13608
32767 -9992 3068 7265 -3696 27370
17144 -15064 -9108 -9708 6640 16795
17024 -3816 -11996 7089 -853 11930
3884 9400 -804 -5751 3149 -535
1896 12604 -3296 -12567 10182 -20501
5408 4744 -9880 -16049 11163 -32489
6784 -2736 -14264 -7751 10669 -32768
17172 -20764 -9440 -2133 4966 -32768
32767 -32768 -3552 -424 5525 -20688
26788 -32768 -9348 -8952 -4058 16061
22516 -5540 -4620 1669 -861 9415
12252 -4540 -5568 -213 -361 4539
18800 -2188 -4944 -1554 189 1659
17876 -2568 -4664 -1140 356 3958
17192 -3584 -3344 1178 -155 3710
16448 -3324 -4684 2465 -1329 5644
15764 -1840 -5496 1588 -1591 9853
20828 -5040 -4516 6423 -3303 17177
17380 -9152 -5104 11442 -5583 20553
23240 -11592 -5448 12815 -8890 22871
25220 -3860 -4872 7280 6978 22199
5280 -17792 -10996 -14344 5091 11780
10128 -4500 -11328 -4636 466 -23
12092 -6724 -4276 8473 -6535 -6130
11476 -1756 1172 5562 -4571 -13894
11612 -372 2892 -3366 -138 -20492
14136 -3644 1180 -9473 5740 -26339
16208 -5144 -616 -7917 10607 -28279
18508 -7860 -4404 -9656 10563 -27357
19732 -17240 -9452 -14332 12105 -24949
13236 -27024 -12284 -7593 7910 -7832
16256 -14752 -15864 3872 -2934 6593
32767 -8984 17420 4411 5407 16141
5244 -3860 -11760 -8957 1040 5153
19656 -3280 -2352 -137 -344 3841
19388 -1436 -1620 -3079 1209 6002
17760 -5036 -2032 -783 22 4717
15832 -2904 -3580 1893 -668 6429
16968 -4524 -2504 1519 -2246 6338
14688 -2600 -7256 2472 -1776 10452
15420 -7012 -2332 2733 -2653 10755
14688 -9008 -4124 2641 -1267 11547
14812 -10108 -4196 7233 -1548 9026
18168 -10480 -8360 3279 1377 10231
28784 -11040 332 4372 1475 13139
22652 -5720 -10372 2072 8874 9659
7796 -796 -11988 -2260 -2551 3263
8284 4644 -8808 -4005 -9787 -8092
5220 8232 -2024 280 -9767 -15812
5148 3340 -1244 -8068 -6484 -24534
12184 -1440 2700 -8403 2732 -27910
20128 -11904 -120 -19592 13435 -28092
24576 -18080 -10756 -23617 12962 -16148
16356 -18448 -8008 -12575 4600 -3542
20148 -3240 -32768 1392 -18648 18953
32767 -1328 17856 14982 -8062 21354
13800 -30444 -4688 -13824 -2081 13089
24296 -3060 -1592 -4839 1694 13661
17184 -7484 -6588 696 888 8219
15924 -8868 -5068 1176 1451 4514
15876 -8048 -2684 1119 1219 3519
15456 -7160 -3412 4571 1709 4386
16344 -5624 -6216 3249 1562 7152
6472 -9984 -4564 344 807 11866
21516 -8132 -2552 3246 3471 11313
13016 -13484 656 8915 2770 17975
15908 -8560 -3176 9328 2814 17634
24236 -11536 -200 1276 8488 19085
5700 -15840 -3544 -2469 7373 13226
10988 -13952 -3280 -6744 13543 8090
11184 -4980 -8336 -12636 11259 -1061
10024 280 -3996 -13329 10953 -11229
9740 1428 -6624 -19587 13002 -22494
11020 -728 -7644 -21478 15068 -29500
11140 -4484 -5976 -19497 17950 -32768
20072 -9432 -11752 -21185 19325 -32768
21412 -32592 -14020 -19568 13618 -25680
11920 -30796 -18652 -9419 3460 -2463
20716 8272 -3896 -2062 -1980 8853
32767 -21512 8568 1723 -8382 24492
16736 -5624 -12960 11881 -10894 16942
18328 -7044 -5072 2360 -2090 4553
16868 -5788 -2320 -2122 -2355 1429
16772 -2896 -2408 -4085 2485 -709
16128 -4452 584 -1926 -3360 3412
15032 -5420 -3188 1733 -3313 2555
16392 -4860 -5620 2372 -237 842
16872 -5164 -4012 3328 -702 1812
16196 -6464 -3368 1223 -1983 1705
13192 -6836 -5692 197 -4798 2386
11788 -4124 -3280 525 1578 336
13692 -7104 -472 3064 4486 -767
21556 -7924 -11316 5552 13980 -7133
16004 -7556 2156 12366 3485 -6656
19708 -6700 -7484 15482 2365 -4916
16328 7768 2048 12059 -1614 3874
17328 4 5368 4438 -1285 10791
31164 1028 -3916 4594 -4191 23274
30852 2632 -1508 3471 -4582 25799
10116 8080 -872 5639 -4029 8061
-1496 6448 -352 -8949 -1934 -11863
5212 -56 -2428 -4670 -4267 -21001
12504 -1340 -2500 -11298 -1942 -23918
16192 -5432 -1216 -19217 5987 -24365
13552 -19656 -7048 -27803 6693 -14664
11532 -26056 -9780 -16265 412 3837
15544 -24864 -8052 -8912 -1149 10889
32767 800 13904 -24571 -12093 13658
19428 -7400 -9976 10696 -3129 9231
18876 -8312 -3632 2829 -1523 2997
16816 -6884 -3376 3427 493 -543
13500 -4652 -3284 3928 -1887 -357
14116 -4176 -3784 2515 556 -875
16852 -2952 -2848 846 661 1922
16180 -3408 -5156 -2243 1814 4962
17368 -7196 -2288 -67 958 6503
18600 -3632 -4632 1582 1927 8411
20868 -6476 -3620 797 2656 9717
31776 -2560 -5460 2412 2928 16899
27544 -5604 -7840 -1994 516 23873
21276 -8968 -2604 -884 3484 18212
12872 5328 -6972 -2599 3249 6754
9712 4520 -5352 -7873 4580 -6079
8444 1776 -6836 -12198 5533 -16170
9088 -1512 -8252 -14321 5960 -24714
13660 -3800 -8264 -11298 4871 -32014
18236 -11636 -9020 -11256 5057 -32768
21724 -32396 -12480 -868 1681 -25556
18432 -28688 -944 13686 -5958 -4644
31116 14368 -2868 -13725 4045 16093
24092 -8504 1716 -2626 878 10714
18972 -4588 2096 -7193 2495 7752
18428 -4508 -5312 -1041 -2187 4855
17940 -3960 -6204 219 -1945 3806
17452 -4612 -5540 74 -522 1900
16952 -4684 -4300 1036 -724 329
17096 -4348 -4848 2592 -1304 -181
18260 -3480 -5328 3011 830 -719
16332 -1192 -4336 2557 -2346 4422
16768 -2776 -5844 1562 4648 4859
11676 -9124 -13708 6584 -6072 8809
15288 -6504 -4644 1950 1196 5272
18296 -4992 -4672 2523 492 5565
23568 -5220 -5296 3192 2695 7003
26824 -6064 -664 11909 10712 4979
31340 3596 -1028 16014 -1567 16281
31896 -16144 -14060 -4552 1631 20750
18616 -5876 -10676 2623 524 16658
11248 1496 -3900 3879 -5106 7668
10100 6184 -3296 -8988 -4879 -6572
8176 2796 -3328 -12584 -6197 -20192
9716 -2400 -1516 -7543 -5273 -28794
9480 -5088 -320 2756 -5287 -32768
10700 -12000 164 9650 -492 -32768
32767 -32768 -15264 16263 25139 -32768
16860 -32768 -5920 16555 -4244 -6067
31812 19548 14076 20165 3701 876
32767 -24912 -2244 -5685 11017 8927
16036 2800 -7640 -1362 1550 11535
17904 -3188 -7824 2262 914 5731
17324 -3840 -5264 817 3291 2107
16688 -1640 -6520 642 2874 1413
16576 -2372 -5036 921 2251 1007
17172 -1716 -4696 1219 2625 2668
16616 -1072 -5360 809 2485 3713
15896 -3380 -4044 2897 -185 5318
16468 -2956 -4480 3327 -804 6402
19800 -1932 -3612 2415 -2722 11806
32096 -6076 -6052 10342 -5983 20827
32767 -556 -7152 11045 -8031 24356
18852 -14456 -8632 10998 -11060 14876
14480 -944 -1616 16334 -9124 3809
5024 2556 -1088 5972 -6958 -6762
3972 1620 -440 2235 -4838 -16741
4468 -436 -728 -1672 -1906 -23186
6892 -2608 -484 -1320 -257 -26137
9932 -7056 -3116 -4718 4470 -28036
16436 -17676 -8140 -5614 5022 -26027
18872 -18396 -6104 3428 1641 -16334
18688 -11408 -4052 12585 -2475 -6678
20428 -6792 -4792 11057 -2410 7149
28368 13592 4560 2916 -5047 21036
32252 -32768 -6756 -258 1438 9683
4856 -11936 -13568 -7061 554 5957
19680 -7532 -3828 10476 -1794 1358
16072 -1744 -6328 775 -1086 76
15084 -2120 -8344 5750 -218 -858
17284 -556 -5204 3564 2026 69
16720 -2020 -4500 3422 -1043 4786
15908 -1612 -5204 2326 -421 9559
15024 -3904 -4120 -1781 -491 13327
15140 -7132 -3988 2727 -4321 15540
14492 -7848 -6956 2887 -1875 16129
32767 -5800 -2852 12857 -11034 25495
12188 -12444 -12352 -14580 3821 16915
13384 -3376 -5300 13641 -590 4448
9192 2912 -4128 14823 4688 -9585
6728 4672 -4568 4058 1151 -21342
10932 1780 -4092 -2376 -323 -29091
16680 -1524 -6020 -4251 819 -32087
26584 -7812 -7552 -2771 939 -32579
19712 -18576 -10604 1121 151 -21837
13660 -25536 -1800 2956 -2711 -4317
27956 20680 11520 -15474 4732 19436
21480 15696 -2528 -21953 1918 10118
15088 -31824 -26448 -14935 -1917 5050
15132 420 -2284 3750 651 11260
16564 -7988 -6620 -1796 -3555 7058
17868 -5820 -4516 269 -1583 3621
19404 -5768 -6860 2707 5698 1316
19716 -3780 -2684 -1359 23038 -1937
19960 -1952 748 -366 2348 3383
15600 -5200 -1012 -1541 -715 4426
14928 -5572 -1844 902 -6051 6681
14560 -5568 -4756 3204 -11925 11183
17972 -5248 -3360 2301 -8720 12740
16688 -10980 -3796 6102 -3923 16274
32767 5636 -1572 -3853 -8862 30542
25648 -24848 -10696 -4865 3065 22474
16644 -13056 -4828 19217 9074 15690
5056 -2716 -4880 3266 6661 9617
-608 1568 -4344 -1879 3738 -1539
1144 8796 -2672 2483 2406 -15454
432 6848 -6008 -4085 -559 -26195
6296 1676 -7280 -11212 -2318 -32768
20944 -4848 -5772 -12752 -4260 -32768
32416 -23096 -6688 5564 -818 -32768
29852 -31036 -6516 25738 -11797 -23323
15220 -27264 -788 10024 -4026 5120
21748 32767 -14080 -17317 1589 -1095
13248 -13452 -7548 -7790 8534 7682
15692 -6900 -4620 4052 -1275 7129
17716 -3896 -6708 1998 862 2276
16948 -4460 -5152 2814 228 1313
15440 -3884 -6792 3526 56 654
16032 -3244 -5988 2661 -63 927
15688 -3096 -4848 2566 -248 3447
16496 -3144 -4888 -1220 -403 6992
13916 -5492 -7632 948 -3100 8957
16832 -6920 -4520 309 -2448 13709
19504 -9420 -6376 8405 -5072 13791
32767 -6576 -11384 11682 -7344 22979
13848 -8784 -5524 1677 -6764 19746
9508 472 -4932 21175 -16998 -2515
9224 3016 3532 15596 -16337 -13634
9280 -348 4012 6514 -12559 -22698
12024 -2908 5592 14174 -9312 -28789
14312 -3044 748 20125 -6591 -32228
21644 -3772 976 24300 -6276 -32768
29952 -12016 2624 16286 -5458 -28933
19716 -17188 -4672 7411 -25 -15170
13900 -18952 -1368 1434 -212 7811
25804 22612 -15192 -17259 2770 11897
21392 -6172 4392 6886 -2818 11011
24164 -7984 -1296 -3910 1577 7343
18456 -2940 -6816 3712 -814 6451
17056 -2588 -7024 6079 -488 4420
15512 -3132 -5944 4674 293 3745
15696 -2944 -5968 2901 646 5245
14984 -2816 -4764 3718 -71 8155
17604 -4472 -3880 4015 -1930 11328
17292 -4792 -5052 6521 -3801 15553
15080 -8820 -4260 8127 -4355 17031
18624 -9240 -7480 10454 -4415 16625
32767 -5584 -4180 8807 4963 20901
15872 -19700 -6784 -11900 51 15796
11488 -1768 -10384 2482 -5283 852
7880 -5972 -5152 7022 -7856 -5363
6396 -384 -128 7743 -5835 -14233
5976 3188 2568 6636 -4544 -21983
9752 1036 1852 1433 -793 -29557
13880 -2464 -3420 -596 857 -32768
27496 -10932 -2384 133 1022 -32768
26724 -28312 -6312 15312 2612 -25631
15712 -25180 2792 3853 2797 3323
22592 13792 -9560 -7159 5488 17783
32767 -7216 208 16810 5316 10463
16980 9172 -2828 -14865 4466 414
9680 -21552 -14336 -3646 2646 2890
18268 -5156 -1728 -1371 3095 6299
15448 -616 -5796 2538 635 6533
16348 -4136 -5036 -573 1361 6034
17260 -1908 -2352 5198 124 9871
15372 -7216 -3896 1358 -401 10240
17624 -5116 -3984 3255 -1272 13893
13356 -10736 -2324 5602 -2597 16051
17292 -10240 -6100 9585 -2247 17124
19572 -12488 -3596 7211 3033 16404
17188 -12532 -4936 3429 9729 16866
18404 -14320 -6500 3249 14022 10944
6980 -15864 -7148 -4982 3786 3281
8680 -2916 -8996 -3730 -1136 -6766
8008 -3264 -3024 -2037 -5942 -13090
7908 -868 -628 -2391 -6330 -19177
9276 -3716 -168 -3545 -7365 -25877
14520 -4796 2064 4243 -5692 -32016
23136 -6072 -2376 2313 -4726 -32768
31320 -15900 16 -6521 -348 -30952
16444 -21032 -7708 -11476 3412 -14186
15836 -20996 1248 -5951 1681 11955
20020 23960 -12264 3778 -2441 9429
26104 -16584 -6272 6640 1334 6233
19996 -3876 1496 -12595 1102 12097
16860 -5888 -6952 628 -1290 10024
17996 -6780 -4112 -181 -575 4425
17756 -4420 -4684 3622 -683 2579
15940 -4076 -4940 3516 -774 4010
14716 -4144 -4484 2906 -43 5596
16312 -3640 -4428 1719 433 8511
16248 -2492 -4852 2896 1913 11609
13968 -9872 -4152 1808 -274 15789
14708 -11400 -1292 8527 -672 15360
22420 -10924 -6208 6335 -2673 17996
20436 -11940 -4668 6387 1620 19553
17964 -9396 -2424 742 5134 19566
9836 -11736 -5720 -2195 5653 12025
6456 -22560 -5832 2013 -248 4806
7404 6364 -6004 -3217 -1052 -10949
9704 -804 -2212 3401 -3392 -18681
8316 -1212 -988 -2129 -3851 -26062
10824 -1028 -992 -2645 -3405 -32768
16644 -1880 -640 -2073 -3029 -32768
30592 -15520 -4444 -3996 1672 -32768
23156 -25160 -8444 -5171 4502 -21676
14656 -32768 -5284 -8749 2651 6748
32767 32767 -14388 6213 -6819 6559
17552 324 -2264 870 -2785 16717
19960 -4652 -1524 -12130 -993 11667
17476 -8072 -4872 -1303 -1941 7555
17580 -4268 -3760 780 770 3264
16688 -6280 -4308 1900 234 2576
16208 -3300 -3956 2185 261 3553
14428 -3704 -4496 2543 463 7666
16612 -3056 -5184 1449 -972 10056
14460 -9420 -2108 6134 26 12093
19596 -8180 -2036 2142 -1186 15897
9108 -13516 -4608 10305 -2407 17215
28692 -10460 -7040 4511 -2042 19451
32767 -5036 -1684 4513 12098 25085
8144 -23256 -8944 -11723 5495 15462
6300 -3852 -7484 246 -332 -1790
5240 -5120 -4088 -2797 -898 -8655
5104 -1948 -2060 -6475 351 -18673
8856 -1856 -3472 -9768 2436 -26751
13124 -5060 -5036 -8354 3477 -31691
17624 -5624 -4020 1747 3199 -32768
23380 -11904 -3820 9612 -1469 -32768
23972 -17080 -4808 10099 -4100 -28292
15192 -20844 -2464 -2040 -528 -7741
16788 -17644 292 734 -1393 13903
26564 32767 -5876 -4779 -1809 10728
16976 -8484 3792 -3379 -844 13477
18980 -7904 -5436 -4375 -809 12201
16940 -6756 -6704 1421 296 5179
17076 -5460 -4508 2812 771 1844
16676 -3400 -5620 4052 582 690
15480 -3172 -5224 3977 1677 985
16712 -2756 -3964 3966 1432 3790
15284 -1172 -5456 1210 -149 10189
16312 -4712 -5540 3095 -2742 14260
14496 -9976 -5252 2193 -4872 17927
17876 -9764 -6140 6519 -2910 18678
23224 -11176 -7156 7515 -2641 22805
32767 -1488 -6756 8311 6445 30125
12096 -20136 -11452 -19324 -123 24032
7648 -13892 -4884 2874 6236 8037
928 -7180 -7112 2590 7570 57
1164 -804 -4188 1264 7794 -12645
5060 2812 -3796 -1049 6943 -23160
11612 -192 -6120 -10771 7818 -31810
15756 -3840 -8472 -9835 7843 -32768
20644 -6120 -6488 -1244 5815 -32768
19052 -13100 -2624 9860 -20530 -30559
24620 -27144 -2040 2259 3999 -24682
15352 -26772 -1868 800 7061 -4379
19788 10532 -11344 1619 3666 12984
32767 -18284 -4976 -6448 2182 14860
12644 584 -2840 -13426 3715 12396
17144 -6552 -1896 2476 -42 9029
18364 -3260 -2568 -246 1048 4492
17300 -3692 -2812 3935 -1550 3820
17132 -2432 -2504 -337 -720 2126
17144 -2644 -3052 3295 -1940 3125
16448 -2404 -3796 1458 -474 4004
15716 -1796 -3544 -36 736 7436
16468 -2840 -3064 -375 -279 11244
14688 -7720 -4680 1633 -1755 14619
18632 -7104 -4824 2052 -1582 16228
18588 -11300 -4520 8484 -1441 17501
32767 -7212 -1760 7325 1934 26357
20816 -7284 -6332 -4291 5676 22409
9620 -6316 -8596 -9183 1760 9578
6108 -4352 -6376 375 -5074 -5010
5740 -1332 -568 6948 -6035 -15650
8456 812 856 959 -4307 -23412
12628 -1588 984 -7417 -919 -30843
15396 -3376 1332 -4876 2962 -32768
23812 -5560 -1636 4283 4382 -32768
28620 -21472 -9872 -6649 3564 -32682
12788 -32396 -6864 -10412 3490 -5596
32767 32767 -3356 -37 -3969 9517
32767 -5504 10340 3912 -1205 19931
19280 -5148 -5172 -6429 1001 10235
16852 -2948 -4772 129 883 4489
18008 -2848 -1976 -2331 109 1920
16900 -4044 -3036 1066 -698 614
16644 -1220 -3736 2224 -563 2709
16320 -764 -3608 1016 714 6893
16992 -4040 -1808 3231 1019 10402
15228 -2456 -4544 1782 166 15751
19720 -7736 -1492 8045 -565 16742
16832 -10616 -4468 7991 207 21298
18100 -12720 -4312 11368 615 20894
32767 -4376 -4380 6642 7657 32178
3900 -16404 -1188 -13831 18128 21796
4128 1552 -8912 -3020 6494 3863
4080 -8096 -4196 -4806 -1398 -9706
6920 -3860 -592 -461 -1899 -21517
11076 -2076 -664 -4106 -2543 -27843
12996 -2572 -532 -10971 -1281 -32725
17260 -3668 -680 -6589 734 -32768
23068 -9424 -1012 -609 649 -32768
24436 -14720 -2864 -8278 2707 -29988
14360 -23352 -6812 -7724 5335 -12345
16700 -20852 -9060 2414 -1248 14662
21104 -23348 6796 -2534 -32768 32748
23368 -1496 -460 -7832 -1780 22334
15804 -7820 -732 -136 -4350 10270
18008 -6260 -4124 1177 -967 4583
15948 -5868 -3916 3059 -1464 -205
16184 -2948 -5036 2363 23 -795
16000 -2428 -3196 895 2737 -440
16156 -3280 -3748 759 1255 3071
17360 -1212 -4424 -472 901 9207
13540 -4840 -2528 1978 1012 12075
19440 -5272 -5132 2768 -1610 15959
8704 -8880 -3360 7558 -741 16406
21944 -9504 -4608 5025 1167 17660
32767 -9116 -4644 12486 -432 28392
26216 3400 -5024 -3828 10538 28269
9944 -23064 -1908 -9034 15138 10366
3320 -5640 -10324 -8644 8205 -3739
92 -4460 -2968 15581 -1488 -10210
3248 2228 -1044 356 -3463 -18514
7864 1684 -3380 -12564 -2287 -27019
12352 -3276 -2648 -10373 107 -32768
18352 -6392 -752 3562 -3250 -32768
32767 -12864 -1156 13048 -4715 -32768
30892 -17416 16 3742 205 -28305
10656 -27592 -3204 -5958 3034 -5051
18092 -6460 -6996 -3034 1145 20648
24436 -32768 1660 -2753 -30760 27784
22540 -8420 232 -202 -3362 20565
15720 -9688 -4204 -815 -1273 9845
17144 -4940 -4116 2821 169 3457
16564 -4128 -4608 613 56 1132
15708 -2168 -4924 2290 293 2155
16928 -1652 -4592 845 568 5610
15236 -2144 -4776 200 131 9405
17072 -4828 -4880 1697 -1692 12640
7620 -8532 -6276 5086 -695 15216
16952 -7104 -5612 2675 1004 15655
21472 -11068 -9368 10335 96 18480
32767 -9596 -2724 9486 2874 26331
10820 -6480 -14956 -1092 8849 15706
10688 -7088 -3528 -4309 4049 4550
9952 -3796 -5100 -13495 -225 -7650
10696 -2284 -2292 -6116 -3153 -17421
11232 -2776 -4788 -5911 -952 -23917
10220 -4216 -5376 -1569 -2110 -28728
10916 -5760 -816 7713 -2258 -32768
17552 -6680 552 14685 -2973 -32768
21116 -26160 -2692 2816 -944 -32734
12964 -22484 -992 4339 -722 -4142
14632 -13704 -4764 -2574 2373 16113
32572 32767 -4452 -19695 3115 -8149
32767 -1224 12352 1794 -1472 19791
16968 -8244 -6788 -1781 -2431 10475
17060 -2756 -6720 -1278 620 4846
18024 -4568 -5040 2374 2006 1996
15932 -4000 -5920 1982 -313 787
16368 -2148 -4164 2249 -540 2441
15932 -3216 -4296 2914 -742 6379
15836 -1840 -6984 -596 -2709 10015
15784 -5608 -2916 1944 -1475 12210
15464 -6072 -10320 9188 -3083 12872
18340 -11288 -2224 8374 -9100 14125
10704 -12724 -2324 11749 -8558 17206
21660 -12916 -8680 9433 -4695 16962
19952 -9648 -7532 4108 3666 15577
13628 -12548 -5720 -2820 -1402 9451
13576 -19616 -10932 609 -3101 2889
6676 -10944 -9980 3592 -4859 -3638
9156 -1824 -1688 4424 -1254 -8786
6868 1908 -136 3360 3371 -14710
5528 -392 -3808 -10456 6065 -22855
8148 -1564 -7128 -11947 8450 -31464
17768 -4504 -6756 -7330 6904 -32768
27912 -16208 -3748 -9771 7216 -32768
24256 -19436 -14896 -9706 6942 -19027
16852 -22024 -12668 -12110 2416 3439
27496 32767 -7876 -3513 -7158 3705
30792 -20428 -14692 1303 -1466 15642
16496 3364 -8492 -14392 -622 11596
14056 -3472 -8248 1544 -2691 4255
19072 -3272 -88 -3673 402 -861
16568 -1956 -4388 2816 -1731 -1455
16768 -2252 -4824 1171 -1294 -2207
16848 -1344 -4968 809 -756 -1711
17392 -1308 -3900 1915 87 -527
16128 -768 -5544 906 -220 1095
17132 -1368 -4804 -1468 571 1900
17076 -2268 -3756 -285 -352 1500
17444 -1548 -4944 -546 -28 1050
18040 -2048 -3988 -137 325 499
16368 -2888 -4104 1182 -68 -638
15692 -3112 -4812 1395 72 -1055
16604 -1764 -5308 1105 -75 -633
17272 -1648 -3628 1447 -149 -291
16916 -2460 -4908 971 215 -479
17072 -2096 -4312 1294 145 -870
17344 -1452 -4152 833 73 -889
17204 -1528 -4556 587 160 -554
17004 -1760 -4132 652 -176 -59
17072 -1612 -4532 362 -225 161
17112 -1880 -4552 -29 -102 64
17052 -2120 -4004 654 -168 -280
16832 -1644 -4720 601 -274 -294
17236 -1600 -4188 375 -142 -148
16984 -1592 -4540 294 -156 -97
17056 -1800 -4488 341 -102 -22
17000 -1600 -4648 183 -105 19
17112 -1580 -4588 429 -136 -10
17004 -1472 -4848 296 -191 143
17168 -1780 -4544 625 -182 153
17024 -1824 -4524 649 -98 -77
16956 -1784 -4552 913 -219 -160
17092 -1500 -4764 779 -124 -200
17124 -1616 -4728 817 -125 -154
16884 -1540 -4576 811 -130 -202
16920 -2100 -4568 842 -62 -400
17008 -1540 -4596 853 -20 -670
16972 -1644 -4664 777 -173 -519
