-15180 1768 -5656 -3703 544 66
-15816 1684 -6356 -1278 -969 823
-14844 3736 -6252 1185 -1904 554
-14636 4132 -5244 906 -1981 -976
-14028 2684 -5724 786 -845 -103
-15420 3408 -4964 -216 -702 501
-14688 3260 -5588 -568 -392 269
-14552 4580 -5928 -1129 1108 662
-15188 4524 -5188 -2218 239 1494
-15548 3996 -4424 -1834 -593 1807
-15980 4248 -3372 -603 222 1353
-15360 2952 -2568 243 -672 681
-14188 3348 -2776 1699 -1575 -596
-13892 3780 -2764 2721 -1127 -1047
-14256 4260 -3760 2674 29 -1748
-15268 5600 -5920 1389 1718 -1245
-15840 5188 -6668 -183 2174 526
-14024 3816 -5276 -259 789 -14
-14056 3176 -4624 486 576 -836
-15568 2524 -5428 1335 1829 -606
-15384 3836 -5132 1694 617 -699
-14608 3332 -5392 1202 319 -988
-14988 3124 -5900 1303 572 -612
-14364 2672 -6164 1462 635 -746
-15120 2932 -6376 2047 962 -252
-15012 2988 -6020 2028 48 -369
-15040 2072 -5824 2123 -270 -682
-15060 2676 -5984 1783 -278 -150
-14896 3364 -6388 686 -73 199
-14620 2932 -6304 -213 207 68
-15104 2472 -6284 -368 638 118
-14836 2580 -6264 -63 435 295
-15048 2624 -6264 166 179 413
-14744 2888 -6244 606 170 363
-14740 3088 -6100 509 214 373
-14856 3028 -6312 429 327 478
-14832 3140 -6148 290 271 437
-14660 3216 -6212 451 209 455
-14704 3384 -6412 406 428 400
-14824 3080 -6112 450 408 363
-14804 3180 -6284 459 297 349
-14888 3272 -6592 605 406 520
-14796 3652 -6404 505 157 522
-14364 3356 -6580 448 306 400
-14620 3432 -6484 525 569 474
-14720 3460 -6636 462 565 477
-14488 3540 -6636 623 801 634
-14340 3212 -6816 915 899 858
-14140 3312 -7016 1054 1419 1110
-11368 -1792 -6292 3287 3498 1163
-14500 3044 -7300 1436 1807 1657
-14928 2856 -6816 1892 1411 1725
-15240 3160 -7752 1958 721 1828
-15304 5808 -8580 657 -196 2506
-14424 5764 -8084 -1048 -1642 3192
-15344 6704 -8092 -2515 -1899 4096
-14212 4608 -4408 -1886 -3493 4313
-14556 5424 -5620 -508 -1593 4342
-13376 6920 -4752 -1234 -2208 3678
-12104 5092 -4384 -143 -1018 2755
-12508 5644 -4572 1824 261 1987
-12528 6936 -1676 2510 -1204 1097
-14616 5280 -3564 3054 -1142 -51
-16568 5656 -5856 4387 -2154 1022
-17900 13956 -9416 3804 -3889 5020
-14784 8928 -7312 3842 -2103 -849
-15460 10208 -10344 4638 3158 -2295
-11532 8004 -8424 3544 3264 -2003
-9996 5956 -7984 4293 2953 -2367
-11552 5676 -6260 3316 726 -4188
-11520 2976 -7072 3615 2950 -3683
-13836 3272 -8132 4666 3896 -2096
-12548 4384 -8456 3234 903 -1017
-13604 3476 -8884 1276 1570 -1419
-14500 2416 -7244 -147 623 -784
-15776 1876 -6544 -1356 -855 -611
-16152 3720 -6376 -3724 -3664 -1499
-17352 5424 -11372 219 2393 -796
-13664 12592 -15320 -5458 -1613 1978
-13984 6240 -8504 -8272 -1830 1065
-14408 3400 -7696 -5432 -23 3203
-11292 5976 -6412 -4914 268 3537
-11364 4772 -5832 -4556 32 1844
-10696 4976 -4516 -3388 86 1942
-12300 5568 -3360 -1142 360 -1641
-12800 5876 -3260 1529 760 474
-16656 5824 -3476 2234 -2418 900
-15296 7512 -8244 2561 -5189 2052
-19896 15252 -8876 -200 -1798 6222
-12992 9048 -7728 1602 -4929 -2997
-14800 10808 -9064 1831 6058 -2096
-11688 6088 -9080 4282 2805 -2135
-11660 6684 -8084 5011 2900 -3870
-11084 6132 -7452 3197 2156 -4285
-11444 3088 -7772 3184 3224 -2591
-11416 2648 -8580 4777 2813 -2634
-11880 3748 -8460 3862 100 -1003
-12780 3656 -8376 2266 754 -984
-14464 3972 -6364 354 -1141 -384
-14720 2676 -8720 -3075 -3100 281
-16872 7224 -11928 -2775 -2094 1344
-17640 9512 -11756 -3494 2915 1047
-15180 6400 -11056 -3288 1822 3848
-13672 6156 -9344 -1501 -54 2951
-13056 7644 -7484 -3292 -996 4387
-10568 6080 -6828 -4863 -2109 3726
-9508 5788 -5496 -4574 -2470 3614
-10244 6480 -5036 -3374 -810 2025
-11084 8116 -4028 -2415 -221 -1629
-11964 6924 -3720 -1173 1073 -1094
-13756 5100 -2404 1875 2044 -863
-15516 6508 -2704 2904 -2605 92
-16000 8072 -6732 5532 -5140 1106
-20728 18092 -6540 -1150 487 3262
-13932 9672 -7672 1611 125 -4308
-12940 9048 -9592 1828 5324 -1071
-10916 4340 -8688 6506 4838 -2768
-12956 7512 -7556 5415 2599 -5477
-11032 4300 -7504 3315 2026 -5289
-9724 2172 -8044 3830 3140 -4318
-12212 4016 -8316 3511 1244 -3609
-11820 3188 -9436 1041 1783 -3703
-13604 2664 -8072 823 399 -2540
-14692 3364 -8112 1196 1128 -2518
-15504 4228 -7024 -2253 -1123 -1053
-13640 3900 -11232 -2674 2227 1918
-12016 4020 -12428 -625 564 -1057
-14780 7360 -15108 -308 329 7380
-14756 12856 -16452 -2848 3449 1653
-14056 11396 -12516 -7045 235 4047
-14560 3328 -8876 -5352 703 1207
-14952 4952 -8256 -3797 3338 4664
-12284 6540 -7012 -4938 -703 4629
-11436 5928 -4800 -3907 -858 2775
-9848 4264 -3872 -2481 -7512 -2702
-10384 3272 -2724 1379 -2503 311
-13016 4704 -1464 5338 2678 1390
-14532 4348 -2828 8906 -10321 -376
-19936 20220 -11360 4635 -8473 12145
-10328 6084 -9464 3981 -8898 -4349
-17628 10432 -11692 5764 4882 -1704
-11628 6172 -10228 5003 910 -1134
-12312 8488 -8164 3097 499 -2703
-11024 4732 -6756 1735 824 -3242
-10052 2816 -6488 2205 1789 -4436
-10416 2916 -7824 3334 2017 -4250
-12180 4636 -8360 1715 1447 -3190
-13016 3180 -8036 -177 469 -2002
-14780 2876 -7464 -932 253 -799
-15872 2516 -6472 -2075 -88 -1401
-15032 3556 -10696 -2908 -1181 -970
-20572 6772 -16024 554 304 915
-15256 11264 -12544 -2171 608 2232
-11052 7424 -7768 -4630 -2491 2765
-13052 3964 -7500 -2763 736 3602
-10240 5996 -5660 -3692 -1287 2675
-10140 6016 -5416 -4126 -546 1792
-11508 5224 -5200 -2168 493 991
-11320 5584 -4008 -949 -1226 -3155
-12376 6060 -2892 1499 -315 -282
-15004 2388 -1600 4058 -3176 -1339
-16384 1688 -2452 7029 -8567 -1062
-13388 14748 -16076 5846 -6982 4743
-19016 13432 -8492 -1042 -4782 5714
-17052 11244 -8392 2338 1775 -1521
-13080 6036 -9960 1362 4056 921
-11124 6196 -7352 3671 3745 -1609
-12696 4696 -6556 3178 4316 -2289
-11708 3708 -7248 2895 5186 -2468
-10732 3708 -7416 3063 4946 -3758
-13204 4844 -6060 799 2598 -3659
-12980 1948 -7364 714 2255 -2845
-15608 2892 -6532 1325 1137 -1564
-15932 4304 -5976 -643 -1299 -1547
-13432 4196 -10100 -3230 -1839 -650
-17920 8796 -17040 1552 6090 1523
-15396 11756 -15588 -2014 2069 4916
-11772 7260 -11116 -5720 -1612 4389
-9396 6328 -6356 -6342 828 4804
-10900 6000 -8192 -6349 750 5076
-11336 6192 -7316 -6500 1365 2214
-10808 8040 -6504 -7182 -2002 1240
-12248 7900 -4168 -7783 -6273 -8683
-13192 7296 -3800 1 -2336 388
-12000 7080 -1476 828 -1922 1097
-13388 4504 -864 2325 1238 238
-14652 5188 -1504 4371 -51 -1100
-15340 11004 -12056 6070 -5069 3142
-19456 13396 -10608 -555 7109 -471
-16984 11316 -13200 7485 -286 -2783
-14916 9796 -12008 4430 5891 517
-10192 6312 -8980 4766 2519 -4249
-11036 6800 -7012 1802 3734 -3548
-8800 3268 -6104 1125 3674 -5239
-9376 232 -9092 3931 4820 -7318
-12568 4740 -7724 2781 2735 -6065
-12812 2756 -8336 527 -343 -3960
-14324 1164 -7752 1005 -1194 -3082
-15228 2352 -8336 -409 -1483 -2413
-14460 6700 -12616 -2273 3669 -787
-21220 7016 -21092 -5025 5800 4
-22328 8112 -15000 -9991 -1398 3796
-9360 6732 -9120 -11538 -5129 4492
-10444 60 -8128 -6994 -1594 4667
-10096 2932 -8020 -2785 -574 3992
-9412 5944 -5652 -4957 -3052 2883
-9148 5824 -5172 -4700 -2857 1298
-13616 5160 -5284 -2799 -2518 -1628
-12720 5956 -3960 577 -2887 -3444
-13228 4784 -2064 3374 -203 387
-14952 5040 -1656 5445 -8388 1218
-15112 8876 -8296 7003 -10437 1303
-24624 15264 -8028 953 1806 6988
-13472 11304 -8892 4497 -354 -1861
-13272 10908 -8648 1811 6183 -541
-11224 4160 -6576 3896 1965 -722
-13664 4396 -6888 5838 4246 -3275
-11764 5744 -7372 4951 2642 -4176
-11264 4128 -8196 4464 3746 -3664
-12828 3416 -8556 4751 3220 -4262
-13100 2928 -8316 3701 2172 -3965
-13704 3432 -8036 1804 2115 -2126
-16128 2500 -8880 -180 -1695 -1498
-15688 2768 -12140 -2541 -428 1366
-19760 7624 -16384 -1144 1057 2991
-12020 9972 -12272 -5122 1361 844
-11732 6376 -10464 -8262 -1862 1642
-12084 3556 -8068 -6236 528 390
-11940 3724 -7672 -3944 -693 595
-12248 5664 -6180 -5807 -1082 2489
-12968 6668 -5164 -6757 -8531 -95
-9176 5032 -3132 -2952 -3940 -3116
-11128 4152 -2608 2586 -1103 1743
-9052 6212 -2020 5249 2591 51
-18844 5072 -6588 4908 -4245 916
-14012 3940 -1836 4954 -3936 -3187
-27008 15536 -12172 4350 -8300 7062
-8748 7332 -6812 6581 -5959 -4167
-17864 13244 -11676 3547 7284 -539
-8404 6660 -8840 1489 3347 -1274
-12068 6216 -8544 1643 5540 -2644
-11308 2724 -8856 -388 2867 2087
-12480 1000 -8776 3078 2164 -642
-11920 7888 -6664 1491 1400 -542
-11616 6604 -9820 -2748 1539 -804
-11280 2096 -5936 -3450 5232 -63
-17268 1708 -7188 -1759 5450 2473
-17108 3336 -5740 -2299 -3450 2998
-14204 9808 -8136 -4205 -1868 2120
-15580 5508 -9908 -212 5700 1327
-15460 8568 -15756 237 9000 1554
-11888 10660 -9272 -4253 4540 5449
-9964 6640 -8160 -1999 -1086 5377
-12188 9676 -10112 -527 66 5302
-14560 11312 -7464 -2489 1615 5815
-11572 8124 -6848 -2635 -3625 -7315
-7996 6348 -2076 2445 -3590 -2025
-10252 7880 -2396 3591 -3759 932
-10356 4644 64 6516 1041 -458
-14928 5608 -1516 7891 -982 -3120
-8180 13036 -31828 5199 -5786 8356
-8604 -2148 -900 5271 347 9714
-9628 8908 -23056 3183 2875 -2389
-9708 9784 -12496 2672 8166 1644
-9576 6192 -13456 2755 4193 1458
-11088 4944 -11608 4728 3400 443
-8764 7100 -10652 3533 253 113
-8388 8032 -9804 737 20 -1175
-10412 5212 -10996 -619 -793 -2686
-12696 6164 -10416 -581 -974 -3368
-12772 6600 -9592 -1616 -1049 -3058
-15516 5624 -8640 -4579 -4259 -2378
-11196 5400 -12520 -5447 2520 -1887
-9416 12828 -14280 255 7679 -708
-13468 11280 -16624 -2519 8716 2683
-11492 9672 -10148 -5979 -2040 1462
-8572 6940 -9860 -4296 -1632 1604
-11896 8264 -10676 -2275 -1477 2690
-9328 9448 -6600 -5402 -5369 -1272
-8048 6916 -7076 -5798 -7961 -8032
-11276 6292 -6256 -1922 -6649 -4544
-11360 6568 -3972 1217 -2124 -842
-13128 6716 -2080 5311 2283 -149
-13784 8464 -4916 8533 -6749 2961
-16332 24460 -18824 2809 -4214 6768
-8584 9988 -8852 -38 -7984 -50
-13576 8980 -13488 3268 8743 -1027
-9644 5528 -10876 3895 4998 -2518
-10160 7876 -7836 2804 1139 -4381
-10104 2700 -9088 3637 2099 -4589
-9792 5060 -8356 4029 762 -4041
-11836 5508 -10216 3719 434 -3720
-12100 5088 -9840 2092 313 -3465
-12780 3624 -9936 994 726 -3799
-14832 3428 -9292 367 4 -2680
-15820 3900 -8148 -1238 -1475 -998
-14024 6676 -10940 -2681 -1747 388
-17012 9096 -14272 -1986 2124 55
-16272 12896 -15284 -7299 -2405 4176
-12840 5764 -11164 -6925 -3858 1482
-12016 5868 -8112 -2771 -1243 1736
-9600 5504 -6796 -905 -475 2014
-10216 6324 -6808 -2688 435 2635
-10008 7248 -5620 -3460 -2673 2314
-10624 4708 -5228 -1500 -945 198
-13060 5396 -4164 602 -4637 -5481
-12740 6492 -3276 2266 -1464 455
-17084 6700 -1764 4136 -5709 1586
-15776 5780 -4452 5002 -6667 1023
-19344 19028 -12880 1439 -2766 6008
-10936 9208 -7076 2506 -2414 -2402
-14104 10788 -11872 5144 7194 -702
-10692 7060 -9720 3587 5127 -1437
-11208 6432 -7164 3188 2942 -3477
-13392 5916 -11056 3580 4730 -6767
-7892 2060 -7940 2724 -2832 -6508
-10544 5704 -7920 2689 2921 -3876
-13656 4552 -8100 -1115 1268 -2178
-15824 1484 -7052 -347 2205 -3511
-15584 1368 -7396 -304 1356 -727
-14828 5624 -14140 -1269 -1222 2114
-18712 10384 -15840 2844 5763 939
-16432 11232 -16604 -1812 3130 7180
-12452 6936 -8524 -3447 -2849 6004
-11132 4148 -7344 -1768 -1793 6392
-10832 6024 -6796 -2016 -2140 4504
-11260 7364 -5640 -3985 -5102 3077
-12700 7244 -6596 -3456 -7911 -1664
-12200 4772 -5312 -2556 -12741 -8292
-12164 6560 -5416 1594 -6986 -684
-10308 6492 -2436 2792 -6228 -794
-12408 5324 -1232 3728 -3464 -2702
-9484 2932 -2656 4165 -3051 -3560
-29532 9112 -10324 7769 -1445 -3012
-17104 11772 -3940 2231 -1118 1559
-18336 11228 -5616 4746 1294 2162
-11364 9904 -7292 3820 6155 3183
-10888 7872 -4992 2739 4717 -977
-10064 3100 -6048 1359 3639 -67
-11424 3876 -6056 2292 3450 -1219
-12040 3956 -6944 2299 2725 -1222
-11256 5452 -5812 1919 2500 -2529
-11516 3944 -6168 -126 1541 -3418
-12356 3092 -6856 -472 1680 -3888
-12836 1920 -6780 -1347 714 -2277
-14848 2936 -3720 -3721 -2352 -2132
-11708 2044 -2516 -6195 -4009 -3910
-13164 4404 -10380 -2141 -5530 -2242
-17168 6948 -10204 3164 2680 -3567
-12012 11240 -10096 -1546 2421 1219
-13020 6672 -7512 -2844 -2946 1844
-14416 5348 -5720 -1613 -691 2524
-13844 5352 -5148 -1680 52 3210
-12168 5128 -4016 -844 649 3839
-13152 5396 -4168 17 1526 3103
-13572 6408 -2888 688 1466 2494
-13104 5668 -2252 2168 -1539 1555
-16232 4424 -1644 4927 -5496 -25
-14540 8056 -3852 4941 -2767 1505
-17648 11380 -7164 2165 -8065 3864
-19912 9004 -5600 2832 2674 -1155
-13912 5852 -11744 5333 8196 -2290
-11928 9164 -9004 3014 3230 -704
-12180 5640 -7648 761 3304 -2408
-10904 3924 -7076 298 5634 -3668
-10856 3064 -7124 1198 4319 -3406
-10572 2980 -7860 1578 4431 -2800
-12032 3608 -8440 1349 2495 -2042
-11880 4288 -8148 -562 1437 -2492
-14436 3280 -7180 -2110 660 -606
-16600 2020 -6008 -2267 -1582 -1389
-16144 5024 -8180 -4398 -4440 -262
-18620 6024 -9148 -1965 -4688 -47
-17728 7184 -13852 -397 -658 2078
-12164 8744 -9168 -1102 -1565 3724
-11668 5368 -7180 387 -2798 3296
-13100 4416 -8000 1551 -2131 4885
-9748 5824 -6100 1236 258 4136
-10104 6800 -5144 703 -1628 4057
-11520 7048 -4556 266 -2122 -540
-10064 5376 -4020 747 -4359 -2734
-12912 5108 -3300 2438 -326 729
-13920 4900 -1056 4210 138 631
-15508 5924 -1136 5736 1928 241
-19020 12080 -10744 4428 -8445 4851
-11928 14740 -6936 1897 -3522 4474
-20556 14032 -12276 -880 4607 2561
-9316 2056 -8676 4008 4944 -3073
-11524 5772 -8720 4196 8083 -3397
-8008 5236 -5628 1995 3005 -3401
-9772 3008 -7700 3617 3459 -5365
-11428 3960 -8736 4034 3323 -5548
-12132 4108 -8968 2982 655 -3430
-13736 2980 -10624 2067 677 -3138
-13348 2576 -9300 1391 838 -1499
-14720 3432 -8308 870 294 -920
-12160 3172 -12400 -1737 -410 2374
-18180 9540 -15288 -2613 2799 4439
-19132 13640 -16280 -6814 3135 3729
-12164 7524 -6784 -9825 -4081 4189
-11808 1080 -9076 -5192 526 3026
-10012 6312 -7952 -4526 -1473 2984
-9536 5928 -7184 -6222 -3816 2276
-9464 5184 -5340 -3123 -1620 -1944
-7592 5728 -7924 -507 -6738 -8962
-12492 7760 -3308 3348 -1907 27
-14108 6212 -2068 3966 -412 -293
-15864 7624 -3216 6269 904 1973
-16772 13712 -15896 6892 -13375 8711
-16568 9232 -4316 1431 7563 4348
-13472 10400 -7720 5020 7046 715
-10460 6788 -5876 816 3328 -430
-8872 1600 -4920 3371 -1800 -4673
-9848 3104 -8676 4028 1774 -6193
-9992 8508 -8056 1804 -886 -4751
-10716 4972 -9860 2382 942 -5087
-12228 4816 -9560 3049 2596 -4657
-13384 5244 -8036 1352 813 -4335
-13080 2592 -8560 324 1405 -2940
-13692 3020 -8032 109 400 -2639
-16732 2664 -7812 183 670 -2251
-14548 4308 -10024 -785 -944 258
-18532 6528 -16552 -1466 2718 2362
-15896 8552 -14524 -1157 3186 2963
-12872 7840 -11380 -3830 -558 3950
-11680 5116 -7736 -4180 -1257 3159
-9772 4108 -8212 -3221 -1712 3272
-9212 5928 -7732 -4749 -1180 3795
-10000 6192 -6148 -5828 -2566 3236
-11236 4184 -6240 -2512 773 519
-12944 8164 -6940 -1230 -565 -2128
-13852 5960 -4076 1538 -4702 -3372
-13356 5072 -592 7420 1071 1828
-13092 7412 -10244 9530 -5104 1617
-16276 13612 -7652 5094 -1607 5138
-16564 8968 -9352 8564 1293 68
-15352 11200 -15240 7870 748 -258
-11224 10416 -10012 1803 -100 803
-10948 4044 -10688 2082 3152 -1489
-9868 4804 -8704 2603 5997 -2900
-9544 4124 -8264 1359 3486 -2752
-9992 2784 -7472 2039 2930 -4252
-11500 2304 -8500 1070 2177 -4626
-13268 4128 -9532 -1910 274 -4190
-14280 2008 -8740 -4407 -2074 -1853
-16984 3076 -5020 -6725 -7725 265
-13620 5240 -17060 -3037 -7420 3034
-19764 7804 -8628 5272 2920 -4536
-12080 7032 -12444 -32 -3621 2034
-12392 7384 -9876 -3733 -1394 -437
-10396 5096 -8948 -3858 -6152 1747
-12612 2888 -5620 -876 -2895 1715
-14444 6836 -7460 -1202 2611 1941
-10804 6112 -5692 -4123 -487 916
-13788 4772 -5040 -2812 -2786 -4165
-12704 5212 -1500 -1574 -877 -1559
-14472 3732 -2316 308 324 -1284
-17176 3420 -1360 4287 2607 -678
-17912 5704 -6788 3657 -8902 2409
-25720 8404 -9932 2844 -3382 4222
-14280 10020 -5972 5384 -13630 -1296
-14332 9164 -6748 482 -1386 1030
-11284 5976 -10512 2397 3424 1476
-15564 6460 -10964 3133 1321 883
-12508 4344 -7908 -391 -1680 -1419
-13700 2720 -5996 -293 -2606 -1307
-13588 2228 -5548 1514 -2086 -2169
-12848 4088 -5800 1003 -2246 -3247
-13156 4356 -4556 -843 -1206 -3420
-14396 3328 -5284 -2911 581 -3672
-14440 3200 -4132 -4567 5 -3509
-12764 4768 -6572 -4738 -1916 -3164
-15900 1224 -5344 -237 566 -2075
-14300 5200 -3792 1506 -1283 -83
-12732 2308 -4752 2003 -549 1931
-14128 7192 -3448 2588 -987 2735
-14832 5964 -3588 1705 -1959 1465
-15612 5188 -2884 1086 -946 -380
-14116 4300 -2476 -18 -550 -611
-15368 4376 -3000 -427 -785 -657
-15164 4204 -3056 -107 -808 -825
-15020 3572 -3488 229 -773 -672
-15024 3384 -3120 552 -290 -292
-15024 3240 -3360 1002 143 21
-15156 3436 -3464 1309 204 -71
-15312 3524 -3748 1294 423 88
-15152 3320 -3436 1419 422 25
-14964 3496 -3596 1749 550 248
-15020 3332 -3476 2094 601 302
-15212 3660 -3388 1739 405 357
-15012 3468 -3580 1506 223 203
-15216 3836 -3672 1339 -128 -73
-15160 3684 -3320 897 -132 -177
-15152 3524 -3576 602 -222 -320
-15180 3216 -3360 492 -389 -366
-15220 3344 -3416 436 -375 -191
-15160 3072 -3408 595 -307 -215
-15296 3344 -3444 358 -198 -149
-15048 3496 -3272 -74 35 -71
-15468 3064 -3132 -386 -148 -53
-15364 3100 -3208 53 -116 -23
-14972 3508 -3152 290 -286 -9
-15164 3384 -3336 400 -561 58
-15020 3448 -3184 859 -272 182
-15104 3248 -2856 1317 -132 51
-14892 3244 -3616 1291 409 148
-14856 3776 -3520 1679 847 440
-15244 4512 -3808 771 521 8
-15180 3988 -4152 -172 213 -77
-15016 3476 -3736 238 17 -34
-14976 2760 -2892 1107 -14 754
-15344 3388 -2992 1927 400 1075
-15400 3416 -3444 2058 649 125
-14964 3416 -3932 2265 379 -169
-15080 3500 -4248 2516 -434 -95
-14708 2972 -3644 3457 -317 527
