-15280 2484 -4444 535 50 -12
-15224 2660 -4336 588 180 65
-15228 2448 -4156 666 48 23
-15472 2684 -4404 673 5 29
-15088 2592 -4260 701 -66 29
-15360 2648 -4380 719 177 207
-15288 2604 -4416 747 23 257
-15276 2920 -4404 537 103 198
-15184 3064 -4580 252 79 30
-14968 2952 -4552 -14 161 -30
-15236 3120 -4240 -177 300 78
-15496 2868 -4428 0 469 317
-15120 3000 -4240 64 305 272
-15352 2836 -4396 192 20 55
-15156 2772 -4432 456 -252 -137
-15140 2792 -4388 762 -51 -39
-15276 2952 -4784 741 -168 -77
-15020 2800 -4648 821 -339 -79
-14940 3024 -4516 900 -68 14
-15032 2988 -4384 561 -11 -227
-15212 2712 -4724 558 106 -69
-15216 2920 -4396 576 22 -59
-15280 2892 -4316 476 -35 -22
-15088 2776 -4544 544 -46 82
-15172 2800 -4568 564 135 69
-15144 2832 -4500 592 -77 -39
-15036 2744 -4524 541 -30 -88
-15272 2744 -4520 469 -35 -47
-15120 2836 -4548 324 -57 24
-15328 2568 -4424 302 -114 -6
-15324 2740 -4584 215 -44 67
-15144 2592 -4376 109 -268 -31
-15052 2684 -4356 123 -24 -44
-15288 2584 -4580 238 6 -35
-15212 2776 -4524 338 -55 9
-15292 2760 -4508 489 -54 115
-14980 2856 -4360 533 -4 85
-15160 2884 -4420 519 -21 98
-15048 2932 -4380 371 248 171
-15240 2732 -4488 293 284 187
-15296 2792 -4248 271 178 131
-14712 2648 -4176 668 809 252
-15300 4256 -6624 -857 2938 2146
-19092 4556 -3016 -3714 -491 2649
-15620 1460 -4356 -1226 -603 1507
-15924 3200 -2900 346 -626 2015
-14388 3684 -4084 416 -1385 1827
-14388 3236 -2592 588 -788 1801
-13780 2688 -2532 1997 -787 801
-13892 2892 -2832 3009 500 27
-14612 2896 -3016 3270 1364 -332
-15488 3252 -3000 3318 893 -748
-14988 3588 -3080 3568 312 -659
-15124 5060 -5588 2839 793 -393
-16768 4760 -4844 1439 397 1312
-17396 260 -4504 3263 -1668 431
-14576 7292 -3076 2632 -2185 -615
-16908 6572 -6504 648 1296 -3474
-14536 104 -8388 4407 2934 -3084
-15032 3392 -6576 4076 2119 -821
-15840 3812 -4980 1764 -1360 -2136
-13268 2356 -5960 -890 1050 -2506
-9968 900 -6848 -4333 466 1029
-10968 1380 -5940 -6243 -2664 3153
-10256 2192 -3224 -7334 -4058 5110
-10820 4040 -2120 -7401 -3611 5502
-13840 1792 -1804 -6516 -3593 4237
-14696 2344 -6512 -2058 -2804 -203
-29232 1288 -7872 519 14490 -2445
-17196 12108 -6304 -2035 3731 1042
-12168 3044 -2672 -1926 -1355 1821
-13988 3756 -4152 1137 3710 2616
-14484 5824 -3116 528 63 1187
-12420 4836 -1908 118 -1410 254
-12620 4200 -2244 1055 2398 -603
-13780 3148 -1156 3225 597 -3016
-13976 2308 -1628 5292 874 -5354
-14980 3836 -2292 5475 570 -6307
-22536 6900 -11508 2160 651 -15
-15232 6284 -3496 1505 -4836 1854
-13932 6220 -6764 2398 1725 -1015
-17108 2152 -9640 1250 4654 1866
-14868 3144 -5048 679 1924 -1682
-13744 1896 -5468 56 1893 -2564
-11272 284 -4820 170 3263 -693
-14468 764 -5188 191 1506 61
-12612 3176 -5244 -2523 -2412 1689
-12428 1820 -2032 -5516 -4791 2263
-11844 1856 -1232 -4959 -3564 1531
-14484 3948 -580 -7045 -3578 1580
-12076 716 -7440 -6220 -1443 2960
-17116 13724 -10460 -1552 -1787 3585
-26176 6012 -7844 4816 1507 -2213
-23980 8132 -6256 2058 -2924 -251
-12848 6908 -3068 229 -6256 1997
-8784 3932 -2948 1314 -2942 4058
-12440 5164 -3648 1264 212 3507
-11580 5860 -3884 1536 715 2375
-13412 6556 -1408 2451 2707 1453
-14156 5548 -2024 2564 2712 536
-13320 4496 -1592 3701 843 -499
-13884 2656 -808 5757 1644 -2066
-16212 4184 -3764 4816 2834 -2478
-18112 7244 -5572 3023 1392 -1510
-17608 8704 -7140 1930 -490 -1436
-14496 4020 -6088 3492 2087 -3863
-13212 5620 -6420 3369 1838 -517
-15604 4324 -6872 1762 1108 -2342
-14792 3736 -5956 2102 1479 -2364
-11312 4672 -5548 -1075 -708 -895
-11600 2016 -6412 -3674 657 352
-12228 1224 -4356 -4506 -2032 1102
-11412 2952 -2696 -5948 -2967 271
-14684 1864 -3496 -6237 -3505 45
-13072 3068 -7924 -4205 -870 -996
-23440 8540 -5660 1221 1302 -1681
-23504 9804 -8300 516 3025 -192
-13804 6196 -2060 -2350 -3573 1416
-15432 5000 -4100 331 794 3549
-12932 5936 -4128 -209 -1473 2930
-12196 5664 -3704 11 -801 2178
-12664 6180 -2780 -348 1266 1726
-13256 5952 -3012 -196 1774 1248
-13680 4668 -2072 1710 1095 932
-14584 2800 -1140 3973 -394 -546
-15432 3280 -168 4283 -3183 -2000
-14024 3836 -5020 4415 -2366 -3013
-20884 11000 -4664 567 -2906 3238
-13224 3192 -4876 5609 -2309 -4016
-14576 9348 -7392 3776 6169 -116
-15356 4276 -6820 2427 855 -642
-13180 4796 -4920 1480 1431 -2519
-13388 1936 -5640 -2 2902 -1771
-11172 2788 -4936 -1102 2237 -50
-9876 2568 -4184 -2775 640 -664
-10356 1504 -3560 -5423 -1078 1403
-12188 3020 -1992 -6317 -3751 628
-10052 -416 -3664 -4555 -3169 507
-14760 7532 -9232 -2350 -1894 794
-28668 2832 -12188 4522 9856 1270
-25020 13544 -6864 -324 -315 -4048
-12252 4248 -1168 -65 -1025 -1252
-16128 3524 -5852 2301 2478 1417
-14692 5812 -2636 2027 826 943
-13232 5424 -3088 -91 -3321 -914
-11924 3548 -1888 300 -2488 664
-13240 4004 -1676 1962 -228 -397
-13188 2856 -2500 2734 214 -1760
-12468 5376 148 931 -891 -13
-13244 -2596 -3388 4851 4118 -283
-16692 9808 -4624 1561 1314 585
-27392 1948 -5912 1938 -3940 5726
-14108 12224 -3988 5330 -3280 237
-16392 8308 -6932 782 619 1152
-10576 2768 -11024 4636 4863 1199
-16468 5368 -5780 2738 -688 -710
-13208 3048 -5264 937 1904 -621
-10976 3264 -4792 -902 3221 -1551
-8812 2232 -4524 -3213 1748 -454
-8708 1548 -6028 -6322 1310 268
-7828 5636 -3384 -10187 -2825 326
-12492 6004 -8844 -10116 -2374 1361
-20964 10776 -6424 -4736 -515 2968
-27596 5540 -7700 -3386 6680 -272
-15240 11444 -1496 -5050 -2285 1668
-15236 3340 -5004 -4124 -1669 784
-11232 4572 -5168 -691 -217 -13
-13484 6220 -4376 -229 -428 630
-13216 6208 -3228 2170 -643 463
-13664 7844 -2456 1421 1168 660
-12868 5720 -1844 2140 2508 977
-10904 6060 -3224 2776 2243 1344
-14200 4296 1200 4472 -1522 -474
-17236 1640 1068 7127 -3929 1059
-22680 13060 -5084 5751 -5615 4888
-16900 7440 380 5941 -4919 -559
-15740 12436 -5960 7212 5048 -3137
-12232 6468 -10312 6017 3829 -1239
-12916 7656 -5652 4309 1538 -3189
-13888 4468 -6532 2830 2830 -4102
-12512 4548 -6952 1467 4910 -3230
-9892 3408 -6440 589 4179 -2654
-11012 3536 -5276 -2614 1707 -446
-11052 2364 -4680 -5345 -464 718
-9080 4432 -2240 -6810 -1864 -1324
-15636 7244 -10088 -5600 -5062 540
-22688 -1764 -10728 3483 5634 624
-21644 9756 -8164 3565 622 1450
-12304 8508 -9828 -3750 -1808 4512
-11272 7320 -4992 -5111 585 4208
-11560 2888 -5256 -1593 -1065 661
-12908 6604 -3076 -1125 -550 490
-15120 6484 -1800 -812 2091 30
-14276 3916 -5304 1335 898 -447
-13640 6832 -3916 4055 2236 -66
-14188 6000 -2192 4687 -1540 918
-14896 4980 -2212 6483 -3306 -283
-16320 2888 -3132 7946 -3399 735
-12244 7056 -7828 6220 -4220 281
-19048 5968 -9788 7648 -3284 3037
-12876 6164 -7920 9986 -3121 1673
-10612 6748 -7956 7997 761 3270
-11272 7392 -7948 3741 3536 2055
-10676 2888 -5508 1309 164 478
-8108 1884 -6216 -654 2527 416
-2780 5124 -4276 -5843 -1210 2151
-7140 1372 -3712 -8018 -4266 2642
-7256 1440 -4228 -5800 -4080 -924
-16120 18936 -12600 -4928 -7676 2358
-31660 1732 -2048 3179 5571 -2041
-15412 10336 -3916 -4908 -10508 -4259
-23628 9160 4040 80 -2470 -962
-19572 8148 -428 7695 -3644 -4921
-16864 13252 -3308 6679 -6546 -2031
-13884 6748 -3844 8282 -2513 -20
-13492 8052 -2444 8587 -1289 957
-9188 1704 -696 11171 -2956 268
-10380 3604 -1864 13899 -1338 80
-10872 2460 -72 15945 -4346 -2773
-10072 -1252 -600 21757 -4301 -5921
-13292 1820 -3324 24483 -908 -6252
-13224 6192 -7464 21575 1046 -2307
-18332 9204 -13704 12955 1617 -122
-20692 -88 -12256 14161 563 3468
-18892 7112 -6200 13860 -398 1567
-18188 3684 -8424 10482 380 1733
-12168 4764 -8668 7292 2493 4049
-10316 1856 -5536 4572 -1649 5028
-10080 228 -5492 3905 -548 5034
-10116 436 -4480 3916 -3437 4415
-12448 2820 -2536 3616 -5711 5262
-11216 1876 -8260 4884 -4676 3498
-18396 8552 -7788 7625 -4596 1225
-23552 11020 -8736 9805 -841 127
-22644 6696 -6576 5403 -6203 541
-14840 5444 -6116 4944 -3932 1090
-15720 6688 -5336 6623 -4498 2331
-11948 4700 -4896 8197 -3801 767
-11524 5252 -3676 9278 -2813 486
-11004 2776 -3736 11600 -5715 -686
-10340 2972 -2088 15166 -6655 -928
-7316 76 -1696 17705 -4081 -2741
-5840 1168 -4632 16825 -4722 -3754
-10332 4852 -4440 13880 -1028 -2437
-14288 4844 -13148 9393 387 1937
-30072 12420 -64 6493 -87 5279
-11976 200 -9120 3054 2216 -3079
-31360 14716 -13412 -2261 7164 6067
-18812 5260 -5164 -6249 -1261 -3246
-15480 -3948 -8132 -1594 6823 -3335
-11620 1980 -9120 -1881 7553 79
-14408 644 -8340 -2868 -4188 -3194
-14036 776 -8904 263 -509 -3576
-13092 2232 -8420 703 -2317 -1795
-13692 2292 -8740 2290 -738 -3150
-12792 780 -6648 1562 141 -2135
-13360 252 -5240 -786 961 1071
-16348 32 -2444 -2123 -1410 2833
-16352 2264 -2320 -3976 -6048 1298
-13608 2688 -3704 2202 -282 3888
-16400 9532 -13824 -5202 -10312 -464
-16704 5652 -8024 -4204 1636 2393
-16624 4984 -4384 -1273 -3582 1811
-14860 3108 -3864 570 -218 3139
-13900 5624 -1720 -763 895 2610
-10776 4204 -3436 -1071 -1405 304
-7708 1604 -1564 1236 -2275 -1306
-6360 220 -16 4329 -1175 -3266
-7464 852 -824 7970 -2326 -4308
-8600 216 -3136 10925 346 -4484
-14664 6700 -9816 7315 338 -1235
-29276 18376 -2164 2676 -3248 4316
-20676 -3440 -11676 1058 -2891 -5303
-20596 8280 -7816 801 4822 1692
-16980 4372 -7124 -1503 2228 -1492
-16024 1860 -6628 -2204 2599 -2493
-11844 488 -4324 -801 3382 -855
-11880 2268 -5644 -646 3544 -523
-12888 1352 -6192 -1013 4067 1353
-14444 2244 -5360 -2931 2196 1400
-14460 568 -3444 -6201 -534 1596
-14948 -48 -3160 -6681 -4631 357
-14412 -72 -3696 -5080 -6459 481
-14524 2748 -9032 -1760 -2895 516
-15420 11416 -9812 -2149 -396 1190
-17664 6488 -6420 -2313 2386 312
-19796 7444 -6164 210 923 3513
-13928 7900 -3108 -1250 -2473 3750
-11680 4424 -3684 -1554 0 3924
-11484 5116 -2136 884 1285 3081
-12388 6536 -3780 2053 2056 734
-13008 5544 -1944 2907 1234 -195
-14680 4820 -3052 4249 2742 -1290
-15704 3724 -3544 5119 1041 -1562
-15208 6072 -5016 5956 -550 -1152
-18368 9108 -7816 6446 513 1583
-14632 7960 -7484 5576 844 761
-10296 8716 -5356 3975 2688 2683
-10132 1332 -6892 4789 3647 738
-14100 3956 -10012 5632 3185 -374
-15884 6236 -9760 2334 833 517
-14344 5248 -8676 1186 2122 -378
-13728 2420 -8192 2214 3959 -1061
-13104 3672 -8068 1405 2145 -1123
-14044 3572 -6964 -251 -255 -26
-14068 4744 -5996 -3652 -2407 484
-14384 4024 -8620 -6302 -3962 543
-11564 3652 -14520 -1848 -54 1903
-12536 8528 -10184 1744 7360 3986
-11980 9452 -5484 -3526 -2162 2544
-13244 5496 -5812 420 890 2891
-10404 4396 -4084 744 -2056 1468
-6244 2760 -2520 4538 -1393 613
-8036 4208 -2952 5141 -2577 -81
-8508 3536 -2324 6243 -4505 -3669
-6712 3384 -4996 8880 -4390 -4391
-9368 5816 -5240 9706 -2311 -8087
-11176 5588 -4804 5757 -5770 -7550
-24528 11856 -32768 -5306 -1097 -4040
-32768 4756 -5004 -8904 -13305 419
-25840 7436 -11584 -5499 4670 1514
-23764 3424 -11748 -8043 2210 207
-17564 3228 -9496 -8049 4996 -568
-16068 -1432 -6424 -5441 3547 -342
-10104 1188 -5032 -3981 953 -898
-9540 1696 -4128 -3814 980 -222
-11476 992 -6012 -2980 1976 428
-13404 1108 -5416 -2716 2196 1044
-13408 1232 -3744 -3068 1490 998
-16108 1740 -1192 -4681 -2045 1271
-14460 1912 -880 -6274 -7049 -167
-15300 2324 -12676 -4925 -5794 946
-18476 10676 -11392 -202 4877 2587
-14008 11848 -6740 -7677 -2005 -581
-16752 1276 -5396 -3235 -2596 1133
-15404 3940 -3512 -2523 3311 2106
-10848 3316 -2228 554 926 797
-11708 5404 -2492 2635 -1 -241
-9976 4900 -928 2928 -1633 -1537
-9252 948 -72 4106 -3189 -3014
-8784 720 -2528 7635 -2970 -6160
-12568 3204 -2228 7868 -455 -5280
-14396 4576 -7568 5750 -4087 -99
-32768 15548 -17128 3889 -1168 9245
-21840 11716 -5636 -2458 -812 -2404
-21760 3560 -9648 -3914 7591 -2271
-13636 4128 -6384 -2386 4996 -742
-12600 2552 -5536 -1270 2586 -2509
-10580 1172 -5676 -226 4116 -2152
-12636 1712 -7320 -494 4051 -1273
-13932 1160 -7276 -1027 1550 450
-15352 2572 -5848 -1264 1059 1519
-15148 2152 -3780 -2255 -260 1737
-15380 2780 464 -4370 -5820 710
-15928 -664 -13756 1732 -512 2547
-24220 10576 -11264 852 -2684 -2302
-15636 6404 -9944 -645 -2531 2491
-16588 5448 -4972 590 -3337 -110
-16288 2764 -7968 2971 -1768 3067
-15136 7416 -5312 1728 -4134 1536
-9456 5244 -3304 331 -3056 2033
-10156 2800 -2600 1628 693 1184
-9896 3452 -1644 3323 -276 -862
-10904 1732 136 5122 -4261 -3739
-10732 -520 -1060 8143 -1398 -6056
-11336 3448 -3068 7503 686 -6181
-18204 7720 -14496 2436 3262 1969
-19824 11832 -1484 -398 -658 7344
-19904 -812 -13024 3830 4899 88
-18532 8304 -7776 2756 4658 1761
-12804 2916 -6648 -2161 820 -3350
-13724 2980 -6828 -4048 822 -1894
-10964 -1112 -5860 -1279 2285 -1262
-15136 2704 -6912 463 1575 -982
-14544 1496 -6256 1345 16 -1212
-13488 3576 -6032 -81 -744 -225
-13464 2348 -5312 -3772 1773 1022
-15920 1168 -2192 -5872 -1982 1985
-14100 12 -2784 -8917 -3948 639
-12780 1096 -5128 -8919 -6441 2865
-16028 6488 -8032 -709 1806 -3234
-21724 11636 -7284 -4590 5438 1166
-14140 4464 -5820 -5446 -1302 -14
-16232 5168 -4532 -2880 3491 2642
-12772 4732 -3548 -2745 -207 3327
-11072 3680 -3956 -397 573 -1172
-12100 4988 -3340 543 1951 -239
-10856 3984 -2296 1422 -549 -2588
-9612 2400 -1384 2605 -631 -4184
-12696 3620 -1996 1417 219 -6539
-17308 4104 -3080 -1105 1540 -6494
-23896 9972 -10884 -2308 -1934 2968
-16088 6308 -6836 -2710 451 6293
-16592 7968 -8112 -2716 694 -2851
-17188 3212 -7900 -7418 4726 -1517
-13012 2928 -7260 -9131 4546 -3088
-12740 3044 -6516 -9411 3405 -1298
-13504 2368 -6584 -11228 4032 -1633
-12240 2820 -6096 -12963 4516 -1293
-13220 3004 -4468 -16105 2280 -2090
-10336 2784 -4800 -19964 2972 -1609
-12396 -1888 -5376 -18714 1570 -1145
-16284 8488 -8808 -13328 -1390 -1313
-21864 4644 -7292 -11520 8527 -3543
-16932 10148 -3352 -15378 1673 -3472
-20400 5332 -3012 -14124 4172 -609
-14548 2516 -3644 -11517 3199 -1370
-13612 5680 -2356 -10435 3086 -369
-12520 3296 -3016 -8968 1634 141
-12404 4936 -2472 -6735 2217 -556
-12892 4892 -704 -6053 435 -1736
-12136 2996 -820 -4193 1844 -2745
-13212 2480 -436 -2317 1966 -3154
-15364 120 440 200 2091 -3043
-16436 1564 -2756 1203 -63 -2381
-19376 8024 -2760 1292 -779 458
-15828 8240 -9744 -965 2590 1614
-14444 3560 -10956 337 2183 1379
-18016 6024 -7976 -1414 2489 -1044
-14432 2976 -6996 -2707 4097 -2301
-12100 3596 -6012 -3900 4664 -1096
-13104 3468 -6312 -5933 3457 149
-12548 1608 -5816 -6682 2012 591
-12512 2112 -3600 -5856 213 791
-11780 1716 -4020 -6729 -1885 1987
-12316 2544 -2648 -6935 -4168 1659
-11380 636 -5900 -7748 -4429 2131
-23096 24052 -5428 -228 -11125 -113
-28684 8964 -6920 -3393 3557 -1901
-16128 8192 -1892 -2438 -3928 -623
-16512 6420 -2636 -821 -814 1820
-13084 6464 -3612 264 -1356 1245
-11796 6212 -3820 579 2265 1490
-11012 6008 -2848 30 1897 1595
-12488 5268 -3156 1875 2358 1151
-13652 4952 -1576 3237 1186 625
-14636 2964 -524 5179 -430 -947
-13800 2076 -632 6210 -3636 -3412
-11092 2316 -1496 6599 -2982 -4748
-19580 13864 -9628 3173 -1164 -955
-16492 3744 -8168 5245 -1905 364
-15472 5460 -8956 8838 2738 -2021
-16872 8832 -7512 4462 -448 1291
-14288 4496 -5928 1778 -573 -1734
-13824 3152 -5912 538 1070 -1197
-10996 3460 -5332 -1330 713 1288
-10688 2808 -5172 -2992 74 1507
-8376 1552 -3552 -4168 618 -237
-9212 2640 -4856 -6048 106 1705
-10396 2628 -3764 -5741 -1533 2063
-13472 552 -5204 -2201 -710 1533
-15040 6628 -7540 -551 744 3154
-20456 6176 -9288 1768 3317 325
-23936 10944 -8220 -299 3621 -3679
-17196 7624 -3056 -586 -4043 -1872
-18696 10352 -4120 338 118 -2292
-17716 7120 -4528 643 168 -45
-15368 6136 -3936 1211 258 437
-11544 3664 -3140 2496 1074 -250
-11512 4840 -2600 3315 358 654
-11340 3884 -832 3737 -876 -2537
-11976 668 -600 5487 -164 -5104
-10568 1324 -3888 6356 970 -6236
-15996 8172 -5248 1777 520 -3317
-18232 9012 -11580 -964 -2267 2061
-17876 1576 -11228 3336 -126 1852
-17152 7172 -4932 1237 1272 59
-16008 3028 -7888 -1459 3509 -716
-12944 2316 -5680 -1711 3549 435
-11520 2276 -5752 -2812 2064 1486
-10492 1364 -5472 -4770 2808 1438
-7920 -468 -4564 -5121 4056 1346
-10188 3992 -4228 -6293 -1 743
-12832 1720 -8556 -3632 -1305 -851
-18256 2664 -7708 1119 4035 -2039
-27260 1592 -5068 7356 765 -975
-18200 5808 -9096 2536 -5335 -798
-16760 8844 -8432 298 -228 1347
-13908 4900 -7208 814 -2956 2143
-14976 8664 -5764 864 890 -138
-12424 7204 -5188 -1845 -1269 957
-10684 3176 -4684 -1103 921 -22
-10076 2264 -2268 887 301 -1383
-9184 820 -1708 4131 -1351 -3333
-9952 968 -3184 7275 1059 -3917
-11764 4832 -5580 4681 -335 -2697
-15156 6028 -10240 2075 -603 -109
-20688 6888 -9848 -1286 406 4127
-22648 984 -5432 2371 -3446 729
-17084 6032 -6448 3184 3324 922
-17852 3540 -8216 1859 45 537
-15204 5648 -7844 568 4 947
-12616 3060 -6956 -1390 -697 2033
-11740 2344 -5428 -1449 994 1417
-9192 664 -5204 -2941 126 2057
-7648 2296 -2520 -3626 -1176 2884
-10884 3752 -4412 -6147 -1564 3976
-12144 856 -4048 -3780 -2346 3493
-17644 11040 -8620 1863 -3143 -662
-24712 6988 -4832 55 2527 1108
-18272 10300 -5628 -4089 -5491 -4461
-20184 6784 -4920 -2244 -1219 386
-19056 5908 -6164 1240 -60 654
-13684 7884 -3324 1435 537 835
-11900 6100 -3524 646 -851 -413
-9764 3664 -3256 1839 1785 -1578
-7260 3244 -1908 3022 45 -2489
-1580 308 -1300 6426 -38 -1648
-8588 -12 -1612 8871 2500 -4982
-10936 3856 -6796 7710 3208 -2278
-21908 11404 -12480 -132 -185 -59
-28848 2964 -1504 1399 -6721 595
-22448 2020 -13476 7885 1519 -1805
-20320 7644 -9140 4394 -1507 1759
-18316 5868 -7672 2991 -1799 -653
-17752 3232 -8056 799 -684 1135
-12508 2456 -6292 347 -399 624
-9684 2664 -5880 -1289 -305 2619
-6728 1576 -3324 -3499 281 3016
-6252 3144 -3932 -5254 -255 4292
-7544 2840 556 -6061 -2362 2989
-12152 120 -6208 -2407 -962 677
-18628 3944 -5624 1090 -650 978
-24380 7412 -11036 6377 5109 -1261
-23040 12620 -7176 -3167 -2753 -4730
-20376 3604 -6484 -1463 -1501 -766
-20772 8032 -4176 93 -662 2105
-14972 6212 -3436 51 -653 2321
-12320 5948 -1624 -606 1873 1318
-9820 3588 -3060 -1317 1344 1416
-8856 2704 -564 1281 1871 197
-14092 2168 868 3544 -867 -1365
-14036 1196 -956 5610 -3179 -3214
-18148 8632 -6128 1610 -685 1155
-17168 10044 -6412 -1494 458 6040
-17956 8048 -10600 2098 4995 2363
-13820 10128 -10872 1860 660 3711
-12520 6860 -2860 347 2897 -965
-13448 48 -7300 828 3450 1615
-10800 4996 -5612 745 -293 -709
-10156 4956 -5256 -2212 -2830 -2310
-11156 1048 -6060 -3700 -1396 -276
-8316 1228 -4420 -3086 -1632 168
-10960 3336 -4084 -2144 -3098 400
-7796 3476 -1848 -4171 -3635 -1239
-18896 19260 -12388 2959 -13217 -2961
-31624 8672 -6636 5431 12130 -5165
-20736 11116 -4096 1286 -7292 -3212
-20936 6496 -2516 4251 1754 1056
-19400 5612 -6568 4878 -1142 62
-17064 7688 -4280 5300 929 2547
-12416 6176 -3264 2949 822 2352
-11800 4380 -3156 3132 1260 2156
-10996 3208 -2492 3645 1202 1324
-11828 2220 -228 6028 755 -878
-12772 1936 -976 6448 -631 -1714
-12492 2116 -1900 6553 -1248 -1335
-15964 7396 -6740 4600 -1 19
-17360 9092 -7640 279 -101 5020
-16384 3864 -5380 4861 -2926 -2451
-15960 10068 -7972 3849 3410 590
-14552 4172 -10192 3181 1796 1372
-14332 5964 -6080 2062 1018 -266
-13232 3472 -6476 316 2149 -807
-11336 3172 -6752 -1261 3026 -406
-11144 2408 -7132 -1488 1670 -823
-11280 1668 -4748 -2497 1150 -94
-8676 1424 -4240 -3487 -1023 -182
-11572 2496 -3600 -3972 -3253 370
-11192 1384 -3524 -2678 -4360 1028
-13512 4012 -5740 -3288 -3638 970
-11280 1276 -5144 -2802 -3586 -2016
-29156 10604 -3872 7250 2754 -6512
-27448 10164 -7756 407 -4085 -2503
-13016 3848 -3384 1498 -5741 35
-17656 5096 -3716 4171 1160 2871
-11948 4072 -3812 3909 -1228 787
-9708 4272 -1264 3503 11 454
-10400 3212 -1520 3721 -444 -1240
-10056 1908 -1640 6090 1055 -3111
-9068 1996 -1800 7354 669 -3912
-11456 4072 -2012 6047 848 -3734
-15612 6428 -8516 2151 637 -1534
-28104 9792 -9488 -3496 577 5926
-16816 -3456 -6972 4200 -1011 -4781
-17812 10820 -9172 2939 8291 5127
-14672 3260 -8120 1046 1117 683
-13528 4168 -5408 1417 3143 -560
-11440 632 -6608 -217 2605 1114
-11652 2156 -5820 -835 1632 980
-10432 2644 -5060 -2244 -288 1285
-11308 3280 -5360 -4255 -889 2785
-9936 2664 -2796 -4130 -3289 1562
-13020 1252 -4884 -3216 -1897 1552
-12752 4500 -8264 -1928 -2991 -352
-23908 6124 -13924 4482 4842 -719
-21348 12976 -6100 -4329 -2865 -4374
-17228 3180 -3880 -1949 -3922 -2258
-19836 7900 -4900 46 1804 1514
-14352 4436 -4568 1442 76 562
-11924 5976 -1876 457 -457 420
-9760 2268 -1820 1015 155 -439
-9968 2652 -2808 3111 336 -1366
-8236 1600 -812 4990 -1108 -2285
-9876 2220 -1552 7454 -1807 -4538
-13248 5016 -1440 5144 420 -2315
-14840 6796 -12628 -437 -1131 1780
-28004 5740 -1992 257 -3565 4375
-16380 -4124 -4656 5235 -3946 -7353
-21264 14728 -7920 859 7042 6157
-13592 1844 -8252 3372 1842 -643
-16876 6976 -6520 1994 738 -1460
-12988 492 -5660 861 1873 1050
-11692 2288 -4264 971 3003 -172
-10684 1360 -5280 -138 650 894
-9540 1336 -4116 -1412 639 1207
-8424 2616 -4248 -3109 -743 1595
-11068 2664 -3744 -4171 -2454 3110
-9004 1704 -4780 -3553 -155 715
-21592 5432 924 244 -2872 -3933
-28916 9120 -7460 371 3273 -2092
-18612 6280 -5584 -2929 -4411 -2837
-20168 9400 -1652 -2188 1022 427
-17188 2812 -5740 338 716 699
-13364 7764 -3344 1403 882 261
-11488 5996 -1988 -1800 -2114 -214
-10252 1784 -2668 110 1253 -405
-9400 2668 -1976 2219 1637 -1166
-9864 2704 -672 3996 1372 -1668
-12820 2940 -44 3584 1112 -3364
-14156 452 -2980 3219 1284 -1936
-22200 12916 -9640 -2969 -162 1801
-20396 3688 -3264 -773 -2866 2686
-12556 5416 -9412 4475 3780 268
-20876 9496 -8256 246 720 3017
-15108 2812 -6424 1833 1576 -2543
-14192 4636 -6956 -1237 1084 310
-12476 2356 -5480 -1787 756 292
-11116 1860 -5300 -1491 633 -427
-9024 1756 -4224 -2365 -1 762
-9276 2192 -4324 -3933 -36 1253
-12692 2908 -3292 -4591 -2616 2317
-10172 196 -1184 -3484 -3224 -348
-19028 12712 -6304 2227 -2527 761
-28144 17344 -5364 -2855 2798 -3638
-18052 3964 -4840 -5263 -4574 -1138
-19616 6660 -3576 -821 299 2314
-14456 4528 -4944 1168 -1785 364
-12160 5884 -2352 868 -1646 109
-9860 3136 -1604 1038 -1176 -189
-9384 3144 -2764 2251 833 -1329
-9392 2440 -1404 4706 1860 -1696
-9908 2036 -656 4838 -678 -2700
-6544 -824 188 8158 -109 -5012
-11340 2996 -2304 6025 1541 -3167
-18572 8940 -7336 2649 938 -1936
-25748 7008 -14864 -3979 -371 3883
-21512 -748 -1628 3018 -2380 -2854
-15664 10624 -10448 3306 6332 3408
-17892 2496 -8160 -740 1402 1053
-14912 5292 -5712 -6 4232 -2568
-10848 108 -6544 -2169 2142 1387
-12336 1576 -4632 169 2331 563
-10840 1964 -5764 -461 227 613
-9772 3168 -5464 -3560 -2015 3063
-9368 1968 -792 -3800 -4124 3243
-14264 1148 -4060 -2179 -3291 2281
-13068 3988 -8276 -520 -2231 1036
-19120 6948 -11920 2872 6028 763
-22524 12368 -5332 -2412 -1603 -1369
-19916 4672 -3736 -2800 -4585 -2202
-19336 6644 -4332 -2620 -783 1395
-14464 6144 -3072 880 663 1068
-11984 4964 -2488 442 1248 1401
-10776 4264 -2700 1695 1902 1222
-12512 4672 -1644 3822 -1317 560
-14632 4412 1824 4990 -4645 -1333
-11112 2956 -236 5595 -5492 -3635
-9188 3112 -2024 4964 -1796 -1506
-13828 4696 -2912 3623 478 -357
-14372 4488 -4576 3017 895 912
-17332 7544 -5180 930 3932 203
-13020 6368 -9788 1779 9198 4360
-12072 2012 -7168 7559 7597 558
-18016 12532 -16164 723 2298 906
-18628 5324 -11596 -2886 4356 331
-17568 -2208 -7300 -461 4865 -3563
-13104 1944 -7928 -486 3752 -707
-12800 2264 -7896 -2440 -2592 -187
-9108 3396 -7620 -6904 -5161 -1080
-9600 8024 -11568 -6567 -7658 1907
-17724 3216 -9004 -1604 1821 1412
-23408 16188 -2880 -7829 -7654 -2744
-14448 3508 -2644 -7546 -2188 -1112
-17340 4896 -5416 -4668 749 1266
-9092 4396 -4408 -3622 412 398
-8052 5780 -4324 -3953 -188 1837
-6588 4500 -4556 -5819 1031 340
-7972 2792 -3964 -8241 435 305
-7960 -176 -4556 -11089 -1425 880
-8168 5692 -644 -10111 -4913 -630
-24904 12116 904 -5225 -2370 -5622
-32768 15984 -1160 -6094 5017 -3788
-25268 116 -700 -1222 -1011 1562
-10968 5500 -588 2254 837 3625
-9132 6120 -2680 1567 -795 1764
-11376 5880 -2608 -987 -57 -1000
-16476 4104 -2872 -1397 1329 -887
-17520 5556 -832 39 174 -441
-14736 6264 -1004 479 -2460 292
-13240 5488 -1376 1173 -1631 1369
-13408 6264 -628 1633 -752 809
-14008 5884 -1328 1400 -496 250
-14352 5856 -980 1148 -530 -13
-14580 5668 -880 919 -403 42
-14400 6008 -1124 808 -518 28
-14392 6512 16 281 -784 -188
-14828 5952 -1028 279 -36 216
-13984 6060 -904 548 -177 357
-14216 5964 -628 472 -173 228
-14228 6080 -764 239 -135 -43
-14276 5652 -728 215 197 -87
-14548 5588 -1084 688 225 43
-14208 5556 -752 1103 -92 -179
-14448 5160 -744 1479 111 -533
-13924 3904 -688 2669 696 -1572
-13480 4116 -636 3652 1824 -3747
-15756 6356 -1792 2594 1265 -3016
-14708 5728 -2780 935 820 -1969
-15060 5908 -2736 231 545 -1332
-15148 5452 -2064 -601 357 -556
-15008 4964 -1644 -108 269 -2
-14840 4780 -1976 348 791 437
-13872 4724 -1836 1052 996 466
-15520 5488 -2484 724 1879 1251
-15256 4648 -2400 541 1788 2081
-14284 4988 -3032 435 1073 1170
-14628 5060 -2908 -200 990 1112
-14528 4924 -2620 -657 808 538
-14680 4824 -2684 -823 685 99
-14952 5304 -3180 -1230 682 65
-14568 4744 -3280 -1333 705 -227
