14688 -7676 1336 1196 -507 305
14708 -7572 1584 1060 -448 -272
14596 -7736 1416 661 -255 -443
14688 -7916 1400 612 -207 -590
14532 -8040 1140 391 -139 -508
14540 -8052 1256 443 -264 -519
14564 -8140 1212 190 -161 -264
14608 -8168 1312 56 83 120
14540 -8120 1160 -78 223 370
14724 -8144 1244 -72 237 369
14720 -8036 1300 116 55 317
14700 -7864 1040 97 20 158
14732 -7936 1144 42 -183 -134
14596 -8128 1208 346 -505 -350
14640 -8084 944 -120 -99 -162
14784 -8212 1164 146 -329 -318
14744 -8208 1176 31 -185 -163
14600 -8160 1180 194 -219 -20
14768 -8024 1032 226 -177 -59
14760 -8140 1136 456 -173 -124
14876 -8216 1144 510 -87 -47
14612 -8124 1092 640 -30 -4
14740 -8128 896 554 57 -45
14896 -8176 920 561 0 5
14836 -7992 952 601 -116 -68
14820 -8032 936 556 -129 -285
14664 -8108 1040 539 -41 -223
14572 -7956 944 626 -135 -263
14640 -8048 760 503 -161 -371
14672 -7948 608 256 -105 -114
14788 -7752 740 -62 -169 115
15084 -7604 588 -432 -313 207
15056 -7216 876 -812 -619 296
15072 -7080 844 -951 -754 165
14804 -6824 1064 -1340 -944 -353
14496 -6928 788 -1348 -1241 -675
14288 -7052 316 -1393 -1733 -1161
13756 -7056 268 -1683 -2346 -1195
13468 -7028 -664 -2350 -2020 -315
13168 -7892 -1904 -5176 -1401 564
14100 -9616 -2060 -4081 -3367 1276
14564 -10704 -1260 592 -7219 -120
16080 -11864 -660 4999 -8890 -1876
17416 -11844 -1264 7677 -7765 -2118
17608 -10752 -1588 6259 -4084 -2325
15036 -9708 -1692 3605 -2099 -250
13800 -8932 -1920 6206 -2378 32
13192 -7524 -1728 6960 -2686 -271
12664 -7008 -1492 6244 -2466 -120
14544 -7128 -3048 6625 -2694 -195
21744 -9628 -3320 6902 -3512 -2466
24912 -10184 -4904 3437 -460 -5066
22676 -9544 -3600 -1643 -35 -5342
25416 -10096 -3308 -3682 1109 -8282
21136 -6008 -5248 -2943 5205 -4363
13096 -4248 -3764 -4890 7467 1866
11604 -1672 -3452 -2731 9122 6609
11836 -1480 -2316 -5804 11868 6594
10708 -2400 -2944 -5377 11454 3989
9420 -4544 -516 -3285 8679 1880
8420 -5796 1060 -978 4913 143
10156 -8724 2832 168 -213 -339
13520 -11988 3468 3696 -4562 -335
15368 -10684 2484 3317 -5709 3534
19440 -12108 1548 -345 -7230 5736
18876 -12468 -704 866 -8256 3305
14604 -9524 -940 3597 -8156 4463
14168 -8776 -1400 7117 -8397 4495
13472 -7836 -2200 8553 -6154 2361
12092 -6320 -2628 5715 -2917 491
11948 -6344 -2848 2313 -1143 -1208
12556 -7568 -2908 3107 -2185 -3090
16148 -9308 -2572 6532 -2971 -4889
19072 -8772 -2692 5649 -3051 -5997
21024 -9636 -2752 734 -1372 -7438
22232 -10132 -2268 -1919 166 -8987
21236 -10460 -3356 -4468 302 -9190
15636 -6628 -1028 -3268 337 -6119
12804 -3268 -1296 -4082 1950 414
12392 -4636 -2708 -6076 6857 1620
9760 -4748 -1368 -7005 9832 3117
9496 -4908 -1248 -5488 9359 6492
11012 -5768 164 -9158 9425 8601
11824 -9264 296 -8831 7365 9626
13792 -11560 2596 -3492 4235 8259
12568 -10068 3124 1953 942 7758
12744 -9712 3248 -734 -1624 7140
16480 -11100 -328 -3945 -3746 4283
20304 -14060 -1792 902 -7352 -3278
17432 -12356 -1548 8588 -10162 -5448
14532 -7880 -1476 12880 -12464 -2840
15148 -8624 -3056 11637 -10254 -5338
12668 -7452 -2704 8360 -6890 -7074
10416 -6512 -1736 6843 -6095 -5008
11308 -7248 -1132 8737 -6727 -3456
13256 -7204 -1876 8752 -4862 -3161
17148 -7448 -2600 5066 -1580 -3198
19564 -9000 -3156 1806 1443 -3997
20112 -9348 -2040 1841 1501 -4012
22452 -9936 -400 6725 -1958 -3099
23740 -10272 -2348 10208 -2276 -3824
19064 -5844 -820 7548 612 -1452
11164 2436 -3124 -3334 4962 5287
11388 -508 -3736 -11755 8970 4229
10632 -3468 -6224 -8909 11733 1512
11348 -3680 -1620 -6394 11847 2362
11992 -5452 -224 -6772 10146 2685
12260 -6964 2688 -6353 7359 3814
12736 -9224 4024 -1719 3254 3341
12080 -9036 4536 2251 427 1792
10088 -7528 3444 -5876 1026 1376
12380 -11184 1368 -13300 -1469 1018
17688 -15052 404 -8673 -8147 -2608
23296 -15412 1964 5380 -15341 -4382
21528 -11344 -1252 12624 -12054 -896
14840 -5996 -1216 5612 -4185 4825
11736 -6108 -1264 2090 -2590 5026
11388 -6240 -1740 5928 -3152 2603
12080 -6128 -2296 6970 -3204 422
13696 -8204 -2404 7469 -3712 -2034
14064 -8816 -2656 7534 -3802 -3445
13580 -8452 -2268 5255 -3213 -3678
14736 -9296 -2472 2941 -2598 -4275
17136 -10452 -2016 2694 -2443 -5101
18360 -9496 -1312 4074 -2216 -4799
20596 -9264 -1476 3610 -1308 -5047
22432 -10588 -2444 -544 353 -6871
20724 -9188 -136 327 3199 -4620
14304 -2872 344 -1032 6988 2708
10688 -748 -1092 -7918 11052 5716
8172 -2160 -816 -11505 11960 4964
7792 -4064 -1284 -6139 9430 3987
9508 -4444 -400 -1718 6061 1938
11504 -5656 48 -1983 3047 -576
12284 -7068 404 -2461 -337 -2428
14176 -8100 2712 -2527 -4638 -4201
15744 -10180 3996 -2755 -6526 -4601
17204 -12464 4316 -298 -5703 -828
24856 -16292 2284 450 -5035 754
24476 -15856 2992 2955 -4788 420
18056 -10096 728 7224 -3322 6538
14544 -7912 -568 8217 -1770 9075
13368 -6836 -816 9942 -1553 7908
11616 -5388 -2392 9401 -517 6411
10612 -6612 -2512 9120 470 4922
11300 -6216 -1888 9043 -265 4099
11308 -7528 -1188 6789 -656 1728
13268 -9480 -384 6198 -1968 -2618
15420 -9972 -256 4828 -3116 -6082
15156 -9356 660 3126 -3974 -6784
18580 -8472 840 1211 -4340 -5835
21736 -6892 -2904 -5654 -838 -8457
23300 -9276 -20 -9202 1057 -10825
13400 -1892 288 -5833 3423 -3882
11840 -828 -956 -10747 5944 -2351
10208 -3336 -308 -11795 5484 -4994
8528 -5064 1688 -7807 1348 -4465
11604 -7920 2376 -2574 -1973 -3902
15404 -8476 2448 1234 -2701 -3362
16676 -8144 2328 491 -828 1100
17068 -7460 2488 -1408 -139 3521
16536 -6996 2788 -660 -2290 3940
18828 -7884 448 -1125 -4422 2783
24272 -10528 60 -769 -7886 2094
22264 -10384 -1644 5589 -6979 3304
16428 -5984 -2180 6421 -3249 7082
15116 -6008 -2620 3740 -1319 5835
12924 -5972 -2924 4659 -918 4390
10728 -5176 -2276 7048 -2267 3650
10376 -5076 -2008 8115 -2941 1365
12636 -6412 -2272 7532 -2318 -79
17376 -8604 -3184 4959 -550 -2835
19212 -9080 -3272 1345 1391 -4319
19328 -9144 -2108 18 496 -4363
19224 -8016 -1160 -161 -1660 -5133
20896 -7704 -5424 -4643 -1846 -8054
20456 -7432 -4056 -2632 -2089 -9233
16336 -1552 -4100 -1762 -1556 -3054
12756 -696 -4284 -8042 3748 -1000
9880 -3144 -1760 -9101 5060 -2140
9492 -4392 -1056 -4768 3650 -2051
10852 -5128 -320 -3431 2494 -694
12348 -5620 632 -3293 1110 -361
13348 -6840 644 -1648 -57 118
15392 -7972 1456 889 -2248 520
16168 -7920 2576 3743 -4054 1851
17896 -7088 1048 1782 -3603 3813
20816 -9324 -1132 -575 -4029 3447
24524 -12560 -876 3888 -5771 1057
19412 -8436 -3124 10954 -3890 3476
17732 -4672 -3940 10357 270 6597
14384 -4148 -3552 5737 3502 6204
12764 -5060 -3512 5589 3669 5409
12092 -6084 -3072 9178 1736 3486
14116 -6284 -2696 9570 1083 2722
16248 -7224 -2648 7442 1510 180
17076 -7944 -2624 3724 1097 -2453
18912 -8936 -1768 1383 -438 -4586
20592 -6396 -4296 -3036 -21 -6722
20380 -8316 -4220 -4559 -694 -8551
18500 -3800 -1284 -962 -3545 -4075
14632 -668 -2292 -3771 -1261 -687
10372 -1896 -2972 -9881 2735 -1862
9572 -3544 -1100 -7773 2416 -1872
10644 -5096 -744 -5610 1669 -1347
12080 -6372 276 -4471 743 -889
13512 -8012 1712 -2356 -588 -1300
14080 -8932 2388 262 -3011 -1363
15504 -9600 4244 7157 -5027 -225
18784 -7416 1524 8945 -4143 1634
19340 -2576 -3724 1972 -2355 5195
25388 -7832 -3340 -4008 -4711 3202
22840 -11024 -3072 -3459 -2680 -3370
14144 -4020 -2780 653 -2481 -130
14144 -6236 -1704 3735 -1974 -313
12764 -5832 -1960 6622 -267 -1274
11772 -5712 -1408 6434 780 722
13100 -6312 -1848 7769 1538 2376
15160 -6164 -2512 6321 3440 2865
17816 -6652 -3088 3156 5851 1483
18672 -7844 -2752 1237 6820 223
18800 -7396 -1432 2974 4896 128
22580 -5248 -5980 1548 5278 -1300
22332 -6756 -4604 -2950 2205 -5603
16848 -1516 -1760 -2392 -2012 -3153
16772 -32 -3768 -3778 -1594 -697
15984 -792 -3120 -6034 1453 -2112
13032 -952 -2076 -8639 2650 -1714
11164 -2632 -1436 -10291 2469 -1073
11888 -4896 -176 -8323 1881 -1482
12428 -6016 564 -6520 1162 -1612
13312 -6856 2460 -5492 -427 -1928
13572 -7332 3148 -2737 -2919 -1746
15176 -8096 3856 1815 -5196 -1418
15328 -7188 4008 4090 -4709 -495
16444 -7152 2496 1824 -3594 2694
23164 -10856 544 2018 -2717 2230
22368 -9036 -2152 4409 702 4819
21684 -7700 -3388 2848 2644 7766
19464 -7864 -4096 4424 1829 6082
16528 -6784 -4528 5754 1632 3742
13156 -5804 -3736 4083 440 3406
11628 -6408 -2928 3789 -2326 2997
10928 -6100 -2112 7210 -4414 2439
11612 -5068 -1848 8335 -4872 1567
13712 -5964 -1692 4432 -5033 -1879
18428 -8180 -2812 1216 -3649 -6420
19940 -8280 -4588 -236 -2465 -6931
22376 -6828 -4168 -1788 -1211 -7296
21068 -5904 -6512 -8027 443 -8622
19428 -6848 -5600 -9273 -2663 -9371
18744 -3712 -4336 -334 -3807 -5076
15000 3352 -5416 -4317 1207 743
13728 560 -4776 -11031 6719 274
12160 -844 -3316 -8491 6778 744
12128 -2340 -1996 -9006 6047 1416
11800 -3868 -64 -8604 4303 1035
11908 -5332 1600 -5625 1712 916
13836 -6564 2520 -3488 -522 497
15716 -6896 2676 -1203 -2286 51
17356 -7072 2820 935 -3481 761
20100 -6868 1068 1944 -3067 3151
23284 -9000 -1412 3422 -3405 3877
23504 -9000 -2868 8066 -2102 3709
17884 -6596 -4224 8090 1008 6700
15608 -6572 -3480 9105 1463 8155
13152 -5092 -4300 10159 1752 7194
12448 -5144 -3140 8150 1521 6500
12260 -6572 -2412 8172 853 4287
11984 -6972 -1572 9643 -331 2522
13448 -6704 -1224 7714 -104 1201
15124 -8100 -644 4877 333 -1731
16740 -8252 -1116 3781 200 -2994
18876 -8316 -1608 1227 348 -3854
20680 -6696 -2732 -703 456 -5371
18872 -6156 -4000 -5031 -562 -7517
21976 -6488 -2580 -5375 -2942 -9434
15552 -3788 -2664 -7409 -3389 -6200
12580 -2916 -1300 -8273 -3811 -2851
12660 -3332 -960 -8424 -1862 -1918
11984 -4320 -440 -7583 -396 -1693
12848 -4956 680 -6387 93 -348
14028 -5848 1104 -6139 927 -159
15456 -7128 1732 -3828 428 -237
16168 -7584 2488 -968 -1360 403
17056 -7272 2700 1466 -3784 2642
20928 -7100 564 985 -3868 4566
25508 -10412 -2916 1082 -3568 1722
18964 -7960 -2612 9423 -1553 1999
16860 -3868 -3904 8355 -1608 6379
13844 -5332 -5628 7360 569 2906
11480 -3784 -6272 10082 -275 1701
11600 -4080 -5124 8001 -1226 1361
12092 -5024 -4176 5543 -2968 474
15392 -7336 -4196 3993 -2948 -1725
20088 -9068 -3940 4899 -3807 -3537
24460 -10116 -4136 4470 -2784 -4360
23780 -7424 -4644 149 -674 -4228
24236 -10944 -5472 -4522 1013 -7330
18824 -6328 -3812 1223 902 -2401
16108 248 -4436 -1753 4037 4093
13156 832 -4336 -8501 8739 2621
10808 -952 -2608 -5960 7710 1947
11248 -1688 -1944 -4476 5754 1975
9444 -2916 -964 -6139 4458 868
8564 -5108 800 -5542 1916 -493
9808 -6580 1412 -2009 424 -389
12588 -7320 1424 -278 688 -252
13680 -7720 2068 -447 1053 -383
14816 -8048 2168 -1140 187 548
17052 -9484 3184 -488 -944 -93
16928 -8304 3796 2116 -1658 1854
16980 -7064 2608 -2159 -786 2969
19780 -10036 1916 -534 -3162 2010
20256 -10612 616 7599 -3189 1650
16888 -6152 -1996 9640 252 6498
15824 -4472 -1892 5303 3181 7420
14880 -5768 -3248 2799 4609 4941
13896 -5776 -3704 3018 3702 2862
14604 -5900 -3056 2756 1358 1146
16052 -4076 -2700 -212 844 -835
16188 -4564 -3596 -5953 2219 -2474
17248 -9540 -2372 -5897 2123 -6439
17104 -11188 796 -245 -2389 -9996
19588 -9308 964 1621 -5746 -10238
20536 -9888 204 -3695 -5490 -11601
24096 -9308 1736 -3182 -2597 -8609
16984 -2936 560 -3694 2585 -2478
13336 -820 -72 -4505 4628 1724
12780 -188 -1596 -4960 6507 1259
12276 1780 2552 -8112 9354 1440
9056 -820 696 -13681 14557 458
9300 -7884 2436 -10314 13399 -447
12292 -8944 4960 -3058 4360 282
12316 -8388 3148 2542 -3738 2712
14512 -7652 3688 3139 -7523 3902
15932 -9284 2024 996 -8814 4024
20636 -10524 668 1376 -11335 4227
25660 -14164 -28 3253 -10769 2009
19012 -8108 -1688 8283 -7563 7173
15112 -5500 -896 7722 -4186 9428
13220 -4216 -2260 5682 -2301 7871
12496 -4696 -3196 4855 -1132 5151
11036 -4956 -2788 5584 -2433 1451
12564 -6276 -1992 7375 -3687 -1123
14860 -7924 -928 9554 -3862 -2335
17664 -7928 -1004 8099 -3246 -3723
20400 -10760 -276 1464 -3032 -8771
18268 -8960 -1820 436 -4100 -9991
20404 -8380 -5384 -3360 -6407 -8068
22028 -10436 -4740 -504 -6826 -9560
19604 -4136 -5308 -1396 -3481 -4114
16268 -4568 -3352 -7693 2778 -1512
13728 -4848 -2180 -4507 5345 1150
15052 -3740 -220 -3617 7845 1978
16644 -8740 3364 -2432 9172 3636
16832 -6456 3832 1254 11669 8382
18260 -8108 6080 973 14492 10430
15440 -5900 4700 2333 15799 11794
11752 -6428 3836 246 15290 9985
8624 -6548 2160 2457 11891 9889
4952 -5980 3100 1498 7667 7997
3848 -6940 2856 2674 4651 8306
6816 -11100 308 -2483 866 5345
9896 -13700 2708 2731 -4935 2250
9016 -8196 2708 3424 -5816 5066
9868 -9352 2128 -2629 -4223 5207
9428 -11140 4108 -1180 -4800 3056
8984 -9304 2568 517 -4000 -53
8940 -10760 3060 -1864 -3762 -2611
10652 -12032 3432 -2158 -5014 -4445
10704 -12024 4936 -846 -5990 -4558
11728 -11900 5324 -1786 -6933 -4580
14448 -16604 4916 863 -7784 -6546
16164 -13504 4080 5772 -7204 -6651
17252 -9788 2660 691 -5808 -4627
21296 -10804 984 -3623 -4597 -4782
18412 -9988 1104 -2638 -178 -4568
17360 -6064 1224 -1315 148 204
15396 -5100 1084 -4157 3046 27
13540 -5192 2312 -3841 3777 -1197
11720 -5104 2180 -2375 4212 -1651
10156 -6632 1616 -2351 5359 -2240
9928 -7536 1892 -2145 4740 -1766
9444 -8228 2404 -2601 2902 -2198
9880 -10276 3824 -1638 1195 -3610
11072 -11516 4420 385 -864 -2700
12124 -11036 4436 1732 -2981 680
19016 -13840 2076 1888 -5398 924
21844 -13832 408 5031 -5880 -208
16196 -9328 40 5570 -5519 4609
14188 -7468 -172 5613 -5467 7501
12568 -6228 -992 5422 -3573 6397
10976 -5556 -1232 5116 -2609 5432
12196 -7304 -1232 5437 -2050 3172
12564 -8880 -388 6016 -2804 928
13728 -9056 84 6617 -3540 -460
14640 -8648 -548 4898 -2374 -1207
16240 -8592 656 2437 -2276 -2533
17972 -8516 1388 478 -2500 -4954
17928 -8768 508 -2693 -1529 -8926
20236 -9528 1460 -2028 -3778 -10023
20280 -8308 -60 -2068 -2693 -8761
17316 -6024 -2216 -4305 1296 -2996
16256 -3964 -2816 -7188 5044 2123
13504 -3580 -2280 -7760 6796 2472
11836 -3756 -1372 -3143 4609 1835
12788 -3804 -736 962 1986 598
13948 -4368 -400 1791 424 -423
14228 -4796 328 1495 -1188 -657
15200 -5720 400 1520 -2389 -1045
15832 -6452 772 2860 -3258 -1287
14560 -6144 800 3557 -3646 -192
14660 -5820 960 2504 -3948 1672
16928 -7184 360 2506 -3196 472
17148 -7412 72 3800 -1612 417
16592 -6576 -316 2167 1624 2571
15068 -6592 -624 1182 2998 3571
14688 -6248 -248 2784 1659 3084
14932 -6456 -732 1894 1162 2719
15348 -7384 -760 1626 674 1572
15580 -7484 -304 1528 180 1124
15500 -7676 28 1746 -242 1757
15380 -7720 236 2033 241 2191
15172 -7508 148 724 1399 2330
14928 -7904 404 -429 1908 1469
15208 -8436 720 -51 1219 344
14924 -8172 1168 775 132 54
14572 -7512 1228 722 -276 274
14660 -7572 980 19 -2 -272
14712 -7736 728 -731 83 -1130
15008 -8332 1004 -288 -293 -1672
15284 -8488 1152 897 -641 -1061
15064 -8156 1188 1198 -228 -250
14268 -7856 1496 835 59 207
14340 -8140 1132 917 542 -272
14072 -8060 1228 532 579 -624
14672 -8492 1168 704 -337 -641
15060 -8576 1332 1389 -924 -441
14936 -8008 1408 1289 -638 373
14660 -7664 1224 451 320 754
14816 -7752 1208 569 653 457
14848 -7852 1172 394 635 383
14836 -7892 1120 580 579 289
14432 -7620 1668 382 663 302
14368 -7788 1704 365 646 80
14340 -7940 1988 568 360 -411
14380 -8064 2080 614 -48 -353
14268 -9056 1788 3813 -1087 -602
14588 -7636 1808 5801 -1678 -499
14824 -6940 1880 2516 -751 217
