14908 -7788 -628 877 -61 -520
14888 -7820 -524 476 211 -540
14968 -7752 -340 -12 313 -136
14932 -7908 -940 -496 808 179
14716 -7596 -668 15 940 603
14812 -8024 -1100 -579 792 777
14696 -8020 -856 -85 -600 29
15124 -8224 -348 1449 -1783 -708
15424 -7808 -472 971 -1277 -269
15100 -7856 -352 406 -707 183
15044 -7820 -564 907 -822 71
15040 -7684 -704 957 -900 -163
15280 -7876 -600 868 -708 -422
15340 -7928 -684 790 -273 -91
15124 -8012 -784 917 -274 -58
15052 -7964 -772 1223 -555 -221
15288 -8100 -840 1106 -378 -113
15416 -8232 -824 1147 -101 118
15292 -8048 -928 1030 358 695
15152 -7872 -904 936 556 948
15300 -7668 -1036 811 565 642
15248 -7784 -960 377 513 475
15472 -7772 -964 237 508 364
15348 -7872 -856 166 318 452
15136 -7784 -704 267 176 295
14956 -7564 -616 222 134 -44
14728 -7588 -652 -70 149 -202
14824 -7792 -728 338 -212 -541
15152 -7856 -668 104 -183 -798
14944 -8172 -676 -53 -204 -782
15136 -8192 -640 394 -507 -717
15080 -8224 -308 540 -409 -342
15108 -8220 -192 934 -403 -160
15196 -8236 -196 1284 -308 67
15152 -7964 -396 1095 96 422
15064 -8028 -452 1306 121 597
15096 -7752 -684 1376 -56 472
15240 -7924 -540 1587 -136 362
15364 -7624 -704 1304 186 325
15156 -7692 -724 1153 275 234
15012 -7612 -788 937 152 10
14964 -7828 -692 974 -78 -283
15172 -7812 -824 775 -77 -179
15172 -7968 -724 660 -68 -260
15172 -7892 -420 337 17 -88
15176 -7764 -384 482 108 -45
15120 -7600 -272 38 262 -243
15140 -7740 -384 -5 251 -334
15024 -7732 -392 12 54 -480
14820 -7712 -312 -7 30 -337
14836 -7684 -356 238 -89 -259
15184 -7840 -428 -20 33 -311
15228 -8148 -388 -121 -63 -160
15128 -7868 -316 379 -316 41
15180 -7780 -88 414 -194 39
15292 -7728 -28 334 73 126
15112 -7700 -24 566 135 202
15188 -7824 -248 400 350 469
14992 -7804 -424 585 413 547
15140 -7720 -632 552 325 562
15032 -7680 -592 577 -56 261
15220 -7760 -348 619 -423 8
15160 -7712 -256 721 -608 -290
15300 -7676 -328 615 -495 -310
14900 -7496 -236 399 -334 -334
15056 -7720 -428 445 -395 -534
14872 -7820 -400 140 -330 -367
14848 -7716 -500 -237 -170 -249
14768 -7928 -388 -649 -65 -307
14740 -8296 -120 -470 -424 -275
15432 -8856 -164 -153 -921 -930
13884 -8928 92 1091 -2752 -529
15280 -9060 -24 5063 -5014 -1794
16372 -8116 -304 2591 -2823 -1513
16048 -8764 -904 236 -773 327
15192 -7828 -1468 624 -304 923
14444 -7420 -1500 123 -386 438
14324 -7000 -1744 -542 -14 -459
14088 -7096 -2044 -2399 378 -1439
13700 -7312 -1540 -1788 -410 -2386
12536 -6424 -868 -1191 -261 -2399
15928 -7088 -56 -1147 282 -2133
25668 -10436 -2508 669 1772 -4708
24572 -10044 -2632 430 2539 -3233
17612 -6908 40 7294 3327 2863
13700 -1024 -1196 834 11060 6773
9592 -1736 -624 -15064 13402 3653
7604 -5988 -324 -13584 8517 -1437
9624 -5980 824 -7520 2383 -3820
12048 -6900 852 -5106 -1112 -3821
11256 -7472 1836 -2185 -3525 -1895
11408 -6620 2260 4033 -5569 578
12048 -7052 2644 2966 -5078 1434
14336 -8452 1464 2222 -4362 2656
24136 -10636 -1076 195 -4959 2948
21480 -12912 -2952 731 -933 -888
22964 -10376 -2228 2543 -86 4403
18696 -10800 -1740 6598 -3280 1738
14944 -8252 -60 10539 -6215 576
12920 -6808 -808 12184 -3861 924
12996 -6200 -44 8319 -147 2366
14016 -6740 -1260 5007 2587 1977
15412 -6640 -3528 3522 5732 1408
15000 -6732 -3256 -441 7307 83
12108 -6652 -1776 -1793 5209 -525
13172 -6932 -1496 522 1771 -2171
17948 -6976 -1348 -32 739 -4487
23388 -8532 -3248 -6342 1927 -7779
18104 -8692 412 -9768 3592 -6816
16292 -5932 856 -6209 1588 -604
14460 -4700 -260 -5245 2545 -1188
11032 -4980 544 -7949 2009 -2360
10668 -5584 1516 -6903 -939 -2782
11392 -6752 964 -3612 -2606 -3251
13084 -8048 1676 -1392 -3552 -1775
12684 -8160 1212 -461 -3977 1152
12888 -8472 1412 891 -3939 4990
15416 -8612 316 1342 -3896 6479
18780 -9808 -1588 596 -2755 4117
21064 -10184 -2652 2266 -2271 1945
21208 -10248 -4800 3280 17 -226
20824 -7412 -3280 3476 -981 806
15716 -5892 -2752 2360 -1350 804
12080 -6036 -2820 1648 -1247 97
12304 -7072 -2016 2929 -1749 -1484
14640 -9596 -1888 5043 -577 -819
14232 -8752 -1588 3254 1753 1118
13212 -8816 -988 -1072 2416 1281
12964 -9108 -588 822 1701 -312
18024 -8740 -412 3102 1512 -2195
22104 -8440 -4052 -3144 5407 -5331
20944 -7932 -340 -4926 2136 -2713
18568 -2988 -1328 793 3332 223
14056 -1816 -2832 -7820 7498 2370
13168 -5400 -1376 -7263 6357 876
11236 -5232 4 -4111 2024 -1191
10316 -5112 132 -4072 -512 -1289
9276 -6244 660 -2246 -2202 -916
7208 -5148 920 2383 -3097 753
6656 -4316 1052 844 -4084 1709
12680 -6576 -40 164 -5555 1419
16620 -7792 -1664 834 -6181 953
29792 -10952 -6452 -957 -8252 -1241
31976 -15248 -6864 -1659 -2386 -7018
20884 -8780 -1564 1701 -1693 25
13608 -5680 -2884 -3601 1022 -842
9884 -7876 -4256 -870 304 -2530
12492 -7052 -5528 4842 -1799 -627
14476 -5588 -6348 2263 -958 662
14716 -6544 -6248 -101 -401 883
15800 -7176 -5588 1649 -1941 57
16900 -8280 -4792 1624 -1242 -836
15272 -7572 -3776 578 -270 -633
13860 -7648 -3252 -890 120 -1560
13296 -8364 -1708 -807 -3253 -1940
18508 -10576 -2328 1207 -4993 -4085
20136 -9752 -7572 -320 359 -4129
22464 -10220 -5156 1416 219 -58
17452 -2320 -5576 240 7083 4520
12052 -2076 -4316 -5946 7656 6860
14008 -4020 -4480 -1070 3648 3352
13472 -4832 -3260 -1636 1294 -982
12796 -6912 -1868 349 -1406 -1760
10960 -5356 96 2118 -2803 -147
8920 -4580 -212 -37 -2162 809
7756 -5156 -500 1422 -4965 341
12072 -6448 -2252 4760 -8416 391
18788 -6036 -4984 4823 -8206 2515
27700 -8468 -8976 -3363 -1426 1369
24772 -12576 -11024 -3753 4462 -2584
19556 -8084 -8396 517 2045 -294
18364 -8028 -7424 943 2995 266
13000 -5120 -5324 3155 1546 2275
11336 -4996 -4508 1627 492 627
12216 -3456 -4316 -1103 1614 -935
12768 -6604 -4484 -3623 1493 -3683
14560 -8044 -5060 2767 -198 -3497
16028 -7464 -5412 2205 -6 -1943
17708 -7996 -5908 482 1450 -1845
20652 -8144 -5592 227 3280 -1028
22972 -6504 -6824 -5045 7181 -357
20960 -9036 -4676 -2437 2940 -1677
18684 -4068 -3968 2642 2723 752
9928 -2500 -1708 -4406 4266 4961
9900 -4244 -1692 -1271 2405 3569
12112 -4524 -2264 -992 3027 300
12484 -5056 -2144 -3182 3318 -32
10932 -5960 -1012 -3700 1588 589
9600 -5956 -344 -2014 568 2387
6996 -4560 -220 -452 -444 3784
6824 -4036 -124 -220 -1816 3637
10860 -5192 -1816 -1618 -2826 2146
17552 -8832 -3804 -682 -4880 -207
29624 -11720 -7548 -1997 -3400 -395
28204 -12004 -6980 -2926 -978 2463
24892 -10168 -6184 -4759 3044 1295
16736 -9936 -3904 -2066 2630 626
17156 -7684 -3904 1143 1009 -111
15832 -6048 -4440 -2492 5389 -772
14784 -6188 -4920 -5593 7797 87
13076 -5860 -4272 -5774 7722 585
15012 -6444 -5612 -5298 8899 473
13060 -5580 -5620 -6606 8925 515
10688 -4752 -3980 -7944 5520 -1037
11316 -5256 -3872 -8261 5884 -2463
12260 -5872 -2396 -4894 5632 -1886
25852 -9216 -4452 -7359 7239 -2668
21308 -11304 324 -12046 5840 -5943
18972 -9460 1532 -9958 4240 -3778
14512 -6784 2056 -12100 7465 -3166
13420 -7724 1428 -12333 6907 -2304
11820 -6832 1340 -10517 6061 -1305
9760 -5704 276 -9373 6130 -66
8008 -5184 816 -9034 6068 683
5824 -4672 1356 -7713 5159 2091
7872 -5388 952 -5867 3557 2497
10548 -7412 288 -4846 2422 764
13012 -9028 1052 -3382 87 1197
25108 -12196 -736 -3030 -3478 -841
32767 -21352 -4904 -3700 5508 -7580
21020 -8872 2896 -746 690 1790
19476 -8476 1536 -2937 -387 3427
13500 -6216 652 -2252 1898 1350
11776 -5352 -116 -1518 3483 883
10984 -4584 -1328 -4213 5271 716
9660 -4924 -2124 -7322 7432 253
7752 -4928 -2300 -6940 8195 -363
6596 -4560 -928 -4245 7263 248
12468 -7268 -40 -489 5797 351
18844 -7836 2788 3391 5435 -2942
27012 -12532 -2596 -6905 6073 -9575
28872 -12660 9824 -426 -3636 -7662
23208 -5860 4924 -5878 4581 -5762
14908 -6872 5732 -13666 6555 -3581
12560 -6876 4216 -7076 3124 -3386
9012 -4604 2392 -5245 4466 -3063
7040 -4268 1612 -6829 4132 -1474
6176 -4896 832 -6065 2703 -590
6164 -6148 2196 -1962 381 402
7564 -6672 2440 -388 -163 2269
8868 -8252 3852 87 55 4032
12084 -9168 3436 -2218 -1652 5445
25596 -16724 3628 -553 -7261 -325
25500 -13820 1752 6421 -5035 -919
23060 -8168 4800 1697 -5535 4126
18156 -7756 2632 -520 -4233 2186
14936 -7008 1672 2506 -3392 2345
12436 -5220 4 2600 -1307 2933
12148 -6436 -772 660 1008 2299
13796 -7252 -1888 -174 4391 689
11912 -7484 -1852 -2544 5827 -299
9520 -6740 -1220 -1094 4703 365
9524 -5576 -296 496 3762 1265
14612 -7744 1608 3821 3261 -36
23408 -8016 -1048 -1340 2532 -4630
22192 -15520 2812 -5793 3316 -10506
19432 -5344 5212 4236 -5264 1456
14252 -5152 1968 -5011 2769 -3976
11184 -7116 3764 -9185 2770 -2384
13480 -8668 1780 -3336 -687 -406
11964 -6152 1760 -2448 376 354
11500 -5188 1444 -5145 1683 2095
11096 -6088 1708 -4292 1073 334
13640 -7708 2496 -2459 -27 -1991
14544 -9476 3728 -3747 -1072 -3428
19652 -12404 3588 -618 -4146 -2664
21484 -12476 2876 2222 -3095 -2915
22200 -10444 1728 2110 -31 -57
16444 -8048 1220 -1494 2286 1670
13428 -7320 -364 -4205 1958 2964
14196 -9640 -1824 -1295 -592 254
13020 -8964 -3032 4912 -2597 -297
12436 -7256 -2900 7378 -4461 1745
13112 -6380 -2532 6450 -3208 1843
12956 -5768 -2576 4076 -152 461
13588 -6496 -2868 1453 2031 -1398
13864 -7752 -2260 2048 2192 -2102
16664 -7680 -1540 2939 3079 -1135
17712 -6864 812 1128 6087 -1625
22812 -7568 -2324 -7532 8954 -7519
15212 -13028 1720 -12274 9877 -10337
11592 -4212 7348 2070 -4385 2474
12640 -4560 2556 8512 -3285 2551
11096 -5576 2532 163 2014 13
11888 -7220 1200 856 12 3514
13484 -7328 484 4850 -2264 3678
13300 -6740 860 4524 -2847 3916
13176 -7192 1600 4617 -4744 3097
13520 -7472 2216 6695 -6893 2409
13340 -7304 2280 7601 -6290 3494
14160 -7200 1112 5178 -5592 5200
29560 -15532 -2020 2781 -8300 -3317
19640 -12424 -896 6162 -6579 -1327
14028 -5524 -804 10279 -8397 8523
12144 -4532 -3260 4485 -4953 2398
14332 -7760 -4964 2142 -1740 -1224
15068 -9284 -5612 4653 -1393 -1877
14592 -8600 -4312 5354 -3501 -1250
14180 -8680 -3068 6252 -4105 -1579
12000 -7532 -1836 6927 -3196 -339
9632 -5800 -1384 5882 -67 1644
8704 -4904 -1624 3570 3826 3567
9992 -6624 -1436 2912 6656 3368
15504 -9284 -2640 1021 10448 363
15892 -10876 384 -1732 11522 -832
24092 -13212 -2144 -6149 7095 -2831
18700 -16404 9624 3593 -3907 -5012
13400 2300 10268 17235 -3933 8707
11692 1364 2900 -9702 17433 7395
1208 -20828 6572 -20444 5703 3959
10092 -11076 5868 19532 -19100 12577
15672 -5760 -652 3482 -2701 8158
5248 -5740 -1088 -3111 2050 10164
10928 -18588 -5136 -2669 -3642 10604
19020 -16208 -400 -1273 -6493 6137
20704 -19340 1476 -1269 -7613 1156
13124 -13528 172 1477 -5769 -3780
14032 -13040 772 3922 -11381 -5490
14148 -11648 -944 4164 -9341 -6713
11188 -9984 28 1582 -9169 -5967
11492 -10560 -1036 1463 -7735 -5370
10632 -10712 -1172 1611 -4219 -5851
7380 -9300 -900 2089 -2742 -3838
6432 -8028 884 4917 -3463 -1518
7568 -7700 112 7339 -2992 -195
14604 -10432 1372 9858 -3336 -1507
23148 -16548 1872 13949 2454 -6740
22840 -11088 -2144 7976 8179 -2817
15492 -4632 2412 -1314 2956 5499
12700 -6516 -1308 -6419 2624 3837
11420 -9416 1988 -2158 -1433 -1226
13008 -8196 592 4876 -1993 -3048
12748 -6328 1092 1771 675 -2623
12696 -5920 504 -5024 2730 -1466
11648 -6624 476 -8086 2502 -246
11276 -6148 692 -12600 1860 2663
10168 -9464 -1024 -8451 2 4014
13788 -8908 -588 -941 -1264 2235
21992 -13096 -2316 -5867 -1014 -2355
23852 -18072 -2720 -6052 -844 -7127
22540 -12560 480 2083 -4794 -1923
17064 -6492 -1652 212 -1640 966
14012 -7028 -3520 -3446 5550 -2304
12136 -5688 -4140 -2689 7234 -2480
13732 -7804 -4028 -5711 8650 -3401
11964 -8164 -3192 -5118 8780 -3193
8972 -8548 152 -5057 5457 -3031
9728 -10220 2012 -772 5256 -3399
11672 -10344 5000 954 9172 -3173
14036 -9644 4900 -1505 14370 -1368
13844 -6804 4132 -1217 16442 -1943
19436 -18940 2896 -4727 9183 -10187
19396 -7648 13272 7570 -7481 2446
15356 -188 4068 -3749 -1291 7570
9676 -6008 4692 -6523 3443 1257
10676 -6468 3644 3828 347 2900
11024 -5840 3352 2370 -1436 3813
13144 -9320 3656 3120 -4879 3550
14328 -10424 3452 5619 -5478 2628
12368 -9140 5420 2601 -4717 4812
10464 -7956 5400 5992 -5631 3952
6852 -7292 6248 7807 -5453 4960
5892 -6516 5160 6467 -5819 7554
4780 -7100 3856 4919 -10251 11484
10184 -10700 1000 6291 -13706 8832
23080 -19240 -2424 7839 -15420 -1863
24064 -21264 -4704 9095 -10355 -8296
19960 -14672 -2236 12325 -12195 -2266
14516 -12344 -1680 9010 -10792 -700
10212 -9312 -1092 9569 -9990 -636
8928 -7892 -1604 10528 -9198 -869
9872 -8360 -1652 10683 -7129 -2379
11176 -9564 -2060 9355 -4226 -3193
12568 -12268 -1212 10125 -1436 -2476
12368 -10964 -1648 11376 2148 339
12932 -9612 -1016 7277 3131 3076
12232 -6132 -844 6563 847 2843
18760 -6728 -3524 4559 -3787 1270
20068 -10892 -300 8193 -10645 -816
22884 -6096 -1004 7250 -10334 2907
17692 -11400 -3592 -2585 247 373
12780 -10804 612 2534 -2038 2310
10800 -7400 444 4942 -6653 3787
10076 -7288 68 5780 -7744 3318
11316 -7840 -464 8355 -7397 1511
12872 -7644 -1440 9504 -5967 435
8564 -5440 -1000 8609 -3825 1443
5216 -3240 -1328 6599 -6875 6293
15632 -9792 -1456 3743 -11309 3462
21084 -18304 -3860 6925 -3724 -3530
24056 -8084 -4776 1579 -1453 2908
20072 -17276 -5108 -5427 1786 -8652
20748 -11888 -5624 13862 -5998 -3065
14952 -7684 -4776 4864 -2816 -3463
13108 -8520 -3296 5337 -5268 -2333
11240 -6848 -3884 6561 -3453 -1756
10032 -6348 -3120 4061 -903 -1375
9716 -5584 -3256 2459 1251 -860
8948 -5668 -2916 1441 2830 -958
11736 -4916 -3888 2877 2806 561
20288 -8168 -3768 1450 2224 -2112
17016 -7544 60 2809 -956 -3578
20684 -1140 -288 -2095 62 -18
19892 -11636 -1364 -6375 5939 -5896
31184 -9072 848 8852 3219 937
27592 -6984 1184 -2481 14047 415
17880 -4560 -1076 -238 13381 1497
9020 -2672 -2404 -217 10423 -416
8040 -2796 -2092 1999 3661 -1116
10040 -3876 -804 -933 -863 -586
10396 -6108 228 -1705 -3463 -900
10188 -7068 2920 -1916 -6328 -137
9900 -7788 3172 -1038 -7161 241
7148 -6120 4432 796 -6921 2687
7148 -5836 3540 1941 -6660 5198
13112 -9144 2328 3640 -5941 4633
19112 -12344 -1188 3340 -6314 4610
32767 -18664 -2008 4014 -5442 404
26532 -9272 -2872 5173 -1759 5889
17140 -4968 788 -144 -1995 3862
11964 -3984 -64 3028 -2553 479
11244 -3924 -1264 3314 -4 -878
8924 -3492 -1332 -753 2879 85
6948 -3008 -1932 -2414 4106 898
8552 -11680 -1876 2565 3887 -864
13984 -14776 -3804 17095 912 -2379
24588 -9260 2532 13480 -1047 -5131
28484 -7088 6104 2695 -2157 -3680
26860 -1536 5664 -7480 6087 66
16252 -3604 2200 -11116 8681 -2520
13288 -5128 796 -7504 5128 -2635
11008 -5424 -280 -7864 2643 -2316
8664 -4744 -772 -5893 692 223
6772 -2704 -340 -4541 760 3283
5776 -2824 356 -7621 3687 2020
4012 -5972 2812 -4512 2592 -735
7872 -8112 4600 -3944 -751 1310
15852 -13624 4416 -456 -6341 1416
32760 -19212 1536 2660 -5895 -2944
26076 -12640 2112 4388 -3049 3732
17996 -8712 1508 -2602 -849 3177
17292 -12480 296 2959 -632 -1637
16068 -10172 -584 6514 191 -1824
12944 -7944 -128 4472 -1641 -113
10412 -5704 -688 3731 -2231 1865
7256 -6008 -1024 7567 -1837 1259
4844 -3492 -1240 16431 -2427 -385
7856 -1476 -176 7370 220 -1047
11640 -5244 -864 1945 1760 -322
18936 -6664 608 -368 2825 -848
28008 -9964 -592 -10345 2246 -5836
21492 -13044 4932 -5871 -4948 -3915
22296 -4244 3192 -7882 -3417 4675
16344 -7612 -504 -19018 7308 -891
13684 -9024 124 -16130 7767 -1862
10628 -6932 1464 -10766 6032 -2215
7236 -5448 1716 -10211 4351 -2774
5332 -4916 1484 -10759 3552 -2252
3424 -4752 1024 -8707 2137 178
4180 -4632 772 -7715 -36 2334
11112 -7988 612 -5499 -3130 3043
21472 -13188 -1556 -2244 -3991 -544
29416 -16672 -4132 695 908 -4548
28808 -17476 -3324 5387 3077 -3685
21936 -14428 -1532 6544 -464 1962
20932 -11836 -2336 11941 -764 3562
18016 -8436 -2464 13321 319 3346
13608 -7164 -1296 9444 1628 3377
11572 -5912 -840 5779 2698 4784
9692 -5152 -1212 4007 3306 5993
9052 -4756 -1516 4145 3533 6485
8584 -4676 -1276 5477 3314 5665
10772 -4116 -3212 4967 3755 4058
18764 -6032 -2324 2794 3434 -51
24912 -12188 -3716 -13907 3800 -13275
15932 -9616 8092 -20362 -2111 -15074
15940 -10732 4604 1392 -8125 -11398
14536 -6676 2284 -1996 -2790 -9112
10312 -5168 3732 -12858 3758 -3802
11260 -5516 -1536 -8519 5852 2027
26124 -11440 -2724 -9713 7238 -1348
18552 -17600 6428 -8366 3488 -4895
16728 -11084 2412 15496 -4304 -1598
7684 -3944 2832 9542 1265 1104
3564 -2964 -368 -2838 7659 4565
5884 -4264 -852 -6447 7950 4680
15156 -7340 -3192 -10826 3823 -596
19592 -18652 1688 -11415 3929 -6397
20848 -14432 5008 -466 -4159 -780
19888 -13172 4852 5687 -7507 2588
17928 -10248 3468 6640 -5197 6036
14312 -7468 2516 8743 -3573 8878
13044 -4800 80 6706 -1159 8257
12020 -4876 -704 4480 460 6443
12352 -5480 -1668 3144 1376 3267
12812 -6496 -940 1855 1211 -13
11504 -5904 216 1905 7 24
16512 -4964 1036 1703 2530 -355
22900 -3920 -6040 -5890 9732 -3421
21748 -9320 -1544 -11604 7576 -12240
13204 -6228 13048 -3251 -12859 -12694
19488 -8368 -2256 3753 -7739 -12604
14640 -6820 1884 -12540 1949 -13852
11800 -8780 1932 -9801 -2423 -9705
10580 -9224 296 851 -4548 -7902
10412 -7208 2172 2246 -4235 -3826
7928 -5956 2492 882 -3323 227
7584 -6096 3944 3051 -2506 1691
7580 -3676 2680 3416 -1536 1274
15492 -6408 1108 2597 -252 1347
26264 -10724 -2992 2446 -1870 1917
32767 -11096 -6124 7677 4190 4915
28920 -7416 -3800 4389 2774 13141
23172 -7636 -1144 6054 -594 9078
17104 -4768 -2220 9739 -1509 7108
14348 -3204 -844 8538 -1270 5784
12380 -2704 -1328 5249 -443 3873
12404 -2336 -2764 853 2251 2438
11672 -3416 -3180 -2603 4156 867
9728 -4068 -3012 -2331 3164 -428
7260 -4460 -1848 45 1106 -1917
10460 -4752 -2436 548 79 -3025
21092 -7048 -4060 -2865 -636 -7318
28824 -13652 -2328 -3422 266 -12890
28680 -6220 10628 8750 -6418 -3879
21720 -2148 1532 -793 7941 -1207
13580 -3604 4344 -21434 11170 -1332
10052 -6888 1616 -14555 4254 -2380
7880 -5180 -88 -3787 -779 -2524
8044 -4976 -1032 -1353 -2922 -2576
9020 -5976 -528 -1193 -3363 -2755
8676 -5920 436 -1089 -3693 -2152
7340 -5608 1392 -600 -3725 693
11292 -6780 1812 2170 -4855 3069
16848 -8076 -1280 2278 -3604 4058
32767 -18984 -3352 1994 -3608 -4338
25880 -10472 -1608 1400 -918 1411
24064 -7388 1120 12726 -6150 9739
19124 -5080 -1192 11179 -1922 2383
17588 -4964 -2016 4258 4592 2933
12528 -4360 -2728 216 6944 4329
10352 -4480 -2512 1318 5304 4343
7812 -5032 -2596 5693 3415 2359
8300 -3928 -3332 6839 2776 2219
11836 -5288 -2596 4691 2766 2147
17644 -4704 -3680 2039 3912 -182
19876 -4592 -4424 -5921 3764 -3021
27868 -11508 -5420 -11460 847 -12333
19228 -11444 11360 1062 -12463 -12669
20752 -6752 2296 12531 -11937 -4137
14788 -1436 2396 -10015 3750 -5182
10308 -5060 2616 -21622 5667 -342
7824 -8252 1444 -9463 145 -945
8588 -6636 1732 1956 -4555 -2101
8456 -5508 2884 2818 -5568 -1495
5584 -5184 1908 1540 -4419 418
9792 -6740 1124 5485 -5937 1436
18640 -8620 -1164 9530 -4109 1915
31300 -10468 -5036 4120 -1830 2735
31496 -12680 -4296 616 5042 3049
24400 -8808 -2048 5942 2823 10694
19352 -6200 -1700 5234 2450 7255
16828 -6100 -1376 5697 2205 2994
15584 -5564 -1836 4047 3241 2887
11524 -4632 -1616 2137 3732 4396
9492 -4452 -2224 1247 2625 3627
8096 -5292 -2384 591 2262 659
9724 -6124 -2640 986 1146 -1349
12396 -7264 -2352 1924 -1 -3032
13656 -6932 -1520 1363 -593 -3056
20892 -8396 -3060 -1296 -1147 -5655
21632 -9824 -272 -1633 -847 -9331
28576 -9808 3880 3468 -5356 -5936
23240 -3328 2696 84 2032 -4280
17980 -1864 1804 -9434 8097 -728
13108 -3008 -804 -10463 10232 -711
9576 -5212 -280 -7969 5599 -3305
7964 -5712 -1064 -2549 -739 -4354
8420 -5788 -700 -1022 -3870 -4688
8188 -5908 88 -882 -4933 -3558
6920 -5204 788 55 -5381 -1291
7952 -5712 1052 365 -4935 1171
11248 -6032 1192 831 -4572 3371
16264 -6964 -164 1631 -4034 4635
32767 -18464 -5160 3078 -5862 -5255
25784 -9756 -344 6370 -4694 616
22220 -3224 -1632 11002 -5062 12941
18924 -4276 -2040 2640 2003 1523
17876 -5456 -3972 430 5810 3075
13408 -4604 -2708 -603 4985 5414
13116 -4088 -3268 1282 3741 5121
12508 -2508 -4348 -1277 6159 3797
9812 -2988 -3628 -4432 7130 2749
9300 -3968 -2692 -2823 5528 1012
13216 -5468 -1480 -163 4188 152
19500 -6468 -876 2719 4116 -1224
29828 -9004 -5584 -5291 5909 -9156
18960 -9452 5060 -10307 2469 -12131
22216 -9076 1820 -2640 -3658 -7433
16380 -6076 2048 -6320 2797 -10304
11920 -6108 3100 -12028 3501 -4408
11420 -7620 1836 -4787 895 -2521
12960 -5984 1300 472 192 -1598
14560 -6000 616 -2075 899 -18
14108 -6352 836 -1458 -65 2286
15176 -6028 1184 2402 -2291 3611
16876 -5708 1068 3443 -2152 3746
17336 -6140 904 1712 -1197 3410
15936 -6540 464 2128 -980 3933
16140 -6304 88 2604 -533 3921
15576 -6068 -160 1164 245 2928
15552 -6928 -416 644 -197 1645
15312 -7168 -68 2351 -1670 636
15808 -6920 336 3507 -2406 622
17252 -6808 196 2389 -895 211
16416 -6756 -28 -46 903 684
15376 -7000 68 548 431 983
15168 -6720 -92 1644 -264 41
15064 -6564 -40 903 -196 -712
14836 -6820 -8 336 112 -1045
14920 -7160 -8 -167 181 -1374
15540 -7808 -180 15 56 -1617
15532 -8332 220 -322 372 -745
15192 -8604 636 178 679 772
15036 -8676 956 1100 1166 2266
15236 -8856 860 950 2570 3758
15596 -9452 1020 -508 4964 5279
14460 -9628 1104 -1382 5527 6081
13680 -9088 1080 563 3539 6204
13428 -8496 1532 2008 1073 5340
13044 -7964 996 1935 402 3176
13436 -8164 1780 2311 -308 856
13160 -8216 1964 1207 -435 -436
12896 -8496 1968 -34 -113 -1391
12756 -8480 1784 -761 233 -2453
12956 -8764 1420 -1841 423 -3406
12560 -8696 1288 -2785 -11 -4361
12920 -8644 648 -3915 -942 -5413
14660 -9000 520 -4201 -1586 -6439
