-14540 3356 2104 513 -186 -170
-14408 3308 2056 421 -305 -74
-14560 3260 1512 89 -424 -7
-14528 3424 2020 150 -466 122
-14728 3324 1988 65 -563 95
-14356 3224 2056 340 -638 -67
-14504 3360 2108 166 -541 -276
-14528 3356 2064 157 -670 -159
-14840 3168 2248 203 -507 -96
-14736 2992 2268 170 -396 -53
-14560 3172 2300 275 -99 -135
-14648 3328 2556 313 -73 -104
-14524 3204 2204 310 -6 -41
-14360 3268 2436 308 -43 -59
-14600 3276 2412 374 -37 -9
-14488 3244 2360 495 -3 -103
-14364 3232 2068 562 -41 -106
-14496 3132 2168 267 200 -112
-14412 3200 2460 513 63 -136
-14448 3072 2120 242 -65 -100
-14632 3060 2184 507 8 -156
-14412 2992 2384 318 -125 -139
-14332 3140 2216 414 98 -110
-14556 3044 2452 432 148 -201
-14516 2976 2356 459 42 -167
-14472 2968 2444 521 95 -204
-14208 3032 2564 662 207 -148
-14728 2764 2044 407 158 -168
-14724 3012 2428 500 341 -77
-14708 2720 2588 540 363 -39
-14676 2784 2160 849 172 -172
-14836 2824 2472 881 52 -203
-14724 2740 2004 750 -226 -81
-14560 2896 2108 622 -279 4
-14632 2776 2408 377 -506 36
-14440 2844 2080 132 -337 -55
-14524 2936 3020 182 -92 222
-14676 2776 2312 162 -1 298
-14376 2880 2596 225 104 281
-14400 2832 2756 435 264 188
-14452 3048 2648 498 374 159
-14436 2924 2356 566 697 155
-14872 2696 2356 579 857 94
-14804 2808 2000 853 1085 75
-14428 2868 2616 904 893 227
-13812 3376 2004 847 1856 604
-15892 4340 3308 540 1563 642
-15260 4044 2860 49 1566 800
-13716 3108 2324 79 1716 353
-13852 3632 2212 -101 1589 126
-13672 4004 1328 230 1328 -240
-13276 3492 2056 840 382 -915
-13632 4120 2052 1429 -277 -1480
-13288 3460 1968 1760 -825 -2049
-14412 3832 2204 1526 -723 -2062
-16684 3704 1624 1214 830 -1660
-19208 2972 512 1298 1059 -1378
-18528 992 1660 1999 -1133 -1266
-12252 -200 -1572 3029 -2200 -517
-16052 -4 -1328 3856 -638 -498
-15612 1528 1440 2224 377 -734
-12528 1016 456 1975 -123 -149
-12648 564 -116 755 50 677
-11620 992 508 -823 -333 1598
-11340 -460 260 -1337 -1298 2459
-8648 356 -100 -2245 -1850 3120
-14036 -428 1924 -1367 -2058 3493
-18600 5064 3660 -1666 -2917 2904
-23724 6936 2156 2805 1644 1536
-21980 7280 3652 1846 -619 1650
-16452 6104 1868 -469 68 507
-13168 5696 2216 258 -131 283
-11212 5248 936 -339 3185 -29
-11372 5212 1304 -1991 3990 -847
-12556 4280 880 -1880 3454 -1473
-13396 4560 2276 -1460 2999 -2451
-13524 4400 2712 -1659 2309 -2454
-13408 3656 1972 -1024 1678 -2737
-13868 3820 1924 -518 -270 -2934
-14660 4104 4268 -741 -2608 -2865
-16604 1516 2268 1257 -4553 -2453
-24612 3984 -2672 -1368 2663 -223
-19652 -2672 944 2198 1352 -298
-13252 -892 -3192 3862 -257 545
-16388 -256 -2132 3425 580 -322
-14628 52 -192 3449 185 -256
-11940 260 -804 3236 -497 450
-12692 896 -652 2316 609 693
-12484 1084 -860 739 936 1102
-11244 1444 -1428 -1360 415 1874
-11156 -412 -240 -2601 -1425 2330
-10492 228 744 -3560 -2951 2847
-14436 -164 3484 -2682 -3018 2617
-15396 2448 2648 -2323 -3785 2611
-28696 8284 4796 -2098 -2274 1572
-19744 6260 404 3461 2633 621
-19420 5200 3176 1375 2263 -649
-12520 5056 1568 37 1366 -629
-10640 3472 268 932 2067 -70
-11448 2968 252 933 2844 -920
-12920 3780 1416 300 3373 -1127
-13904 4484 1280 502 3714 -649
-13856 4616 1300 143 3480 -571
-13996 4384 1768 -241 1675 -1028
-14932 3912 1236 -245 -1177 -2071
-15420 4780 1736 -1410 -1938 -2989
-22764 4024 -1936 -1287 2462 -1635
-22912 1456 680 -266 -2034 -2506
-14044 1372 -2932 -443 -914 -156
-16772 16 -4920 -156 246 2227
-16472 1512 -1632 288 -20 3100
-13220 1324 -364 -211 -1237 2916
-10812 1400 -264 -750 -1898 2330
-11376 1772 -260 -706 -1648 2262
-12408 1396 -304 -936 -1373 2088
-11532 2248 1080 -1327 -768 2304
-11548 864 488 -2258 -1517 2532
-12456 1360 1728 -1956 -2149 2823
-13400 2528 3148 -1450 -1737 2503
-23280 7812 6288 957 -1008 2687
-16380 5572 -400 5964 3090 -237
-15596 5236 -144 1840 198 -1883
-17724 8896 -712 2966 3345 -2723
-14680 6840 -524 438 1630 -2428
-13780 4932 768 -2182 2065 -1893
-12392 3656 660 -2336 2042 -2023
-12336 3484 1064 -1336 3096 -2092
-12824 2680 1460 -335 3690 -2112
-12976 3168 2016 544 3654 -1706
-13488 3500 380 1854 3175 -1645
-16948 4704 1588 3187 1054 -2409
-17352 4292 2648 3978 -2370 -3730
-17896 4356 -3236 4797 -1035 -3484
-32768 -964 -5100 5963 2565 -3277
-14912 -880 -3200 5860 851 -287
-13124 -4140 -7716 5853 1155 53
-17236 -12 -4348 5669 3346 1155
-14164 -156 -2008 5174 420 1607
-10120 380 -2976 4229 -741 1615
-11344 480 -3224 3383 -865 1758
-12752 1340 -2500 2350 -1920 2150
-11656 1988 -2512 195 -1613 3062
-12864 1860 -2852 -2018 -2143 4394
-13624 1464 -216 -4494 -4121 5409
-10540 1280 1940 -4602 -6009 5641
-14676 1776 3096 -1413 -6077 2652
-21316 8808 -452 -716 -3995 677
-23312 8616 -1176 2707 3624 387
-17004 4472 508 766 3627 -810
-11684 5464 -916 -401 1034 -1660
-10484 3636 -1520 511 670 -1161
-11760 3628 -424 392 995 -1806
-15376 5380 1596 655 1369 -2051
-13048 4628 988 921 1243 -1119
-14316 4408 1560 1000 1950 -1535
-13792 4832 644 905 677 -1789
-15848 4520 2656 705 -1857 -2372
-18864 5280 -396 1090 615 -2546
-27944 1740 -1972 2746 3547 -2461
-18484 588 -1000 3251 -605 -2007
-10468 -960 -4348 4835 -379 -1053
-13260 -440 -4360 3860 387 -711
-14076 1832 -1724 2799 -778 332
-12124 1004 -1876 2470 -589 1637
-11728 776 -2220 1268 -640 2117
-10776 1160 -1736 -521 -615 2310
-10516 616 -2068 -3021 -1456 2550
-10740 408 -1456 -4725 -2633 3348
-14720 1228 1796 -4378 -2732 3111
-32632 8880 5060 -2382 -426 508
-12672 4072 -900 1724 4551 1736
-10784 5592 -2532 -5489 -9433 -3495
-28192 5252 2672 -44 4633 -2789
-12040 4844 2404 -4764 1082 -1126
-10812 1528 116 -3586 2409 -1147
-14096 2312 -76 -1257 2765 -221
-12900 3172 212 -293 2366 -785
-15140 1716 556 2331 168 -540
-16856 3504 1968 4514 -4141 -1615
-16408 3752 1584 5744 -2814 -2894
-22844 -2228 -1124 9526 -706 -3818
-16360 608 -1084 8962 -2189 -1975
-13412 520 -2176 9827 250 306
-15196 740 -1220 8408 -515 82
-13324 512 -1568 7662 1297 1204
-9976 408 -1916 6113 1391 1056
-8152 -4 -2728 4964 1228 1523
-9712 -212 -2464 3938 943 1921
-12456 512 -1328 3002 -959 2256
-17488 3852 -984 3144 -119 3253
-24804 1712 -1036 10402 3587 2257
-24392 7288 -552 7603 -794 -303
-18204 3116 -1256 8348 -76 -1891
-15432 8612 -3192 4191 -2167 -305
-15060 3216 -2212 4059 -1269 200
-13708 5724 -2280 3289 -810 1006
-10548 3008 -872 2932 -1919 894
-7680 1664 -1732 4255 -1754 1249
-6316 1388 -1644 5099 -2359 1049
-4564 2124 -836 5164 -4287 -403
-9664 3460 772 6814 -3153 -1933
-11872 5764 1096 7602 731 -1464
-18384 6944 100 5770 1242 -3662
-31580 1296 1272 8155 1753 -2851
-26916 4016 -6464 11627 -2833 -3772
-31740 92 -3828 9413 -1204 -3232
-15672 2524 -708 8452 -6431 -929
-10844 -140 -3348 9163 -1799 -143
-12876 1148 -2552 6885 -390 -514
-9572 2172 -2068 6209 765 1618
-6704 1012 -3244 3135 176 2046
-7884 1828 -1676 1127 -2396 2451
-11148 248 944 787 -3725 1931
-12768 1304 -428 553 -374 2207
-16872 7468 -3140 449 -8396 3008
-32768 7480 -5512 5851 487 -1511
-23404 9852 1844 2210 3181 484
-18268 1444 -48 30 -5673 -555
-12520 5412 -2132 3529 -3146 288
-11412 4000 -480 2792 -4104 -2383
-9904 2100 -276 4778 -2881 -2788
-10100 1940 1180 6914 -2958 -3173
-7656 1628 660 9298 -2142 -3544
-6240 1524 740 10888 -2399 -4322
-6896 2260 -1012 11933 -1999 -4753
-9896 4296 1836 10086 -2065 -5237
-13592 1364 2012 10205 -3013 -5240
-32768 3644 688 5833 3099 -3396
-28228 -532 1100 1398 4474 -3029
-21764 232 -1112 1776 910 767
-17624 -1140 -852 1528 77 367
-13496 -348 -364 2672 -98 539
-11504 24 -616 5284 1563 1112
-10684 508 -452 5017 1938 975
-11172 -184 -1268 5755 4128 851
-14600 -100 484 4908 5014 787
-14520 972 -1156 3461 4487 856
-12352 1232 -2828 2514 2160 1243
-14784 1196 -760 1603 -4136 1084
-17932 2368 1392 2425 -4050 1209
-19444 2724 -736 2253 -6082 1786
-20740 8124 -8864 1723 2648 -475
-23952 6088 -1112 1078 -3877 -456
-15640 3024 656 3190 -3763 371
-13468 2460 -176 4988 -6841 -1469
-10644 3064 -1172 5551 -2949 -1815
-7720 1624 -1320 6765 -2649 -1662
-4888 1460 -548 8526 -4235 -2432
-4484 2348 -1876 9201 -4174 -2695
-7452 4072 224 7112 -5311 -2916
-9184 5276 2616 5106 -4182 -1832
-32768 6860 12652 9683 -2774 -794
-26648 2604 4872 1275 3294 -1651
-25704 248 3116 3658 -2992 441
-15364 -1616 888 963 -744 -1399
-11200 1640 88 2049 -978 -2130
-8652 992 -532 2776 1984 561
-9736 220 -380 2953 1801 -406
-12968 156 1460 3076 1950 -573
-13412 320 2948 2464 4122 -82
-11736 1168 -68 1495 7766 570
-12692 1872 -548 1599 7617 1123
-16492 372 -808 1530 3514 380
-20320 2228 2100 -1290 2653 1465
-19864 3308 44 -3830 -2045 1042
-19248 3212 -5192 545 3816 81
-17696 7856 -2180 -3383 985 541
-15520 1352 -2084 -2916 417 -350
-14372 4728 -2228 -2789 3258 -64
-11676 3156 -1180 -4143 1929 107
-11012 2844 -2408 -3660 1495 90
-14956 3248 -1132 -2519 1211 -251
-14844 2716 -724 -703 -65 -386
-11524 2856 -1152 55 -1039 -501
-14940 2728 668 2033 -4443 -966
-14932 4060 1308 1712 -8812 -1730
-17208 4964 -288 512 -7208 -281
-16404 288 -1368 2436 -3405 758
-15924 -2008 -4388 6571 -2051 -674
-22588 1224 -2972 4162 2102 -1234
-19232 1080 -1364 3515 3343 -67
-15148 968 -148 4662 740 1017
-12264 1164 -1044 4039 395 -355
-13360 1452 -1456 2710 1622 -1189
-13272 1856 -1144 1443 2489 -792
-15708 1640 -1964 -671 2955 175
-18180 676 360 -2390 1277 1625
-17116 1164 1548 -3173 -3512 3667
-15532 -348 -348 -309 -4139 3492
-16168 2720 -1444 791 -3471 2231
-17424 5920 -168 -853 -1274 1582
-12460 6500 -1544 -1488 875 1889
-11656 5436 -4964 -321 4794 1447
-17284 6332 -1312 1943 7043 1396
-12384 5304 -968 2391 4618 783
-9516 3668 -3056 2742 4044 1016
-10004 2928 -2712 4726 1729 749
-9208 3328 -4648 6020 -229 352
-12472 3196 -1800 6830 -1849 1325
-7868 4248 -3200 8662 -5783 2237
-6084 9240 -6124 9838 -5253 258
-11748 8928 -3804 9253 -4014 328
-16012 6336 -8796 8778 -3887 -2880
-29648 10668 -7100 409 8902 -3437
-29072 13052 648 -838 6648 3096
-23040 1548 -1800 1156 7181 2642
-14588 2240 -8160 2425 5750 -1765
-14984 2028 -6836 507 6019 -843
-12780 480 -5200 -2260 3542 -1470
-11352 1744 -5192 285 4023 15
-13044 4056 -4340 -314 2853 -1917
-12612 4228 -5440 775 4635 -3173
-12664 3824 -5644 -895 5679 -4147
-14228 3764 -8044 -2711 5545 -3743
-17404 3584 -4948 -5413 3852 -3497
-13392 2712 -6080 -7737 876 -2666
-11968 1920 -5584 -8359 -1509 -2429
-13648 1296 -19936 684 7102 -2505
-23672 10116 -12020 -5059 2925 -4627
-9124 1464 -11692 -4483 3986 -3022
-17764 6296 -9820 -3645 3884 -2044
-13292 4344 -9640 -5804 933 -3733
-11432 3412 -9428 -4230 -1654 -3089
-9836 3536 -8076 -4556 -3784 -3870
-9532 2568 -6144 -4009 -6500 -3725
-12228 3556 -4920 -3009 -11572 -3602
-14072 3916 -4648 -2296 -14326 -3807
-20888 3188 -7052 -2270 -14169 -3013
-23536 -124 -7268 -7430 -6815 -2840
-17968 544 -2748 -3256 -6413 -703
-16680 684 -584 -1599 -7018 2471
-12868 -3020 -2032 -1016 -5146 131
-12764 344 -304 441 -2623 -400
-11876 856 -1060 823 -1010 560
-11176 740 -840 -761 1081 339
-13864 644 -252 -2916 429 662
-14700 -988 -272 -4117 -513 1494
-16940 -632 1720 -3366 -1980 1582
-16652 80 2116 -1991 -3694 1604
-18612 1668 924 -1087 -3369 1274
-15844 3808 -2204 -722 680 765
-14064 5704 -1332 -2629 928 703
-18260 4032 632 -1100 1641 957
-15788 3692 -476 -909 2621 310
-13168 2892 140 -1408 2324 -115
-11548 2556 -796 19 1194 -415
-11448 2540 -672 1009 1353 -866
-11928 2784 108 1607 152 -1127
-11224 2856 196 3050 -1776 -1752
-10912 2576 720 3557 -3995 -2558
-12504 3444 1896 3855 -4162 -2856
-18624 2084 932 4561 -2068 -2480
-25900 1268 -2388 1228 571 -821
-21840 -2376 -1268 712 2040 55
-17196 1812 -224 2047 1563 1428
-17196 -1532 -1460 2721 1420 1066
-15348 -628 -1240 3340 1226 -432
-13040 440 -620 4071 1356 -513
-13380 756 -540 4072 1558 -428
-13232 648 -124 3733 1871 -865
-13264 144 -1092 2275 2027 -1081
-16124 696 -40 1075 1204 -692
-17060 268 -280 410 -829 947
-16828 -372 648 -428 -3388 2482
-15496 1352 2352 -1083 -7166 4780
-15440 -576 -5920 2690 -1003 5075
-23368 13016 -1120 -4321 802 2690
-15608 2056 -1532 -4245 378 1259
-15112 3904 -380 -2990 -582 771
-13936 2824 -352 -2107 384 -730
-11048 2740 52 -1967 957 -1423
-11388 2636 276 -194 527 -1670
-12208 2332 728 890 128 -1674
-11828 2028 1348 1704 -40 -2168
-8116 1384 148 3348 -1646 -2486
-10772 2200 156 3460 -3050 -2868
-16544 4224 3300 1590 -4583 -3283
-25820 412 2776 2759 -3141 -1316
-23240 -1576 1172 -632 3805 -204
-20696 1100 -548 1987 -1750 1694
-14948 -784 308 867 3070 1293
-13872 512 188 -1043 1342 233
-11356 492 -336 -954 1545 1211
-11700 352 136 -1913 1434 1236
-13304 740 276 -2923 1486 1019
-14596 444 572 -4065 2305 1601
-12360 472 188 -5592 2391 2043
-12416 1700 -840 -6860 960 1765
-12440 404 64 -8990 -565 2631
-15132 2632 -144 -9158 -844 3216
-22724 4556 -832 -7165 2832 1922
-20872 8724 -2064 -9686 6093 3036
-19092 4744 -176 -10070 3950 2302
-15028 6216 -1492 -10418 4200 1757
-12612 4420 -1992 -11088 5175 1075
-12928 4556 -1752 -11101 4763 -115
-12868 4204 -1696 -10969 4132 -438
-13104 3896 -1824 -9436 3452 -1579
-13368 3256 -1368 -8143 2458 -2312
-12540 3332 -1628 -6852 606 -2445
-12616 2972 -1260 -5441 -2678 -3005
-14204 1872 -272 -3541 -5909 -3518
-24100 592 -2240 -1968 -3595 -2622
-21280 684 -3636 -7019 2662 -262
-18500 3168 -1720 -5461 545 2982
-15636 -8 -2824 -7416 -443 2467
-13328 -1452 -1824 -8526 -763 487
-13328 928 -736 -8368 -1059 1031
-13260 1232 -896 -8436 -120 1604
-12200 892 -372 -9132 1502 1926
-11632 160 -1304 -9622 1855 2627
-11436 -88 -432 -10301 2152 3482
-8924 24 -2160 -13202 -270 5806
-14960 -168 2220 -10550 -1670 7149
-16992 1740 1648 -6725 -3896 6405
-29236 8076 2980 -3822 -457 2758
-19968 11464 1240 -1592 2856 2048
-16332 4956 -516 -4228 320 -404
-14248 6344 -64 -4071 2146 -732
-11784 5016 -816 -3217 1821 -200
-12172 3556 -220 -3628 1994 -569
-13008 3532 -68 -2262 2071 -1324
-13160 3772 1168 -1367 1757 -1440
-13216 4800 1088 -610 1508 -1091
-13692 3188 -8 162 2 -1449
-12616 3116 692 1510 -3315 -2259
-14328 2524 3256 2657 -7265 -3987
-22276 5092 1628 2078 -1932 -3603
-23000 -3376 -876 3360 2279 -2370
-17048 2236 224 5591 -1758 -705
-14832 -16 -976 4095 -1371 -84
-14752 860 -224 2864 -224 -733
-11032 800 -132 3328 -711 782
-10628 640 -608 1628 1081 934
-13348 1468 476 -49 1898 1132
-11840 1324 876 -1490 2324 2144
-9100 884 -348 -2926 2366 2767
-8880 668 -1468 -4276 995 3552
-13852 352 1720 -3969 -1155 4147
-14376 2420 1976 -3543 -1098 4099
-21432 5764 2048 -2034 335 2270
-22576 7336 -2432 2216 4536 -388
-23552 8232 -1380 -1441 4545 -1824
-18572 5496 396 -2764 -226 -2076
-15876 4492 724 -2762 -902 -1588
-12972 3760 488 -2201 -639 -1550
-10920 2264 256 -1517 400 -1456
-10296 1648 -20 228 442 -1292
-9056 1964 1120 1180 362 -1399
-7608 1948 2844 4864 -782 -2207
-6628 552 -440 6667 -1724 -5018
-12180 4608 2224 5147 618 -6596
-22476 4792 720 2132 4638 -4428
-32768 -4856 -2804 -3498 7685 -2013
-23556 -1308 -740 -416 439 -1842
-18648 -1908 -5256 2613 1747 111
-19324 -2056 -3136 2461 1194 671
-13664 -2364 -2968 3794 -1160 1651
-11344 -1092 -2096 3851 -802 1251
-11224 -80 -1580 2409 -356 2145
-9348 12 -2308 1178 -693 2867
-7868 544 -1712 -513 -1769 3255
-9984 620 -972 -2381 -2973 3829
-12060 -624 632 -3368 -5377 4393
-13380 800 2828 -3048 -4417 4473
-25376 7400 2848 -1553 -4352 2424
-28548 10508 -2556 2498 4882 -550
-21292 4488 2864 -6262 -2493 -2984
-14648 3172 716 -4103 -1628 -1356
-11164 2844 -76 -2209 -291 -1050
-8400 948 -948 -998 -190 -965
-9116 792 696 2409 385 -1173
-7332 196 1388 3939 -1342 -1626
-5976 1432 164 6231 -1661 -1600
-11236 3740 1960 7045 -757 -1706
-14284 4020 852 5244 1031 -1282
-32768 6360 -168 1223 6689 -613
-32768 -1268 3756 2226 1016 -1562
-18948 148 -64 3771 -1742 409
-16080 -140 -2184 2757 -1778 -699
-15932 -1132 -552 3106 -354 101
-10368 -596 -1080 3019 -635 48
-9872 -132 -208 1780 425 297
-8816 20 -840 203 151 1256
-7776 -76 -644 -467 -861 1885
-9488 12 1412 -753 -2519 2486
-14256 32 1624 1177 -6117 3343
-14676 -92 4280 2105 -5735 3093
-19792 5308 5228 4518 -6585 1552
-17192 4956 752 5411 844 -205
-20220 8956 2680 -294 -361 -610
-19900 4680 3360 -452 498 -839
-14628 5816 3212 -1181 2642 -600
-14004 2976 1984 -299 4284 -1400
-8384 3100 84 482 4168 -1308
-7784 1960 -16 1348 1644 -1242
-6848 1768 472 2538 1221 -1371
-11148 3388 88 2772 2418 -992
-13604 5044 2912 2896 -1234 165
-12384 3760 1372 3697 -2572 180
-32768 10500 3824 1384 950 -1536
-27556 -2080 2320 542 1532 -1214
-20116 3676 2592 1697 -2610 -387
-15096 -216 -212 1617 -1494 -519
-15160 1244 1252 1249 430 -722
-9244 92 -272 2035 244 920
-7496 288 -636 1202 740 573
-8268 488 -816 692 657 842
-6896 768 -484 134 -1021 265
-10044 -556 1468 1742 -2537 476
-15836 1072 4528 1648 -2684 -118
-16584 588 5300 3002 -3391 410
-22856 4668 5080 5351 -5622 508
-19044 6560 -1356 5646 1386 -23
-21696 7292 1652 1468 1545 -369
-19724 5784 1064 266 3210 522
-16924 5520 1540 -1583 2623 365
-14816 3432 1504 -1073 3508 -74
-11444 3548 528 -812 2757 -596
-9544 2404 304 -660 1713 -608
-8524 2496 192 924 1323 -1157
-8728 2928 -344 1034 -140 -1332
-11472 3756 2380 890 -3041 -1693
-13184 5344 2176 686 -2567 -1474
-21020 3952 1732 370 -6162 -1464
-30924 -1488 -2024 -2436 3221 1894
-22156 -2732 200 2473 -2930 -143
-17488 -252 1320 4601 -353 -966
-13664 136 -108 4317 -214 -1564
-13516 428 900 4733 315 -655
-10244 944 -676 4874 1591 244
-10096 584 -292 2810 2083 68
-9840 980 548 1397 1135 1142
-7240 444 -1060 339 -92 1379
-12360 1084 1344 -1072 -3135 2259
-15036 444 4036 -346 -3161 3102
-19640 4584 5660 -740 -9122 2992
-24836 6816 -832 1897 -3777 34
-22324 10468 3748 -393 -439 -552
-19232 2936 2664 -1821 1865 -1768
-15900 6196 1464 -587 3734 -382
-11396 2936 648 -1443 3286 -405
-8220 1240 460 -1168 4033 -403
-10296 2260 888 -412 2573 -799
-11440 2800 1088 217 1899 -869
-13192 4036 2076 722 227 -1357
-13324 3628 2076 905 -1746 -2193
-13104 3240 3772 1474 -4016 -2785
-18968 1712 2036 5020 -5039 -2842
-22100 -2500 -1676 3026 3577 134
-21088 -588 1532 4620 -2341 68
-19264 1028 2168 6016 -74 541
-13256 1136 420 5078 856 -252
-11220 240 -524 4467 458 567
-9084 772 -1388 3128 1202 685
-8268 1656 -540 227 1773 1119
-6984 2036 -1908 -339 292 2103
-10428 -156 976 -1750 -286 2116
-12052 -1024 3404 -2026 -338 1586
-12024 -1088 3692 1632 -2009 963
-18772 3728 3220 1444 -4878 -441
-27928 10968 -936 101 -1684 -1346
-26288 8620 2920 1612 906 -1485
-20924 3864 1704 -1931 252 -382
-17824 5732 1356 -200 2316 921
-14476 3380 1332 1186 1198 -124
-9288 2888 104 711 1822 -578
-7588 1724 -72 1754 671 -1226
-6492 1300 -48 2625 -535 -1404
-5688 428 -112 4541 -1382 -1940
-12044 4672 3700 3978 -3380 -2901
-20252 6120 4484 1565 -1214 -2148
-22904 5280 2348 -148 1035 -567
-26904 -1644 1448 1625 2976 -1337
-19052 1564 2068 2701 -645 -853
-16168 -32 564 2513 400 -110
-15068 -128 128 2664 1613 -469
-12136 436 136 2422 1188 375
-9512 932 -656 2119 1421 888
-10024 516 52 108 1745 1035
-7028 764 384 -1172 1012 2006
-9908 640 -36 -2166 -1521 2397
-13940 620 2256 -2073 -3577 3830
-14576 2424 2136 -1072 -3919 4506
-25520 4024 2980 998 -1807 1036
-25388 13224 2576 773 2207 233
-20148 3736 2028 -1497 1722 -1786
-17484 7040 1764 -1142 912 -570
-15412 4044 636 -478 1293 -579
-11084 3376 500 -1003 1813 -941
-9844 3268 184 -107 1168 -1259
-8608 2212 -264 1249 645 -1474
-7012 1268 -64 2411 417 -1756
-9104 2892 -688 2865 -2072 -2239
-14896 4868 2704 3108 -2804 -2484
-16140 6240 4384 -222 -3795 -1371
-24880 4788 5936 905 -3779 -919
-24300 -2636 1832 -1034 1035 -101
-20656 1528 3740 1419 -5033 -271
-16180 -512 1308 3952 -230 209
-13716 108 744 3308 413 -1315
-10692 524 988 4154 979 457
-8700 448 288 3709 1289 822
-10188 476 1120 2379 1476 913
-8972 188 1568 2068 1474 1759
-7704 352 -1100 1120 497 2147
-13748 1412 3088 2345 -731 2452
-15660 3988 3384 2235 -2635 4153
-25640 6580 4492 1425 -1674 2372
-21664 11056 100 291 3768 2375
-21292 5296 1148 -78 2942 866
-17960 6176 1576 -571 2947 -1245
-15508 5864 788 -744 1893 -1347
-10960 3324 124 -282 1135 -1905
-9488 3096 204 -277 625 -2272
-10784 3784 252 91 -313 -2377
-11036 3748 444 1062 -1142 -2025
-10300 4092 1340 942 -2550 -2333
-13320 5320 3160 -728 -2984 -1923
-17016 6444 5368 -3207 -3292 -730
-18696 5220 5240 -3837 -3207 -7
-14688 -192 -1012 -1254 -2705 160
-19596 -3556 -1756 6579 1008 -2956
-21440 2128 1044 4420 1029 -5523
-19788 400 1636 4524 -1059 -4430
-13056 2016 2224 3469 -2447 -2031
-10824 -628 552 3228 -926 -3127
-12648 780 2396 2171 -1310 -3675
-10056 1128 2044 1362 -313 -1508
-7776 -748 996 396 -226 -1846
-9740 -336 2048 746 1121 -1803
-11376 220 3540 -877 4 -270
-14884 -1156 5020 -216 2250 1820
-25324 1792 8332 -195 -1227 4352
-12772 3192 -856 1160 -122 8401
-18764 4100 -2080 9 290 3752
-23504 5496 1768 -801 -2304 954
-15732 2332 1444 -525 3856 -1200
-19016 344 3144 -958 3889 -1467
-12236 -956 1452 1313 2218 -1560
-8536 436 -160 3474 941 -1704
-8912 1632 936 4935 136 -1881
-8040 1876 1056 6115 -3111 -2320
-6896 2236 -628 6237 -4478 -2621
-13808 964 5288 5284 -549 -2464
-32768 -16 9096 11636 -654 -5767
-21792 892 1244 2693 4130 -8043
-21216 -3088 2820 5742 -1624 -4951
-9060 -4492 -1440 5238 79 -4102
-14408 -1676 60 4409 1234 -3830
-12972 -1708 -1000 4121 2878 -1356
-13536 -1960 -1288 2125 3184 -144
-14392 -2596 -764 1112 2539 323
-14868 -1060 -900 -546 2064 1495
-17168 -2132 -820 -1005 458 2464
-16852 -2084 -436 -1738 -198 3192
-15508 -1516 -36 -794 -159 3214
-14516 -108 -196 304 145 3074
-14752 272 -168 -154 -707 3222
-15492 128 -136 284 -950 2886
-15868 920 348 613 -428 2465
-15064 1440 316 579 -668 2503
-15444 1652 504 747 -1096 2145
-15056 1800 1120 891 -1436 1553
-15116 1620 1192 1399 -1513 788
-14780 1640 640 408 -1219 -80
-15576 2928 1660 170 -1225 -356
-14832 2664 1740 118 -1611 -404
-14520 2236 1832 494 -1323 -648
-14972 1984 2172 920 -1037 -580
-14944 1928 1956 1106 -836 -392
-14364 1704 1720 1002 -273 -267
-14604 1840 1616 556 120 -233
-14500 1884 2156 1000 336 -400
-15420 1964 2452 1066 -395 -794
-14732 1196 2188 2400 -368 -953
-14496 1604 1536 1795 -426 -996
-14776 1240 1836 1609 -35 -857
-15188 668 2064 1995 -12 -435
-14612 432 2432 2387 277 -458
-13944 948 2620 3144 414 -1964
-15416 2268 2028 3433 994 -2713
-15944 2304 1480 2013 214 -1128
-14480 668 1116 1000 -537 -225
-15068 976 1348 567 357 128
-14904 584 1528 195 10 305
-15024 476 1160 139 -147 194
-15260 668 1808 457 -279 314
-15288 772 1632 795 -960 304
-14936 444 2144 1708 -1547 8
-14932 1040 2468 1951 -1580 93
-14748 1076 2304 1614 -929 131
