-15196 -2284 -4640 512 19 32
-15256 -2208 -4652 480 3 6
-15128 -2276 -4804 540 29 -25
-15256 -2356 -4712 503 -22 22
-15084 -2164 -4700 413 -83 23
-15164 -2212 -4864 454 -32 27
-15104 -2176 -4732 395 27 -33
-15148 -2300 -4648 347 26 -26
-15208 -2296 -4912 367 107 -41
-15232 -2372 -4824 312 15 -43
-15160 -2240 -4888 398 -4 31
-15224 -2176 -4824 406 22 -36
-15244 -2216 -4724 298 -57 6
-15212 -2152 -4736 381 -16 -5
-15116 -2196 -4656 232 -64 -68
-15184 -2272 -5028 212 29 -87
-15224 -2256 -4652 316 22 -80
-15160 -2292 -4792 256 -8 -70
-15120 -2296 -4872 378 21 -4
-15220 -2224 -4780 457 20 -31
-15196 -2340 -4772 398 -4 -56
-15200 -2348 -4836 406 0 -45
-15168 -2320 -4784 374 -73 -57
-15292 -2380 -4800 392 -87 27
-15236 -2336 -4688 409 -95 115
-15200 -2328 -4764 331 -130 86
-15248 -2268 -4688 447 -73 67
-15328 -2380 -4800 630 44 163
-15188 -2104 -4936 549 -23 216
-15240 -2204 -4760 498 -158 158
-15248 -2184 -4660 501 -222 170
-15192 -2196 -4964 443 -284 30
-15120 -1864 -4596 155 -167 -169
-15208 -2084 -4616 133 58 -517
-15236 -2656 -4044 792 113 -519
-14996 -2912 -5192 1173 465 -423
-15156 -1956 -4888 322 -339 -123
-15344 -2336 -5024 -84 -283 -159
-14896 -2056 -4808 -551 104 -443
-15292 -2448 -4412 -470 -680 -271
-15820 -2768 -4972 -218 -758 -27
-15544 -3264 -4096 -214 -1091 502
-15084 -2340 -4040 984 90 314
-15320 -2352 -4604 368 -208 150
-15124 -2276 -4480 503 -109 33
-14972 -2512 -4180 421 -73 153
-15196 -2052 -4424 613 5 -129
-15136 -2436 -4144 651 57 -121
-15384 -2480 -4896 666 102 -4
-15256 -2692 -4396 809 25 200
-15252 -2256 -4244 890 127 206
-15308 -2144 -4880 585 203 -87
-15176 -2348 -4352 199 209 -88
-15136 -1772 -4532 -298 138 -113
-14996 -2140 -4272 -950 -43 -494
-15100 -2704 -4488 -89 626 -583
-15328 -3044 -4800 358 615 -349
-15076 -2804 -4788 1108 950 118
-15144 -2336 -5104 1023 573 337
-15196 -2484 -4964 398 107 227
-15112 -2620 -4844 528 125 220
-15204 -2600 -5024 798 123 239
-15144 -2312 -4996 849 40 436
-15284 -2268 -4872 986 131 426
-15200 -2432 -4840 1218 312 466
-15244 -2068 -4752 724 -5 307
-15136 -2384 -4716 337 212 187
-15208 -2396 -5080 77 -57 -1
-15200 -2268 -5096 -450 -393 64
-15212 -2560 -5140 705 -97 197
-15040 -2292 -4752 902 -159 232
-15168 -2012 -4848 690 -62 136
-15220 -2240 -4672 287 -76 -49
-15108 -2140 -4700 370 29 -49
-15224 -2132 -4752 301 39 -122
-15192 -2240 -4768 396 125 -193
-15232 -2272 -4844 431 150 -176
-15228 -2260 -4892 350 98 -131
-15156 -2532 -4660 361 215 -100
-15068 -2472 -4712 437 233 -36
-15176 -2280 -5136 350 138 6
-15264 -2324 -5084 426 115 7
-15172 -2336 -4912 382 31 33
-15228 -2164 -5132 372 73 -30
-15232 -2384 -5096 367 -6 -6
-15240 -2428 -4940 422 -37 39
-15168 -2304 -5028 493 -42 59
-15208 -2232 -4736 495 -30 30
-15048 -1692 -4896 1718 616 -221
-15404 -2572 -5044 1333 324 -24
-15248 -2748 -5052 1312 33 426
-15360 -1780 -4708 1568 27 279
-15308 -2628 -4780 1050 47 137
-15196 -2500 -4972 568 -243 468
-14980 -2132 -5016 972 -62 211
-15272 -2448 -5036 760 -409 391
-15304 -1816 -4876 509 -487 268
-15212 -2344 -4784 755 -320 40
-15476 -2684 -4736 151 -287 211
-15536 -2232 -4724 -309 -748 623
-15376 -2856 -4928 -202 -355 560
-16092 -2744 -5644 -772 -417 1172
-16004 -1656 -4480 -384 -324 1410
-15716 -832 -4220 -369 -126 1090
-14972 -1924 -4368 1332 1143 494
-15696 -2260 -5696 2184 432 1343
-15324 -2860 -3688 1854 326 1440
-14872 -1076 -4836 3824 269 1468
-15720 -396 -6780 120 308 1317
-14268 -1844 -1188 984 957 228
-14484 -492 -5784 -301 1327 369
-15420 -1116 -4936 1919 161 414
-16464 -1432 -7420 1226 -508 982
-16852 -224 -5660 528 -43 1198
-14496 -1132 -2564 -328 184 -62
-13824 -780 -4372 351 696 -540
-13332 316 -4752 795 1101 -477
-15312 -1232 -5568 491 258 -244
-14732 -608 -6232 2568 926 -326
-16152 -1276 -5820 944 415 254
-15684 -616 -3512 1691 530 -790
-14872 -424 -7128 1594 308 408
-15500 -932 -5768 -204 42 -161
-16044 -1548 -5704 61 -196 31
-14400 -508 -4276 299 -219 99
-14832 -108 -7080 -407 52 -127
-14476 -516 -4772 -281 430 -683
-15664 -1524 -5240 155 382 -874
-15352 -1060 -6340 280 437 -519
-14916 -1084 -5180 567 523 -816
-14980 -908 -6288 -336 719 -1208
-15180 -2128 -5500 -167 762 -1007
-14660 -1568 -4532 534 971 -868
-13984 -584 -4440 428 1050 -1264
-15224 -776 -8400 434 1394 -1929
-15416 -1828 -6588 -877 1242 -2129
-13304 -2492 -4712 -1206 1143 -1575
-15044 -1792 -8324 357 988 -975
-16328 -3312 -5844 431 740 -1265
-16272 -3652 -8116 -558 -1103 -548
-14872 -2636 -6336 -57 -457 -503
-15376 -2788 -6748 -362 -764 -331
-15156 -2364 -7616 -541 -454 -503
-14904 -2772 -6668 -42 -447 -765
-14624 -2696 -6476 233 -315 -574
-15040 -3024 -6832 230 -668 -257
-14844 -2972 -6064 949 -753 102
-15232 -3196 -6792 680 -1269 653
-14668 -2540 -6032 235 -1507 876
-14844 -2156 -6268 485 -1679 740
-15088 -2804 -5452 494 -1383 900
-14904 -1616 -5560 -194 -1357 869
-15020 -2320 -5232 -1633 -1127 276
-14976 -2680 -5700 -405 -784 369
-15000 -3236 -5596 966 -1059 949
-15232 -1972 -5336 1286 -1769 1368
-15728 -2120 -5048 1698 -1340 1538
-14892 -1928 -4708 1234 -1270 770
-15452 -1288 -4840 2118 -392 455
-15292 -1664 -4748 2175 -141 84
-15180 -1696 -4392 1714 -88 -80
-15180 -2212 -3900 2587 475 -135
-15648 -1460 -5316 3162 196 75
-15728 -2472 -5164 3057 -445 687
-15204 -1748 -4764 1560 -1155 1370
-15492 -1128 -4848 154 -634 474
-15168 -1948 -4364 -287 -726 327
-15496 -1348 -4600 -700 -749 171
-15292 -1996 -4524 -1546 -952 552
-15332 -920 -3992 -1593 -1137 192
-15664 -1796 -4436 -882 -911 -198
-15300 -1108 -3260 -291 -435 -456
-15548 -2308 -3868 -327 -418 -286
-15636 -1604 -4140 -166 -101 -128
-15288 -1824 -3852 -647 -570 -29
-15288 -1492 -3744 -464 -96 -118
-15256 -1320 -4016 -833 -121 -366
-15076 -2052 -3816 213 191 -203
-15512 -1264 -3928 489 187 -26
-15508 -1580 -3948 -442 -17 -3
-15332 -1372 -3532 -1186 149 -297
-15236 -1936 -4388 -634 505 -363
-15432 -1732 -4100 529 545 -53
-15564 -2396 -4352 1246 533 42
-15428 -1756 -4324 1537 363 457
-15288 -1884 -4256 1976 207 418
-15140 -1564 -4204 2244 589 244
-14472 -1736 -3688 4445 1758 164
-15688 -1488 -4380 5019 1075 1226
-15268 -1116 -4636 4318 -211 845
-15516 -828 -4484 4067 -121 96
-15688 -1516 -4832 2174 518 -852
-15516 -2580 -5348 1120 147 -703
-15408 -2072 -4348 960 -87 22
-15368 -1392 -4292 410 -297 131
-15260 -1820 -4424 -169 -533 -195
-15148 -1828 -3836 -407 -759 -114
-15492 -1600 -4404 -448 -757 -65
-16104 -3100 -5392 -1549 -1049 512
-15740 -2400 -4952 -1252 -1686 1434
-15820 -3508 -4916 -647 -2407 2913
-17860 -3260 -4672 -2804 -4322 7508
-26792 -6912 -6308 -249 -7811 14910
-32768 -10512 -7364 3459 -10829 26470
-27572 2604 -3072 5306 -15439 27050
-19796 -3360 -5224 -4544 -7461 10379
-2184 -644 -2712 2678 -4068 145
6304 1004 -3864 7575 8476 -14337
7304 2776 -2552 8870 13354 -22490
-1092 7608 -140 8485 12416 -24892
-11400 17680 2868 -4466 7750 -13373
-10484 12668 10748 -1497 1801 -455
13036 -18728 -20056 15496 -17195 -6749
-16824 444 -17248 7965 -7545 915
-27500 76 -8236 336 -633 9833
-19252 4240 -6132 -4943 -537 1821
-24092 -1120 -3048 -3334 -95 -2181
-22832 -4100 -5604 -1579 9664 2584
-13520 -3216 -6112 -5846 -451 2089
-18500 3816 -7184 -5392 -6913 9832
-23932 4044 -3676 -7989 -12637 23971
-25756 -6416 -2352 -1785 -16965 23104
-18876 -6296 -3552 8007 -4647 18689
300 -876 -3360 -3499 10822 -3598
4172 -148 -5544 -2689 12531 -15855
5028 900 260 1281 18936 -24065
-7112 12900 4656 9557 17073 -23064
-13444 27156 8568 -2435 6144 -2693
-16140 1260 19136 8040 9514 -4505
-32768 5340 -21864 5953 -11357 1478
-18272 6444 6468 -3992 -2898 9477
-20224 7356 -8840 326 896 -3020
-32768 -3424 -3796 -1023 3253 289
-19888 -8732 -8364 -15556 -9516 362
-21572 10316 -12712 -2875 -4203 18987
-16276 -96 -7612 -8526 -8267 20501
-23140 -12780 -2552 -6136 -12815 18353
-13516 -1096 -5324 -4165 -2683 6504
-7672 1220 -3768 1813 6901 -10006
-1448 5852 -5164 3766 14596 -22288
1280 3892 192 7152 19581 -28261
-7668 17012 4452 5934 14598 -22693
-14904 30872 9560 -3535 5613 -6242
-28504 -29556 19132 8956 -8216 -8905
-32768 -2164 -10300 -10959 -7809 10508
-16908 6840 -10872 -5461 2071 4176
-21024 1772 -7924 -2880 -3240 75
-22696 -540 -6888 2897 -4574 -1760
-21336 1404 -5688 1042 1883 1715
-12512 -6284 -6460 -9422 -3169 5930
-28964 7048 -8316 -7883 -8327 24468
-29256 -5188 -11900 -13506 -14610 24469
-21300 -8472 -15512 -8903 -10418 21497
-1156 -3804 -11940 -2980 8887 -4718
-52 -960 -8596 3649 19727 -19190
-1772 108 -4544 9037 25064 -27937
-12700 8328 6296 -1931 20153 -32575
-27196 30236 17188 -4020 2335 -9661
-10796 32767 12272 17933 -1161 4472
-4940 12356 27860 -7595 -8966 11929
-16400 7752 -2544 -192 -7483 9435
-17596 6128 -900 -1095 -3643 4050
-22212 4280 -3584 -1691 977 -1136
-28236 -7216 -11932 -6632 569 -514
-24264 -836 -10544 -8553 -9089 14609
-21820 2512 -10964 -10271 -10901 25663
-22676 -11572 -7296 841 -17419 28833
-16604 -4372 -10288 641 -8405 19251
-4020 -3308 -2204 -3528 -176 -3814
3556 -7576 -6072 2238 15848 -23371
832 -10252 4900 7620 18709 -32768
-8552 8244 8360 6692 16019 -32768
-26440 32767 -1724 607 7233 -19453
-2880 -32768 6312 3338 -21000 4271
-3048 7624 -9132 4034 -8198 11325
-20348 1912 -2156 1262 -4651 12141
-14940 8488 -3100 -662 -829 6793
-21844 5388 -2884 -603 3932 845
-32768 -2288 -5228 -6481 2872 7432
-17888 -14420 12 -25035 2296 2220
-26284 24752 -20092 -3078 -9218 18581
-29876 -4076 -10416 -20440 -17546 16236
-18880 -10548 -6628 15464 -12692 11976
-6248 -3508 -16012 1897 3442 -9575
1040 -3500 -56 -500 13173 -29018
-344 -2960 956 18437 21835 -32768
-11920 16664 -1640 10781 17547 -32768
-20924 32767 7496 -10140 2826 -14066
-16448 32767 31768 14840 541 10361
-32768 -18964 17524 6716 -7011 6372
-8508 3876 5712 215 -7593 14392
-17224 3624 -5728 1260 -526 7343
-19028 3508 -4804 -33 -1641 -689
-32768 -6176 -1692 -3075 -2942 -773
-32768 -14556 -3788 -7854 3632 10747
-18716 -3780 -4204 -7892 119 13118
-12644 3204 -7080 -2844 -8862 20631
-13560 -14424 -4684 -5300 -10240 15084
-14008 -5444 -9164 7207 -7806 9901
-18660 2716 -1856 1162 -1755 -2983
-6264 4060 -2768 3404 6552 -15419
-5112 1316 1824 8186 12048 -22072
1416 11144 -1692 15114 14740 -24970
-5580 24616 7276 3587 5145 -17142
-20432 32767 32767 2765 -1521 -1924
-8212 -27820 13372 1037 -32768 8673
-31112 2532 -17660 1810 -7638 12580
-12368 4936 -1492 243 -2434 8660
-18260 3524 -3460 401 -1173 1469
-24484 3868 -3996 -1137 50 -3825
-32768 -10980 -3728 822 -9830 5061
-29652 -2744 -11160 -12774 3171 10556
-28024 3340 -3844 -2741 -14303 31273
-21092 -17736 -7756 1648 -13086 23515
-8464 -10508 -5520 -414 -3588 4578
6880 -1052 -856 -1996 4415 -13308
3900 -328 2892 4733 15218 -25005
-1792 8004 3052 12011 16312 -29511
-9616 22784 5116 3631 6770 -21685
-16092 23592 8948 -1976 112 -1819
-23420 -5252 -5460 10906 -5849 -3390
-28084 -28040 -4108 6707 -8304 9075
-10628 7228 -3196 -1870 -2293 12049
-18020 3152 -4084 651 -2121 2756
-20984 4096 -2548 697 787 -3930
-32176 -5136 -852 -619 7127 771
-20764 -7188 -4724 -14534 -6111 3252
-25236 7044 -4316 -10262 -8604 22393
-24652 -672 -1484 -8625 -17766 23664
-25384 -9792 -6832 -1892 -20335 23271
-5748 -13792 -9360 9997 -3934 3162
-240 -1376 -7240 14224 2905 -9034
-4856 3452 -5040 12347 10035 -24112
-7316 4608 -4180 2784 11508 -29496
-6348 10316 4056 9122 14787 -29791
-16060 24140 6736 2214 4999 -20879
-11004 21572 12464 -1074 -2144 3462
8896 -16732 8052 15269 -7333 -7766
-26404 -5416 -6140 1735 -5332 11862
-14104 3800 -1004 -691 -4965 8974
-18900 3832 -2336 223 -1864 524
-28528 3008 -936 -2116 -3635 -5983
-32768 -228 1624 -4132 -27662 12600
-24500 -3140 -7200 -14031 3379 10250
-17480 9120 -1660 -15567 -12782 25325
-24756 -6972 -5656 2752 -13619 22196
-20904 -4076 -8236 12988 -3877 19199
-9936 -92 -3652 3395 5602 7318
-3600 -756 -364 6349 10497 -8744
-1780 996 -1636 10006 13996 -22091
3312 4080 1220 1143 13575 -28732
-3380 11368 5788 -3450 10634 -28349
-14052 22664 14600 -6984 1212 -11882
-26920 22584 11268 8389 1702 -2435
-22292 -20080 -8172 -6122 3697 -7165
-28124 -6864 -9396 -7340 -4580 8356
-18788 6212 -8556 -5383 -956 3775
-27992 -960 -3228 -1712 -1929 -3979
-32768 -7520 -3892 2601 -12480 6422
-17392 -13172 -5348 -14871 1650 9014
-19456 6980 -9668 -7834 -10998 22587
-26328 -13184 -8492 -3139 -11971 28245
-17548 -13508 -5592 9910 -9903 22734
-8032 -2356 -8200 1216 2590 2728
-4216 -2124 1728 2471 7696 -13715
-5344 776 2072 4282 12212 -23696
-380 4568 2092 7095 15433 -27044
-4352 15728 2680 5465 14598 -25048
-10216 23064 10036 -2965 4750 -11275
-21468 32767 29436 10389 -2038 2788
-29472 -7020 -7360 -7843 -18473 7614
-14028 -13972 236 12581 -9802 3512
-27572 -4940 -12284 -1511 -4995 7317
-23404 5584 -7956 -2572 -3963 -560
-32768 12764 -9700 -12314 -32768 10853
-25048 -6292 -4956 -5577 -5285 20765
-23868 -7040 -19128 -1291 -11996 25104
-15428 -29452 -12012 -9431 -18475 15238
-25868 -7720 -8160 27736 -7084 2888
-28756 20560 -12328 939 -3084 -646
-10732 2776 1724 3140 9012 -10723
2916 2648 -3364 16090 18312 -22480
9104 9192 -2172 18733 16698 -30647
4808 20772 7304 11055 8537 -26406
248 27412 9776 7350 -1484 -10107
-32768 -32768 32767 15898 -575 1930
-1452 19732 9964 197 1202 10237
-17244 3836 1968 3386 -1705 3531
-21464 -7044 -15324 1813 -930 882
-14008 3920 -1272 163 1084 117
-20784 -4516 -6784 -3343 2711 1086
-23452 -3076 -11332 -9012 839 8981
-29408 -13712 -8520 -13284 -10235 18355
-20936 -7864 -8784 -386 -15307 21374
-12636 -6832 -18560 3404 223 9072
-3876 -10536 -4140 -5747 5151 -4788
-5048 -7460 3336 -568 11330 -20149
-9232 -52 4668 2955 9399 -27274
-13248 9364 4296 2008 5623 -24731
-14916 29020 8336 11498 3386 -8137
-32768 32767 21364 7547 -16270 7830
-20848 -2408 -11664 1344 -2641 12038
-15656 3716 -4460 -2919 -1027 9944
-18780 1612 -5396 -1629 -2457 4121
-18524 1584 -5252 -244 -1558 -1455
-27068 -2268 -10720 -1547 1265 -2213
-18856 -4888 -6844 -11756 -6533 5380
-9956 -20952 -9500 -9401 -9858 13070
-21856 -1292 -3156 3761 -12925 21250
-29432 -5856 -8408 19621 -18175 30406
-20120 -8668 -10916 -766 -9392 18973
-9096 -224 -3012 9511 283 703
3136 5780 -3504 6923 14654 -20372
1924 6384 -4236 7460 18286 -28681
-5204 14380 2396 156 18991 -29032
-14244 28144 12252 -13325 3437 -14499
-8420 32767 27804 -4196 -6895 209
-25064 -692 -8168 15517 -10304 -6139
-32132 -22800 14596 -2257 -11013 7905
-16868 716 -1092 -870 -4767 8340
-16580 3036 -2340 -953 -1856 2920
-18184 2412 -2972 -3737 -93 -706
-25276 -1384 -9416 -10421 -1922 -6174
-30608 -7888 -13304 -12727 5640 8785
-17888 -6540 -7612 -2842 -226 15698
-21764 2276 -7232 -2110 -12303 22956
-25872 3864 -8952 -2338 -19481 24341
-21232 -2864 -3992 1742 -13494 20806
10444 -12416 -16444 -7513 3780 -3177
4596 -1500 1092 3222 13162 -10520
128 264 -556 2920 17239 -19568
6204 2580 3212 -5968 14954 -24074
1620 9524 9688 4834 10710 -24637
-8296 17560 9420 -1820 1747 -17106
-27960 7952 -10336 -9906 -13002 -1927
-32768 -9776 -9900 8238 9546 957
-15100 2896 -3320 -6589 -1445 8470
-15976 3700 -1504 -1946 -1530 2140
-25648 2400 -2788 374 -4177 -3967
-32768 -6068 -7664 560 -4575 4172
-21340 -8116 -13016 -14455 1026 6829
-32768 9564 -6204 -14042 -15932 29293
-32768 -5948 -11684 10904 -20609 29296
-10524 -5416 -5916 7192 -10335 15966
3300 876 -7532 3471 2201 -4702
4616 1540 -4548 -2909 10848 -17689
772 1080 4056 1008 18751 -24932
-2068 9500 -2276 6690 21860 -24585
-12336 18260 9672 -2917 8011 -14404
-32768 32767 32767 1970 -15673 1164
-32768 18052 -32768 10524 42 4963
-18384 2832 -652 3399 -4317 8336
-13196 7692 -2404 -1005 546 3360
-18612 4412 -4692 -643 597 -3779
-22664 136 -2108 -1737 3147 -7314
-25964 -8928 -8020 -3714 9098 1653
-15040 -7696 -5584 376 -1340 8194
-13724 -1192 -8976 5546 -5322 13880
-27396 24 -15172 3031 -13492 26600
-32768 -2088 -3804 -14900 -18164 25444
-22800 -11496 -3384 3195 -8742 14899
4676 -5364 -8952 1788 14513 -14980
2068 1124 -5460 4279 21292 -24229
3004 6568 1412 4804 21810 -30625
-8784 15736 14384 1534 12704 -25251
-18396 18636 17844 2643 894 -9075
-32768 -32768 -9680 10993 -24197 9795
-32768 15044 -18832 14328 -5145 15402
-21028 -956 -11112 -656 -705 9070
-13940 8336 -5212 -801 99 2766
-17428 4764 -3080 -1978 -645 -397
-20348 768 -3064 -3643 -842 -2026
-19576 -6216 -6000 -4411 279 570
-23576 6968 -5184 -3327 -4517 13752
-28132 -2772 -5116 -8520 -11216 23566
-10996 -5432 -5936 -9664 -15526 10248
292 -3900 -3596 -5793 -3134 -6044
6644 -3944 892 -1960 6975 -17104
-3468 236 3364 -657 11107 -25403
-22924 3396 5752 6771 13170 -22490
-32768 32767 8540 5087 -80 3515
-16424 -18072 -3404 -6052 1119 -2688
-18980 4168 -5040 4096 1112 2428
-14896 3976 -3204 1099 445 -369
-14364 1348 -864 1189 2161 -2834
-15608 288 -3224 779 3234 -2732
-14864 -40 -3660 1111 3053 -2674
-15748 -648 -4000 681 2411 -1925
-16052 -128 -5380 204 1822 -1338
-15336 -884 -4948 261 1133 -423
-15060 -16 -4736 136 781 -371
-15752 -860 -4448 -520 599 -778
-15528 -992 -5792 -214 731 -567
-15480 -440 -5044 -142 396 -500
-15316 -616 -5120 -260 189 -510
-15268 -952 -4944 -52 194 -462
-15344 -972 -4924 0 210 -204
-15120 -900 -4728 144 134 247
-15492 -600 -4720 -66 -31 221
-15420 -648 -4840 127 231 210
-15136 -376 -4744 -160 416 -113
-15360 -744 -5352 79 438 76
-15376 -864 -4996 324 298 222
-15264 -708 -5036 351 -3 459
-15256 -564 -5052 496 -152 438
-15168 -352 -4868 731 -96 250
-15316 -352 -5148 671 -172 134
-15228 -724 -4972 845 112 435
-13856 84 -5508 1253 424 114
-15720 664 -5228 1220 1220 -891
-15716 -144 -4916 1224 1070 -1131
-16032 -348 -5740 -145 177 -1481
-15376 -1796 -5600 -2044 -1222 -549
-14004 -1332 -2108 -617 -798 769
-16160 -452 -7576 788 -504 192
-16848 -1016 -7152 835 -2560 397
-14272 -412 -2184 280 -1500 335
-15096 -624 -4768 1562 -281 -760
-14784 152 -6416 -1101 -779 -1235
-15584 -2260 -2488 -349 -986 -708
-15076 -484 -4936 476 -754 -136
-15492 -828 -4416 -422 -639 -777
-14644 -2044 -3400 -23 -197 -593
-15308 -924 -4508 133 -349 -489
-15344 -952 -4308 164 -456 -528
-15420 -1140 -3508 650 -219 -622
-15328 -1016 -4044 502 -82 -797
