-14896 -888 -6508 351 91 21
-15028 -880 -6736 342 62 62
-14972 -932 -6520 228 -5 10
-14976 -740 -6776 242 -2 -4
-14988 -772 -6504 362 18 4
-15028 -856 -6712 545 91 113
-15096 -832 -6424 446 40 60
-14852 -1016 -6772 378 -32 99
-15024 -756 -6640 478 27 2
-14964 -936 -6728 433 40 -1
-15024 -924 -6492 360 -68 78
-15096 -776 -6640 156 -129 30
-14844 -812 -6728 80 -83 -4
-14952 -836 -6444 114 -57 -16
-14888 -760 -6352 35 131 -163
-15028 -876 -6844 -256 187 -337
-14852 -876 -6712 240 207 -199
-15016 -912 -6616 304 93 -186
-14976 -784 -6592 361 111 -140
-14892 -960 -6684 172 160 -52
-15056 -824 -6376 -66 307 16
-14988 -824 -6228 -450 649 49
-14900 -820 -7060 -184 974 -224
-14816 -908 -7240 238 815 -197
-15040 -1088 -6792 419 479 25
-14940 -800 -7128 430 444 274
-14692 -688 -6180 -183 500 306
-14916 -388 -7208 -323 898 -565
-14880 -896 -7480 735 328 -641
-14820 -1388 -7952 247 -462 -420
-14804 -884 -7556 693 -1130 225
-14924 -816 -6872 1092 -1029 298
-14844 -752 -6928 1436 -934 305
-14916 -1064 -6604 932 -836 27
-14844 -592 -6672 931 -569 101
-15016 -1020 -6444 188 -582 -80
-15028 -876 -6668 -185 -411 130
-15028 -1136 -6640 192 -323 360
-15032 -748 -6488 487 -389 428
-15064 -844 -6492 748 -237 589
-15076 -516 -6372 374 -123 396
-15048 -768 -6684 282 -7 393
-14856 -764 -6552 -11 -32 268
-15116 -792 -6600 53 -119 250
-14960 -500 -6428 120 -142 281
-15180 -644 -6500 232 -227 294
-15040 -716 -6412 207 -195 386
-14952 -360 -6552 541 -250 469
-14936 -448 -6400 546 -283 515
-15160 -328 -6232 199 -336 303
-15044 -204 -6372 136 -27 30
-14892 -308 -6276 189 269 -257
-15184 -496 -6424 255 211 -237
-15028 -120 -6548 424 146 -124
-15000 -368 -6508 292 297 -311
-15092 -296 -6532 197 286 -426
-14952 -592 -6636 189 168 -429
-15176 -700 -6648 275 -128 -123
-14936 -420 -6584 546 -334 175
-15076 -672 -6020 1286 -144 311
-15008 -104 -6536 1085 -64 281
-14984 -780 -6528 398 -180 322
-14840 -328 -6472 348 -265 456
-15028 -236 -6484 243 -231 312
-15240 -304 -6544 334 -123 320
-14996 -236 -6384 317 -168 330
-14988 -148 -6276 302 3 132
-15040 -500 -6724 166 -40 66
-15104 -308 -6400 296 -103 136
-15136 -232 -6440 322 -255 158
-15152 -128 -6312 360 -226 262
-15196 -152 -6052 409 -257 314
-15096 152 -6032 389 -28 20
-14924 -24 -6308 259 101 -180
-15112 -36 -6252 389 185 -234
-15028 -104 -6128 492 113 -283
-14940 36 -6336 434 7 -620
-15212 -312 -6284 490 139 -742
-15104 -432 -6788 445 69 -591
-15152 -912 -6676 417 23 -251
-14968 -540 -6356 269 -123 -56
-15108 -484 -6272 293 -95 -9
-15160 -432 -5968 160 -82 -53
-14984 -500 -6208 280 -109 122
-15056 -288 -6192 434 -124 214
-15088 -536 -6192 303 -162 290
-14984 -140 -6184 418 -125 210
-15132 -4 -6016 134 -113 -94
-14888 -232 -6132 271 13 -201
-15012 -344 -5752 165 -31 -538
-15424 -732 -6844 544 110 -280
-15348 -476 -6432 470 -550 -89
-15324 -352 -6196 288 -974 238
-15000 -264 -6172 249 -1104 377
-15228 -392 -6208 -152 -1416 384
-15480 -144 -5356 -208 -1670 834
-15600 -204 -5268 334 -2467 1515
-16096 -1508 -5888 784 -4380 3821
-23248 -3612 -5160 -2163 -14409 12412
-31132 -6396 -15540 4112 -8920 21593
-31356 -4436 -6940 -1279 -12573 25312
-11472 -7124 -9160 -2515 -2637 9650
1144 -4312 -2912 -3579 6005 -7854
2160 -2520 -2464 794 14690 -22238
-6988 3192 3536 3789 15089 -26732
-19444 24780 7880 5712 5099 -17965
-15400 22564 9164 7750 -3010 411
-29376 -6380 21816 6250 71 9084
-19128 10996 3064 1136 -1780 11016
-14408 5212 -5368 -682 -1863 4441
-17356 4576 -5260 -2427 -227 -1330
-22124 -2068 -4140 -5853 -652 538
-20140 -4136 -8084 -9655 -3887 6885
-22236 -7792 -9040 -11186 -10472 18959
-16812 3368 -5176 -6060 -13714 21451
-13188 -4904 -11428 4527 -11659 16783
-6252 -2072 -7044 7320 -6808 -5871
-13272 -3444 952 3439 7041 -19647
-20232 -2708 1980 4228 9642 -27024
-17956 732 2072 9509 15388 -25597
-15840 9492 7028 8630 10162 -23244
-19744 32767 484 8747 1911 -14315
-12408 24900 7980 -1460 -5007 5338
-32768 -32768 32767 4797 -20213 15171
-21368 -1348 12812 -926 -2271 15461
-9336 6944 -2220 -4934 -6094 12929
-15780 4196 -988 2268 -4606 7571
-17864 4644 -740 142 -2933 2144
-19784 -588 -468 -2624 -475 1228
-25636 -7480 -9880 -10422 -2828 8112
-27688 -2088 -9284 -14570 -7111 19281
-23164 3828 -2184 -13991 -13385 25877
-19268 -5040 -8904 5854 -15024 19791
-3908 -3544 -10004 6408 -2376 2853
-4740 -7440 2020 7064 11676 -19191
-12676 -1408 7560 995 7650 -32768
-7116 5320 -136 8580 9645 -31653
-3960 14560 -6420 8610 11890 -29731
-12492 24644 0 -5217 10895 -16165
-32768 31428 23700 5106 11892 -3540
11344 -32768 -22476 6365 -12737 2401
-25820 6156 3984 -5639 -3391 8545
-9256 7264 -7180 -2729 -2306 5343
-19868 568 -5676 -2002 -3384 2062
-16420 1344 -3252 -3220 -3335 1323
-18488 -132 -4772 -3424 -5903 2577
-30208 -3848 -8820 -3007 -7856 10594
-30968 -2392 -24780 -10614 -14528 27593
-19628 -80 -3192 -20682 -15415 32767
-3712 -12300 5724 24221 4239 16476
-9972 -2672 2120 31696 28121 -8598
-14652 1784 148 9583 5342 -22310
-17836 2932 2336 3843 5352 -27038
-11508 7276 -2664 -608 4917 -24934
-4048 5160 11232 -1269 1682 -20186
-5992 18432 3668 17505 5131 -18598
-19880 32767 -2536 6807 1570 -6118
-32768 -32768 -32768 4893 13121 -7095
-31124 -8036 11888 14542 -543 14049
-12892 -1240 -2648 -2149 -2656 6681
-17548 2440 -4612 990 -2491 1294
-17320 296 -4992 -5087 9991 -1291
-27520 -10984 -6380 -14971 3359 6554
-32768 -19368 -17608 -15709 -8478 21475
-24136 10228 -6620 -5116 -16160 32216
-17448 3004 -12464 -1481 -13139 9961
7716 -9592 -4160 3213 -9236 -520
8960 -7996 -3972 15722 5555 -14184
2468 -4968 1128 12430 10950 -23538
-10760 5904 2352 11207 8454 -25079
-21012 12396 680 4624 6281 -26291
-26156 19220 -6808 3325 -445 -10364
-17796 16216 -3352 -10614 -5279 10628
-32768 -32768 -11168 11599 -31794 32767
-32768 -2588 10496 6059 -3799 17842
-17472 5212 -3184 -410 -5489 11231
-18652 4000 -3012 -1693 -2331 4109
-31868 -2248 -13972 -10061 -1589 6540
-31096 -13124 -8156 -17815 -6469 20494
-7112 3740 -4060 -11605 -6105 18904
84 5324 -12960 5192 -265 7611
-848 1872 -7688 8614 -759 -2951
-3940 5604 -2552 4709 5218 -14542
-12988 4832 2920 -362 5454 -19195
-9616 1928 4616 4147 8483 -17384
-7348 6648 -120 13269 8947 -19567
-21420 15392 -2788 9306 4993 -17427
-26072 32767 4684 41 -1116 -1422
-32768 -27628 15316 1453 -25545 13402
-15132 7492 -1036 -1229 -6715 11245
-14396 1732 -5660 -981 -3777 7683
-16772 3972 -2280 643 -2501 3076
-21144 -1356 -5120 -2902 -1993 3963
-29148 -8332 -12232 -11474 -4590 13739
-26388 -4972 -11092 -18032 -6461 19827
-10980 -5776 -6336 -3563 -3275 17216
2152 -3068 -8380 9155 5111 -2885
-2384 -2448 980 8363 7004 -14053
2440 -12880 2688 4175 5534 -20838
-560 -14100 23696 26179 3111 -32768
-32768 32767 2584 6406 -7676 -17734
-21004 -32768 -24120 11699 -9062 5825
-16800 2856 -1956 195 -5786 8060
-16956 -1600 -1056 2788 3284 10886
-15084 1244 -12968 -2947 -2320 7867
-17612 3980 708 906 -2353 6139
-15292 3064 -2288 1154 -5239 5921
-20476 3932 -5320 -1026 -7681 5290
-32768 -10952 -7872 -2531 -13849 10893
-15328 8196 -3232 4427 -17867 14511
10464 -9792 -23464 -2031 293 4523
24972 -27888 -15060 20748 25544 -8356
-9428 -16860 7760 32767 19370 -24843
-32768 32767 -6400 24825 2744 -32768
-20528 32767 6084 8285 -5252 -2449
-7560 -25648 -32768 32767 8273 8576
15644 15060 -980 -5281 -11740 19785
-22552 10320 -14492 -4878 -6366 12203
-18476 360 -6308 -4890 -1679 9967
-15744 3292 1824 -3321 -5706 8460
-18628 4024 -4132 -56 -6286 8919
-14408 2556 336 -2026 -6580 14124
-21872 9432 2088 4521 -11888 16157
-23976 -2984 -15004 -1178 -19459 14138
-10568 -1012 -12188 4023 -21792 -8109
5084 -116 -9544 3460 -14591 -19441
-868 -5324 -4956 30878 7232 -29685
-5468 3872 -13844 32767 14347 -32367
-13680 8808 -9716 20104 10027 -29908
-22376 32767 -4872 6 5881 -24034
-9944 10716 8320 4121 6151 -9657
-32768 5968 -32768 23425 2622 8447
-18508 -1200 18828 4808 11871 20118
-14840 19028 7588 -23736 -2183 2465
-20636 44 5272 -4269 -688 2680
-10576 2276 -13748 -4987 -3567 444
-17612 1560 -4164 -199 -3366 -1091
-22208 -5724 -3520 -4704 -4645 3205
-29996 -9860 -8592 -5625 -14403 16531
-32768 5808 -5020 149 -21808 25417
-10976 -8936 -5260 11733 -19610 21641
14596 -11940 -10240 15211 -5959 2764
8232 -9804 -7736 13461 5373 -19824
-3072 -6528 -8540 22100 12312 -28326
-16400 7088 -8280 15044 11400 -32768
-32084 25860 -1300 8218 12458 -24845
-14300 28656 6652 6927 2354 -823
-32768 -32768 -2092 27310 -3141 21951
4220 25196 5300 -8032 -14834 20092
-18772 452 -11348 2087 -1465 5235
-12332 8560 -888 278 -1538 2757
-18772 3376 -5544 -1151 650 -1420
-24052 -2572 -4524 -5745 502 2325
-24628 -3296 -5148 -5999 -3565 10011
-23332 -2068 -8676 -4481 -11587 20004
-17812 4448 -10052 -4454 -10937 16185
-8960 -11676 -3908 -1644 -7274 2943
-6012 -7588 280 9005 -2531 -10856
-7524 -8 -9816 20161 7076 -22672
-5552 4136 -18548 15916 13952 -24661
-5600 7140 -6864 -4201 18380 -23992
-22344 22844 3160 -1697 13562 -22233
-32480 32767 15660 -16617 571 -3471
-9228 -32768 -21232 32767 14625 -4799
-32768 -22516 27244 24551 -13791 13816
-7012 10328 -4168 -6911 -5632 9530
-15448 3744 -7592 -3199 -1023 5336
-16248 3144 -5548 -4979 1040 1123
-22112 -1268 -8860 -5482 318 491
-24492 -5092 -5812 -11244 3733 8240
-30032 -9484 -12932 -16209 -3933 22005
-23248 8092 -2168 -5602 -11641 24865
-17260 -3164 -10792 -13030 -6979 14725
5604 -8124 1948 -6082 1252 -6484
11196 -3988 -7844 14414 11226 -20332
6608 3488 -5920 4720 18559 -26880
-15028 16308 6380 -4112 11169 -23203
-32768 2344 32767 20326 -11449 -2168
-32768 12532 4800 -14238 -12869 15526
-22600 5584 -8176 2458 1233 5722
-6712 3992 576 -2951 -32 7510
-19548 5476 -6996 -34 1161 2866
-18252 1704 -9336 -2258 -467 4714
-25288 -9240 -7136 -4276 -1177 9995
-24740 -16788 -1556 -8309 -6371 19562
-9032 -376 -1912 -7224 -2325 10556
772 -13036 2080 -9884 -5569 -10090
6368 -12100 452 6332 1995 -22340
-17304 5816 -4428 21898 811 -23182
-15836 14144 -7516 8901 11434 -27568
-8712 28444 -1540 4000 -337 -9635
3520 6672 -2608 7362 -4574 10213
-32768 21196 32767 32767 -32768 1135
-32768 -32768 -32768 19948 32767 21571
300 10984 4448 -66 -727 9501
-21144 -4604 10920 2940 4891 4377
-16360 3512 -1456 -1265 3799 3495
-16076 4836 -7848 -3072 5828 -142
-21272 -1564 -2240 -2009 7250 1818
-17268 2268 -4000 -3721 765 4296
-26408 -2836 -5628 -11175 3648 13527
-23160 6860 -6108 -12624 -6109 25184
-22412 15388 -10428 -14160 -2724 14605
-488 -12344 -4812 -26615 -7018 -2547
2956 -12660 -4996 -7408 5597 -18915
136 -3248 -9040 11454 19312 -27473
-10664 9968 -5584 9444 20805 -30834
-19852 14016 4628 -7523 11490 -21853
-24000 31576 1620 -6666 9157 -9567
-26076 19224 10636 9873 -5411 11781
-32768 32767 -9708 15572 -32768 26741
-4164 4820 -11044 -7875 -8025 17620
-13732 8736 -5276 -2090 -1939 7459
-13708 10692 -5084 -4482 1658 2348
-16236 5968 -5184 -1669 -411 -744
-21132 1028 -4636 -2937 77 -457
-23524 -5040 2412 -6634 2668 6025
-28356 -9748 -344 1761 -5746 19061
-22736 0 5684 12350 -22245 22543
-15492 14536 -4012 12946 -13676 11291
-4480 8648 -9968 -7443 -8595 -696
4004 -664 -13220 -15447 411 -15193
-2720 -5324 -7232 -11636 4776 -20130
-4268 1368 -13344 628 16524 -21561
-6248 4952 -7756 289 21455 -24388
-16792 14216 1792 -3998 15848 -21365
-21076 24312 10604 -10115 2677 -5494
-18572 8104 4124 -421 11728 -3644
-27320 -32768 -14784 32767 -2690 11458
-32768 -32768 7896 694 -4757 13181
-13344 6396 -4304 -5406 -5084 12247
-19916 1860 -4456 1327 -615 2159
-25620 -2032 -2988 -2452 2323 2404
-24012 -5572 -6536 -6248 2259 8974
-23408 -5144 -9968 -12461 -2612 16493
-10640 2464 -8892 -4298 -9398 20890
-10820 -3908 -3416 -23207 -6313 14065
-4296 -8984 3252 121 -6442 2126
-3284 1640 -6220 5478 1967 -9537
-6080 2172 -1936 -1595 9980 -22346
-13392 -3264 5132 -3600 13362 -23900
-19988 9720 3512 15099 12698 -17959
-21128 22828 -12180 6782 11078 -14595
-6412 25492 -2780 -13474 -865 7125
-32768 -32768 12304 27401 -5246 23581
-4624 6652 10844 1480 -9110 20086
-17340 11204 -11652 -1730 1481 8002
-13800 7520 -4052 -522 1144 2036
-17584 5620 -6208 -1877 -456 -2273
-17340 2264 -4516 -7043 1784 -268
-15232 696 -3728 -11170 819 4617
-18560 6988 -17548 -25156 -1865 14676
-24488 4608 -14752 -32768 1427 17061
-12660 -1364 -10624 -27505 2278 11471
-6764 -7144 1028 -22683 15067 5293
-8620 -8780 3316 -13339 23406 -4635
-9196 -7336 1600 -16679 24145 -12669
-9856 -5332 5512 -19022 21239 -19774
-15748 -1252 3248 -17888 18804 -23619
-26912 15920 10228 -9461 4556 -11755
-9664 4852 12032 16394 4480 -36
-32768 -3364 31444 -1750 -16256 13073
-5964 2080 -15020 -7193 -9365 9413
-18048 5904 -3568 1223 -1699 3768
-16872 4016 -4404 -1981 -2756 -425
-16452 3784 -6016 -3690 -1035 343
-22104 -1616 -9508 -8443 -1328 7067
-24456 -6704 -7964 -12403 -7571 19074
-17300 832 -7176 -13121 -8780 20960
-10516 2268 -10488 -1193 -1623 9297
-1844 -4460 -8992 -5244 432 972
-1284 -7728 4544 -3740 12450 -16926
-4840 -4584 2868 1187 14365 -25688
-13336 -2260 1848 5666 18649 -28728
-27764 15224 -2036 4201 10507 -20825
-20240 32767 7120 -16461 -883 -4415
-32768 -32768 -32768 19348 32767 6808
-13132 16996 -6380 -1896 -7248 17716
-15616 9524 -8080 -180 -1983 9665
-15728 7420 -6676 207 -3281 3776
-16720 2628 -5328 -1497 -4348 2311
-19752 -408 -8076 -5113 -3590 6395
-24388 -5324 -8864 -13019 -3623 14750
-21440 -6360 -2784 -15348 -8193 20388
-6344 6592 -10328 -1856 -103 12072
-16 428 -18468 -958 6452 -3548
1544 -8016 -4532 -4209 15119 -15571
-9876 -192 1736 429 17011 -24566
-16240 8640 8116 -1845 13442 -22993
-21236 16952 10224 9031 5366 -13927
-15888 21340 5368 10531 -3531 -5102
-32768 -28700 -32768 24304 30515 9658
-17832 9696 -2532 3854 -3113 15944
-11084 11540 -5304 -5149 -1959 8666
-16000 5016 -5648 64 -1045 1118
-20220 300 -6000 -5386 -1986 1181
-19568 -1660 -6232 -10788 -3544 6891
-20088 -1720 -1628 -10609 -7813 14797
-2548 9820 -3080 -8374 -1057 17589
-13824 -2560 -7832 -13247 -11977 15760
1956 -3900 -6528 4198 -2841 -97
-1300 468 -8196 1476 8809 -10349
-12864 -3528 4640 36 14101 -17534
-17552 -4080 5544 6741 11642 -21819
-19700 6548 2592 14948 10606 -23885
-30216 15328 -2644 13647 -1325 -17654
-10492 22920 -192 8011 -598 -721
-11308 23596 -12400 16168 7400 12598
-30868 -21172 -616 -2633 -11285 8315
-6912 15656 2348 -1631 -2561 14123
-16604 4952 -3920 -2027 -4297 7626
-16912 4264 -2984 -841 -3285 5152
-27532 -3656 -6600 -4478 -4962 9159
-26964 -9780 -6496 -7933 -6616 19747
-9308 2664 -5932 -7082 -10235 21346
-8588 -928 -9476 -833 -1478 8912
1040 -2064 -10260 8915 3719 884
-3056 2552 -9340 7100 6747 -14806
-11412 660 -4308 -20 15695 -24114
-14692 832 2560 2748 14851 -27677
-23372 12308 1564 6298 8129 -24655
-30064 23568 2172 252 7102 -28454
-5984 14764 5552 -5785 -2363 -1592
-10076 11484 8240 4825 -5348 14552
-31208 17884 32767 7388 -21846 20709
-22892 4920 3348 6287 -11570 15098
-19732 3728 -3056 -554 -6870 9908
-16032 3776 -9100 -7082 -3092 8010
-19196 -444 -1212 -6801 -5987 11939
-18868 -2336 -4660 -6740 -11487 18304
-14840 9468 -2840 270 -12856 19185
-8088 -6512 -6856 17672 -4650 12208
-3112 -4848 -12796 15995 -4787 -1786
-5540 -4040 -2984 1084 1176 -22919
-12672 -4760 4700 -4893 2573 -31550
-13520 -5216 9156 2612 11198 -32768
-22360 7776 -5480 22223 7937 -31396
-28072 31756 -10204 9417 3066 -21876
-16480 24748 3656 -14610 -688 3386
-32768 -14036 -32768 32767 19815 1440
-14852 20084 5472 -15961 -25366 9717
-8684 7888 -15408 2595 -610 11990
-16816 4112 -5628 3820 -3070 8280
-16876 5584 -172 -622 -3876 4573
-23088 -1448 -2640 -5688 -2687 6669
-23428 -4032 -5872 -8483 -1027 13681
-25324 3360 -5544 -7772 -7959 23159
-17112 6944 -7768 -10949 -9066 24427
-10552 -4072 -5556 -9545 -9767 13774
-1416 -4652 -6044 9081 1732 -8513
1284 -1612 -7060 14311 14980 -24693
-11720 -1584 -4164 8543 14448 -32768
-14848 -4188 -640 2585 17125 -32768
-29552 14520 2448 13514 13212 -30180
-25864 32767 3400 -5045 -5256 -13311
-15528 32767 -14004 -3008 8209 14340
-32768 8084 27384 -1829 -2286 27741
-4168 8212 -15708 -4391 -3331 13083
-16476 6104 -3740 1694 -2579 4374
-19524 2288 -4868 -1863 -827 757
-19356 -952 -10768 -7190 -626 3519
-23588 -6836 -2060 -10521 -2775 9638
-23032 -4272 -6064 -1755 -11588 19999
-15100 6664 -11964 -114 -12295 23581
-9440 748 -16368 -7332 -2036 18382
748 -7272 -2264 -862 -1951 -1496
1656 -1856 -4460 7099 13027 -19115
-7336 -2052 -2796 3398 12566 -31263
-15432 -600 328 1377 15494 -32768
-32768 11812 1176 9219 15484 -28094
-16452 29532 2204 1460 1309 -6949
-32768 -32768 18132 16507 -13818 32767
-32768 16544 15084 4547 -5574 19665
-8596 3228 -5120 -5336 -4235 11643
-13404 4412 -6000 -897 -2899 3778
-18748 3944 -5608 -3657 -2749 1785
-22608 -756 -7308 -4608 -2821 5684
-28932 -6312 -7040 -12539 -5275 13413
-17008 -1116 -4704 -8835 -11146 20233
-9476 3960 -6508 1414 -9475 16051
-2856 -3536 -9540 14210 -783 8750
-580 -2464 -11512 13743 6660 -10426
-3988 900 -3444 617 13380 -23111
-13664 -1460 6392 -4115 9129 -28799
-19572 280 5548 6951 8266 -32254
-32768 22972 -3956 16634 6594 -23190
-15764 32344 -8724 -8892 -3727 937
-32768 -32768 12 12284 -20747 10837
-19096 -2644 2452 1445 -3487 20963
-13040 6088 -1632 -3207 -2882 9796
-15308 5180 -2812 -1473 -1253 3836
-21752 -332 -6604 -5568 -2962 3822
-25292 -6668 -9196 -8898 -4374 11784
-17984 -4056 -6188 -10474 -11073 18554
-10816 9600 -2888 -7436 -11961 17940
-8456 -3808 -11636 5477 -1239 10060
224 -664 -6800 8740 5645 -6335
-4764 1056 -2048 -990 9887 -18200
-13192 -1276 4304 2708 9330 -24134
-17044 -1532 3048 10137 11275 -26366
-21460 6020 -184 19017 6249 -19744
-23244 21224 -5420 17337 1665 -15650
-8016 16332 2908 7926 -782 6145
-32768 -14192 -32768 32767 32767 -9811
-18584 -11484 3352 -2673 -5453 19096
-8692 9464 -4988 -5551 -157 9693
-17340 5520 -4192 89 -2435 4283
-23272 -3132 -6696 -7063 -2931 5737
-22052 -5552 -7520 -10732 -2686 13284
-18132 -2184 -8432 -8610 -5228 20938
-13724 8076 -5288 -9129 -7455 21370
-7068 -2508 -8148 6171 -1645 7928
4184 -6044 -10568 6245 8694 -6709
-1896 -3972 -3608 7422 12285 -18948
-9052 -572 -5308 6827 11867 -28337
-15880 2356 -1184 -1096 11791 -32768
-30212 2916 6892 4743 6855 -28075
-14176 26616 4476 6503 6367 -10388
32767 32767 -32768 26318 22580 -4884
-23500 -8896 32767 14169 -5089 19024
-10232 17328 -11744 -4671 -5430 13057
-16316 4408 -4540 1060 -1978 2633
-17444 3316 -5980 -4274 -1813 -114
-20592 -764 -9072 -5802 -2528 3563
-28480 -8808 -11680 -10271 -5310 13648
-20860 -3444 -5684 -12432 -9846 22858
-9168 3748 -324 -6150 -5257 18132
124 -4832 -13784 20749 5231 3837
1604 -1276 -10448 10081 14672 -10582
-10080 220 -1092 3755 16375 -22106
-15360 8096 -5764 -11565 13700 -28045
-21612 6816 13028 -18243 8256 -28109
-32036 32767 -23516 -20964 -3036 -23397
-22400 32767 -4028 6017 -1165 6264
-14468 -27808 -11536 27598 -12074 12200
2352 -15268 -308 28416 5849 16205
-9216 -5784 -180 1367 -5751 15635
-24384 6860 -6148 5036 -4948 6850
-11480 -21320 -9600 -4921 -748 5397
-11440 -18896 8976 -4915 -9929 -1059
-22592 32532 -2508 -5431 2238 6992
-12356 -4804 1100 -9352 -5763 15544
-32768 -4760 -6356 -713 -3622 21779
-29972 13192 -15944 -4898 17480 18865
-25496 7372 -16220 -19670 -8015 3905
19476 -23236 5004 1343 -9390 -5994
21132 -15052 1472 24703 17748 -22048
4728 2928 344 16065 20548 -32768
-32768 31644 6220 3200 -1737 -29585
-32768 23752 4608 21459 5718 -9447
-32768 -22608 32767 14324 -11664 21806
-32768 29992 11188 2399 -4407 10774
-17204 2844 -3800 6492 -1598 5917
-19428 -620 -15948 -4822 -2034 3217
-13376 -636 1996 -10684 -1840 3621
-15240 11404 3412 -1732 -661 4518
-8752 10728 -1724 -1451 2003 2635
-18764 3468 -6040 -912 667 466
-14460 5200 -3024 -1904 826 298
-10656 8500 -3104 -872 1034 -1010
-18076 1900 -5296 466 635 -1121
-14524 5412 -3252 -1254 -207 -83
-13860 5612 -3452 -357 -18 -19
-13892 5320 -1884 304 337 -385
-17044 1736 -5760 425 -106 199
-15648 4320 -4296 -707 -2098 957
-13944 5760 -2560 -714 -1826 780
-14112 4896 -2196 358 -587 432
-15360 4744 -3852 638 -1129 407
-15252 4592 -4168 -371 -875 527
-15168 4996 -2468 -890 -831 606
-13308 5596 -1648 150 -912 160
-13240 6412 -1928 637 364 -315
-14972 5260 -2680 1517 293 -586
-15516 4936 -3700 632 -185 -488
-14296 5348 -2240 -163 -2054 -321
-14700 4928 -2616 867 -1731 -1243
-14948 4436 -3464 2217 -443 -846
-16692 3908 -2716 932 -1429 -563
-13628 3876 -2292 464 -1611 49
-15700 4232 -1728 617 57 295
-14116 5340 -1556 350 -591 -38
-14916 4532 -2672 1338 648 -484
-15052 4812 -2084 777 204 -577
-13472 4996 -1764 549 -180 -1256
-14424 4824 -1016 1031 371 -1667
-15168 4152 -1700 2280 -99 -2016
-17304 2280 -2016 -369 423 -1032
-14540 3780 -2376 -291 1459 -1003
-15312 3192 -3212 811 1053 -791
-15592 3340 -2932 360 40 -389
-15200 3840 -2464 317 -264 -318
-15096 3784 -2884 922 187 294
-15160 3784 -2768 623 498 1045
-15196 4076 -2788 -126 396 876
-15164 4112 -2616 -293 267 525
-15096 4284 -2728 -334 -68 123
-15120 4024 -3004 5 -234 147
-15012 4164 -2752 -114 -810 58
-15096 4108 -2740 241 -1109 -26
-14988 4004 -2364 -59 -1517 94
-15532 3560 -2260 -88 -1342 356
-15008 3632 -2244 68 -1142 447
