-14736 4544 -3608 1202 -632 -4
-14756 5032 -3132 1265 -447 -292
-14780 4420 -3404 1164 -399 -227
-14924 4200 -3360 1424 -507 -18
-14968 4720 -2992 1303 -638 -147
-14912 4728 -3284 1224 -489 -284
-14784 4712 -3276 981 -303 -232
-14880 4576 -3492 870 -149 -38
-14960 4884 -3252 596 -38 -83
-14928 4580 -3484 516 97 -18
-14748 4592 -3496 394 32 -82
-14780 4580 -3552 567 -99 142
-15060 4740 -3636 468 -341 -177
-14696 4224 -3088 510 -240 -272
-14944 4364 -3192 646 109 -5
-14872 4596 -3336 352 200 97
-14924 4484 -3248 333 310 282
-14956 4460 -3248 391 306 222
-14816 4432 -3224 355 198 287
-15016 4572 -3388 601 166 184
-14712 4600 -3372 522 348 145
-15164 4540 -3488 444 412 183
-14656 4800 -3500 271 600 293
-14456 4432 -3536 326 391 321
-14940 4564 -3612 350 427 225
-14924 4952 -3672 221 251 257
-14892 4716 -3752 244 122 140
-14796 4592 -3768 252 243 154
-14792 5052 -3604 15 94 102
-14856 4888 -3744 61 213 129
-14772 4792 -3648 83 143 24
-14760 4820 -3584 275 -33 107
-14900 4808 -3532 289 -82 -47
-14732 4812 -3664 345 56 55
-14828 4944 -3520 320 60 2
-14628 4852 -3720 344 161 95
-14780 5064 -3592 260 160 43
-14632 4716 -3708 167 68 82
-14624 4844 -3624 343 89 83
-14800 4820 -3380 482 -20 127
-14904 4844 -3804 586 30 90
-14624 4936 -3752 327 56 123
-14780 4892 -3600 363 -8 63
-14804 4848 -3596 343 121 117
-14740 4872 -3592 320 87 123
-14724 5032 -3812 302 148 156
-14776 4848 -3792 295 127 189
-14928 4800 -3692 333 79 140
-14756 4844 -3712 417 34 165
-14792 4952 -3684 407 84 160
-14788 5040 -4016 333 172 245
-14784 5036 -3744 272 111 204
-14908 5120 -3960 196 190 254
-14632 5116 -3940 182 144 316
-14524 5040 -3784 159 305 422
-14804 4980 -4116 35 362 354
-14600 5020 -3872 209 235 405
-14664 4808 -3732 386 138 356
-14632 4964 -3948 519 218 556
-14256 5348 -3900 105 479 627
-13988 4856 -4868 -119 1271 1575
-12064 5564 -5084 -574 2077 2004
-13848 5364 -984 -202 1769 -245
-18648 4920 -2528 756 1608 1210
-16680 6756 -2124 553 1774 2361
-13280 5660 -1960 1268 1835 2714
-11368 4040 -1372 2310 2263 2792
-13284 4576 -52 3702 1382 526
-14564 3872 92 4402 314 -1622
-14756 5728 -700 3505 617 -2618
-14376 8500 -3964 566 116 -736
-15000 2540 -12180 4906 1409 2863
-13696 9000 -9988 6740 -1891 515
-18452 7532 -8320 4135 2929 -2373
-26956 8080 -9292 5716 11440 -3790
-16060 4440 -10000 4295 5718 -7870
-12196 4024 -7928 -3897 2627 -959
-7676 -1592 -3188 -7008 -2058 4928
2420 -108 -48 -11604 -9329 1547
-3612 4956 -10488 -1551 4901 4777
-24224 14264 -14588 3489 13324 4554
-32460 11668 -14196 -2451 -1908 2244
-25220 9340 -9724 -4312 -13209 460
-10972 8532 -1596 -2111 -470 2472
1276 -1140 204 5801 6872 937
-3488 724 2008 10194 -479 1109
1652 1996 -7944 11594 -7726 190
-18536 14808 -19044 3806 -12406 12852
-18280 3232 -6496 7196 -3537 -2627
-31184 12024 -10948 7080 3435 -7744
-28988 8428 -10404 10390 11232 -12906
-16152 5064 -21120 3123 -3435 -13802
-9756 2244 -11232 -6641 4332 6719
1760 -3872 -972 -7645 -3709 2165
1100 1532 -764 -10526 631 5363
-5728 6224 -5612 -5064 -176 5656
-31276 12604 -7320 -1606 4055 5160
-28504 12352 -7768 -4995 407 -3448
-16676 9400 -4312 -6931 -4536 1928
-2824 4616 664 -1102 2801 1710
-2664 -540 2708 3960 5110 -2971
-2784 -2444 1420 9227 -6712 -6759
-3240 7504 -23392 7465 -165 -3340
-25844 7696 -6480 2019 -15520 8074
-31936 11372 -14572 5450 6856 -6302
-25972 4812 -12516 6304 8564 -2954
-19780 6396 -14208 3480 6386 -9856
-7188 1940 -11048 -3024 2938 1562
-1664 -316 -736 -5318 -668 3421
1916 -2352 1036 -10367 -3664 89
-3476 9072 -14244 -5193 2770 4008
-26084 13676 -2608 -3566 11480 253
-32768 10996 -15712 -6527 -5984 -256
-26648 14188 -5188 -6911 -8028 1018
-13928 3952 -1952 -4825 -310 1137
-4892 2816 404 3737 8430 -415
-3228 3188 696 4322 -2060 -6311
3216 -1668 -7452 3272 -6635 -6961
-10416 12144 -19376 6529 -1204 858
-24080 10808 -8184 -431 -4734 5243
-26188 7848 -11512 1671 5579 -8629
-21420 5784 -14308 2482 11291 -1546
-12504 5212 -9540 -621 1044 -2795
-524 -1152 -532 -4743 -2557 328
2184 -2364 -1380 -9500 -5017 -520
736 2640 -3300 -10226 -3857 -1567
-13144 8772 -9000 -639 8138 -1551
-32768 14256 -13640 -1453 8371 3372
-31540 9320 -7228 -4376 -12816 -635
-21252 8744 -6248 -5374 -4474 4927
-8480 3116 -1208 354 8855 3742
-2340 2308 140 1627 3533 -2670
548 -2392 2136 4531 -3002 -5991
2716 404 -11288 5553 126 -5068
-21064 10776 -1980 2034 -1345 7476
-18156 6356 -8684 3583 617 -7101
-32768 6120 -13240 3300 4171 -3851
-25920 9388 -11904 7211 8478 -7783
-13068 1688 -13924 3559 -3040 -3640
-1608 -1032 -5728 -176 -1454 3146
1708 1404 -460 -6186 994 5143
716 1436 876 -10759 -2809 -1295
-6096 6776 -17800 -1986 8641 1131
-30752 17368 -14864 -1922 14485 1186
-32768 5020 -15044 -7316 -6298 943
-23152 10864 -7416 -8988 -8214 4762
-8068 3640 -384 -5236 278 2875
-312 -244 736 567 8097 -1236
-3200 -924 2248 3457 326 -4025
276 -5304 860 8660 -6530 -3101
-19032 19264 -13656 7550 -11261 8940
-11768 3964 -2264 4292 -12980 -2213
-31288 14296 -11104 1882 4985 -396
-21928 5228 -10856 5486 9656 -3971
-14936 6324 -10968 3343 3079 -6136
-5380 1404 -5980 -3657 -2198 3590
1736 -956 -600 -6756 -5681 1412
5224 256 -3276 -6179 -3503 -900
-5152 4732 -7788 -366 4589 -693
-28616 11748 -15592 6946 16815 -672
-32768 11004 -16320 -2005 -12533 -5174
-32256 4080 -5532 -3281 -8114 2156
-9924 6044 480 1833 4836 6070
-24 -92 -4612 4385 6167 -2125
-3460 3252 716 2518 -3032 -122
636 2936 -14580 2516 -6746 1296
-16248 11912 -6132 -3817 -1667 10546
-18432 9208 -9968 2566 -1891 -1673
-30976 7692 -10184 904 4331 -3403
-27520 8676 -7144 7556 9761 -11393
-20924 2116 -15988 8611 5066 -17380
-8512 5688 -18100 -2572 838 4151
428 1404 -1216 -6598 -2356 6803
1580 -64 -968 -8702 -2112 217
-5188 3720 -8528 -2994 2220 8194
-17264 11808 -12140 -2651 6414 1043
-28308 7280 -11048 -3992 -4986 685
-30804 13940 -10272 -7215 -16048 -3588
-17364 4980 -3380 -3142 -79 3730
-5752 3592 -5332 4986 9219 4075
-2732 4372 856 5406 6322 -1597
-96 -2940 -1060 6607 -4052 -3979
-5080 1020 -6144 12370 -1087 1862
-2192 13784 -22008 5397 1131 1842
-27148 24216 -17964 5497 -6675 4416
-27536 3368 -18320 6112 19272 -11381
-22084 11964 -10596 -5986 16219 242
-13292 -6068 -14812 -3955 -584 -4312
-5060 -5244 -3176 -6915 2512 691
696 -2976 2768 -13379 -8191 2106
-3816 7408 -14244 -2274 -2351 2339
-27488 14736 -17868 -1146 5125 -1957
-20544 9856 -14104 -2954 -4676 -889
-26484 13644 -10792 -1591 -8549 1965
-20236 10712 -7920 -5321 -5830 930
-7448 6536 -2408 -2591 1077 1479
-1028 812 -848 4084 6874 -458
-840 -2376 724 8645 -2280 -4319
-5764 908 -10016 13248 -7509 711
-10844 24744 -14476 -803 -4302 7006
-17740 4900 -10112 -4227 -7424 -864
-24412 10196 -9976 5062 7272 -1647
-24812 9332 -12092 6328 10742 -3790
-18944 6756 -14680 3321 5939 -12480
-9868 1756 -12300 -979 5145 712
-4704 -1684 -6100 -2824 -4065 3293
1324 -1060 1792 -5636 -3037 723
2032 6956 -19068 -2003 3379 4489
-24360 21452 -9644 499 10491 -542
-18576 5032 -14836 -3882 -2556 2354
-26320 13808 -9340 -2132 -2207 7649
-17232 8704 -2200 -2138 -6383 27
-11220 9020 -4252 114 198 3825
-7960 6232 -24 1665 4718 4220
-3796 -2696 1540 7514 5014 957
-1424 -1340 -1832 11181 -8472 -369
-19832 21588 -26084 4170 -11974 5940
-12312 9168 -10288 1885 -377 -2705
-16836 9892 -16248 3348 6657 861
-18692 9628 -12156 4395 6273 -1302
-18512 6140 -10872 5401 1719 1624
-13908 5696 -12320 6470 2378 481
-7224 9312 -10536 -1645 4795 2727
-4736 -1124 -11456 -9978 4196 2168
584 2748 3140 -13406 3519 1218
-14456 4652 -16524 -3108 -14627 -560
-17232 11556 -14248 -1210 5173 -4582
-19396 19076 -12396 -4705 -7933 -3550
-25692 11916 -8932 -5101 -10172 -10011
-16676 7496 -5556 -1936 -1885 -2462
-10036 5168 -276 1808 1843 3745
-1860 476 -480 7071 6607 -485
-2480 216 -2900 11968 -7553 -5306
-4516 11180 -18224 7821 -11800 2782
-13968 12180 -10064 -1138 -6385 3900
-22220 8816 -11288 1430 4549 -3350
-21320 5428 -10756 3468 7833 -3291
-17052 7512 -10052 4361 8435 -4630
-13592 4072 -9564 358 4789 -3263
-8768 -636 -8208 -3105 -1032 1614
-3740 432 -196 -9747 -5381 2606
6740 -8 -4780 -10397 -13806 -3247
-8824 3116 -5600 6215 6330 -1843
-32768 12724 -17412 2745 4580 3783
-29420 16036 -9856 -890 -3552 695
-25560 9344 -7548 -6183 -5904 -467
-11092 2872 -2360 3787 9606 5039
-7192 1936 -5992 10863 7417 3045
-2868 4232 3080 11825 5361 -3087
3988 -636 -1320 10334 -4982 -3634
-7208 7972 -18196 10269 -1455 4205
-20456 10308 -11152 2843 -8191 5851
-22372 9328 -17256 2107 1054 -4754
-30472 6732 -15892 5068 -941 -6409
-23964 8572 -17120 4199 11723 -14384
-10460 1948 -11844 -5375 -770 -4231
-1664 -6288 -5060 -7922 -1945 4940
1712 -32 1616 -9887 -4244 4118
832 2536 -2092 -10874 -7369 1718
-14480 -136 -2216 -1903 2735 -715
-18720 8320 -9848 -3097 4585 4031
-24308 5736 -9092 -3997 -2856 -928
-27564 8724 -8360 -2570 -3182 2909
-22124 8104 -4316 -5228 -189 3270
-7648 248 -720 -5610 -593 2305
604 -456 2592 2769 2514 -4962
956 116 -8340 7691 -3214 -2638
-10772 1536 -11296 5410 -5920 2429
-2752 16680 -18436 2032 -2128 2189
-27228 8440 -7032 4769 408 1528
-28732 4176 -14668 14159 10349 -9324
-20576 13372 -10896 -1817 5147 -1719
-11008 -932 -9296 -8651 -8214 -1057
-1172 -5496 -896 -9726 -1297 -1361
1224 7532 -15912 -7210 -3756 3240
-16696 12248 -10168 -867 7040 -183
-25892 10612 -14752 -688 5554 4117
-26880 14252 -10140 -3777 -4516 2248
-24220 12684 -6892 -6896 -4921 1559
-11308 1276 -4268 -1356 185 44
468 4016 -340 2746 6370 -1158
-608 292 456 3798 -2833 -3295
2168 -6300 -2796 10133 -8833 -4777
-13660 20764 -32768 8040 -9994 6421
-9768 11768 -6356 2279 -9562 954
-30440 13944 -12180 4660 7185 -3115
-24612 4732 -8004 9816 7440 -4203
-18844 7080 -13948 10656 5588 -13796
-14624 4560 -9952 269 4339 1358
-2056 -3376 -4840 -4558 -453 5980
-2708 672 -2908 -8981 -4131 3002
4396 2192 -4984 -9398 -11658 613
-8968 4612 -5808 1829 -1023 3173
-28360 12996 -10036 -4213 6870 3318
-29056 7256 -7244 -9190 -6874 1581
-27760 11068 -1364 -8652 -11685 -6138
-16396 4924 -2640 2317 7127 1037
-5044 7836 2212 2564 9486 4029
-712 -856 -896 5638 10788 -1345
2136 -944 -3488 10847 -11579 -2215
-14644 8800 -17480 8752 -9645 5786
-17140 12496 -8004 4696 -5534 3226
-30764 9320 -12484 5703 5416 -4910
-23652 4204 -10860 6341 9519 -7060
-18144 8476 -13344 2890 6640 -7852
-7632 1088 -11648 -4944 -192 1777
-536 896 1096 -8006 212 4628
348 -2672 868 -9608 -1579 2337
300 3888 -16908 -4814 -4601 2210
-20540 13920 -9104 3407 5678 -1063
-31332 14896 -16012 -6117 -7367 3359
-29500 10872 -7796 -4334 -6420 2623
-20496 7104 -5148 -2577 -257 -2081
-6640 7692 -912 2116 7998 2968
-1896 2432 2252 4418 7107 -1760
-1796 -4932 3544 11257 -7677 -3020
4932 3140 -24160 8834 -5082 -758
-22052 6624 -15488 -2725 -11013 4450
-23740 13128 -9288 4530 -4995 -1636
-30268 6380 -10764 3389 1372 -595
-22384 9308 -7064 4593 10805 -5565
-16056 4520 -10676 2589 6172 -6680
-10232 1420 -6768 -528 1708 -1654
-4192 396 -4912 -6201 -6646 1347
3668 1648 -1716 -12879 -13688 471
8004 -2916 -8036 -8373 -10510 -1492
-8652 15744 -14092 6142 2354 705
-32768 14336 -11820 1598 9169 6096
-26156 12024 -2068 -5650 -6911 963
-12476 5724 736 -3711 692 2900
-3088 6876 -760 4884 10258 -1993
-5632 -1532 1004 9770 -8839 -7574
-4932 -6196 2952 14287 -6970 -8122
-19344 17292 -31088 12686 588 10063
-14444 13280 -12128 645 -10070 9404
-17240 7876 -5388 -3084 4868 -6685
-18472 -8112 -7680 1544 8045 -3018
-11580 3700 -4312 5258 4106 109
-15220 7544 -8380 4961 -1266 -2482
-14520 4644 -6136 547 -832 -2310
-13728 688 -4728 1829 -1127 -1624
-14212 2480 -2612 -1265 -3948 -1511
-15876 5168 -10760 1089 -7858 395
-19096 5764 -6100 1275 -307 -3172
-11684 6300 -4660 -1573 -2930 -338
-13036 2416 -6000 -1142 -2739 -2496
-13220 4492 -5780 -289 688 -702
-15152 3860 -6104 829 417 -369
-14332 4720 -5436 1106 756 433
-15484 4496 -5408 524 1258 189
-14292 3312 -5352 517 598 377
-14156 3384 -4888 848 729 85
-14620 3412 -4796 1128 596 340
-14648 3616 -4660 1241 151 410
-15276 3624 -4524 1112 30 400
-16324 4068 -4888 608 243 524
-15776 5024 -4644 -913 21 13
-15072 3216 -5056 -927 -441 -137
-14432 3336 -4644 -238 -48 23
-14472 3276 -4948 536 -420 269
-14940 3872 -4648 924 -109 505
-14852 3980 -4588 918 -262 191
-14640 3988 -4868 1201 -644 220
-14512 4196 -4920 1046 -133 64
-15076 4760 -4712 247 180 2
-15084 4720 -4444 -731 -113 -107
-14988 3816 -4424 -836 -353 -207
-15368 3228 -4708 -57 -427 184
-14420 3772 -4328 444 -206 86
-14616 3404 -4724 611 246 101
-15156 3660 -4696 984 514 292
-15248 3688 -4512 1294 382 215
-15344 3640 -4224 1121 105 -20
-14852 3580 -4024 1127 89 104
-14252 3696 -3964 1620 1120 240
-15736 5604 -4536 934 1308 343
-14152 5440 -5032 -756 962 -169
-14648 4056 -4740 -1542 567 -139
-15464 3640 -5064 -1430 -31 -304
-14780 3088 -4896 -682 -431 -309
-14732 2804 -5264 229 -417 -562
-14868 2704 -5092 1710 -788 -1
-14892 3568 -4532 2171 -832 -19
-15276 3564 -4900 2243 -440 476
-14900 4112 -4484 2105 -628 217
-14808 3804 -4460 2015 -335 291
-14888 4500 -4800 1664 -101 189
-14896 4440 -4784 803 -107 111
-14904 4316 -4660 238 -141 -54
-14676 4064 -5068 -37 287 -25
-14480 4092 -4480 -480 383 276
-15192 3556 -4220 -237 328 86
-15356 4168 -5024 193 -334 -286
-14744 3976 -4856 445 -774 -275
-14756 3964 -4412 558 -633 -259
-14916 4264 -4832 436 -206 -161
-14752 4136 -4896 84 -198 -145
