4505824 4521986 -1216542160 5 14021380 14247242
5900 8336 -16732 299 90 190
5936 8284 -16888 488 99 115
5980 8088 -16788 661 137 161
5980 8108 -16868 470 141 180
6044 8364 -16756 498 109 176
6060 8128 -16892 471 123 155
6004 8076 -17148 544 114 127
6020 8120 -17052 521 134 233
6092 8224 -17032 552 43 216
6044 8148 -16828 473 65 200
5976 8124 -16936 280 19 154
6100 8124 -17028 232 -5 245
6032 8160 -16684 152 -66 152
6032 8140 -16896 136 -23 155
6064 8040 -16836 83 -50 187
6028 8056 -16944 39 -12 158
6040 8144 -16692 131 -5 188
6152 8140 -17084 170 10 120
6152 8068 -16984 290 27 92
6088 8088 -16920 329 -6 86
6168 8148 -16852 267 -6 -15
6292 8128 -16972 219 106 -78
6136 7980 -16804 228 12 -159
6216 8392 -16860 651 36 -227
6168 8368 -17000 118 50 -359
5916 7748 -17116 147 -57 -406
5464 8228 -16964 612 -259 -65
4676 8964 -17008 921 -938 173
4816 8232 -16812 1689 -254 252
7084 9756 -17200 1908 1402 60
6492 9616 -18496 -892 3240 1890
8636 8800 -16264 -1306 5364 3398
6668 8356 -15852 -3959 5983 3751
5960 8264 -15256 -5764 4988 2498
6584 8916 -14196 -3351 2771 2660
7052 9412 -14368 -3647 812 2791
8916 9496 -13480 -2472 -320 2935
7232 10492 -13612 -3145 -1223 3471
8528 10484 -14348 -562 -266 5408
8232 8356 -14892 -2794 118 4985
9148 6628 -15132 -3918 -628 1186
9868 5660 -14696 -2734 -1575 -97
7804 5884 -12904 -3035 -6158 -2985
19360 10152 -25864 -1969 797 -1277
9360 7088 -9744 2331 4196 3906
7484 8780 -15624 -452 1730 -845
9952 10168 -14492 1272 754 -578
9624 7708 -13732 495 -714 1398
11284 10276 -13804 1278 -262 -270
9456 9864 -13536 429 213 1891
9820 10000 -14468 448 202 859
9168 10944 -14256 553 -1359 -524
8356 9412 -13860 1834 -2909 -1889
8124 10424 -15828 2222 -3829 -3397
5724 9904 -16328 1274 -5554 -6589
4700 9192 -15848 2915 -8497 -7730
4972 9376 -15752 1653 -9181 -6553
6896 8084 -16064 1663 -5549 -3228
6072 8584 -16084 85 -1198 -1442
6664 9364 -15700 906 2678 -1282
6696 10312 -15564 -946 6696 -884
5420 8196 -15144 -1232 8919 339
7660 10724 -15256 -1982 8746 794
8136 9944 -14268 1115 7567 532
6592 8080 -14348 -801 4688 897
8212 8708 -14488 1247 1539 211
7016 9140 -16192 2060 -366 1497
7512 9220 -14732 221 771 301
-404 5704 -15400 2222 -7117 -1878
9820 11468 -17348 -3165 -4754 -3185
7056 9320 -17544 4810 -3432 -2261
5364 8348 -17272 830 -987 -2609
4044 7640 -17868 853 -1598 -1246
5104 11804 -15828 854 -1597 -1947
4660 8756 -16508 67 -1289 -1264
4728 10240 -16448 1540 -2134 -1790
6164 11168 -17156 612 -1469 -310
5696 10272 -16848 1512 -119 853
5324 10188 -16260 2586 617 726
5568 10068 -16596 1289 1204 1086
6876 9112 -18728 46 3312 2377
6956 8628 -17452 364 5714 3528
7380 7196 -16932 681 7173 4592
5892 5992 -16336 1133 6114 4540
6640 7616 -15640 1562 2787 4428
7532 8100 -14900 -7 1059 3530
6976 12028 -13016 -11629 2886 3433
7596 7044 -14776 -9679 -1174 2391
6424 9176 -14924 -14509 -3057 859
5736 8080 -14416 -8391 -5525 3053
8516 10164 -15080 -2739 -3599 3695
9640 10152 -13804 1085 -1471 3470
6100 8900 -14596 -216 -2111 1288
6572 9480 -12760 -461 -4483 -1510
12912 13380 -21468 -5286 -3047 -393
10592 9872 -16384 6989 7504 4205
7348 8796 -15028 -381 849 1178
8872 10392 -15400 1738 2826 89
7892 9400 -13624 -1162 1889 371
9632 10312 -14464 618 355 -409
8464 10216 -13220 -526 -1386 84
8808 10956 -13340 -26 -1908 188
9120 11680 -12624 -477 -1512 605
8820 11428 -12908 53 -1602 80
9844 10544 -12956 2800 -1599 -140
7824 10248 -13612 5136 -1066 -1766
7440 10248 -15960 6996 -2332 -4624
5680 11472 -16580 5524 -2200 -4117
5876 10660 -14440 681 -2540 -4098
4308 8588 -16956 2152 -5017 -5268
4328 9772 -17120 1867 -7260 -5954
3188 9296 -18572 2064 -8151 -7108
6872 7076 -15396 1684 -2622 -5989
5612 7004 -15004 528 4174 -2670
5256 14952 -14876 -2489 9074 -1253
5492 5356 -15664 -5745 11981 -1106
6648 10512 -15016 -235 10164 -2281
7148 11868 -14808 47 8037 -3689
4176 7792 -14124 -461 3344 -2790
7424 9684 -16584 -276 867 -513
5488 10064 -15696 -2534 1361 1903
5144 8000 -16836 15 -100 191
2240 11844 -20224 -802 -4508 2046
7832 12060 -16728 5078 -5430 -4164
4776 7568 -15936 1173 -1843 -149
4316 11832 -16284 1055 -2267 -327
4616 11040 -15596 -1623 -314 -362
3416 11192 -15196 2235 -1608 -1062
3928 10932 -15760 -584 -2002 -1331
4588 11324 -16872 907 -2483 -1432
4172 9872 -15856 359 -1349 -1129
4296 11656 -15264 3774 610 -598
3740 13616 -15188 2330 695 350
3876 12144 -15464 5893 299 1486
4172 11716 -15276 2402 -535 3266
4804 10408 -16664 -668 -261 3274
5228 8432 -17632 -2568 615 2248
5812 8384 -16984 1977 3265 2814
6756 9944 -17004 -3595 5534 4904
4324 5192 -16420 453 5310 4160
4460 8540 -14508 3322 1976 2626
5660 8800 -15252 -2524 1062 1041
6016 12480 -13568 2483 448 220
6192 10012 -14656 -14499 585 3511
7036 10372 -13812 -11506 -1769 5391
6440 8872 -14428 -8312 -923 3185
6344 10724 -13632 -5015 -2777 825
5348 9980 -13640 -1045 -2681 1316
6176 9848 -11216 2659 -2366 952
4480 9556 -11384 4623 -2622 -1280
14304 17116 -21024 3237 6510 3177
6176 6704 -12788 1197 2488 4701
10432 11904 -18804 4697 4224 3107
7220 8476 -13844 -160 2875 1771
11412 7880 -13828 2245 2967 1691
9704 9824 -14272 1399 2147 741
9704 9032 -13948 2332 1658 1047
10068 10056 -12724 2409 543 -1037
11352 10796 -13232 -420 -432 -1003
8692 10768 -12276 1491 -2320 -1535
8320 10036 -13444 2552 -3400 -808
8608 10180 -15100 4346 -4166 -1664
6788 9724 -16028 5125 -5294 -3002
6200 10740 -14484 2740 -5176 -4750
5592 8896 -16408 954 -5781 -6392
6504 8064 -15780 2132 -5042 -4128
5892 9988 -15224 646 -1067 -2918
5708 7304 -16032 -2574 1855 -1681
5728 8788 -16472 2685 2446 -1554
7752 11364 -15456 -2664 8508 -2995
6972 5552 -16704 -3793 9785 -524
8748 12284 -14600 3481 10315 -2115
6892 6752 -14928 2537 7777 -1531
8268 11436 -12776 -134 5523 -1113
8860 7696 -12896 1518 4554 505
7772 9260 -12180 1848 2905 2509
5788 9684 -21596 -493 -4736 6412
12452 16420 -17772 10059 -12580 -6771
9924 1864 -15468 4631 -9303 -3631
6940 7460 -18352 -3208 -6589 -2518
5104 7568 -17744 1806 -4450 -2306
4688 9180 -18128 1917 -3880 -1145
4600 8712 -18068 -743 -2453 -825
4764 8556 -17384 762 -1664 -536
4648 9688 -16608 -464 -1051 -424
4364 10832 -16240 912 -1485 -713
4648 11368 -16592 1742 -1493 -144
4132 11868 -16088 2084 -1927 808
3576 11376 -16696 829 -1687 1439
3848 9396 -17392 -608 -1083 1561
3712 8236 -17940 -204 771 1802
5232 12740 -18988 1689 1792 1705
6084 7824 -17968 -4988 7700 4301
7776 5672 -16424 -801 10017 4643
5144 7480 -16004 4354 8091 5067
5376 6680 -14732 3051 5437 2863
6808 7284 -14720 -308 3946 3143
6800 12620 -14228 -8181 2989 1679
7480 12752 -12736 -13701 1886 2568
6852 10660 -13504 -13045 -3048 1303
7064 9268 -12572 -10003 -5374 -1039
8008 13020 -12608 -6457 -4316 -1292
5988 9780 -14136 -3833 -655 1179
7460 10056 -12992 -521 410 1864
7264 9840 -13224 542 -1205 320
8136 9584 -14208 1793 -2914 -1307
15368 14384 -19404 1676 3583 3360
8096 7736 -11112 -367 1540 4928
10812 11536 -14956 2690 1832 581
5316 11012 -12532 -1734 -440 472
9680 10680 -12644 241 -2130 659
9216 10876 -12888 -235 -1545 493
8404 12244 -12240 -26 -981 1329
7564 11476 -11764 -283 -891 1915
9528 11008 -13008 3204 -872 1737
9696 11240 -12828 1515 -284 205
8864 12724 -12148 2295 -1022 750
8580 10756 -12832 2526 -2787 -292
9116 11104 -13732 4270 -3491 -2475
5936 11972 -13740 5733 -5394 -5374
5740 12700 -12924 6044 -5519 -4088
6488 10096 -15108 1674 -3868 -2422
5752 8072 -17692 3446 -3200 -3101
5048 9252 -16528 1708 -2019 -3485
5756 7784 -16504 1114 -939 -3794
5236 8712 -15248 661 113 -2567
5016 10736 -15084 1987 783 -2118
7172 9420 -14804 -60 4254 -2030
6120 8976 -14928 697 5332 -2655
5164 9428 -14348 830 4301 -2525
5240 11420 -17284 -1739 2950 -1513
6112 9488 -16420 -3441 5569 -2371
1796 5768 -17416 -395 2034 -2638
4060 9252 -16952 -2636 574 -586
3176 10720 -19392 441 -1544 36
5064 8008 -18452 4653 -5654 -2792
5680 9032 -16712 98 -2300 -425
5256 10560 -16324 1574 -1555 -560
5348 10600 -16460 5 108 -691
4184 10228 -16028 1451 87 -904
3996 10576 -15720 2060 -382 -1156
4020 10172 -16068 2254 -944 -2083
5444 12756 -17420 5355 671 -563
5252 11824 -16904 4048 2483 1344
3932 11712 -15444 3766 2293 2916
3868 9072 -15476 2653 471 2318
5580 8436 -16684 2387 142 1772
5716 7980 -17540 -763 1629 2113
6276 9836 -16660 1033 1583 1101
6508 8996 -17292 797 2440 2237
8008 10920 -16632 -5589 3572 3884
6292 4980 -16536 -5834 3669 4338
5664 6104 -14960 286 2484 2729
6552 8440 -15868 -129 2004 2875
6680 7072 -15536 -2284 964 4135
5900 8764 -16476 -670 -589 4377
7488 10540 -13848 -9455 1638 3685
6800 9320 -14640 -5611 -882 2640
5368 10556 -13092 -8031 -1964 1541
7996 10688 -13884 -7196 -4534 1272
9460 9208 -15000 -2710 -1842 3843
8004 9136 -14456 -1995 830 1658
6696 8816 -14184 -1840 -549 142
6956 8228 -13592 -1117 -3528 -1309
15372 9688 -21660 1458 2973 -80
8144 8948 -13600 5260 4711 5365
8400 11380 -15272 2440 3678 1471
8528 10640 -13268 -358 1759 2015
9812 9980 -13104 463 -62 2102
10928 9112 -14756 198 -220 1072
9064 9488 -13592 493 670 997
9116 9660 -13296 821 1475 610
10120 9344 -13920 3013 1558 -23
11004 10832 -13140 1309 759 544
10088 10852 -12404 2144 -547 -1130
9920 10652 -12384 2299 -3061 -336
8756 9300 -14196 5324 -5222 -1323
8200 10148 -16800 3056 -4839 -4012
6648 9444 -15704 1679 -6398 -6884
5916 8184 -15456 860 -6722 -6507
5520 10220 -15540 1855 -7897 -3948
6032 7340 -16832 103 -6276 -2003
7896 8376 -15716 2456 -2548 -2185
6392 8808 -15496 3526 3267 -1712
6648 11112 -14680 -5394 9642 -846
5768 7380 -15332 3034 7767 -1604
6548 9192 -14884 -2504 6877 -2131
7020 9808 -15392 2196 3289 -2379
7476 10096 -14560 -4166 751 -1817
4788 7592 -15120 2292 -3419 -975
6120 8144 -16768 -2012 -2379 783
4048 7184 -17604 -1669 -1170 -1030
1856 10428 -21016 2811 -4025 -664
6952 9252 -19872 -1993 -3177 -2314
4280 11508 -16844 997 -1790 -1512
5644 10040 -16560 4775 -92 -3205
3764 8964 -16376 3571 -234 -1511
2764 10608 -15968 383 -743 -1457
4488 10492 -16476 2589 -1876 -1532
4040 10672 -17572 2749 -1437 -468
4288 11416 -16780 3040 138 1044
3160 10024 -15008 2840 669 1740
3312 8032 -16512 4539 -3082 3690
4224 11160 -17044 -318 -4621 2493
5356 8856 -19332 -1261 -1407 2782
5988 9468 -19560 -1183 2142 3016
5816 8936 -18632 -1516 5085 5448
5908 8908 -17192 -637 6928 6085
4184 5580 -15992 202 6934 5378
5428 6408 -16244 663 4901 3871
5320 9328 -15156 -2382 3777 2285
5516 7536 -16072 -4922 3474 2612
6152 11604 -14724 -8347 2850 1853
7680 10892 -13876 -6705 -501 4776
6884 10452 -12288 -9370 638 4212
8416 8700 -12180 -4404 -2452 4457
8100 8908 -13264 -4148 -1403 2592
7784 8168 -13624 -2071 -3900 -1293
6304 8140 -13236 -1151 -5213 -1975
13772 8592 -23384 -1105 -2458 -2059
11004 9964 -19736 12152 9413 7405
5992 9212 -15696 5402 4290 1718
7988 10700 -14648 3905 2297 -162
10500 6940 -15152 1883 1395 1026
10860 8248 -15488 939 1116 -1306
9884 9316 -13700 -197 338 -1355
9508 10532 -13352 -3787 -1700 126
9084 10592 -13560 -1757 -3361 -952
9620 10768 -12216 -886 -3490 -188
8376 11252 -12784 544 -2452 -941
7948 10672 -14476 1746 -2082 -1958
7804 9940 -15236 4224 -2483 -3010
8112 10824 -17292 8728 -1329 -9866
6264 8944 -14976 1584 1342 -11746
5036 12372 -13496 4262 -1431 -4740
3200 9772 -15772 327 -4740 -3714
5224 7432 -15860 -1779 -4961 -1511
5992 8300 -15788 4343 -4370 -1644
6796 10152 -15660 3662 -1367 -1505
6416 8976 -14988 -1841 2339 -1004
5412 8068 -14828 2643 3977 -830
4336 7640 -16328 2513 4084 -947
6112 12780 -19412 2917 4031 -1503
4848 4244 -17240 -3528 6429 -1218
4760 9192 -17328 -476 5396 -1512
5192 7720 -17296 -1903 4843 -465
4852 9044 -16520 -809 2732 724
5268 9016 -18800 -475 -1958 1832
4692 8960 -16416 4695 -6990 -2558
8964 7472 -17864 -1243 -3130 362
6480 9920 -16032 1030 -1719 67
5472 10144 -16760 -690 -621 -1007
5464 9568 -15948 1569 -968 -756
3156 10812 -16112 -129 -2054 -1548
5028 10712 -16360 2641 -3035 -2280
5404 12004 -17408 4143 -1519 -2090
5628 13980 -16188 5678 645 634
3268 11872 -16036 -227 1319 2880
5324 8068 -16484 -231 -402 2554
6748 9484 -17060 1312 1239 3128
6548 8184 -16592 343 3094 2485
6304 8140 -16840 -1140 3969 3527
6148 6176 -16112 -2468 4099 5193
6968 7896 -16568 -1871 2690 5032
3672 6828 -14704 53 380 4344
4100 10716 -14268 -8861 357 1099
6068 8536 -15412 -8157 -833 -230
7740 13376 -14916 -6096 -638 3228
6516 9532 -15048 -9819 1049 5016
6572 10156 -12812 -5164 457 1319
7400 11252 -12960 -4183 499 709
6600 9944 -12200 -2181 -829 942
7868 9112 -13012 -1018 -3861 -889
7016 9176 -12952 -201 -4969 -212
12748 10076 -21464 -1561 -4696 27
9972 9612 -16592 8568 6827 6956
7016 9812 -15612 2859 1998 3397
6100 11812 -14168 1950 1287 2524
9260 8436 -14264 2057 -599 2348
9044 11036 -14332 1569 -345 600
9500 10924 -13780 604 414 611
9280 11256 -13268 1806 1669 -193
9276 11032 -13108 1967 99 555
8796 9476 -13464 2521 -1410 -568
8688 10568 -15212 1758 -2727 -1389
7544 10840 -14024 911 -4752 -4049
7156 10880 -14444 2726 -4453 -4980
5684 8436 -16824 2738 -5074 -3854
5232 10428 -16472 1192 -5681 -3578
2928 9264 -16860 313 -6274 -5275
3756 6764 -16256 2711 -5935 -5523
7300 12480 -15272 3291 -1779 -3148
6488 10168 -14624 -2138 4365 -1003
5284 9876 -14664 -426 7940 -700
6044 9984 -14596 3244 8197 -990
5584 13820 -15080 -1181 6799 -856
5104 8288 -14580 2080 3658 -1319
6412 9684 -14460 2142 667 -1401
6160 7300 -14740 5372 -1039 -1723
6028 11308 -18344 -310 -389 -745
5052 5556 -16880 -1884 1262 -572
3308 8920 -17176 -518 384 -663
4160 10240 -24128 -1725 -1847 1956
4060 9344 -19060 5444 -6210 -4245
6416 8300 -17412 -1391 -2243 -875
5192 7632 -16756 1748 -2495 -1279
3520 11828 -17184 1628 -1438 -2278
3012 10372 -16936 3890 -2491 -1091
5840 12372 -17916 4943 -1399 189
4748 13304 -16604 5419 1978 3491
3300 9308 -15836 1114 2844 3123
5396 7824 -16776 2086 1365 1638
6256 5480 -18736 -1686 3458 1604
6196 9224 -16684 -881 3379 2764
6336 7724 -18512 -3631 4006 2826
7192 5520 -17460 -1273 4378 4124
5512 7272 -15640 -114 4698 4651
4880 7364 -14708 -2720 2810 2982
5880 10184 -14160 -2797 2068 306
6744 9300 -14044 -9409 763 201
6892 12716 -14412 -9013 -1165 2349
6196 11900 -14124 -9946 -3630 1809
4668 7976 -11692 -8671 -7024 187
9748 13176 -13832 -6145 -6328 -198
8420 11520 -13972 -2794 -2600 1414
4028 9956 -12108 777 -1794 1194
6656 9692 -13460 2327 -2834 158
12012 12464 -22000 -1286 758 2307
5992 11676 -15604 4662 8223 7418
7884 10124 -16956 3139 2672 3945
5820 11108 -13604 1553 466 558
9584 10148 -14136 1744 -1277 3258
8696 9992 -13688 254 -776 370
7992 10952 -13768 1774 -1041 410
8472 11140 -13388 1622 -783 420
9304 10660 -14024 2547 168 993
7908 10896 -14216 3551 -158 864
7272 10624 -14788 2182 -2223 -1230
7832 10060 -14536 1053 -3588 -3154
7616 9700 -14648 2856 -3909 -3256
6368 9972 -15968 2560 -4066 -5249
5348 8676 -15828 1740 -3828 -5060
4264 9340 -15724 210 -3610 -4802
4728 9324 -16484 3279 -3040 -3323
5080 9052 -15148 -262 405 -2027
6812 10224 -14668 1719 3546 -1252
5524 9928 -16432 -3530 6799 317
5540 13020 -15128 1070 6168 -2280
6164 9292 -14928 1439 5611 -2499
5632 9924 -14012 1668 3250 -2233
6828 9184 -14292 2128 1217 -2477
6068 8744 -15328 3227 -1950 -2202
5440 10188 -18964 -987 -1294 -821
5948 7868 -18692 -3304 1234 -1045
3108 8220 -16944 154 1066 -2072
3484 8780 -20104 1758 -599 -1527
368 6756 -18280 3837 -6693 -5200
6664 10204 -19712 -3632 -1004 -615
4780 9060 -17664 2176 -1433 -86
4536 10152 -17008 -1289 1193 -31
5080 11120 -17236 2495 1641 1031
4064 10752 -15464 1907 1132 885
5580 10408 -16052 3420 400 1403
4772 9772 -16164 2319 -628 1831
5348 9856 -17144 2388 -993 2111
5524 8980 -17016 1523 12 969
5948 8748 -18840 2123 2652 550
6524 9092 -17332 552 4917 1079
5800 9200 -15884 -444 5822 1449
6540 8276 -15748 -2940 3942 4356
7212 5664 -15416 -963 2290 4434
6276 7448 -15400 -961 426 4827
6868 6452 -15564 -3497 -1153 3256
6712 10976 -14732 -4271 -767 3008
6092 13372 -16612 -10472 335 3837
7428 8204 -15532 -10056 1508 5681
6368 9600 -11872 -9111 967 3701
6828 9036 -14404 -5975 -1744 2046
6512 10616 -13072 -1888 -809 2184
10240 11100 -13708 659 -392 1336
7460 9096 -13244 560 746 524
7216 9596 -13024 18 -1543 -899
9144 9508 -14584 -57 -3382 -628
9008 10288 -14420 -826 -4506 -874
13764 9728 -17656 7443 5941 5572
7504 8472 -12140 1583 963 3747
9268 10872 -16544 1271 4033 1918
9584 7332 -13600 1090 2038 468
9948 11320 -14768 4567 1846 445
9456 8836 -12904 1301 2272 1498
10408 10008 -14784 985 811 1097
9908 10732 -13248 2912 -1411 -552
8796 10536 -13692 1880 -4752 -412
9184 8908 -14820 1407 -7348 -1937
7936 10440 -15792 1056 -7718 -3569
8968 9016 -15036 557 -5505 -4910
6072 8996 -16036 134 -4652 -4865
5256 9804 -15592 2882 -4616 -4125
4048 8348 -16548 -502 -4596 -3876
4960 6692 -15768 2490 -4069 -1975
5596 9456 -15576 2125 -1108 -512
7324 10320 -14996 -833 3956 -1190
7004 8792 -15148 -1646 9036 -59
5588 8316 -14988 -1155 9894 529
7520 11184 -15456 3961 7760 -1116
5788 8296 -14400 2937 5373 -827
7620 7416 -14732 1134 2329 -977
7408 7280 -15020 5014 -41 -1209
8252 11812 -19296 -1480 41 -1136
6444 6348 -16928 -2967 1958 -1108
5108 6960 -16868 -426 641 -402
6472 10216 -23836 -1458 -2346 2010
7912 7908 -17772 8025 -7856 -5539
7876 7008 -16996 4549 -4352 -1090
8932 8424 -19336 3277 -2357 -1550
4972 6984 -18256 4400 -124 -3246
6980 9428 -17200 -722 521 -2587
5044 8952 -16384 2602 -161 -1082
5024 10796 -17516 1333 -569 572
5824 10136 -17544 1689 -175 921
6480 9920 -17636 2028 397 1724
5664 8476 -17068 1675 -127 1972
5856 8540 -16968 255 -909 1521
6448 7492 -17904 -1454 -168 794
7048 8028 -17292 -1162 1426 1530
5780 8188 -16948 -1265 2071 1199
7104 7272 -17832 -1462 2810 2276
6364 5908 -16608 -2737 3696 2828
7424 8228 -15052 1318 2033 1214
4704 9652 -14276 -3353 579 2352
3132 10348 -14840 -14557 -812 2046
6568 8508 -15148 -9754 -4454 2574
9084 10344 -15136 -6798 -4024 3996
7048 10104 -13532 -6102 -2643 4174
5896 10764 -13940 -4244 -2537 2475
5316 11460 -13244 -1509 -2339 2046
6696 10568 -13172 603 -910 2128
5784 9184 -14416 1168 -12 637
5884 8748 -13140 648 -2576 -1568
5564 8320 -12568 1415 -7786 -3418
12360 9188 -22628 10687 9521 6526
6268 10808 -15424 -2585 3404 2714
4380 9744 -17608 3103 5592 -1105
7632 8056 -14644 1460 1822 2562
7804 10252 -15668 936 1950 -891
7648 9504 -14616 2096 876 -871
8200 10176 -14168 1034 467 -195
8836 10284 -14484 1094 17 -35
7600 10316 -15020 1365 256 -1439
7660 9544 -14948 2447 -73 -2695
7476 11512 -14080 2392 -1186 -3452
7292 9676 -15804 3261 -2148 -6860
6052 10920 -15844 4196 -4191 -7585
5072 10952 -15372 2428 -4338 -8008
6076 8920 -15332 2957 -3430 -7630
6636 9500 -14956 2699 -843 -6442
7208 7016 -15296 1849 4135 -4998
8136 10952 -15976 4130 8109 -5602
6612 7924 -16264 6645 10603 -7186
5936 5936 -15688 9270 10911 -8353
7440 10780 -19660 763 15301 -7370
3688 6128 -18136 793 14500 -7588
5632 8948 -16460 -323 13398 -4859
5680 8020 -16260 2139 11001 -3245
4852 7788 -16192 1891 7181 -332
8652 9724 -15224 -1364 5065 732
5664 6704 -14032 2616 741 3179
4464 4952 -10724 -1721 -4600 3343
11736 10288 -19456 -167 -3142 -309
9504 8228 -16112 814 -1055 -820
9396 6892 -15236 -627 -2531 -2130
8820 9620 -15732 1224 -2751 -2286
8676 7264 -15808 -1767 -2419 -2732
7224 10192 -16536 3308 -2402 -3606
6076 8764 -16056 417 -2204 -4293
8424 9804 -16988 1663 -1654 -4053
7664 10896 -16736 90 766 -3110
7520 7900 -16660 3154 1878 -1727
8848 9348 -16164 3080 3337 -1434
7972 10408 -17004 -2279 3450 543
6740 7548 -15568 1367 3164 291
6564 9128 -14484 150 3633 -710
5988 8672 -13448 -932 2111 -660
5520 9664 -14308 -3692 691 -2363
8292 9788 -14396 -7598 509 1225
8068 8964 -14608 -2554 -363 2135
8588 8984 -14436 -4045 398 -23
8000 9288 -13196 -1025 -719 -1355
6952 8252 -14940 1123 -1379 -1071
8488 10848 -13780 405 -1779 -3575
7780 6904 -14116 675 -2761 -2807
6040 8576 -15188 1185 -4382 -4052
15804 8648 -21860 5749 3951 -104
2612 10640 -14648 -1566 7690 3024
5272 10368 -15564 1203 2050 1820
8584 9556 -15464 -371 5902 775
6716 9216 -15064 1270 4612 2707
7484 10616 -15760 725 4734 -1624
7920 9436 -14860 1261 4697 1080
8948 10300 -13732 1693 4299 265
9088 10628 -14208 1823 2557 -626
9052 10424 -13600 2085 2204 -1140
8428 11016 -13032 1928 291 -1519
9260 10668 -14808 3493 -2126 -2069
8900 10456 -14632 3074 -3695 -4217
7344 9768 -15364 1079 -6375 -5194
5132 9296 -15084 1010 -8310 -6373
6560 7436 -15936 355 -7626 -4176
8280 9900 -14600 2980 -3601 -2408
6512 8400 -15264 448 1795 -1984
7476 11212 -14652 5643 5912 -3504
5424 9184 -14688 -261 7387 -4630
6704 10120 -13356 6592 5361 -5689
5576 7100 -14892 7668 3343 -4373
6208 11400 -17980 4118 2587 -2791
5584 8620 -16264 -2588 6588 -2053
3920 5364 -18600 751 5321 -2901
5900 8068 -17620 -1289 5477 -2270
4448 7928 -16584 -2196 4999 -197
3536 10252 -15680 -988 601 212
-596 1712 -17052 -1252 -9453 -2926
11232 12780 -17096 -416 -4467 -2056
5984 8628 -16480 2489 -2983 -1805
4556 8944 -16840 -890 -2420 -2704
4848 10864 -16568 3535 -2848 -1666
5288 9348 -17280 -232 -852 -1845
5316 11960 -16656 4991 -421 -1132
4928 10996 -16876 1851 960 -19
4920 10872 -16272 3147 933 957
5168 10216 -16368 2110 892 1802
6788 9008 -17340 -783 1370 3299
7264 8272 -17584 -824 3386 2924
6276 7748 -17156 -252 3971 3217
7024 7120 -16916 -2636 4846 4016
6340 7228 -15888 480 2426 4767
4924 8924 -15456 -2634 1017 4179
6304 8048 -15640 -4084 -171 2577
7100 11640 -13936 -11205 1205 2682
5268 9924 -13576 -9446 -882 1795
6864 10544 -13400 -7925 -1938 2591
6864 10384 -13892 -5612 -2916 2864
9340 11216 -13520 -1352 -2931 1633
7776 9912 -13680 66 551 996
6904 10820 -13724 1567 639 996
7480 9732 -12708 777 -412 -464
5832 8904 -12352 1209 -3528 -3643
15048 13492 -26632 -6289 146 -4055
7392 11380 -14148 8759 10663 5575
6040 10380 -17056 976 6153 3743
6768 9872 -14908 8014 2536 -1782
10752 6480 -15268 1289 2765 3269
8980 8992 -15640 1282 1307 -845
8280 9568 -14328 -685 -446 688
9444 10236 -13884 -345 -1137 839
8740 11184 -13524 -1099 -2384 64
8876 10228 -13716 -939 -3299 -902
8388 9592 -14628 365 -3063 -1855
8196 11240 -14324 626 -3806 -2595
7032 9512 -14728 1833 -5772 -4196
7760 13636 -13472 3252 -4260 -3959
4256 8604 -16480 -1601 -3589 -3470
4476 8664 -15380 4194 -4669 -5284
5640 8828 -15744 2262 -1863 -3706
6248 9668 -15316 3068 1915 -2992
5060 9116 -15968 3662 3940 -4044
5600 8636 -15460 276 5415 -3581
6288 10556 -14896 -198 5788 -3277
5004 8892 -14404 2660 2747 -3525
6432 8440 -15924 3376 25 -3739
5668 8196 -17444 -4649 3764 -2030
2776 8152 -17632 -1647 3720 -2913
4616 8316 -17180 -197 3719 -2643
3524 10388 -17768 -1251 4134 -735
3204 9004 -15584 935 2168 -177
4208 13076 -23252 447 -1128 2628
9224 10068 -17412 6215 -5704 -4816
6196 7464 -16520 -826 -503 140
6536 10716 -16024 3924 -10 -2061
3960 8280 -16592 1506 -152 -1518
5504 10904 -15636 969 -51 -1168
4640 9632 -15864 2015 -576 -1013
4676 11984 -16268 3075 -304 -790
4608 12768 -16828 3093 133 818
4508 11868 -15872 3220 778 2062
4708 10296 -15520 1320 -262 3201
5780 9268 -16160 2684 -503 2549
6156 10172 -17016 -782 1752 3742
5508 9196 -16268 275 2744 2786
6388 9484 -16084 287 2750 3839
6092 7824 -17104 -1989 3719 4276
6072 7944 -14880 -3670 2545 3739
6208 7472 -14788 -1726 191 3147
6180 7288 -15504 -2743 -1053 3136
6236 12088 -13360 -6120 335 826
5448 7692 -14864 -6365 -2714 -730
6356 10112 -15272 -6419 -3304 1038
7520 11496 -13508 -4903 -3238 4187
6124 9620 -14144 -5165 -2427 3329
6396 12316 -13328 -1692 -1982 3529
6576 11316 -13432 693 -624 2310
7204 10800 -14188 583 -7 1891
6976 9744 -13228 842 -258 880
6316 8100 -14348 884 -1605 709
7384 8232 -12084 1712 -3078 -977
13780 9268 -23844 10279 9496 1133
7012 5800 -10480 -118 3335 5749
7216 11968 -17032 3634 3610 -838
8216 7356 -14192 1261 184 1771
9824 9512 -15596 1038 -1129 1654
7920 8860 -14592 46 -1681 38
8884 10712 -14628 -403 -1835 494
8432 10100 -14392 -625 -1365 595
8812 10316 -14120 -203 -1209 371
8192 10512 -14096 -941 -1528 602
8348 10060 -14796 -213 -1983 -139
8068 10744 -15100 -688 -2973 -1281
6200 11040 -15296 317 -5452 -3497
3368 11304 -15004 4927 -8590 -3296
5644 9584 -16196 2747 -8473 -4703
6620 9660 -15644 -532 -5556 -5612
6048 8876 -15068 1622 -819 -3435
4504 8792 -16724 -908 2662 -3096
4740 8904 -15704 1233 4913 -2858
5860 10724 -15896 1870 6890 -2724
5676 9532 -16000 -162 8993 -2375
7340 11244 -14768 -1483 10252 -419
7176 9596 -14816 1532 10100 -734
7888 8900 -14208 2477 8041 -330
6408 10308 -13716 2720 3818 -1415
6580 8216 -13156 5254 -2 -1815
8816 9376 -15432 5116 -2225 -1929
6468 8456 -16824 -2066 -1204 -509
5376 6880 -14428 -5 -829 -647
-1056 7400 -15884 1662 -6439 1546
7568 14584 -18540 -3048 -9180 -3500
6880 8620 -17732 4474 -7309 -3744
5856 8288 -18516 1192 -2839 -2959
3604 10028 -17784 4341 -2121 -3128
4196 9564 -17664 329 -848 -929
3608 10236 -17384 1279 -356 -117
3684 10016 -17168 1804 587 442
3496 12352 -16760 2268 825 873
3352 10536 -16936 2513 33 1669
4152 9536 -17116 2995 -325 2408
4596 10508 -17424 219 73 2967
4932 9048 -17820 -703 2026 3643
6172 8700 -17152 549 4285 4036
5136 7360 -17152 -1115 6345 3783
5892 7504 -16384 -922 5709 4936
5204 7100 -15580 -346 4759 4334
5108 6808 -14268 -4457 1693 3850
7084 8556 -14628 626 -1515 2957
4956 8308 -14940 -13649 -837 2954
6696 13732 -15572 -9435 -4425 4175
7896 13820 -15248 -7153 -3406 4396
8408 11076 -14644 -8782 -1539 4547
7232 10200 -11592 -4205 -257 4422
6124 9552 -12504 -1946 -124 3837
7544 10188 -14216 -1581 -157 1839
6976 8700 -13472 -1870 -585 -823
7604 8052 -14800 -1150 -3160 -1416
7892 7676 -12528 1811 -4233 -1371
16896 10756 -23904 2435 5594 38
7812 9108 -9796 118 3715 4915
7956 12884 -17140 3993 2713 928
9304 9580 -12064 884 -1161 2695
9696 10776 -14768 2432 -608 136
8524 10596 -13500 1849 -12 721
8700 11248 -13556 2391 -986 905
9148 10044 -14252 2024 -1384 400
8696 9428 -13852 2579 -881 -394
8900 9304 -15032 1611 -294 -46
8988 9304 -14776 194 -1655 -2089
8344 10156 -15244 957 -2990 -3919
6068 9300 -15112 4565 -4138 -6160
5480 11308 -16544 1563 -6295 -7212
4532 8524 -15692 1606 -6982 -7096
7428 8380 -15852 142 -3481 -3464
5664 7320 -15808 1901 20 -1481
7620 10268 -15596 1679 4921 -1082
4772 9092 -16940 368 7857 -345
5140 10500 -14388 -2422 7291 -1549
6980 9996 -15192 1691 6706 -1476
6192 8688 -14160 3772 5364 -2026
8332 7432 -13732 2177 4185 -1335
7332 11780 -15360 5929 1042 -2450
6696 8476 -16060 -1608 2030 -1121
5512 6084 -17508 -1180 1803 -970
5692 8216 -15776 -1143 44 149
4604 10008 -22792 -2545 -4211 -339
4360 7096 -17688 10470 -11225 -6234
6656 4616 -18316 -7217 -4478 -279
6304 11224 -17044 2502 -5261 -906
4020 8944 -18348 -1039 -3066 -2141
5240 11384 -16556 1981 -2253 -1326
4048 8176 -17824 1297 -1509 -1146
4116 11416 -16988 3496 40 -843
3452 11876 -17880 2138 1168 877
3672 11568 -15908 4456 880 1909
4360 9404 -16444 2635 253 2967
5208 10020 -16660 1030 465 2814
4264 8024 -18212 -1614 1539 2397
5944 7452 -17992 1095 3308 2525
5524 8332 -17080 -304 4026 3513
4596 7112 -16560 -584 4379 3566
5856 6576 -15984 113 3208 3579
5208 6880 -15692 -1698 2130 3924
6344 7300 -15420 -726 668 3150
4824 12380 -13200 -4507 549 2113
5396 9108 -15524 -5964 -1103 2249
6428 9260 -14388 -5345 -2299 3704
7432 7960 -13740 -5374 -130 5714
8836 7952 -16340 -2148 2443 4652
6828 7252 -15292 -3208 3323 1369
7896 6536 -15248 -3012 425 229
8936 6432 -14736 -3230 -1721 -921
8240 7864 -12312 -1162 -5946 -880
14872 13692 -25172 -4131 -6518 -819
9748 11972 -16508 7383 5964 5915
7000 8484 -17320 -356 466 1275
7324 10600 -15496 1945 1339 -252
8588 8220 -14952 1068 222 1528
8444 10012 -15484 241 -129 -196
7524 9764 -14808 601 -812 768
8736 10640 -14304 523 -912 57
8356 10492 -13932 768 -1910 207
7800 11132 -14000 2343 -2364 -827
8060 9864 -14612 2676 -2476 -194
7736 10200 -15592 2191 -2249 -662
7668 9748 -14632 539 -2740 -2003
6204 9180 -15952 1480 -3905 -3844
5472 9440 -16728 2393 -3930 -5968
4460 7052 -16592 364 -4407 -5748
5480 8860 -16248 2940 -2731 -4582
6088 8640 -15788 1525 930 -2730
5756 9996 -15744 2263 4183 -2773
6044 12248 -14468 89 7285 -2701
5832 9404 -14420 -463 7624 -1887
5284 8768 -15576 4927 5976 -2667
5808 9808 -16348 312 5244 -668
6080 9512 -15124 -1273 4818 -1401
5632 6092 -17072 -1661 2513 -1962
5528 7760 -17172 -1902 727 -715
5340 8888 -16856 -1171 -547 -900
4768 7796 -22348 1095 -6077 82
6240 8716 -18304 3012 -11863 -3370
8104 10400 -16824 -3300 -7114 -378
5744 7984 -17836 -1081 -5390 406
3464 11252 -17180 1374 -3043 -861
2112 9800 -16692 57 -2170 -450
2896 10620 -15592 2171 -2491 -2217
1888 10332 -16132 2595 -1010 -3197
3100 11972 -17228 5225 158 -1831
3628 13956 -17032 3950 2503 1146
2880 11284 -16024 5977 2817 2994
3496 8168 -17076 1894 2790 2197
5592 8640 -17868 2048 3504 4068
5808 8708 -18964 2854 6910 3083
4936 7044 -15976 -1066 7038 3704
4724 6692 -16580 -933 5633 2937
5988 7172 -15904 549 3874 3509
5916 7744 -15616 -791 2033 3057
6132 7972 -14940 -2402 94 4067
5160 8900 -15472 1158 -2211 3354
7064 12284 -14348 -11397 596 3440
8300 8856 -14840 -2913 1000 6025
8948 9216 -16476 -5592 5140 7401
8756 5848 -13272 -5363 3810 2390
8712 6160 -14828 -5197 2873 3107
10140 6100 -14232 -4416 822 625
10808 6268 -14168 -2990 -1956 -845
7812 6892 -11484 -1247 -6486 -1154
23344 11700 -27508 -2905 627 1001
9152 8904 -7516 -769 3968 4833
7360 8564 -18464 3093 704 -76
9580 9004 -13556 -625 -2156 649
10528 8232 -14528 409 -1279 1497
9068 8308 -15012 1000 -1488 -240
9564 9592 -14892 787 -1181 911
9224 9696 -13580 469 -1214 260
9272 9852 -13988 335 -1677 -312
9812 9952 -14052 1470 -2181 -644
8848 9036 -14304 1643 -2025 -1306
8260 9216 -15508 1087 -2835 -1799
8884 9776 -15796 -1413 -3905 -3145
7860 10096 -14792 -1856 -3930 -4053
6388 8820 -15736 150 -4792 -5109
5000 9188 -16440 3216 -5794 -5693
5852 9080 -15740 1773 -4985 -4608
6568 9200 -15136 1415 -1731 -4315
4964 8764 -15340 3200 -26 -2673
6248 9672 -15360 3650 2828 -2653
7232 11500 -15440 413 6191 -2162
5076 9376 -14732 3095 5929 -1806
4572 10160 -15136 4962 2359 -1775
6972 9536 -16776 1341 1936 -1412
6064 7716 -16336 -840 3338 -1616
4772 5160 -18220 -1633 2854 -2067
5256 9048 -18140 -2633 2543 -1146
6124 7488 -17336 -373 2134 -675
4368 7520 -16432 1021 986 -307
808 6120 -13332 -973 -5165 939
7380 12736 -17540 -4212 -4522 -1178
6192 7464 -17340 1726 -3354 -407
5012 9768 -16848 1320 -2523 -756
4220 9952 -17552 1994 -2003 -572
5044 9760 -16812 -2168 -462 -625
4124 9180 -16768 1293 -117 -828
3696 9864 -16060 1157 -66 -1121
3168 10216 -16204 2012 -384 -2052
3312 11072 -16580 4841 -711 -2988
5528 16104 -16956 5039 454 1144
4660 12312 -16952 3438 2817 4988
4700 7212 -16308 1119 2223 4393
5820 9460 -17916 406 1431 3012
6352 6532 -17256 -1853 3147 2277
5484 8724 -16464 1797 1792 3580
6272 6192 -17444 -5251 2305 4309
5964 5316 -17008 -83 958 3905
5748 7384 -16376 -1860 -26 4402
6796 7020 -16072 -3501 39 3282
6256 11620 -14680 1630 -110 2922
5496 7044 -16948 -8799 1159 3789
6792 12960 -14092 -4420 1384 5772
7216 9012 -16268 -4237 3724 6075
8252 7648 -13884 -7545 981 877
7096 7652 -15600 -7820 -593 2090
9608 7520 -14944 -4724 -2402 774
9352 6736 -13188 -2936 -4972 -226
7584 7024 -12636 -67 -6244 -1662
17856 11416 -21764 5587 6140 2196
6780 6332 -10304 941 3654 4843
7444 10668 -17456 3793 3021 2212
9712 8520 -14012 1498 -246 1536
9516 8392 -15268 568 157 411
8700 8544 -15208 954 -69 376
8688 8796 -14696 -144 -166 227
9004 8728 -14444 -9 -219 768
9068 9804 -14544 -34 -610 673
9412 10664 -13984 26 -1540 343
9604 10504 -13452 129 -2403 -22
8244 10204 -13924 874 -2998 -1033
8820 10324 -14348 430 -3319 -2005
6648 9636 -15912 1900 -5170 -2117
6980 9912 -14760 1824 -5643 -4243
6556 9068 -16412 1539 -3575 -3130
5960 8924 -16800 1229 -3412 -3409
4332 7708 -16452 12 -2389 -3696
5568 9788 -15764 3830 -1604 -3008
6576 8800 -16020 640 2238 -2138
5788 10220 -14904 1019 5836 -981
6080 11308 -15864 -2012 7272 -42
7352 9404 -14940 748 7153 269
7664 8456 -15548 -2177 7997 1190
6052 9444 -14616 398 4942 16
6572 7520 -13588 372 254 -234
6156 8612 -14820 2493 -3060 110
7664 9580 -16552 -1092 -3545 -626
3976 4008 -18108 1447 -6236 1778
8732 11996 -17808 599 -7174 31
5220 6636 -19652 2937 -5862 462
8012 8756 -17816 -2415 -3083 273
4216 8064 -16964 1180 -690 724
4348 7244 -16488 -405 -2123 1248
5052 9856 -15924 -1007 -2046 438
3872 11548 -15768 1694 -2814 -910
4200 10804 -16244 3807 -3754 -563
6872 13516 -18000 2035 -1538 2434
5800 11068 -16432 1668 -319 5927
4072 10092 -16156 -1474 -827 7434
5552 7968 -18892 -1088 -96 6833
5204 8692 -18064 -1820 2627 7107
4072 7912 -15916 -2162 3549 8118
4536 9100 -16396 -1864 2250 7911
5632 9644 -16244 -807 2483 8737
4660 8844 -15628 -4639 1540 9738
6428 7448 -15796 -4682 -893 10998
6312 8404 -14336 -8889 -2341 8074
8676 6248 -16344 -9470 -2719 8332
10588 8520 -13908 -7254 -2133 10221
9608 8008 -13428 -12320 -965 7018
9712 8188 -12936 -12437 -2201 4327
9648 7160 -14428 -11249 -6625 -1187
10404 7584 -13384 -7103 -7376 -3244
11568 6400 -13448 -1312 -4905 -4727
9360 7064 -12204 4296 -2489 -3505
17568 16064 -21532 2916 4754 735
5140 9220 -9536 2288 1325 2352
9528 10352 -15408 907 -1087 -1652
7812 10800 -13900 -18 -745 2973
9740 9728 -14248 1958 -656 874
8184 10732 -13560 505 -545 2798
9020 10536 -13364 1221 -767 2436
9336 11116 -13252 329 -1460 3369
8704 10404 -13056 546 -1959 3876
8636 10716 -14164 2543 -819 3090
6976 10304 -15936 -1902 -3039 3471
8044 11156 -15440 -3048 -4949 -82
6400 9516 -15444 -2174 -4971 -2341
6980 10008 -15456 1914 -6224 -3951
7024 8092 -15340 -1831 -5994 -3158
7448 6704 -15644 4237 -6743 -1492
7132 8620 -15028 707 -5012 587
9288 10748 -14108 1070 39 1405
8304 10064 -15928 -316 4461 2068
7424 10464 -14184 -3265 8172 2206
5432 11400 -15224 -1516 8420 895
8684 9376 -12948 -4643 7338 1131
5324 10648 -12352 256 2674 231
6168 10776 -10816 -2179 -1803 495
3620 10072 -11328 729 -8933 -1000
5548 17400 -32768 -2101 -15616 1534
9748 9536 -22364 -1317 -16150 -6975
4332 5560 -21192 2764 -8276 -2058
4720 7472 -19940 8476 -5893 -2727
3464 13084 -18800 -3010 284 -1525
3276 9612 -17928 3905 938 -925
2380 10852 -15492 1124 469 249
3676 11192 -15676 2005 557 1054
3016 11592 -17036 3783 867 1672
4452 8528 -18220 2635 3073 2010
4764 11028 -18312 1045 5536 2760
4632 9088 -16652 1144 7885 2620
3160 10120 -15964 1461 5506 2791
6588 10104 -17408 -3708 5321 4016
7172 7572 -16384 -1693 5836 6129
6176 8852 -13408 -1862 4945 6965
6036 6972 -14460 -1036 2305 3601
7380 9264 -13348 -2238 -375 4500
8860 8160 -15180 -9159 -520 5808
8388 11232 -14404 -4783 -1775 6006
7548 10840 -14104 -7703 -1948 5921
7932 9488 -13872 -7561 -1688 4804
7240 11624 -12716 -3892 -1099 5577
8924 9928 -12864 -3442 381 4800
10080 7304 -13720 -3622 1297 3223
9292 6100 -14316 -3872 -26 -357
11092 7268 -13308 -2495 -2718 -1477
9348 7084 -12460 -1637 -6772 -2014
24308 13140 -25600 -1113 1670 130
10052 6764 -8788 -3405 2928 4798
8968 11688 -16824 482 624 170
9732 9832 -13280 -3132 -3801 747
10268 9260 -14412 -1122 -2650 -111
9404 9780 -13368 286 -1946 -3649
7652 11380 -12208 2590 -2976 -3184
7764 12592 -13516 819 -4908 -2011
7944 12876 -12632 1215 -4677 -1502
7936 10700 -13964 1432 -3622 -6
7124 11536 -14492 2493 -2964 -73
7408 10976 -15268 2170 -2545 -1048
5820 10540 -14900 1726 -3081 -2544
5884 9928 -15192 2350 -2970 -2460
5632 9964 -15544 4021 -2805 -3740
6120 9904 -15684 1198 -1212 -3948
5468 7780 -15244 5165 -1763 -3432
4584 9956 -15896 499 1300 -1469
5164 9112 -15032 603 2525 -2129
7420 7872 -16008 -803 4597 -607
6916 8204 -16124 1784 5846 -217
6092 12712 -15208 -2511 7659 -3017
5576 9100 -14588 6205 4151 -2680
5920 8388 -14352 -764 3657 -727
6848 10412 -13308 1574 1775 -756
6100 7704 -14180 2474 -805 -934
7788 8268 -14268 3831 -1107 -738
6192 15004 -16936 -1382 -523 -146
3636 3504 -17836 -1894 -975 -988
5024 11512 -16292 -1842 -750 -760
3676 10260 -22112 162 -2989 622
3464 7440 -19408 8485 -8505 -4418
5848 6380 -17364 -2555 -4370 129
5324 9632 -17396 536 -4006 -126
5300 9148 -17428 151 -1548 -997
3240 11700 -16884 2164 -889 -803
3516 8244 -17148 -635 -814 -741
3484 10496 -16292 1544 -1220 -1211
3620 9340 -17424 1265 -1098 -583
4024 12124 -16708 2570 -292 151
3088 11500 -16236 3605 -218 1054
3488 11812 -16488 3373 209 2059
2504 9100 -17092 154 -562 2182
3896 8440 -17752 2394 -860 1647
3204 9812 -17240 -3656 1284 2272
4228 8456 -18236 -1395 3266 2102
5580 7400 -18076 -453 4280 4132
4848 7240 -17560 796 6497 4120
4848 7968 -16116 -133 6133 4067
4736 5012 -16148 -797 4519 3956
4720 4908 -16084 1632 2211 4353
4100 8324 -14428 -1074 2510 4206
8572 17032 -16908 -6087 -442 3190
8884 9300 -15904 -4955 -504 6201
7616 10152 -13960 -5453 168 5333
7028 8944 -13156 -3569 1672 5115
7176 7812 -15196 -3415 1653 4342
7840 7412 -13496 -4095 -897 -501
10400 7620 -15160 -3821 -1020 -179
8312 7352 -14196 -2325 -3653 -1483
8700 6832 -14624 -1534 -6335 -2274
16992 11000 -22820 -2169 -475 967
8076 8836 -12112 -422 85 2287
7624 10604 -17908 1651 1627 1318
7604 10440 -14776 662 -93 1589
8460 10296 -14792 -441 105 890
8020 9316 -14996 228 294 943
9192 10716 -14204 1004 653 1705
8264 9800 -15052 1479 507 656
8184 9992 -13916 1029 -1100 15
8584 9684 -14252 1098 -1999 -580
8796 9492 -14016 864 -2366 -1819
7176 9932 -14868 828 -3124 -2255
7744 9472 -14328 2297 -3273 -3229
6080 9512 -15692 2813 -2294 -3781
5608 9536 -16488 2582 -1941 -3891
5184 9664 -16200 3186 -1559 -5525
5616 10248 -16400 1605 -2007 -4385
5896 8684 -16416 -1485 -662 -3356
5824 7140 -16364 3412 -331 -3501
5428 5432 -16452 3561 2213 -1718
6816 11680 -16908 5691 4485 -453
5800 10492 -16580 -241 5393 -2543
5076 9108 -16368 -3674 4258 -2240
6512 11008 -15276 1871 2021 -3192
6308 7380 -14976 -1573 2107 -1830
8160 8988 -14524 3887 930 -2224
5128 8976 -17736 -5914 2590 -110
5616 8020 -16512 551 1435 -1894
4508 6228 -16440 -956 1085 -1237
4448 9996 -16344 -1855 2175 387
536 6772 -16064 894 -4632 1631
8672 14056 -18136 -208 -3839 -2536
5468 8240 -16948 2110 -2058 -1134
7188 9096 -17168 -92 -1804 -821
3912 8404 -16324 606 -380 -1421
3836 11692 -16208 2568 -2162 -2263
4260 9120 -16700 1318 -2519 -1693
5380 13504 -16732 2605 -773 -382
3812 10052 -16760 2784 644 86
2924 11640 -16452 1419 -423 966
4020 10744 -17124 -1068 -1200 1953
5100 9940 -17860 -2104 928 2652
4336 9576 -17620 -1544 645 4029
5788 9684 -17448 -2736 2831 4731
6128 8624 -17024 -1038 4477 6339
5932 9268 -15304 -3671 3941 5668
3768 8556 -13376 -1440 1306 2961
4180 11992 -13128 -10776 808 1749
6304 7144 -15644 -1406 -3553 -387
5616 12980 -14684 -8340 -1955 1537
5492 11784 -14748 -6053 -3315 2528
5228 9200 -13804 -3189 -5866 1604
6380 11020 -13440 -4208 -3704 2523
4628 12444 -12820 -1132 -2470 3172
5056 11328 -13324 -60 -1794 3676
5400 9096 -14676 1488 -453 3423
6196 11716 -13696 1588 -1536 1416
8472 9720 -19168 24 -207 1556
9540 7748 -19280 12988 9022 5185
7968 9760 -15148 2186 4021 2708
8568 10092 -15548 2380 6056 -97
7248 8880 -14364 660 1660 2756
10256 9808 -14020 951 761 602
9792 9640 -13836 1883 828 2195
9688 9872 -13844 1271 848 1011
9344 11860 -13700 761 -814 303
8572 10440 -12488 509 -2574 -621
8732 10268 -14964 -1747 -3372 -1491
8680 9288 -15192 2628 -3537 -3891
7116 10424 -14564 3832 -3152 -5627
4644 11120 -16472 2442 -4784 -7528
3252 7648 -16752 2631 -6680 -7641
4976 9896 -15680 1676 -8373 -5859
7368 9748 -14924 -1369 -3657 -2737
5592 6520 -14936 -50 -506 -98
6124 11120 -16360 2431 3575 -440
6008 11720 -15636 1722 5939 -1526
2320 8520 -13960 -2514 2604 -2559
3332 9424 -13916 6104 -2096 -3221
3336 11256 -19100 2206 -3095 -1803
4388 6468 -17412 -5708 3099 -533
1000 9088 -18516 -1278 4065 -2663
2532 8096 -18956 -748 4752 -2617
1688 10188 -19648 -1270 5075 -1370
-1268 7780 -18524 1852 -3214 -2714
4096 10904 -17432 -16 -4184 -822
5532 9980 -17188 3060 -3549 -844
4664 8324 -16624 63 -166 -1104
2464 10644 -16884 2543 -636 -621
2536 10980 -16564 341 -725 -1196
2888 10148 -17172 2247 -513 -947
3444 10752 -17812 2589 854 -179
3368 11972 -17188 3392 1126 270
2924 12088 -14824 4860 1646 1465
3060 8868 -15044 -1005 -753 1540
3064 7524 -16968 1400 -2488 -14
4768 9416 -18756 -743 -2097 1110
3948 8748 -18992 -185 360 954
4748 8392 -18588 -325 3335 3614
4040 9676 -17432 -1086 4473 5225
3480 9568 -16072 -5972 3334 6164
3792 5940 -14780 -4486 695 3533
5484 7864 -15860 2537 607 2809
4572 10672 -15180 -1119 750 3726
4464 10056 -13676 -9975 1672 4055
3916 12672 -13892 -3826 -1512 1176
4956 11180 -15132 -3641 -2766 2920
6128 11060 -15596 -4132 -1596 4032
6900 11852 -15060 -259 1356 3613
3540 10768 -12684 -824 2247 3528
5592 9780 -13380 -102 1444 4364
5712 9820 -15080 367 1636 3593
6820 7024 -14516 419 -182 1653
5840 6724 -12960 730 -4195 -537
14016 11940 -25708 -520 -4159 884
5936 10560 -19576 7774 7263 5305
8204 10284 -18556 2243 947 3145
7256 9540 -14920 1125 -120 1415
8668 8552 -15996 1757 457 1670
8940 9000 -14964 926 -722 301
9332 10812 -15000 2374 -2908 -81
8984 11184 -13356 1331 -4020 -326
7996 9888 -14032 1735 -4505 -527
7484 8480 -16340 2907 -2392 -1173
5604 9000 -16896 1462 -1765 -2161
5524 9068 -16576 -1919 -2258 -3299
3436 8568 -17828 -669 -3818 -5668
2848 8716 -16592 1015 -4314 -6125
6884 6192 -15576 123 -674 -4135
6088 9444 -16204 241 2677 -2435
5304 8828 -15600 1118 4755 -1408
5712 11988 -15296 1052 6416 -2568
6776 10712 -15956 -1693 8660 -1914
6244 8908 -15192 1301 8823 -668
6752 11336 -14500 -1611 8430 -194
6584 7468 -14604 4155 4399 -670
8860 9260 -16268 1317 2736 48
7904 8800 -15600 -9 3341 -399
5292 8084 -15368 -554 692 -584
6788 8120 -15628 -1109 -1267 -84
6256 8244 -15716 -1550 -1735 644
4748 9344 -19320 -2100 -6130 3853
8124 12708 -16952 4406 -9376 -3885
7668 7464 -17664 -2333 -4060 -1491
6168 9192 -16016 266 -3826 -1374
5500 10624 -17756 3278 -1752 -2123
3704 9972 -16888 3162 -1501 -2721
6360 11152 -17624 4171 573 -1779
6940 15692 -16128 6398 2981 289
3896 10400 -14732 939 3886 1598
3488 7420 -15428 407 -157 1149
7400 8644 -16784 453 -1149 1243
7000 7276 -17812 -1633 303 2325
6304 7720 -17680 283 1418 3175
6108 7784 -16616 -2721 1654 4251
4920 9500 -16600 -2240 -571 3138
5048 9532 -15996 -6150 1147 4552
7744 7060 -14608 -2945 1314 6046
6652 11636 -11420 -8458 2371 3905
7344 9732 -12660 -5251 -799 1904
4360 12268 -11648 -4723 -2005 1844
7616 9612 -14348 -4231 -3613 2552
7308 11036 -13324 -3035 -1685 576
5548 11288 -13276 -1866 -969 -212
6472 11632 -12908 -583 -264 1577
6060 10920 -14048 118 680 2060
7540 8284 -13352 -1051 301 -1622
7424 8284 -13972 947 -1234 -228
8220 10312 -14200 1849 -4223 -1892
11468 11316 -20460 11425 7471 1825
7712 8544 -16188 2779 2550 4333
5452 10224 -15076 1640 1702 1533
9040 7944 -14808 1156 -385 2694
8252 9732 -15332 24 -1595 307
8160 10708 -13552 1530 -2218 478
8248 10040 -14592 1588 -2263 766
7832 10856 -14236 2977 -2914 -423
7620 9224 -14976 3655 -2947 229
7428 10108 -16376 3391 -2919 -1699
6824 10380 -15864 1221 -2966 -3460
6172 10492 -16072 -278 -1380 -4594
6052 8728 -16680 -2492 59 -2925
5564 9000 -15716 -309 -1153 -2523
5524 10476 -16132 847 -1062 -3170
4552 8328 -15012 1424 -1274 -3630
6348 10136 -15088 3684 811 -3828
7832 9348 -14432 -1578 4540 -1987
7920 9980 -15260 2811 7926 263
8388 9860 -14068 1876 10557 2312
5364 6808 -14548 -3277 10437 4112
7484 11572 -13568 2770 5754 856
7452 10872 -16860 1926 1290 -242
6964 5692 -15968 -2407 816 -684
6496 8052 -14856 1738 -1408 -456
-456 8164 -14284 3389 -10778 -720
10916 10372 -17768 -4017 -10153 -4489
6856 8188 -17756 -265 -5820 -3393
6584 8864 -16920 -1633 -3693 -1528
3476 9008 -17528 3737 -2918 -3103
4592 10744 -17208 564 -2189 -2303
3912 9716 -16360 1776 -999 -3157
3812 11036 -17084 2699 -48 -3576
3828 11176 -16712 2114 602 -3331
2992 11736 -15976 3181 596 -1666
4072 12044 -15592 3318 516 39
3324 10380 -15408 3038 770 609
3448 8796 -17236 2273 542 1251
6112 9952 -18960 -489 2325 3537
6628 7368 -18668 -3236 5911 4623
5076 7364 -16872 4226 5667 4059
5288 8892 -16472 -2544 6053 4678
5252 6576 -15612 -2810 3492 3202
5732 6192 -14632 354 146 2691
5824 17716 -12812 -5984 -128 1295
4124 6732 -14152 -8392 -2843 -386
7452 8580 -12468 -10379 -3966 134
4580 11428 -12284 -8678 -4653 1505
6296 9376 -12772 -6337 -4635 2534
5672 10596 -14768 -2492 -2716 3445
8208 9004 -14528 120 -3672 -324
5400 8028 -13620 1023 -3230 -166
14356 13036 -25684 734 804 2086
4488 14652 -15724 10188 8700 6369
4760 11332 -17452 640 2766 3131
5748 9852 -14436 2604 -822 -448
8432 9528 -14848 3067 -1765 662
7216 10076 -14936 1754 -941 -1165
6932 9576 -15116 3375 -728 -1125
6856 9444 -15876 2572 -639 -453
8080 9328 -15580 1473 377 -1147
7444 9848 -15664 280 1507 -1120
6772 9772 -16228 -331 1727 -2288
7040 10188 -15348 -911 1046 -3275
6140 9872 -16188 9 437 -5201
5576 10244 -15100 1300 -445 -6873
5548 9880 -14496 494 -775 -7838
5908 11388 -14632 2751 495 -7875
6860 10068 -14984 1714 1999 -6722
6696 10220 -14172 3439 5207 -6003
7240 10068 -14504 479 8218 -5467
8068 10044 -14104 5509 10283 -5194
6804 8772 -14564 7198 11224 -5096
7744 17588 -17664 12603 13024 -5619
6748 7960 -16588 2773 15530 -4202
5440 11964 -15724 -817 11964 -1977
7256 8084 -14400 -728 8067 -236
6264 8092 -13724 -973 3999 1278
7536 9060 -13284 845 1551 3610
8800 11292 -20188 -767 -2622 5467
12192 10316 -15536 2064 -10636 -4050
13208 16308 -15400 1306 2193 -1476
6668 4908 -16284 -40 -108 -2383
9376 6940 -15568 5263 -648 -3573
9748 8204 -14764 -413 -686 -3097
8960 6932 -15076 2011 -363 -3224
9348 9856 -15708 -529 -150 -2698
9996 9820 -15136 651 184 -2169
9908 10344 -14940 2632 303 -549
8860 9496 -14396 438 1273 -77
8136 8568 -15100 2602 1583 -997
7244 8988 -15064 2213 788 -1380
9168 9668 -16688 1065 1037 -1030
7388 8116 -15148 -27 2585 -1519
7440 9664 -13476 -562 3005 -1926
6124 9936 -13388 -2694 1003 -2623
6312 9528 -13012 -4913 -1301 -2364
8432 9964 -12516 -1093 -4282 -2475
8804 10872 -15628 -1312 -2584 -1101
6676 10304 -13880 -1708 -2904 -3100
7024 9932 -14024 522 62 -2287
7772 10360 -13636 2413 486 -1845
4744 9340 -13080 2220 -376 -1521
5100 8936 -12968 357 -3657 -4388
9160 12288 -29452 -1060 -1268 -3450
13276 11892 -16820 7272 12982 6568
3072 9596 -15924 5706 10469 1507
5888 12608 -16440 2426 8031 20
6648 5748 -15712 980 4202 2783
7896 10492 -17224 2866 2543 -1731
7048 9408 -15512 2041 1664 -526
7928 9556 -14876 1304 2357 -463
9428 8496 -14072 2905 3304 -567
8952 9776 -15140 2543 3093 77
10552 9484 -14544 1817 970 -580
8636 8104 -14456 1795 -1396 -297
9500 9304 -15348 550 -2632 -576
8288 8768 -15424 508 -5872 -1067
7536 9900 -15784 -2060 -6384 -3474
6360 6996 -15864 -2920 -7185 -3822
7332 9084 -15872 1800 -6389 -3023
7024 9184 -15816 683 -3776 -2889
6768 9740 -15024 1312 -906 -3501
6692 9736 -14564 367 2409 -4831
5220 9204 -14744 4383 3957 -5575
7608 9516 -14616 4636 6255 -5869
5252 12620 -17964 1032 9946 -4437
5444 6856 -15552 -1824 11325 -4188
6068 9756 -16968 926 10751 -2911
6200 8384 -15696 -2611 10420 -1909
6528 8824 -15620 405 6403 -1220
6496 8180 -15352 -581 2547 -668
4924 8360 -14824 -235 -2044 226
6392 10448 -16484 3337 -7215 797
10824 11188 -15628 992 -5428 -1367
5584 7668 -15568 -1282 -2966 -656
7852 10684 -15748 722 -3053 -1143
5536 9108 -16076 -592 -1890 -1733
5788 11112 -15408 1841 -3068 -2072
5400 10436 -15984 1720 -1887 -2195
4980 10752 -16312 1864 -1220 -2340
5944 11760 -16916 4277 -366 -1406
5536 11508 -16624 2517 1601 798
4876 10372 -15816 3663 2033 1367
6736 10156 -16736 2730 2373 1947
8148 7144 -18528 1953 5078 3484
6864 9616 -16928 518 6874 3804
5988 8756 -14384 -3589 7080 3363
5812 4368 -13740 414 3449 2482
7220 10944 -14068 1417 577 848
4732 9864 -13608 -9426 -895 67
6996 11444 -14764 -8317 -2723 920
5596 10480 -13464 -4718 -3941 -272
6960 12336 -13216 -6325 -3537 1223
7316 11412 -14456 -3098 -1435 3300
8344 8604 -14888 -1793 406 2959
9036 9232 -13376 -963 -478 1634
9252 7176 -14200 -926 476 330
8064 7852 -13900 96 -452 75
7108 8024 -13088 1079 -5002 -2124
13676 12460 -26060 238 -2313 656
8080 11408 -14928 8368 8689 4699
4964 10644 -14364 268 982 764
8312 10136 -15824 1190 1623 -946
8808 9108 -14044 1424 609 3277
8560 10904 -13556 2212 449 254
8584 9440 -14168 1066 -391 2491
8360 9832 -14572 1306 -1492 2802
9968 10028 -14724 427 -1571 1905
8360 10724 -14228 801 -2891 692
8460 9368 -14628 1066 -3499 324
8412 9700 -15316 804 -3317 -647
7756 9984 -15464 743 -3616 -1616
7632 9628 -14752 -1307 -2976 -1862
6724 8344 -16104 -509 -2590 -3577
6712 8204 -15944 -809 -1824 -5076
6076 7460 -16892 2020 -2127 -4166
6920 10524 -15632 4260 -1236 -5568
8960 6504 -14432 3480 1680 -7659
3732 12904 -14160 4087 2268 -6088
4092 11008 -13348 822 1191 -4565
5800 8152 -15980 6994 -942 -4754
4472 12240 -18008 -9435 4871 -2052
2544 3020 -18728 3217 3247 -3445
4164 8192 -18008 -6627 4930 -2077
2840 9540 -18568 -1206 3661 -740
3684 8832 -16680 735 3099 319
4724 9088 -16380 650 2647 1269
556 8324 -17096 1567 -913 4050
9656 14728 -15960 2946 -1723 -3223
3648 5400 -16900 2052 664 -166
6052 9692 -15420 1556 -1277 -68
3412 10912 -16552 -963 -25 -472
5464 10904 -14720 332 -1909 -1163
3596 8956 -16300 1388 -1936 -1306
4244 12112 -16424 1749 -1875 -3153
4820 11340 -17860 5455 -702 -3254
5884 15264 -15940 863 3225 -1004
3660 9740 -15504 2276 2337 1106
3528 9204 -15912 477 443 2409
5432 8864 -17428 654 -490 3811
5036 9924 -16652 -49 828 3856
5140 8932 -16416 -2975 1355 4259
5612 7944 -17200 -2221 1160 4933
5928 8068 -16992 819 1405 5438
6592 8132 -16880 -1314 3586 6309
5668 6408 -16308 375 3193 4918
5044 10532 -15236 1128 1821 4571
5168 12132 -13372 -3484 2692 1365
6120 10576 -14176 -8285 -258 2409
8376 12784 -14340 -1536 -2654 5976
7900 8452 -14412 -1898 2040 5197
8456 7736 -12788 -5382 -84 1432
7668 7308 -14600 -4528 -499 792
7940 8092 -14436 -3101 -1755 -953
10196 6972 -14332 -696 -4459 -1915
7916 8400 -11904 -142 -6569 -1440
19300 6664 -25436 6561 8834 3585
12220 8544 -7856 3222 6454 5696
4140 8200 -16024 5871 3965 -1202
13344 7428 -13428 1766 2596 2334
10372 6696 -16668 1726 4357 -115
8476 7916 -14480 1222 1708 -84
10372 9192 -14380 -34 -229 -332
9800 9196 -13380 77 -2309 728
9140 9676 -13712 -324 -3237 312
9600 9212 -14584 725 -2863 -213
9656 9640 -15368 -1314 -3106 -1085
9208 9352 -15236 -490 -3115 -3383
8788 9736 -14276 3627 -3173 -5733
7648 9804 -14732 1471 -2800 -4257
6084 9692 -14424 661 -4625 -3698
5380 8088 -15428 1450 -6066 -5263
5360 9580 -15832 3544 -7128 -6185
5728 9452 -15196 1606 -4797 -3806
8324 8952 -15372 6636 -1917 -1564
7908 11072 -16056 -5784 5366 -321
5420 8096 -15120 2627 6272 -261
5416 10996 -14972 178 4486 -1382
4476 8188 -17984 5015 3586 -2016
5228 6284 -17772 -5334 6622 -584
6100 8596 -17112 -1580 5681 -1427
5560 8412 -17168 -222 4835 -643
4728 7696 -17012 228 1624 -150
6524 9104 -15960 696 448 -35
796 8132 -16836 -582 -5179 408
9236 12136 -16504 -670 -4712 -1574
7536 6420 -16700 2060 -3019 -190
6332 9556 -16344 394 -816 -1432
4024 10480 -16328 1861 -1667 -2278
5056 10292 -15936 984 -2299 -2816
6164 9016 -17704 4085 -1688 -2347
6388 14076 -17484 5187 925 228
5032 11856 -15444 3197 3054 2168
5168 10352 -15652 1534 1540 2810
6088 7608 -17784 -2062 120 3249
7620 7876 -17696 -849 1401 3606
6648 9224 -17296 -2320 2805 4642
7468 6576 -15884 -1897 4777 3814
6336 7568 -15832 125 3191 4590
5980 8688 -14020 -2424 1233 4273
6648 8580 -14720 -4329 -560 3460
4916 10052 -13760 -10477 -2865 3232
6000 10684 -13428 -9517 -3733 2633
6768 10108 -13776 -7436 -8202 1263
7796 9432 -13640 -3837 -4880 2920
7368 10728 -15180 -1522 -1200 3150
8108 10568 -13812 -2191 -1128 1082
7652 7672 -15140 -2347 -587 1057
8252 8512 -14332 -265 -690 1145
8152 8060 -13456 1469 -2557 -349
6380 9568 -11036 3091 -5994 -1909
16516 11852 -22604 3599 8108 1616
7352 7020 -10768 -1584 3604 2998
6004 11780 -17552 4384 4124 1250
6436 8684 -14272 499 16 1650
8368 11084 -16224 1727 -292 1110
7352 9432 -14644 657 -91 -259
8040 9492 -14244 1283 19 29
8636 10320 -13760 1666 245 807
9724 10548 -13988 3413 248 435
8716 10072 -14836 4353 -812 -267
9048 8564 -14616 2867 -308 -438
7560 8824 -15464 3020 -4332 -3016
7672 10548 -15480 -1331 -3865 -5453
6660 8620 -14992 -414 -4222 -5516
5772 10316 -15028 1747 -6252 -926
7592 8080 -15908 -1851 -6236 142
4916 8524 -16772 -530 -3995 -2965
4404 9700 -15428 3269 -2614 -4569
4784 9908 -15040 177 -813 -3952
5140 9528 -14396 4060 -94 -4476
5324 9972 -15596 780 1449 -3374
4480 12160 -17492 -1312 5961 -1181
2976 4380 -17200 -4838 8584 -556
4784 11888 -17012 886 6971 -2049
4604 8280 -18036 -1357 8936 -1038
4812 8560 -16392 -2822 7304 -1212
3808 9764 -16244 1753 3871 -194
4736 9156 -15564 1380 1234 601
2488 8324 -16112 -245 -3121 831
9396 13476 -15884 -2196 -2291 -1066
8164 10156 -15640 1340 -1762 -303
6484 9652 -15444 547 -109 -767
5368 9156 -15952 1777 -934 -1761
6492 11260 -16524 1031 -321 -1741
5140 8552 -15844 661 390 -1245
6312 14868 -16908 4231 767 -1720
5328 14396 -15772 5940 1208 626
5088 9836 -14072 2054 902 2709
7088 11732 -13352 2345 476 2167
6560 8032 -17796 -3527 1255 3283
7196 8596 -16528 3192 946 3015
7888 8600 -15904 -2907 4121 4042
5952 6536 -16076 102 2971 3719
6140 7828 -14956 519 137 3851
5776 9108 -14436 -425 -1911 3404
8136 8444 -16276 -5080 -2392 3414
7464 12692 -13792 -5221 -1302 3894
7016 12748 -12904 -10600 -1671 1918
5796 10336 -13496 -5199 -2469 2564
6500 9332 -14460 -7708 -925 1359
8492 10228 -12304 -4975 -5454 1227
6276 8432 -16156 -5359 1529 -99
8740 9012 -13456 -1904 495 284
7244 7812 -13812 -2399 -789 -305
5748 9728 -12584 -1349 -5473 -1029
10764 12244 -21772 796 -7852 -954
10492 14700 -17012 12797 7353 6010
6516 9784 -14804 1951 1079 3397
7300 12592 -13824 2612 944 451
8324 8784 -13288 807 -784 2854
8668 10420 -15092 1100 -1231 611
7576 10436 -13812 694 -807 1267
7356 10736 -14276 1113 -1558 590
8280 11004 -13996 1041 -2196 355
7872 11868 -13268 2387 -2182 -137
7160 12040 -13760 2456 -2567 -766
7716 11436 -14520 2360 -1832 -1045
6912 9936 -15296 3358 -1285 -714
6892 10816 -16056 611 15 -3243
6064 11352 -14996 927 -1614 -1807
4296 10484 -13048 998 -3959 -2086
4936 8528 -15548 -181 -4842 -147
6060 7432 -16224 1119 -3052 -2059
4864 7800 -17064 -365 248 -2672
6724 10172 -15564 5656 1701 -3920
7480 11236 -14760 771 6197 -4909
5452 8948 -14172 3578 6600 -3114
4832 10420 -13732 3562 2976 -663
6352 9760 -14664 -955 212 -878
6764 8796 -15112 6442 -1536 -1728
5140 7916 -17880 -3503 3292 -158
3664 6112 -18600 -728 3200 -1811
4576 9540 -17896 -3926 3903 -1732
5024 9304 -16496 504 2878 -1422
3472 8356 -17212 109 379 -346
3440 10896 -17940 878 -4316 939
5608 11056 -16280 -527 -5270 -1686
6312 7232 -16328 10 -3939 -685
5388 9432 -16128 504 -2651 -755
3736 12176 -15764 966 -1910 -1902
2780 11656 -16412 17 -2532 -2137
1616 9940 -15920 -904 -4762 -2773
2800 12204 -16604 1224 -1757 -3069
3636 10792 -16796 5230 -516 -2829
4216 12036 -16072 3483 167 -977
3120 11312 -16592 4051 719 761
4252 8968 -17484 1362 2043 1584
4440 8588 -18460 3401 2194 1519
3476 10468 -17540 -718 3446 2123
4192 8140 -16804 -3881 4869 3298
5500 8200 -18304 1367 4554 5424
5684 11032 -16684 -4315 6538 5177
4652 5096 -15120 -3975 6385 2890
5888 8124 -13052 2674 3322 266
5572 14372 -13876 -8841 3268 201
5636 12040 -13924 -7577 -374 -938
7800 12636 -15172 -5110 -1434 3460
6188 11244 -14284 -6187 -2681 4528
6288 8940 -13028 -1060 -1707 6251
8112 12164 -15884 1930 1072 6156
6980 9248 -10428 -869 171 3831
7088 8020 -15432 -2476 -619 1066
10856 9168 -14004 -2587 -1058 -669
7244 8536 -14004 -2169 -2066 -595
6992 8896 -12196 -1428 -6182 -1539
15972 13044 -23320 -3650 -3923 -943
7640 12684 -16356 10771 6031 4870
7528 8472 -16036 682 1864 1718
6864 12700 -13656 651 1568 2034
9084 7984 -13988 1096 -461 1546
10460 10940 -13760 1350 -723 1472
7952 11284 -13560 3144 -777 1827
8292 11888 -12964 411 -1653 493
8348 10860 -13004 2440 -2708 183
7960 10108 -14180 3011 -1670 -308
7988 9504 -16108 3494 -613 -1513
8004 10204 -15540 1109 -1727 -2918
6340 10716 -14636 -553 -3218 -3682
6388 8852 -15716 1285 -4248 -4858
6152 9888 -15984 3216 -4064 -4809
5288 9944 -16052 95 -3264 -5102
4168 8088 -15752 -422 -2712 -3369
5716 9456 -15948 1590 -2046 -2170
5828 8960 -15612 1638 859 -1244
7216 12064 -14968 2709 4134 -1963
6096 11448 -14584 -5861 6273 -3079
4096 8356 -13980 5055 3745 -3217
5908 9040 -14548 -452 6072 -1609
5724 12128 -16260 -1294 6598 -1579
3848 6060 -17372 -736 6664 -1158
5772 9628 -16672 -2460 5393 -1318
5520 10196 -16304 -1401 4211 -392
4092 8004 -15796 1128 567 978
4924 10616 -21536 -322 -4311 2709
8204 12224 -16620 8718 -9597 -3419
8832 8620 -15732 -497 -3518 -1014
6404 9688 -16064 2420 -2067 -1044
4256 9544 -15612 674 -592 -1124
4124 11868 -16264 1048 -2113 -1235
5196 9888 -15896 1773 -1589 -2117
5440 11940 -16748 4709 100 -2144
6016 15084 -16404 4251 2187 1127
4196 10628 -15296 2504 2410 2220
4828 8868 -15768 3468 673 1993
7664 10368 -18052 -614 1355 3281
5516 7724 -16352 1174 1904 2732
6568 9660 -16068 -1992 3021 2125
6476 7572 -16640 -587 2599 3222
6684 8528 -16944 -2084 1902 4756
7776 9304 -13984 2565 -1651 3452
5856 11180 -15324 -14720 993 2662
4512 5452 -14092 -1334 -2784 920
5284 10188 -14372 -6740 -3060 -88
5756 9760 -14736 -7376 -2993 2118
6572 12456 -14620 -4936 -2104 4334
4904 12652 -14760 -907 -1230 4862
6424 11360 -13068 -1211 1892 5598
6568 10152 -12760 -3115 89 2857
7132 9412 -13964 -3586 -685 951
8288 8904 -14388 -1805 -664 113
5708 9156 -12960 -1828 -4190 -1610
8080 9004 -15376 -305 -7283 -2788
12940 13412 -19988 7204 5980 4880
8052 9124 -11772 1512 1685 4561
7652 13260 -16124 2106 3824 1136
4024 8220 -14556 1027 557 1669
9224 11048 -15768 2129 -807 764
7020 10184 -14612 1432 -341 45
7492 11880 -13924 1532 -1310 248
8088 11224 -13504 2727 -1804 -317
8176 11348 -13300 3937 -1437 247
6924 11608 -14404 4768 -1367 -552
6616 8636 -16448 5732 -2279 -554
7980 10104 -16348 3818 -1781 -2692
5444 9260 -16844 489 -3318 -5274
6048 8204 -16644 -2011 -2608 -6909
5452 7348 -17060 -25 -2890 -7350
4376 7288 -18232 4110 -2790 -6408
6480 7668 -14764 451 674 -6833
6024 10760 -15188 3778 3281 -4748
5660 10508 -15064 -2338 7728 -923
5800 11584 -14144 267 9099 -1711
5340 8328 -15824 -3429 7800 -632
3724 10724 -14528 7294 3845 -5008
4868 3392 -15256 979 2816 -2335
6688 13068 -16960 1144 667 -2291
4616 7388 -16768 -2730 2460 -548
4572 6136 -16860 -2352 896 -525
4328 9460 -16212 -671 -434 563
3248 9236 -16488 -3132 -2106 2388
-3812 7852 -15444 2088 -10849 -1167
9388 14120 -18328 -4471 -7303 -33
5040 7248 -18412 4094 -6234 1260
5352 9228 -16992 1311 -1745 -987
3976 11964 -16360 1727 -430 -1091
3264 8908 -16956 1613 -203 -1699
2792 11076 -15604 2249 -659 -1926
3552 12628 -17080 5960 -1264 -408
4036 14656 -16056 5054 641 2636
3368 10516 -15952 3428 1145 3468
3840 7048 -18212 2343 768 1719
4936 10936 -18460 603 896 1715
3944 8992 -18056 -1158 3566 2379
5876 6784 -18296 -1797 4985 3627
5636 6848 -17932 -1890 6846 4478
4264 6736 -16368 -780 6293 4486
4816 7928 -15604 425 4128 2438
5988 8760 -15156 -1965 2570 2662
6168 14844 -13364 -8213 1426 2271
6328 9220 -14952 -6842 -1161 4850
7140 10656 -13864 -5094 -585 6339
5276 6508 -14468 -8535 -2708 3425
7572 8420 -14884 -6204 -2098 1007
7896 7216 -15064 -5522 -2068 156
7096 7024 -13520 -2462 -5741 -902
6844 8048 -14416 964 -7354 -2577
14644 10916 -26980 667 433 762
5964 11744 -14000 8165 8886 3146
5520 8620 -16100 877 1488 2164
7604 11360 -15536 2365 2451 -655
8392 8184 -14372 619 637 1727
8872 10244 -15508 1739 733 -412
6564 9760 -14564 1362 -205 1435
8316 9804 -14776 1724 -397 979
8556 10132 -14376 1508 -289 1216
8068 10408 -14708 2054 -584 779
7864 9844 -14668 1783 -1728 -836
8412 9832 -15492 1853 -2306 -2685
6948 9476 -16360 980 -2471 -2340
6768 9264 -16072 -99 -3645 -3686
6000 9328 -15804 -1267 -4860 -4591
6188 9100 -15472 557 -4988 -5217
4360 10640 -16188 1454 -5136 -4185
4476 9812 -15828 369 -3033 -3408
5536 9284 -15036 1061 -303 -1304
6364 10148 -15588 -304 4985 354
7416 10384 -14060 436 10572 -1127
8832 11788 -16588 1235 14621 -2331
7480 9324 -14372 -4726 15246 196
7772 10612 -14048 -781 15572 697
7512 10044 -13344 -5530 14249 665
6584 9068 -12732 1673 7573 230
8620 8940 -10576 2460 4484 922
9740 11844 -17048 2866 -244 1771
18152 4568 -12848 10361 -7780 -2979
12188 7036 -15156 -19076 999 2032
8576 8100 -13552 4902 -2613 200
8276 10328 -13008 4454 -2829 881
8268 9016 -13740 -2423 -3506 -126
10824 9264 -15032 4622 -4505 -118
9980 9960 -15508 -961 -2536 1146
7228 9044 -14288 -53 -2645 205
7812 9680 -14664 -14 -3899 -519
7972 10396 -16212 -575 -3454 -617
9004 9144 -16772 -157 -1656 74
7936 9940 -14484 -826 -296 314
6828 10272 -13920 2026 -1096 225
7460 10244 -14740 1698 -1032 -58
7452 9616 -16136 2055 -1552 24
7288 9352 -16060 383 -582 143
8268 10396 -15744 302 402 599
6036 10144 -13092 1950 -490 93
6880 13076 -16932 1641 -1851 987
9096 9292 -16588 -3260 1251 1239
8820 9780 -16364 658 2903 2041
7160 8644 -14340 -4088 4210 2130
6008 7792 -15404 158 1983 2298
7888 7716 -11112 1712 -1317 2086
7732 14276 -12436 4981 -6740 2615
7544 11364 -14904 -5596 -6556 4849
11692 12876 -17456 -3380 -3695 3061
5360 11376 -15068 -6220 -1944 4184
4104 7520 -14188 -11146 -4322 2797
4908 11384 -13868 -11648 -6116 2005
5856 9356 -14748 -10679 -8289 -896
6176 10420 -14808 -8575 -7204 -2408
3868 11240 -14072 -5705 -6304 -3868
4328 10380 -12772 -741 -7125 -3980
2416 11324 -13188 2847 -7692 -5127
1804 13248 -10940 5135 -7558 -4307
14292 16308 -17664 4726 964 1603
-2976 6284 -10680 1120 4290 -202
2772 10000 -16108 -1608 1807 2581
1748 10712 -16908 4717 4325 -93
3924 10456 -15804 4321 3122 1814
2604 11436 -15368 1607 2509 432
3900 10724 -14980 2452 2406 1227
4684 11780 -15936 2697 2090 786
4416 12232 -15140 2155 382 239
4164 11564 -15572 2044 -525 -434
5048 11072 -15180 1150 -1171 -2135
2488 10648 -16552 816 -3307 -1887
2496 11276 -16008 243 -5017 -4118
3284 9148 -15440 1170 -4376 -2759
3496 10304 -14832 1796 -1385 -258
2368 10136 -15652 2862 2042 418
1312 10684 -15660 4044 3843 -131
2192 10056 -16164 3110 6613 854
3616 9716 -17668 3428 10325 153
4128 13560 -15760 -7260 11008 -3298
6748 6040 -15808 3358 11611 -2038
5528 9924 -16020 -2706 12421 -1528
6924 9372 -15548 1295 10625 -1962
7484 8756 -14640 424 9324 -1259
9008 9264 -14160 1934 7006 117
9680 8812 -14020 297 6415 858
9804 10904 -14640 -1062 4119 2457
5892 8616 -12548 -971 -3991 -591
12888 9144 -13732 -3827 -3108 -1306
9692 9100 -13152 2280 -2406 1091
10060 10964 -13280 224 -2472 -50
7116 10956 -13916 238 -3388 -382
6928 11828 -13356 272 -4714 -467
7112 9920 -15424 -2448 -3591 121
7912 9748 -15396 1913 -2637 -723
8312 9212 -16156 920 -916 -36
9564 9128 -17412 900 1522 2242
8160 10188 -15816 1491 2833 1995
7868 8344 -15056 2025 3580 2093
8560 9796 -14588 403 4000 2177
8884 9628 -14320 470 3126 2598
8876 8680 -13944 -119 2483 2288
8852 9400 -12812 -235 1034 1866
7756 9696 -12084 -3859 -547 270
9044 8688 -13128 -6062 -2589 -424
10204 10144 -13352 -5025 -3215 -928
9620 9608 -13468 -3492 -3595 -303
9032 10132 -12576 -2225 -3469 -385
7708 10228 -13104 -1518 -4223 -1446
8156 10268 -13140 -143 -5015 -1518
6080 10572 -12916 109 -6390 -2221
9680 10740 -17456 1153 -3600 -1242
6416 13584 -13648 237 -947 2481
6356 10352 -14520 -511 -1901 658
6932 10904 -14572 1091 -636 366
6232 11528 -13924 -189 -427 805
6796 11352 -14584 172 -129 -129
6136 10880 -14384 95 -21 426
6504 11520 -14304 217 -210 202
6312 11392 -14160 -412 10 490
6392 11316 -14080 -59 26 243
6500 10952 -13876 10 -73 358
6552 11664 -14256 138 -138 452
6516 11712 -13940 -114 -188 284
6384 11296 -14020 212 116 181
6628 11348 -13976 685 77 70
6728 11456 -13940 604 120 -15
6812 11220 -14108 672 112 139
6696 11268 -14200 725 4 302
6732 11132 -14192 505 -252 387
