-14936 4176 -4704 698 -57 -20
-14952 4076 -4792 734 -307 -78
-14768 4236 -4252 226 -2 7
-15104 4036 -4656 49 206 9
-14872 3764 -4236 183 148 68
-14972 3988 -4564 430 96 31
-14820 4020 -4472 381 -27 -108
-14900 3848 -4572 426 227 12
-14904 4060 -4604 433 138 77
-14916 4032 -4628 302 105 -5
-14804 4008 -4584 280 33 -44
-14968 3964 -4760 303 149 -12
-14900 4052 -4588 323 275 94
-14936 3960 -4792 449 181 109
-14892 4072 -4692 408 234 213
-15132 4192 -4816 359 397 253
-14924 3828 -4788 398 212 289
-14800 4136 -4740 375 122 195
-14888 4144 -4820 286 -12 26
-14888 4160 -4772 343 58 -30
-14984 4116 -4860 304 -58 -71
-14832 4220 -4880 358 -165 -135
-14788 4272 -4944 487 -82 -147
-14832 4056 -4840 594 -149 -27
-14896 4172 -4688 504 -70 77
-14848 4336 -4924 490 2 40
-14764 4360 -4792 453 -195 -43
-14692 4184 -4892 427 -198 -133
-14840 4260 -4892 374 -29 -79
-14868 4088 -4832 465 -17 11
-14908 4304 -4992 324 -114 -50
-14872 3952 -4812 481 -69 7
-14688 4004 -4744 428 -22 21
-14976 3976 -4808 374 -116 -50
-15076 3932 -4716 446 -19 39
-14832 4148 -4724 306 10 54
-14904 4012 -4656 348 -77 -19
-14956 4232 -4440 338 -24 -92
-14900 4032 -4772 448 -115 -64
-14840 4212 -4836 316 -161 -75
-14836 4280 -4796 313 -100 -58
-14884 4132 -4816 257 -105 -63
-14860 4084 -4620 314 20 -62
-14856 4200 -4700 340 -47 -84
-14800 4052 -4488 467 22 14
-14876 4312 -4752 581 -120 8
-14908 4000 -4728 666 -184 -41
-14836 4116 -4592 529 -2 4
-14936 4068 -4528 498 -43 -14
-14928 4036 -4704 442 -1 63
-14916 4160 -4724 455 -16 20
-14820 3936 -4652 477 -154 -62
-14980 4008 -4652 430 -15 -33
-14864 3972 -4700 541 -184 -47
-14936 4104 -4572 433 -35 37
-14888 4140 -4648 404 118 16
-14900 4068 -4732 287 66 -35
-14844 4012 -4724 372 -17 -27
-14848 3944 -4500 313 -64 -70
-14804 3996 -4532 345 49 -98
-15012 4296 -4720 264 -205 30
-14924 3932 -5044 444 23 182
-14488 4148 -4244 668 157 279
-14972 3864 -4484 634 750 679
-15020 3916 -4632 689 635 740
-14832 4112 -4144 631 699 587
-14960 3864 -4228 335 821 542
-15004 3992 -4476 254 923 620
-15036 3828 -4128 362 1086 702
-14816 3808 -4316 430 1344 871
-14444 3908 -4004 540 1887 1043
-13792 3532 -4236 984 3397 1364
-13928 5368 -6100 243 4335 2912
-14084 5912 -5128 -1581 205 2390
-10564 3348 -4628 -1970 -1329 2986
-15300 6172 -2604 -2305 -672 306
-22580 5772 -4096 -2150 386 2845
-29148 6388 -5812 -3101 5026 4431
-17724 8648 -5480 -3248 5900 5781
-6284 6912 4384 725 1556 3997
-3188 -6012 -148 10913 1432 -2722
288 11444 -19864 5349 1394 102
-18820 320 -9984 154 -8607 3514
-20136 9804 -7916 3878 -1735 -3276
-20060 6576 -8860 2997 3850 1369
-14812 8300 -5908 2058 3568 -2564
-8148 4320 -7288 -5891 -1592 -798
-348 2364 -4368 -11146 -1281 283
1808 -216 -212 -12641 -10055 -4052
-1180 17040 -16040 -2197 -3578 -3632
-32768 6800 -16312 1873 10198 -5803
-23176 3816 -3740 534 2021 1012
-28024 7412 -3076 -376 1318 5052
-29236 7984 -2956 3018 3621 2004
-23476 9856 -1228 926 -67 2838
-9760 4820 -716 672 1008 -1043
-612 -1852 -916 6790 1688 -5726
3412 -2236 -3604 13496 -3819 -5719
-17228 15092 -23408 8697 -3094 5432
-15912 2440 -4060 4285 -10811 4941
-21936 10892 -6308 3458 4494 -1257
-20444 2776 -9188 2023 1567 1539
-9708 6140 -6036 460 4161 -2515
-3544 5076 -6552 -8699 -1896 1390
440 648 -3060 -11875 -1753 1214
2956 -2844 -3384 -12044 -4349 808
-8540 16912 -11940 719 -5852 -3439
-32768 11724 204 -399 9380 4129
-32768 9624 -3764 -122 2060 3540
-32768 12404 -1240 -2295 -40 6480
-9368 5288 -1336 -2964 11907 3735
-628 6732 1708 1366 5465 117
-964 -2876 -3136 6385 -4692 -4659
-1216 -3316 -1384 8707 -5647 -6019
-17660 23920 -10792 10646 -20655 4089
-16692 4968 -9748 10092 -5969 -1952
-25664 14696 -6624 5814 7003 790
-22060 4652 -9140 6066 4282 436
-15004 8336 -6164 98 5265 -4389
-7004 2460 -6528 -6024 -1409 2513
-2784 2196 -3768 -8120 382 3002
3044 152 -4232 -8529 -3396 479
3160 2996 -2724 -9801 -1150 622
-13208 -15404 10484 -4370 3927 -5388
-32768 11508 -4680 -1318 804 1362
-24424 13240 -10404 -4249 -5562 2380
-32324 14896 5844 1661 -7241 -12706
-15876 -5180 312 8978 10209 2885
-3536 8004 5308 14574 12874 3203
-1312 3368 -3576 13490 -5054 -2005
-32768 -9588 -8016 6624 -22479 20735
-7748 2416 -11080 12445 -2525 32
-24596 11628 -6984 2711 -324 5742
-17312 4088 -6460 6632 5577 3086
-18724 6428 -7620 4057 912 845
-11816 4360 -6492 -95 1913 1798
-6376 6060 -5696 -5727 2930 369
216 -416 -3656 -13206 -1952 179
3980 -2644 -1672 -13510 -3157 -432
-3468 4148 -10968 -8472 -1925 -2083
-32768 -1340 -1852 1584 8785 -1961
-32768 9648 -2268 -568 3600 -5601
-26176 10708 -1304 -3544 -5540 3613
-16964 6552 3156 1785 8384 -519
-7184 6928 32 786 3094 -5553
-2120 -2312 -2820 6669 -594 -6121
212 -10436 -2692 15130 -3471 -6928
-17864 32084 -17992 10853 -11766 4395
-24808 1044 -10476 6300 -4785 2858
-18748 11504 -7540 3592 5506 -3281
-17992 6672 -12396 1472 6858 5150
-7096 6356 -4596 -5060 4021 333
-4672 -1480 -2940 -9506 -577 3623
1220 2900 -3456 -12048 -4593 3856
-1140 4788 -10784 -10541 -4746 1281
-28124 3468 2220 -6635 3434 -5982
-32768 7312 -6212 -6969 -2276 -3761
-30744 13552 -576 388 -3420 5708
-20268 11064 -2428 887 -1112 4444
-13284 7932 -1000 3123 1529 4619
-7996 2548 128 9867 1551 2819
-4528 -7604 -1336 17158 1036 -3999
5020 -5184 -2256 20250 -7214 -3525
-21428 17868 -1212 17028 -14267 8843
-26884 536 -4524 10961 -11522 -389
-11488 9100 -2528 5960 -261 234
-13004 1396 -10232 6882 -3062 3480
-776 2772 -3948 5585 -6567 742
1140 -1980 -3672 3493 -9460 674
1028 3712 -3416 5269 -8275 3730
-4544 22628 -13056 20174 -15547 -5022
-32768 32767 -4136 8883 32767 4397
-14020 -1180 -7052 10338 -5452 1872
-30244 14428 -4612 8821 -654 4775
-6220 -4704 -848 13705 -8443 1207
3784 -3840 -3744 21938 -12133 2660
1744 -764 -4484 25949 -7945 2268
-11068 31884 -32768 16887 -6013 8004
-16776 516 -2976 9313 -26136 4613
-23008 6616 -15256 7634 20434 4028
-23748 12944 -6964 7380 -10242 744
-24932 6192 -10600 5886 1285 -2119
-14460 2292 -9864 8197 4550 -1897
-7496 4324 -6724 6355 -1360 695
-2804 -1208 -5020 4432 -2118 3102
-320 148 -60 1291 -7710 4759
4484 -1240 -1516 -300 -12922 2659
-2860 6248 -13044 10408 -8275 1182
-32768 18616 -11800 10938 11354 -797
-29620 8332 -7732 1382 -6366 -1741
-22124 11580 -2488 -1655 898 2895
-13612 1264 -3460 1618 -2069 2286
-9432 1604 -3340 9743 2813 -3044
-764 -640 -1580 14672 -7264 -2696
5520 -6020 -2876 19898 -6226 -7072
4188 2212 -4552 17851 -2597 -5138
-14064 11508 -32768 9016 2798 2996
-32768 4352 -4644 -7341 -5729 14761
-28008 2076 -9340 -5306 -1373 -3703
-26224 5652 -5736 2128 6256 6501
-14360 284 -5224 3998 -4662 -3799
-11280 836 -6620 4253 3563 4870
-2680 2232 -6236 -824 -2421 3559
3216 2552 -3724 -3640 -4349 1807
-512 5908 -10284 -382 -3078 3123
-24992 4912 -4416 1792 841 -1854
-31376 11644 -12420 -4645 -2397 -4724
-24396 9768 -6260 -3946 1710 2971
-23332 6444 -3836 -658 4376 3331
-14540 5600 -1536 645 3508 1811
-8224 1792 -2412 1475 -2508 -751
-1696 2364 -288 6061 -513 -6344
2764 -5356 -1760 9104 -1416 -6540
-2204 8780 -14852 8717 -4902 -1
-29260 20620 -14904 1037 -7316 11401
-28628 5176 -752 683 2680 -4174
-24808 2804 -8436 7007 12877 1327
-18520 8284 -8936 6025 10271 -2117
-11780 5572 -9180 184 2822 -3211
-6352 2412 -5452 -5190 -1938 -2965
-168 -1100 -1392 -7065 -4556 -2329
708 3472 -2968 -5744 -5590 -194
-17728 3792 -1896 4419 -294 -3295
-32312 12592 -14176 4063 11133 -1879
-23704 13132 -8268 -2686 -4040 891
-17096 6324 -4744 -544 -1895 2612
-5328 1924 1108 5275 1515 -2302
3432 -3088 2924 4237 -1367 -2532
5100 -7080 -1900 9415 -8883 -4350
3916 1100 -8992 10028 -3233 -5305
-32768 32767 -16904 -3956 -50 20147
-29856 -1068 -21868 -9719 -431 -15113
-22064 6468 -2456 1971 7861 15938
-14372 6944 -6972 2527 -4231 116
-19948 -492 -10000 2400 8661 1894
-8984 1160 -8032 1310 -1144 1022
-10572 -2148 -7596 4352 864 3720
-4924 2532 -1260 3369 1620 -1259
-9048 3868 -10356 -1569 968 -3845
-6556 11060 -12252 -9660 4475 778
-24100 -1696 -1960 2261 2833 943
-18260 15624 -2948 -5549 -1883 -53
-21700 15192 -15760 -8594 2795 -7029
-16624 3484 -6956 -2418 284 6290
-8528 3540 -2572 714 2933 2527
420 -3900 2384 5011 5879 -1053
1160 -6916 -544 11583 -4372 -2063
3316 11992 -32736 2726 -2604 -1107
-23000 14784 11176 -16493 -26269 14366
-30344 5624 -19044 -4735 11095 -334
-19880 12364 -11580 -743 6622 4530
-19364 9548 -7524 -5697 5313 -5225
-15012 -160 -8176 -2783 10589 -170
-11932 3832 -5012 -2661 8632 -2936
-2264 1724 -2360 -8537 1832 -3154
312 1340 1280 -12553 -5684 -6845
-18100 8320 -4936 -3147 -10485 -2013
-24004 14648 -13712 -6310 -2242 305
-18632 13352 -9600 -3819 876 -32
-21128 13780 -6552 -5154 2912 2038
-14868 9184 -2568 -7688 4651 -3046
-11404 5992 -1708 -7491 5580 -2825
-3808 2180 740 -2846 554 -3572
1096 -5236 636 5556 3016 -7845
1780 -192 -13300 7535 6555 -8177
-28368 24112 -8084 -5146 -11469 4940
-20984 2920 -6268 -5165 -8147 -8169
-28160 8460 -6620 998 8700 1642
-17020 6364 -6408 4391 5817 -6390
-9840 3056 -9392 1251 271 -3677
-3872 1448 -5444 -5754 1899 6452
4304 -2568 2444 -10963 -6399 -887
6640 688 -7696 -5888 -246 -2860
-29196 20952 -1100 -205 -835 -6254
-32444 8352 -18464 -11411 398 -5611
-28076 12412 -3224 -10644 -1818 4807
-11904 5948 -5400 -4431 -1194 -1281
-1244 1196 600 2649 -655 -1620
3756 -4960 -364 10219 -5247 1193
-2284 -3292 820 14496 -9832 -4860
-6620 -4760 476 22321 -5975 -6069
-13844 11332 -32768 12382 3621 4231
-22396 8668 1772 2838 -19513 7180
-26244 -480 -13076 1345 7140 -3271
-21800 11944 -10484 -2509 6683 -3
-10208 4120 -8764 -7747 146 -5890
252 -3624 -1712 -10307 3481 1003
2356 -2640 260 -9813 987 -1632
3640 -244 48 -12048 -3919 -2919
964 2776 -2628 -7346 -5842 -5097
-32768 7996 -9884 8466 10920 -7429
-25608 13468 -13120 -12242 -5018 -7405
-15680 5160 -3544 -11941 2580 1214
-21724 9148 -6976 -14705 3781 -86
-11080 6120 -1588 -16457 4113 -3994
-3732 5220 -576 -14329 6149 -3355
4652 -6228 -1912 -8580 7701 -6262
104 2044 -12356 -3930 5564 -8813
-30868 23756 -2800 -11183 3489 7143
-25884 3604 -2284 -9305 1096 -11092
-22100 6828 -7564 -9405 11413 3658
-16596 8184 -9448 -7705 10448 -3746
-8736 5888 -5820 -13543 7523 -6268
-1784 872 -3828 -18814 5626 1167
1860 380 484 -20257 3055 -2365
368 -3176 -5948 -19322 -712 -3358
-32768 -12040 1652 -1535 5438 -6420
-23660 9112 -3452 -13443 4968 -5679
-23744 7628 -3700 -8772 -10513 -2198
-30680 5788 -3736 -5078 -1950 3052
-21148 8940 400 -4081 5235 3398
-9800 9904 940 -7000 4247 -470
-4392 2096 -152 -4377 2411 -3055
3316 -7452 568 3719 4293 -4985
716 4824 -14972 7895 1884 -2371
-32272 17876 -15988 -1736 -10665 10333
-19968 8648 1684 2856 -1012 -7124
-23340 6052 -9624 3125 10975 2966
-10872 6804 -8076 2510 6410 394
-8736 6024 -6488 -5145 6509 -448
568 -512 -2244 -11569 -2597 2036
3624 -2488 -156 -9478 -3651 -348
1164 1880 -2936 -8308 -3370 -3896
-32768 -2608 -9136 7838 14097 -3050
-23416 13584 -6768 -889 -3944 -3317
-22012 9084 -4792 6867 -2118 1275
-21684 10948 -3608 2428 1866 4981
-11156 3096 512 1365 2809 -1548
-2012 1916 -1296 2884 1141 -3791
1416 1372 -4252 8612 1175 -2865
80 1372 -1460 12117 -4949 -3599
-32768 29360 -16848 6393 -22231 14849
-20340 4628 1528 7591 2201 -6736
-21560 8928 -8868 3947 2470 256
-21152 7940 -11908 -497 10732 3951
-7476 3996 -6744 -4500 6689 -2538
1524 500 568 -9674 -3349 -1181
2996 -3064 -2732 -10495 -1119 -391
-324 2928 -2236 -10265 -4949 -2116
-30128 -21628 6556 15030 17880 -2719
-32748 19116 -11772 -2305 -1915 -2894
-18828 10012 -7068 -674 -512 2487
-22072 6692 -6408 -2228 1033 4226
-8736 4268 -928 1693 235 -915
2988 -2864 -2196 6184 963 -3361
5568 1928 -4248 7492 965 -1089
-7372 20512 -32768 -1651 -3638 5640
-32768 -9500 -7200 -1325 -13450 8132
-23944 16136 -8232 1882 4398 3856
-22628 8256 -12764 5197 3751 -597
-13228 4968 -7520 1746 1198 -4931
-4296 580 -6152 -1107 -863 1524
7220 2420 -600 -3730 -2322 414
2792 -680 -3680 -6114 -1683 2652
-820 2460 -3980 -8179 -4122 369
-11272 31892 -16428 13473 -4600 -2980
-32768 29864 -12580 260 13639 -749
-20280 6736 -6508 287 -3081 3096
-18844 6776 -1960 3622 3160 1108
1368 -4360 -736 6831 719 -2715
5596 -776 -4456 8430 -1905 -3440
528 2108 -3148 4391 -2161 -2744
-32768 32767 -2480 3069 -8766 20941
-32768 568 -14348 2454 -8523 -18166
-18896 12092 -4068 -4006 7447 11849
-17476 5232 -7044 -240 -150 -5644
-14784 3136 -5500 106 1372 -4865
1124 224 -3344 -4351 -8635 261
4880 1476 -2580 -4672 -4002 78
556 -780 -4908 -1919 -2438 673
-8628 19444 -15896 11111 3063 -2377
-32768 26412 -7268 -743 20107 -3188
-25332 4720 -5228 1777 -4602 10748
-21164 11020 1828 -360 565 8251
-3424 1608 -2044 -281 -161 3277
1148 40 -560 5316 4691 -1580
-808 -3820 -148 8889 -3337 -3534
-712 -2196 68 9581 -6896 -8779
-3780 13692 -32768 4509 4751 -2291
-32768 -4600 -11504 -4905 -29302 16662
-30552 7384 -8320 3017 7144 -13762
-29280 10864 -5948 3494 -1149 10456
-22992 5852 -8264 3522 4336 -6506
-12960 5968 -7980 -570 3524 -1393
-5680 12 -2844 -5186 3418 3932
3388 200 -792 -7662 -5951 10
4264 -2328 -2072 -6199 -2115 327
-1540 4808 -7268 -4242 -5164 -1375
-32768 9232 -11700 10087 12155 -5352
-25796 10104 -9456 -2779 -6997 -1665
-21552 7524 -1320 -985 787 3053
-16604 4876 -6008 -2147 -881 6720
-3708 860 -676 2634 8055 -1974
-448 -1220 -1484 9073 -3927 -298
3068 -868 144 11172 -7398 -3074
-2848 7448 -13860 9852 -8866 -1803
-32768 14836 -19360 2296 -17519 19410
-25836 15180 404 4974 -4125 -16237
-21912 8872 -10056 1946 7442 10384
-16784 3976 -9520 1763 7102 -1190
-5012 2576 -1108 315 4947 -1514
4160 -2272 380 -4440 1325 3021
1188 844 -4264 -5637 -2418 816
-1272 2528 -4268 -3601 -5195 -1155
-32768 17004 -4724 8372 9377 -11739
-23928 6516 -10160 -3483 -2786 -1888
-21704 9564 -2872 953 3231 3704
-17672 7996 -5380 -1117 -872 4170
-2044 -240 -2000 2522 2379 -3486
4544 -132 792 2228 -2236 -2803
2288 -812 -1472 4415 -5066 -4773
-4436 10576 -31292 3929 758 -4387
-27860 -10356 -4640 81 -12346 11662
-32024 8748 -11012 5702 9196 -7512
-22236 7912 -8912 2386 -885 9934
-16052 4316 -6144 2957 5206 -5902
-5028 2772 -4620 -4126 -268 1403
4544 -1300 -1792 -5051 -908 1268
2448 -636 -1912 -6080 -945 -661
1168 8896 -12068 7 -1346 -2328
-32768 13264 -8516 2308 11308 -9194
-25648 6008 -7460 -5320 -320 -4259
-27692 9904 -1132 -1111 1196 4956
-22040 3464 -4396 -158 2708 3743
-7568 4404 -2740 1783 442 1186
2468 1588 1000 2864 2844 -1309
2728 -3492 -5904 7208 -250 -1301
-1244 744 -1156 6689 -3492 -5428
-8960 14320 -22996 3801 -1923 2564
-32080 -6168 -5788 -451 -5595 13586
-21772 8676 -7416 2903 4159 -7207
-24988 7724 -8860 1493 6190 9331
-14648 1824 -4920 1990 1708 -5958
-8868 2212 -4768 -1167 2167 1441
-856 756 -4896 -3299 -520 3764
1668 1456 -1216 -6191 -5434 666
1732 -32 -3048 -5965 -3492 585
-29708 -6036 8744 3278 -1678 -1521
-32768 15148 -10036 408 -4906 -707
-23764 6676 -3324 1348 -1670 128
-29356 7128 -6876 1613 6066 4701
-17732 5620 -1568 -2331 -413 -1790
-2772 5828 224 535 -1946 -276
1980 -3456 -2488 6476 1724 -2842
2868 -1180 -2988 9471 -4176 -5361
-1176 2824 -10096 7867 -6966 -5759
-32768 21708 -6284 6230 -9800 16994
-26588 14396 1212 4096 -8370 -13537
-21420 7848 -10160 3143 10359 7771
-18196 6520 -8996 -49 5906 932
-10196 4616 -1976 -3821 -84 -1580
-1440 324 -1440 -8351 -171 4538
2240 2308 -3544 -10896 -2427 3004
2712 504 -3160 -11415 -904 2449
-32768 -21116 2336 4696 7924 -2718
-30452 13436 -6024 -8227 -6527 -1736
-22704 4664 -4644 795 -2509 -74
-22788 7328 -2488 -416 2188 4822
-9292 3952 -2436 2112 7310 -1652
-1808 932 -1488 7616 776 -4320
3976 -3896 -2268 10288 1412 -5565
352 -928 -1172 11170 -4613 -3249
-20928 30052 -32768 1495 -3886 10842
-20692 -9180 -2724 4258 -12690 297
-19732 14564 -6040 2978 8545 765
-26936 4744 -7888 -1703 -1107 8108
-16644 5548 -4580 -2146 5886 -6066
-10504 4820 -10112 -13728 -2260 2302
8600 472 -4748 -15122 -1548 537
3584 -2428 -2188 -13371 2816 2089
-5432 4936 -6296 -10197 -3195 4546
-6268 -1692 -2912 -6353 -2945 -1984
-13708 11448 -8208 4650 -9773 -7635
-12288 2172 6088 4878 18515 -18123
-9632 80 -10136 -1708 1430 -11562
-25944 7028 -25860 8425 5833 -5481
-11040 1368 2388 7096 -6291 -15112
-20508 21836 -13204 -2458 -1865 -1502
-10520 84 -18280 -8906 1189 -5112
-20852 -1472 -2744 -19290 9726 432
-20460 432 -164 -14367 -3043 -2884
-20716 -2228 -668 -7379 -8227 1413
-30780 5492 532 -6426 -4097 2808
-26800 5888 -3804 -3643 -4388 931
-17776 3996 -3764 -1302 -1357 3633
-14200 3976 92 7 -138 81
-12684 -1536 -2388 471 -866 1421
-10056 2096 -568 1725 -1307 -243
-13372 1832 -2920 -1234 -2005 -649
-13884 -824 -2364 1311 -3149 -3883
-16764 480 -1400 -512 -3480 -4826
-17960 -20 -668 -1441 -3472 -4148
-15596 -3312 1192 -2386 -3546 -1170
-15040 -1800 -572 -3149 -2965 -2273
-14796 -1824 88 -2471 -3378 -3458
-14252 -1996 208 -1512 -2994 -3312
-14668 -3668 3116 -1704 -3102 -3416
-15044 -2580 3512 -4138 -2297 -2489
-15416 -4964 4572 -4626 -1534 -2753
-15208 -7540 4452 -4709 355 -1690
-13068 -6408 5068 -2199 69 -3186
-13912 -6272 1088 -1891 445 -1767
-14136 -5048 504 -510 -22 -1501
-14144 -5744 976 729 -155 -516
-14080 -6124 1884 1759 -56 -960
-14292 -5572 1528 921 88 -82
-14276 -5628 948 789 207 -108
-13916 -5512 920 443 -113 394
-14084 -5736 1088 575 -296 355
-13832 -5688 1268 686 -262 489
-14160 -5448 1420 699 -318 459
-13988 -5544 1412 567 -263 498
-13996 -5416 1584 563 -137 466
-14176 -5496 1208 559 -231 447
-13828 -5484 1412 687 -113 492
-14148 -5396 1412 651 -98 460
-13968 -5256 1368 724 -150 440
-14032 -5300 1664 573 -140 452
-14092 -5388 1160 508 -180 381
-14108 -5460 1476 582 -182 250
-12664 -5500 3408 1435 295 -70
-15324 -5780 1164 308 -56 803
-14452 -4700 128 125 155 766
-14152 -5256 1156 556 -124 502
-13512 -5836 2588 1196 -164 252
-14084 -5120 1068 659 -266 322
-14140 -4860 1096 633 -283 448
-14196 -5220 1352 647 -493 223
-14140 -5316 1616 772 -285 65
-14012 -5308 1552 837 -296 82
-13904 -5172 1464 695 -43 226
-14544 -5192 1740 332 -36 486
-14264 -5140 996 280 -113 325
-14152 -5236 1396 301 -157 199
-13736 -4996 1328 431 -366 254
-13964 -5656 1768 558 -17 -29
-14208 -5092 1512 457 -88 264
-14156 -5180 1364 564 -69 270
-14100 -5364 1560 583 -82 356
-13960 -5300 1404 442 -88 348
-14264 -5076 1712 530 -100 378
-14296 -5400 1332 636 -18 273
-14072 -5180 1172 408 -268 332
-13752 -5328 1556 610 58 178
-14148 -5340 1552 526 96 257
-14156 -5432 1400 544 -14 267
-14068 -5216 1404 428 68 354
-13948 -5664 1392 739 32 605
-15028 -4760 968 799 -90 244
-13972 -5108 1456 267 -11 393
-14028 -5224 1224 294 -60 193
-14152 -5224 1308 430 -193 219
-14348 -5240 1156 571 -156 174
-14104 -5164 1152 615 -220 199
-14120 -5192 1528 518 -221 210
-14316 -5200 1432 528 -224 253
-14172 -5276 1328 591 -91 296
-14392 -5012 1332 417 -237 352
-14148 -5256 1248 687 -212 360
-14144 -5092 1544 544 -269 241
-14120 -5312 1424 552 -202 308
