-4380 -14996 2020 1048 351 -207
-4216 -14488 2108 1843 -4 -500
-4028 -13860 2260 1694 195 -1113
-3716 -14092 2200 2289 -94 -2172
-3856 -15508 2180 199 217 -2261
-4344 -16364 2112 155 138 -594
-4396 -15300 2328 -190 311 861
-4180 -14812 2276 115 195 921
-3768 -14796 2200 457 -168 383
-3556 -14760 2248 761 -497 24
-3648 -15004 2552 312 -384 -142
-3864 -15100 2616 569 -299 -127
-3896 -15184 2324 283 -106 -3
-3832 -15044 2296 474 -163 222
-4156 -14976 2096 16 -180 288
-4104 -15320 1980 -79 -459 356
-3852 -15188 2340 289 -697 596
-3992 -14748 2452 -43 -432 463
-4012 -14904 2144 -102 -431 436
-4188 -14724 1956 -549 -598 382
-4412 -15484 1624 -1429 -770 314
-4032 -15660 1864 248 -1631 991
-3816 -14876 2388 1008 -1622 1263
-3832 -14788 2044 460 -943 1092
-3884 -14948 1888 502 -1141 914
-3836 -14508 2052 282 -1078 934
-4228 -14708 2068 -646 -689 318
-4468 -14752 2208 72 -920 167
-4296 -14808 2444 -131 -452 34
-4400 -14808 2168 205 -447 136
-4676 -15076 2396 576 -408 47
-4508 -15792 2564 3301 -1342 -600
-3472 -14324 3052 2427 -1272 -44
-3100 -14092 3840 1301 1035 -30
-3748 -14288 3192 794 1810 -690
-4584 -14628 2640 896 1592 -1374
-4964 -14708 2460 683 1163 -1503
-5112 -14960 2280 605 548 -1076
-4876 -15136 2112 893 -76 -678
-4460 -14904 2460 480 -390 -309
-4324 -14984 2568 300 -688 -206
-3816 -15072 2960 238 -1032 -82
-3692 -14532 3036 385 -1204 144
-3748 -14692 2928 453 -930 -120
-3536 -14952 2656 684 -694 99
-3596 -14708 2652 541 -587 209
-3544 -14880 2612 426 -602 58
-3484 -14936 2664 -165 -502 73
-3480 -14952 2964 257 -507 -30
-3740 -14892 2788 371 -120 -53
-3540 -14960 3096 369 -74 -140
-3576 -15000 2840 393 -99 -62
-3620 -14808 2864 -9 245 129
-3576 -14948 2760 -788 647 154
-3900 -14904 2608 571 361 125
-3724 -14540 2680 460 414 -150
-4108 -14816 2476 330 490 -212
-4180 -14880 2664 361 257 -309
-4072 -15016 2672 223 -18 -252
-4072 -14796 2824 305 -253 -252
-3988 -14844 2788 315 -137 -217
-3944 -14704 2780 253 -59 -244
-3976 -14804 2764 376 -173 -424
-3872 -14956 2788 309 -315 -569
-3772 -14800 2588 368 -363 -409
-3868 -14560 2628 253 -94 -586
-3672 -14620 2736 225 -145 -816
-3916 -14872 2560 196 -221 -997
-3700 -15008 2772 384 107 -943
-3584 -14508 2768 406 441 -1017
-3648 -14140 2480 447 632 -1359
-3704 -13780 2560 111 618 -1593
-3680 -13624 2528 -485 698 -1735
-4264 -13120 2216 -1448 617 -1564
-5668 -11424 1268 -2433 -973 -753
-6316 -12164 204 -1503 -4950 1533
-7764 -19588 2052 2090 -9786 2942
-7196 -22236 4868 1282 -13728 1363
-5304 -25676 4304 5446 -16519 -4146
-788 -22264 1268 2546 -11632 -10232
2048 -14928 2884 1005 -10351 -10612
5548 -5940 1972 10616 -9818 -8665
5624 328 1688 11623 -1791 -6563
5468 -4192 -1112 10127 10965 -3753
-3992 -16028 10888 14409 21079 -11746
1564 -24384 13788 -3174 -2435 -6138
12216 -9848 25840 -3607 -4799 612
644 -8860 3112 -1466 3856 -4060
-2164 -1936 2688 -12917 5128 -221
-4856 -400 4072 -10233 5067 2565
-5792 -2812 700 -1689 868 9729
-9360 -9332 2384 8122 -2006 16555
-3768 -32768 8516 21404 -16683 8908
2092 -32768 21680 6557 -8196 24931
200 -26256 12976 4378 -14831 14309
4488 -16884 4820 5995 -15677 1344
5464 -3168 1728 -10139 -9249 -187
6212 504 -2424 -10461 -2801 -1011
3872 1704 -2624 -4204 1887 -5247
7080 4900 764 -9465 10166 -4525
10216 -7756 11520 9939 11993 -5839
-2108 -32768 15416 13040 17000 -17723
14252 -32768 32767 -1532 -6309 -5814
900 -5092 7456 -1188 2362 -27
-4776 -4104 -4624 -9585 3857 -6617
-6404 -1616 -2344 -5610 4708 -6452
-5412 1092 -1888 -1289 1741 729
-6452 -4476 1496 3209 -1931 9438
-17964 -29224 8472 -8841 -9307 11734
1452 -32768 18004 10342 -23907 18192
15092 -32768 12348 10199 -15853 11451
11192 -17156 5612 3900 -9266 363
6412 -7780 -2172 2801 2814 -6971
6648 2296 -6348 -1654 1694 -6995
6796 2012 -4320 3050 2691 -10577
10672 -2372 2324 1777 3552 -10640
11508 -25132 13396 -1529 1713 -16133
20236 -25428 18288 913 7914 -10864
9460 -15720 12996 -8941 13846 -10428
-160 -13560 6816 -5424 13819 -13544
-3920 -5740 4340 -12497 13170 -11111
-8704 -1668 708 -20756 12876 -6178
-11320 -948 1424 -15802 5039 5242
-9176 -5256 2528 -3111 -3965 16353
-12896 -21732 8180 6270 -7758 21050
7772 -32768 11416 1337 -8209 14627
9460 -32768 13664 27090 -27216 21367
9652 -21376 1520 8104 -21536 593
1984 -4680 -2068 1768 -13335 -10715
6012 -1764 -3420 -6303 -1472 -10284
2720 -628 -4948 -4453 5337 -13729
5184 -8000 1268 943 11081 -15953
6976 -6284 8724 -2996 14210 -13655
4712 -22212 17900 -3947 10252 -12000
17900 -27392 19196 6687 -3181 -1248
11308 -5416 10968 -406 3235 -1052
2984 -7956 656 -10089 6427 -3477
-2212 -9212 1720 -6021 7488 -5189
-1204 -120 1768 11488 -1581 -6368
-2244 3056 2996 6638 -102 4338
-6436 -3076 5932 -3654 -3542 3957
7932 -32768 9688 6019 -15002 918
20336 -28792 19532 15466 -3166 10877
19476 -19524 15788 3893 956 12350
12760 -15488 8056 8315 10136 3028
6464 -9484 1900 1239 9318 -4244
4796 -184 -1328 -1135 12946 -5539
6208 3176 -4240 -7639 16273 -4264
8476 -2496 5048 -7832 16254 -1236
-1120 -18440 15292 -9870 11996 -10900
5232 -31228 16444 1847 -1473 -14770
9004 -7164 15816 -765 6146 -7805
-196 -12828 -216 -15618 13885 -12609
-2428 -6608 -756 -6466 13106 -13021
-2744 -1080 1260 -2669 9452 -8396
-3040 -864 1500 84 5498 -1129
-2940 -6504 6368 -3432 5580 5272
7756 -32768 8900 4500 -7426 -9911
17460 -24072 24172 3479 -274 2285
6088 -18208 10540 -7531 3338 -3629
7252 -16024 4176 692 -455 -9667
3688 -6248 3108 6267 -812 -12517
3428 -2308 1588 1408 -1583 -13306
1576 -140 -944 6098 219 -12360
964 3296 -7812 771 10578 -11896
2228 -5392 -6464 1970 21403 -9732
-2132 -26148 3800 -6792 23887 -6170
18372 -31984 32767 -12994 1179 3723
20632 -7164 23724 8870 6360 -2355
7024 -3488 6944 -6632 11034 -5753
-468 -9120 -408 1809 15638 -8090
-2200 -2748 508 2317 15517 -3354
-7664 -4300 5800 3852 15390 2889
-1428 -32768 9920 13111 5326 -7598
8372 -17864 22776 -3779 -4227 -6603
5876 -8784 17584 -6481 -4688 1093
3112 -10540 1560 -3116 -4059 -6660
5052 -2664 4372 -771 271 -6026
5452 104 -676 466 7263 -2973
8152 -1524 -1480 -5793 12579 -1020
11696 -8228 7476 -2233 16881 292
-10344 -18500 16764 -4887 25587 -13716
9404 -32768 32767 -12384 -5583 1068
10088 -21276 19476 21382 -3823 1057
3144 -7584 6192 -10273 5352 -6752
992 -7420 4040 -2911 3816 -8107
-208 -1052 -1568 -1668 1979 -9409
-712 628 -1112 -6548 5608 -6884
-2536 332 172 -5144 7687 -861
-4668 -7476 5520 -2166 8346 5734
-1404 -32768 16736 3336 -1514 3738
3032 -32768 22080 2446 -2633 5153
7812 -27740 14244 -214 -7516 2094
8832 -9724 6056 -2841 -6915 479
7268 -6404 1644 -3184 -5983 -3446
6556 -3972 -3824 -1079 4872 -10316
6180 -780 -272 3978 11722 -7795
6452 -1824 1632 2097 17539 -6120
8848 -9908 11400 1963 22883 -4594
4240 -32768 8308 176 11163 -18983
8020 -23144 32767 15977 -2817 1438
912 -11992 11704 952 7772 -8843
-3212 -11060 10944 1717 4004 -5821
-4196 -6368 5340 -5511 -5117 -7758
-2284 -3104 4456 -6244 -4893 -6669
-2636 -2544 4396 -8152 -3983 -2555
-3432 -5948 2480 -1375 -7620 6514
-2476 -6864 2624 3292 -11098 15347
2256 -20852 7624 6843 -16979 17361
19044 -32768 7264 4725 -17160 5404
20620 -30164 9504 7328 -15034 -1244
16700 -14408 -232 -8877 -4456 -4768
3804 -1816 -2088 -8026 -3258 -6082
7384 -5556 2624 2128 -1813 -9156
8024 1468 5984 6220 3218 -4457
9948 -3184 7452 1757 7513 -5894
11824 -12256 4308 -8582 8704 -7337
14580 -25116 8984 -5594 -1819 -5345
18052 -21520 12136 4619 -5571 -2966
7880 -9648 6880 -5237 2002 -2784
4292 -8460 5728 -6025 948 -1400
3092 -4112 2988 -2873 -828 3986
2088 -2588 1568 -1633 -3161 8196
11408 -5848 -2260 -1783 -4393 8673
20476 -26584 -5512 -15071 3445 -169
11148 -26188 8156 10109 4675 -6949
6928 -15180 6812 2798 5154 -2988
2144 -7092 -304 1911 8898 244
1828 72 -4704 2491 11457 4035
5772 984 -3820 4050 10975 10048
5284 -3952 1368 7407 10117 10011
-25352 -32768 9092 -4615 5224 -8561
22076 -17380 32767 -13605 -15364 9046
10076 -24684 384 3574 -18280 -3957
16256 -15688 13004 -14301 2717 -1356
10940 -22664 868 -2003 -2061 -6222
8436 -18528 3916 -4189 -2323 -9495
5252 -14104 3344 -5848 -3182 -5354
-1084 -5136 7628 965 -5166 996
-3820 -4768 5252 9380 -6111 6820
-2156 -7304 4844 10321 -4651 15192
6800 -32768 -280 8245 -12455 14507
15924 -31132 2380 9613 -10170 13215
9956 -21568 3288 -183 -11311 8342
7144 -17348 2760 11582 -11736 -199
8400 -9648 708 9328 -6085 -3967
3548 -5936 -448 6797 -1966 -1669
8240 -3552 -1584 11271 450 2155
6056 -5828 1576 10621 7948 -871
3404 -21832 10628 7108 3401 39
8388 -18312 12048 1039 -2258 5917
5860 -16856 8744 -6880 -5019 5406
6936 -12552 7116 -585 -3828 340
3948 -6692 5684 -234 -449 -97
-624 -1300 4580 4092 3875 1948
-1636 1152 344 -1131 7228 6968
-1100 -9372 1460 127 2273 15950
-664 -32768 5380 -3535 -5127 9145
3456 -32768 8684 -9931 -6208 4860
4968 -27748 15380 -18355 -5551 2253
4940 -15512 8128 -13684 716 -4322
1624 -7380 3240 -7506 21309 -6357
32767 -11168 -12788 -12217 10058 -3414
8492 456 -4064 -5676 5838 5020
7556 -2940 -4416 -6860 21176 7909
7684 -13512 6448 13541 26796 8278
-12884 -32768 -3852 4911 7092 -5357
-4584 -12372 23640 12841 -770 -5464
-13168 -32768 -13408 -2631 14046 -7430
-5028 -18756 4968 5966 3273 -6028
-4420 -6372 1188 10886 -6543 -4431
-5352 -1676 -36 3760 -11153 1386
-4468 -3512 268 10184 -14274 8694
-4896 -12492 2888 13957 -18853 15905
500 -32768 11572 21154 -29121 9876
6140 -23804 13088 9320 -16727 9260
3984 -18260 8720 3333 -12212 3700
5904 -11156 5616 2882 -9493 -1096
4844 -3612 1380 515 -5181 -830
1712 -288 -320 -301 -1734 920
-56 984 -36 2542 -946 3403
-1404 -2212 3680 1220 2453 7071
-3360 -32768 14140 4260 -14909 -75
14296 -24136 21096 7753 -11351 21479
8668 -16536 11920 -3920 -3376 14583
972 -11392 7244 -1756 -5749 3968
96 -5016 8228 3460 -9292 1735
-2428 -2760 6248 -2626 -9725 2592
-6888 -1092 4084 -100 -13514 6718
-2848 -5072 -264 -1466 -15894 13887
-9528 -16484 3056 -2701 -18561 12209
3368 -32768 6508 4731 -18459 3196
5772 -27728 10536 -1843 -13046 10083
3784 -21656 4844 -5909 -13366 4911
6176 -11592 2044 426 -15027 2177
9728 -2432 2940 3147 -14216 2315
7988 2548 -608 2875 -6154 845
3580 1424 -1632 3666 2612 120
-1712 -6792 6960 3087 8133 -426
7652 -32768 2996 3090 2532 -6786
21432 -19512 20408 -212 -3362 10521
5252 -17612 4780 -14061 1987 -574
1076 -12616 6564 -1899 914 -4049
-552 -6000 5768 2654 241 -3769
-2460 -2380 3576 -892 -837 1144
-6636 -3368 3880 371 -4425 7455
-7356 -7860 2936 5118 -6692 16582
-18468 -32768 9648 10863 -15910 15157
17704 -32768 10932 9962 -10483 6913
16008 -22292 11028 320 -8296 16272
8632 -12208 2452 -1910 -8539 5144
5696 -6708 -640 2022 -6560 -2860
5188 -128 -1724 2306 -5357 -3175
3248 288 -3248 -449 -1675 -517
5016 -56 -4240 -323 2756 1339
8532 -4800 6436 6985 3705 -240
580 -32768 7516 -3797 5354 -18227
25824 -32768 32767 9458 -10854 -8854
11372 -5788 18716 -3736 3180 -3321
2268 -12636 3128 -21337 10615 -7941
-1720 -4924 5624 -6901 12177 -2535
-2216 -932 -1732 -6506 3023 1818
-4048 -2600 -1416 5223 -1118 7035
-3464 -7172 2112 11842 -5461 10705
-23820 -24580 12220 9858 -7795 6664
17712 -32768 12708 -11117 -4143 -6617
14100 -24980 10188 -474 -12632 17359
6528 -12104 1536 -10176 -2291 2278
11216 -5492 -668 4008 -509 1348
6288 792 -2172 5253 1142 2705
7480 3092 -708 -1977 5872 1003
8896 -4140 1144 4868 7838 31
3608 -8264 12948 10791 10509 -4237
12244 -32768 10328 -7654 9899 -20210
12440 -20960 24428 -203 -7995 622
712 -11008 3708 -13953 7648 -8737
-1628 -9304 5980 -5061 6466 -10212
-1884 -2532 3068 4900 -541 -8019
-4796 104 2576 3281 -1555 -121
-4872 -6856 3412 10068 -1588 7048
-8388 -14252 5716 10589 -2725 13676
7036 -32768 11492 14477 -13395 4315
10292 -22992 14836 2163 -5472 12632
3444 -14396 7652 -10258 -3707 8874
3964 -9988 2868 -1849 -5761 1917
6404 -1980 76 -687 -4801 1519
6880 1716 -2692 -2501 -1855 1349
9188 940 -2504 1725 2665 668
13532 -6276 7000 -1957 7044 -6501
14740 -32768 13788 309 9681 -16214
20120 -32768 19784 -7830 4447 -12911
12064 -14144 9032 -5061 1402 -2786
856 -14360 1140 -3473 11865 -14468
-3124 -10436 7788 344 8687 -13552
-3484 -3864 4212 893 4956 -2970
-5612 1684 3932 -2210 1752 8685
-4200 -13984 4012 9877 -1 16139
-11936 -14004 7168 12396 -1968 22234
5736 -32768 13104 4705 -7622 13732
15144 -28208 17028 12950 -12225 20781
12296 -16856 9464 -7206 -5184 3547
6676 -19380 3808 -5221 921 -14370
5528 -1396 -664 -3116 2644 -16801
3920 668 -2220 -5068 7268 -16341
8636 -1816 -4000 -2310 13865 -13965
8980 2096 3744 -3876 19358 -20068
4980 -26556 9472 -20008 19424 -29306
20084 -32768 24244 1094 -791 -4686
13564 -8972 10064 -10157 3201 -2678
6788 -13880 7112 -1449 10809 -4837
436 -7900 5472 -5515 8322 -4142
-1720 -6072 1384 -4415 5767 781
-1608 -3860 2416 1460 577 6895
-604 -10408 2496 7293 -3129 14540
-732 -22020 11788 19600 -7672 16403
6512 -25540 11876 6708 -2761 7762
9548 -23048 15260 5636 -5528 6867
5360 -13692 8236 -2231 -5105 2686
3140 -7964 1748 -5498 -4349 2520
5468 -4692 -308 -1429 -3979 4706
8788 -728 -2320 2311 2365 2858
11160 -3588 896 4094 7244 775
5708 -6332 19916 9177 11211 -2330
9024 -32768 17572 -2308 2393 -15821
14904 -9132 28204 6059 -895 833
2748 -10412 5812 -14282 5766 -9835
-1892 -9256 -2452 -3234 6087 -11276
-2764 -1896 -768 1662 3335 -7267
-2916 -464 1260 -5899 5138 -3380
-3436 -11080 2800 -2316 5467 3862
-2632 -15680 9316 9966 3697 9119
-340 -32768 10300 -1791 -4247 1128
11640 -25056 22008 -3714 -9940 8359
2912 -12304 8820 -3835 -13257 8801
5248 -8332 1560 -29 -12612 4489
5708 644 3400 9040 -8993 8743
7056 512 100 10913 -5287 8894
9076 -8552 236 9731 6640 2644
1464 -12736 11440 6363 23911 -12288
8364 -32076 21664 -6615 2827 -11049
13704 -11912 18680 -3164 1035 513
-4448 -9776 3836 -13380 8552 -10793
-3396 -6472 4012 -5864 6610 -8642
-3008 -1252 3960 -474 4285 -5369
-3880 -944 1780 3501 356 2325
-3940 -7788 3376 13418 -2374 10070
-19780 -17448 13692 10154 -7663 5499
8080 -32768 18132 12486 -13000 -5309
12428 -14436 25840 -4390 -11021 17578
6068 -19320 6248 -2436 -10928 6510
-3756 -4688 1700 -5042 -10942 -3295
4560 136 -2168 -7440 433 151
5064 1828 -3876 -3684 1833 -535
9180 -728 1200 473 5579 -1759
12428 -7484 13104 5783 11275 -5930
15524 -32768 13480 -4798 5261 -18877
15436 -17272 25184 -1374 -3802 4318
2660 -11128 -32 -4041 5049 -9895
-9844 -9068 5236 -9824 6932 -14711
-2004 -4668 4756 -4068 5711 -8487
-2556 344 16 4739 3759 -541
-6672 -2160 3516 -583 3324 5855
-17760 -32768 11832 -1503 -9149 6837
14904 -32768 13976 2066 -7683 4388
10864 -25028 10248 -1122 -8922 10553
11904 -20224 6296 2738 -10337 16
10088 -9372 3560 -1722 66 2528
6472 2064 -724 -4093 -103 4769
4688 2424 -1808 6821 2944 351
4828 880 -4568 6356 7679 -1975
4968 -4608 1624 9292 15159 -7849
3108 -32768 14344 -5600 -4638 -9888
27628 -26556 23404 17704 -8859 2174
12344 -8024 11696 -12486 12801 -8159
2600 -10944 8672 -7995 11324 -6394
-872 -7104 2956 -586 811 -6259
-1012 -2600 2728 -790 1452 -703
-1228 -2992 3732 -1091 231 5388
-1352 -7824 3756 248 -886 8376
10180 -32768 10196 11534 -12247 -4583
13984 -18440 17092 3305 -3307 5314
4568 -15020 9104 -13577 723 8003
6324 -8392 6532 -321 -4746 9245
15252 -16220 18984 6454 -682 7336
12208 -13432 22688 10819 9858 -7982
-2260 -15264 -2104 16730 9520 -16246
-2324 -15260 -660 10591 812 -4415
1196 -10796 -572 171 -556 -1481
2304 -8308 6940 -4225 -281 -1065
4448 -8384 8620 -3747 -245 1546
5900 -8852 10312 1919 -2750 323
6784 -7432 9576 -259 13 -459
5392 -9508 9800 -4644 2587 -1667
4464 -12188 9748 -4674 2335 -2750
4308 -12044 10400 1468 2598 -2711
3248 -10520 10132 1209 3430 -2114
2164 -11876 9512 1955 2577 -1401
2016 -10948 11472 3947 -570 1978
3036 -9752 11852 2228 -1515 4325
2788 -8788 10796 1050 816 3845
2964 -8580 10464 -503 2236 3336
2820 -8892 10720 -1184 1899 2881
2940 -9516 10600 -2303 1751 2168
2688 -10660 10660 -494 1180 1397
2372 -11248 10608 776 770 -103
2544 -11696 10156 663 323 -600
2504 -10572 9848 -1441 12 -94
1500 -11332 9772 -1973 -605 -125
1488 -11852 10400 -396 -39 -291
1360 -11376 10424 -1547 1459 137
488 -11460 10056 -1907 2123 332
384 -11900 9840 -866 1750 516
724 -11764 10004 92 1336 1041
920 -11924 9780 909 906 1035
992 -11464 9860 1532 401 1079
328 -11208 9340 1265 441 1166
132 -11348 9444 1840 599 1041
1472 -11672 9932 2007 110 1270
2724 -10896 10140 1502 104 -393
1228 -11064 9716 568 347 -1979
476 -11216 9920 1466 445 -2279
-640 -11300 9484 972 1671 -1676
-1444 -11808 9852 431 2247 -249
-1148 -11552 10652 1055 1756 1576
652 -10496 11556 2264 309 2268
1364 -10664 10688 3479 -752 1955
572 -10040 10532 2075 -61 1084
-356 -10672 10556 1457 980 609
-1040 -9972 9940 1804 2061 965
-576 -9164 9684 786 2363 1197
