-14744 2156 2904 237 -335 -181
-14500 2120 2768 237 -279 -236
-14548 2024 3048 142 -294 -21
-14532 1916 2832 308 -250 -113
-14696 2048 3048 280 -349 -65
-14476 1892 2780 156 -506 -126
-14696 1920 2936 308 -640 -170
-14732 2016 3248 292 -604 -94
-14688 2232 3128 317 -935 -108
-14404 1728 3072 -70 -927 -26
-14276 1856 3236 -153 -934 -68
-14336 1676 3452 -20 -586 -62
-14192 1740 3336 174 -478 -166
-14056 1680 3548 186 -83 -44
-14360 1548 3524 204 196 -79
-14672 1812 3832 211 321 -9
-14300 1368 3312 305 470 45
-14620 1356 3424 594 236 -75
-14636 1476 3168 447 145 -94
-14140 1644 3596 594 331 -214
-14152 1500 4040 418 487 -263
-14628 1684 3724 574 476 -128
-14596 1592 3404 750 507 117
-14124 1420 3168 747 1238 271
-14220 1672 2516 741 1289 54
-14552 1696 3260 664 1288 23
-14596 1704 2876 773 1200 28
-14804 1488 2648 889 998 27
-15112 1472 2428 742 876 28
-14608 1632 2488 999 742 23
-14636 1848 2612 868 376 -140
-14700 1876 2388 493 98 -53
-14532 1904 2484 553 264 3
-14632 1772 2564 484 222 20
-14600 1812 2528 633 298 24
-14624 1812 2564 521 333 -33
-14572 1816 2268 394 668 48
-14276 1564 2408 413 1118 13
-14796 1704 2432 504 1136 40
-14708 1684 2540 643 1250 71
-14796 1796 1976 930 1269 -8
-14768 1608 2028 901 1395 -130
-14488 1368 2672 1105 1404 -321
-14104 484 1948 2315 2442 -872
-14216 384 1052 3533 3332 -1262
-14564 1116 1460 3640 3708 -1411
-15312 692 1088 3616 3507 -1029
-16136 1068 1056 3562 3238 -605
-15832 920 416 3249 2641 -109
-15796 1248 -272 2725 1874 588
-16228 1940 -764 1940 1095 1111
-14976 4368 -2220 -1047 525 2105
-12512 5116 -2916 -3065 -268 2258
-17808 3984 -8 -6375 -674 2239
-24156 5404 5436 -7200 117 1337
-25164 5112 6536 -6040 2084 2
-18200 3576 5312 -3585 5812 -2217
-7752 -652 -912 -1006 6053 -3512
-1648 -2480 -3932 1674 2405 -4296
-3540 -3592 -3268 9654 -902 -4659
-15072 -2440 -3376 12669 -2272 -2387
-32768 -4148 -10148 11517 2324 -1393
-32168 -3692 276 10653 -1730 568
-16396 1828 -3396 7748 -2049 3413
-9616 412 -5168 -739 -1265 1998
-1584 2724 -5092 -4370 -1326 1759
1616 4716 -5472 -5883 -2759 4375
-1164 2544 -1744 -7396 -4708 2853
-17604 6012 3916 -3865 750 3849
-29272 4708 1812 -5815 -273 4891
-32768 9112 5804 -8836 3265 257
-28596 5636 4884 -4611 4454 91
-16336 1180 1772 20 3988 -2203
-1176 -1600 -2860 2569 3344 -8187
560 -3308 -3796 6201 3456 -9174
-4148 -1980 -1472 10095 -1010 -7308
-11828 -2764 -1596 12186 -6051 -3240
-28280 -4984 -6856 12375 -1184 -242
-32768 -7680 836 10381 1764 -2210
-21788 -856 16 9583 -552 3504
-12244 628 -4088 3695 2381 4800
-2232 1936 -3552 840 1588 2890
148 2436 -6012 440 -326 4286
-4404 4308 -4576 -6130 -5626 5784
-9632 3496 -612 -8279 -3301 7113
-26604 5884 -1160 -8532 -200 6582
-32768 13420 2784 -9237 6345 177
-27596 2252 3276 -11124 7158 -4879
-7648 -3400 -484 -509 6633 -5952
1504 -808 -5024 1357 7717 -5879
-3044 -3112 -5132 5509 7242 -6315
-9192 -1100 416 8620 1109 -4375
-14848 -2532 -7020 9958 -6459 -1496
-32768 -4172 -13376 11431 -291 1902
-32768 -3252 -1308 10921 -6874 1958
-18216 1292 -4228 7229 -2847 3743
-9492 1568 -4204 951 3480 3434
296 2396 -4016 -2290 2363 2173
108 2300 -5564 -4093 622 2714
-2632 628 -2676 -7645 -1958 2672
-5860 2844 -4080 -8908 -3473 4144
-28944 7284 -1776 -8250 1016 5628
-32768 9720 -848 -12202 -307 2365
-31728 6536 2448 -13377 2221 -170
-18644 1964 1764 -8580 1339 -2336
-6960 -2028 -2052 -1076 187 -2190
-1428 -840 -2096 1956 -1424 -4740
1108 -2332 -5428 6510 -4166 -5452
-1556 -2588 -3344 9241 -6039 -5337
-20540 132 2540 8731 -30 -4566
-32768 -6064 -780 10501 1262 -4209
-32768 -1020 5864 10665 -396 -469
-24032 -1556 1308 6250 1964 1420
-11280 2808 -2236 1707 3017 2525
-4072 1616 -4080 -1874 3065 3506
-416 1380 -5536 -5295 517 4145
-312 1472 -4144 -8638 -3232 4414
-3684 3028 -2316 -8096 -4085 4739
-32768 5868 -92 -6747 906 5537
-32768 9192 4536 -10950 -127 2733
-32768 8020 3548 -10090 4024 -1578
-15852 -84 2556 -6096 2849 -2714
-3224 -1412 -3240 -86 4847 -4633
188 -1884 -5344 3411 5321 -5709
-4008 -1792 -748 7387 520 -7429
-7896 -5012 -120 11628 -6800 -4622
-24056 -6404 -7236 14270 -2264 -1207
-32768 -3500 -8012 9525 5514 -908
-29828 -3308 -224 9752 3127 3573
-13844 1876 -3428 4487 3160 2961
-4564 2080 -2804 -1754 6575 2675
-1808 1368 -6132 -199 4723 4181
-2140 3176 -2984 -5839 177 3322
-2876 3096 -4320 -9055 -3682 3001
-15424 2660 -5036 -5911 -2170 3248
-32768 8172 -7396 -8416 1803 3269
-32368 6468 -3192 -9397 -177 -1364
-29580 992 2728 -8083 3344 -5103
-13860 -1956 -2172 -1678 4338 -4142
-3736 -220 -3876 3101 5831 -4060
-1468 -580 -3796 6254 750 -5525
-2120 -1704 -3932 9112 -199 -4158
-10132 140 -1868 10103 -4398 -202
-19640 -4460 -8692 10584 -2410 1429
-32768 -5256 -7384 9941 693 -177
-28896 -1476 -2344 11691 -2688 4292
-16128 976 -4120 6399 59 3883
-9496 740 -4412 538 3818 3315
-2348 1716 -4580 -3307 2099 2565
1592 3268 -5692 -4271 -539 3286
-3044 3664 -2816 -9031 -3572 3306
-13960 5436 -748 -9134 -3479 3689
-26884 5124 -3168 -8594 -1653 3013
-32768 8496 -1280 -8082 6031 -2610
-29736 2088 3744 -4135 4923 -6524
-7792 -904 -1380 719 8407 -5383
1012 -1668 -3336 4621 10924 -4520
-100 -4272 -5740 8334 9478 -5403
-7308 1708 -2612 7995 6189 -3548
-15248 -1968 -8320 6734 260 -1046
-26280 -1536 -18712 1537 4283 3228
-32768 -1632 -8328 5192 1248 6853
-24632 -4036 -9832 3014 1968 5879
-9392 -1424 -6072 2165 4988 2576
428 6524 -6356 -2725 13489 408
-440 -696 -3928 -6722 11318 -706
-4228 4968 -8280 -9226 7493 -1080
-13000 3636 -5064 -8867 -2060 -2870
-19204 2868 -22756 -5981 -1103 -2645
-31040 10500 -20944 -2326 10056 -1295
-26792 784 -12632 -5510 1664 -4077
-15724 2292 -13628 -1519 956 -2310
-7140 1540 -6164 1867 1551 -956
-1416 -1908 -2828 5136 -1755 -1069
-4268 -2408 -6684 6531 -6622 -281
-8724 -508 -14872 6367 -8210 1594
-17100 -1248 -23936 675 -699 1438
-28276 -2624 -13044 5124 -3295 3987
-14792 2972 -14996 5160 -548 7278
-17788 584 -11184 2509 1706 5238
-8560 3224 -7136 1642 -995 4713
-2800 -1588 -5600 1018 513 2122
-3988 2124 -7456 -1160 -3783 -220
-7984 4816 -7216 -5604 -8332 -2670
-15980 3852 -14624 -5155 -6017 -2618
-30040 11812 -10468 -7601 -5002 -289
-28484 4292 -9428 -10436 -1128 -2899
-26148 5120 -5780 -4916 2028 -4090
-1228 -1440 -6720 -3509 -1951 -2191
-4000 -1624 -3860 4359 3491 -1536
-3148 -2448 -4384 7286 -1615 -2465
-7436 -2688 -3928 9445 -9314 -2309
-11428 -3552 -11044 12751 -3782 -3878
-30120 -2736 -4452 15310 -1592 -2485
-24196 -5548 -9808 17954 -571 1369
-30804 -3616 -7828 11432 479 2872
-17224 -2124 -4484 7377 1321 6188
-4256 4296 -6760 1344 4903 6658
-5768 1868 -6112 -3173 4441 3881
-52 1876 -4560 -6962 95 4454
-3560 5796 -3156 -12016 -4147 3925
-10172 2172 -6612 -9363 -8016 2191
-27232 7028 -7648 -6189 -1120 805
-31856 11144 -5440 -8823 -3339 -1660
-30228 7364 -1332 -9120 514 -5032
-13212 -640 -1548 -3217 715 -3531
-9200 -808 -2068 4577 7909 -4234
664 -416 -1944 4189 2464 -4997
-1688 -4848 -5700 8804 -41 -4238
-10916 -752 -6060 8983 -1967 -2723
-22424 -5812 -13416 10509 2827 -1818
-32768 -2932 -10364 12168 2552 297
-27652 -4284 -9640 12147 1021 4482
-15328 132 -7056 6113 3109 3837
-8820 1036 -5556 4826 7683 3609
-5240 1892 -6128 -625 4913 3308
-2868 4484 -3700 -4440 -695 2548
-3464 4816 -5048 -9602 -6117 1462
-12416 1716 -10476 -7823 -7109 1594
-29604 8048 -12944 -9127 -3887 1266
-30652 8444 -8620 -12077 -2907 -120
-31196 5612 -2772 -10047 -3538 -5658
-15952 1108 -4540 -4519 -2954 -4374
-10752 292 -4528 -898 2547 -4085
-2572 -2280 -1548 3581 -608 -4452
428 -4672 -3756 8917 -2413 -5355
-9700 -1368 -9220 11518 3580 -4310
-25612 -3852 -7144 7259 4812 -3094
-18396 -1332 -6704 7346 547 -325
-18564 -2296 -6196 6536 -1523 2014
-15072 -3200 -5884 4843 -1457 2282
-13792 212 -4988 2205 -4899 3192
-7428 704 -5620 -1721 -10256 5621
744 2408 -5828 -6064 -8521 5101
-1612 2636 -976 -2552 -965 3199
-22756 1428 1052 -3019 2716 2679
-29176 6012 7780 -7586 -290 1695
-31864 3424 6232 -7706 678 -585
-26676 4692 5672 -5626 1728 -985
-5012 -2916 -432 -4659 205 -2337
460 -640 -3380 1154 3673 -4757
-856 -2992 -3172 7180 2074 -5291
-4604 -5000 -2772 8489 -453 -5744
-21588 -916 -6936 7431 7377 -4119
-32768 -5304 -8812 6106 9147 154
-27828 -5404 -7116 12113 1980 4815
-20428 -2884 -5960 8441 -11 4639
-15524 1220 -6092 4204 521 3984
-11416 1560 -4876 -2140 1123 4108
-3740 2836 -5236 -8385 -1606 6817
-1932 5520 -3456 -10650 -6082 9351
-4420 2428 -5480 -9294 -6914 7888
-24876 7844 -1864 -8609 -814 5236
-27436 10004 -1580 -10833 -399 2972
-30468 7224 4480 -9408 2201 -2769
-15112 392 -264 -5331 3283 -3952
-9524 136 -2248 3313 8652 -5832
-1216 -440 -2988 5646 6604 -6291
-2572 -4164 -6016 10488 2911 -7043
-13024 628 -6688 10644 467 -4427
-29248 -2004 -9592 10806 -229 -1077
-28336 -2620 -1956 9786 -2302 2064
-6640 -220 -12328 6933 -483 6735
-20980 -432 -3400 1435 15573 4971
-11796 3308 -5584 -5503 4645 4942
-11076 5300 -5996 -10801 2879 4546
-3764 5856 -4452 -14957 -8084 2348
-9868 3364 -9096 -11111 1704 945
-28620 11720 -4392 -7941 -871 1899
-24328 10008 -5856 -12471 -1101 -2183
-28212 3784 -1564 -6906 2004 -4247
-11244 -236 -2256 -2093 1153 -5162
-4124 252 -3124 2412 6582 -3275
-792 -1520 -4112 6253 3136 -4585
-6440 -3252 -4388 11526 -732 -5606
-13996 -612 -6648 14306 -11658 -4953
-26452 -1860 -16336 14869 -3551 -2684
-32768 -2108 -5936 11950 -4227 -306
-18940 40 -5400 12186 -6417 4206
-11704 1840 -5236 7384 -1293 3362
-9188 1484 -4272 2707 -39 2812
-4524 2544 -4456 -2069 -1281 3779
1832 4464 -6944 -7996 -2900 5097
-5256 3588 -940 -8100 -3784 3893
-25300 6368 -460 -6509 754 4459
-32768 11348 1016 -7835 -513 667
-29816 3560 4744 -5996 4319 -4389
-20260 4664 2400 -3669 4469 -3481
-5268 -64 -2588 308 5122 -3238
1296 -1216 -4756 3904 5114 -4564
-1276 -1964 -3176 7503 72 -5998
-10776 -932 -7880 8381 1795 -4172
-32768 -6972 -7632 10486 -2146 -2324
-25292 -1872 -6624 12935 -4381 -2236
-28556 904 -5756 11082 -2809 1969
-25564 -2512 -860 7453 -5501 2685
-15816 2192 -3120 5210 -4372 4483
-6828 3368 -5956 -1180 -3232 4182
-4532 3164 -5172 -6946 -4427 5572
3224 1648 -5492 -9650 -7462 6517
972 1084 -3096 -9667 -5394 5253
-20476 4752 4856 -9273 -1946 4086
-30824 9936 4644 -12908 1853 3960
-32768 4992 7460 -11266 84 1646
-26904 3984 5116 -6580 1142 1589
-11620 -708 1460 -1894 -666 -65
3336 -1928 -7532 1288 -7848 -1395
-3428 -3616 -6188 7061 -7859 -1432
-23304 1116 1016 2959 -7090 75
-11232 2156 1144 2664 -7264 -204
-14696 4980 3504 2394 -125 2185
-14596 1372 2660 956 -1317 -1131
-11228 1700 4108 438 -1629 -1330
-9876 1600 3068 -1126 -2654 -1331
-12728 1900 4188 -1546 -2160 -399
-13732 1776 3236 -828 -2477 -85
-13868 2848 5528 118 -1092 500
-16056 3188 5016 847 -610 802
-13840 2236 4756 1950 -1988 -576
-12880 2444 4172 -510 -357 -28
-13416 2768 4832 -418 -409 859
-13556 2500 5364 372 -920 556
-13604 2436 5424 527 80 256
-13948 2944 5872 629 300 -178
-13360 2540 5760 1120 436 -307
-13832 2520 6236 918 1067 -203
-13348 2488 6076 557 1209 -220
-13296 2272 5200 -17 980 -211
-13348 2272 4804 702 1432 -210
-13856 2124 5096 321 1350 -336
-13940 2316 4796 343 1361 -210
-14196 2028 4836 613 1130 -49
-13476 2024 4408 549 1196 307
-13620 2284 4624 503 1122 533
-13912 2260 4544 918 1042 270
-13992 2280 4352 511 666 308
-14500 2320 4416 845 644 438
-13948 2272 4884 1008 233 310
-13736 2704 4400 704 -230 576
-13860 2260 4700 1049 -410 330
-13544 2576 3912 1170 -621 98
-14296 3116 4492 171 -437 259
-14260 2528 4948 39 -796 -85
-13796 2552 4392 363 -856 224
-14620 1716 5084 -153 -1323 772
-13440 2852 4384 -497 -990 633
-12900 2340 5296 94 -685 635
-12844 3112 4964 840 -187 381
-13080 2792 5500 791 -16 -471
-13356 2832 5516 1040 -61 -1109
-14576 3320 5428 750 -584 -452
-13608 2788 4584 -253 -290 475
-13656 2960 5380 -324 182 593
-13764 3076 4920 -547 346 616
-13528 2544 5064 -466 93 455
-13444 2900 5212 5 140 88
-13372 2560 5088 376 287 68
-13528 2772 5560 806 484 -368
