-14308 1872 3036 1897 -41 -603
-14888 2124 2436 2073 -371 -561
-15076 1956 2596 2780 -417 -570
-14720 1348 2660 3401 -479 -604
-14664 2072 2360 3997 -551 -830
-14628 2212 2460 4303 -159 -755
-14716 2448 2364 4260 -221 -490
-15076 2828 1188 3629 -240 -230
-14812 2900 2380 3499 15 -227
-14512 3132 2424 2709 133 -106
-14768 3052 1692 2150 356 -22
-14656 3332 2100 1155 653 118
-14544 3060 2020 487 629 271
-14956 3412 1972 -608 589 457
-14984 3328 1744 -1769 870 655
-14940 2764 1756 -2777 560 779
-14804 2788 1408 -3238 705 434
-14948 2816 2072 -3534 413 266
-14628 2872 1524 -3688 702 296
-14908 2472 1832 -3087 955 289
-14932 1996 1980 -2294 982 365
-14912 2224 1408 -2023 790 158
-14656 2928 2100 -2260 582 -120
-14260 2348 1560 -1943 356 -91
-14448 2120 1412 -1818 2 227
-14824 2068 1548 -1303 284 245
-14816 2080 1488 -1087 151 219
-14984 2224 2044 -483 -60 129
-15044 2036 1592 -38 -243 57
-15336 2072 1948 71 -111 128
-15232 1852 784 276 -443 128
-14720 2028 1456 504 -186 87
-15064 2268 2228 677 -390 82
-14984 2224 1280 711 -475 284
-14800 2228 1812 744 -296 254
-14692 2308 2348 818 -182 233
-14932 2292 2140 898 -265 111
-14604 2280 2364 780 -185 66
-14708 2292 2468 877 -10 88
-14676 2292 1900 587 -221 22
-14968 2360 1908 769 -241 -52
-14644 2224 2004 544 -314 7
-14632 2216 2044 700 -260 -56
-14700 2320 2164 751 -128 -146
-14868 2336 2340 731 -136 -222
-14688 2416 1760 655 -9 -205
-14712 2100 2092 535 -44 -253
-14524 2396 2404 540 -45 -227
-14892 2168 2088 555 -95 -79
-14788 2228 2072 471 158 -70
-14628 2444 2432 555 159 -70
-14784 2408 2284 560 204 -65
-14732 2300 2076 395 352 36
-15208 2316 2788 398 119 48
-14756 2120 1548 -71 129 -70
-14860 2096 1744 292 75 6
-14680 2196 2192 211 1 16
-14504 2260 1892 324 110 38
-14840 2108 2308 569 120 -16
-14668 2132 1988 608 200 -2
-14760 2176 1200 481 550 -105
-14748 2192 1804 809 833 -290
-14336 2268 2172 581 932 -140
-14396 2184 1988 780 970 -258
-14608 2452 1996 664 1053 -223
-15008 2332 2268 615 1182 -140
-14720 2052 2112 675 1337 -180
-14668 2220 1832 804 1768 -117
-14632 2736 2276 928 2049 -79
-11616 2812 372 -181 2293 663
-14008 4220 1516 -1429 3377 773
-17128 4776 2144 -3423 3593 1150
-17552 4308 3376 -4458 3292 795
-16952 3488 4008 -4234 2242 -1173
-10844 1244 804 -3459 4113 -2579
-9016 588 -2352 -76 2929 -2862
-5400 -2004 -3760 5932 -1072 -3658
-17132 6084 632 2450 5067 -2001
-32768 -5864 3864 3787 -519 -529
-22504 -616 2552 4704 -2660 1502
-18816 -96 -1004 3985 -361 2493
-12252 692 -816 2472 -3167 2942
-5212 272 -3436 474 -4651 3997
-1264 2116 -3832 -2435 -2190 4155
872 796 -3112 -4341 -3667 3067
-8004 11208 6280 -1039 -2233 580
-27424 4152 -1280 1126 6061 4047
-32228 14236 9160 -7376 773 1279
-31188 7608 8064 -5631 2647 -224
-17320 4004 2368 -3358 4784 -1387
-5216 60 -2936 -555 1354 -4063
564 -2704 -2640 1380 -3336 -3820
988 -2344 -3472 4182 -3790 -3662
-10564 -1752 -2968 7867 -4527 -1376
-32768 -2784 -2876 4921 4244 -3509
-30084 -128 4756 8020 -932 -1034
-18548 1904 -1736 7532 -844 1297
-10820 -108 -2288 2694 1480 1247
-5352 2260 -1736 -382 563 2807
2816 2144 -6140 -3832 -704 5059
1204 432 -3032 -5892 -2857 5056
-4240 4548 -2088 -7899 -5040 3357
-32768 15148 7464 -8526 3861 5943
-26892 6348 4880 -3559 2263 5940
-32768 9472 6160 -6281 4769 1381
-17668 5976 588 -1560 4558 -1794
-5372 1336 -4900 972 4490 -1514
264 -2872 -3752 2413 2600 -3410
-192 -1236 -1976 4236 -2755 -4915
-768 212 -2008 5916 -6526 -5662
-12756 2852 -88 7617 -5991 -6079
-32768 -2188 -5484 6787 7719 -2427
-25896 2596 3472 6417 2213 -2081
-15596 3572 -524 7259 -2434 721
-12416 1664 -3056 1458 -360 1475
-6576 2724 -3452 -2143 -1699 2770
5996 2480 -6308 -7024 -5523 1485
-1528 2588 -2196 -7795 -786 1992
-30852 3104 10392 -5620 7339 4292
-32768 10756 9028 -7705 -96 1929
-32768 11588 6824 -7061 2796 1404
-25352 4452 4144 -2098 2627 -1289
-6372 1324 -2164 1464 2611 -1148
1996 -2056 -3916 6055 2353 -1056
-232 -2704 -3200 10158 517 -3575
-2548 -2880 -1092 13000 -4139 -5399
-22436 5324 -5304 7261 7751 -3763
-32768 -3336 -3024 8325 6372 -2330
-22140 576 -4924 10206 153 2526
-17156 -1136 -4960 6999 889 3501
-12512 1404 -4516 4302 -1166 3247
-5592 1824 -3004 2050 -4373 5011
-208 2288 -3436 -3749 -6553 4839
2964 228 -6116 -9266 -10579 4617
1068 3360 -3892 -7601 -9582 4783
-32768 10072 11132 -6765 -761 3823
-27100 7256 8436 -1044 1254 4762
-32144 8268 3496 -7618 6582 -2290
-17848 6168 1696 -617 5804 -1910
-7980 -260 -3176 3051 5498 -3404
-4268 -1792 -1700 2863 435 -3968
2048 -2456 -3616 5821 -5148 -3492
-1848 -948 -5712 6449 -6256 -2679
-31924 2020 -4708 4252 7077 -921
-32768 308 864 6216 -4559 -1569
-21588 2616 -1352 10959 -805 2841
-14108 552 -1928 8152 -1114 -16
-5348 1512 -4508 5359 -931 -144
-1860 956 -3676 1547 -707 196
-888 -304 -3884 -484 -1316 579
-1148 -664 -1372 -1487 -4418 2558
-8824 12600 -9124 -2560 -7236 4499
-32768 9476 -8108 7791 17240 2354
-28644 8636 5412 -6869 -2461 -173
-26052 6148 3756 -1336 -1820 -1199
-17920 5744 292 1972 1330 -1538
-8416 940 -1368 3388 -829 -724
-656 -1384 -2300 7649 17 -186
3256 -3408 -4972 9851 -2312 -1559
-4936 -4468 -6916 13527 -5110 -3429
-28604 -2692 -3324 9159 8195 -4618
-28808 3768 2544 10521 -7529 -546
-17276 -1908 -1844 13285 -3281 710
-22128 -328 -568 10927 -3223 -704
-11692 1284 -84 8282 -6492 2329
6936 2900 -6708 3547 -8802 318
5656 -344 -3964 4578 1406 3249
-392 -2704 -256 2929 3047 9395
-10896 11244 -3232 5875 1607 4707
-32768 16264 -7216 16384 20073 -6661
-29828 -560 -76 8468 -8315 -4908
-15124 8408 -3852 11665 1957 -3695
-10776 1308 132 12800 -1180 -2994
-100 72 -3516 11953 -2258 -4551
-2536 -1012 -2380 15765 -753 -5346
-13188 -5276 -6808 17658 46 -4233
-32768 -8872 -15724 6554 9784 -4993
-29472 1288 -3844 11434 -1188 -437
-23224 -5960 -5644 9971 -871 605
-25416 -2736 -3504 11065 -2969 2180
-14516 -1540 -3100 11778 -3437 3603
-6924 -224 -4488 8936 -3000 2698
-4056 316 -4528 7292 -2540 3095
520 784 -5268 2628 -6173 3981
2200 2204 -3264 309 -7131 5551
-19852 4700 6880 8072 -2263 2838
-32768 15500 -5292 6206 4338 3436
-25072 6080 2416 -1227 -4746 67
-18324 3160 1720 -382 -2888 -2742
-12268 5088 -116 1053 -593 -2762
-4112 540 -1500 1340 -2879 -3024
5944 -3444 -5904 7129 -5470 -4718
2260 -1868 -3864 10179 -6243 -6091
-7232 -1548 -656 10802 -4485 -5582
-32768 -7640 -5772 5453 7191 -5947
-32768 6884 7068 5930 3270 -2810
-25380 -2840 3420 6802 -1312 1072
-21876 2628 2224 3352 2016 758
-13164 -180 -304 1901 1200 2624
-1840 -1008 -5912 -329 -345 2573
3376 1524 -5632 -4670 1166 1645
-636 -1592 -2204 -1645 -2503 2624
-8624 4284 -4924 -2250 -3275 3001
-32768 7132 -4572 -1167 7112 1707
-29932 8424 4892 -3132 -2823 3019
-20336 200 -664 -4280 1960 -412
-16124 4540 -1660 1327 4113 976
-8216 452 588 2272 949 -370
3072 -2620 -2172 5948 3702 -1277
4448 -976 -3960 8465 3208 -2286
-5172 -2764 -4928 11814 2562 -4206
-32768 9228 -6904 2160 12009 -5278
-32768 -7704 -3196 6295 -953 -2587
-24232 4132 -5612 5349 1400 3870
-25880 100 -4524 5910 2154 4901
-20172 2244 -3488 4405 -116 4540
-8356 452 -5872 1599 71 4768
-4384 2188 -5844 -2340 -492 3713
388 3224 -5512 -8674 -1817 1637
-1264 4760 -7160 -9155 -3216 485
-29792 6976 -5860 -3164 6147 1546
-30864 16484 -4376 -4530 3042 -1508
-25704 3224 -4592 -3160 10132 -4482
-11984 4608 -4956 3372 8899 -2627
-4364 -2096 -5384 6268 11232 -452
-2944 -2604 -3700 11074 5027 -519
-2352 -280 -3832 10997 -1926 -666
-5856 -1440 -9224 10590 -7065 537
-16776 -192 -17248 7334 6723 260
-28884 -344 -14716 5525 10163 1216
-23096 680 -14588 5406 7499 4456
-20148 -812 -14060 4505 4015 4248
-14280 1672 -12624 4045 2568 4434
-9288 3312 -11620 1315 1829 4114
-5460 2624 -8824 -3306 3825 3108
-2432 684 -3656 -6958 554 331
-2492 -360 -7116 -4871 -1404 -959
-13972 5140 -15348 3593 5630 -423
-19616 7980 -20452 5478 7490 -1471
-17264 5308 -20056 5497 5616 -1316
-11612 2100 -17348 4990 3436 -2307
-6136 -72 -10480 5303 -3225 -478
-5944 -1568 -8760 4096 -9305 1240
-9540 3572 1828 2917 -23405 1792
7440 3288 -5952 4055 -27183 3058
-19844 1200 -12428 914 -8500 1003
-29928 -1992 -8000 -12459 5614 -2968
-27780 4340 -10568 2695 3669 4760
-20684 -232 -9896 -3074 8177 -63
-13488 1872 -10104 -1110 7786 682
-3948 2856 -5372 -3578 4198 -908
-780 -20 -5496 -5232 -2501 -3179
-3700 4980 -5208 -11636 -6475 -5899
-15340 -3768 -20280 -8567 -2666 -5580
-32276 10732 -15772 -9325 2624 -2353
-27084 4780 -14428 -7788 580 -1218
-20556 3336 -10372 -11159 -1698 -5499
-15016 2188 -7896 -9073 -1415 -5695
-8660 1252 -5728 -5463 -5240 -3750
-2620 -556 -1688 -1797 -4961 -1096
2392 1056 -4168 -3508 -5530 -839
-1816 -1008 -5164 -3387 -5404 -2020
-27980 10256 -15444 -8780 83 -3998
-30080 -3392 -7168 -5748 -3745 209
-24724 5080 -10436 -4415 1669 -1038
-23020 2284 -5992 -5193 -207 -4242
-11768 2472 -6780 -7100 183 -2529
-8556 3300 -6528 -9553 232 -1225
-5212 936 -4664 -12669 -4236 -909
-5596 -1608 -1356 -12750 -7245 -1553
-8400 2620 -3948 -8484 -10256 -601
-22564 1188 -6748 -6230 -802 532
-30368 11632 4520 -9890 -508 2158
-21884 -1184 2656 -5848 -1357 34
-17476 1972 2344 -2864 2771 -1619
-7988 -2008 -296 2144 2500 -1252
-3420 -3532 -1636 7832 -1834 -2296
3716 -6552 -6596 18104 -6069 -160
-40 3608 -4824 15329 -5947 -502
-21596 108 -7724 15108 6741 684
-32768 -5168 4172 13863 6920 2411
-26876 680 -1320 13799 -8023 251
-26860 1684 -1640 11307 -816 343
-15840 2880 -2424 9393 -1505 2103
-3924 2600 -4620 5785 -1498 1500
524 360 -4652 2682 -4115 341
3260 872 -3256 133 -5535 2204
-768 2384 -548 -2477 -5374 3720
-30172 12244 7304 492 -1798 1648
-32768 9940 -3996 -1036 6357 2469
-23104 5036 2792 -11502 538 -1420
-16172 888 2244 -9599 -174 -3299
-8736 4476 -1628 -4482 -2552 -2100
-620 -1828 -2060 -4294 -2506 -2123
7316 -2036 -5940 -709 -2689 -2447
-6080 -7636 -9904 4695 3109 -4348
-32768 3456 -8576 -5238 10631 -2417
-29912 -280 2236 -3425 -5034 -871
-23220 2416 -1000 -4644 3968 1105
-15512 2532 -3100 -7949 1750 180
-10440 1728 -5272 -10209 3282 2239
-6240 1672 -4312 -14555 3237 2549
1640 152 -6452 -18555 1636 3746
1064 208 -3600 -20089 37 4470
-24488 10136 7796 -15022 4849 696
-32768 9944 -3816 -13824 4438 3846
-27196 9628 268 -20425 -228 -3874
-21372 6360 884 -19347 1833 -3448
-15740 4764 -1084 -15921 750 -2504
-6356 724 -1520 -14736 -567 -1013
3464 -1692 -3176 -10674 -3602 -180
4684 -4044 -5020 -7003 -296 -4
-11696 -1996 -6616 -4592 1951 -1261
-32768 -1568 -8804 -7500 13690 -406
-29244 72 1388 -2295 4192 2457
-19124 1636 652 468 -1234 1139
-10964 900 -3416 -1950 1062 324
-6200 1740 -2952 -4235 -655 2162
-2448 2096 -6148 -7691 -756 3953
-3264 84 -2160 -9903 -4601 3361
-11636 9580 -4972 -11816 -5658 3606
-32768 5420 -6180 -4499 9227 3837
-26516 9988 5376 -12300 -2587 398
-25304 5204 5252 -8223 365 -2347
-17008 5356 340 -2988 4360 -1
-8628 2000 -2912 -1134 4364 -1097
-4416 -2092 -2520 2119 -745 -2497
4732 -2844 -7476 6574 -7333 -4313
-6284 -3500 -7488 8447 -7066 -3548
-32768 -1128 -5444 3039 10584 -1186
-27064 2628 3228 9227 -5625 -502
-25772 2036 560 6703 155 1454
-16956 -60 -1192 2985 826 1063
-5472 2404 -5020 -1230 -551 3270
6284 1656 -7256 -6428 21 2488
1160 -296 -2992 -5980 -1815 2671
-60 -768 -2880 -6177 -4622 3376
-12492 12668 -6396 -6788 -4317 2957
-32768 -4492 -4936 927 10201 471
-22672 12984 -472 -8897 625 -2954
-19668 -1976 5008 -2618 2617 -1193
1896 2256 -1732 3534 -584 -1721
3672 -988 -5200 2439 -715 -1819
2128 -1028 -3084 5150 -1772 -2905
-4056 -1624 -6948 6909 -969 -3699
-32768 -6532 -11432 -925 14719 -3326
-32768 -72 -1620 6688 -2544 -2042
-22708 1080 -2648 4555 161 1217
-15172 -1372 -3248 3394 1356 1969
-4048 1436 -4148 127 -3048 2702
4508 1532 -3828 -1283 -2914 4284
2568 1048 -4508 -3032 -5097 3663
-7372 6012 -8584 -2677 -4897 1707
-32768 13884 -3432 805 15736 3060
-29740 4876 8436 -8065 -3765 -215
-15344 1044 588 -3116 3957 -2417
-6628 2720 -1888 -1666 4149 -1867
680 -240 -3428 35 -2139 133
5328 -1084 -4236 3443 -2513 -1411
-124 -1236 -1356 3575 -4526 -4121
-12664 -848 3728 8441 -4823 -3086
-32768 -9256 -1204 -1499 14390 -2103
-32592 3136 -3716 5740 -1875 153
-18460 148 -1544 5167 1830 390
-16932 76 -1752 4300 733 163
-2584 1300 -3712 2669 -1966 1752
3400 1124 -3460 503 -2746 1682
2128 -488 -4440 1341 -4935 2692
96 -1060 -1764 521 -5730 4159
-16752 19664 5200 1206 -12637 3165
-32768 2212 -4368 2870 13989 -129
-21784 11868 2304 -11967 -818 -493
-14360 -1944 2428 -1525 1885 -2175
-2732 3532 -1848 1418 -49 -1209
6796 -2000 -5068 -64 -8014 -4845
-196 -1532 -1084 4426 -8539 -6553
-216 -708 -2796 5055 -5885 -4122
-32768 -192 -480 -1133 1799 224
-27792 -2964 9384 3359 2277 -1803
-23892 264 2764 6817 -1902 515
-12964 708 500 4643 3887 719
-12644 -716 -1532 1603 2816 2099
-1476 956 -3464 955 744 4083
3068 1140 -4888 -2749 -1753 4465
988 -968 -1996 -3413 -4241 4394
-7152 8320 360 -904 -5538 3082
-32768 4032 -2284 2210 9512 2337
-31236 14456 12332 -5334 -4439 2618
-27392 2588 8280 -5763 3509 -2523
-18920 6416 4488 -492 2085 -1572
-2800 -228 -1424 -403 -99 -1114
5376 -1620 -4816 2946 -514 -2327
92 -4192 -6260 6267 -1072 -3386
-2300 -1340 -2456 6412 1376 -2104
-32768 8492 3520 6422 684 -1451
-32768 1316 -472 10984 4629 -538
-29140 -840 2428 12751 -1139 -1482
-15900 1136 -1772 10590 1667 435
-11264 2612 -3396 6420 -743 -721
-5216 2308 -4920 3582 -1644 1649
-344 1880 -5964 -2371 -3735 2645
2856 -1124 -3932 -4610 -6887 2805
-1332 4552 -4652 -4715 -7328 3454
-32768 6196 452 -144 6850 2295
-25084 12512 10048 -7505 -1040 4436
-25576 2512 7028 -7250 3756 -1065
-21032 6668 4960 -2223 2749 -257
-9548 1748 852 -399 1874 -3004
-3252 -2336 -1724 3052 -78 -4276
5364 -3284 -6696 7797 -3994 -2799
3292 836 -1504 7004 -6860 -4596
-13768 3208 1552 13211 -3460 -4356
-32768 -14568 896 7318 21093 -5081
-29212 7412 -1844 7250 -6077 -672
-20180 -3056 1772 6464 2026 1278
-12848 1584 -3356 4024 -397 -183
-5144 -280 -3392 2568 -1411 1187
888 548 -3032 521 -4109 2284
4612 -1168 -6140 -1573 -5367 2346
-2688 4452 -3080 -1649 -3583 3520
-32768 12376 764 -62 1485 3106
-24376 14512 7512 -5750 -670 2661
-26492 64 6952 -7148 3974 -872
-14968 5584 1316 -3025 2705 -1422
-3304 -556 -2480 -2758 305 -785
4436 -2600 -5144 1740 -1656 -1637
688 -2484 -3128 4658 -1958 -857
-11108 -2004 -11152 6934 214 -1614
-32768 -8540 -2964 -1603 11234 -3970
-31488 3352 2656 7664 -6332 59
-20008 2660 -248 6936 -1463 1281
-13468 1240 -1976 2578 1447 143
-5344 508 -3104 314 723 1267
2584 1056 -5412 -2083 225 3371
2336 912 -6108 -6349 -1941 2832
-4772 6368 -6616 -10288 -10344 1683
-32768 -916 -3524 -3386 7912 -1801
-25764 12768 9792 -9118 -3922 2493
-25980 5780 7524 -7784 -1191 -461
-19224 3332 3400 -2540 2468 76
-5348 1312 -340 -2339 93 -1222
4776 -3636 -3304 366 -1344 -342
4424 -2908 -5220 5028 -734 -1148
68 100 -2284 4588 -2841 -2350
-27252 12340 5568 10517 5206 -2964
-32768 -6792 4456 9867 6359 -1004
-24208 7208 636 8670 -2568 -1598
-19664 -616 -208 8509 4160 1483
-11840 2840 -3248 3477 1000 504
-3220 312 -4460 1299 -983 2627
3936 1440 -6348 -3131 -2316 3393
1044 632 -1772 -5163 -4437 2669
-6976 9756 -1880 -2459 -3706 1708
-32768 8336 -2284 1487 9635 5353
-26576 10428 3596 -7715 -2785 1938
-28472 4548 7544 -4577 3799 -1063
-19108 6748 4780 -1891 2134 -1497
-9464 1852 -840 -738 2985 -2542
-88 -1900 -3868 2974 -2355 -1893
5220 -1564 -6132 5339 -3769 -3302
-1472 -1712 -1712 7858 -5816 -4857
-19592 -2004 -6420 13161 -5017 -5107
-32768 -11736 -7436 5175 14616 -8773
-28668 6100 -2096 9461 5745 1251
-14560 -2124 -616 6066 1697 1812
-8392 1544 -3140 591 1330 913
-4068 1704 -5780 -2289 277 4636
1648 2620 -6308 -7912 -3073 6173
1124 -1544 -3264 -10740 -6080 5206
-25068 23328 13348 -6276 -2449 2081
-30064 6572 900 -2717 7100 4545
-30508 8024 3560 -12424 -4592 -858
-20264 3764 4812 -3419 2020 169
-9168 4912 -448 -1137 1521 616
3628 -868 -3796 -1191 -2835 101
6500 -3592 -4428 2327 -1522 -1187
8 -1908 544 4544 -2771 -4139
-32768 7928 7180 6485 8007 -2233
-32768 -3480 2056 7274 10113 -4009
-15752 6680 -5220 4135 -28 -709
-13928 2172 -6348 3985 8332 3121
-12876 4144 -4692 -337 2279 1909
-7136 1392 -3984 -2005 590 4648
-5808 724 -6120 -5149 -5195 3845
-22076 8436 -2484 -2475 875 1305
-24824 5508 -5876 3722 3238 1703
-10556 3808 -4036 -2851 -7903 -1391
-16464 5456 -1944 187 -7043 -3768
-19040 4360 -1416 2788 -2228 -3121
-11436 2852 -1028 -266 -5590 -2606
-16272 4116 -348 375 -2245 -2662
-13924 4196 612 -13 -617 -97
-14228 2948 -108 -885 -357 -695
-13916 2964 -800 -2036 179 510
-16232 3512 308 -1273 -809 464
-13032 3016 -148 -1212 -1388 946
-17584 3632 1404 -1439 -114 -122
-18116 4468 1348 -725 855 931
-15964 2836 1108 272 737 139
-15732 2980 100 39 450 -156
-14540 2836 148 1099 -194 -246
-13632 3144 148 1775 784 -426
-14616 3208 -52 1809 -102 -396
-15580 3232 556 1649 -369 -751
-16120 2952 616 1412 -546 -541
-15096 2500 236 1253 -466 -523
-15140 2684 644 980 -715 -562
-15300 2960 656 912 -972 -322
-15356 2728 960 866 -1483 -186
-15048 2620 972 548 -1473 -104
-14976 2664 996 396 -1364 50
-14556 2888 824 416 -1353 152
-13928 2288 -564 -233 -509 394
-14200 3160 1012 83 -244 369
-15672 2776 2636 29 -783 223
-14772 2764 1812 234 -413 466
-14552 2728 1756 149 118 311
-15416 2400 1940 854 -551 94
-14980 2560 912 435 -760 768
-14392 3036 1916 -700 -317 608
-14524 2640 2968 82 310 814
-14028 2756 1988 141 172 600
-14388 2636 1812 96 199 -66
-14328 3172 1648 -66 480 -562
-14972 5080 1764 1086 45 -1690
-16328 3960 1088 -22 1004 767
-14904 2232 628 -691 37 549
-14036 2444 1480 27 766 399
-14580 3508 904 -90 -226 282
-14868 3104 1916 248 479 442
-15792 3196 2044 268 260 474
-14552 2916 1740 1185 694 656
-14948 3280 1500 1085 125 406
-14876 2944 1244 725 181 446
-14548 2796 644 844 -258 184
-14432 2948 868 672 -146 -92
-14704 3388 1200 1012 482 338
-15272 3456 1748 -134 -195 286
