5516 1176 695 72 -206 0
3664 15500 912 604 139 104
3828 15516 980 665 56 58
3716 15520 1228 560 91 51
3552 15552 976 597 16 106
3532 15548 732 664 79 31
3624 15628 700 466 -17 102
3584 15516 796 473 49 172
3696 15524 832 454 108 135
3552 15600 856 295 57 223
3880 15408 736 264 337 433
4000 15544 996 470 492 447
3688 15424 664 718 382 203
3364 15204 952 1190 -226 -52
3032 15612 -68 2857 -389 -1268
3312 15128 688 3908 392 -125
3768 16172 -604 4087 1306 916
3788 15836 -412 3586 1488 763
3380 16092 -1404 3473 605 62
2816 15860 -1600 2658 -272 -198
3728 16760 -1724 2555 -168 720
4200 15960 -1640 3365 437 137
3336 16344 -2524 3327 802 316
3848 16104 -2564 2370 346 1060
3984 16128 -2492 3221 153 -160
3536 15988 -3388 3334 29 -962
3148 15956 -3688 2620 53 -732
4628 16312 -3472 2792 296 -1506
3456 16208 -4076 2496 -658 -1850
1352 16268 -5628 2019 -1254 -397
3264 16784 -4768 2818 -929 -1270
2520 17340 -5520 306 -2972 -238
2720 18612 -4344 -1499 -4180 1824
2940 18280 -2808 -3392 -6390 4166
6544 15916 1708 -6078 -787 5556
5964 14912 4988 -9501 -5097 6098
5792 13296 4860 -10895 -2628 5666
5936 13308 5340 -10661 775 4077
5732 13880 3628 -8467 4884 3156
7004 13444 3284 -7737 2151 1214
7784 11736 2684 -5746 4145 -274
7856 14572 3380 -6025 4963 -1256
7704 14884 3188 -5599 3980 -548
6836 13488 896 -4914 3291 55
6084 13824 1116 -4317 5472 -1268
5464 14876 868 -4309 5789 -2321
3664 16040 1596 -3531 -388 -822
2888 15036 1172 -844 -3000 -2682
816 13564 2708 839 588 -3050
1148 13744 512 2586 112 -1592
-60 19128 -2148 5240 161 1566
-2756 20056 13644 -462 -11913 2484
7140 11776 6020 6096 3022 2845
4456 15792 3876 4236 -1001 -824
4460 13976 4832 3854 -1056 840
3924 15308 2728 3564 841 1655
4844 13816 3216 2491 -456 483
5704 14328 3924 2275 689 1357
5088 14972 2956 345 -909 260
5032 14600 2852 110 -776 631
5520 14128 3504 -763 -1748 -214
4128 14644 2736 -1133 -2433 505
4900 13732 3792 254 -1283 -77
5148 14340 3208 865 -2250 -488
5632 13872 3572 2453 -1650 -1075
5468 13764 3364 4607 -212 -2518
5696 14136 2468 6374 414 -3343
6372 14236 1752 9340 3411 -4458
3624 16288 -140 7884 408 -4438
2904 15700 -312 7053 827 -3336
2992 16264 -1564 5693 39 -2291
2708 16240 -1844 4303 471 -299
3204 15952 -2024 2560 344 1242
3240 15984 -2036 4209 867 219
3452 15832 -3060 4750 895 -204
4488 15968 -2936 4405 1229 537
2008 16120 -4512 4579 863 -1226
1736 16632 -4984 3251 199 695
3808 16356 -4408 2370 170 83
2792 15924 -4368 2683 88 -518
2488 15780 -5288 1174 -504 223
2960 16576 -5244 1869 -312 -699
2780 16132 -4920 76 -1785 586
3560 17036 -5388 -602 -1402 -1112
2488 16668 -5092 -1896 -3396 274
1228 16452 -4012 -3085 -3450 2289
4068 17084 -3616 -3274 -2303 2919
3268 15908 -316 -3961 441 4019
4420 16568 592 -5061 -2894 3696
5924 15764 2628 -6361 -2233 2949
6804 14512 5088 -6823 12 3342
3620 13656 4004 -7212 -123 3232
6112 12724 3332 -7904 -307 1721
6372 13284 3096 -6727 3415 125
7648 13744 3836 -7855 6391 263
7660 14452 2192 -8033 4434 498
5640 15600 1320 -6164 2648 -619
5780 14248 2484 -6069 6741 -860
5548 14904 2432 -3963 6915 -1003
3152 15788 2892 -5358 2847 -1170
3548 15528 1228 -3558 -2075 -945
-1248 14100 360 -2420 2080 -1902
1052 13792 1196 -391 -2930 -2303
3240 17656 864 1991 -3875 -1060
1508 13828 1768 4188 1800 -378
-7624 19164 2940 4582 -1194 60
4720 16736 13676 1737 -4454 4110
7956 12208 4116 4087 1511 4537
5844 13928 6236 3198 -3600 1591
3964 15260 2572 3203 1499 2790
5552 14520 3888 540 -770 373
3624 14064 4980 870 -82 1444
5436 13912 3744 361 -427 321
4460 13716 4152 -574 -1122 414
5604 13960 4764 255 545 844
4916 13868 3876 -826 -393 987
4876 13584 4472 -490 -408 873
5632 13348 4652 -250 -551 336
4948 13752 4016 -179 -697 121
5440 13452 4976 52 -659 151
5168 13684 4544 613 -518 61
5372 13168 5212 1411 -727 203
6204 13452 4788 1731 -2661 -892
5688 13688 4188 3410 -1789 -1594
5028 13636 3524 4406 -692 -1979
5260 14300 3348 4131 -1248 -2071
4852 14504 2464 5718 -1536 -3195
5548 14364 2188 6595 -257 -1961
3864 14904 20 6156 -280 -1495
4424 15932 212 6996 935 -1478
5000 15916 -456 6228 774 -1357
3080 15232 -1292 5044 334 -66
4224 16244 -1480 4661 709 955
4240 16056 -2072 4016 792 -824
4156 15752 -1892 2797 -787 -812
3768 16328 -3208 2778 -611 -633
4256 16444 -2752 2071 -460 -440
4392 16044 -2592 1709 -1042 -310
2844 15800 -4864 -789 -2574 -707
2408 16944 -1928 1877 -1359 -1701
4532 14904 -3472 -380 -1922 -1805
3800 15856 -2548 -1756 -2185 -8
3060 16996 -2852 -2962 -2 2829
4032 16364 -2676 -3910 -1316 2373
3956 16468 368 -3233 -805 2089
6832 15780 6312 -5345 -827 3633
5740 15332 7236 -7961 691 4326
5496 14276 6920 -9229 897 3591
5376 12636 6860 -8852 3928 2189
6592 12352 6044 -6241 4949 2028
5396 11924 6172 -3972 6300 -826
7676 12784 5528 -3564 6899 -1334
6316 12500 4060 -5069 6204 -1621
6512 13236 2864 -3579 5141 -981
5540 13216 2060 -3484 3397 -2056
4452 13120 76 -1614 2578 -1365
3420 16804 300 88 1550 -3089
2384 16172 1616 862 2765 -3033
1496 17064 2852 1956 281 -1226
40 13660 4680 1401 -464 -563
260 12828 3912 1860 1811 -56
348 13904 4540 1786 -3100 -566
-3076 15772 2112 3152 576 -1259
-608 19072 4436 3952 -10509 -19
4716 15284 5568 4866 -1807 1334
2820 13740 4656 6400 1419 -1256
2200 15740 2404 4507 -69 1533
2832 15148 2212 2675 -906 635
1708 13936 2688 2313 -1463 666
2548 15692 1984 2201 782 801
3184 14916 2820 953 -426 282
3256 15324 1672 -164 -255 95
2628 15100 2488 161 -972 399
3632 14932 2664 721 -15 1149
2592 14676 2164 879 -2192 814
2796 15332 2420 2252 -314 1012
4564 15112 2048 2669 -2006 397
2632 15104 1304 4026 -1440 -633
3284 15948 828 4149 -1918 -173
3580 15324 812 4023 -1130 -220
4244 15496 -32 4614 -1167 -174
2760 15872 -568 4800 -587 171
1824 16072 -968 4022 -152 -89
3288 15616 -1252 3230 -876 -160
4152 16600 -2336 2989 -333 617
3484 15772 -1604 3488 -200 247
3688 15732 -2040 5182 721 653
3720 16280 -2916 5605 930 -263
4276 16780 -3100 4991 865 -707
3708 16340 -4088 4224 331 -2191
3064 16372 -4440 3661 -667 -909
2984 16356 -4632 3865 -168 -1364
1612 16200 -6164 3604 123 -784
3180 16612 -5904 2445 365 -358
3684 16568 -5628 1957 -360 -651
2456 16520 -6608 911 -583 -961
2448 15548 -5900 -345 -750 -213
2704 16764 -6104 -1086 -707 721
2416 17772 -5296 -2741 -830 1232
1984 18348 -3232 -3613 -2349 2065
4412 17232 -1888 -4369 -951 1604
4532 17212 2060 -4754 -3759 838
2984 16400 1256 -4592 -3952 34
4916 16336 1088 -4448 -325 1843
4364 14436 3076 -6940 -2780 2342
6420 13268 4640 -8159 702 2496
4928 11612 4364 -10476 2054 2028
6776 13276 4136 -10469 3966 843
7852 13812 2280 -8842 6094 609
7208 14504 1064 -6968 5694 776
5016 15600 -1152 -5657 7304 169
4956 16888 -108 -5046 4035 396
2316 16696 -412 -3813 674 -690
784 15300 -552 -2558 3276 -664
-600 15608 -368 -2052 4060 -3014
588 16804 1228 551 2504 -1304
432 14316 2244 2636 -1202 -30
-2096 15584 1260 3523 -3256 636
-416 13624 864 6211 4225 -63
5112 13660 6800 5004 -7177 -245
2188 10268 3724 8197 -2795 796
2484 16352 3304 7185 852 1718
2680 15828 1656 5346 863 2172
2920 15680 1616 1233 -2098 1594
3696 15468 1876 1025 -646 1589
4456 15800 1932 -335 -884 1488
2612 15728 1892 -284 -785 839
3772 15308 1940 -475 -387 -140
2560 15428 2040 -57 894 1424
5332 14604 2564 151 -839 1256
2688 15024 2064 1408 -578 726
4908 14620 3040 4475 1143 -1213
4096 14932 1372 5843 -426 -2166
2492 15788 564 5015 -2432 -1948
2416 16012 128 4299 -3790 -824
4524 16144 -1188 2828 -5129 975
4548 15808 -680 1247 -3942 709
3960 15828 -1088 2542 -1460 713
4388 15940 -920 2421 -813 -146
4252 16164 -1320 2513 -185 80
3592 15848 -1428 3662 578 -377
3064 15876 -2776 4247 -174 -1023
4828 15928 -2628 5254 -988 -1432
4200 16584 -3108 4359 -642 -2293
3256 16588 -3900 3512 -511 -2611
2908 16084 -4432 2954 -329 -2099
2800 15912 -4392 2702 460 -912
2396 16460 -4696 2725 184 -1764
2228 16620 -5068 1584 -385 -1088
2484 15940 -5352 1609 -725 -1767
1972 16220 -5296 705 -661 -1222
1776 16704 -5408 937 276 -618
1816 16220 -5740 -421 -415 -197
1724 16276 -4924 -691 382 341
1696 17248 -4956 -1821 384 1307
1516 20152 -3704 -3382 -2463 2006
3420 16932 -904 -2643 -1665 987
5412 16544 4868 -5790 -2886 1737
3992 14168 5564 -11060 -3407 4277
3552 14344 5220 -11579 -1072 4444
5228 13788 4516 -12500 2661 5085
3340 13336 3840 -9819 6410 2573
5920 13596 3976 -6759 46 1837
5936 13000 3240 -4935 7372 888
6392 14308 2780 -2988 7359 646
5420 15132 3316 -3081 5610 -592
5420 14664 1956 -3475 7897 296
4008 16132 1708 -4054 3016 -54
1076 15708 740 -2064 -1098 -1696
3352 16268 3888 -2221 3139 -2345
808 15844 3412 -646 1253 -638
-588 12940 2240 531 -2430 -323
1796 13056 1932 1336 -440 -1245
924 14460 652 3297 -1876 -591
-6660 19132 2268 5130 5571 -1591
4212 14056 6416 5749 -8629 363
1940 14636 2492 5429 2899 112
1708 15400 3968 5300 -2106 -1087
1676 15860 2252 4252 -77 136
3460 14836 2824 2737 -2090 1890
1752 16500 836 2623 -2314 364
816 16200 2604 1197 -1908 1116
3892 15340 2344 1731 -264 -197
2064 15616 1552 158 -1962 773
3120 15524 2092 -541 -633 1341
3180 14644 2876 205 -175 614
3056 15212 2500 793 -389 560
2180 15032 2108 1205 -760 941
2564 14788 2248 3275 -256 -179
2324 15252 1568 5419 -449 -1167
2676 15656 904 5598 -1269 -1350
3428 15720 504 5347 -983 -918
2336 15688 -636 5553 -944 -1106
2524 15960 -1388 5235 -496 -312
3384 16412 -2228 4519 1573 222
2408 16272 -1928 3381 -1571 -704
2016 16192 -2892 3098 -2215 -649
2612 16220 -2392 3611 -489 -518
2880 16444 -3056 3309 200 -223
2480 16288 -3124 4732 87 -3047
2440 16924 -3892 5371 1162 -3114
428 16368 -4904 4875 -300 -4728
1080 16208 -4908 4782 -176 -2965
2084 16828 -5144 4986 1244 -1099
216 15648 -7196 4755 699 -2790
-656 15864 -6348 2951 125 -917
68 16192 -7564 2890 -739 -866
152 16936 -8268 721 -3171 651
204 16428 -6888 832 -992 510
228 16416 -7664 -1297 -433 1567
-1120 17348 -6232 -2841 -873 3968
164 17016 -5944 -3814 -1064 4556
676 15480 -5252 -2961 -438 3855
3412 16844 -2936 -3493 -1209 2893
3276 16068 568 -4744 -3011 4169
4660 15528 1776 -8367 -4547 2938
4872 15520 3988 -9543 -2137 3174
6880 14192 5188 -10090 2021 4900
6604 14040 4460 -9332 6328 5214
7176 12936 3844 -9275 6443 5344
7156 14460 3092 -9815 2588 3457
7768 15360 2016 -9019 7683 1712
7880 16064 2584 -6098 3438 -49
5124 15824 212 -4428 7371 -280
3832 17168 2688 -5306 10628 -701
3224 16740 1416 -5601 6291 399
-144 16300 -896 -6742 275 716
808 16540 -176 -3883 -2909 16
-460 14968 108 -1258 -1289 -808
-76 13584 2604 2223 504 54
-712 12712 6168 3712 3257 -1008
-364 13356 7128 3845 1870 -2244
2604 13804 7588 2956 -4164 -1009
2396 13748 2876 4381 154 -429
808 13140 -1192 8687 1673 -1681
3860 13460 10596 7845 -1330 -3064
1616 14756 2628 9343 3786 1789
2524 14644 3960 4041 -777 610
1420 14496 1776 3876 -509 133
1984 16248 1216 2968 -7 164
1896 14864 2820 1469 -875 965
2056 15692 2028 1707 -583 286
908 15380 1632 1583 -1618 1557
2328 15236 1840 2884 -365 940
3224 15348 1340 3429 -892 749
1596 15332 836 3317 -1488 1082
3804 15692 644 2671 -2209 898
2600 15888 228 2797 -2363 261
3492 15364 400 4353 -525 442
3924 15756 -712 5205 1499 -409
2776 16320 -1164 5983 1310 -341
2372 16496 -2100 5549 876 301
2020 15912 -2572 3460 -6 2631
4328 16080 -2804 3368 -1226 578
2648 16268 -3704 3721 308 1
4080 16164 -3484 3590 -726 107
2780 16564 -4612 2469 -759 36
5304 15988 -3268 3493 -1912 -1486
2368 16148 -5012 2617 -1815 -836
2428 15516 -4572 2023 -1289 -497
2280 16480 -5452 2231 -521 -113
3112 16344 -5968 243 -2025 -1630
2312 16372 -6088 79 -914 -211
3296 15228 -4220 -532 -1162 -622
2432 16732 -5892 -1043 -774 521
3212 16752 -4756 -846 -1908 -1137
2268 16944 -4396 -1125 -1964 -354
1224 20236 -3348 -2226 -2663 2712
1424 15312 -332 -763 1745 -1372
2032 17584 2008 -3096 -4493 -3259
3628 16008 3156 -5785 -3773 -328
4368 15036 4496 -7212 730 2760
3352 14316 4904 -8677 802 2862
4228 14068 5532 -10035 2503 2220
4588 14972 3864 -10613 6555 620
5408 15840 2408 -10568 9336 931
5404 16152 1640 -9645 4320 1303
4664 15460 796 -7769 4522 460
5376 16344 480 -7284 8083 418
2764 14372 360 -4694 593 1739
1408 13064 1008 -3945 -1947 -493
188 14020 1268 -278 1632 -815
-788 13668 1720 1552 -1907 -941
-1236 15212 -60 3243 -806 -9
-284 17396 -1556 5649 -142 2033
6244 19768 8904 3279 -30794 1311
5212 12564 3168 7556 5256 4158
3632 13984 4684 5775 -1260 803
4968 15428 3296 4543 355 2661
3764 14424 3248 3379 -1030 1915
3204 15176 1972 2707 85 790
4780 14216 3116 147 -1450 -487
3204 14708 2576 132 132 221
4672 15116 2676 56 -862 -733
3664 15292 2612 222 -667 459
3896 14444 2656 446 -602 -92
3976 15188 2656 320 -594 306
3916 14852 2640 377 -672 473
4164 14608 2808 870 -541 474
4424 14532 2908 1835 -1913 237
4168 15168 2468 3733 -1240 -1001
3736 14212 2048 5691 -1112 -2327
3496 14936 952 5510 -1622 -1682
3620 15320 468 5739 -1232 -1292
3580 16000 -332 4547 -1803 -1499
3756 15508 -500 2433 -3621 -667
3828 15540 -788 3077 -2025 -1328
2760 16248 -1648 4481 220 -1093
2856 16176 -1768 4499 719 -1187
2392 15948 -2420 5562 544 -2714
3028 16252 -2996 5705 1481 -1844
2388 16652 -3364 6144 1468 -1803
2052 16036 -4488 5436 159 -2027
1564 16036 -5192 3640 640 -265
1764 16368 -5732 2829 328 692
2936 16452 -5960 2806 339 -638
2620 16396 -6376 1595 -581 270
1984 16604 -6332 1636 -288 -880
1652 16016 -5868 896 -281 -37
1444 15892 -6696 63 -286 749
1772 16028 -6384 -1325 -361 1838
2572 16840 -5740 -1571 -337 2761
2208 18472 -5072 -2903 -201 2802
3780 18728 -3432 -2723 -2566 4403
5368 16208 1476 -4757 -1173 2388
7904 15904 2280 -9495 -7255 5656
5484 12300 1100 -11280 -7154 5792
4000 12708 3636 -10293 -4352 3051
8756 13028 5400 -9309 914 1142
8940 12636 4096 -8456 2651 2963
8416 12896 3912 -6952 4619 4351
10188 13496 3140 -6316 10004 3675
8820 14204 2420 -5267 7229 4718
7772 13620 1424 -3776 10257 3542
6872 14316 2188 -3904 9834 1680
4916 16256 2548 -2703 6889 -662
3472 15224 1500 -3495 3913 -1972
1000 15692 932 -2666 -809 -948
1592 14728 1600 -665 1212 -2351
1076 14296 176 2057 -14 -1044
-1684 14948 560 4076 2361 -872
-920 13628 -6912 8499 3618 -2192
3144 12156 5216 5364 -12201 4780
9564 14392 6052 6726 2321 3100
2428 15648 3316 6592 591 378
5408 14624 3680 5486 1922 748
4980 14988 2968 3456 -798 -119
3580 15244 2208 3018 -99 -299
6116 14752 2784 279 -1352 -1022
4844 14956 2688 -137 -1660 -1044
3688 14664 2764 434 -445 -1913
4744 14676 3128 714 -981 -930
3152 15004 2176 41 -1446 40
3940 15092 2296 82 -404 554
5404 14876 3164 767 -1283 437
4380 14396 2716 1442 -2232 -98
3440 14688 2224 4163 138 -1218
3684 14672 1268 4930 287 -1260
3440 14496 1944 6591 1111 -494
4488 15368 372 5935 -1042 -2010
3564 15952 -580 5627 -1527 -2523
3296 15504 -576 5662 -1772 -2216
3468 16128 -1624 4452 -2731 -1622
1932 15912 -3564 1477 -2789 1782
5944 15716 -2216 3451 -2254 -292
3564 16008 -2552 4297 -230 -670
3476 16156 -2920 3850 708 -838
3724 16312 -2736 4881 1368 -1836
2064 16596 -4484 3124 50 -1351
3556 16248 -3624 4310 491 -2277
1576 16168 -5528 3231 -152 -950
1856 16460 -5584 3882 -121 -2857
1928 15956 -5676 2661 -316 -1569
2332 16300 -5956 2056 -2372 -3166
1136 16436 -6684 1359 -3101 -3270
-56 16784 -4168 -282 -1330 -2052
228 16920 -5324 -1437 -731 924
1060 16508 -5816 -2643 -1566 2607
1004 15224 -3716 -2950 -1193 3082
4188 17844 -4588 -2869 -1850 5207
3396 16528 -2300 -3377 -1480 7797
1996 14868 -2276 -1972 -108 4088
6272 15172 2756 -4758 -2339 5301
7016 14828 5552 -7847 -1374 5861
7128 13884 6020 -9143 3653 6551
6936 13616 5680 -9185 3932 4728
7684 13280 4348 -8199 2738 4100
7220 13640 2864 -7454 7773 2718
7772 15216 1732 -7366 5215 958
6284 15324 1180 -6976 9147 -293
7684 15180 1560 -5762 1699 -224
6352 15176 2020 -4820 13357 147
4544 15480 3104 -3344 13264 -363
3008 14272 1472 -1955 3272 -2492
2228 14548 228 -2308 -2649 -3287
556 14724 -8 -105 -9862 -3555
2848 14752 -1896 2857 -703 -5327
-3432 15260 -6464 10456 4224 -3674
3508 20584 19612 1955 -10447 -131
5876 12508 4708 11279 7937 1750
3264 15916 3740 6883 -3172 -1748
2432 15300 2296 6288 -420 475
2056 16152 1368 5125 -578 851
3056 15692 1776 5845 187 584
3156 16824 -424 1063 -1969 -292
3200 15720 1340 -597 -1969 380
3612 16160 1280 169 -140 257
2216 15136 1568 -2267 -2247 2573
3392 15676 1232 -1215 -571 2495
4960 14376 2176 -294 -2045 1900
1968 15176 1232 869 -659 1590
4908 14884 1840 2474 -1866 -263
3684 15540 1168 3760 -1445 -1303
3172 15612 408 3981 -1043 -1212
2464 15344 -36 3416 -1538 -1096
3452 15068 156 4119 -2293 -1472
3932 15348 260 5717 -285 -1286
3676 16388 -1368 4442 -1631 -1218
3188 16284 -1760 3669 -3166 -962
2600 16152 -2252 3435 -2257 -478
3340 15792 -3148 2564 -1901 595
3600 16228 -2676 4594 -702 158
1988 16032 -3736 4910 -348 -626
2496 15616 -4240 3867 523 1390
3808 15444 -3844 3553 622 1726
3308 16372 -5740 4024 -90 184
4248 16232 -5108 2820 200 818
4028 16440 -5812 871 -475 940
2612 17116 -6148 -845 -692 3642
3784 19120 -4572 -4750 838 10551
4960 20828 -2588 -6111 228 10321
3944 13960 -3676 -4436 -1206 3373
4804 13092 -2448 -3879 -8242 -325
5852 14428 -632 -5889 -14166 42
5196 16320 1300 -7609 -9423 96
3252 16436 2012 -11288 -7283 -606
1216 16868 2604 -15285 -11921 -3093
832 16000 3932 -17954 -13978 -6567
2892 14604 5276 -17823 -13532 -10998
1828 13748 2452 -13692 -16953 -14035
6028 15664 4092 -13947 -16241 -16014
6052 16588 1112 -15125 -16040 -16879
4376 14572 -4220 -11218 -15856 -12753
1788 14344 -1508 -8335 -10820 -9225
1076 13900 -1136 -994 -9450 -3948
-212 11996 -4676 6940 -6866 2463
6868 12544 5972 7083 -13747 894
452 14312 3368 13329 5793 5940
2960 15372 4216 11014 2404 1672
5584 14272 3776 9334 -1194 1332
6072 15300 2340 6579 -1406 296
4544 15192 2184 4196 -629 -279
5860 15004 1624 5023 -89 58
4628 15228 1656 4638 348 -744
5428 15192 880 4853 -154 -372
4320 15184 396 5313 53 -692
6068 15736 -784 5443 169 -1619
3736 14928 -728 3695 -3371 -633
3948 16236 -1784 2277 -1884 -1075
4176 16032 -1876 1214 -2029 -708
4024 15880 -2024 1403 -1157 -455
4868 15872 -1972 323 -1569 -502
3968 15888 -1796 280 -869 -1309
4900 15920 -1800 111 -1376 -1812
3220 15656 -1608 405 -1850 138
3884 16152 -2344 1117 -523 30
4484 15820 -1224 999 -1931 -241
4212 16752 -2160 2261 -1656 -1184
4224 15920 -2140 2958 -2176 -2092
3164 16432 -3240 2830 -3114 -816
2904 15556 -3464 3237 -224 867
3408 16052 -3668 2949 -1457 1848
5004 16152 -3728 3423 -1766 1569
4568 16108 -4108 5237 -1189 170
3724 16092 -5344 6160 833 -585
4164 16528 -6684 3759 1656 -1194
6472 15732 -5692 4782 -5321 -4107
1672 15280 -7640 4562 -4650 -3295
3116 16128 -8000 4333 -1399 -2912
2452 15752 -8644 3494 -623 -3244
9572 16632 -9888 7948 7575 -6026
-17836 19524 -12272 -184 1277 2727
3220 18036 -9732 704 3808 1454
4420 18152 -8392 -904 2825 3305
2200 14808 -9268 -2398 -3214 5508
7976 15224 664 -6385 1787 9529
6172 16144 -60 -9608 4931 12739
3864 15772 2568 -15398 -398 12969
3608 16244 4736 -18894 428 8130
4108 14932 5380 -18224 1257 2701
7632 14956 4288 -15773 2267 -1281
7396 13908 4488 -13965 1275 -5163
7496 14844 3816 -8952 3824 -7756
8736 14144 2628 -6192 2549 -10310
6784 14652 3096 -5541 3421 -9553
7976 13872 1320 -5935 1573 -6436
4240 14448 1496 -5829 -1497 -3692
3332 14128 1348 -4528 4247 -3249
1468 14756 3804 -3691 -432 -3910
1616 15148 6220 -1906 3725 -3625
2852 11268 -440 -256 5324 422
240 13612 -3404 3775 6067 3733
4756 23876 31660 330 -12533 -514
-1272 7612 8748 13014 1839 6088
4380 14872 4712 8739 2425 1275
4124 14824 4260 7063 -1605 1225
2328 14972 3808 4791 -1279 -426
2736 14860 3480 4500 1552 592
2364 15172 3116 2850 417 83
1516 15064 3172 3238 1121 435
2944 15304 2384 -259 -1397 -10
1632 14544 2740 1366 86 -152
2184 15372 2232 940 -574 -71
2480 14888 2972 752 -1415 201
2752 15136 2516 970 -1675 689
2636 15380 2556 265 -1272 1133
2604 14752 2844 307 -2152 1341
3484 14796 2900 1805 -1256 633
4076 14720 2976 3104 -1758 -153
2708 15536 1568 3766 -809 -22
2812 14856 1892 4428 -529 -812
2180 15320 836 3721 -2638 -513
4000 15668 304 4420 -850 -425
3884 16052 68 4062 -1560 -1154
2940 16376 -912 3888 50 -53
3368 14388 -6916 3799 259 300
2964 16072 -1536 4035 522 678
3452 15916 -1312 4930 -138 -722
2876 16396 -2544 5066 -94 143
2840 15920 -2376 5045 -32 181
2352 15832 -3968 4383 -303 -1145
2580 16136 -4136 4180 -597 56
3296 16176 -3844 4816 -1493 -1774
1880 16452 -5424 3741 -112 1301
3528 16412 -5200 2846 -943 -744
2612 16400 -5732 2080 -1032 1
2668 16100 -5828 -11 -1883 185
2688 16388 -5576 1620 -651 -351
2396 16928 -6344 -2622 -2529 71
2448 19164 -4440 -4024 -1363 2809
2664 16972 -3060 -4111 1920 4195
4624 15572 4448 -6402 2628 2723
4576 16000 7764 -9553 2906 5353
5684 13404 6560 -11978 2346 3270
4840 12724 6652 -11230 3270 2964
6480 12796 5064 -11273 3475 1437
6836 14420 4320 -10101 6738 453
7928 14344 2496 -9303 7170 -94
6512 14532 2152 -7381 2948 -1214
5604 13736 2528 -4303 1337 -2627
4864 13868 2840 -3190 5727 -5695
836 14884 3276 -2452 -2701 -6752
2784 15356 2012 -1775 -5517 -4612
1632 15020 1448 -3663 -17928 1161
1176 14816 -116 1826 1398 -1592
-580 17664 -10408 7190 3439 -1677
-1340 20648 10976 5019 -14963 -553
6484 14680 1800 10283 8969 2970
3616 15132 5212 5514 -1640 -16
2576 14924 3092 6157 1039 612
3192 14984 3144 5062 603 271
3464 15804 1620 3816 45 585
4612 15312 2372 3151 360 -1391
3092 16240 208 -737 -2763 -4
2028 15940 2192 1882 1096 -862
3872 15356 1824 1756 1514 -341
3380 15272 1628 -44 -1788 -673
3244 15480 1644 631 114 -39
2708 15032 1572 569 -154 -8
2172 15524 1040 -128 249 1376
3572 15460 1872 339 316 1678
4072 15304 1892 484 -357 1555
1456 14864 1220 1366 -1636 1417
4268 15188 1652 4088 -493 -1157
3180 15668 900 4316 -1347 -1235
3164 16048 168 3475 -1709 -1117
3496 16404 -420 3066 -2771 -2355
3448 15388 404 5236 -801 -1909
2472 16084 -1688 5230 80 -2314
1692 15988 -1564 4347 -1131 -1922
2720 16272 -2304 3746 -866 -445
1672 16076 -3048 2935 -787 629
3188 16416 -2456 3395 -483 119
2256 16184 -3164 3819 -475 -830
2220 16068 -3888 3543 -794 37
2720 16484 -3884 4769 17 -1129
2256 16664 -4408 4832 652 -1221
2780 16224 -4476 4037 -39 -2334
1232 16244 -6188 3147 70 -1443
1632 16472 -6216 2425 310 -457
2344 16656 -5188 3339 -89 -2457
752 16056 -6496 3353 -228 -2782
320 16468 -7172 2656 336 -791
-432 17112 -7044 2519 2572 1263
2200 17992 -7108 378 1068 2383
1016 17564 -6308 -2344 424 1772
1156 14960 -7436 -2023 -2044 584
1636 15552 -3520 -1822 -66 -29
5032 15452 620 -4571 -1241 1369
4412 16880 1752 -6363 3109 5237
4964 17556 2584 -8847 348 4957
5292 14840 2484 -9067 1792 5876
4996 14484 3112 -9356 3655 4843
5008 13792 3996 -9973 3151 4163
6000 14472 2776 -10731 4766 3356
5252 15036 1824 -10427 5646 1981
7808 15324 2532 -9236 2107 667
5940 13124 808 -8167 1359 -581
6940 14948 2720 -7322 5098 -2427
4860 16144 4024 -5065 1744 -3151
4436 14284 932 -5340 -4354 -2388
876 15208 3512 -2582 -29 -1623
784 13908 940 -1081 145 -551
-1060 13008 -1520 345 -8891 -288
-3212 14760 -3940 4266 509 -1507
-4108 32767 11584 3266 -12664 1394
9852 14460 4652 8956 6375 4755
2936 15112 5400 5797 -2576 -2428
3400 14692 3468 6581 2551 -237
3708 14788 3092 3651 -909 -15
3212 15836 2572 3504 738 120
4444 15172 2680 78 -2217 212
4268 15016 2936 623 -159 -762
2912 15004 2696 -84 -626 -595
4116 14672 2968 308 210 362
3768 14952 2628 -127 71 626
4100 14744 3500 -85 -429 1712
5036 14352 3332 751 -1016 1505
4144 14556 2800 1806 -456 -83
4356 14536 3204 3660 -911 -635
4988 14688 2248 4694 -532 -930
3060 15440 1536 3967 -1366 -412
4668 15716 964 3592 -1674 -1204
4124 15668 948 3108 -3755 -1169
5348 15204 1188 4808 -2660 -1381
3128 15760 -556 4897 -2242 -1991
3712 16108 -1280 5095 -846 -1127
3388 15884 -1380 5684 -471 -1703
2960 16212 -1644 6273 916 -1694
2940 16256 -2980 5621 2573 -1652
3144 16480 -3308 4767 2098 -757
3340 16208 -3884 5080 309 -1706
2452 16408 -4736 4909 -292 -2182
2516 16796 -5056 4137 -917 -2282
1388 16132 -5216 2252 -1809 -1822
2304 16092 -5340 1497 -888 354
1168 16264 -6212 1834 -167 -45
2500 16012 -5544 2211 -482 -2089
1180 16372 -6396 1813 -326 -1502
1172 16284 -6624 1715 -130 -790
1908 16180 -5612 1919 -39 -1
1588 16976 -7040 1395 468 -1165
880 16324 -6984 -611 -291 611
504 17024 -5944 -2115 -440 2799
1656 18232 -4520 -3288 -1951 3389
5044 17096 -80 -3291 1852 3275
6364 16568 116 -2291 1459 5756
5440 16564 -364 -1808 -2127 4920
8152 15240 3612 -4491 2159 6055
7044 14324 2284 -7924 8701 8799
5860 12532 1080 -10122 9815 7460
5600 14032 1620 -10772 4808 3636
4856 13700 648 -10619 3787 1248
7796 15388 2080 -11935 -529 -386
6524 14956 1284 -10340 4740 -1508
6712 15372 1936 -8674 -1064 -2514
5504 15284 2616 -6766 -1947 -4820
4236 16056 2680 -3575 -2870 -5641
4272 15084 4288 -3330 8689 -5705
2052 15008 3544 -2780 5949 -4301
2508 15452 1592 -1275 6679 -2566
-860 13420 -228 1050 2520 -2446
-816 12608 -1816 3263 -3019 -3068
568 22220 13000 3024 -213 -918
4832 5168 6616 8291 -670 4369
3184 14416 4824 6805 98 -787
3088 14028 5312 7479 2384 7
2632 16104 2220 2388 -2081 -1477
1148 15120 3632 2755 -1733 914
2352 15116 2812 2830 821 -1652
1740 14912 3172 2900 662 -304
1544 15484 2268 1562 -315 -386
2012 15088 2788 1678 128 -553
2160 15504 1928 1180 553 451
1520 15200 2648 1642 861 1764
2688 15756 2300 2957 595 542
2092 15060 2072 3187 -399 123
2120 15632 1252 3068 -1556 312
1756 14852 1556 4595 -1095 504
2192 15876 -84 4712 443 434
2556 15780 -136 4519 444 102
2772 16096 -116 4147 -1218 -283
2500 15620 -744 4034 -2403 -736
2260 16120 -1300 4709 -1831 -276
2348 16396 -2292 4068 -1433 943
2728 16204 -2284 4188 -689 1590
1884 16304 -3300 4219 -1594 -365
2332 16152 -3456 4465 -252 486
2504 16488 -3700 4981 516 474
2748 16384 -4300 4476 -780 -1662
1172 16360 -5708 3047 -1568 -2219
2460 16300 -4824 2823 -1823 -1198
852 15864 -5528 4266 -824 -2950
1420 16012 -6376 2809 -447 -1438
940 16424 -6600 3608 -368 -2532
516 16188 -6680 2804 -168 -1946
-492 16948 -7936 1175 36 -666
2744 16584 -7196 -143 505 728
1092 16120 -7324 -1220 -15 1650
592 16180 -6524 -2259 922 2529
1048 19364 -5528 -3561 156 3284
1952 17308 -4012 -4703 -4448 1816
4648 16288 2544 -5608 1227 3113
7460 16024 4748 -8576 27 7431
5944 14744 5012 -8642 2313 8673
6964 13724 4608 -8305 3997 7636
6076 13460 4740 -8126 5308 7868
7640 13892 3048 -10572 5897 7356
7848 13760 2708 -11683 6649 6320
7852 13660 1920 -9638 3009 3160
8080 13968 3124 -7940 -40 62
6804 14876 3532 -6011 1937 -3591
7000 15572 2320 -5800 2190 -5011
4484 15368 2580 -5869 2440 -4952
3428 14544 2760 -3628 5120 -3948
2080 14220 992 -2064 7 -4634
1280 14444 -784 295 1366 -3068
-1552 13308 -7760 5671 2292 -1057
-11892 30792 32767 620 -7796 -686
8468 7168 7468 12423 5310 5302
2712 16788 4088 6540 -3531 -2415
2928 14404 3924 7432 1694 559
3760 15280 3044 3739 -1049 473
2916 13904 3432 3821 -500 -383
2976 15672 2380 235 -1956 -1150
3976 14468 2840 994 -608 220
2084 14668 2524 495 -327 -646
3724 14436 2828 -15 -925 -364
3744 15104 2740 566 -650 -213
3512 14792 2800 -130 -775 891
3236 14752 2780 616 -892 1202
4316 14548 3096 2170 -565 320
4440 14532 3448 3505 -1757 -553
2440 14860 1820 4612 -428 -357
3420 16576 912 4050 -512 504
4312 15968 1160 3192 -2764 -437
3900 15600 1040 4318 -1888 -262
2928 15924 -232 4787 543 -43
4412 15432 -436 3976 -1070 -437
3360 15856 -656 4931 -170 -774
3564 16056 -1272 4853 -883 -853
3692 16356 -2096 4283 -949 -36
3692 16244 -2464 4432 67 481
3864 16228 -2404 4866 -278 -573
3212 15976 -3684 4544 -223 -463
3916 16052 -3684 4314 4 -1099
2948 16488 -4808 3129 -1013 -1906
2624 15992 -4440 4687 843 -1157
3100 16260 -5164 5341 -627 -3130
2288 16208 -6236 3737 -326 -1221
2260 16004 -6148 3990 300 -2179
2000 15400 -6528 1645 272 -681
2284 16956 -7332 -776 -691 -886
924 16396 -6284 -2421 -1036 2322
2316 16664 -5072 -1323 1838 4976
2788 17840 -5448 -1038 1813 4188
3144 18532 -4396 -2159 -1269 1992
6796 15156 -420 -4640 1182 4294
6368 15160 3920 -7436 3086 7118
5896 12748 4172 -9177 2477 7803
7336 13500 4420 -9885 900 6704
8428 14040 3588 -7923 3967 6477
9032 13728 2608 -8101 7055 6214
7460 13244 2712 -8136 6580 4594
7788 13624 4244 -8117 3645 740
6976 13712 3028 -8359 1035 -3265
9480 13880 2908 -7448 -232 -3780
-7008 10916 3172 -2404 8357 -2906
13480 17736 1536 -3666 9284 -3537
6368 15228 -1520 -769 6510 -4619
6444 15172 692 -1162 1528 -4556
6016 15108 788 972 -3162 -342
3884 11856 180 2515 -4400 3431
-80 12056 -3416 6393 3402 3401
-26444 32767 32767 -3849 8112 -9099
11204 8648 2380 6856 1876 5654
4076 16288 2204 5115 5645 -2978
4076 14308 4448 5677 4366 -116
4064 13488 2876 3990 -261 -596
3452 13728 3124 3899 -1921 -1524
5624 14796 -168 1015 773 -1191
3112 14824 2980 3286 2823 -986
3812 15616 1892 -918 -924 -1301
3684 14692 2736 116 893 -1814
5352 15112 3060 -49 -1168 -216
2692 15180 2172 -416 135 -1121
4104 14888 2648 907 -1243 -1788
2188 14844 2296 1336 -2555 -1571
1964 14636 2120 2083 -375 -2578
3584 15240 1992 2878 -1095 -3544
2396 15884 1236 2682 -1245 -4030
2044 16052 1232 2196 -1046 -4877
1764 15892 1012 2047 2047 -6834
704 15952 912 1982 2706 -7815
-1172 16152 1528 2004 4926 -9340
-1096 17432 528 2138 6246 -10435
-3128 17156 1168 2486 7790 -9904
-5400 16332 996 3165 8314 -7399
-1988 18112 -856 903 6325 -7217
-5396 15804 828 -880 4661 -6923
-5020 15628 -24 -2899 5302 -7588
-4208 14168 -1740 -4079 2956 -8142
-6236 11904 -7000 -4328 -16693 1150
-4292 13764 -1468 -3975 -18256 8282
3380 11776 2668 -1631 -21011 18564
4896 14968 3740 -808 -8825 24282
8696 15804 4536 1996 8039 26377
14340 15976 532 4223 28651 31249
14180 14084 -1116 5013 32767 32767
12200 12288 -1864 3597 30357 32767
7708 13236 -2960 3793 25407 26683
6560 15300 960 4023 21289 14512
1236 20744 152 3434 9917 3302
4464 21440 504 4389 7184 -187
3772 21336 -444 4529 7698 -2197
1972 20228 844 4693 11954 -1832
2776 15504 1204 4361 5103 -1836
2216 15576 2148 5211 3309 -1324
8392 15304 8136 3304 -1392 1303
3556 14356 5376 2125 1694 2978
3772 12808 3984 2118 -563 2649
4436 14148 4932 1954 -1293 2118
5440 13048 4788 2333 -4801 1628
7420 13268 4588 3689 1389 2166
4524 13300 4964 5597 3273 1312
4356 12028 2400 7339 -2637 -1474
7200 16812 3756 9308 -4718 -2816
6792 15872 32 7785 -3919 -2037
5668 15452 -348 4562 -478 -750
6056 15472 76 6247 -982 -1917
4152 15680 -492 4644 404 -1310
5928 15336 -984 6266 -525 -2982
5396 15748 -1948 5787 -562 -2685
4552 15800 -2496 5326 385 -497
4780 15692 -2668 5067 -1000 -1810
4472 16456 -4408 4116 -1717 -1291
3436 15864 -3996 3528 -671 -521
3092 15772 -5000 2994 -2735 -2685
6152 15288 -6064 2952 -3164 -3910
5364 16720 -5836 4110 -2508 -4507
3596 14984 -5428 4943 -3191 -7696
-804 16152 -7816 4592 -132 -5422
1432 16788 -6952 2573 -2355 -7178
-188 16472 -6936 2509 -2194 -6026
-152 17772 -6744 3087 692 -5662
296 17648 -7568 2247 1721 -3769
-1548 17452 -7976 1189 2762 -2377
-1176 17192 -6672 597 3366 -451
-328 16056 -7788 -1150 -3337 438
24 15216 -3800 -3642 -4716 433
2308 14516 -1944 -4591 -3097 3162
2512 14196 -1216 -7614 -2717 5828
1844 14688 -2024 -8663 -210 6020
2964 15396 56 -9653 851 7150
2368 15256 600 -9627 1848 6475
2928 16464 2056 -10692 4791 5720
3912 17276 2580 -10307 4816 5008
3700 17924 2288 -10665 3281 3325
4172 18956 2932 -9032 2868 3528
3600 18156 2116 -7377 4054 3287
3032 13688 -680 -6524 5878 4438
3008 14972 1780 -7054 8238 3327
2528 13236 636 -3995 7890 2546
2504 11376 2800 -4097 4719 1213
-368 11036 2676 -3584 3486 675
2964 10116 4620 -1824 2827 79
904 10932 4552 -1119 2481 -333
228 20084 708 433 -2055 515
-688 19208 2400 2327 -6500 343
496 16772 696 4771 -3173 878
3208 17860 8796 3224 -6772 4153
5432 10144 5028 4665 -2063 3673
5732 15164 6116 4952 -204 1205
4820 13216 4848 3808 -2710 1074
5000 14072 4176 3960 -2265 2003
5228 13636 4128 4182 1298 1833
7372 14244 4236 4466 -630 796
5976 14104 3216 4959 1582 736
5712 14136 3416 4133 581 1039
5400 14628 2676 5157 -152 275
6600 15036 2320 5298 -155 -1429
5356 15160 1140 5886 -245 -1050
4652 15232 112 5433 -1646 -1130
6292 15500 -32 4136 -3634 -1435
4904 15608 -296 3755 -2321 -560
4872 15280 -472 4224 -2012 -1144
4596 15936 -1820 4361 -2167 -1390
5220 15944 -1752 3224 -1040 -386
5800 15732 -1960 3949 -1270 -1120
3248 15264 -2756 3984 239 -688
4436 15212 -2744 4502 -155 -1261
5764 16024 -3864 4416 -1515 -1753
4804 16092 -4944 2586 -2266 -172
3600 16556 -4604 3736 -2979 -1447
2128 17344 -2324 4436 -2567 -2236
5320 15040 -5408 3094 193 -5770
3944 16780 -6356 3839 -2198 -5570
572 16160 -6592 2404 -224 -4280
1888 16028 -6472 2648 -1812 -4911
920 16180 -7360 2929 -701 -4699
72 16352 -6764 2578 448 -3323
-40 16504 -7008 1700 1122 -2631
364 17072 -7672 2043 1675 -3097
-364 18084 -7492 669 1997 -1352
-632 18408 -6144 -1540 -882 1635
900 16936 -2876 -3433 -1053 773
5056 14912 792 -5087 -265 2339
3236 14704 2680 -7838 658 4873
3680 14728 2448 -11024 998 4727
3144 14276 1512 -11521 2012 5270
2740 15420 508 -12613 2262 3632
3032 16232 640 -11407 3956 2870
2600 16168 1372 -12514 -2569 1049
2668 18508 548 -9861 -1250 889
3644 16604 100 -8527 799 647
2020 17768 1160 -6859 -2530 1509
876 17176 -908 -3953 4906 2581
2128 15276 1752 -3464 3461 2616
552 13256 2516 -2553 3793 2424
1520 10200 2800 -997 2493 2615
860 9400 3876 -617 -469 2557
1580 11012 1272 -175 -5625 5019
7400 23316 -12288 -185 233 8165
-1960 5064 4948 1594 -11306 7632
23180 3572 4656 5790 9571 3178
-1288 19304 3068 5223 -2590 -1058
10488 11280 3664 4224 297 1189
6972 13584 4544 4412 -2328 101
6092 13452 3176 4394 -652 -1149
6908 13800 3536 4599 213 -189
7320 14112 3036 4172 1613 349
6100 13964 2428 3921 296 889
6004 14080 2040 3978 1017 694
7668 14252 2108 3737 -667 726
7156 14560 1236 4319 -1300 194
6036 14456 552 5540 -550 -721
7332 15408 464 6319 -999 -1430
6064 15284 -780 5813 -3521 -2388
7216 15464 -1240 5178 -3088 -2961
6348 15724 -2256 5170 -3250 -2691
4660 15460 -3280 4478 -2795 -2614
5976 16016 -3716 3635 -1418 -1765
6684 15472 -3872 1947 -779 -146
5344 15620 -3632 3382 -1541 -802
4932 15804 -4156 4488 -1127 -1143
3388 15984 -3376 2867 -1043 -510
6284 15388 -4528 2815 -782 -1093
6608 15412 -5828 3568 -1627 -1508
5084 15880 -5576 4313 -1255 -2160
3668 15664 -5208 4761 -800 -3047
-1012 15556 -7816 4813 -1188 -3603
4544 15696 -8044 2355 68 -2982
4752 16208 -8112 1481 -3032 -4390
2096 15764 -7344 1109 -377 -3399
2776 16056 -7380 1274 -570 -2655
1528 16092 -8128 2218 45 -2983
1808 18000 -7380 1836 3021 -2102
3680 18632 -7832 1321 3046 -1426
468 17404 -6816 907 -841 -984
-1460 15968 -5512 -1723 -2876 -2082
8548 16404 400 -6324 2839 3110
4876 16188 2428 -11020 2118 6556
3072 14392 3544 -12605 866 5088
3852 14104 2708 -14702 -1771 2694
3740 15296 2268 -14444 -1008 1091
3940 15780 928 -13997 196 -358
3472 16372 -448 -12388 2314 -2214
4004 16272 1604 -11980 2513 -595
2536 18384 1868 -11228 962 -738
1668 19560 -988 -8236 8269 1082
2372 18032 484 -6865 1651 724
-1728 14476 -608 -4242 -2251 1563
868 12564 -4092 -368 759 1311
88 12068 -5236 3682 -5593 692
-6064 32767 20400 -3309 -12737 -997
1328 11788 3724 5540 2029 4793
3724 13900 6760 1715 -3726 3326
5784 13656 6252 5034 -601 1364
4328 14408 4328 5827 745 1380
4448 14456 4252 5430 472 1419
5152 14712 4044 5847 4153 882
3864 15084 3020 1984 -5475 1422
5016 14316 3456 2773 -860 694
4816 14860 2656 1692 -661 1710
4092 14848 2936 1992 522 1811
5224 14700 2664 2675 1232 817
4756 14832 2256 2825 1374 1738
4992 14452 1804 3056 1745 1783
5600 14952 2296 3438 1345 1895
5532 15128 1764 2974 -4006 1136
4448 15404 812 4099 -2515 -489
5244 15272 108 4295 -1558 552
6236 15060 148 4132 -1610 79
5168 15392 -692 4629 -1295 -488
6212 15324 -1352 4880 184 -1265
5496 15712 -1880 4655 -355 -1487
4256 15672 -2536 4352 38 -715
4488 15600 -2528 3931 -1032 -507
4292 15520 -2716 5134 -2407 -1243
4504 15988 -4256 5408 -1459 -1037
4804 15880 -4928 6246 -893 -1358
4936 16080 -4612 5196 -1740 -1652
4372 15740 -4800 4013 -1454 -1446
3844 16120 -6016 4886 -551 -1763
4304 15940 -6676 5189 -715 -2293
3760 16236 -7160 4003 -2195 -2408
2712 15880 -7972 3810 -1677 -2510
2924 15376 -8180 3600 -1324 -3163
2164 15312 -8728 3744 -1346 -2637
2136 16012 -9136 2537 -1217 -2192
1788 14796 -8840 1448 -797 -1647
2064 16332 -9368 1452 -809 -2265
1052 15680 -9316 197 -1800 -2973
448 17456 -9844 -2394 -470 603
2220 23728 -8316 -3036 1640 2560
1364 18484 -6132 -1946 -4360 -1427
8748 14192 -1468 -4737 -161 -1185
5252 11868 1956 -8735 -4207 5064
3220 10652 1932 -11730 1040 4642
4196 12824 1956 -12461 -2300 2881
5536 15892 2748 -13379 -348 3642
5836 17676 2272 -12428 2460 3798
5172 19852 2604 -12226 8968 3118
3724 17376 1184 -11352 3503 3477
2928 14760 -2604 -10126 -3354 3670
2484 16348 -1380 -9712 -729 1265
1340 20064 -5004 -6183 4450 570
-2160 16388 -15104 3018 14772 -680
-10820 30908 16076 3744 -6804 -5711
4976 6296 3980 10014 7554 4185
4028 16564 4336 6410 -2983 -1005
1204 15264 2520 6549 -583 1002
2524 16924 1364 5196 900 2261
3332 15724 2180 4374 136 1986
3000 15456 1392 3224 -658 433
2460 15736 232 1633 -536 337
3368 15948 456 675 -837 1255
3936 15748 748 334 115 895
3448 15540 440 -335 -284 1973
3956 15472 860 241 864 1872
3072 15572 440 -513 1462 4697
2968 15516 -124 329 1452 4644
5536 14256 1856 3148 2205 2528
5432 14748 1100 4385 -3140 623
3916 15540 -856 5944 -2604 718
6052 16064 -1024 5271 -2519 707
5292 15972 -1688 3619 -3084 1539
4712 15252 -1960 3146 -2780 2267
5172 15724 -2624 3970 -2247 390
5612 15500 -3200 4188 -1456 746
5180 16072 -3864 4035 -504 -278
5976 15536 -3956 4137 -830 -1960
5708 15612 -4436 4417 -2392 -2656
4644 16184 -4600 5670 -1480 -2559
3824 15584 -5532 4390 -1710 -3002
4152 15736 -6836 2797 -1430 -1514
4832 16144 -6084 3903 149 -2474
3856 16380 -6100 4206 -1454 -4572
3068 15660 -6984 6174 -1191 -6125
1988 16116 -8708 5838 -1295 -6202
768 15676 -8352 5210 -138 -4619
780 14960 -9564 4491 -141 -4646
940 16416 -10144 4197 -255 -4231
464 16968 -11040 694 -976 -2243
236 13916 -10492 1890 2941 -2158
132 15920 -11248 -217 668 845
-808 13860 -8884 -636 1821 1647
-64 13652 -10220 582 1323 519
-340 15208 -10336 985 -1869 -619
-72 17012 -10048 817 -1541 193
1500 17096 -7904 -2435 -5989 1068
5168 17592 152 -6793 -2450 5161
5156 17728 2152 -10394 -2550 6870
3076 15656 2824 -16061 -4298 6154
4960 15324 3712 -20479 -1238 7295
4128 15020 1696 -18864 -684 8231
3864 15616 2212 -16775 1741 6558
4680 16692 -876 -12888 5411 3522
5396 17652 448 -9174 2494 192
4616 17404 -1448 -9454 2253 -2027
4344 18856 40 -6343 1032 -1007
3680 16976 -460 -3529 9216 98
-1632 13852 -4876 -3425 3819 1255
-3832 14320 -816 -369 2283 1331
1160 14564 -4160 3778 1337 -496
-2240 16088 10232 8069 11966 -2865
-1764 7736 6584 11978 -3816 1185
1812 15268 3528 7304 1944 2523
5108 14520 3152 6982 -2792 2985
1396 16152 2396 5041 -581 1659
4688 15180 2420 4440 -1166 2109
2956 15700 976 3116 -1333 591
3824 15968 1392 2331 -771 335
3588 15480 524 522 -877 1673
3828 15584 1364 567 -910 1936
3104 15576 1116 44 -465 1374
4564 15192 1372 -212 135 2837
4808 15464 1088 -19 726 1197
4332 15212 1368 -602 1096 3877
5140 15032 1764 -117 493 3573
4108 14924 760 292 13 2922
4360 15528 1008 643 970 2231
7148 13344 3424 3632 52 763
6840 15180 1440 4666 -1658 108
5116 14388 -712 4762 -3683 -337
5524 14692 -388 5957 -2087 -891
5592 15832 -1984 5660 -2855 -618
6676 15316 -1956 5019 -2773 -1670
6356 15512 -2960 4115 -2617 -1459
4752 15644 -2840 4422 -1132 -1425
5100 15472 -3844 4386 -500 -1493
5336 16020 -4212 3817 -1668 -2071
4484 15524 -4460 4084 -2122 -2602
3456 15784 -5384 3535 -1896 -3011
4976 15864 -4444 4235 -2890 -3483
3484 16244 -6112 5062 -1538 -2968
3016 16172 -7056 3587 -1229 -2076
3588 15856 -6472 2156 -924 -1318
3332 15780 -7080 2328 -1699 -2579
2464 15472 -7120 2464 -2496 -3512
1856 16204 -8204 1657 -630 -1809
2372 16112 -7276 2146 254 -1697
548 15264 -7888 2539 366 -1331
1960 16960 -8784 1582 -46 -624
1432 15836 -8612 964 -554 -699
964 16556 -8540 1019 155 590
1464 16856 -8328 -1120 558 3138
1472 19092 -7224 -3342 -3552 5025
1828 15312 -3428 -2957 375 2819
8340 14292 1468 -7094 2110 5070
6464 16240 2500 -11310 2202 5050
5544 15724 2920 -12648 -2156 3380
5948 15880 3116 -15225 870 3665
5788 14168 3440 -16073 -384 4269
5544 13536 2308 -14378 189 2845
6720 16388 2304 -10205 4406 188
4188 15044 420 -5720 3871 -3050
4752 16016 1836 -5310 5849 -5087
5144 15956 540 -4506 3685 -5087
3328 15460 -460 -5392 -1457 -3352
2188 16612 2432 -3773 -194 -1595
2448 15432 404 -849 663 -789
300 14240 -3452 1534 -3552 705
-3200 14000 -208 4705 2170 66
8472 12372 5744 6043 -5378 49
4684 14604 3740 7613 1120 2106
964 14368 3788 6364 -1163 -879
1828 14176 3056 6315 2738 846
1520 14576 2312 4295 690 1351
2876 14968 1920 4613 1881 1571
3892 16196 1888 6561 3520 1245
3664 15656 1280 6151 1785 1094
2108 16808 -648 4356 852 1537
2740 15996 -184 2313 -1380 321
2096 15244 48 2210 -442 1568
3236 15624 -68 1738 -1213 2178
3828 15392 -496 1987 -1638 1593
3480 15772 -760 2097 -1888 1286
4304 15848 -1060 2056 -2515 2339
4920 15852 -1032 3012 -1894 1398
4120 15988 -1896 3991 -1980 946
4828 15828 -2440 4266 -1474 -39
4732 16040 -2772 4216 -2045 -424
4972 16020 -3504 3663 -1852 -343
4764 16112 -3664 3140 -1995 -297
4036 16064 -4224 3393 -1387 -859
4084 16148 -4296 2963 -135 -546
4256 16120 -4260 3471 -180 -1520
3968 15996 -5336 3534 -763 -1510
3316 16180 -5588 3271 -1602 -1085
3856 15992 -5352 4012 -1354 -1823
2876 15832 -6684 4176 -1095 -3857
2140 15996 -6988 3743 -2217 -3404
2332 15740 -7080 5113 -1310 -3741
1112 15848 -8468 4115 -274 -2443
1320 15996 -8700 3492 -472 -2055
944 15792 -8828 3131 -41 -1876
1664 15420 -8724 3819 1160 -2257
1244 16452 -10116 3487 -467 -2685
984 14844 -8748 3317 2214 -1864
1136 18092 -10852 -69 -1425 -2259
-1152 17252 -9100 -2214 570 2316
408 15308 -8824 -3402 -521 3809
-660 13884 -8780 -1620 193 1105
3076 14112 -4768 -2030 90 -1133
2876 16152 -2528 -4320 -3366 -19
1332 16624 -784 -8420 -8237 2260
-1200 16260 -664 -11251 -11254 2876
-1972 16304 1428 -14587 -13768 1050
-4276 17388 2196 -15234 -18244 -837
-5004 18768 1960 -15819 -19747 -2159
-2648 15844 2160 -14848 -23812 -2254
-1752 14476 3608 -14561 -16834 -3498
-988 14284 -1164 -12547 -15237 -4386
2568 15860 1012 -11165 -13232 -3814
1704 15892 1300 -8013 -7921 -561
3764 14452 1196 -3746 -7898 3898
2048 12476 660 1285 793 4416
-492 14708 -6056 8231 2165 4132
17740 25460 31904 -924 -281 994
2672 11152 5412 10591 -238 -1129
3780 14820 6520 9310 4729 5308
5692 14344 1960 10665 -492 2669
4892 16072 2192 8479 660 -3575
3160 15020 2084 7789 -662 -903
3524 16368 212 4459 -1419 -272
4556 16236 684 5122 95 -1472
3716 15764 -324 2728 -2208 -95
4448 16356 -240 4933 -15 -886
3852 15736 -1452 3263 -736 593
3040 16268 -1328 3935 -134 82
3892 15492 -1640 4633 -921 -353
2788 15588 -2108 5410 -1334 -1069
2660 16276 -3316 4742 -1608 -1026
3508 16400 -3780 4144 -2422 -458
3160 16516 -3992 3585 -2720 80
3304 16056 -4484 3377 -2656 1394
3792 16036 -4668 2959 -1906 1547
3932 16044 -5012 2950 -1707 828
3040 16096 -5580 2684 -1892 1374
3312 15660 -5928 2013 -3063 2140
4476 15612 -6316 2468 -1995 680
3872 15988 -6732 2599 -1419 452
3544 15832 -6792 2534 -1910 959
4128 15800 -6456 2605 -1418 633
3956 15344 -7468 1610 -2436 783
3476 15664 -7964 1455 -2588 573
5024 15160 -6216 1876 -324 409
5140 15904 -7816 1745 334 -3430
3440 16732 -7904 986 -3474 -2357
3424 14256 -7204 4070 -522 -3262
3848 13348 -10008 3455 166 -3349
2180 16560 -8188 1952 -688 -2680
2496 15964 -8828 2614 -324 -2646
1368 15480 -9092 1745 203 -2240
1416 17448 -9228 580 1396 224
2576 18784 -8636 -1050 499 2112
-88 18300 -7804 -2548 -8152 -743
4120 14508 -1008 -4554 -788 1163
2916 12860 1100 -8678 -2898 2293
1912 14436 3952 -12007 -5678 2332
4408 14860 2796 -13731 -3178 3701
3488 18220 2964 -17323 -6533 2077
3444 18912 1196 -15714 -2822 3884
4676 19904 932 -15459 988 1594
1648 17832 -5012 -11475 -3529 1770
2352 17500 -1148 -12075 1726 660
3388 16784 -2520 -9115 -125 2647
1844 13836 -3444 -6213 -650 4432
1216 13520 528 -3439 5386 3394
1740 13804 2924 -1287 10849 1190
4952 10848 1800 48 -1392 -246
-240 11704 7348 -210 -4879 -971
5168 12608 8404 1882 2987 465
884 11812 12164 -1759 -2124 -348
728 9264 2080 -1116 -3276 -1775
4180 16316 700 1028 2883 -3172
1356 16444 -5408 6165 1299 729
3776 18572 13024 4733 -8641 2904
996 14444 6288 7618 445 3871
6368 13540 2388 6527 2515 2781
5540 14924 5068 5609 792 787
5060 14364 3436 5060 -113 1392
4168 14540 2504 4223 -340 2125
4372 14964 2716 3660 -1644 1673
5800 14884 2456 3993 -921 -386
5320 14840 1920 4055 -1929 -20
5288 15168 1244 3723 -2541 -149
4824 15084 1072 3729 -1419 -34
5576 15040 568 3145 -1911 101
4728 15324 84 3491 -1329 391
6076 15564 -328 3080 -594 -996
5428 15752 -716 2837 -576 -276
5248 15392 -712 3374 1178 -1160
4928 15660 -1004 3725 -137 -1277
3648 16036 -2060 3216 -490 -170
3064 15416 -2124 2619 27 615
5852 16052 -2348 2551 31 -1222
4796 15948 -2196 3391 -779 -893
3332 15836 -2684 3953 -700 -451
3440 15988 -3852 3203 -1404 -710
3596 16064 -3348 2178 -1076 -246
5636 16108 -5580 2295 -1775 -3224
5856 17140 -4836 1271 -6184 -3247
2360 17656 -1840 4712 -382 -2843
3024 16104 -4652 2746 -213 -6180
5164 15992 -3892 863 -3052 -2449
1740 15940 -5676 2834 -1319 -6295
104 15624 -4616 2836 -362 -3563
796 15788 -6448 2547 -426 -2241
440 16292 -6128 1262 -304 -1071
256 17060 -6200 668 1098 782
524 18688 -5876 289 2743 1467
1216 18984 -4924 -11 873 1355
1596 16716 -4684 637 -1113 -775
3464 15188 -220 -2136 -1059 -378
4356 14856 1848 -5017 147 1771
4848 14976 1276 -7741 1885 3583
2388 16008 1860 -9939 -214 3165
3492 17256 1956 -11255 -673 2415
2500 18048 1848 -11172 666 2013
736 16368 -372 -9943 -4925 1379
1936 16132 -684 -10455 966 828
1236 16560 -1380 -7751 4426 751
1940 16764 -1240 -5940 3112 385
1804 14412 -1940 -4760 3236 282
1632 13768 1836 -4091 1950 1261
584 13000 1016 -2347 3206 1690
2156 11404 2128 -1586 -681 1875
1236 15344 5024 -1364 5306 72
1180 11068 5020 -1769 1975 2100
320 11184 6792 -1433 380 1551
1200 13900 6812 -2470 2273 130
2104 19644 1924 -3344 -5478 1021
1340 17436 -28 908 -1537 3156
396 14472 -180 4449 6031 1205
3500 16100 7320 1281 -10159 2220
1824 14932 6068 2192 1307 3481
4872 12564 4364 1750 -488 3051
4624 13864 5664 1906 618 1975
3476 13532 5300 1838 749 2771
4380 13124 5064 2818 2514 3491
4252 13940 4532 2904 654 4018
3712 13540 4416 3864 298 3212
5236 13864 4952 4946 -2688 1601
7340 14424 4584 5917 -208 -813
3024 14660 2844 5363 -2539 187
4408 14940 2148 4627 -725 3455
7272 14240 1776 3804 -1930 1815
6464 14588 1736 5066 -1862 359
7036 14460 1156 5379 -2638 -479
6152 14372 68 6455 -5696 -1733
6864 15648 -3112 6737 436 -2797
5832 15504 -1260 3726 -1833 -80
6844 15852 -1824 4127 -1282 -1259
3640 15288 -2452 2989 220 335
4772 15312 -3784 2499 785 -973
6048 15892 -3872 2536 832 -784
6264 15480 -2724 2195 285 -508
7084 15368 -2472 3439 -1680 -1854
4048 16300 -3292 2861 -3381 -1878
1636 15032 -3184 6859 -3018 -4507
6972 16292 -4576 3102 -1043 -5275
3756 16116 -5932 5284 -3204 -6057
2092 15300 -6256 4270 -3073 -4246
1012 15200 -6472 5368 -2378 -4460
2012 15212 -7292 6392 247 -2826
1004 15384 -9188 4183 -646 -1952
1744 15732 -8800 3044 -657 -2349
1276 15768 -7892 3602 -18 -3594
472 16352 -8756 4891 17 -6484
-108 16752 -9824 4630 -878 -5252
-392 15472 -9276 2925 1811 -2079
688 18612 -10652 1269 1046 -1895
-2572 19204 -8748 -1652 -2145 899
-2376 15212 -2908 -5427 -2122 1888
4468 16368 4796 -14035 -1436 6639
1556 15180 4784 -19039 -1705 9571
1776 15472 2996 -20212 5754 7845
3180 16388 500 -19089 1417 5810
3288 16432 -276 -16666 2547 2657
3440 17072 -1084 -11793 4011 -410
4900 14740 -1132 -7993 -1566 1539
2888 16096 640 -4208 534 -274
2232 17488 1656 -3605 3180 -3241
884 17504 1144 -4065 -2066 -861
3376 14384 2364 -5034 -7878 2778
292 15084 1268 -2509 690 2280
356 10996 2344 -438 4401 460
264 11484 2796 106 -2149 529
-332 12584 532 924 -3660 -304
700 22516 -3660 5313 -2461 590
-696 18792 7568 4256 -3970 3359
9208 11308 3544 5795 787 2173
2248 16976 4308 4530 66 220
5088 15456 4212 4243 544 2394
3912 14888 2648 3593 796 2087
5228 14116 3060 3294 -29 1846
5564 14892 2384 2585 304 1560
4244 14192 2604 2518 1411 2345
5568 14928 2192 3408 -400 1569
4848 15376 1980 5823 -410 1057
6332 15816 1232 6436 -461 -25
5388 15788 444 6043 -3351 205
6224 16068 -308 5746 -3383 -443
5352 15816 -804 3717 -3581 -486
6356 15792 -1868 3517 -1158 -1717
6484 15752 -2072 2752 -1951 -998
4392 16140 -1880 2106 -755 -634
4344 15404 -2120 2306 -2512 -2834
5344 15756 -3808 2537 -1637 -1324
4372 16076 -3080 3432 -509 -1141
4124 15960 -3344 2911 -715 -733
3608 16160 -4044 2450 -1100 -1191
5460 16168 -3528 1642 -698 -1402
2616 15376 -3980 3838 510 59
4996 16424 -3872 2721 150 -841
5096 16436 -5080 2442 256 -3903
5488 16828 -5948 2474 -1073 -4006
3876 17052 -5124 2655 -2427 -4303
1204 16428 -6076 2049 -2469 -5737
1156 16624 -6400 1194 -2346 -4460
2456 17224 -5732 1327 43 -4165
800 16504 -6316 2524 1405 -4151
-44 17368 -6212 2205 2420 -2838
36 16656 -6100 1904 3688 -1283
-76 16640 -6064 414 -620 -1318
-968 16988 -6664 596 1085 -2597
3484 15808 -4008 372 3063 753
252 16036 -1848 -2405 35 3135
4036 14028 28 -5723 93 2815
4416 14768 856 -7340 3662 5525
3080 15696 1136 -9481 3779 4476
3260 17572 520 -10514 3077 3611
2984 18564 1484 -12006 2515 1942
3604 17668 -748 -10004 3747 2599
1512 18308 1024 -7996 -886 -438
1756 15480 -3768 -7020 -461 -1596
-944 15892 -1428 -7132 -6994 964
-1364 14892 -884 -6336 -744 3711
-1188 15040 128 -6426 512 4135
1712 12888 1616 -5841 1147 1270
1912 11448 2852 -3209 6872 170
2716 11916 5068 -2649 2085 293
2456 14468 2048 -3021 -3564 979
3720 15772 100 -782 -4591 1708
3000 18196 352 1435 -2990 -87
2620 17280 -1288 4377 702 2246
4072 15480 8400 4378 -1639 1019
1896 18676 6692 3882 -2125 2822
6720 12960 3168 3517 -568 2136
5436 14748 4640 3155 -824 1912
4340 14116 3092 2086 -2507 2914
5880 14180 3612 3139 -258 2485
6516 13912 3404 3613 -498 1515
6880 14264 2624 3234 -2366 1834
7896 15148 2500 4282 -3132 343
6044 14484 2220 5183 -783 431
6596 14908 936 3986 -2238 842
6196 15172 -132 4470 -2975 -217
7272 15300 -736 4352 -2550 -1694
6764 14952 -384 3165 -1847 -893
6380 15672 -1220 3589 -481 -2001
6772 15336 -1388 3552 -598 -1367
5608 15656 -2172 5520 -1835 -3458
5204 15332 -1812 5131 -5589 -3724
5760 16132 -3664 4060 -3870 -2644
3036 15536 -3888 2503 -1520 1596
4148 15552 -4056 2575 -1426 267
3820 15044 -3968 2709 -2070 -1226
6268 14704 -4500 1303 -5152 -3091
7640 16900 -7436 2578 -1110 -2921
4528 16044 -3532 3681 -1989 -4854
3136 16012 -4544 3871 764 -4077
2924 15572 -5900 3850 301 -6030
2720 16200 -6632 3213 -592 -5107
1856 16616 -6656 3284 -235 -4893
1208 16508 -7132 2127 -1578 -6134
292 16944 -7424 682 -1748 -5026
-924 18040 -7112 1248 1971 -2963
772 17488 -6644 2699 4153 -576
-264 17384 -6724 2407 4992 473
-2008 14764 -8408 2506 812 -964
2264 15664 -6248 -863 -3800 -1108
1600 15100 -3916 -2285 -526 753
2288 15208 -848 -5714 -2376 3716
3620 15440 -660 -8127 4036 6045
1768 16356 -380 -10876 846 6696
3016 16652 -64 -12518 2744 6776
1932 16556 -372 -11654 417 5887
4444 15956 648 -11384 5604 3587
4508 16712 2360 -11122 6295 3332
2584 16748 732 -8938 2993 854
4264 16912 984 -8975 2353 -542
3488 16940 2072 -7221 -1260 4
2632 14136 -72 -5660 3296 129
2080 13024 1452 -5013 1809 1267
224 14152 3424 -4099 3535 -427
2708 13552 3872 -3204 4640 -1272
1852 12880 4012 -3823 118 86
236 10704 3236 -2226 -3028 1417
1496 12420 4308 354 -944 -921
316 18312 2848 2049 506 -1769
2820 15852 1392 2886 -274 470
336 18456 9264 2066 -12290 3863
7988 12824 7120 5661 470 3656
3760 14712 3484 3913 -1885 2307
5588 13780 5324 3208 -1426 1848
4572 13484 4460 4283 -1188 1379
5464 14116 3976 3953 83 832
4732 14788 3444 3738 1166 2031
5996 14156 3096 3691 565 1882
5904 14080 3276 4532 820 1220
4760 14684 2448 5529 1076 1387
4344 14384 976 6871 -2709 -1200
6960 17164 2008 11245 -2632 -7362
1448 16204 -1360 7271 -1307 -2520
4168 16032 -1708 4029 -4284 905
2820 14620 -2220 3635 -3395 518
6608 15500 -1952 4033 -3506 -658
5204 15968 -2840 3628 -2017 -2457
4484 16264 -3164 2772 -618 -2025
4308 15768 -2884 2749 644 -1181
2968 16088 -4156 4488 -270 -3177
2680 15948 -4196 4364 805 -1019
3424 15368 -3848 4506 -313 -1514
3284 16232 -5720 4271 308 -1275
1360 15324 -6140 4663 548 -128
756 13440 -5880 4797 215 -1747
6472 17392 -9236 3610 -1760 -4058
-208 16852 -4672 3983 -2998 -3642
940 15584 -6972 2054 -559 -5291
1536 15596 -8196 3401 -2264 -5223
440 16064 -8036 3839 -399 -4818
512 16464 -7940 2613 -239 -4102
-928 17172 -8520 1957 1615 -3700
-924 18620 -8208 891 4565 -981
-508 16784 -7756 525 3316 552
-684 15284 -7784 -337 -2134 -1100
-256 15636 -5108 -290 1224 -915
6492 15492 732 -4567 2444 2040
3624 16568 -392 -10242 1220 7772
2840 15452 -1000 -12719 1680 8773
892 14820 -1944 -12764 -1152 5413
1780 16044 760 -11552 4569 2379
3576 16796 328 -11764 998 1778
2716 16316 276 -12315 1785 1866
1808 16364 632 -11036 1618 1600
2156 18680 636 -9123 3641 -494
1224 18264 -1716 -7695 1321 -804
1288 16948 1412 -6633 -5200 -246
-1108 15572 152 -5633 2697 -332
1396 13752 1620 -3600 1676 -546
808 12540 2088 -2978 -2198 -975
4200 13132 -312 -1306 1624 -1567
5644 10356 2652 1686 6628 -625
2824 10924 8156 2178 1384 7071
-1372 20472 7016 1262 -5970 5147
-2492 15272 3616 1573 -5406 437
2152 15912 -3060 3393 4436 1898
2464 19572 8348 2392 -11735 5095
5936 12292 5456 4677 305 3812
5116 15220 3096 4180 1777 2605
5360 14184 3228 2890 -658 2661
6328 14448 4132 3007 -182 3532
6316 14112 3160 3328 -1654 2634
4828 13744 2436 4191 -1637 2002
7560 14652 2940 5685 -1692 732
5492 14876 1152 6129 -383 423
7948 14916 560 3812 -3832 -130
7080 14704 1148 4217 -2640 -1360
6392 15772 -372 4412 -2255 -1559
6000 15112 -712 3340 -389 -123
6020 15528 -1560 4347 969 -1470
5072 15700 -1644 4180 -290 -805
6400 15644 -892 2670 282 -114
5876 15908 -2784 2108 -1590 -77
5548 15528 -1792 2621 -404 1429
5600 14804 -2076 3384 -1139 -197
5440 14980 -3560 2816 -1060 -310
5696 14860 -4040 3706 -890 -1969
9304 15576 -4832 3176 2230 -2420
7988 15512 -4648 5716 2018 -1686
3060 16540 -4312 4226 -146 330
3500 15744 -4912 4259 -767 -3161
5800 15408 -5940 3840 110 -3514
5244 16436 -5784 3945 -1639 -4614
1148 15300 -7184 3289 1060 -2931
3876 16032 -7592 549 -2273 -1727
4256 15336 -5384 1689 -429 -919
3520 16124 -7332 2301 203 -1568
2636 16760 -7160 2168 1161 -1116
3780 18816 -6200 2520 1800 -438
2144 18476 -6104 2728 65 -1883
1588 16332 -4048 952 1507 -3380
4972 15568 -1248 -2099 2446 171
2484 15244 -396 -6662 -849 2813
2444 14920 1084 -10420 -2646 1704
1628 15164 604 -11985 -5195 77
992 17108 2520 -14286 -5760 -3937
4756 17776 1148 -13671 -4605 -3553
2768 15568 948 -14924 -3466 -971
1796 15464 532 -13431 156 239
3180 15704 1716 -12375 0 -782
3152 16536 -1724 -10395 5190 -350
2352 17720 -228 -7864 3624 448
900 16708 -3248 -5247 6177 1210
1424 14184 -5244 -14 -2930 3600
-4184 13252 -6836 7747 2700 1476
6768 25936 19760 -907 -13200 -393
5732 11396 4776 11025 2925 3143
1124 15104 5248 6086 -850 -173
2524 14376 3920 6532 1554 215
1936 15672 2060 3804 -198 -107
2488 14980 2520 4093 773 913
2348 15388 2100 3530 1725 1068
3048 16064 1172 1875 575 1988
1304 15988 1132 1738 1685 2580
3408 14772 2460 60 266 2854
2832 15392 1132 338 -611 2205
3596 14092 2740 2222 741 1248
3824 15588 1148 1077 -163 2044
3412 15668 1048 1192 -2185 1495
3800 14724 1516 2210 -1436 1225
3916 15476 1116 2558 -2915 1753
3024 15228 824 4463 -2426 1121
5500 15372 440 5536 -3022 469
4096 16376 -1604 6121 -2744 118
4544 16204 -1748 4733 -2593 84
5088 16024 -1952 3911 -3218 -375
4224 15628 -2444 4352 -1173 -892
4220 16056 -3228 4386 -366 -792
3984 15812 -3456 5165 -624 -1452
3584 16056 -4244 5135 -949 -1653
2992 16016 -5260 4778 -1326 -392
3976 16080 -5992 3966 -1306 -557
4152 16120 -6324 3192 -2063 -1302
3348 16552 -6128 2759 -2419 -2516
3128 16312 -4952 3691 -1964 -2904
2916 15552 -7032 4631 -1401 -4183
2044 14828 -7832 4403 -1551 -3257
1680 15568 -8684 3123 -50 -1873
1988 15992 -7916 2075 105 -1570
1568 16332 -7932 3125 915 -3009
1156 16464 -9132 4097 991 -3666
972 16616 -9476 4081 186 -2913
248 15784 -10328 4777 771 -3068
724 16256 -9948 2295 -292 -769
-364 16316 -9912 406 1558 1742
-2092 14236 -9820 -186 2871 2451
80 14580 -8556 -711 -1367 -1544
1636 14828 -5256 -1385 1300 -1864
1820 15068 -7932 -2633 1719 1447
1260 17800 -4872 -5689 -1050 -113
4992 14684 -2812 -7487 1928 3809
3692 16376 -1908 -9822 -318 6322
2600 14524 1460 -13042 -1639 6373
4072 13540 3732 -16484 -1146 6319
4020 15244 3672 -19294 1135 4919
6644 17948 3876 -18799 187 2246
3900 18592 428 -14707 -1140 1325
5656 17324 -2248 -10015 1906 -2645
312 18988 -1188 -8542 -3300 -3565
464 16592 -4580 -5577 -5027 -4822
-56 15608 -5548 -2012 -1633 -3543
-3180 13936 -6704 4425 12555 -826
11532 18516 17720 2188 -11696 1799
5308 3948 3092 8710 2631 5601
2360 15140 4840 6271 -1047 -819
1244 14872 2636 7185 2346 838
3540 16104 1664 5299 1444 1860
2632 15256 1144 4382 92 3202
3528 15348 916 2913 1348 3525
4352 16152 932 2519 -1291 2100
5140 15148 1468 2147 -1554 -2076
2996 14920 700 578 -3066 1523
5504 15236 1492 713 -1362 1083
4076 15860 520 397 -2020 1071
4568 15752 572 910 574 1464
4836 15064 728 1112 943 1219
5220 15460 108 1344 -304 1175
3320 14872 780 1898 -1361 1203
5284 15384 -428 2715 -965 876
5676 15212 -452 4133 -1126 649
5584 15624 -1100 4723 -2315 -141
5452 15844 -1304 4647 -1870 715
5156 15672 -1796 4082 -1911 949
5352 16000 -2632 3309 -2507 1190
5720 15468 -2492 3457 -600 442
6512 15680 -3500 3685 -835 -332
5620 15604 -3532 3747 -483 -531
5628 15404 -4160 4249 -586 -2407
5084 15976 -5296 3787 45 -1233
6044 15884 -4656 4190 -121 -2773
4832 15696 -5604 4472 -387 -2506
4008 15572 -5972 4255 -720 -3487
3308 15436 -6376 4883 -1014 -4708
3492 15516 -7472 4527 134 -2394
3548 15424 -7356 3883 -107 -2220
2600 15540 -8328 3404 -555 -2073
2756 15800 -8060 4450 -688 -3480
1708 15700 -8340 3856 -514 -3955
1700 17876 -9152 3605 654 -4773
1760 14816 -10068 2083 -234 -1297
1320 16976 -9792 -33 -1006 -1
1424 16964 -9232 -697 1301 1031
1420 16016 -9248 -865 1977 1314
-324 15800 -8748 220 277 -903
1900 16824 -5772 -345 -5040 -3655
2220 17008 -1040 -4011 -6440 -1039
3716 17068 4044 -12151 -8341 4090
2492 15040 4652 -17811 -6025 4028
3980 14884 2524 -17840 -1652 4430
3756 15404 1724 -15737 2685 4255
4344 16900 -2876 -12385 10152 4511
2912 17868 -1704 -11413 4380 4697
3440 17264 -1684 -9565 4174 1565
-724 16092 -4424 -7478 -1638 1471
2628 16312 -2496 -4466 -510 -1189
124 16024 -5912 -238 316 -1332
-456 14696 -10516 6752 4576 -1387
-3628 25076 15488 316 -20290 -3701
280 11084 1948 7746 8493 5157
4472 15312 3452 6015 1325 136
2160 15128 1900 5575 553 727
2200 16212 304 5213 2125 1159
2476 15712 1156 3783 826 1605
2592 15852 96 2440 -63 631
2124 16588 -556 1603 -13 64
1684 15876 -24 645 -1452 -59
2860 15892 108 1306 266 5
2240 16380 28 265 270 1181
3004 15912 -292 -580 -159 620
2912 15628 520 -243 -843 -285
2700 15788 456 258 -696 2
2316 15424 540 1248 -710 -489
2928 15532 368 2048 -359 -453
2820 16184 -300 2224 -212 -751
3044 15832 -340 1257 -847 -595
1924 16152 -772 1318 -454 -892
2576 16080 -600 608 -636 -301
2412 15940 -680 -70 -1098 -678
2388 16156 -696 -286 -783 -554
2440 15968 -336 -262 -1010 -575
2364 16032 -436 -309 -564 -458
1972 15860 -272 -268 -742 -77
1892 15884 -400 -181 -488 -29
1964 15868 -520 119 -170 -351
2580 15900 -56 259 -307 -314
1644 15912 -356 381 -121 -76
2072 15968 -180 787 43 -384
1904 16100 -432 614 -270 -321
1972 15980 -436 730 -405 -586
2036 16108 -392 763 -256 -501
1640 16088 -572 574 -314 45
2068 16020 -396 595 -228 -236
1880 15984 -516 663 -98 18
1644 16108 -680 530 -214 67
1504 16068 -860 395 -55 225
1672 16116 -728 338 40 -79
1836 16116 -504 114 -93 136
