0 6684674 -1215657424 5 1143556 1369418
-412 16020 -2324 275 -348 211
-1216 16296 -2140 21 -641 175
-864 15996 -2544 165 -629 153
-412 16180 -2448 324 -383 111
-260 16512 -2180 633 -83 51
-556 16236 -2204 591 -298 -230
-552 16224 -2744 521 -233 -8
-524 16008 -2824 257 -398 46
-436 16280 -2776 237 -631 261
-440 16404 -2972 487 -88 180
-456 16192 -2616 437 89 157
-360 16284 -2980 359 13 157
-612 16080 -2964 361 358 96
-596 16268 -2860 210 298 180
-368 16228 -3080 238 365 226
-632 16044 -2596 107 287 33
-480 16372 -2644 108 42 119
-612 16004 -2588 75 -11 171
-552 16280 -2388 68 -59 216
-644 16292 -2240 160 50 377
-516 16084 -2536 83 -216 147
-432 16244 -2360 220 -238 251
-552 16140 -2496 200 -45 198
-512 16120 -2528 313 -102 94
-572 16240 -2552 344 -61 105
-624 15980 -2384 330 -56 152
-696 16308 -2352 471 181 59
-1368 16032 -1284 1066 -577 -33
-888 17100 -2056 1778 -1687 -967
-1192 15656 -548 773 -687 -72
-1404 16664 -2112 1309 -1873 -306
-524 17032 -3016 764 -762 740
-720 16092 -2372 261 -480 691
-728 16044 -3800 93 -1927 587
-276 15508 -3588 28 -2034 516
364 15388 -2704 -1070 -764 923
280 16180 -2792 -541 -310 643
236 15196 -2756 2260 -1165 240
-276 15336 -2216 -206 -263 -21
-132 16164 -2596 1991 -2543 -989
432 15676 -2392 813 -1963 -900
660 15920 -2136 1124 -1782 -1303
-512 14816 -1840 1101 -1407 -2669
-104 17360 -3928 2134 1097 -2373
-308 17188 -5480 -680 -1652 6321
-2428 15364 -6292 -1092 4011 1013
-3580 17908 -4020 550 -1460 138
1296 14992 -3416 879 -1617 1007
-1392 16988 -5316 994 2147 333
-76 16460 -3700 -195 -186 367
-304 16728 -2616 -644 -121 -863
76 17168 -2236 -2401 854 -969
-588 16924 -2680 -1007 434 -1522
-1044 15352 -2116 444 679 -552
184 15456 -1800 1189 2155 -119
-468 16616 -2324 1457 3317 -765
-772 16536 -2556 -2262 4868 -225
-92 16652 -3212 641 3420 227
-504 14792 -2668 1636 3142 955
-488 16032 -3180 1680 3827 1502
-932 15892 -3300 101 3097 944
-1804 16012 -4240 -1224 2839 579
-1892 15112 -3952 -1807 2853 -34
-2316 15792 -4036 -1521 1851 -85
-1096 15416 -3520 -1287 1684 -134
-2256 15420 -3164 -713 1874 31
-1924 16064 -2972 158 1927 923
-1588 15008 -2412 -302 557 1008
-1620 15868 -2824 606 3168 1952
-2180 13656 -2024 -1295 254 1417
304 15896 -6096 -2329 1187 -2686
-240 16168 -2492 -2622 -3622 -1097
-1480 19124 -4144 369 189 274
564 14400 -3076 446 1246 434
-1428 17036 -1684 -314 -206 1631
-144 16260 -3036 382 -860 403
-720 15856 -1708 846 252 1413
-1000 16276 -1392 1992 -47 905
-592 16424 -648 2382 -397 153
-1076 16724 -340 2821 -488 -674
-1644 16304 -1164 2253 -842 -777
-2220 16448 -2928 1676 -1599 -1232
-1464 16256 -2812 1682 -1156 -606
-2408 16552 -2968 1493 -2402 -1171
-2196 15432 -3620 1844 -2987 -1784
-1680 15132 -3640 1350 -4616 -1750
-1240 13904 -3752 821 -2893 -1594
-1704 15300 -3756 222 -1916 -1611
-892 16940 -4020 -520 -2112 -1641
-1468 14360 -3716 2438 -3114 1188
-1048 16068 -2876 -1700 -1946 1450
-1220 17064 -4176 1010 -1863 156
-600 15640 -3020 318 -989 -127
-100 14992 -2284 263 -934 -1926
-2212 24444 -6768 1751 4223 3030
-2912 13240 -3176 -3032 -461 5051
-3420 15900 -4608 -1338 -577 2498
-1128 16512 -3368 -848 1280 3834
-2520 14892 -4808 950 2390 624
-2904 18264 -5180 811 -2523 -400
792 15176 -2128 -555 -66 648
-2092 16804 -4148 589 850 578
-968 16392 -2180 -414 1348 472
-488 16064 -2592 -226 267 -394
-704 16708 -2192 -555 934 -459
-236 16540 -876 -848 328 -170
424 15964 720 602 641 200
212 16784 684 1725 2121 818
-148 16124 -312 103 4241 749
336 17804 -3008 1717 1916 -3
76 16636 -2744 1766 1217 -211
652 15964 -2712 1591 1632 60
556 15716 -3892 2519 4268 -25
268 14792 -3748 1214 2803 990
-312 17176 -5036 -2491 3364 684
-2328 15188 -5916 -613 3910 762
-2136 15808 -4216 250 2817 624
-1720 16524 -3304 -2190 1631 565
-956 17076 -3748 -2996 111 -1104
-2512 14908 -1832 -2785 1220 -1380
-996 14400 -2652 -5 1921 -1891
-1248 15988 -3060 1113 2631 485
-4884 22628 -3644 -1666 464 -4298
-1056 16740 -5624 -1456 -2018 -1306
520 15576 -3080 -2255 -3910 -2273
-2288 15492 -3276 -1472 -824 -877
56 17184 -3844 845 1041 1342
-2084 15904 -1600 8 976 7
-2136 17064 -2676 757 -1165 -150
-1212 16080 -1236 -487 -2537 -134
-1904 16248 -3672 1620 -10 1082
-2736 16568 -1660 850 843 1543
-1960 15684 36 1866 566 1837
-2104 16144 -240 1685 -226 466
-1724 16388 -200 1730 -328 577
-2300 16460 -1116 1677 -1551 55
-3040 16436 -2872 1342 -1961 1135
-2260 16096 -3708 717 -3188 -69
-1884 15672 -2736 1683 -3618 -873
-1256 15504 -3204 2360 -4051 -656
-968 16924 -4920 4113 -5338 -944
-1428 14440 -4772 419 -4162 -1796
-2180 15244 -3240 54 66 -594
-92 16124 -2712 435 -2014 -120
-1216 16924 -2972 -882 -1321 1423
-1416 15120 -2584 -282 -2216 96
1076 16532 -3352 6704 -5573 -718
-1380 13352 -3140 -403 -936 -2179
-2276 26576 -5856 2143 1728 3484
-2356 14736 -4984 -4662 -2019 7307
-1928 14536 -4668 -3056 1472 3850
-1592 16312 -2908 -493 250 3868
100 15672 -4116 -274 -623 2706
-768 16060 -3372 -1034 818 2496
-1780 16396 -5388 1577 -560 -1018
-36 16400 -4476 669 -420 454
364 15764 -3056 448 1350 15
-380 16712 -3940 438 2301 203
624 15876 -1648 -1294 1932 -776
-64 16884 -1972 -1531 2248 -2389
-156 16748 -1896 -1310 1961 -1556
572 16184 -632 -1300 2421 -960
404 16464 -96 -641 2369 -220
548 16068 1332 692 2410 778
100 16784 1228 1243 2004 631
-512 16028 -620 1476 1747 -621
-420 16424 -2464 1810 912 -1296
612 16564 -3368 2106 -60 -337
488 16360 -2636 1364 3138 68
-1744 16132 -2424 2431 3141 -261
-1476 16380 -3728 1936 556 315
-732 14528 -5464 -17 2676 491
-1368 13736 -4348 -385 4595 -139
-2040 16512 -4588 -275 6450 -256
-2684 16504 -3672 -1208 3462 -274
-2648 15240 -2548 -1052 1198 -339
-64 12920 -2868 816 4633 1069
-5780 22288 -3728 -777 3038 -6628
-2180 17508 -6732 -1760 -2269 -2642
92 15488 -3292 -1258 -1840 -3470
-3708 17320 -4220 -984 348 -1865
-3088 15132 -1644 -2329 -1983 -1733
-1488 15576 -2620 -1492 -2523 -1243
-2164 17736 -3276 -969 -1615 1789
-3268 15176 -2116 614 -892 1579
-3172 16972 -3420 1112 -1190 2128
-3432 15728 -2664 1403 -1743 2119
-2404 16068 -1568 244 -401 2409
-2276 15732 -944 178 -1823 2315
-1760 15420 312 749 -1430 1844
-1308 15752 1464 3099 322 -725
-1648 16404 1084 3253 -970 -1353
-2824 15908 -2096 2853 -1478 -197
-2432 15992 -3336 2004 -1460 -341
-3372 16028 -3560 2011 -1594 -804
-3276 14584 -2596 2364 -3762 -1607
-3032 12476 -4296 2659 -4535 -4917
-4100 15492 -5276 3391 -7681 -4087
-2692 15772 -4852 3317 -4128 -2578
-1852 16860 -3488 1567 -2608 -779
-2768 16016 -3908 965 -3563 2101
-3192 15976 -4080 1644 -4618 2433
-1568 14688 -2908 5564 -5585 1153
-1092 15752 -7020 147 -1854 -2371
-1176 17916 -4952 250 1094 2007
-6940 17200 -1164 -3748 -886 6105
-3444 12672 -6820 -753 -12 4618
-3384 16788 -3216 -1444 3480 4060
-1072 15452 -4056 -1619 9 4098
-1128 15608 -3632 -737 972 3186
-1088 15604 -3868 -1622 850 2880
-2388 16168 -4732 1029 -93 -489
544 17296 -5180 -1502 -833 846
164 16908 -3192 -1752 911 1558
-444 15964 -3128 -1162 1148 971
-1380 17020 -3036 -2007 -440 348
-20 15928 -772 -2058 931 -422
-884 16208 -3180 -1166 3548 -855
-312 15528 -1608 -505 2663 -599
-288 16516 796 200 1799 -607
792 16732 -240 1718 2051 258
232 16416 100 1746 2799 205
-288 16304 -2256 2240 2907 -291
200 16544 -2712 2057 2295 162
784 15960 -2208 1931 3363 664
1020 15892 -3268 2625 4002 773
-356 15512 -4536 3252 5571 749
-900 15628 -4448 1505 4485 408
-1056 15880 -4436 1031 2877 848
-540 15904 -4908 731 1142 854
-1884 16052 -6260 302 1693 1141
-1152 16068 -4580 -1969 1695 237
-1832 16508 -3260 -139 20 -2832
-888 15748 -3000 -875 315 -1587
-1476 15612 -2440 -951 775 -1229
-1568 14880 -2896 129 501 -837
-2132 15792 -3504 1003 1711 208
-3580 16788 -5056 -486 1574 -279
-424 16728 -5764 -2971 -353 -2410
-1116 16216 -3356 -1294 -2016 -1724
-2012 15576 -1684 -3155 -3609 -3524
-1096 18280 -6184 451 -949 -1253
-276 16404 -4136 1620 1478 -545
-3884 15804 -3952 2563 1814 129
-1408 16188 -3552 -526 -2507 2291
-1768 15692 -2444 510 -1990 2889
-2232 16404 -2712 476 -599 2908
-1188 16100 -1204 1702 -614 1978
-452 16724 -532 2085 -670 921
-1424 16468 -980 1295 -1466 -226
-1228 15260 -2932 1137 -533 -675
-1548 16060 -3420 2458 -280 -387
-2800 16780 -4328 1938 -1337 -1033
-2680 15012 -2324 1138 -2731 -911
-1916 15160 -3108 -5 -3970 -2632
-1876 16112 -5348 1057 -4313 -2236
-1788 15568 -4404 2713 -4138 -1670
-2544 15380 -3140 2060 -5945 -1643
-2432 14880 -3196 3129 -4876 -1892
-1992 16220 -3628 286 -6590 -1301
-996 15684 -3688 2768 -4967 -57
-580 15740 -4264 1030 -1291 -270
-3036 21920 -5936 2119 3447 4110
-3640 13008 -5072 -2642 -753 5298
-3092 17116 -5764 -1965 -675 4770
-1652 15352 -4796 -1090 1853 4355
-1656 15604 -4280 -1904 561 3462
-724 15956 -3392 -1677 1740 3465
-300 15740 -3736 -811 1940 2726
-1436 16744 -5264 -365 3428 1670
-556 17148 -4252 -1009 -336 592
1144 15468 -2588 -1478 1051 886
-960 16780 -3576 36 3701 -449
-120 17076 -2680 -1758 2111 -579
136 16256 -2352 -1585 416 -1644
-604 16596 -2352 -1625 2517 -2326
428 16424 -1232 -1367 158 -1379
608 15632 392 -888 567 -535
308 16124 596 1323 1841 425
-416 16304 -96 1403 2107 631
88 16204 -1224 1370 2064 362
68 16288 -2940 1520 1807 -80
440 15960 -2992 2072 1594 138
172 15884 -2188 1424 1803 494
-388 15936 -3720 1996 3319 790
-268 16780 -3500 2244 3904 -45
-708 15872 -3500 1561 3906 -209
-420 15364 -3800 1091 4261 -140
-1756 16080 -4124 873 4032 -166
-1692 15552 -3512 -1110 3120 -257
-1860 15968 -3504 -333 1848 -521
-1672 15880 -3524 16 2703 59
-724 14196 -2384 341 3046 197
-2092 15840 -3728 461 1250 595
-852 20148 -4864 -3202 2051 -3591
-76 13404 -3532 -2173 -934 -3228
-1712 16072 -3528 -2355 124 -1958
-2076 16212 -1548 -2386 -700 -1702
-572 16280 -5168 -3 -366 -1019
-1404 17692 -3460 -1727 -627 62
-3124 17784 -3936 1712 -124 1682
-800 17184 -2340 -614 -3840 3977
-1156 16388 -2932 2493 -1854 4667
-1280 16812 -1176 1501 -864 4856
-872 15648 -72 2294 -560 1756
-492 15808 -1032 1298 496 535
-576 15064 -2284 1615 -347 -1202
-1672 16140 -3380 1815 -1468 -953
-1432 16096 -3400 1614 -2678 -2699
-1256 16004 -3252 2303 -3077 -2709
-2080 16048 -3844 1695 -2302 -2012
-2964 15312 -4288 2198 -3284 -1978
-2692 13896 -4536 2637 -4905 -2938
-1932 16768 -4068 2120 -3785 -2334
-1372 17048 -2476 1833 -1911 -251
-3280 14344 -3088 5413 -5920 -187
-532 15996 -4288 -58 -5695 -147
-768 16056 -4924 717 -1248 390
-988 16188 -2492 475 -1519 341
264 13480 -1916 -354 -1704 -943
-3464 25540 -6036 5167 3700 3044
-3980 13236 -4700 -6454 -1626 6751
-3960 15932 -5944 -112 1962 4464
-1072 14848 -4608 -1999 1037 5231
-2040 16676 -6120 197 2584 2238
-2352 16792 -4652 -1798 -1261 204
-208 15984 -4184 -1584 -473 1833
-396 16316 -4676 -578 2347 549
-952 16328 -2860 -2167 1859 -154
168 16152 -1984 -1659 292 -1233
-120 17256 -680 -1015 1806 -813
688 16408 -44 -257 2460 -401
232 16108 344 1631 1749 406
256 16004 196 2454 1184 -40
-8 17068 -2028 1033 2791 -161
428 16416 -4492 2857 3631 224
84 15816 -3476 2025 2066 647
420 16076 -3700 2717 4780 1303
276 15664 -5504 4544 5638 2104
-476 15784 -5188 3353 5744 1836
124 15668 -4508 2148 4014 1661
-180 16392 -5168 1534 3716 882
-1316 16172 -4624 1102 2979 -128
-1156 17148 -3932 118 4236 -2096
-3684 15560 -6124 -2166 5542 -2588
-3004 13692 -4016 -3869 -3543 -2973
-108 16880 -4948 -1561 -2608 -5270
-1144 16144 -5676 -1641 -2540 -4657
412 15184 -4868 -2760 -4392 -2902
-1516 16352 -4736 -2869 -3202 -2771
-1492 14940 -3304 -963 -3440 -2073
-1708 14728 -2200 -750 -5014 -791
188 22376 -5828 2194 -1762 790
-2212 18568 -4412 106 -554 5361
-3120 14604 -1152 -174 -4010 2799
-1428 14952 -3096 765 -1107 2233
-620 15960 -2860 702 -339 777
-980 16840 -1840 2246 -274 884
-2072 15720 -1272 1919 -153 -43
-2068 16856 -444 928 862 -637
-2364 16060 -1556 1680 -1690 -830
-3032 15432 -3460 2182 -3775 -1861
-1632 15120 -4192 2020 -4953 -2392
-2552 14548 -3844 2008 -3852 -2440
-3324 16232 -3892 1553 -6451 -3353
-3116 16480 -5212 1857 -5392 -2720
-2840 16048 -5616 1465 -3349 -1732
-3256 15940 -3304 1136 -4144 247
-2524 15040 -2988 2073 -7596 1587
-1532 14452 -4032 1537 -2374 788
-1292 15292 -4272 308 -1141 59
-1380 15476 -3400 1010 -1225 247
-2112 14648 -2732 -370 -250 -885
-2448 23272 -5992 3585 1758 3550
-3076 13304 -4952 -2946 802 6710
-3296 17040 -3964 472 2013 2591
-456 14780 -3684 -994 1979 5621
-1100 15912 -2688 -1559 898 3593
-2668 14488 -4792 -806 3937 2520
-3412 17100 -6104 -270 1249 1466
588 16360 -3220 -2268 -182 1667
-2692 17080 -7060 2184 3395 -2636
-1400 17168 -1880 -1820 -3618 -1594
2604 15584 64 -1031 3475 -837
-1388 17156 -2776 -1202 1339 -1702
980 16144 1156 -402 3254 520
-412 16124 -52 475 2588 717
-84 16004 -1140 1736 572 671
380 16044 -2836 618 1700 729
-108 16844 -4004 1484 1201 903
632 15844 -3372 1199 2338 1322
948 16220 -3992 1409 3715 992
-248 16124 -3868 666 3446 723
-420 16024 -4516 426 3621 284
-408 15280 -3856 164 3348 147
-320 16168 -4248 692 4228 337
-1872 15524 -3916 171 3732 296
-1644 16108 -3660 -445 3332 636
-1272 15424 -1724 -1066 662 -874
-1828 15660 -3740 -2223 1403 -1921
932 12476 -1904 -119 395 -1839
-340 16704 -3456 780 1081 430
-2900 22536 -3768 -491 2823 -3352
-388 15196 -5644 -1830 1518 -2502
-56 16656 -3180 -3039 -3543 -2990
-1264 14464 -3800 -1946 -1485 -2533
-528 18108 -4792 -1092 -17 795
-2228 17872 -3576 1965 276 921
-2360 16968 -3496 1106 -893 1894
-1992 15720 -2032 1401 -155 1454
-1700 16136 -836 1224 -341 1082
-1580 16888 -1184 1367 -2214 -228
-1052 16636 -828 1584 -820 196
-1896 16212 -1152 1757 -1378 -263
-2172 15540 -2024 2086 -2745 -753
-2144 15620 -3136 1190 -3166 -1004
-2496 15112 -3208 503 -3339 -1529
-3312 13592 -3472 -72 -6189 -3494
-3836 16584 -5256 1146 -7264 -4527
-2736 16760 -4396 2008 -4480 -2807
-1872 15364 -2456 805 -1890 -957
-3100 15980 -2796 1010 -1747 -315
-3244 15456 -2916 457 -4432 -541
-1924 15556 -2692 1611 -4698 592
-3880 15588 -780 2117 -8746 109
-2936 18060 -5688 973 -1173 90
-776 15004 -1436 -1995 -3748 -486
-1708 14000 -2016 -374 -849 -302
-3192 22904 -5472 3933 7191 4501
-3868 13380 -1708 -6623 -918 7121
-3248 15392 -4160 -379 -351 4229
-2072 14636 -2388 -3521 -661 5478
-3736 16576 -4432 1392 2895 513
-3860 16264 -4664 772 -854 1577
-416 15152 -2272 612 252 849
-3132 16636 -2868 841 -385 -1068
896 17712 -640 -1736 -3061 183
548 16972 772 2610 2773 846
160 16508 1988 2133 3481 1054
-760 16296 600 1387 2797 401
-264 16328 -2636 1703 3075 -66
-916 17212 -3640 759 3453 292
404 15384 -3356 3963 1590 -89
1620 15516 -3604 4009 2150 2058
-492 15376 -3120 2579 4585 2337
-1180 15628 -4944 1753 2957 2232
208 16212 -5108 1090 2652 1866
408 16312 -4728 1576 2915 1090
424 14828 -5224 1088 3673 633
-880 16552 -4508 -134 2938 642
116 17368 -3260 -1303 2143 -865
204 16908 -3676 -1793 3114 -2518
-96 15352 -4824 -2412 3996 -2319
692 14740 -1884 -4664 4322 -2389
-608 15088 -1732 -824 6040 -391
-1460 14352 -2628 -1201 2779 2095
-2620 15332 -3380 329 671 2971
-104 15736 -3568 -1938 2343 -2053
232 18036 -5556 735 3895 2055
-1088 16148 -2124 -1564 -2336 -1494
-1332 18712 -3016 -2961 -182 -1107
-396 14904 -72 -3217 -1963 -2102
1424 17288 -4576 2319 -5610 -4857
-1632 16764 -4620 402 -3013 -3803
-2176 16204 -3868 3335 351 -357
-596 16156 -2152 -238 -2721 550
-868 16676 -2452 1571 -207 1798
-1384 15772 -1264 2102 -864 1086
-2064 15784 -668 1742 -918 902
-1364 16100 -172 1156 -621 -526
-2184 15812 -1516 3052 -1332 -3078
-1020 16648 -3112 2892 -1437 -2016
-1860 15660 -2260 1984 997 -711
-3352 15900 -2044 2444 -218 -1811
-3880 16064 -3016 3593 -2990 -1938
-4056 15972 -3212 2460 -6910 -1576
-3808 15884 -2612 985 -11711 -1641
-2400 16668 -6720 236 -7480 -789
-3204 16008 -4204 -358 -3130 530
-4120 15240 -2616 1551 -1243 23
-2716 15908 -4288 953 -2274 847
-2664 16648 -3484 957 -1892 1066
-2048 16148 -1772 10310 -2824 3002
-1504 16204 -5572 -163 -3274 3048
-224 14980 -4196 887 -2260 2971
-864 12916 -2656 -55 -93 -1143
-1220 19692 -5608 -994 3293 -204
-1696 16056 -4172 -5897 -5061 4159
-4400 14724 -5984 561 1543 3552
-2516 16120 -4420 -585 1269 4839
88 15652 -3608 -827 872 3519
-2860 16272 -4016 -1336 2724 640
-3268 15464 -4736 -301 -1400 -32
168 17392 -4852 -1816 2448 448
-828 16388 -4724 -1600 904 194
-52 16188 -1732 -2695 117 -27
1236 16004 -1676 637 3641 -655
368 16424 -300 617 3987 -1367
-1808 16344 -472 6 1673 -2504
-2600 16200 -3068 -1715 2074 -852
-312 15684 -1868 -692 71 -1063
200 16208 -1704 1065 569 -743
564 16360 -1900 2042 1844 136
248 16288 -2800 3279 4363 1607
-308 15844 -3504 2490 6225 1346
-312 15404 -2908 3902 11286 -1440
-3548 16656 -3764 2413 16417 -1032
-3352 14276 -3396 -1384 7358 397
-4216 15816 -4968 -329 6365 1210
-2240 15616 -4244 294 4876 1985
-3704 16088 -3760 -537 3448 762
-3916 14216 -3136 -1215 1658 2373
-1716 13448 -2900 -1886 2546 1134
-1876 20564 -3832 -5858 -160 -5476
2112 15056 -4896 -2554 -2801 6
588 17068 -4872 -2008 -5234 598
-1808 17472 -2992 -1597 -1435 38
-488 17032 -2640 -2378 -1787 -1173
-236 14844 -320 -2434 -3913 -1423
-704 15220 -1132 -881 -4980 -1772
-192 18700 -3844 -88 -2905 1854
-1272 16204 -2644 1178 -2079 2782
-1368 16048 -3196 1420 -508 3532
-1708 14988 -1772 1250 -2236 1497
-756 15640 -1736 701 -2056 298
-1484 15480 -1568 1155 -2529 -1602
-1048 16112 -64 3876 -1656 -3255
492 16248 364 4467 -1670 -1561
-1852 16676 -1380 4319 -2194 -1097
-3028 16840 -2724 2182 -3546 -2416
-2228 16916 -3872 1462 -4380 -3138
-4028 15676 -3136 748 -3820 -4044
-4356 14860 -3332 -679 -6513 -6756
-4912 15616 -4396 -618 -7891 -6453
-2356 15584 -4416 1199 -3424 -1723
-3352 16656 -1916 864 -2954 138
-2700 16208 -2064 -33 -3150 1625
-2532 15164 -1504 109 -5713 553
-2748 13904 -1704 810 -2351 764
-2864 19900 -4912 3475 2442 3536
-4260 14528 -2576 -496 -401 7480
-4184 14548 -4472 1876 636 5254
-2360 14864 -2616 -1748 2004 5933
-1392 15784 -3672 892 829 4551
-2032 15616 -3204 -203 960 4044
-768 16140 -3204 -243 1115 3859
428 14672 -3476 905 522 1603
-2460 19188 -3272 -986 -959 -2026
-1268 18644 -3940 432 5867 -2294
1204 16928 -3200 -1466 1987 -1485
1092 13704 972 -246 1583 -2039
-1496 16304 -3016 1113 3801 -1035
-116 15076 -2392 349 1918 60
296 15448 -1324 -319 2358 -1058
-1000 16560 -3072 1960 1192 -96
-856 16512 -4200 2303 4587 1383
-1244 15872 -4224 1989 1464 612
-884 15796 -4012 1639 2871 889
240 16116 -5192 1878 4443 987
-1184 15864 -3900 614 3209 71
-1196 16332 -4892 1020 4124 -390
-684 15932 -4384 736 4310 -196
-360 15480 -4084 323 3934 159
-1908 16632 -5708 838 5069 504
-2160 15752 -5348 406 6041 862
-1804 16140 -4032 286 3034 261
-1364 15112 -4592 -765 -114 -970
-2852 15988 -2160 -746 2814 -290
-60 14964 -2920 -163 3150 236
-504 14068 -4796 -285 1467 3548
-1124 20596 -3660 -3818 6124 -5225
-2808 14604 -3616 -1317 -4703 -2913
320 17544 -4276 -3141 691 -2503
-2592 15708 -2676 -3292 -265 -3240
-1748 16212 -1420 -3202 -2485 -2454
-2288 13160 -876 -4767 -4392 -4442
-332 20384 -6612 -2594 -2879 46
-3420 17020 -3720 -104 -29 3828
-3284 16712 -3312 -564 -2009 5226
-2032 15116 -1252 2307 -1510 4523
-1864 15760 -600 1845 20 2409
-2052 15632 36 1776 -802 853
-1332 16372 -540 1504 -1769 -477
-1436 16492 -1676 496 -1162 -712
-2392 17448 -3436 2397 -3364 -1092
-2628 15384 -2424 1022 -2178 -3285
-2372 15144 -2280 1052 -3362 -3490
-1204 15712 -2508 1216 -3906 -2444
-2896 15436 -2256 1029 -5497 -2668
-3356 15508 -2120 1639 -4755 -2424
-3216 15040 -1724 100 -5712 -1842
-2436 16416 -1468 99 -5433 -1955
-3104 15468 -1980 639 -5213 64
-2136 17376 -1460 667 -3867 482
-2112 14596 -2288 1326 -2120 1144
-2284 16224 -1676 396 -1326 859
-1936 15172 -1736 1087 -1612 -324
-1088 18224 -3104 -106 1701 1245
-3040 16520 -1572 -1883 -2962 5661
-3704 15468 -2936 8 -906 3997
-2436 15268 -1976 -969 -1522 4245
-272 15268 -2436 -1111 -593 3736
-748 16084 -968 -729 1648 3508
-280 14568 -1256 -2242 1082 4547
-2732 17660 -3828 763 925 1937
684 15332 -776 -1545 536 2599
-348 17020 -2852 324 544 872
36 16752 -1484 527 2188 1245
636 16552 -1192 -22 1939 -540
868 16336 360 578 2206 -116
1224 16328 696 1126 2580 -732
1308 15928 1176 1290 2754 -521
1120 16244 932 1494 2094 -146
1288 16800 160 1839 114 -278
1012 15236 -376 894 431 -857
620 16368 -2564 540 683 -830
1052 16144 -2920 1224 2454 6
324 15872 -2652 1795 2885 330
-368 15356 -3428 1941 4535 739
-652 15476 -3836 1198 5746 1407
-816 14968 -3032 1417 5099 1814
-1468 16620 -3076 1563 4243 2073
-1556 16276 -2016 951 4056 1147
-1528 16308 -1692 511 4713 1179
-1540 16264 -1456 1900 2159 1749
-3640 21660 -4648 181 2130 -2324
1064 14976 -4264 438 1536 -2576
336 17668 -3296 532 -2135 -3037
-388 17216 -2336 -2467 -1318 -3644
-516 14872 -3808 -3783 -742 -3623
-528 15288 -2584 -1627 -940 -1899
-1172 17284 -408 -436 -664 -834
-836 16484 -4948 4 -1602 -2344
-1380 19220 -4672 -934 2227 317
-2396 15028 -2680 222 1767 1895
-2068 15644 -3276 -88 -854 667
-1912 16160 -3052 1223 -248 1799
104 17296 -1796 1707 4952 3313
-1368 14996 1452 1222 6724 1908
-2468 16632 -896 3175 -1724 -321
-2068 15404 -2512 2430 -4014 -1105
-2188 16268 -3944 2246 -3884 -720
-2140 15848 -2568 1667 -4030 -614
-1668 15048 -2060 1962 -4102 -570
-2700 15396 -1784 2 -3915 -1567
-4192 15928 -3208 -618 -3619 -2755
-4632 16020 -3292 691 -8616 -3892
-2480 14944 -2332 1688 -13365 -2622
-1704 13980 -4224 833 -12822 -3669
-2412 16960 -3904 -692 -6567 -3727
-960 17292 -2496 739 -5666 -2539
-88 15228 -308 1437 -3851 -565
-2204 17288 -3440 570 -1233 582
-2012 17328 -4708 811 434 8571
-3608 14040 -3140 809 158 4969
-4328 17224 -3136 370 -119 5645
-488 15052 -3052 -1522 978 4916
-1892 15428 -2400 -486 1322 3900
-1188 15528 -2544 -220 1300 3104
-1824 16204 -2676 19 1934 2418
-2268 17148 -3092 22 -1219 806
1656 15316 -4600 305 578 1177
28 16836 -3104 872 3006 -557
-916 16772 -976 -294 2420 -887
900 17156 -444 -169 2370 -2093
776 17312 504 460 3515 -2591
892 16084 1244 1214 1999 -2044
968 16372 -136 -520 1286 -761
-192 15724 -1788 1952 980 -501
-152 16356 -2972 1553 236 -221
484 15828 -2612 2006 1285 612
696 15560 -2992 2223 2428 1192
-744 15684 -3672 1930 4462 1869
-856 15760 -3940 1441 4278 2272
-1356 15772 -4472 868 4184 1491
-580 15188 -4288 1264 6237 1270
-1132 17200 -3532 1708 7274 690
-3432 16384 -2788 -576 3959 1142
-812 15532 -980 -461 3842 1493
324 12500 -1780 -2750 3564 -636
1972 22632 -1848 -5671 4541 -6980
-216 14960 -4244 -2328 1194 -3406
1072 15576 -3980 -3326 -2887 -3858
-2072 16188 -3804 -2440 -700 -1417
-1308 15320 -2440 -2381 -1551 -3233
-1084 15244 416 -2192 -5192 -1581
-1424 16164 -3648 -1214 -2558 -1729
-860 20036 -2392 136 349 3170
-3780 16164 -1332 2842 -104 3477
-1808 16472 -536 1308 -2479 434
-164 16024 -556 2306 -1873 -257
-1432 15012 -1356 2891 -1168 -1310
-2780 15908 -1292 2328 -426 -1551
-2440 15892 -2572 2092 336 -864
-2492 16256 -2820 1994 -488 -1398
-2588 16316 -2216 2140 -2009 -1570
-2320 15472 -3272 2095 -2008 -1149
-2240 16332 -3144 1103 -2961 -998
-2708 15308 -3428 612 -1536 -550
-3676 15488 -3144 728 -1674 -2350
-3780 16028 -3004 1603 -1917 -1866
-2960 14488 -1448 723 -5755 -1547
-3080 14680 -2516 1723 -7246 -2422
-2568 15848 -1920 1641 -4282 -508
-1664 15996 -2116 1167 -2817 -591
-2296 15484 -2672 3165 -2983 813
-1100 16072 -2424 1965 -1983 1106
-996 15728 -1912 1681 -499 1467
-2012 21128 -3048 858 533 9833
-3452 14964 -2028 -6239 -2060 6221
-3212 15228 -3996 889 129 6082
-496 15536 -4564 -592 80 5597
-332 16232 -3468 -166 -420 4527
308 15524 -2384 761 -407 3214
-1156 17396 -4316 111 250 696
-2048 17156 -3656 -1854 3097 -1555
720 18080 -2784 -653 2621 -3717
100 15264 -2332 377 4512 -2498
1176 15208 440 -61 1752 -2153
-516 16104 -1356 1210 4753 -823
760 15092 -500 -40 2273 -923
-652 16572 -1936 -91 1082 -1851
668 16712 -3228 -331 4236 -1744
-268 15368 -1228 -67 1869 -831
-432 15720 -2124 871 316 402
-160 15888 -2460 904 856 781
-620 16004 -3124 2116 2453 1295
-352 16384 -4036 1714 3273 1959
-1556 15136 -3600 2615 2961 2287
-1552 15772 -2484 1039 2936 1992
-708 16148 -3776 758 3903 1784
-1212 16572 -4120 164 4453 1339
-1880 16448 -3380 -263 3540 309
-2664 15400 -2464 656 517 -1345
-304 16688 -1944 -289 1197 -105
-3548 17296 -2876 -287 -184 -1618
-1040 15800 -5096 -3104 788 -3273
696 16576 -3308 -1878 -869 -2097
-628 16680 -2472 -2973 959 -3494
-2328 16540 -5408 -3312 1594 -100
224 15576 -536 -4699 -1780 239
-2228 14488 -308 -3274 273 -2049
-1736 16152 -1760 -1187 644 -366
388 15992 -1292 -1493 2496 957
-3432 17048 -2348 1821 2859 2999
-2716 15340 -908 685 1600 2763
-1468 16260 -380 1893 -219 679
-1360 16164 -76 2955 -944 -943
-1492 16404 -468 2586 -2969 -1215
-1152 15836 -880 2391 -2085 461
-2272 16192 -1792 2172 -3214 -17
-3152 16164 -1832 2079 -2962 -875
-2336 15820 -1828 2230 -3765 -1864
-2040 15076 -2060 2402 -3032 -1740
-3444 14436 -2680 1379 -2508 -2690
-3288 15676 -2916 1537 -4025 -3289
-2648 15680 -2552 1654 -5805 -2494
-3244 14996 -3280 1542 -7987 -1844
-3236 18432 -6140 -466 -5876 -2337
-940 15388 -940 810 -4360 2035
-1780 15492 -1992 1297 -1916 1537
-1684 14580 -1604 3308 -3139 2211
-696 16252 -1760 535 -2949 1233
-656 13568 -1932 86 -2974 -1127
-1640 13672 -68 -1545 -2625 -3009
524 25424 -6664 9812 4172 9545
-3320 14092 -1508 -3161 600 7362
-7020 17628 -3828 -607 -1942 4754
860 15148 -2488 -303 -1312 4329
-1108 16188 -3336 76 248 2707
-3804 17564 -5128 -720 1407 1812
-152 15612 -2956 -939 -483 2437
-144 16048 -3000 2292 2003 1327
-308 18524 -1508 -1052 443 873
1884 16196 812 -1312 242 -1091
676 17256 -652 -626 198 -1739
2728 16152 476 651 1242 -1349
2840 15732 860 1544 1343 -579
104 16412 -1300 -798 3391 -994
772 15968 -2728 468 1661 -1345
760 16028 -3392 1062 1964 -1209
700 15852 -2084 793 2522 -859
0 14956 -2556 1777 4690 -514
-2420 16732 -3924 3430 5012 -2276
-436 15932 -4312 2386 2612 -48
140 15888 -3964 1332 5508 -246
-1604 14848 -3416 1813 6901 -78
-2440 15076 -3280 1258 2333 1499
-516 16424 -3824 1909 4587 2160
-1548 18932 -4248 2756 7625 774
-1884 14144 -3176 808 7361 1506
-1716 15064 -2176 -1391 3759 1771
-1772 19384 -3788 -1590 897 -569
-64 16372 -4432 -1441 4532 -4101
1184 16008 -5448 -3315 404 -3369
-900 16352 -3804 -3257 -3102 -1252
-424 14076 -3280 -4802 -3880 72
320 14552 -1428 -3921 -4705 -613
-1520 14480 1944 -1929 918 -1193
820 20192 -4356 -38 -3344 -2055
-1960 17792 -4672 2514 -3376 -3719
-3552 16836 -4056 -499 245 1396
-1336 16920 -1320 2205 -526 28
-2500 15572 -656 2788 -199 104
-2488 15596 -1988 2635 -2216 -116
-2644 15976 -2248 1163 -338 -125
-2620 16480 -2516 1791 -1355 97
-2108 15892 -1416 686 -1453 -1242
-2532 15564 -2424 -179 -674 -1704
-2924 15804 -3140 -1649 -984 -2337
-3288 16004 -3240 186 -2041 -1939
-2988 15528 -2632 2008 -3365 -2404
-2992 15616 -3032 2654 -4153 -2158
-2804 15860 -3892 1842 -3614 -1364
-3068 15660 -1520 570 -1262 810
-2368 14524 -168 1524 -4714 1083
-2440 16904 -2888 1309 -5362 388
-2312 15424 -1896 1184 -4735 1406
-1792 14480 -2136 -929 -3962 -1360
-1900 14920 -3220 25 1877 -3525
-2700 13368 444 835 1019 -4196
-3360 23624 -6088 6084 2394 3928
-4584 17080 -3012 -478 -218 7433
-4796 12984 -3328 86 -259 6055
-1340 16428 -2464 -2043 790 7110
748 15972 196 -248 -946 9063
-580 15072 -1536 15 341 6080
-3452 18836 -4616 -2123 -3277 2639
2272 17520 -7996 -83 -1709 928
2900 15160 -2580 2908 2655 225
-776 16388 -2656 3118 2826 -565
284 15880 -2900 1781 2989 -320
1284 16768 -3684 1146 2976 -1095
328 16416 -2876 843 2043 -1860
728 17300 -2608 -216 2399 -1684
1952 15648 -3172 -409 1551 -1729
-40 16620 -2920 139 1872 -1146
-308 16464 -3964 1196 4201 -1208
-752 15748 -4444 503 2455 -796
-756 16464 -4684 1229 4169 -465
-1128 15068 -4104 -489 3040 -606
-1968 15412 -3328 149 4011 149
-1092 15000 -3132 1303 2471 1732
-1740 15636 -2408 528 3146 1562
-2256 15736 -4628 800 3344 523
-1376 17296 -1752 -916 300 1280
-1020 15520 -2024 -992 3368 -81
532 14540 -1268 697 3040 -965
-2904 16000 -4892 -1852 -1010 1692
-980 17032 -2156 -3772 -2672 -3453
-396 15848 -5216 -1537 -2061 -1552
968 14904 -976 -3533 -5099 -2517
-1820 16976 132 -3723 -5115 -1571
-1100 17724 -4988 2153 2706 -856
768 17464 -3780 -2325 -1021 765
-4164 19532 -1832 1676 -764 1738
-1444 14884 -340 2087 -1464 875
-596 15588 -1616 2031 -2056 -267
-732 15636 -2240 1196 -1762 -177
-1772 15664 -2904 1233 -769 -96
-2672 15864 -3672 1497 -1123 -1200
-1692 15488 -2336 1716 -1652 -1688
-1304 16600 -2012 1323 -2051 -2037
-1392 14332 -1468 1111 -892 -8
-2052 16100 -1972 -223 -1 -205
-4168 16296 -2760 -648 1267 -1167
-3872 16576 -2884 1272 -4359 -3600
-2332 15764 -3080 1077 -6047 -3299
-2452 15760 -3128 1329 -4768 -3333
-3388 15548 -2752 888 -5635 -2313
-2360 15756 -2132 -1050 -5813 -662
-2224 17756 -2484 839 -1800 1676
-1812 16616 -824 581 -1775 2648
-1760 15016 -988 -153 -2528 3139
-1020 16044 -1732 -2763 -1777 1903
-1076 13676 -988 -2949 -1982 -1590
-2848 24352 -2660 2478 -389 1315
-588 12376 736 -2534 -1475 5251
-4880 17536 -3728 -492 -735 2841
196 14720 940 -688 2975 4788
-968 14288 948 -887 596 4018
-2888 15524 -2312 1304 4007 3770
-3008 17656 -1964 -345 -2864 2880
412 16848 -1948 -65 290 2206
-844 16880 -2116 -274 785 1391
1048 15684 1400 620 2408 611
1592 15820 636 2231 3611 856
944 17116 768 2306 3099 532
968 16436 332 1722 2263 -154
1188 16892 -604 374 3288 -926
1500 16268 -1124 1599 2350 -630
1624 16028 -728 1420 1958 -73
912 15900 -956 2257 1642 -134
536 15636 -1848 2355 2087 -513
396 15740 -2552 2170 4133 -642
-144 14904 -2760 1184 3688 -480
-844 15956 -3284 1121 3918 -468
-844 16148 -3256 1182 5246 -45
-1216 16176 -3412 1384 5933 -243
-1616 16164 -2472 -262 5050 -1097
-1852 16260 -2100 -61 3827 -775
-2076 16164 -1956 -275 1967 -196
-1424 14588 -1904 76 1979 -203
-1796 15060 -2168 456 1213 476
-3596 13532 -1372 -2609 -5647 3303
-1068 20352 -28 -4925 -7204 -3453
-948 15612 2688 -5011 -584 -5583
-812 16164 -3424 -767 1876 -595
-540 20996 -4152 2789 8030 -1753
-4052 17792 -1988 1919 3723 3253
-2088 14760 -1180 1733 -2204 1008
-2308 15212 -2744 2101 -1800 1298
-1160 15568 -2340 1411 -2555 -454
-2112 16648 -3020 1290 -2771 -1099
-1440 16144 -2272 1846 -2240 -853
-1944 15576 -2692 1784 -2149 -620
-1472 15600 -2668 1691 -2281 -637
-2240 16308 -2916 1913 -1127 -500
-2904 15472 -2352 974 -711 -660
-2140 16032 -2052 170 -1060 -1293
-2064 16348 -2124 410 -2277 -443
-1732 15656 -1976 -533 -2012 -808
-2064 15148 -2376 -151 -2977 -627
-1040 16252 -2624 311 -1232 -2096
-2956 15072 -1496 905 -90 -1928
-2476 16348 -2056 -572 -3296 46
-2804 16072 -824 2153 -8309 1271
-2632 16368 -3492 1714 -4442 -335
-1612 13848 -2224 -257 -3727 -622
-712 14788 -3000 -3518 1747 -4235
-2992 14860 388 -5253 4029 -3378
-1476 17744 1428 -1104 4897 -175
-36 18844 -560 5915 -6037 11445
-5380 15132 -7436 431 8751 737
-8476 16112 -2472 2150 -4332 4673
2800 15268 -2940 1276 -2317 3702
-1752 16440 -3384 1747 5224 1734
-4436 16948 -2892 491 1649 554
-1176 17284 -2660 1016 2467 -368
-1120 15656 -1876 400 1500 -1143
-2092 15956 -2560 174 -384 -1609
-856 15076 -2136 0 -173 -684
-1896 15944 -2208 79 -242 -414
-1280 15732 -2320 730 1377 579
-1280 15724 -2384 1438 2026 1186
-1728 15984 -3236 1727 2016 920
-1908 15452 -2772 888 1628 1134
-1468 16088 -3836 963 2253 984
-1192 15924 -3888 883 2177 976
-1180 15988 -3736 1046 1274 536
-1440 15852 -3424 624 1961 991
-1784 15716 -2860 63 2718 1668
-1828 16428 -2444 -556 2266 789
-1360 16396 -2692 -46 3699 631
-1644 15696 -2716 -191 3067 -854
-2708 16112 -2968 -3 1414 -21
-1288 15180 -2684 -522 760 181
-1028 15704 -1972 151 -53 1425
-680 14400 -2048 -1886 -870 1005
-4340 18188 -7424 -1905 1094 -3044
-1820 15060 212 -3881 -7869 -3884
-2060 16724 -2360 -1717 -3860 -1001
-2072 15680 -1544 -1585 -2479 -547
364 16080 -568 -2258 -5519 -356
-1148 15728 -2308 2617 3760 -679
-1432 16436 -1964 452 -1076 -171
-5080 16876 -2300 2076 230 -689
-1572 17296 -1904 1601 -1976 1236
-776 16368 -348 2059 -965 467
-3360 15968 -1640 1754 -182 -857
-2700 16616 -1348 1641 -868 -1888
-2040 16616 -1656 1611 -410 -2599
-2916 15492 -2684 1992 -594 -1818
-3204 16332 -2720 1902 -1357 -683
-2456 15740 -3200 1715 -1752 -28
-3108 16056 -3440 1022 -655 -101
-3256 15392 -2676 525 -1262 24
-2932 15832 -2632 340 -1482 15
-2584 16172 -3992 -457 -907 600
-2812 16172 -4144 390 -1689 421
-2024 15896 -2004 -40 -2116 1524
-1548 14752 -2016 189 -2167 2313
-1564 15176 -2024 2584 -4886 1626
-1408 16164 -3092 -284 -2371 1615
-1624 15432 -2040 -3390 -4292 2010
-1772 17936 -892 -3577 -7267 807
84 14872 -3616 -2265 -3530 -770
-100 13628 -1184 -3188 -3049 -1790
-1004 18064 -1476 -263 -1692 -1018
-1004 16880 -2944 186 -3190 2108
-2956 14336 -3620 -723 495 376
-3512 16136 -548 -54 253 2518
-3164 15572 -2128 -392 1487 1702
-1548 16148 -1804 612 -473 6
-888 14900 304 328 301 2295
-2360 16652 -512 935 3215 1441
-1080 15444 952 -383 819 605
-512 16660 336 -821 968 646
1016 15796 2096 619 1450 907
1068 16400 3664 2129 4227 -106
492 14652 524 1934 5182 393
16 16048 -2756 1593 3041 -240
-812 16852 -2676 1421 1720 789
368 16020 -2024 2740 3306 906
-188 15564 -732 2307 2120 1038
-796 15408 -2600 2069 2728 826
-216 15588 -4524 2976 3680 1484
-1132 15904 -3176 1477 2502 88
-1244 15904 -3436 574 1654 455
-1024 16664 -5184 895 4056 329
-728 16116 -3144 825 2628 557
-1864 16284 -2828 -246 3215 -890
-820 15292 -1560 -381 3115 -1152
-1832 15916 -2688 579 457 -1351
-1316 16008 -3216 1381 1940 -219
-1356 15628 -1996 407 2369 -217
-3008 11696 -2208 3545 -1649 359
-4692 17416 -4356 -253 -1207 1989
-700 16056 -2448 -4424 1987 -6158
-292 15720 -3168 -2267 -2962 -3371
-1644 17460 -2536 -2632 -3101 -1053
-1972 13656 -1448 -3196 -2706 -2998
-1148 14252 -112 -1112 -1379 -1371
-744 18456 -6584 -238 -2780 57
-4160 16852 -1720 1690 -1169 1118
-4104 15808 -1888 1217 -223 681
-848 15968 616 2367 -974 -590
-1112 16044 -724 1672 -1631 -442
-2400 16352 -2216 2703 -1239 51
-2876 15416 -2780 3039 -583 -84
-4700 15784 -4216 2118 -459 -431
-3028 15236 -2624 1505 -890 304
-3008 15972 -2764 823 278 -315
-3960 16200 -4564 1551 -816 -613
-3660 15848 -3460 -15 -141 -452
-3968 15296 -2844 -535 -1046 -1796
-3160 15860 -3824 -138 -2656 -1955
-2160 16180 -2904 -483 -3467 228
-2456 14976 -1648 286 -3399 1198
-2716 16136 -2076 1441 -4687 1914
-2660 14548 -1520 2707 -5796 2724
-1960 15996 -2008 2590 -4279 2404
-1464 14364 -3828 -227 -2816 2329
-1384 15456 -3120 -311 -2464 1461
-80 14908 -2636 818 -947 449
-448 14344 -816 836 -260 -424
-340 14720 -600 -155 -3418 -964
396 23640 -3828 2892 -1955 5362
164 13568 -2276 3117 1238 7655
-6764 17324 -5772 -893 4811 2992
-2872 18852 -5840 -4214 -3230 3212
1588 16196 -4088 -129 1965 109
-196 17008 -3860 1234 3331 -519
440 15808 -1508 558 1732 -839
756 16032 -1872 -921 5310 -715
-424 16544 -2756 287 3260 -1503
-640 15712 -1800 -348 2951 -1807
-224 15912 -3364 53 2242 -1002
276 15568 -2744 146 2647 -26
-248 15884 -3160 807 2077 -329
-208 15900 -3964 1316 3571 502
-432 15516 -3144 425 2009 876
-476 15220 -3044 504 1552 1257
-548 16944 -3620 614 1696 857
-208 15888 -3384 374 2062 1105
-552 16516 -4128 1165 3586 1109
-952 16216 -2584 370 2252 615
-1136 15948 -3180 -85 2974 245
-1120 15972 -2808 -226 3477 -142
-1100 17116 -2508 -578 2111 -1192
-1236 16320 -2252 -1657 1444 -1874
-1980 16116 -2776 -2798 1441 -3779
-2108 15236 -1568 -2944 1265 -2044
-464 14192 28 -3011 -2164 -690
-376 14044 -68 -1796 218 3063
-2388 14380 3536 -155 418 3111
-4048 15032 480 -7546 1328 -4759
4352 22496 -12940 4626 2665 -1081
-3064 18796 -3504 -57 2757 -3211
-5556 15248 -648 834 1488 -656
-2240 15320 -1968 3802 138 -1728
-2440 16520 -3112 2388 -1339 -1793
-2476 16476 -2028 1383 -1696 -888
-2272 15824 -2556 2881 -1754 68
-2592 14872 -3512 2014 -2040 225
-2752 15288 -2520 1858 -494 555
-4036 16056 -3812 1552 -1336 922
-2420 15640 -2288 649 -3444 174
-2576 15476 -3508 345 -1848 -175
-2564 15484 -3140 122 -2432 -399
-2432 15452 -3332 1173 -2203 -343
-1860 15592 -2844 195 -2393 719
-3120 16412 -2744 1086 -2767 331
-2892 15812 -2928 971 -3557 -233
-1592 15732 -3312 2437 -5603 -474
-1640 14424 -2944 244 -4674 -1792
-2644 16416 -3612 555 -5227 -2857
-1928 15608 -2896 286 -4762 -1906
-2544 15836 -3960 847 -2509 -1331
-2796 14480 -1452 -100 -2105 -3006
-4856 24248 -5240 4337 1088 2687
-5332 12920 -1652 -2505 -2989 4982
-5064 16488 -3780 -895 -869 2496
-2872 16424 -1868 313 -516 3486
-2456 14892 -2356 -691 217 2853
-1740 15696 -1880 -614 2214 2860
-1756 15432 -1648 -661 1364 2848
-3176 15748 -2904 380 2760 1498
-2832 16832 -2912 -1496 777 1802
-632 17476 -2404 -341 251 1417
-768 16572 -2468 -431 1432 683
-352 16740 -2040 129 38 1456
1172 16588 -244 -733 2388 1306
544 16012 768 923 1880 683
288 16852 -872 1131 2390 -138
608 16684 -2276 751 1703 -594
684 16680 -2204 658 2080 -364
308 15472 -2548 1280 2503 171
-76 15836 -2348 1660 1889 844
-260 15516 -2244 1134 1480 878
-864 16808 -3848 1978 1922 1021
-756 15976 -3916 1416 2127 315
-1164 16116 -4636 2300 3736 38
-424 15312 -3756 1583 3077 636
-1380 15788 -4236 1380 3771 31
-2220 15620 -4404 550 3966 -61
-1940 17136 -4176 564 3535 -192
-1116 16732 -3404 1046 3126 -944
-1952 15304 -3168 -187 3508 -1105
-2152 14428 -3316 1052 288 223
-1300 16112 -3432 1636 -485 966
-2992 17364 -4580 958 826 -3552
-840 14520 -3868 -3447 -3300 -5914
-1124 15548 -4744 -1040 -2513 -3195
-2384 15300 -3124 -2143 -1635 -2192
-2744 16308 -3428 219 -2370 -2131
-2448 14948 -2104 -398 -3093 -2728
-1472 19404 -8072 3409 473 280
-3256 15520 -4092 54 469 -411
-5488 14800 -4708 -658 335 758
-1984 16380 -4176 2035 -1830 2067
-2208 15928 -2324 610 -2506 3610
-3100 16536 -2440 682 -743 3372
-2032 17332 -1692 -377 -1127 2816
-1884 16528 -736 26 -1564 1950
-2172 16360 -820 1291 -1190 522
-2032 15152 -2040 1704 -482 -832
-2828 15644 -3716 2349 -2255 -2556
-4048 16176 -5456 1978 -3629 -3202
-3216 14344 -4444 2202 -6584 -4153
-3632 14092 -4356 1300 -7813 -5150
-3104 15384 -4908 1221 -5799 -4342
-2664 16828 -4144 1214 -4261 -1586
-2580 15944 -2264 3 -4794 690
-3456 14268 -3260 1472 -6075 1517
-3300 17492 -4148 350 -3224 496
-1692 14664 -3076 1087 -1849 618
-1864 15016 -3064 45 -766 -1085
-4844 20180 -5672 2178 7009 1183
-6280 16504 -2960 -3786 -4149 7040
-4304 13128 -5964 245 918 4071
-3896 16052 -3404 -2786 1156 4647
-2544 15156 -5052 -87 1331 2701
-2764 15392 -3292 -986 1717 3330
-2324 16032 -3124 -979 1655 2438
-2916 15384 -3184 -769 -538 1072
-1348 16080 -3984 -1164 -286 1160
-1720 16388 -2376 -561 416 1615
-1772 16040 -1808 -1504 206 1534
-556 16472 -2192 -605 383 681
-628 16824 -1372 -1039 -768 756
596 16156 -496 -1751 200 737
352 16960 824 -203 770 704
1456 15476 1340 2161 1715 -297
-720 16268 -1784 -228 363 147
-388 16632 -3364 1654 4294 445
240 16544 -3036 2125 4145 658
260 16060 -2960 2462 3980 1237
24 16260 -3528 3522 7466 1475
-928 16764 -4364 4022 6115 981
-1592 16608 -3636 1326 4924 70
-1868 15400 -3708 2134 4634 -186
-1040 15156 -3992 1992 4465 370
-1044 16112 -2416 1179 3867 1273
-884 15824 -1396 967 3283 103
-3008 17356 -6064 91 858 -946
-1064 18996 -3968 -4208 136 -7408
1044 15532 -8772 -1969 -325 -4602
-2876 16300 -2936 -3086 -1769 -4461
-3460 15420 -5188 -3263 -3972 -994
-1052 14780 -2940 -2570 -3168 -728
-3180 13348 -4228 -1169 -1857 27
-264 18108 -5256 -2387 481 2169
-4036 15456 -1028 517 -962 1299
-3116 16036 -3488 -181 -1846 0
-668 17072 -4056 2342 56 525
-3404 17296 -3028 1385 -105 860
-3312 15672 -764 1463 -538 760
-2604 16544 -1228 593 197 687
-2428 16756 -1032 1417 -34 740
-2668 15528 -804 1842 -1007 279
-2988 16584 -2680 2687 -2044 -1462
-1860 14620 -1020 2620 -2768 -1353
-2684 14864 -2856 2518 -4250 -2024
-3268 14904 -4104 1641 -5596 -2232
-2488 14532 -3768 95 -6043 -1931
-3692 12156 -4500 28 -9192 -1825
-3808 15464 -7264 -118 -7806 -5394
-2652 18220 -4012 -325 -5379 -1834
-2208 15664 904 2764 -2641 -227
-4432 16164 -3532 367 -7481 1028
-3188 11916 -3128 4630 -2655 1021
-1784 14344 -1984 13 1581 990
-780 15684 -2148 2146 5069 492
-1628 22112 -6080 506 -490 8202
-4152 15724 -5092 752 3941 6669
-7128 14764 -3332 -1440 3349 4760
-2272 15668 -5080 -1292 1946 3621
-848 14340 -2680 608 2866 3854
-1056 14880 -2000 -732 2722 4923
-3408 17944 -5328 -334 6634 1423
-2232 16332 -3612 -2223 367 -1602
-328 17012 -2920 -992 1193 -1584
-536 15640 -2256 -1448 991 -1872
-1412 15732 -2560 -714 610 -1425
-652 16276 -996 -295 240 -1107
208 16416 556 404 303 129
456 16328 -16 2064 1917 350
-312 16512 -228 2071 2138 -114
-840 17712 -4140 502 4519 -1364
200 15740 -2960 2667 2095 -2519
152 15552 -3192 1356 2610 -1223
-940 15272 -3352 921 3935 -311
-1904 14000 -4448 1351 4815 1005
-1628 14748 -4984 1867 5257 2101
-1504 15684 -4804 2175 4692 2315
-1684 16260 -4524 2571 4151 2349
-1368 16280 -4496 2518 4000 1420
-2152 16656 -4200 2580 4801 100
-1712 15544 -4624 1085 2324 287
-664 15844 -4168 636 2405 -36
-1516 14636 -4624 547 3459 644
-3352 15272 -5708 575 -1324 1744
-768 15716 -5504 -5244 544 -3345
-2756 14304 -5600 -499 -920 -4939
-116 17980 -5172 -2085 199 -3113
-2888 14300 -3788 -3099 -93 -2038
-968 14952 -3768 -1135 -2280 -1157
-1900 16648 -3244 -667 -1883 -788
-2024 14976 -4248 1737 218 -646
-3264 15932 -3732 -2144 -5055 654
-4064 15484 -4388 -1352 -1400 -736
-1864 16192 -4396 160 -4371 997
-2528 16868 -2896 1168 -954 1674
-1996 16464 -908 1993 -2694 1096
-2236 16108 -1048 2913 -2601 -211
-1712 16232 -1260 1620 -951 -336
-2920 16200 -2308 1200 1256 -1645
-4544 15988 -3088 -265 33 -1261
-3584 15932 -4188 994 -2276 -547
-3256 16032 -3528 608 -3355 -735
-3972 15492 -3676 870 -3480 -687
-4548 14008 -3740 933 -6030 -1107
-3712 14188 -3560 894 -8084 -2374
-2608 15804 -3124 498 -4767 -3007
-2936 16484 -3736 2164 -4280 1273
-1772 15016 -3136 1224 -3970 2037
-2140 15344 -3268 1717 -3451 329
-1868 15680 -3556 601 -1680 394
-1044 14360 -3120 239 -688 -482
-2300 16716 -4808 -784 3266 -947
-3744 16748 -4112 1578 1507 6275
-4928 15656 -2572 -145 349 5757
-2972 15332 -2192 -270 -226 5163
-1372 15688 -4856 -663 -813 3430
-964 15500 -2632 -2634 -1193 3754
-1284 15956 -3348 -1753 929 3380
-1552 15768 -4724 -1359 207 2773
-460 17656 -4416 -743 250 1696
132 15652 -1404 -772 928 1808
-660 16664 -3188 -257 1821 1455
-492 16856 -2372 -967 1711 298
708 16548 -852 -992 1254 -1039
1016 16828 620 -1345 1836 -1927
1300 16640 -92 -232 2932 -1588
2192 14920 -668 744 3874 -1291
692 16304 -2424 72 4185 -565
408 15344 -3364 1310 4802 -625
468 14632 -2104 434 5237 915
-288 15404 -3548 1506 6016 1451
-664 16240 -3104 1907 4671 901
-1624 17324 -4376 3051 5430 817
-1412 15552 -2924 2674 4117 648
-1268 16500 -3852 2357 4391 486
-1916 15664 -3684 1904 4412 346
-2016 15908 -3744 846 3547 703
-2496 16136 -2668 1305 4129 -427
-1240 14396 -2952 2568 1482 1220
-1996 15580 -4908 308 778 -11
-436 16024 -4100 -1553 397 -4503
-1764 17200 -4440 -701 -4322 -2805
-1700 16840 -5544 -2258 -832 -3083
-1992 15364 -3116 -2333 -1251 -1183
-1088 15844 -2932 -2359 -1125 -2717
-2616 15348 -912 -3415 -3198 -2078
-3112 14732 -4784 -776 726 -2155
-868 16692 -4896 -3627 252 -1657
-3900 17052 -2652 -2433 1792 993
-3224 16852 -2008 176 -1750 2496
-3020 16400 -2240 1114 -2208 3117
-3268 15256 -1472 1310 -2587 2346
-2988 15752 -556 2004 -2934 822
-2064 15240 -408 2598 -4642 -650
-1948 16424 -1828 2425 -4201 -1134
-2104 15932 -2392 1500 -3301 -817
-2988 15316 -3532 2097 -1878 -580
-3832 15000 -3316 2079 -3507 -2212
-3532 15088 -3404 2436 -5749 -3273
-3696 15596 -3456 1973 -5736 -2876
-4044 16220 -2756 1680 -6274 -2637
-3672 16588 -2736 2112 -6531 -972
-2424 16440 -2196 2424 -4117 2248
-2720 15492 -2700 2201 -4106 2999
-1824 15292 -2728 1760 -3728 2654
-2148 15712 -3324 2200 -3432 1275
-1636 15600 -2764 4239 -5355 776
-416 15092 -3528 1486 -3380 -241
-172 14388 -4248 -451 -4209 559
-3236 23372 -5452 1866 -1133 7901
-2532 11192 -4804 -3301 2348 5169
-4248 18816 -3152 -2035 -251 4589
708 14260 -3696 -1536 2032 3227
-1216 15508 -2928 -290 1255 3057
-3352 17468 -5044 450 4779 1516
-2072 17396 -4084 -1571 -1487 12
444 14320 -2412 660 1761 1317
-1032 16616 -3256 144 2014 756
124 16428 -2112 -1300 398 211
188 16532 -1560 -890 330 -492
988 16672 -1368 -669 1639 -571
1096 16756 -396 -207 1458 -717
1692 15992 -132 259 1364 49
2268 15908 -288 2577 4702 503
204 16996 -888 1814 2789 41
156 16152 -1948 1754 3530 -631
440 15932 -3336 3057 4455 -341
168 16080 -3520 3621 4472 212
160 15196 -5172 4472 4558 261
-72 16224 -5368 4072 5123 381
-880 15468 -5448 3737 6830 75
-1700 16676 -6084 2063 4325 317
-824 16568 -5556 2326 6461 -756
-1120 15648 -4816 1685 3953 -561
-1520 16180 -4536 373 3557 -40
-2972 18464 -4852 -725 1995 -3475
-300 13568 -6388 -1480 1747 -3865
-640 16828 -5236 -3594 -2784 -4273
-1480 15852 -5524 -1907 -1215 -4055
-2416 15332 -3984 -3091 -2996 -2964
-1892 16220 -4976 -2541 -3767 -2290
-2332 14796 -4320 -878 -2363 -2010
-2232 15620 -2784 -1621 -3823 -1061
-3024 14768 -4944 533 1480 -1565
-3072 17240 -5956 -2737 1003 -567
-4288 14964 -3364 -160 2306 -91
-4164 16384 -4932 313 -2743 -395
-3352 15864 -4336 1601 -1268 688
-2860 16044 -3156 874 -349 584
-3676 15924 -1896 2253 -789 -56
-1312 17656 -8040 708 10145 2045
-988 13240 1220 4623 3542 912
-4800 15224 -1584 1223 -1151 -636
-4508 16436 -4276 2535 -1372 -2202
-4300 16740 -4200 3576 -4857 -2070
-4788 15876 -4232 3696 -6802 -960
-4388 15792 -5296 2657 -6910 45
-3912 14524 -5056 345 -6004 1002
-3216 15468 -4980 626 -5254 1621
-2560 15424 -4252 631 -4934 2265
-2520 14792 -3780 1173 -1592 2718
-2484 10964 -4716 9774 -2377 -603
-3260 21632 -7736 4546 2411 2951
-3412 14092 -3992 -1180 -713 6456
-3472 14624 -5612 520 -1653 3063
-3116 15324 -5388 -853 -1161 2842
-2364 15444 -6436 -662 -568 2480
-3548 14036 -6432 625 2363 -61
-2240 17440 -7128 1707 -1818 -1237
-44 15928 -4968 912 835 487
-3040 15748 -6740 867 812 785
-1588 16360 -6640 294 163 618
-916 15428 -6436 135 511 624
-1480 15488 -5728 -319 1384 757
-1648 15800 -4916 -1119 1227 987
-616 16168 -5904 -320 2625 565
-1096 16092 -5192 288 1375 10
-920 16716 -6008 633 1050 635
-540 15616 -5724 528 1237 428
-1044 16480 -6140 456 1033 610
-808 15644 -5124 434 1345 468
-948 15700 -5352 428 492 474
-1340 15876 -5244 705 -495 130
-428 16580 -6112 795 -1322 2
-796 16156 -5064 -901 -2632 -620
-1216 16000 -6520 -696 -2284 116
-804 16228 -5588 -898 -2594 -50
-756 16064 -5916 -1665 -2908 187
-1576 16244 -5960 -1283 -3027 -324
-1920 16712 -6212 -2118 -3298 -671
-2216 16452 -3844 -3330 -3732 -1579
-568 16388 -6268 -2037 -2701 -584
-1316 16596 -2616 -3041 -2508 -1794
-1776 15508 -2848 -2506 -1986 -957
-748 16508 -2700 -1484 -1229 95
