-15128 -2216 -4964 523 -54 -65
-15208 -2288 -5068 394 -83 -61
-15124 -2168 -5064 428 -87 -12
-15100 -2204 -5092 416 -83 -43
-15068 -2144 -5100 417 -43 -32
-15220 -2324 -5084 452 -53 -9
-15240 -2168 -5100 448 -42 -5
-15180 -2168 -5160 350 -62 -34
-15128 -2332 -4996 405 -73 -27
-15172 -2248 -5068 495 -77 33
-15140 -2188 -5132 477 -58 -39
-15092 -2232 -4928 485 -43 -18
-15112 -2276 -5096 505 -8 0
-15228 -2176 -4932 474 -18 -3
-15220 -2096 -4916 385 -57 20
-15112 -2280 -5048 385 -112 36
-15096 -2228 -4932 463 -100 58
-15120 -2180 -4880 403 -85 1
-15196 -2180 -5080 430 -4 -56
-15220 -2156 -4992 460 29 -96
-15140 -2280 -5136 437 14 -74
-15272 -2300 -5188 359 -94 7
-15220 -2176 -5028 295 -96 10
-15164 -2236 -4868 220 -84 -27
-15136 -2248 -5024 300 -106 -47
-15204 -2224 -4956 367 -38 -132
-15220 -2352 -5084 580 -29 -62
-15144 -2328 -4980 556 -123 -14
-15184 -2196 -4800 502 -165 13
-15204 -2336 -4828 245 -170 -63
-15080 -2372 -4560 155 -115 -67
-15036 -2308 -4664 507 106 -21
-15232 -2000 -5152 1082 219 -100
-15268 -2216 -5196 692 -366 -265
-15336 -2336 -5088 761 -476 -258
-15284 -2372 -5020 569 -811 -376
-15476 -3148 -4620 365 -794 -21
-15816 -3884 -5244 1865 -1393 1572
-17092 -4752 -5844 4729 -2997 5584
-20792 -5508 -6244 7024 -3868 9816
-21908 -5060 -4848 10278 -9677 12785
-11752 -6588 -8132 6359 -5214 5889
-7624 -12300 -7344 374 2530 -6444
-10416 -12212 -6768 581 7212 -15974
-18276 -9380 -4880 2045 11408 -21289
-21232 -2320 -4480 3485 10762 -22901
-20044 172 -5284 -3741 5719 -19417
-15716 3620 -684 -2813 6172 -12011
-13848 3744 -200 1586 3097 -4206
-13216 4068 -1364 4429 -197 3135
-12716 3836 -3620 3398 -1576 8166
-14720 1300 -2404 -318 -3251 11470
-18344 -1260 -2136 3757 -2279 12704
-10108 -32768 -30620 -3236 -20035 6708
-18708 -5144 -5416 4190 8941 968
-13352 -6288 -12356 -2031 1197 4232
-13372 -4604 -7248 -2982 -64 3602
-14036 -7164 -6228 799 2384 4848
-14380 -3788 -6308 1200 2061 4547
-14056 -2576 -7792 1556 961 3903
-15484 -2876 -4548 -2093 72 2248
-14192 -1376 -9676 -2843 -1009 897
-14760 -3316 -7020 -2201 -538 428
-14836 -3628 -8344 110 -1482 2207
-14604 -2972 -6348 2173 -913 3324
-14624 -1152 -5120 1410 -391 2437
-15064 -1148 -5984 625 -1066 1602
-15528 -880 -5724 6 -1280 1192
-15124 -2168 -6872 -1219 -1359 1215
-15252 -2644 -7108 -294 -1455 1696
-15432 -1552 -6024 -16 -2419 2265
-14348 -1148 -6460 -828 -4043 2618
-17768 76 -7088 -1267 -9107 3430
-15072 -708 -4292 -1118 -3561 3369
-15428 476 -5468 -989 -3422 3256
-15908 900 -4972 -1779 -3837 2582
-17288 -556 -5260 -2201 -4626 2837
-19692 -1816 -5612 -656 -4743 3976
-19184 -940 -1804 -2370 -4539 6510
-15344 -152 -2668 -1708 -3250 7285
-14888 2816 -2544 -1543 -4230 8330
-16648 2140 -1672 114 -3749 9738
-16476 5104 -1912 -379 -4352 10248
-16260 7436 -1872 -1446 -5236 8947
-12132 -1836 -4492 -4606 -1281 2988
-10312 -3448 -4212 -3515 981 -2705
-10996 -3320 -3692 -1947 4469 -9429
-14304 -3584 -3228 996 7093 -13985
-17048 -2596 -3668 4573 8502 -16857
-18076 -1948 -4920 5576 9763 -18822
-18940 -2672 -6488 3925 11177 -19448
-20108 -3148 -6456 1405 12475 -20497
-21452 -456 -3812 867 10859 -19567
-19816 1196 -2300 2178 6698 -15336
-15188 2276 -304 5858 6568 -8647
-14280 4380 52 8063 2130 -614
-14368 3892 -1776 5132 121 5246
-14536 1948 -2820 1952 -2377 9301
-32768 7904 10948 -1891 -11369 18681
-20872 -236 -8004 3771 1397 6920
-13272 -2740 -8948 -2281 -1410 5071
-13020 -4760 -9908 1457 955 5105
-14892 -3200 -6012 -1427 -36 4025
-14604 -2440 -6172 -1511 -281 1125
-14536 -2216 -6976 -931 -436 1415
-14796 -1972 -6404 -742 -467 1123
-14456 -1936 -7008 25 -411 968
-15076 -1896 -5540 -433 -560 923
-15728 -1816 -7316 -165 -1288 433
-15044 -2052 -6292 500 -1038 1285
-15632 -2416 -6728 -354 -2181 1496
-15508 -1544 -6056 -365 -3765 2485
-16332 -1400 -6240 -993 -4310 2867
-14772 -1216 -5476 -1886 -3707 3630
-15908 -308 -5140 -1154 -5452 5148
-15968 532 -4140 -2865 -5467 5081
-18716 -372 -4560 -3940 -5161 5055
-21328 -992 -5588 -3583 -5005 6499
-17136 -2024 -1220 -2598 -4143 8161
-13460 2936 -1136 -1431 -4115 9357
-15496 4576 -2292 477 -4732 8522
-16788 6432 -3264 -1121 -4238 9330
-15836 3828 -4760 -7711 -4190 6941
-13616 0 -220 -9681 -5694 4343
-11904 208 516 -1880 -2781 2521
-11788 720 -892 2024 200 85
-10912 804 -2628 373 2608 -4548
-12504 -368 -1868 223 3609 -8961
-13676 368 -1332 3873 6307 -11866
-15896 908 -2360 7561 8452 -14684
-16628 1216 -3560 6997 9107 -15710
-17824 684 -3656 4294 8854 -17042
-19004 -120 -3372 2563 8931 -16606
-17944 -520 -3480 2733 8679 -15455
-17056 -836 -2880 3080 7677 -14131
-16904 -616 -2536 1973 5978 -11368
-15748 -2568 -864 2275 3825 -7766
-13256 -5256 -3300 6078 785 -1459
-12800 -4108 -4492 3235 1205 104
-14204 -1544 -3996 -477 -1008 1918
-14276 2100 -4256 -3652 -888 7583
-8052 -32768 -19116 -6047 -1694 731
-18184 -5416 -4980 -822 2013 8442
-12168 -5804 -8944 -1414 2780 7326
-15920 -3700 -7368 39 -577 6441
-15144 -3336 -6704 39 46 5033
-15128 -3888 -6480 -1741 277 4348
-15084 -3392 -6024 -1884 4 3019
-14916 -2820 -6884 -2937 286 1862
-14424 -2612 -7252 -1626 173 1320
-14796 -2964 -7184 -1944 -581 1220
-14440 -2444 -7912 -943 -590 1446
-14188 -2224 -7932 -129 -388 1508
-15016 -1964 -6764 1514 -762 2131
-15232 -2460 -5324 645 -61 1390
-14644 -1792 -6796 -719 -516 1039
-15276 -1804 -6940 -958 -1528 1872
-15204 -1432 -7048 -516 -2087 2488
-15068 -1044 -6436 -145 -2483 2187
-14872 -852 -6288 -403 -2563 2444
-15636 -736 -5880 -619 -3397 2853
-15020 -820 -4896 -1159 -4055 2788
-16288 308 -4848 -2541 -5128 3442
-15964 -100 -3716 -2889 -4619 3685
-16256 732 -4204 -3810 -4865 3474
-18780 -72 -6828 -2388 -5104 4697
-19440 -2124 -2772 -563 -6008 8302
-14708 1408 384 534 -4494 7899
-13112 5208 -3024 -186 -3380 6349
-14692 3520 -2836 -123 -4094 6591
-14912 4216 -140 1989 -4671 7171
-14524 4952 -608 3011 -4583 7420
-15644 7924 -2252 3365 -3888 8364
-16716 10380 -1716 -1969 -3019 8060
-13380 3160 -3812 -7398 1973 2069
-10508 -1692 -2036 -8369 888 -1077
-9708 -680 -944 -3987 3857 -6493
-11032 -1924 -1576 -2991 5390 -11557
-14520 -1792 -2352 1267 8769 -15569
-17744 -372 -3552 4660 10631 -17422
-19068 1716 -3664 4249 11596 -17374
-19612 -1768 -3996 3783 12083 -16886
-19344 -1448 -3828 6121 12163 -15514
-18632 -332 -4448 5256 10742 -14911
-19108 624 -3552 2485 8092 -14324
-16756 -520 -4404 2114 5216 -10087
-14904 -968 -1308 7743 2822 -4424
-12696 -540 -3668 6783 1566 -907
-12604 4 -4200 3219 753 1013
-13852 288 -4516 141 -425 3077
-14032 -556 -5792 -1852 -757 6286
-17252 -32768 -14136 -4102 -4302 3120
-16832 -4224 -2156 4995 2825 7390
-13540 -5084 -6688 10 3453 6189
-14236 -5724 -4732 2386 1678 2955
-13460 -4100 -8468 1299 1840 3501
-14476 -4308 -6696 -630 1222 3578
-15588 -3524 -7336 -2319 -1033 2592
-14116 -3360 -8076 -1291 155 1953
-14448 -3948 -6684 -313 -2637 2200
-14448 -3512 -7416 -1026 -397 2042
-14592 -3112 -6704 -619 -940 2487
-14568 -2260 -7476 -658 -1265 2139
-14576 -2248 -6712 490 -1425 2185
-14588 -2016 -6740 125 -357 1281
-14668 -3168 -7564 -499 -697 1287
-15292 -2276 -6656 211 -1848 1851
-14628 -1756 -6880 -421 -2151 2213
-14896 -1852 -6168 -13 -2800 2547
-15160 -952 -6304 -214 -2924 2582
-14400 -1616 -6260 -568 -4768 2631
-16008 -1076 -5244 -1526 -5722 3044
-16180 -84 -4312 -3249 -5329 3549
-15704 -68 -4332 -4338 -5407 3776
-15948 996 -2852 -4224 -4995 3514
-17888 276 -6324 -3688 -5182 3307
-20140 -1312 -4760 -257 -4475 5170
-19804 -672 -2184 -778 -5635 7394
-14464 2032 -2140 -1558 -3265 8467
-14596 6716 -2284 -257 -3791 9686
-16628 3752 -2384 -2515 -3390 10355
-17256 5092 -2048 -2780 -2624 11522
-17516 7516 -1240 -1030 -3282 11187
-14456 4320 -3944 -7900 -2764 7383
-10892 660 -40 -9036 -2216 3879
-8968 180 1432 -3079 1721 -1036
-9308 -108 -244 -84 4560 -6199
-11300 -216 -860 178 6064 -11110
-13700 -380 -1888 3821 8992 -14754
-15460 -732 -3644 8871 11400 -17057
-17152 -672 -5572 10662 12960 -21269
-19800 -1656 -7652 7539 13488 -23601
-22880 -616 -7684 5111 13116 -23338
-23612 864 -6548 3186 10208 -20893
-20960 3204 -3092 -712 4849 -12786
-16016 448 388 2358 5163 -6104
-13236 -972 -100 8843 1531 38
-11716 -228 -3332 10465 1112 3102
-13052 596 -5480 3635 -306 4773
-14268 -428 -5052 -1512 -523 6480
-17408 -32028 -2252 -2061 -5525 7876
-15516 -920 -3916 -1789 -3541 9183
-19164 -3716 -9964 5277 7560 7066
-13240 -2032 -5992 -2399 -1459 6020
-15632 -5212 -6080 1324 796 3453
-15392 -4968 -7588 1130 386 3447
-14444 -3788 -7844 1845 257 3513
-12356 -2720 -6276 1828 430 3486
-18584 -4496 -9424 1035 -10942 4255
-15684 -3136 -4676 1422 -308 2847
-14976 -2824 -6052 80 -92 2633
-14912 -2332 -6544 -473 -526 2464
-14960 -2184 -6548 -354 -542 2384
-14800 -1628 -6472 76 -729 2464
-15076 -1796 -6256 419 -695 2510
-14828 -1500 -6252 1315 -905 2729
-15308 -328 -5596 847 -786 2117
-15036 -212 -5396 -131 -47 1140
-15508 -352 -5556 -260 247 906
-15260 -768 -6040 -781 -397 986
-15312 -656 -5684 -1751 -847 1291
-15324 -884 -6680 -2979 -2133 2034
-15528 -980 -5904 -3635 -4699 3420
-15376 216 -5972 -3715 -6418 4825
-16780 152 -4472 -5231 -6707 7067
-19604 -916 -5320 -6586 -6709 9661
-20124 108 -1704 -1389 -5459 11200
-16060 3908 -3924 -2737 -4004 8534
-10816 5800 12 -2307 -2229 7108
-13192 6028 -2364 -863 -2395 6458
-15564 5620 -4936 -4777 -2586 6803
-16516 6420 -3916 -8090 -3697 8260
-16144 6884 -4532 -8100 -230 6268
-13680 -1720 -904 -10276 -4734 4462
-10480 -1748 728 629 345 904
-9376 -776 -1384 5745 3740 -4596
-12284 -204 -2348 3946 4777 -11036
-14896 -612 -2888 5677 6550 -16331
-17064 -836 -3112 9915 9144 -19717
-19392 -968 -4052 15020 9205 -22335
-21404 68 -7180 15165 9205 -23462
-21732 2584 -7044 9348 11534 -23680
-21448 2256 -5204 1129 9409 -20391
-20096 4296 -1484 -3520 5935 -14997
-16864 448 148 -2510 5248 -8912
-13956 -208 472 5042 1608 -1699
-13748 -1352 -1804 10746 709 3448
-13000 480 -6212 7033 -47 5517
-14540 -1268 -5904 -3578 -262 5689
-15700 -8700 -6888 -3790 -2057 8288
-25108 -8980 -3460 -3812 -7970 8934
-13464 -9468 -2364 5803 233 9475
-20776 -516 -10852 -680 7879 10172
-14668 -5064 -7152 -1772 -861 8143
-13840 -1596 -7084 1790 708 5669
-13548 -2604 -4356 506 1448 3593
-14540 -1712 -6828 -40 -109 2905
-18144 -1944 -5424 1639 -2733 2962
-15328 -1928 -6212 -79 171 2356
-14912 -1508 -6196 -176 256 1641
-15256 -1512 -5904 -935 832 944
-15160 -1708 -6836 -2563 897 759
-15036 -1076 -6664 -1535 11 1102
-14620 -624 -6804 -1097 334 200
-14276 -1508 -7628 -1271 475 -185
-12592 -1864 -6732 -772 204 667
-15108 -544 -6816 -1336 -793 30
-15080 -1768 -6432 -1105 -1535 735
-15364 -1760 -6232 -1299 -2516 1891
-14184 -1188 -5640 -877 -3144 2555
-15968 -132 -5604 -1019 -4549 4097
-15820 112 -4772 -1714 -4109 4225
-16388 648 -4324 -2244 -3988 4443
-16276 1112 -4776 -2074 -3490 4146
-16744 488 -5160 -3437 -4144 4910
-19336 820 -5616 293 -6085 5651
-18244 2124 -2720 -1370 -7942 6914
-16052 1656 -1392 -590 -3330 7077
-16624 4176 -3612 514 -2842 8863
-16452 5720 -3984 -2571 -3194 11199
-17776 7264 -1648 -4846 -4610 13773
-16200 5460 -532 -3854 -4776 11255
-12420 -276 -3668 -5066 -2778 6649
-8756 -1036 -868 -4980 -1552 276
-8316 -1864 136 -2363 254 -6679
-10964 -144 -624 1696 2629 -13198
-14184 608 -1972 3085 4364 -17476
-16892 1492 -4028 4009 6476 -20305
-18928 1728 -4836 4423 8938 -20004
-19756 2516 -5400 6695 11088 -18916
-19580 3072 -6624 4384 11297 -17482
-18168 2916 -4428 -1535 10387 -16648
-16672 -628 -3376 -2590 11808 -15596
-17136 328 1876 -4966 8863 -11754
-16584 1792 -808 3269 6331 -8517
-16108 432 -784 4770 2024 -1596
-15156 280 -3020 5878 147 3805
-14532 -664 -4244 3221 -1057 7371
-14044 -1196 -6456 -1066 -1359 7924
-3008 -32768 -28244 1466 1926 403
-21296 -500 -8372 778 -2052 7350
-11764 -6632 -4316 3596 2611 5671
-13424 -1380 -8780 38 525 4951
-14292 -5136 -7508 234 -3472 4241
-14844 -3176 -6888 1710 216 2912
-15636 -3532 -6788 223 -25 2546
-14460 -3000 -6932 -506 124 1801
-14424 -3436 -7248 139 195 966
-14808 -3020 -6516 281 614 1092
-14592 -3072 -7420 173 453 977
-15476 -3220 -7492 -223 530 1700
-14900 -2904 -7376 -69 -1198 3038
-14724 -1656 -6860 -348 -1614 2797
-14804 -1752 -7440 -706 -1699 2326
-14868 -1724 -6760 -1474 -1777 1577
-15364 -1620 -6808 -1818 -1223 1079
-15888 -1288 -6856 -1861 -1069 852
-14928 -1364 -6720 -1306 -1077 1158
-15124 -1072 -6576 -1756 -2149 1560
-15692 -960 -5976 -2084 -2796 2464
-14948 -296 -5452 -1764 -3292 2871
-15660 36 -4668 -2614 -2901 3210
-15836 332 -4872 -3100 -3417 3062
-15928 944 -4388 -3473 -3173 3121
-16072 1076 -5848 -3492 -3604 3469
-17164 848 -5532 -1193 -3659 4195
-16028 500 -2888 -1028 -3438 4132
-15104 1548 -2992 -1354 -3782 4143
-14992 1912 -1764 -116 -2738 5119
-16824 2472 -2656 -510 -4565 5665
-16468 2016 -2164 26 -4173 7163
-17504 3380 -2964 1096 -3857 10765
-19716 5148 -2952 1310 -5522 13586
-21148 7824 -3232 20 -5676 13097
-12916 -556 -6500 -1518 -594 4183
-8016 -5036 -3416 -13379 -5527 -1615
-5996 -6108 -1080 -6547 -725 -11302
-9536 -4244 -2536 7856 8597 -18405
-15892 -292 -6428 13499 13894 -23602
-18708 1064 -7732 7348 13010 -25945
-22060 696 -5772 5566 14068 -25612
-23416 -1032 -6252 4880 14625 -22538
-22204 1908 -3444 -158 11996 -21374
-19552 3412 432 -206 11060 -16637
-17424 5960 2200 4806 4724 -5917
-16212 5996 80 8742 945 6615
-15004 2864 -2760 6832 -2201 13855
-7044 -21244 -11392 8464 1051 9171
-19344 3724 4488 804 -5034 9511
-23132 600 -496 2235 -2430 8776
-15172 -1916 -6300 -963 3361 6249
-15376 -3556 -6040 -1372 -534 3540
-14500 -3528 -5828 397 1513 3265
-14468 -3488 -6868 -1348 868 3221
-14672 -2684 -6372 -532 724 2116
-14852 -2624 -6356 202 241 1470
-14676 -3232 -6204 640 130 1727
-14836 -2768 -6440 632 416 2017
-15012 -2276 -6200 516 1009 1663
-14768 -2228 -6812 238 1134 1070
-15012 -1740 -7136 -590 698 880
-14728 -2252 -7444 -1714 -127 1259
-14900 -1812 -7052 -1760 -1149 1785
-14820 -1584 -7124 -1080 -1828 2119
-15200 -1056 -6284 -1115 -1697 2038
-14768 -1124 -6488 -1361 -1587 2032
-15504 -1056 -5884 -974 -2337 2843
-15304 -428 -6252 -870 -3088 3641
-15564 -348 -5392 -1422 -3326 4112
-15792 552 -5124 -1283 -4117 4588
-15464 1492 -4636 -1647 -3966 4296
-16264 1820 -4144 -2759 -4105 3960
-18244 1144 -4724 -3912 -3849 4807
-19348 712 -5504 -2165 -3782 6156
-15452 256 -3828 -5492 -5343 6868
-14976 2020 -2488 -4108 -5076 8297
-16684 3908 -2048 -2228 -5233 10513
-19640 3720 -3824 -1217 -5515 12832
-17252 8020 -2608 -3047 -5928 13036
-13868 8388 -888 -4770 -4571 8485
-6892 -1652 -2988 -6914 -3987 815
-5664 -1572 -288 -868 447 -4846
-7296 -1592 -1628 4721 4873 -11132
-12660 -280 -4232 7274 8015 -17775
-16948 -20 -5604 6732 9615 -21262
-18848 -684 -5108 8447 11997 -22646
-20232 -1296 -4704 6766 15248 -23151
-24812 -956 -5828 4886 12681 -21464
-22808 3160 -5332 1813 9791 -19381
-19956 344 -3164 -1133 7359 -14433
-16740 1352 -1136 3906 5990 -8652
-13668 1756 -2176 6651 4086 -1871
-13140 1740 -3256 5063 1214 2462
-12760 520 -3968 2669 279 4929
-14060 -412 -4196 673 -1032 7428
-14732 -2004 -3920 345 -1322 9321
-19192 -32580 -21812 -1650 -4619 3722
-18972 -7336 644 4809 -33 8888
-15020 -5444 -5508 -2096 1666 8227
-12472 -1932 -6368 -2363 1164 6055
-15988 -2584 -6268 74 -76 5049
-14812 -2904 -7288 -192 -1132 4820
-14420 -1956 -6060 -55 -1802 4546
-14880 -1364 -6476 102 -1707 3655
-14960 -1112 -5676 378 -966 2929
-15188 -672 -6284 386 -514 2667
-15608 -1152 -6496 210 -935 2264
-14464 408 -5820 -908 -794 1543
-14596 152 -5680 -443 -266 541
-14880 -512 -5384 -270 -57 -226
-15164 -408 -5604 403 -58 -852
-14600 48 -6076 161 -226 -1750
-15392 -1108 -5808 531 353 -1938
-15332 -1572 -5996 319 -2 -1692
-15572 -2012 -6860 640 -751 -228
-15092 -1972 -5964 -719 -1332 264
-16000 -1604 -7280 -457 -3093 1832
-15632 -756 -5136 -725 -4050 3101
-15340 -680 -4644 -1235 -4580 3465
-15608 -248 -4088 -1915 -4956 3617
-16040 24 -5340 -1201 -5541 3429
-17212 -836 -4572 -852 -7281 4669
-20796 -860 -2844 -3993 -6117 7897
-17180 -1060 -2784 -4301 -5796 9857
-14308 1292 -5608 -6405 -2885 11845
-17072 3404 -5116 -5737 -2806 13466
-14048 5344 -2328 -8202 -4595 12342
-10340 4348 -2552 -8045 -1996 6751
-6652 -1620 472 -5988 -1362 379
-6756 -1368 -452 1283 3787 -6199
-10068 220 48 3083 6574 -10772
-14296 1744 -416 2508 8044 -13685
-16504 -132 -1240 5889 8954 -15375
-18056 140 -4072 12427 10988 -13712
-18584 -404 -6708 9663 9436 -13177
-16640 -592 -7148 5493 10395 -14909
-17888 -2644 -5728 4722 10897 -17795
-20752 -312 -4872 4116 7502 -16788
-18252 400 -3304 875 7697 -13189
-16952 -432 -1320 859 3938 -6578
-15272 -1484 -1816 5275 1468 628
-13736 -1244 -4200 5970 289 4255
-13120 -2704 -5660 2192 -740 6269
-14292 -2452 -5436 -237 -1141 6442
-18252 -2288 -5596 -236 -5023 9616
-13592 -3528 -3700 903 -3255 10004
-8940 -25864 -11612 5963 5438 -1260
-30956 -6388 -3448 4535 -10967 2305
-15956 -4944 -2312 875 4587 3408
-11796 -1328 -11420 -830 165 3458
-15428 -4080 -4668 946 661 2594
-14852 -3276 -6760 -157 697 1861
-14724 -2912 -6908 411 279 2281
-15072 -2956 -6060 79 183 1898
-14712 -2652 -6780 47 304 1952
-14336 -2024 -7084 92 223 1694
-14664 -1936 -6712 339 631 1154
-14828 -2128 -7324 642 669 772
-15368 -1980 -6840 441 193 1002
-14624 -2396 -7300 87 237 733
-15004 -1192 -7272 321 -333 983
-14496 -1392 -6956 435 -183 628
-14960 -1988 -7288 546 -213 96
-15148 -1064 -7256 280 -299 114
-14908 -1764 -6672 285 -289 -352
-14816 -1832 -6764 310 -981 -258
-15032 -2088 -6636 394 -1165 57
-14936 -1644 -6768 487 -1550 662
-14884 -1768 -6392 866 -1246 749
-15012 -1428 -5972 593 -991 383
-15300 -1556 -6892 460 -858 179
-15728 -1592 -6696 -545 -1485 -78
-14660 -1160 -5584 -450 -1728 179
-14800 -976 -5756 -322 -1049 -583
-15256 -1920 -5508 3 -522 -899
-15184 -1944 -5732 -48 -482 -600
-15124 -1908 -5744 197 -802 -70
-15036 -1720 -5548 360 -1007 160
-15140 -1596 -5328 613 -706 73
-15184 -1528 -5216 534 -509 -191
-15068 -1752 -5156 414 -351 -272
-15120 -1664 -5176 286 -236 -291
-15136 -1908 -5020 284 -179 -293
-15236 -1932 -5376 388 -225 -221
-15080 -1804 -5256 391 -165 -196
-15228 -1904 -5028 444 -77 -107
-15176 -1900 -5124 455 -23 -137
-15104 -1924 -5124 541 -58 -40
-15196 -1900 -5260 407 -47 -12
-15172 -1820 -5172 468 19 -24
-15080 -1936 -5120 487 119 6
-15176 -1768 -5228 479 145 37
-15316 -2468 -4976 549 -1 104
-15172 -1800 -5452 398 78 8
-15332 -1820 -5336 426 110 37
-15244 -1912 -5340 353 74 53
-15176 -1860 -5220 405 51 109
