-15220 -1548 -5316 339 218 -30
-15244 -1484 -5428 166 189 -148
-15192 -1664 -5488 336 256 -90
-15236 -1644 -5368 483 238 15
-15208 -1500 -5336 443 254 -25
-15176 -1612 -5696 507 236 -13
-15232 -1672 -5416 561 216 42
-15040 -1680 -5636 538 154 51
-15240 -1680 -5300 561 128 86
-15220 -1628 -5480 567 81 173
-15232 -1436 -5316 465 111 112
-15324 -1556 -5440 537 270 45
-15168 -1492 -5608 506 191 28
-15196 -1588 -5512 383 162 56
-15204 -1668 -5768 418 76 160
-15212 -1408 -5780 131 -35 60
-15152 -1344 -5588 122 120 -255
-15180 -1512 -5740 27 391 -527
-15196 -1796 -5624 122 243 -458
-15160 -2000 -5832 -72 136 -90
-15196 -1692 -5656 45 -117 78
-15152 -1536 -5940 265 -353 129
-15084 -1488 -5676 374 -331 85
-15180 -1496 -5536 410 -261 76
-15204 -1420 -5484 273 -197 -165
-15116 -1512 -5596 233 -137 -294
-15128 -1780 -5440 295 -49 -270
-15116 -1708 -5476 373 -115 -122
-15172 -1780 -5476 321 -212 98
-15128 -1600 -5364 490 -97 231
-15324 -1612 -5456 198 -119 -14
-15116 -1664 -5276 136 -210 -148
-15152 -1556 -5452 -107 -254 -361
-15556 -1832 -6152 -687 -515 -140
-16312 -3932 -6376 -576 -1958 2050
-16880 -3544 -6908 248 -4378 5072
-23132 -7928 -7712 348 -5426 8712
-24520 -7008 -7628 4337 -13637 16855
-12036 -3384 -5596 9029 -9596 9125
-2600 -13432 -9288 9587 5324 -6057
-6100 -9296 -8852 6226 9022 -20403
-16584 -3848 -8136 3046 10431 -25197
-23996 3260 -7028 4282 13368 -24537
-28536 4620 -4576 1222 5800 -17399
-16296 7356 -3960 -2505 6397 -9256
-17160 3072 -328 -1183 2414 1452
-14052 -4804 684 8144 428 9216
-12472 -5352 -4808 9421 209 6976
-13876 -6816 -8276 -914 -906 4505
-20820 -17768 -4980 -7797 -8131 4815
-17180 -4740 -4228 2575 1739 6018
-13804 -3720 -8708 408 -707 4399
-14024 -4700 -6732 488 1147 2827
-14032 -5436 -6536 558 1245 2909
-13996 -3692 -6636 133 1075 2588
-14640 -3600 -7568 -849 1264 2196
-15040 -3968 -7116 -531 850 1670
-14556 -3436 -7852 -2931 -705 1630
-14484 -3112 -7932 -2663 -1274 1730
-14484 -3216 -7144 -1739 -1320 1928
-13168 -4572 -8840 69 -712 2798
-13568 -2328 -8876 4878 -415 4289
-14712 -3560 -9104 3463 -1061 3109
-15776 -1436 -6444 1355 -2206 3943
-14624 -516 -6312 -1025 -1802 3222
-14420 1160 -2260 -1198 -1372 1615
-15688 -2964 -8240 537 288 1371
-15108 140 -4408 939 1063 882
-15364 -1644 -5860 -80 1540 402
-14720 -192 -9352 -289 -128 -428
-14908 -376 -6424 -75 -1146 -820
-14396 -1032 -6860 -977 -397 -1571
-14948 -548 -6876 28 -837 -2407
-14780 -1752 -7236 -1251 -770 -2946
-15020 -1920 -7296 -1237 -340 -2170
-15084 -2388 -6916 8 -1055 -367
-14688 -1844 -5060 -1594 -1497 -140
-15424 -1928 -8060 -223 -3020 80
-15068 -1884 -5936 -626 -4066 611
-14824 -1036 -3936 139 -2871 298
-15484 -1868 -5720 -1455 -2428 -317
-16252 -3060 -5932 -1172 -3526 1060
-17612 -5056 -7064 1681 -4001 4216
-22220 -8340 -8808 4531 -7150 10943
-20616 -3124 -3476 3177 -5191 17327
-7760 -11148 -10460 -969 -2916 6852
-3268 -13748 -7408 -6444 770 -9164
-10992 -9264 -5832 -541 8338 -18858
-15020 -3396 -7668 6241 11443 -20332
-21332 2024 -6740 5335 8839 -20492
-20272 2920 -6120 169 7183 -17198
-20788 5116 -2868 -2175 4353 -10776
-17844 836 1112 -3180 2723 -2155
-13488 -1232 -776 4613 1481 3298
-12772 -964 -3816 4368 1668 3626
-14524 -2496 -3748 1017 970 5333
-12276 -21956 -10476 1370 -1401 2919
-17760 -5056 -5596 5813 -62 5894
-16604 -3884 -4656 2964 1789 6101
-15312 -2760 -8616 -858 437 3567
-14400 -4736 -6292 -562 367 1845
-13764 -4492 -8112 -106 1423 2266
-14288 -4332 -6840 -1267 274 2766
-14544 -3324 -7920 -3047 -507 2219
-14372 -3460 -7796 -2609 -1352 2394
-14308 -3692 -7780 -1721 -238 1995
-14644 -2520 -7064 1240 42 2585
-15764 -2904 -6632 1262 -1361 2200
-14720 -2596 -6204 746 -740 1931
-14856 -1892 -7004 -383 -613 1464
-14128 -2044 -6336 -621 -676 957
-14784 -1508 -6440 -181 -665 679
-15032 -1640 -6412 -459 -540 164
-14916 -2088 -7008 7 -1162 529
-15080 -1752 -6560 75 -1523 669
-15744 -1284 -5624 -9 -2982 964
-14712 -1504 -5940 -766 -2094 1121
-15344 -1320 -5516 -553 -1294 1170
-15164 -1840 -5696 -906 -1787 1075
-15232 -1352 -6412 35 -2437 1728
-15104 -888 -5528 -192 -2727 1719
-15468 -1260 -5704 -257 -3534 1940
-15512 -1296 -5336 121 -4814 2420
-16784 -664 -3788 300 -5787 3845
-18600 1204 -4484 -1488 -4320 3780
-17424 -112 -3984 -1513 -3876 4680
-16712 -584 -2340 -519 -4006 5524
-15052 1696 -2552 431 -3979 5773
-14824 2032 -2344 -1145 -4729 6248
-17520 1984 -2380 -326 -4155 7543
-18324 2628 -3108 1283 -3559 9907
-17056 5400 -1972 -598 -3023 10930
-11920 -1500 -4164 -6031 -2488 4046
-9124 -3992 -3572 -4684 470 -647
-10680 -4380 -3300 3270 4280 -5346
-11976 -2844 -4892 8102 8749 -11002
-14824 -1312 -4720 5808 9095 -16513
-17660 -1756 -4020 1342 9654 -21600
-20420 -2048 -3288 228 11215 -23795
-21868 -1168 -4824 1399 9834 -22148
-20612 3204 -5588 -2943 8388 -19431
-19688 1968 -2668 -7446 6816 -14470
-23844 1760 -32 -2402 -313 -5734
-14404 984 -1652 564 1163 1014
-13988 -328 -4736 -911 -1307 5382
-13708 -1584 -4776 -5328 -2519 6688
-12712 -5648 -4484 -2775 -2269 5595
-13904 -32768 -18612 -2908 -4731 -2394
-16096 -9100 -7996 4774 1912 3995
-15680 -6316 -7316 1358 1986 3935
-13516 -4472 -8936 -2045 -883 2297
-14120 -5136 -7028 -178 629 2432
-14300 -4016 -8556 1232 -12 2400
-14152 -3508 -8140 -1207 400 1641
-14200 -4288 -8240 -883 -420 2032
-14384 -4032 -9552 -1500 -316 2085
-14384 -2968 -9196 -3336 91 1314
-13656 -2832 -8256 -2987 -1420 1191
-13984 -3612 -8048 -1943 -1390 1790
-14164 -2580 -9244 -2769 -1865 1459
-14376 -2644 -8376 -1293 -1064 1438
-15052 -2112 -6284 -933 -1887 756
-13832 -1972 -8468 -1552 -2592 99
-14636 -3220 -7900 380 -839 227
-14808 -2680 -6852 -498 -1277 835
-15024 -2056 -8352 490 -1346 1018
-14876 -1828 -7344 647 -2145 1559
-14824 -1456 -6804 206 -1711 799
-14796 -868 -6660 -924 -1827 638
-14748 -2048 -6616 -1822 -2070 707
-15140 -1576 -6284 -3742 -3807 1365
-14556 -2196 -7096 -3827 -3836 1579
-15324 -448 -6280 -3351 -3698 1966
-15520 -736 -5424 -4772 -3651 1351
-16060 -1416 -6916 -3006 -4467 2453
-16808 -480 -5408 -1771 -5089 4206
-16348 2100 -7584 -5114 -3343 5110
-15820 56 -2940 -4125 -2635 5520
-16852 92 -3680 -4183 -2638 7476
-17064 744 -2968 -6080 -3017 8883
-14500 4456 -6636 -8692 1598 9625
-18768 5664 -6928 -13442 -726 11733
-13856 3888 -7980 -19304 1212 8358
-9256 -7312 -3568 -22297 2240 432
-8920 -7876 3708 -11952 5955 -4850
-10648 -5320 1824 -2874 10734 -10232
-13776 -3144 864 -4047 10644 -15080
-17244 -2984 -952 -6055 9949 -19404
-18460 -3040 -3352 -1424 10732 -20735
-21404 -320 -5472 -3001 9066 -20226
-20240 68 -5256 -9142 6529 -16913
-18544 592 -2072 -8001 4411 -11229
-16024 -1328 -1548 -5039 507 -3298
-13796 -644 -2712 1034 72 1578
-12764 -2340 -4964 1426 -496 3279
-13964 -3372 -3268 3414 -1207 5282
-12708 -7840 -4076 12764 1576 6837
-13724 -19756 -22904 5107 1094 2971
-19204 -4444 -2900 -1962 -4614 6314
-16432 -4084 -6872 -1686 3265 7896
-13984 524 -12084 -2904 -1921 4093
-15164 -2980 -4864 1342 -618 3782
-14404 -2160 -6028 474 329 2819
-14924 -2052 -7864 327 253 3037
-14636 -2060 -6940 755 -143 2924
-14964 -1772 -6860 800 -211 2336
-15040 -880 -6656 1202 15 1300
-15208 -1280 -6668 468 -176 1225
-14892 -1092 -6268 353 -231 928
-14972 -928 -6588 474 -503 969
-14860 -668 -6660 -34 -612 839
-15244 -92 -6712 -1388 -218 487
-15024 -476 -6380 -2143 202 125
-14376 -1136 -6556 -2046 -875 -229
-14864 -848 -6716 -1718 -1131 -750
-15016 -1108 -7044 -1202 -967 -567
-14736 -1096 -6848 -757 -863 0
-15040 -1152 -7028 -1207 -1350 582
-15180 -908 -6724 -2003 -1875 998
-15124 -708 -5672 -2906 -2751 953
-14596 144 -5724 -2322 -3091 1092
-15024 -980 -5660 -1586 -4077 1205
-15792 -508 -5872 -319 -5089 1909
-16784 -744 -4596 501 -7277 3995
-16968 -424 -3408 1154 -6959 5273
-18956 -568 -5560 -514 -8118 7232
-19736 -1004 -3504 -971 -6824 11307
-19096 1020 -4000 1268 -6587 13829
-17616 5864 -3752 -514 -7036 13603
-11220 1600 -3608 -4885 -4950 7625
-7820 -1892 -1856 -5291 -3320 738
-8288 -2532 -672 1959 1884 -4712
-10724 -1800 -2740 7132 6886 -9893
-13420 -1176 -4820 6090 8434 -15378
-16128 -1140 -4384 4816 9210 -19313
-19476 -2076 -5316 5766 12223 -21042
-21684 -1204 -7076 3878 14824 -20930
-23456 1500 -5480 665 9043 -20155
-20388 1476 -2244 237 7708 -15852
-18020 2592 -2108 -683 3640 -8323
-13292 288 -436 354 3498 -2417
-12652 -664 -2624 6040 1291 488
-13556 416 -4492 2077 440 2774
-14048 -16 -4412 -3025 -1807 5009
-15676 88 -2300 -4133 -4064 8160
-6824 -30424 -15864 -643 3700 2161
-21396 -1144 -9792 5020 88 3548
-17272 -5020 -4988 4121 4144 4245
-12128 -2364 -7760 -1583 2565 4905
-14088 -2932 -7608 -474 -606 4794
-15292 -3352 -5316 -679 -281 3786
-14388 -2996 -8052 495 256 3559
-14272 -2044 -7512 -24 -442 3040
-14796 -2012 -7628 -828 -236 2325
-14704 -1876 -7364 -1011 77 1728
-14708 -1776 -7884 -1957 -34 1058
-14688 -1932 -8024 -2173 -753 1118
-14832 -1276 -7536 -2197 -1325 1200
-14696 -1232 -7656 -2494 -1666 1243
-15132 -1048 -7412 -1608 -1968 1560
-14868 -744 -6744 -1831 -1514 1042
-14432 -1012 -6364 -1739 -1175 740
-14948 -640 -6696 -1845 -749 352
-15260 -1220 -7044 -1325 -1009 463
-15256 -664 -6440 -1374 -1213 560
-15104 -480 -6900 -1378 -1791 765
-14860 88 -7044 498 -2054 1354
-15872 -292 -5528 -1247 -3547 1724
-18140 -1332 -9512 -2556 -1170 1910
-15500 416 -5424 -1195 -4709 2874
-15828 872 -4088 -1872 -4735 2542
-17732 676 -5824 -388 -4354 2766
-16116 752 -5336 1460 -4600 3435
-17652 84 -3272 800 -5804 5606
-14856 2196 -2788 687 -5435 6771
-15368 2600 -2748 -1023 -5970 7617
-17272 1688 -1552 64 -5177 9669
-18604 4220 -2712 550 -5175 10617
-18200 5652 -3368 2849 -6368 11112
-14196 6880 -2184 989 -4228 9536
-10060 -792 -2588 -3362 -4843 2346
-6904 -2620 -964 292 -1130 -3881
-8588 -1284 -2284 3537 3206 -10022
-12088 24 -4232 3659 6976 -15171
-14832 348 -3344 4488 9676 -17759
-16932 948 -5328 5616 11579 -19737
-19696 -968 -6436 6390 12298 -19401
-21032 1644 -6628 3538 12252 -19190
-20436 -412 -4920 1740 10136 -18914
-18132 104 -3396 1018 8517 -14626
-17280 792 -2376 4691 6480 -9767
-14900 1432 -1636 3590 5115 -3787
-15104 1964 -2900 3543 1239 3808
-15436 -1456 -1540 4463 -1492 10674
-14380 -24028 -8404 5041 -3312 9490
-25844 -540 -5992 151 550 14708
-13832 276 -7856 -2082 68 11059
-13600 -592 -6740 -1758 -202 5470
-14904 -1388 -6360 -105 68 4334
-14116 -1348 -7160 822 129 2962
-15180 -2036 -5696 584 1008 1764
-14676 -1512 -7720 1278 737 1497
-15152 -772 -5344 1415 335 968
-15124 -1512 -5888 926 1091 -89
-14772 -2160 -7212 874 926 225
-14628 -1448 -6544 698 272 728
-14736 -448 -6344 859 219 193
-14792 -932 -6920 382 880 -296
-15136 -1396 -7432 -305 722 -427
-14780 -1800 -8312 -516 -677 358
-15008 -1796 -7572 -421 -1392 1329
-15120 -1424 -6828 -744 -1716 1908
-15344 -800 -6608 -1530 -1998 2534
-15108 -816 -6752 -1297 -2635 2502
-15144 80 -6216 -1727 -3075 2464
-16488 144 -5492 -2142 -4156 2782
-15072 48 -5516 -1786 -4361 3326
-15500 868 -5028 -1542 -4838 3801
-16000 1268 -4992 -1152 -4918 4043
-16328 2000 -6008 -621 -5439 3663
-18788 -552 -4500 -1721 -5608 5544
-18168 1732 -1804 -2542 -4730 6785
-13728 3392 -2156 -3589 -4230 5470
-14528 3296 -2152 -4881 -3647 5706
-17252 2976 -2532 -3292 -3698 6575
-17984 5044 -2924 -1182 -4770 8357
-18200 6948 -2660 -3724 -4261 8657
-13124 -796 -3676 -5624 -3815 4815
-9996 -1608 -2036 -1961 -1260 1079
-8552 -2080 -1224 2497 2340 -4591
-10596 -2168 -2916 3877 5480 -11565
-13784 -2620 -3476 3854 7886 -16808
-17316 -2120 -3520 4858 11399 -19161
-20120 -2576 -5100 6066 13647 -22436
-22232 -2444 -6216 3349 12829 -21679
-22532 480 -5100 455 9540 -19455
-19840 24 -2396 55 6333 -15829
-17448 404 -1196 2902 4224 -8752
-15088 1664 -1692 6332 2696 -2832
-13348 876 -3312 3910 596 1547
-12772 -1308 -3208 1506 -316 4075
-12644 -1620 -3336 1860 -437 5183
-14372 -836 -4288 1072 -819 6807
-13444 -8648 -10004 1146 1066 5205
-21832 -164 1796 -1204 -4006 9645
-19164 -684 -4096 2122 5868 7543
-18208 2952 -11812 -3783 -4813 7818
-15956 -4808 -5924 -1467 -4875 4584
-14540 -2536 -6916 -932 684 3298
-15352 -1552 -4852 -562 873 2516
-15384 -2388 -5552 -1471 594 1529
-14580 -2332 -7360 -1733 278 750
-14396 -1756 -8080 -1322 -164 663
-14684 -1900 -7552 -1308 -86 658
-14596 -2404 -8056 -378 114 934
-14448 -1956 -7452 326 117 1422
-14856 -1592 -6704 -109 -178 1119
-14872 -1976 -7768 992 -62 1573
-15308 -1252 -6476 110 -643 1805
-14712 -1032 -6912 -628 -424 1462
-14508 -912 -6924 -802 -892 1423
-14940 -884 -6852 -516 -785 1177
-15188 -1104 -6488 -367 -1540 1277
-15092 -816 -6812 -92 -1932 1489
-15168 -440 -6104 -907 -2729 1494
-16212 356 -4204 -1891 -3528 1955
-14860 488 -5364 -1695 -3680 2973
-14908 696 -5008 -1493 -4068 2519
-16620 -212 -6304 -682 -4325 2328
-17640 -632 -6432 350 -5021 3511
-19712 -184 -4684 -1117 -5607 5605
-16300 220 -1820 -2226 -4956 5331
-15056 1332 -2608 -650 -5027 6656
-15552 1876 -2068 -470 -5390 7800
-17536 2900 -3812 -681 -4965 8699
-18108 5188 -3388 -742 -5490 11261
-16640 7596 -1248 -2180 -5026 10092
-9768 -3380 -2672 -9771 -5439 342
-8128 -3600 -1488 -2796 -641 -4744
-8412 -3948 -1184 3229 5461 -9946
-11640 -3368 -2212 6544 8857 -15918
-16004 -3528 -2100 6034 10188 -19800
-23364 -2092 -3976 8034 12198 -21286
-23228 -340 -6252 8002 9665 -19340
-21684 2132 -7320 7036 9207 -17275
-18460 1208 -7440 3711 7835 -14139
-15504 2632 -6764 2576 7798 -10631
-15900 764 -4832 1666 5324 -6306
-13732 1144 -2668 2694 4985 -1574
-14540 408 -1776 4877 3596 3308
-14420 568 -1668 6857 1560 7290
-14440 -1808 -2812 5882 977 9058
-15472 -3288 -1976 6866 714 10599
-9448 -32768 -8008 6466 -1767 19
-13312 -4564 -1692 -2819 -274 5898
-21188 -6504 -10320 1154 5791 6471
-14672 -2780 -7196 -110 -358 5344
-14476 -2304 -5724 -72 1271 3967
-15016 -2676 -6168 1056 1146 2940
-14468 -1720 -6032 176 595 2644
-15340 -2300 -5680 -1460 334 2263
-15048 -1688 -5608 -1792 -169 2252
-14392 -648 -9116 312 -144 1175
-14552 -1216 -6220 1249 309 393
-15468 -1264 -6092 235 466 66
-15224 -1680 -6204 332 101 602
-15004 -1440 -6052 239 -183 883
-15192 -1284 -5772 229 6 1088
-14392 -720 -5936 -213 -547 650
-15636 -1016 -6272 -1730 -224 26
-15000 -2104 -6900 -1861 -900 792
-15252 -848 -6916 -127 -1346 1545
-15720 -548 -5260 -1090 -2240 1860
-14828 -648 -6956 -25 -1947 1874
-15436 192 -5632 -1090 -3156 1956
-15884 156 -5416 -1076 -3852 2051
-18680 -1752 -3488 -3562 -5773 1773
-19212 -3196 -3532 -330 -5132 2972
-16676 -1332 -3008 605 -5729 4539
-13812 3572 -5700 3167 -7494 4704
-14844 4248 -5684 1445 -5728 5033
-17520 616 -4152 514 -4571 7623
-17148 1244 1428 -15 -5914 8748
-16136 2844 1092 4788 -5989 8361
-15872 2452 1228 7138 -7393 8001
-13016 1844 -2444 6197 -5134 4119
-10460 -2140 -2508 211 -5503 -3285
-10656 -2636 -1912 1825 -2353 -8378
-12372 -2748 -3656 7582 969 -12432
-14116 -1328 -5864 11417 4257 -14964
-16876 -1120 -8100 12212 6067 -16252
-17928 -612 -9204 14260 8967 -16054
-20864 944 -11728 17326 10558 -15646
-20744 1884 -11276 12423 10499 -14107
-19528 3276 -10956 6061 9129 -12708
-18612 1516 -8088 3448 9932 -9548
-17876 668 -2900 5921 9218 -5179
-16108 -108 -2764 13396 10096 -1314
-15044 668 -2288 14571 8018 1886
-14672 560 832 12322 5691 3418
-14448 1244 1368 14090 3843 5482
-15448 3216 -636 9332 1987 8026
-19436 -31464 1876 -4445 -5432 2181
-13952 -7028 -2560 2039 9791 3862
-12052 -1140 -18120 771 786 5020
-14808 -4708 272 1694 -110 4149
-15240 -3140 -6672 652 -216 3432
-14540 -4980 -6532 1959 496 3516
-14820 -3256 -5948 966 426 3198
-14644 -3740 -6432 1084 479 2985
-14168 -3252 -6836 2005 738 2735
-14836 -2316 -6044 1751 481 2169
-15300 -2456 -6416 1354 407 1757
-15128 -2316 -6112 269 135 1633
-14856 -1960 -6228 68 -190 1360
-14952 -1940 -6168 520 -531 1352
-14872 -1724 -6220 1067 -648 1267
-16768 -1688 -5616 964 -2302 1455
-14876 -1688 -4944 474 -1161 939
-12868 -1292 -5684 319 -317 504
-14716 -960 -5528 739 604 20
-15484 -1996 -7040 -588 -1027 543
-15188 -1944 -5796 -646 -1339 865
-15372 -1656 -5724 -894 -3112 1797
-15704 -900 -4688 -1170 -3963 2398
-15436 -916 -6456 -2432 -4662 2260
-16380 -1568 -4188 -2158 -5681 2817
-17432 -1724 -5408 103 -5259 3806
-19156 -1432 -4032 -772 -6471 6099
-17516 -1292 -1536 -2161 -4677 6812
-15104 884 -1920 -2480 -4949 6929
-15128 1428 -1940 -2393 -5321 8745
-15368 2852 -1564 -3368 -3298 9338
-16772 4140 -1604 -2270 -3901 10061
-17636 7512 572 -1783 -5586 9334
-11544 -1616 -2400 1142 -2621 6306
-9892 -712 -3552 1248 192 1715
-9892 -1188 -1748 -1429 862 -4562
-11548 -2668 -888 1458 2646 -9907
-14952 -1508 -1832 9091 5942 -13605
-17544 -144 -5308 12932 7832 -15321
-18476 1740 -7108 10367 9638 -16413
-21952 1608 -8600 5667 10552 -15182
-17744 1380 -4548 3062 11623 -16711
-18812 -320 -4064 2216 11063 -17978
-19128 1588 -4788 2104 7732 -15826
-17304 668 -3908 997 7560 -12950
-16100 1588 -2136 1663 3950 -5726
-15272 560 -996 2901 1993 631
-14100 -456 -1288 3410 -798 4892
-13872 -780 -2548 3631 -1336 7110
-13952 -1620 -4072 4291 -1518 8575
-14060 -324 -7144 727 -1004 8957
-11832 -8516 -8084 -2012 862 3974
-32768 11816 2604 -3377 1420 3946
-11836 -9120 -16064 -488 213 6251
-13588 -872 -10752 -781 -759 4667
-10384 -3212 -4528 1002 1967 2764
-14212 -3828 -7044 -339 -365 2931
-14560 -2516 -7092 -688 325 2135
-15388 -2020 -5604 -858 258 981
-14684 -2812 -7048 -1200 -297 615
-14152 -2468 -8492 -930 -336 859
-13648 -2552 -7964 -2081 -341 480
-14500 -2256 -7504 -1403 -1089 477
-14312 -2272 -7908 -834 -992 248
-14072 -2008 -6992 -970 -1426 -157
-15308 -2564 -6724 -676 -1934 -57
-14572 -2532 -7496 167 -1343 479
-13376 -192 -4764 -501 -1289 635
-14896 -3468 -6904 85 -1354 1008
-15204 -1808 -6844 -357 -1988 1412
-14744 -2612 -6808 875 -3108 2410
-15800 -1188 -5616 -454 -3991 2621
-15220 -1580 -5652 263 -2950 2925
-15716 -296 -5252 -705 -3024 2756
-15156 -628 -5464 -1453 -3311 2264
-16552 -1160 -4892 -1298 -3867 2785
-16916 -1900 -4056 -765 -4981 4066
-19040 -780 -6244 -211 -4368 5823
-17240 -588 -2092 -2227 -3969 5956
-15016 908 -3012 -987 -3512 6006
-14312 2044 -1944 -874 -3828 6102
-15680 1440 -1776 808 -3814 7177
-16280 2628 -2024 1404 -3400 7864
-16856 2724 -1116 1696 -3911 9376
-17268 5900 -2616 3273 -4465 11045
-15888 8944 -2780 258 -4296 9814
-12364 944 -5696 -9087 -2144 3222
-10956 -4732 -2616 -6472 -1867 -1786
-10452 -4396 -2312 403 2106 -8431
-11588 -3276 -3124 5164 5615 -13864
-13816 -1924 -4256 4514 9152 -19386
-16236 -1988 -4088 1414 11585 -23419
-21892 -1208 -3260 1476 13064 -23739
-22084 -1900 -3892 4531 12769 -22826
-21888 -8 -3704 5488 8781 -18922
-21592 4108 -1424 6837 7681 -15375
-17232 5164 -3472 3997 5820 -8386
-17136 7016 -1672 -879 748 1884
-15808 3308 -1584 -1297 -2320 9439
-14052 -1356 -880 2068 -2672 12036
-4956 -32768 -15452 6592 3285 2048
-21356 -9600 -7960 -2260 4744 3348
-14396 -7560 -11848 724 4210 5923
-12764 -3076 -5972 -3068 -1162 4937
-14712 -5604 -4004 -507 2282 4397
-13412 -3524 -8376 50 960 3966
-14540 -2940 -7812 662 939 3235
-14740 -4032 -7348 594 541 2971
-14712 -3212 -7208 -802 -239 2650
-14736 -1896 -7232 -579 -557 2480
-14908 -2880 -6592 162 -1234 2107
-14500 -1936 -7444 -1173 -1089 2036
-14692 -1112 -6752 -1461 -713 1486
-15580 -808 -6176 -994 -712 705
-15180 -1612 -6780 131 -1095 1115
-14908 -948 -6560 -810 -766 850
-15268 -604 -6776 -906 -1321 1235
-15352 -856 -5976 -580 -1333 1216
-15192 -500 -6312 -819 -1970 1449
-15224 -704 -6140 -976 -2728 1800
-15220 52 -7384 -2670 -3793 1529
-15408 -276 -5184 -2627 -3071 2245
-15524 704 -4396 -2841 -2728 2300
-15804 540 -4908 -2918 -2236 1826
-15020 336 -6664 -1369 -2648 1298
-16712 600 -6308 -467 -4590 3617
-19056 -1100 -2336 500 -5004 6118
-17300 644 -4428 225 -6078 7185
-15056 2072 -3464 -1171 -5935 8309
-17028 1432 -3364 -1607 -6363 10362
-16732 2144 -3232 -1130 -4055 11571
-16956 6424 -1040 408 -8914 12822
-15700 11224 -1464 2025 -2868 8562
-10328 -140 -5968 -3166 -2312 2556
-8240 -1328 -2108 -4248 -2170 -3399
-8812 -2776 -1600 1996 1901 -8887
-10968 -1520 -3852 5663 6883 -14232
-15056 -1400 -4144 3907 10468 -19193
-20660 -176 -5000 4127 12382 -21829
-21632 -240 -5816 2549 12667 -21913
-21728 -1260 -5748 2686 11461 -19110
-19000 972 -3952 3206 10284 -16586
-18132 924 -3624 3412 8948 -14449
-15848 2108 -2716 1926 4974 -9150
-14628 5272 -1132 2478 5666 -5708
-16004 2660 -820 3604 1377 2
-15840 4136 -1548 2767 -974 7002
-17568 1712 -3328 805 -2728 11284
-3796 -32768 -30448 6462 3840 2307
-21020 960 -7548 7935 3021 3641
-17504 -8296 -7800 1924 5563 5796
-12832 -4880 -10768 -2384 238 5109
-14700 -4136 -5196 -1212 -451 4836
-13956 -3032 -8424 -1179 179 3433
-14688 -3472 -8064 -911 -785 2989
-14436 -2736 -7416 -650 -386 2687
-14732 -2608 -6960 -1317 -341 1947
-14848 -2572 -7468 -1270 -467 1949
-14424 -2236 -7552 -862 -263 1881
-14672 -1760 -7532 -1420 -558 1210
-14960 -1436 -7240 -1423 -725 1050
-14768 -1648 -7096 -1904 -1024 893
-14960 -1124 -6936 -1541 -948 1001
-14780 -1572 -7328 -1426 -770 706
-15688 192 -8276 -3848 515 522
-14980 -1000 -7260 -413 -1572 1250
-15140 -500 -6416 -252 -2441 1233
-14624 -464 -5848 136 -2037 863
-15088 -404 -5972 -395 -2276 849
-15292 -664 -5632 -781 -2726 1334
-15476 -588 -5516 -1496 -2377 1653
-15756 -492 -5444 -1795 -3232 2109
-16772 -312 -6516 -1263 -3750 2526
-16832 -252 -5828 -64 -4524 3284
-16344 692 -4784 532 -3265 4199
-15864 496 -3444 -1581 -3185 4413
-15332 728 -2740 580 -3662 5153
-15520 1444 -2752 1471 -4279 6253
-16180 2476 -2680 1179 -4320 6766
-16404 2656 -2844 61 -4459 7639
-18352 2304 -3448 -705 -4764 10372
-19492 4120 -3172 3502 -8040 12991
-16232 9284 -2996 2311 -5555 10603
-9944 -3240 -7188 -12633 -4027 -625
-7336 -7040 -3036 -6997 -2051 -7615
-8332 -6548 -2324 3859 7739 -14833
-13968 -2976 -4172 10617 13556 -21314
-20032 -1300 -6000 4981 14495 -24198
-21516 -916 -7608 2518 12121 -25876
-24232 416 -4756 1032 12543 -22698
-21600 3064 -2672 3046 9102 -18385
-18372 3576 -1116 3685 6693 -11897
-16088 5924 -1844 3963 3747 -4147
-13972 6232 -1680 3222 3167 1001
-15620 3820 -3360 -3108 -1773 7981
-15280 572 -2996 -3650 -2451 10097
-2620 -32768 -23316 4081 -15021 2385
-17804 -5152 -1632 3304 3176 5885
-15932 -6716 -4276 886 3078 5440
-13204 -5496 -6504 -2448 268 4822
-14216 -3724 -5056 -1600 648 3214
-14052 -3756 -8172 676 336 2596
-14688 -3096 -8116 408 -88 3077
-14728 -3480 -6584 496 327 3224
-14580 -2704 -7460 -47 -256 3149
-14304 -2032 -6912 5 -131 2711
-14844 -1684 -7236 -587 -127 2030
-14916 -1900 -6652 -1628 -228 1050
-14880 -1736 -7452 -2809 -391 645
-14808 -1512 -7392 -2760 -559 618
-14916 -1128 -7496 -2009 -665 198
-15092 -1312 -7208 -1908 -789 110
-14780 -1708 -6788 -1143 -748 261
-14692 -1580 -5460 -1202 -994 55
-15376 -596 -7548 -807 -1695 12
-15680 -888 -6172 -590 -1266 -5
-15936 -2084 -6228 -907 -2241 350
-18808 -1784 -5644 -1248 -3669 1394
-16116 -912 -6496 -1603 -2955 1886
-15056 -524 -6144 -464 -2261 2280
-15652 -956 -5708 -1290 -2925 2803
-15804 92 -5236 -2650 -3354 3028
-16192 -420 -6200 -2218 -4126 3394
-16628 416 -5984 1301 -4875 4663
-17928 -804 -3236 6 -4972 5820
-17948 316 -5212 -1590 -4787 8122
-17808 -768 -4464 -2004 -5792 11651
-21116 1252 -6016 -3766 -6989 15725
-17528 4004 -6028 -4498 -5233 15008
-11628 340 -7748 -13102 -834 5173
-6940 -5308 -636 -11859 -1037 -3285
-7536 -5144 28 1587 4128 -9408
-11960 -3720 -2888 11094 9504 -14758
-17684 -1820 -5716 11728 9701 -18859
-20160 -2500 -7092 7977 10249 -21574
-21292 -2952 -6308 8748 13528 -22466
-23012 -1364 -6696 7705 11648 -21562
-20640 -340 -5488 2973 8592 -19426
-18780 1272 -2220 702 6209 -15267
-15048 1004 -372 3443 4908 -9062
-11384 2548 -1384 5511 5311 -1746
-12944 2576 -3016 3922 341 3379
-13440 1016 -4276 1278 -1076 6817
-15952 1368 -3408 -3422 -2611 10856
-10752 -9644 -8172 4401 1553 11518
-21552 -4116 -6160 11958 -3541 8237
-20760 -1376 1388 6625 6278 7096
-14396 84 -12192 -2171 2234 5581
-12552 -3824 -6112 -4664 32 3814
-14108 -4512 -6892 831 1836 2890
-14288 -2344 -7772 -815 232 2037
-14640 -2632 -7060 -785 252 1202
-14636 -3236 -7256 -1966 -247 402
-14384 -2860 -7660 -2156 212 248
-14456 -3536 -6920 -2853 289 -47
-15232 -3480 -7752 -2398 -405 493
-14684 -3040 -7496 -2565 -659 544
-14476 -2440 -8064 -2060 -432 492
-14980 -2224 -7604 628 -992 769
-14672 -2316 -6392 -1034 -410 115
-14536 -2360 -7544 -654 -333 -143
-14864 -2732 -6900 213 -227 167
-14888 -2172 -7080 -39 -705 125
-14544 -1936 -7360 955 -1039 312
-14900 -3348 -7080 491 -1893 582
-14676 -2040 -6748 775 -483 196
-15324 -2676 -6032 -731 -2359 992
-14836 -1620 -6376 776 -2833 2112
-15568 -3064 -7512 425 -4063 2853
-14980 -3004 -6956 1272 -6883 4288
-16384 -1980 -4612 546 -8916 7952
-20512 -3832 -5236 -3828 -8748 10366
-23560 -3796 -7660 -1642 -4439 15502
-19052 40 -4840 -42 -6587 16339
-12320 8028 -3808 277 -3811 10388
-6948 -964 -5196 -5675 1217 -2378
-6576 -1968 -2320 -4310 2556 -5986
-9732 -2376 -2788 717 6348 -11420
-13108 -2340 -1732 4845 9144 -14343
-28612 17680 5500 -4077 5658 -16577
-18624 -3488 -3176 -1177 7213 -17593
-21284 1848 -1580 8180 7557 -12850
-23596 5328 2356 19053 -3730 -53
-14884 -8244 -7844 6665 3291 -2678
-14644 -5464 -5472 -792 1345 -4018
-11744 -9816 -3868 5541 -1538 -3825
-12704 -620 -6024 5959 4666 -7391
-15592 3120 -6008 -5299 176 -4358
-12820 4328 -4696 -12673 15 2660
-13244 -3460 696 -2771 -723 5460
-17612 -32768 -29072 2259 -3378 2557
-21860 -11852 8408 -1358 -4177 4082
-14008 -2748 -9216 1487 3413 4341
-14172 -4380 -5512 -794 -747 3693
-14532 -2768 -7168 -263 733 2866
-14776 -2380 -7108 407 413 2521
-14736 -2860 -6724 -208 286 1809
-14748 -2424 -7004 -366 -51 1489
-14612 -2208 -7184 -704 -98 824
-14816 -2004 -6996 -361 -421 858
-14488 -1868 -6924 -263 -186 505
-14656 -2104 -6596 -356 -296 239
-14608 -2064 -7024 115 -368 454
-14828 -1948 -6756 375 -321 356
-14788 -1620 -6812 85 -403 -46
-14800 -2580 -7520 409 -686 -209
-15096 -2436 -6948 756 -1391 286
-14884 -2212 -6776 741 -1701 615
-15048 -1716 -6212 831 -1570 483
-14800 -1864 -5984 862 -1324 86
-15308 -1940 -6412 433 -637 -50
-15392 -2472 -6692 380 -2454 343
-15692 -2348 -6232 -689 -3419 961
-14792 -1196 -4104 -580 -2596 706
-14120 -640 -5788 -491 -2090 -547
-15144 -1896 -4752 94 -1802 -677
-15588 -2592 -3984 392 -1342 -27
-15192 -1528 -4872 62 -1177 4
-15140 -1708 -4376 -143 -1100 -107
-15304 -1968 -4212 402 -539 -32
-15320 -1620 -4656 366 -663 -11
-15460 -1696 -4072 88 -548 -79
-15320 -1940 -3840 469 -365 -93
-15180 -1784 -4220 364 -210 -80
-15368 -1732 -3856 470 -131 -71
-15476 -1980 -3948 558 -148 -94
-15284 -1908 -4088 377 68 -185
-15388 -2060 -4164 378 110 -146
-15312 -2032 -4244 465 69 42
-15312 -1984 -4176 486 99 140
-15356 -1784 -4180 500 145 190
-15324 -2068 -4152 439 272 254
-15336 -1712 -4364 278 193 161
-15324 -1820 -4120 400 180 164
-15212 -1668 -4248 454 133 113
