-14064 3392 -8140 215 -243 -105
-14076 3548 -8100 293 -124 -117
-14368 3252 -8272 357 -54 -116
-14280 3392 -7828 229 -1 -12
-14320 3372 -8000 151 -199 -148
-14152 3456 -8032 70 -338 -216
-14176 3564 -7940 -57 -271 -206
-14168 3392 -7864 -119 -247 -197
-14192 3348 -7756 -25 -61 -112
-14232 3252 -7936 248 -330 -48
-14176 3628 -8052 396 -132 1
-14272 3560 -7916 191 -54 -26
-14188 3572 -7808 12 11 -172
-14232 3552 -7952 -59 116 -203
-14216 3352 -7820 125 41 -118
-14372 3248 -7736 452 19 2
-14400 3184 -7596 758 -67 94
-14420 3536 -7812 931 -173 176
-14248 3552 -7736 890 -205 141
-14212 3508 -7780 827 -156 133
-14296 3412 -7820 734 -138 63
-14340 3608 -7924 800 -123 45
-14176 3484 -8024 757 -47 72
-14204 3452 -7852 727 65 114
-14236 3696 -7800 347 266 97
-14296 3556 -7696 39 331 -71
-14332 3352 -7640 -238 297 -125
-14388 3048 -7948 -68 496 -130
-14456 3216 -7880 87 462 -124
-14304 3200 -7856 382 201 27
-14132 3336 -8168 431 218 85
-14052 3556 -8056 321 211 157
-14208 3476 -8076 278 340 119
-14156 3528 -8216 180 450 113
-14080 3536 -8072 156 492 110
-14076 3360 -8320 345 639 122
-13948 3036 -8232 765 902 -55
-13748 2880 -8488 1233 1566 -44
-13440 2364 -8888 1931 2295 438
-14132 2148 -9192 1650 1979 1348
-15016 2896 -8684 1049 832 2005
-14972 3608 -8576 691 -620 1529
-12928 5684 -10480 -2374 168 2778
-11028 8380 -8352 -5526 248 2386
-17444 3820 -7948 -3339 1819 2340
-14828 5320 -6872 -390 1240 3284
-12628 6716 -7136 -1341 321 4228
-13116 5880 -5232 -1845 -250 3480
-13296 5480 -5284 -494 809 2329
-13428 6000 -5024 846 84 1198
-12700 4376 -5012 2932 31 -83
-13348 4772 -4556 4360 -662 -1374
-12560 4308 -4268 6576 -1856 -2488
-9796 13024 -22068 540 2599 -2706
-18224 6092 -7388 -1641 5963 2656
-11688 3208 -10484 6742 3800 -2030
-15428 9828 -14020 334 4778 1562
-11888 5900 -11352 2686 3402 23
-12012 6240 -13948 2784 3098 -1317
-11520 4016 -12308 2230 2146 -1862
-10564 1804 -13420 3710 1501 -3258
-10936 5000 -12912 4776 1647 -5659
-9480 3584 -12976 4880 -504 -6006
-9600 2952 -13736 2613 250 -2837
-11364 2816 -13064 2050 1485 -607
-11748 1368 -12104 2760 -312 -940
-13696 1448 -12796 2800 1128 -1948
-12292 2336 -12308 474 821 -2528
-11900 172 -10540 158 410 -3462
-12952 -968 -11132 107 1402 -2697
-12848 -184 -10596 -1511 -1076 -790
-12092 1060 -9660 -3495 -2053 -236
-11596 2576 -10004 -7626 -1136 497
-13084 2520 -7744 -10209 -1404 37
-12240 2332 -12204 -10123 -1935 -2121
-11624 2300 -16188 -9067 -1738 -569
-10788 -900 -14696 4526 8173 -729
-13572 10476 -16376 790 2452 536
-12908 2336 -13012 -2562 5399 3170
-12416 6312 -12580 448 4964 1338
-10960 1960 -12908 1680 3320 1843
-11576 4120 -12236 2921 2321 1777
-11336 4756 -13616 2905 2151 1163
-12144 6524 -14900 -5 2030 1281
-11236 4556 -14244 -2577 910 2294
-11104 5584 -13440 -2838 -2104 1870
-8416 5164 -12828 -2722 -4502 1472
-9124 5368 -12580 -1746 -4986 364
-11440 6224 -12944 -1956 -4854 370
-10752 7152 -12480 -2270 -4823 159
-10180 6844 -10956 -3293 -4836 841
-11976 5988 -9900 -3208 -4209 640
-11820 5924 -8932 -1521 -3589 623
-12068 6896 -8376 -456 -2327 906
-12680 6716 -7524 324 -1659 912
-11740 5664 -7032 2088 -1163 1224
-12280 6144 -5996 4002 -1048 978
-12844 6228 -5568 5652 -2574 240
-13988 5240 -4868 7298 -4237 -947
-13060 4420 -6104 9801 -4201 -1192
-8412 6232 -15344 8469 451 -933
-13328 13000 -19420 -1502 5318 4279
-13260 3936 -12440 755 3328 2234
-11524 8580 -13612 2839 6347 1378
-11320 3988 -13148 1752 5743 2770
-12180 5808 -12912 3103 4832 1417
-11636 5700 -12320 1652 2587 -27
-12164 5036 -14052 1855 2141 -494
-12908 3916 -15012 3601 1389 -2608
-12012 4960 -14288 3110 -504 -5002
-11748 2052 -11188 3266 -2456 -4731
-10576 3048 -11652 1488 -3520 -4100
-9816 2980 -11896 2794 -4594 -3701
-10092 2228 -13472 3990 -3107 -3082
-11464 3500 -13180 3356 -3128 -2116
-12216 2368 -12164 1721 -3193 -2800
-12816 1568 -10816 916 -2258 -3705
-12552 1012 -9920 -201 -1261 -3470
-12252 -1276 -10192 605 -313 -3171
-14228 1740 -10520 -1530 -1018 -2104
-13128 988 -8108 -4278 -2424 208
-14156 -792 -6420 -4399 -2988 -98
-13300 860 -9240 -5756 -930 -171
-12796 4176 -9628 -11075 -1286 1502
-10624 -104 -19108 -7850 1015 2655
-20268 3940 -14924 5339 9299 -2372
-10264 4332 -13324 -4175 1754 4149
-8108 3080 -10460 -1765 5791 1056
-9052 3184 -11872 1442 9311 -378
-12996 3576 -11624 2315 8103 818
-12596 5464 -14304 55 7208 1433
-13652 4860 -15084 -1575 4192 1733
-12460 3704 -15108 -387 1691 2109
-11740 4828 -15308 -65 1290 2379
-10584 4960 -14300 -560 -1773 1410
-8856 5488 -14192 -1146 -4598 -94
-9764 5332 -13176 -1869 -5124 -291
-10396 5712 -12992 -2728 -5345 -359
-9936 5220 -12296 -3605 -7025 122
-10180 5272 -11884 -2831 -5271 551
-11792 5880 -10124 -1835 -4985 -283
-12920 6220 -9528 -1178 -4313 -928
-13328 6084 -8816 -1246 -4539 -217
-13700 5800 -7892 -2326 -4083 1347
-12012 5260 -6788 -572 -4230 1889
-12352 5464 -6220 2128 -3019 1511
-12728 6324 -5952 2130 -3100 918
-13372 4472 -5540 4101 -2996 845
-14796 4204 -5628 6309 -4346 -132
-11472 4404 -4252 7162 -3468 -695
-13488 4680 -7136 9761 1114 554
-12332 13108 -12816 3265 2529 -672
-19776 9712 -17468 -2191 8191 3540
-13580 3232 -11100 4943 5772 -1175
-11800 3848 -14500 7130 8568 -2293
-11936 2888 -12880 5827 4745 -3019
-10464 2940 -11476 4178 1957 -2792
-10488 3028 -12620 1234 1391 -2992
-10584 2276 -12972 71 476 -2506
-10232 1756 -13496 2678 858 -2194
-10052 1724 -13764 3609 897 -2289
-10968 744 -15352 5338 2105 -2164
-12640 3724 -13896 3433 -903 -1807
-13852 516 -11676 3344 -2409 -3899
-12164 -988 -10876 1484 -2611 -3047
-11936 -1020 -12164 883 -2753 -1152
-12196 416 -10696 13 -3368 -1136
-11820 -240 -9964 -1693 -3245 -889
-12924 -612 -9568 -2910 -1760 63
-13496 -84 -9968 -3531 -1004 424
-13512 440 -9800 -4201 -1660 234
-9352 -352 -14420 -4473 2721 -65
-13188 2120 -13852 -4266 3439 -1346
-12200 280 -12880 -4210 3757 -1478
-13588 -132 -11360 -3188 4850 47
-12948 928 -14412 -198 5704 647
-11844 3124 -15304 1591 6022 653
-11908 4592 -15492 -264 4487 608
-12332 3888 -13444 -2234 2944 603
-12452 3648 -12240 -1471 1479 1064
-12704 2964 -14096 -390 2698 1548
-13228 3536 -16156 -2249 1284 3219
-10580 4308 -15472 -5123 -3276 4529
-10108 5472 -14956 -2456 -3722 1569
-8492 6100 -14180 -3527 -5735 1627
-8936 5140 -10940 -5640 -6981 195
-10080 5620 -11700 -5278 -5961 -472
-10876 4536 -11172 -3357 -5671 -590
-11728 5256 -10064 -1803 -5194 289
-12536 5824 -9212 -993 -4919 1458
-11956 6620 -8296 -709 -3518 2172
-11100 5988 -7868 453 -1285 2498
-11900 6284 -6948 1933 -209 2547
-11296 5732 -5448 3783 -530 2197
-12924 3780 -4840 7359 58 1511
-12212 6080 -7300 8196 -1551 381
-13636 7728 -9792 6649 -860 617
-8216 12928 -12756 266 1121 1408
-16804 9344 -18584 -3730 5981 2837
-10452 5496 -10704 1073 4566 2499
-13360 7488 -15792 2889 7665 1818
-10792 5740 -12264 1452 3754 1990
-12236 6064 -12124 2686 3599 410
-11616 5996 -14732 2776 2005 -570
-11276 5888 -13136 4270 89 -2151
-9956 4304 -13672 5586 -2105 -3262
-9476 4404 -13308 4613 -3640 -2869
-9496 4068 -14072 4027 -5311 -2828
-10936 2776 -12804 5166 -4954 -2403
-11144 3256 -12660 6145 -4837 -3035
-11168 4360 -11896 4081 -4469 -2428
-11316 2524 -10884 2328 -4020 -2368
-12700 -40 -11336 1868 -2295 -2168
-13224 2196 -10724 1209 -1483 -2421
-12848 1272 -9904 81 -1054 -2006
-13072 1080 -10224 -1319 544 -2268
-12732 884 -9084 -3620 754 -1576
-13644 472 -8116 -3973 2212 -1579
-13212 2320 -8832 -6375 1451 -2335
-11372 2380 -11820 -9350 1791 -1351
-13640 2036 -8848 -8158 2323 -2546
-11476 -1864 -11876 -6822 2053 77
-12852 280 -16632 -2070 5260 2753
-14512 4940 -17220 2886 4137 324
-13176 5956 -12968 -1043 4628 1572
-11428 5888 -11996 -2108 5016 2395
-12104 5524 -12892 -83 4157 2984
-12216 5532 -12508 -576 2277 3138
-11244 6004 -13384 396 998 2706
-10620 6708 -13820 -761 -1391 2527
-9104 7572 -14436 -2495 -3531 1988
-10472 7064 -12400 -3527 -4384 1339
-12132 6372 -11940 -2363 -4589 -483
-10848 6468 -11488 -1875 -5648 -1038
-10808 5748 -10340 -2420 -5569 56
-11168 6996 -8776 -1941 -5142 -84
-10708 6788 -8328 -1547 -4491 690
-10648 7592 -8288 -908 -2271 586
-12552 6112 -7040 679 -1736 534
-12936 5016 -5836 3395 -2184 852
-13096 5476 -6212 4524 -1548 1083
-11848 6300 -5908 5277 -2617 443
-11992 6028 -6836 6326 358 592
-11536 5676 -9692 8637 2595 952
-10888 10412 -13652 5850 4394 1570
-13120 6780 -12616 3247 5160 3159
-13072 3616 -13700 8137 6401 1711
-12784 4728 -17992 10070 5787 869
-12456 8448 -16788 4780 2150 579
-11512 6272 -13732 456 -922 -2220
-10972 2076 -14016 958 1420 -2850
-10364 1820 -14996 3042 -750 -2995
-10404 1704 -13352 3295 -3118 -2275
-10808 2180 -13364 2460 -4063 -2306
-10552 2700 -12796 1039 -4235 -2276
-10580 1856 -13072 1848 -3750 -2379
-10412 1424 -13420 2661 -1784 -1684
-11216 2268 -13368 2616 -957 -1629
-11768 3580 -12000 -186 -1199 -2040
-13360 1832 -10964 -1955 -562 -2094
-13996 1480 -10628 -3049 -700 -2499
-13408 768 -10376 -2952 -789 -3122
-12744 1312 -9152 -3824 -766 -2545
-12028 1352 -8880 -5287 -781 -2175
-14440 1252 -8368 -6098 -2103 -1581
-13884 924 -7768 -5376 -4045 -1179
-14220 1536 -7988 -5567 -3325 -1499
-13512 272 -8380 -5985 -2627 -689
-13012 1296 -11372 -6076 -146 120
-14532 1804 -14088 -1804 4951 290
-16672 6484 -12584 -1180 4239 -642
-13512 1712 -13508 -2583 5897 3371
-12540 6120 -12912 -1263 5623 1919
-12732 4800 -11780 -452 5005 4324
-12372 5160 -12620 1322 2940 3830
-11988 7536 -12460 319 702 3311
-10792 8020 -11168 -2056 -2186 1685
-10400 6884 -11244 -4111 -3709 533
-8852 3576 -10272 -4327 -4553 802
-9192 4308 -13900 -1607 -1894 1030
-13532 7652 -12056 1549 -1103 200
-11528 7540 -9668 -770 -3519 -234
-12020 4764 -9600 -451 -1586 -418
-14312 5680 -9364 -17 -2222 -11
-13124 7040 -8500 453 -3487 969
-11636 4668 -7660 727 -3318 1811
-12352 5348 -7032 2750 -997 2017
-12772 6740 -5684 3051 -2381 1926
-12028 4236 -5424 5093 -2456 1352
-12688 5112 -6276 5963 -1445 840
-11364 5572 -7556 6377 -719 464
-12312 5868 -7856 6785 1796 1257
-10480 9432 -17004 4801 5445 1640
-19320 7660 -12348 2865 6750 5525
-10760 5344 -11784 8826 -105 1932
-13388 9240 -15412 3500 6776 2819
-9568 6724 -13112 3453 2654 1271
-10428 7028 -13536 1955 3126 -113
-10368 4160 -14976 2152 3423 -521
-11264 5136 -14792 2271 2246 -2403
-10276 5144 -14328 2388 -406 -4703
-8092 5300 -12288 -137 -2228 -4294
-9652 3864 -11388 -33 -3450 -3530
-10144 1508 -11904 2299 -4367 -2489
-11652 4320 -14808 2903 -2500 -2176
-11788 3196 -12912 897 -5167 -1639
-12140 2664 -11680 278 -4607 -3071
-12324 2584 -10500 -183 -3697 -4768
-11880 1948 -10332 387 -2288 -5512
-13672 508 -8772 1564 -3205 -4062
-12728 2264 -9360 -1849 -1424 -214
-13836 2968 -9272 -5848 -1713 -141
-13000 1372 -8004 -5161 -635 -488
-13468 1984 -7816 -5406 370 -950
-11996 2220 -7748 -6353 1478 529
-11168 1844 -14500 -6793 3550 980
-10136 6132 -15376 -1797 7936 2831
-18420 3564 -16496 767 5788 797
-14528 5964 -12528 -4118 6166 4357
-11080 5852 -11392 -3167 3025 2008
-12904 3624 -12716 -3150 1812 2576
-11132 4588 -11460 -1827 -56 1719
-10428 5956 -12372 -2035 -928 1799
-10428 6792 -12104 -1956 -1953 1229
-9360 4368 -12412 -1071 -2377 975
-8408 5472 -11876 -321 -2032 1587
-10268 5112 -11180 1222 -2475 -89
-12716 6744 -11052 3524 -3758 14
-13440 6452 -11580 4970 -2870 879
-13324 8272 -11044 2334 -5405 1833
-12164 7084 -9796 2021 -5534 2263
-11588 6172 -8740 2121 -4087 1836
-11300 8120 -7952 934 -3280 996
-10608 6304 -6940 879 -1866 175
-11964 4728 -7636 2994 337 21
-12016 5836 -6728 4296 -1152 134
-12528 4740 -6704 5839 -804 -12
-12100 5560 -9644 5514 1530 -439
-12596 5392 -8232 5860 1271 356
-10928 5584 -18328 6226 7865 486
-15800 7516 -14328 3520 5104 1697
-9160 3012 -11360 6320 1421 1566
-11112 10480 -17956 -481 5695 3987
-10188 6396 -13132 2352 707 288
-9040 3816 -13536 1922 3861 1654
-11896 6148 -14892 1514 3560 2139
-10532 4872 -13396 2050 -1109 2236
-12076 3592 -15260 3749 491 905
-12488 8128 -15572 2317 10 993
-11152 5368 -14832 1849 -1610 -852
-10392 3772 -13556 3418 -2465 -1926
-9256 4092 -12332 4288 -3004 -1987
-9756 3476 -12508 3185 -3693 -1687
-10780 4588 -11908 1693 -4740 -2368
-11620 3872 -11792 72 -5538 -2559
-11952 3472 -11332 -536 -4494 -3816
-11960 2900 -10964 -1243 -4019 -4131
-11692 1592 -10636 -2352 -2935 -3688
-13044 2460 -9908 -3587 -1851 -3220
-11432 2500 -8196 -6405 -3090 -2477
-14280 3456 -6636 -7940 -3701 -4555
-14076 3588 -10136 -11189 -6667 -2192
-12692 132 -8216 -8239 -2092 -108
-12496 1044 -10980 -4761 2939 831
-14264 3580 -14420 -765 8664 1121
-14908 7544 -12380 -1695 8510 1970
-14508 5228 -12520 -4776 9266 1911
-14788 5156 -12360 -2240 7735 2466
-12820 5860 -11660 -2121 3802 3534
-11756 5724 -10472 -787 1138 3576
-9984 4788 -12440 1959 -370 2800
-9348 4960 -12000 2233 -945 2226
-10716 7260 -12240 1003 -1256 1323
-10924 7608 -12540 -186 -2934 296
-10780 5904 -12528 988 -3064 128
-11072 6780 -11840 726 -3598 -7
-10776 7236 -11228 443 -4063 -713
-10772 7728 -9956 -90 -3922 -1828
-10976 5848 -10460 -666 -3090 -1732
-11452 6888 -10048 -1813 -2538 -1260
-12768 5696 -8000 -1346 -2072 -1631
-14384 4944 -7972 208 -1999 -1825
-14160 4128 -7644 1605 -2585 -1147
-14064 4024 -6504 2836 -3885 253
-13200 3852 -6812 4604 -4787 881
-12636 4616 -5116 6037 -4749 582
-13512 3360 -5360 8282 -2946 -64
-11948 4944 -5932 9245 -1774 549
-12684 15656 -21632 503 9981 4463
-19196 5504 -11640 2401 6302 4703
-9492 5456 -10748 6047 7552 3890
-13412 6576 -13964 3362 5449 3744
-11320 4080 -13408 5132 4457 1758
-11240 6284 -12928 2476 2821 652
-11288 3996 -12592 1813 2618 334
-11008 4600 -13636 1100 584 129
-13160 4100 -12916 3963 1162 419
-12924 3664 -13992 5962 -131 -1107
-11084 4552 -14124 5376 -3000 -2625
-9892 4972 -12424 2165 -5346 -2424
-10700 3328 -12192 746 -5327 -1767
-11668 2828 -12548 83 -5495 -1887
-11072 3184 -11416 707 -4904 -1689
-11992 2444 -11248 548 -3613 -1620
-12208 3392 -10120 -1112 -3737 -2051
-12980 2664 -10080 -2977 -1767 -2585
-13664 2348 -8776 -3414 -963 -2940
-13568 1892 -7684 -3629 -706 -2655
-13792 2652 -7424 -5533 -575 -1780
-13608 3648 -7252 -8225 -1013 -1864
-14164 2376 -7472 -9902 -2932 -1452
-13680 1592 -7568 -9987 -2204 -705
-15040 -456 -7240 -8858 615 323
-17828 2724 -9624 341 5060 535
-19580 8004 -14828 1106 7525 2995
-10296 6060 -10080 -5279 2351 3946
-11536 4320 -8920 -2306 4893 2805
-9776 4600 -10120 -106 4701 3248
-11264 3268 -10200 3776 3906 2566
-11556 6472 -10904 5060 4109 2087
-11572 6332 -12312 3777 2961 2459
-12260 7488 -12480 2670 1765 2037
-11640 6412 -12580 1780 168 1679
-11012 6356 -12492 932 -1398 762
-9996 7024 -12500 -202 -1611 179
-11688 6624 -12228 -592 -1847 -322
-12088 6528 -12364 -1762 -2522 -168
-12340 6636 -10688 -2350 -3989 -506
-12312 4976 -10200 -1353 -3276 -407
-12412 7084 -8184 -1448 -2149 -1240
-12472 6028 -8412 -1832 -2089 -1451
-12116 5740 -8856 -552 -2003 -1278
-12620 4948 -6456 138 -3337 -135
-13184 4064 -6180 3163 -3870 -25
-13480 3160 -6148 6217 -4755 268
-11960 4404 -5960 7998 -4102 -393
-11596 2728 -5860 9334 -3359 -415
-12800 6292 -5876 9028 -2409 4
-16632 16168 -19916 424 7032 5162
-19752 -48 -13480 4305 -1248 2706
-12696 8092 -12832 9586 7664 16
-9284 3868 -10904 5447 3434 578
-9716 4200 -11856 4745 4062 -156
-10652 3092 -13352 3357 3225 564
-11396 4272 -13292 2738 2888 -371
-10944 3104 -13392 2961 1815 -524
-11096 3556 -14348 2384 1152 -1319
-10352 3560 -13884 1089 26 -1022
-11316 3612 -13808 -153 -325 -265
-11764 3916 -12808 -214 -1269 -1114
-11760 2812 -12996 1041 -1123 -1584
-11692 3088 -13168 921 -1512 -2029
-11492 2960 -13812 -171 -1814 -1913
-11412 2112 -13116 -603 -1594 -1932
-11860 1712 -11880 -310 -1178 -1850
-12288 2308 -11880 -439 -503 -1846
-12552 2304 -11768 -1071 -571 -1672
-12424 2468 -11660 -1663 -876 -1370
-13532 2352 -11444 -1881 -1863 -495
-13420 1972 -11032 -1797 -3358 -546
-12800 2904 -10568 -2560 -2492 -633
-12844 2212 -10484 -2889 -2306 15
-13200 2380 -10788 -2388 -1794 496
-13252 3284 -10648 -2264 -2226 1098
-13064 4340 -10736 -2131 -1677 509
-13240 4400 -9884 -2040 -1655 -645
-13592 3444 -9220 -2778 -1748 -1096
-13640 3196 -9068 -2204 -950 -999
-13556 3012 -9396 -835 -840 -803
-13736 3696 -9684 -646 -1532 -354
-13236 4180 -8764 -101 -1274 -157
-13752 3764 -9180 139 -391 -187
-13588 3920 -8840 -55 -204 31
-13820 4040 -8740 -87 -34 -11
-13964 3832 -8828 15 -67 -21
-13828 3708 -8824 420 -10 46
-13776 3828 -8976 511 -92 142
-13856 3592 -8852 561 96 147
-13740 3600 -8564 901 189 148
-13860 3864 -8704 1062 312 279
-13964 4180 -8792 985 129 275
-13900 4216 -8600 876 28 219
-13772 4004 -8560 727 121 126
-13992 4008 -8592 608 121 21
-13812 3872 -8672 594 372 9
-13936 3440 -8912 778 212 -144
-14020 3504 -8872 838 96 -74
-13940 3636 -8660 765 -194 -73
-13744 3704 -9116 684 -239 4
-13916 3620 -9044 970 -337 -47
-13912 3700 -8736 942 -483 -31
-13844 3860 -8844 870 -456 -19
-13812 3828 -8880 494 -288 -114
-13756 3908 -8776 325 -199 -115
-13776 3880 -8920 243 -122 -192
-13720 3624 -9084 284 -85 -111
-14112 3460 -8800 385 -300 -60
-14140 2708 -8792 734 -641 212
-13884 2580 -8428 1515 -764 712
