-13876 3620 -8788 665 -20 -29
-13920 3448 -8764 775 135 8
-13968 3560 -8784 689 128 27
-13936 3656 -8532 579 193 16
-14056 3468 -8652 463 175 -85
-14052 3320 -8644 543 258 -99
-14000 3048 -8744 788 119 -48
-14116 3132 -8420 1212 -54 129
-14060 3516 -8744 1248 -133 172
-13936 3512 -8784 1150 -229 -8
-13904 3832 -8776 598 -270 -68
-13808 3564 -8692 597 -186 -106
-13864 3280 -8636 696 -97 -26
-14008 3352 -8692 911 19 57
-13908 3264 -8636 1115 145 114
-14032 3164 -8804 1103 69 87
-13996 3248 -8580 1009 95 143
-13936 3280 -8992 1009 106 83
-13940 3380 -8920 925 -21 11
-13896 3280 -8744 644 266 114
-14072 3188 -8772 702 201 131
-14040 3288 -8872 687 88 131
-13920 3216 -8848 564 -61 135
-14152 3192 -8560 627 -274 81
-13924 3208 -8856 578 -470 71
-14292 3144 -9020 448 -1151 49
-14220 3196 -8344 820 -1280 -12
-13912 3116 -8296 768 -1211 -30
-14188 3320 -8268 733 -971 15
-14188 3352 -8372 971 -905 -109
-14144 3248 -8448 961 -911 -104
-14188 3224 -8604 1031 -663 -82
-14084 3228 -8604 966 -696 -97
-14248 3244 -8384 955 -502 -43
-13968 3240 -8592 1000 -330 -133
-14092 3072 -8300 898 -121 -203
-14056 3144 -8528 871 89 -68
-14052 3092 -8372 743 192 82
-14256 3120 -8172 703 308 30
-14208 2864 -8292 822 311 107
-14304 3120 -8120 655 271 125
-14168 2948 -8400 532 330 149
-14120 2900 -8100 576 245 114
-14336 3092 -8288 484 384 177
-14224 3056 -8200 529 310 179
-14308 3136 -8364 431 274 138
-14260 2948 -8336 430 224 127
-14108 3064 -8320 398 169 113
-14308 2968 -8364 502 -10 78
-14192 2996 -8240 469 -160 24
-14160 3088 -8472 433 -250 -6
-14072 3224 -8244 305 -307 -33
-14192 3180 -8392 204 -210 7
-14148 3056 -8332 269 -281 -81
-14312 3176 -8436 303 -339 -90
-14012 3180 -8488 229 -442 -100
-14276 3120 -8340 239 -339 -32
-14108 3252 -8508 364 -154 -48
-14008 3244 -8372 356 -224 -34
-14200 3180 -8224 247 -77 -18
-14020 3316 -8292 299 -135 -31
-14160 3192 -8224 252 -185 -15
-14320 3060 -8292 257 -73 -8
-14200 3116 -8232 247 -20 -2
-14256 3152 -8176 250 28 -11
-14188 3172 -8140 300 93 -4
-14240 3092 -8192 266 165 22
-14352 3156 -8184 439 138 64
-14164 3096 -8180 507 257 104
-14212 3272 -8212 402 249 123
-14204 3124 -8328 389 240 65
-14204 3268 -8208 290 310 77
-14188 3100 -8324 304 327 70
-14156 3044 -8432 357 326 72
-14252 3044 -8264 563 406 49
-14036 2784 -8532 688 598 -170
-14204 2868 -8576 543 469 102
-14116 3140 -8592 581 337 179
-13940 3168 -8732 591 550 349
-14004 3200 -8548 597 458 327
-14036 3108 -8648 496 588 412
-13808 3220 -8700 398 680 486
-13924 3464 -9048 286 901 595
-13896 3520 -8964 225 600 534
-13768 3236 -8852 484 865 713
-13692 3508 -8992 621 969 808
-14080 3360 -8900 726 584 1213
-14596 3396 -9008 601 114 1942
-13960 4332 -11044 -1146 -179 3721
-13188 5344 -9756 -1338 -48 3117
-14048 3996 -7300 -319 -1238 2426
-14512 4500 -8096 519 -1013 2303
-14452 5604 -7844 345 -1655 2163
-13592 5448 -6372 -253 -2037 2501
-13424 5544 -5880 -178 -1456 1630
-13552 5256 -5716 1410 -1426 905
-13920 5156 -6092 3540 -1366 870
-13908 5812 -5920 4458 -1806 912
-13564 5832 -5852 5222 -2973 564
-12704 4116 -4564 8290 -3370 -1129
-12712 4084 -4400 10277 -3527 -2138
-11308 6696 -13892 8593 3700 -743
-17036 11636 -14848 949 6885 3728
-12912 1392 -9332 1043 426 2394
-11948 7624 -12132 1679 8013 2597
-12648 3120 -11744 -1020 4910 3832
-12068 4484 -11288 1018 4454 1936
-12876 3740 -12412 251 1860 1693
-12968 5392 -11300 1071 2160 1034
-12240 5660 -13164 826 2877 -1368
-12408 5980 -12440 -78 2962 -2119
-11808 5296 -11512 -655 1548 -3037
-10348 4792 -11840 -1404 1828 -3151
-10284 5420 -12536 -1463 854 -2694
-11732 3532 -13004 793 231 -2865
-12096 5224 -11676 831 -1977 -2995
-11252 4552 -12256 1313 -2464 -3430
-12864 4492 -11268 1247 -2030 -3086
-12712 3180 -10220 1178 -3144 -4881
-12912 2392 -9792 379 -2895 -4324
-12740 2208 -10008 -1475 -2386 -3902
-13764 3100 -9440 -4358 -2517 -3658
-12916 1696 -8548 -7568 -3804 -3417
-12272 1144 -7824 -8386 -3915 -2103
-12944 1864 -5828 -8955 -2021 -1090
-13928 6448 -23848 -4343 4778 3667
-21016 8404 -17724 6356 7654 -5524
-12336 4132 -13352 -3512 4852 5782
-11884 3396 -10808 -1263 4414 2490
-10584 4328 -10640 -712 3618 1756
-11952 3696 -10552 854 3987 1855
-12444 3520 -11632 2338 3124 1092
-13436 6304 -12604 -112 3484 1851
-15652 5516 -12708 -2011 2270 2643
-13836 6220 -12604 -2979 -2340 2067
-9776 5732 -11044 -3436 -4961 93
-10088 4512 -9284 -2195 -4693 -888
-12284 4896 -10656 -210 -4554 -1229
-11048 5992 -10308 -240 -4823 -1232
-11416 5500 -9516 -786 -4260 -740
-13044 5084 -8536 -200 -3901 -786
-13988 4708 -7028 1604 -3257 -771
-13352 4664 -7012 2333 -3189 320
-14052 4284 -6304 3063 -2722 763
-13968 4708 -5404 3782 -4521 750
-11728 2968 -4804 5756 -3180 -1047
-12952 3604 -4692 7576 -1381 -1731
-14344 1964 -2944 10329 -1977 -680
-9852 11136 -27480 3487 8785 2095
-21436 8732 -12836 -3446 5231 6883
-11236 3688 -10464 8056 2904 -365
-13080 6000 -13272 3339 4873 2515
-9020 3540 -11204 4458 3740 2167
-9512 4220 -12816 3648 3418 2626
-10704 4252 -10904 3612 2592 1503
-13780 3420 -11748 3343 690 1936
-15452 3924 -12328 4682 -800 1160
-13720 5376 -12652 4882 -2154 -767
-11992 4408 -12868 4469 -3699 -2061
-11284 3576 -12088 3680 -3756 -1241
-10652 3992 -11312 2376 -3084 -255
-11408 2732 -10416 2274 -2854 500
-12344 3088 -10312 2032 -2492 420
-12712 3800 -9892 779 -1933 -558
-12792 3188 -9880 -792 -1085 -2115
-12936 2992 -9176 -2071 40 -2050
-13836 2988 -7992 -3139 959 -2387
-14500 2204 -8104 -4160 103 -2927
-14724 2244 -7532 -5645 -771 -4242
-13736 2164 -7556 -7460 -893 -4140
-12808 2280 -7516 -10956 -236 -2916
-16620 2352 -19936 -2966 10661 -632
-20540 7076 -18412 1362 3609 -4214
-12196 2556 -11788 -5945 3417 1814
-10876 3232 -11332 -2998 4740 546
-9392 3084 -11336 -1671 4353 -228
-11084 3324 -11416 -780 4252 848
-13328 4624 -11784 69 3150 -90
-14152 5068 -12940 -458 1134 1192
-12484 4972 -12324 -1329 -857 1277
-10996 5572 -10728 -2961 -2318 498
-9548 5280 -11316 -3211 -2964 -965
-10356 6460 -12056 -3907 -2632 -3011
-12288 6568 -10532 -4860 -2548 -3434
-11820 4640 -10044 -5069 -2388 -4499
-11004 5420 -8944 -4628 -1434 -5313
-12880 5284 -9792 -4869 -713 -5639
-13784 4152 -9756 -6435 -339 -4297
-13052 4292 -9168 -7534 585 -2629
-13708 4128 -7356 -5930 1207 -1846
-13852 3584 -7528 -3822 1221 -1338
-14068 4064 -6268 -2315 388 -931
-13936 4748 -5796 -1176 -905 -703
-13268 4072 -4872 1126 -1345 -1715
-13352 4052 -5144 3795 -878 -983
-13616 1400 -3264 7765 -3051 -1565
-24196 16568 -29408 -3517 9554 4768
-17352 3516 -9556 -9204 -3018 2113
-10376 300 -12084 5153 6183 -4983
-12968 4132 -12492 964 4776 -467
-9968 4768 -10388 -1633 2878 -1906
-10440 3584 -13084 -2201 3276 -1945
-11768 2324 -12196 -1439 2858 -257
-13108 4576 -11716 -2243 1037 1092
-12192 4064 -11460 -1811 1733 -1071
-12580 3880 -12856 -1800 799 -2002
-12148 3440 -11592 -2740 -1349 -2737
-12592 4104 -11668 -3440 -323 -3263
-12244 4076 -11380 -3502 -409 -3788
-12204 3896 -10704 -4034 -426 -4826
-13592 3624 -10824 -6032 -217 -4604
-14116 3536 -8828 -7469 231 -5757
-14372 2436 -8480 -8401 -1510 -6924
-13644 1752 -7668 -9895 -1475 -6915
-13120 2196 -6248 -11384 -1764 -6257
-13668 604 -7412 -10915 -2009 -4400
-13432 1220 -6420 -10331 -1929 -2910
-14596 88 -6860 -8476 -818 -661
-11640 -168 -6088 -7867 -1046 -540
-10756 -664 -6356 -6964 -48 -813
-20684 5776 -412 6625 6187 -9217
-22772 4280 -17440 1058 2131 324
-14060 9732 -7792 -5654 2937 4158
-11488 3352 -7792 -1870 4700 2465
-11140 2768 -9792 -1640 5066 3234
-12032 4484 -8692 102 3386 1070
-13628 4256 -10132 1214 3745 644
-12932 6136 -10668 906 1920 2224
-13920 4852 -11488 758 2464 2816
-12576 6808 -11376 -706 364 2479
-11088 6664 -10920 -1596 -595 916
-13092 5592 -11496 -1980 -459 602
-14032 5696 -9588 -2007 -2600 242
-12772 5136 -9720 -2085 -3076 179
-11936 5972 -9068 -2893 -2224 1210
-12700 5344 -8400 -1911 -1618 1348
-12948 5492 -6812 113 -1784 854
-13112 5708 -6652 1010 -2100 985
-13480 5396 -6268 2271 -2217 1194
-13340 5028 -5228 5082 -3870 588
-12172 4756 -5168 6325 -3160 -225
-11820 5608 -5212 8219 -2894 -1839
-12452 5004 -9348 8800 299 -656
-12092 7568 -11604 6205 1328 588
-15840 7932 -9860 4354 1555 253
-15060 1944 -12960 8341 4501 -195
-19424 2376 -18596 9532 3812 2225
-11712 4000 -12552 11223 554 -438
-12316 4264 -12796 6541 983 272
-11856 3008 -11232 6713 458 -1980
-10284 2840 -11760 3851 -21 -2070
-9912 3240 -11912 594 1676 -2517
-9952 2692 -12244 -2520 2346 -2383
-11740 1516 -13032 -4466 3324 -2102
-11572 2720 -12556 -4622 3422 -3169
-11580 1520 -13748 -3522 3858 -2332
-11632 2032 -13316 -3799 2765 -1538
-12160 3024 -11732 -3904 2702 -388
-13764 1180 -12720 -2493 17 -923
-13476 2012 -12824 -1057 -1141 -2295
-13048 3732 -10692 -2229 -1852 -2999
-13028 1488 -10680 -2522 -2477 -4423
-12564 1516 -10796 -3021 -2420 -3556
-12660 1904 -10060 -5136 -2286 -3038
-13472 1264 -9172 -6260 -3141 -3002
-15520 -440 -8492 -5350 -5484 -3370
-13760 544 -6156 -5765 -7635 -3847
-11640 696 -6024 -8516 -7989 -1190
-12556 2568 -7784 -9037 -1971 1203
-10436 5024 -9944 -5962 -1461 -1305
-14404 436 -12732 -3484 2968 2169
-14920 1108 -13720 343 2196 3072
-13892 7008 -15552 5108 4381 3643
-14084 6896 -15056 4788 5221 -10
-9588 6528 -11320 -2280 6879 4108
-12396 5228 -10440 934 9584 1893
-13032 5544 -12068 3418 10327 2754
-14088 6832 -11024 1600 5149 1452
-13972 4860 -13776 1063 3642 2187
-14024 5196 -14340 -972 1441 2033
-11300 5496 -14284 -1642 -1717 2537
-10588 6920 -13992 -1077 -4264 -182
-10300 6016 -11488 -1408 -6672 -1257
-9804 4628 -11420 -2523 -6143 -1098
-10588 5276 -10120 -1180 -5473 -1558
-11976 5880 -10212 152 -4828 -1487
-13276 5900 -9188 261 -5205 -601
-12608 6008 -8444 249 -4979 933
-12552 4328 -8240 1305 -4284 1560
-12492 4240 -6620 2946 -4631 2230
-12676 3840 -5692 5261 -4623 1603
-12468 4232 -4544 6427 -5532 -397
-11604 3600 -4236 8796 -2191 -2351
-11144 4568 -6204 7729 -1469 -1652
-12508 8152 -11032 4049 1694 325
-14872 10728 -15632 -4443 7435 5288
-17568 6172 -13144 -1905 7141 2074
-13224 1720 -13572 6681 6600 -408
-10708 3556 -12708 4113 6507 1964
-10700 5072 -11992 1781 5254 1670
-10692 4600 -12460 315 3572 1831
-11456 4888 -12264 -621 2992 611
-12432 4476 -12112 371 2781 10
-12376 4152 -14324 1185 2620 -577
-10896 5180 -14596 2338 387 -2706
-10532 3976 -13488 2422 -1912 -2496
-11272 4732 -12920 1067 -2819 -2123
-10724 4436 -12952 1686 -3168 -2242
-10936 3276 -12384 2268 -2981 -2178
-12140 3388 -11960 1911 -2584 -2765
-11692 2360 -11364 2446 -1347 -4528
-11144 2448 -10804 2095 -1131 -3832
-12376 2592 -10676 102 -147 -2731
-12756 1880 -10328 -2293 56 -2539
-11880 3048 -8224 -6120 -1281 -1800
-14348 2276 -7592 -7738 -1090 -1738
-13068 2080 -8188 -9150 -4709 -1343
-12296 488 -10424 -9057 -2926 1236
-12676 -952 -13196 -2741 1852 1264
-14640 4760 -13324 75 2924 1802
-14292 7132 -17384 3196 6607 1632
-14988 8664 -13032 1035 3639 2246
-10792 6844 -10388 -2492 2323 3685
-12148 4588 -11856 -572 1753 4243
-10960 4976 -11628 -649 476 4338
-8884 4296 -12476 588 -429 3009
-9512 6548 -12604 688 706 2101
-11400 5880 -13116 1118 732 1714
-13056 6948 -13720 130 -805 1012
-10892 6916 -12468 -619 -3391 518
-10416 5488 -10980 -79 -4382 215
-10880 5144 -10884 1782 -4491 104
-11572 5912 -9884 2663 -4363 -48
-12776 5336 -10224 3870 -5124 33
-13016 5164 -9480 4676 -5525 552
-12468 4616 -8344 6340 -5397 680
-12580 5076 -7692 7372 -4667 1101
-12648 3608 -8264 8908 -4479 2298
-14212 3592 -7264 10522 -5212 3077
-14264 4140 -6480 11320 -6829 3819
-12440 1256 -6748 15346 -7228 2519
-8480 3552 -7388 15277 -5568 3295
-8432 5924 -6548 13762 -4413 3065
-18380 11792 -31660 5092 12938 9061
-20076 5372 -12092 5386 -315 4221
-13364 4128 -15576 12002 5585 2118
-13116 5060 -12996 4731 6192 4238
-9476 5924 -11092 5196 3841 1756
-12436 1120 -11192 4852 2345 1926
-11992 2716 -12864 4238 2044 1578
-11464 4012 -13396 3030 -592 1442
-11704 3520 -13440 2766 -1580 167
-10748 2976 -13096 901 -2761 -115
-11244 1952 -13652 1720 -2846 -273
-12508 2684 -13212 2002 -3310 -576
-11556 1576 -12292 3403 -2961 -18
-12420 1128 -12628 5828 -1842 675
-11956 2672 -11448 6536 -2459 1019
-12692 2452 -10832 6074 -1969 358
-13264 3076 -10896 3964 -2708 863
-13520 3640 -9116 2224 -3725 477
-13172 1816 -6924 712 -4122 1122
-13924 448 -7632 364 -2144 2604
-14816 1684 -8264 -2092 -3606 1991
-13184 1952 -7120 -3103 -2734 452
-12092 2784 -16148 -3416 942 2955
-21332 4812 -11104 4821 4983 -1706
-13992 2388 -15396 -4123 835 5880
-11208 4476 -13944 -514 613 3981
-8260 4656 -11884 -876 -1291 1976
-8568 4276 -10176 -689 3097 1781
-6540 3500 -13000 1724 5934 1105
-8416 6652 -11976 2240 9416 1301
-10616 7028 -12416 1900 8903 692
-12920 6300 -14076 1430 7284 1089
-13704 6104 -13696 1261 3556 985
-12512 7340 -13252 -1597 1356 1384
-10480 5400 -14620 -2360 -1698 -10
-12644 5668 -14400 -1970 -3615 488
-10656 6932 -11976 -2278 -5733 413
-9952 4116 -12004 -932 -7133 960
-9644 4864 -11080 1436 -6786 365
-9904 5128 -10636 2461 -6175 811
-11276 6332 -11108 3034 -5319 1039
-12748 6376 -10284 2772 -6139 1981
-12912 4788 -10888 4552 -5438 2158
-11828 5576 -8952 5674 -5702 3285
-12204 5420 -9112 8007 -4809 4169
-12392 5880 -7712 5818 -3706 5167
-13360 5936 -6468 5776 -5706 3257
-11712 3780 -5692 8560 -2889 576
-12916 2356 -5304 11834 -1375 -215
-12140 2592 -8896 14017 -1454 110
-16028 21216 -20944 -221 2317 6205
-9028 2364 -12156 3461 -2629 2719
-14904 10448 -13560 9541 12705 4835
-12416 5536 -13300 1481 4998 3517
-10164 6184 -10868 4027 4887 2151
-11520 5708 -13180 1093 2247 1775
-11104 4780 -13228 1315 683 571
-11808 3764 -13532 3200 219 -456
-11192 6084 -12320 1975 -2523 -974
-11568 5720 -12424 1227 -4402 -1281
-11232 4728 -13844 703 -4094 -1728
-10336 5744 -12728 1725 -3517 -2100
-11412 4380 -11420 2356 -3643 -2809
-11396 3976 -11632 1384 -3218 -3865
-12580 4124 -10636 -344 -2749 -4399
-13128 3100 -10060 56 -3139 -5612
-13072 1932 -9988 -618 -2944 -5729
-11736 1776 -10916 -3061 -1095 -3302
-12768 1328 -8964 -4043 -166 -3010
-12872 1940 -7572 -4705 312 -3281
-12268 1784 -6676 -6451 1157 -2782
-12516 3032 -3536 -8398 1429 -943
-16320 -80 -7528 -8376 -614 -1538
-12828 4728 -10376 -10200 -3873 3461
-16312 -52 -16940 6475 9827 2890
-13228 12084 -17920 -780 -273 1045
-10900 6992 -8688 -6044 1893 4301
-11248 1848 -11712 581 8099 3443
-9376 4476 -13328 4054 5743 4062
-10960 10592 -9936 1741 3655 3218
-13172 6616 -12864 1821 1895 3557
-12352 5624 -12864 2555 -91 3477
-11140 7556 -11656 1069 -2896 2172
-10864 7084 -11576 1063 -3499 1431
-10468 6352 -12584 1530 -2861 1039
-10528 7452 -12144 1203 -3489 869
-10588 8004 -10968 -729 -5122 654
-10784 6888 -10848 -523 -4443 442
-11068 7484 -10552 -480 -3026 465
-11832 7032 -9936 -151 -2694 423
-12204 7100 -8172 -534 -3340 410
-12524 6096 -8376 29 -4445 295
-12808 6204 -7388 1399 -3615 339
-13444 5824 -6692 3295 -2937 395
-13420 5904 -6904 4872 -1733 1058
-13844 6452 -6460 5505 -2777 1639
-14548 5812 -5800 7510 -2813 793
-9044 3144 -4712 7962 -3864 1507
-7016 6348 -6116 8324 -637 77
-8984 8848 -9944 5493 3595 2614
-13872 16856 -20860 -3515 8545 1714
-18496 10648 -15012 -7076 5410 2084
-11888 3976 -10100 -3039 5944 1005
-14500 6460 -13452 -1793 6849 3555
-11136 3424 -11852 1355 3402 2853
-11592 7912 -14096 2771 4909 1010
-10232 8160 -14880 865 2294 -1982
-8392 3836 -14376 3084 -443 -2997
-9952 4624 -13736 5395 -359 -2980
-11096 4788 -13056 7896 -2320 -2781
-10748 3844 -12828 9433 -3054 -3583
-12112 5380 -11332 6583 -3650 -4745
-9892 1200 -10904 6259 -4455 -4802
-6384 1152 -12524 1739 -847 -2756
-12272 2820 -11860 -1684 232 -2212
-12092 3416 -6048 -7265 -3818 -3093
-10192 -212 -8804 -13069 -4478 513
-8960 3576 -21624 -5715 -2708 5513
-16272 12664 -21196 4475 6024 2067
-9780 10564 -13892 -4459 1114 3394
-12164 6424 -11380 -525 4106 2379
-10088 5252 -11432 2245 1846 2469
-9248 7376 -11568 2054 1072 2289
-8828 6736 -12776 2032 1767 827
-10660 6544 -12044 1733 1168 846
-10612 6288 -13104 1262 678 973
-10648 6380 -13364 1034 1148 844
-11788 5296 -13460 1490 983 976
-13416 5644 -13900 527 534 1756
-13628 6840 -14300 -749 -423 1801
-12328 6316 -12644 -966 -2654 1584
-11364 6408 -13412 -607 -2528 1197
-10860 5412 -12928 -589 -3880 705
-9596 7708 -12152 -1143 -5468 -75
-8724 7968 -11388 -2484 -6125 -1312
-9136 7652 -10792 -3441 -3981 -1551
-10020 7636 -9812 -3928 -3031 -2071
-10652 7064 -9328 -3430 -2943 -1841
-11596 6620 -9416 -2262 -1993 -1937
-12636 7060 -8572 -1603 -2511 -1113
-12864 6980 -8148 -422 -2114 -1282
-12840 6364 -7000 663 -2392 -532
-12408 6524 -7348 1474 -1492 82
-13348 6184 -6852 3884 -1805 1034
-13196 6920 -5984 4621 -1827 1404
-12276 6488 -5352 5684 -1968 849
-12836 7224 -5192 5166 -1049 198
-12176 6448 -5312 6506 -448 -786
-11504 6964 -8348 6794 12 -1635
-14588 5100 -5656 9083 406 1206
-11280 6552 -9772 6269 1049 1771
-14088 7276 -14604 4240 4597 3474
-12948 6912 -16768 1265 4217 2585
-11920 6248 -12556 1262 4195 2280
-11132 3972 -12776 1891 5269 1689
-11164 3528 -13148 2178 4705 1064
-12720 4868 -12780 2971 3662 128
-13364 4400 -15156 4333 3555 -2019
-12272 4708 -13560 2447 11 -2779
-11284 3244 -12928 1325 -2344 -2766
-10828 3280 -11556 1341 -4441 -3038
-11284 4108 -12688 384 -4187 -3411
-11104 3136 -13180 1744 -3825 -4243
-11268 2280 -12332 2831 -3115 -4418
-12120 2588 -11816 1977 -3559 -3657
-12848 1968 -10820 1535 -2508 -4528
-12396 2052 -10648 811 -2638 -3890
-11660 664 -10724 -102 -859 -2452
-13240 -204 -10128 -821 1226 -995
-13112 1712 -9248 -2281 1721 -578
-13472 944 -8240 -4918 2040 241
-13648 1820 -8012 -7874 947 76
-12736 1816 -9516 -10628 -54 551
-11620 1428 -12976 -9916 681 1183
-11196 -64 -16524 546 6582 -313
-14028 6896 -16772 5112 7737 -135
-11520 9536 -12228 -5279 5290 2137
-11100 5068 -11916 -2878 6403 -440
-13428 2836 -16068 286 6144 1648
-10364 5580 -11252 -459 1311 2294
-11220 4296 -13636 540 2479 2077
-12204 5648 -14112 638 -60 1479
-12256 5000 -13376 18 -2133 1827
-12956 4132 -12496 2014 -6522 72
-10068 5304 -12544 1183 -6181 -323
-9664 5560 -13844 -1947 -5354 676
-8848 5712 -12620 -2727 -6292 645
-10276 6172 -10108 -2245 -6587 147
-12872 6240 -10396 1197 -5285 -673
-13432 6120 -11264 148 -4740 997
-11956 5236 -9492 -1040 -5602 2736
-12004 6096 -6680 -1063 -3514 2399
-12868 5012 -7296 814 -2206 1236
-13796 4924 -6100 1919 -2524 719
-13272 3448 -6872 6015 -2690 512
-13468 4668 -5748 6462 -3245 1312
-12084 4996 -4584 8395 -3955 637
-12900 2900 -2360 12589 -2660 -861
-13268 5968 -8620 12316 1112 -495
-12444 8292 -15112 6946 4254 2145
-15672 11612 -18616 -2785 4606 5221
-13440 5212 -11132 -195 3341 2180
-12176 1064 -12076 6506 5977 969
-10912 4004 -12728 3379 6490 1733
-11568 7480 -11800 1585 2788 154
-12168 4948 -12692 7 2760 -1056
-12428 5276 -12804 -1472 1906 -1507
-12232 3892 -12896 -138 332 -2053
-11012 3540 -13312 1243 -313 -3007
-11420 4788 -13396 1586 -1743 -4338
-13108 5732 -10536 -1738 -2777 -4038
-12408 3204 -11496 -2858 -4305 -3351
-11320 3528 -11676 -1306 -4033 -3787
-13200 3424 -11020 -770 -4677 -4251
-12520 1588 -9612 359 -4068 -5395
-12220 2280 -9632 -1919 -2745 -3779
-12924 504 -9872 -4816 -1697 -1643
-11876 2144 -7184 -5653 -2484 -926
-14576 2224 -6432 -5864 -524 -2367
-12112 3356 -5804 -6437 -1313 -925
-12440 52 -6460 -5385 -803 -617
-11820 1972 -7392 -5770 2026 -295
-21992 3840 -17676 -3521 9197 2135
-20816 8760 -14496 2258 7486 -1247
-10588 4472 -9708 -5420 7714 3412
-12428 3592 -10336 -1799 6543 2785
-10560 5452 -11708 -583 4683 3387
-11528 5284 -10868 796 3225 2569
-11716 6736 -13096 1297 2963 2297
-12228 6264 -13144 239 -82 2055
-11832 5852 -12396 204 -1700 1334
-10656 6536 -12312 17 -2742 841
-10052 6636 -11740 -245 -3387 -428
-13044 7188 -11636 -870 -3554 -1650
-12960 6536 -11176 -2530 -5567 -1185
-11128 5440 -10080 -2559 -5296 -344
-11944 5308 -9360 -1663 -3930 -19
-12784 5408 -8772 -932 -3197 -131
-13668 5716 -7892 -573 -2967 546
-12912 4768 -7644 1892 -3763 1085
-13216 4688 -6312 3384 -2728 1829
-13204 5196 -6168 4165 -2731 2332
-12956 5544 -5368 4580 -3791 1851
-12464 4888 -4168 5712 -3404 746
-13340 4100 -4084 7379 -2777 -466
-12968 4500 -5000 9427 -2386 -562
-12268 7420 -11736 8563 1798 454
-19000 15404 -18476 -2681 7712 5782
-12828 1272 -10112 4965 -756 -1021
-15268 6984 -13740 6739 6849 1762
-10188 4596 -13132 4084 4105 2402
-9668 7284 -13076 2992 3084 1506
-9784 4756 -12556 1409 3137 309
-10528 3600 -13924 1794 3056 -748
-10316 4204 -13792 2686 2444 -1523
-10092 4380 -13700 2217 825 -1549
-10860 4324 -13852 1488 -12 -1836
-11560 3636 -13552 1517 -998 -1911
-11632 3452 -13856 2287 -1697 -1519
-11068 3216 -13472 2800 -1811 -2039
-12060 3564 -12828 2626 -2658 -2401
-11688 2572 -12416 2228 -2687 -1999
-11392 2216 -11808 2075 -2354 -2652
-12508 2456 -12432 641 -1414 -2619
-12856 1404 -11084 -829 -1581 -2172
-13468 1992 -10244 -1350 -2523 -2497
-13804 2436 -9048 -3369 -3199 -1672
-14728 1836 -9116 -4798 -3760 -1487
-12880 2668 -11484 -4666 -4546 -1933
-12256 2656 -12172 -870 -884 -2454
-12292 1292 -9996 1186 -170 -1370
-13304 2888 -10344 -1391 591 -1139
-13928 3548 -10148 -2822 -78 -716
-13724 1732 -10136 -1824 -408 -1051
-13828 1804 -9724 -1288 105 -995
-13744 2084 -9788 -1235 -453 -638
-13572 2136 -9840 -1286 -124 -219
-13600 1972 -9580 -901 323 31
-13712 1972 -9540 -859 385 87
-13864 2320 -9836 -707 324 139
-13436 2612 -9976 -522 334 289
-13844 3000 -9516 -748 -95 254
-13656 2484 -9200 -342 -73 134
-13652 2824 -9380 -353 344 259
-13896 2752 -9352 -182 427 268
-13908 2500 -9484 83 444 207
-13752 2720 -9512 395 68 285
-13964 2628 -9460 695 -190 236
-13724 2764 -9584 775 -394 222
-13624 3028 -9640 770 -352 191
-13812 2952 -9684 649 -270 171
-13880 3020 -9560 677 -414 115
-13644 3260 -9576 338 -363 13
-13748 3312 -9624 -100 -220 -122
-13580 2996 -9752 -388 -306 -269
-13784 2800 -9416 -199 -287 -201
-13800 2760 -9264 63 -246 -24
-13824 2580 -9384 636 -444 254
-13804 2656 -9112 1169 -518 590
-13864 2396 -8812 1998 -442 717
-13960 2636 -8848 2592 -265 792
-13904 2048 -8668 3481 -105 851
-13904 2008 -9256 4674 75 780
-13984 3036 -9932 4634 60 686
-13508 3744 -9752 3325 -531 170
-13340 3372 -9876 1343 -373 -151
-13692 3144 -10096 0 -183 -412
-13764 2408 -9788 -703 -184 -602
-13872 1668 -9628 -527 -455 -496
-13868 1548 -9396 325 -506 -156
