15144 -6948 1744 -1303 1625 539
15404 -7196 1608 -1048 1872 512
15840 -6920 2028 -1514 2637 387
15024 -6804 2120 -2301 3625 177
14628 -7128 1620 -2368 3347 -453
14640 -7448 2032 -2193 2702 -426
14336 -7448 2364 -2022 2128 -442
14216 -7440 2340 -1615 1821 -514
14144 -7552 2688 -1584 1422 -577
14356 -7776 2432 -1147 1184 -675
14636 -7984 2384 -1279 760 -527
14268 -7924 2352 -480 -39 -377
14612 -8024 2556 394 -514 -427
14616 -7972 2548 893 -859 -263
14488 -7732 2460 1355 -990 -57
14592 -7860 2616 1526 -1309 -74
14512 -7628 2560 2044 -1569 -233
14656 -7628 2368 1898 -1397 115
14700 -7692 2136 2264 -1797 131
15048 -7624 2140 2824 -2097 350
15052 -7448 2092 3129 -2324 741
14876 -7012 1896 3134 -2182 654
14596 -6984 1628 2418 -2251 47
14796 -7364 1576 3195 -2862 -513
14968 -7364 1524 2612 -2359 -268
15140 -7692 1392 2136 -1707 192
15088 -7676 1388 2085 -1621 729
15228 -7260 1460 2242 -1286 1005
15172 -7284 1504 2083 -851 1304
15352 -6936 1284 1759 -342 1257
15264 -7224 1148 1561 -125 1110
15332 -7140 1084 1526 -159 1019
15284 -6956 1060 1421 -159 798
15356 -7016 976 1224 -147 479
15152 -7072 1032 905 -88 257
15148 -7272 1132 1040 -314 -14
15160 -7248 1320 911 -324 -408
15068 -7396 1448 834 -237 -537
15204 -7448 1576 894 -226 -648
15080 -7560 1380 738 148 -432
15020 -7640 1488 865 251 -190
14968 -7332 1376 539 424 -37
14848 -7336 1260 628 351 82
15000 -7308 1344 484 304 170
14936 -7180 1172 566 -16 129
14836 -7140 1208 506 -200 1
15068 -7280 1392 536 -312 -164
15052 -7192 1476 480 -386 -202
15112 -7320 1608 490 -370 -240
15016 -7492 1596 545 -360 -157
15168 -7360 1560 580 -178 -113
15180 -7448 1632 630 -71 -12
14984 -7164 1424 614 120 118
15088 -7088 1480 469 293 2
14996 -7208 1336 531 265 84
15060 -7212 1284 473 237 114
15004 -7096 1272 543 -48 40
15064 -7128 1228 478 -144 -14
15040 -7300 1384 509 -279 -152
15128 -7244 1620 421 -217 -83
15140 -7224 1520 473 -76 -71
15172 -7284 1436 360 65 154
15080 -7392 1644 380 120 -43
15032 -7304 1412 385 290 28
15096 -7356 1848 341 152 144
14992 -7316 1692 397 242 21
15016 -7200 1672 444 190 147
15044 -7300 1600 323 291 136
15056 -7252 1552 451 175 144
15140 -7292 1536 329 152 140
14920 -7276 1376 491 -23 -1
15132 -7108 1492 396 -84 -133
15004 -7180 1528 533 -210 -228
14944 -7400 1448 491 -357 -188
15012 -7292 1344 463 -400 -300
14964 -7248 1400 394 -392 -238
14888 -7040 1552 416 -482 -252
14820 -7128 1744 405 -688 -350
14936 -7040 1692 692 -916 -491
14964 -7072 1528 354 -863 -366
14936 -7140 1276 469 -1052 -303
15000 -7036 1100 391 -1307 -417
15092 -7260 1148 643 -1429 -388
15308 -7140 904 281 -1116 26
15540 -7288 812 519 -1111 28
15280 -7120 544 647 -1169 276
15396 -6824 524 861 -1128 348
15476 -6992 300 571 -892 119
15384 -7064 128 573 -884 142
15292 -6956 24 669 -879 368
15440 -6948 112 438 -697 338
15780 -6852 28 200 -434 355
15700 -6748 292 -219 143 836
15724 -6888 592 343 -193 767
15208 -6552 772 687 -506 256
13896 -6716 876 475 -557 123
15720 -8320 156 1562 -1312 -2041
16000 -8388 -172 -163 -1667 -3419
15260 -9504 -140 650 -2207 -2974
14452 -8204 156 967 -2181 -1391
14372 -8056 460 1888 -2067 -1348
14812 -7872 208 1494 -1355 -1605
14984 -7480 -12 917 -229 -1147
14920 -7488 -264 -244 877 -926
14716 -7428 -156 -641 1572 -1189
15096 -7240 -16 -1700 2498 -1625
17444 -8112 -448 -2690 2775 -1913
18092 -7704 -432 -4607 3030 -3056
19836 -11920 2684 2753 -2656 -3793
19620 -6416 2720 8471 -1787 -895
17444 -6560 2532 3112 4253 3207
16756 -4800 1196 6633 5792 5860
16856 -4440 1000 4849 8184 8405
16384 -4404 -116 4874 10382 9984
14860 -3692 -56 5484 10186 10455
13860 -3524 28 3896 8706 9016
13532 -3328 -340 1870 6761 6483
12524 -3924 172 -605 3894 2900
12212 -4580 904 -1997 -201 -811
12296 -5744 2184 -3276 -3703 -4275
12896 -6668 2860 -4630 -5278 -6215
13424 -8352 3660 -4903 -6205 -7407
13736 -8604 4228 -5678 -6966 -8947
14268 -8236 3716 -6171 -7398 -9616
14740 -8188 3820 -5595 -7428 -10038
15828 -8620 3564 -5457 -7032 -10149
15972 -8884 3580 -5250 -5821 -8573
15932 -8804 2532 -4051 -4035 -5380
17408 -8316 2248 -1867 -2984 -1727
20332 -6540 264 -3689 -550 -125
18776 -6972 -620 -4234 1246 -908
19212 -6732 -1336 2001 1449 159
17016 -4580 -880 3325 2295 4082
16764 -4752 -1192 5468 2841 5971
16492 -4704 -1508 5563 3760 6814
17556 -5748 -1348 5221 3724 6145
14864 -5620 -1152 5557 2858 6274
17764 -6876 -1692 9102 1330 5678
16700 -6072 -2248 7625 1443 4446
15148 -6324 -1268 5851 369 3639
14504 -6604 -1044 6955 -1407 2367
14388 -5868 -420 5837 -2426 1073
14188 -5968 -512 2914 -2434 -689
13884 -6116 -72 1331 -2470 -2217
14368 -6420 -244 91 -2672 -3148
14468 -6224 -24 -847 -2752 -4326
15076 -6236 284 -2248 -2663 -5875
16272 -5380 436 -4280 -1734 -6460
18528 -4536 -684 -5991 -1194 -8460
16720 -3960 -1596 -7199 -3028 -10475
21192 -5192 1320 -679 -8333 -11637
22120 -1972 -1832 -928 -5385 -9207
18908 -2252 -136 -4031 -1190 -4966
15644 -1912 492 2024 -2067 -2719
16120 -464 500 2800 29 -240
15572 -1416 -84 1702 3380 2738
16004 -952 -660 3302 5225 5141
16880 -168 -880 2124 7178 7117
16532 -216 -1052 194 8691 7677
17796 -984 -1020 1332 8743 8183
18640 -1604 -284 -258 8874 7236
17768 -2860 316 -170 8053 7176
15984 -3152 1468 54 6717 7291
14648 -3888 1784 1207 5422 5976
13780 -3904 1972 245 3954 4338
13484 -4412 2348 -1991 2028 1949
12760 -5576 2844 -3549 -262 -485
12888 -6208 3808 -2537 -2852 -2224
12876 -6744 4000 -2132 -4261 -3658
12964 -6840 4500 -2496 -5276 -4566
13032 -7040 4540 -2659 -6120 -4676
14156 -7436 4560 -2101 -6980 -4702
14884 -7740 3704 -3080 -6478 -4858
15048 -8152 3444 -3450 -5765 -4795
16340 -8340 2348 -2360 -6276 -3788
19976 -8784 1576 -489 -7879 -3342
20288 -7380 -216 3149 -6930 -2946
18324 -4664 -1940 2329 -2997 -156
16420 -3684 -2420 -1476 -126 1712
15580 -5584 -3032 2521 -597 3349
16496 -4052 -4040 7912 -871 3823
17720 -4084 -3664 3642 2336 4028
17452 -4968 -5020 126 5674 5225
16440 -5488 -3376 1940 4297 5235
17112 -5660 -3308 5032 2196 4870
15856 -5308 -3172 3565 2757 4788
15464 -5596 -2900 2812 2639 3647
15756 -6496 -2596 1641 2669 2700
15476 -7160 -1968 421 2549 2278
15216 -7484 -1336 835 1623 1618
15476 -7216 -1368 989 787 760
15308 -6916 -1200 727 -733 -928
14772 -7040 -480 1488 -3105 -2808
14912 -6792 -264 1997 -4415 -3920
15632 -7056 -392 1191 -4228 -4188
15100 -7068 -496 -407 -3124 -4205
15072 -7200 -336 -1700 -2358 -3795
15800 -7976 -760 -2721 -1338 -4173
15888 -7836 -792 -3928 -304 -4212
15824 -8096 -260 -4057 -294 -4169
15352 -7188 -684 -5050 743 -3478
15840 -7208 -332 -4867 799 -3720
17656 -6956 -52 -5154 708 -3735
17960 -6712 -2292 -6012 1980 -3045
15344 -6824 -320 130 -2994 -2256
16240 -2884 -432 6733 -7476 -1923
16956 -3032 -1904 2986 -4274 -1865
18900 -4596 -2148 3224 -1568 -1845
17496 -3124 -2260 4336 -768 -1083
18156 -2744 -3236 5108 -173 -209
18552 -2000 -4048 4874 1548 781
20128 -1896 -5572 2168 5154 1661
17588 -740 -4352 1453 6419 2665
16964 -208 -3988 1938 5594 3187
16748 -1188 -3580 318 6333 2237
15896 -2120 -2072 -368 5525 1664
16000 -2840 -1268 75 4740 1132
14960 -1728 268 951 4930 1200
12968 -1628 680 -494 5343 1400
11484 -2988 1500 -497 4253 1384
15528 -5704 792 936 1275 -393
16012 -6820 2264 -1253 -1460 -2521
15560 -7196 4564 437 -4343 -1297
14840 -6076 4340 3731 -4665 -204
13776 -4408 4468 1724 -2719 115
12712 -4876 2908 1487 -2739 1135
13608 -5136 1424 3091 -4552 -471
14336 -5124 2292 3274 -8139 -1291
14564 -4608 1936 3864 -9194 -784
15924 -3728 376 2677 -8566 764
23164 -6184 -3040 1539 -4550 -934
25092 -7284 -4516 -2373 384 443
19904 -4244 -2228 -4065 403 5033
20280 -5592 -2740 -46 -220 4911
16992 -3984 -4636 -579 3841 4778
16624 -4848 -3796 -2871 5465 4837
15000 -5288 -4996 -1733 4666 5264
14916 -6248 -3704 1529 2406 5025
16508 -5796 -3612 3247 1149 3855
17152 -6132 -3544 2238 1552 3607
16904 -6432 -2680 2878 1132 2493
15592 -6308 -2464 2129 1355 2074
14564 -6052 -2368 1294 1280 1962
14032 -6812 -2432 1382 435 283
14516 -6100 -2892 1219 -624 -2813
14828 -6052 -2652 -466 -1218 -4756
15352 -6936 -2148 -994 -2374 -5102
15144 -7284 -1692 -126 -3970 -5367
15716 -7328 -508 -350 -4748 -5629
15516 -7072 -248 -2139 -4040 -5964
15660 -7104 368 -3695 -2835 -6287
15732 -7612 536 -2835 -1944 -6346
15988 -6836 0 -2624 -385 -4978
16536 -6944 -832 -3509 1674 -3751
16448 -6740 -980 -3932 2851 -2794
17860 -6408 -1756 -1820 2883 -1532
18928 -4740 -2800 -2329 4125 -323
18108 -4452 -1824 -942 2361 -280
16988 -5364 -224 4545 -1177 -204
17136 -3516 988 7466 -3117 1049
18552 -3120 -248 5444 -709 1892
19360 -2536 -1828 4192 2732 3749
18488 -1980 -2880 3870 4184 4728
17404 -1532 -3820 5367 3935 5105
17160 -1060 -2904 5194 3211 4490
16524 -84 -3388 3190 4002 3755
16268 -1516 -2808 1085 4368 2319
16420 -1832 -2468 -135 3868 1164
15956 -2252 -1700 -908 2762 121
15668 -2496 -832 -1309 1651 -720
15368 -3236 -136 -1359 90 -1598
15756 -4464 392 -1146 -1030 -2333
15252 -4796 616 -1676 -1446 -2227
15004 -5336 1660 -2534 -2001 -1856
14492 -5404 2464 -2411 -2924 -1822
14392 -5244 2452 -3531 -3097 -1846
14812 -6112 2624 -3365 -3565 -1744
15148 -5744 2112 -2237 -3969 -708
14876 -5272 1620 -2239 -4145 290
14928 -5024 1360 -1370 -5034 483
16848 -5392 364 -345 -5814 93
17496 -5372 -184 -1217 -6061 -196
20112 -6628 -2344 -677 -5147 -1654
19140 -5508 -3236 2626 -3224 -1940
16260 -3596 -3980 1264 -1106 800
16020 -3944 -3820 226 -936 28
19152 -7092 -3896 3414 -777 -1423
15892 -5224 -4500 1828 2249 1653
19184 -6356 -4264 2105 3331 3573
16040 -6244 -4796 4150 3356 5201
17148 -6096 -4688 8117 2880 5869
17164 -5384 -5184 6173 5385 5414
16612 -6152 -5728 2415 6572 5399
15268 -5948 -5588 3161 4854 4239
14232 -5904 -3968 2773 2413 3673
15344 -6416 -3412 3222 806 2503
14712 -6848 -2840 1840 356 1421
14700 -7048 -1832 1457 -1636 -40
15912 -7668 -1904 2076 -3690 -2039
16296 -7652 -1612 926 -4089 -3244
15860 -7176 -1380 -279 -4018 -3451
15680 -6828 -1076 -1041 -3905 -3733
15976 -7172 -972 -2414 -3117 -4557
16252 -7892 -908 -3587 -2120 -5366
15448 -7588 -508 -3658 -1345 -5496
15036 -7080 -488 -3463 -765 -5421
15976 -8012 -824 -3288 -576 -6325
17648 -8940 1644 32 -2795 -7258
19336 -8724 1080 5168 -2166 -6622
18672 -2448 -2404 406 4236 -2580
19264 -3376 -4364 -2895 8724 -414
16644 -3252 -192 4116 4846 1682
17108 -912 -1852 5735 2788 3922
16988 -816 -2832 1935 5714 4430
18056 -1924 -2716 3103 5486 5403
17504 184 -4620 405 7073 6765
16296 -504 -3396 198 5695 5288
15384 524 -2068 861 2863 3052
14832 -900 -316 -559 2004 1332
15800 -3476 -104 -1004 1391 179
15556 -4856 1292 -826 -496 -19
15144 -5976 2508 -566 -2586 -305
14816 -6360 2712 246 -4162 -997
14680 -6020 2048 -134 -3938 -1853
14176 -5732 2160 -2377 -3447 -1825
13816 -6140 2112 -1986 -4298 -1839
14372 -6236 2568 -897 -5440 -2013
14332 -6344 2372 -430 -5492 -1351
15424 -6680 2036 147 -4876 -665
16428 -7028 1520 515 -4549 -198
17140 -6240 500 956 -4707 574
17236 -5204 -516 1270 -5605 642
21412 -7264 -1712 3238 -5887 -1663
18412 -6488 -3292 4754 -1621 -1239
18444 -5512 -3640 4030 2795 2091
16980 -3992 -6588 -271 6829 4849
17264 -4112 -7084 4227 5701 3618
17924 -3400 -6700 3984 3885 2744
17568 -4608 -6360 1244 2676 2592
16440 -4732 -5196 3008 906 2137
16664 -5164 -4676 2227 556 996
15736 -5720 -4088 468 1259 1118
15188 -6180 -2928 1009 433 404
14736 -6152 -2336 729 -262 -285
14812 -6692 -1832 427 -1018 -767
15136 -6432 -1972 -170 -1722 -998
16344 -7072 -2024 -31 -2516 -2183
16096 -6316 -1648 -481 -2997 -2911
15856 -6264 -1784 38 -3704 -2794
16500 -5616 -1656 -571 -3409 -3323
16172 -6044 -1100 -2935 -2253 -4251
16204 -6912 -1372 -3758 -1177 -4837
15472 -7004 -1220 -3457 -449 -4440
15888 -7136 -1372 -2866 -12 -4222
15820 -6844 -1604 -3003 910 -3817
16744 -6480 -1116 -2299 1551 -2761
14904 -4408 -1948 -3302 3405 -1080
16436 -5012 -1204 -1756 1194 -711
23324 -6396 -2196 6194 -1554 -2170
22696 -2816 -2924 4630 1191 995
19944 100 -2908 2573 2449 3148
17484 620 -3620 4309 1397 2272
17252 1676 -3684 5283 793 1903
16872 832 -5008 2650 2876 1597
14876 464 -3952 2570 2470 1465
14760 160 -4148 1397 1901 917
14596 -920 -3320 507 1501 149
15420 -1624 -2960 630 761 -580
16916 -2468 -2036 -1560 347 -659
17272 -2796 -1572 -3113 -182 -536
15996 -2500 -568 -3846 -931 -763
15164 -3092 24 -2934 -1949 -1305
13936 -3604 464 -3224 -2387 -1231
14356 -5212 804 -2016 -3115 -977
14668 -5872 684 -1159 -3011 -546
14400 -6236 1388 -1253 -2427 853
14644 -6660 1668 883 -3000 2821
17108 -6440 1348 3020 -3140 3235
18880 -6656 268 2317 -2176 3534
17916 -5124 -1044 3087 -1524 4295
20004 -3596 -3228 3147 -963 3263
18984 -3540 -3844 4206 -391 297
23148 -4156 -6788 5990 2327 -930
21352 -4444 -7676 22 8075 1347
19112 -4132 -5892 -1726 6759 4193
15876 -5040 -5600 108 3472 2640
14092 -4568 -4696 1232 -61 590
16276 -4536 -5124 2868 -2250 -1576
16220 -4652 -4240 268 -1714 -1398
15456 -4432 -4340 1810 -2214 -568
16032 -4384 -3500 2250 -2174 -786
16736 -5232 -3320 154 -1234 -1303
16116 -5828 -3220 112 -1178 -1935
15884 -5748 -2484 1686 -2496 -2128
15596 -5480 -2036 1519 -2677 -2647
16016 -6088 -1496 1306 -2340 -2812
15732 -6120 -1408 690 -1400 -2634
14756 -5872 -1536 1197 -1165 -1888
15464 -5444 -1548 1732 -1188 -1510
17260 -6084 -1820 879 116 -2277
15920 -5412 -1548 -1681 1949 -1815
15008 -5496 -1100 -1310 2350 -1699
15516 -4948 -644 -1113 2803 -1734
18248 -5548 -1264 -996 2663 -2120
18316 -5012 -1536 453 822 -2023
19852 -2184 -1740 5781 -1335 -941
19280 -152 -1852 2604 666 827
21420 -2532 -4148 1728 3273 767
19404 -1492 -4048 2168 3525 2143
18232 760 -5172 2934 1982 1955
18140 828 -5424 1942 1537 1053
17648 928 -4888 210 1427 302
16148 1008 -4036 -742 1052 240
14952 772 -2732 -728 786 -386
15852 -436 -2400 -3360 2250 -373
15624 -2024 -1992 -5883 2658 -885
15100 -3320 -1272 -5474 854 -871
14892 -3568 -232 -4364 -897 -542
14672 -3972 696 -4144 -1652 -65
15640 -5216 1024 -3061 -1710 468
15840 -5940 2208 -1966 -1809 1348
14208 -5548 2224 -1537 -1278 3027
13960 -5280 2088 -638 -800 3611
14848 -5372 1844 -403 -1212 2417
15168 -6336 1676 226 -2437 1582
15512 -6324 1588 2447 -3581 2015
16324 -5784 1060 4004 -4066 2444
17624 -5672 -1512 4354 -4295 1930
25372 -8956 -5228 4780 -5399 197
20120 -5292 -7048 2635 -1972 1927
14920 -3976 -3176 2204 -850 3096
15360 -4388 -2804 2366 664 666
14708 -5368 -2700 358 4266 1323
17616 -6336 -3852 1865 5082 2421
18236 -5740 -5540 2142 5548 3111
17808 -4700 -6244 1337 5055 3475
15672 -3684 -6364 862 3182 2759
15092 -4048 -5100 1373 311 798
16088 -5668 -4352 42 -1081 -559
16664 -6308 -3924 -1774 -963 -1836
16056 -6660 -3356 -3169 -963 -2445
15900 -6556 -2836 -2045 -2764 -3548
16380 -6488 -2900 -1318 -4379 -4391
16532 -6440 -2420 152 -5386 -4986
17552 -6628 -1752 -6 -4921 -4844
16960 -6460 -1892 -3030 -1365 -4606
14968 -6784 -1068 -4939 543 -3419
14860 -6768 -1296 -1863 516 -2957
15404 -5724 -1760 -2588 2135 -2002
15832 -6172 -2024 -4084 3745 -1407
15888 -6248 -1988 -3862 4072 -1220
16404 -5840 -1864 -4046 4179 -1078
13884 -4168 -992 -3274 3648 -652
22276 -8036 -1604 368 1588 -2531
17368 -5836 -404 861 732 -2300
19876 -5252 1216 8418 -2863 -322
18748 72 -1312 9049 -118 2606
17896 928 -2748 2816 3706 3056
17236 340 -4116 4995 2717 2502
18596 332 -4664 3607 2511 791
18196 80 -5436 1255 2970 670
17548 344 -5196 109 2758 638
16628 12 -4028 -1527 2197 -214
16132 -428 -2468 -2563 1268 -1171
15680 -916 -1760 -4233 1251 -1613
15456 -2196 -1052 -4964 1464 -1606
14984 -3196 -8 -4750 1038 -1586
14468 -4484 592 -4190 242 -852
14680 -5192 1112 -2126 -1602 -98
15872 -5540 1856 -338 -2288 155
15604 -5000 2608 -852 -1837 806
15760 -4924 2268 232 -1790 1697
15364 -4496 2160 1702 -2067 1984
15128 -4244 2024 2666 -2453 2147
15204 -4232 1284 2439 -2205 2126
15848 -4816 1096 1859 -2265 1460
15976 -5264 180 2023 -3494 1307
16664 -4704 -1196 1673 -4431 1258
22764 -7076 -2464 1207 -5790 -494
23308 -6184 -4556 1965 -3757 -1569
21132 -4900 -6872 -1068 1504 1527
13628 -932 -4064 -869 651 3495
14664 -1816 -5020 947 -1650 64
17112 -4344 -5936 3497 -1308 -2074
16744 -4780 -4740 2852 -1169 -212
16048 -4624 -4832 4279 -1112 664
16320 -4508 -4660 5259 -586 138
16960 -5164 -5044 4565 116 29
16228 -5192 -4680 4485 -234 620
15608 -4612 -4464 4623 -692 510
16008 -4444 -4444 3870 -122 417
16476 -4956 -5044 1629 1019 319
16012 -5000 -5424 724 478 450
16228 -4804 -5028 1775 -1715 133
16080 -4472 -4556 1770 -2678 -698
16360 -4576 -4068 1244 -2505 -657
16524 -4576 -4252 -1533 31 -482
16184 -5084 -3964 -3652 2296 -418
16588 -5788 -3948 -4474 3343 -304
17252 -6536 -3552 -4814 3614 -206
16596 -5976 -2620 -4453 3956 -123
16588 -6040 -2180 -4513 4588 -48
15868 -5288 -1628 -3510 4434 -430
17256 -5112 -1676 -3932 4445 -727
20264 -6948 -3604 -4161 4379 -2344
14576 -5076 -548 -455 -180 -1780
14776 -2448 -84 5611 -4217 -1785
16844 -2016 -1868 960 395 -3179
18076 -4560 -2092 -4320 4259 -2923
16836 -3984 -1736 -1066 1462 -1670
16924 -2004 -2160 1565 -954 -1666
16968 -1936 -1740 425 -324 -2579
15876 -1500 -1292 -611 472 -1851
15564 -1488 -1112 -548 312 -1116
17188 -1980 -1572 -873 728 -673
17188 -2268 -976 -1066 467 -61
16752 -1688 -888 -876 463 549
16904 -1724 -716 -760 907 386
16992 -1832 -588 107 254 318
16080 -1980 -104 1104 -389 307
15868 -2844 708 2015 -853 78
16644 -3260 104 588 702 859
16468 -4068 -52 128 1433 1776
16308 -3764 -452 1297 719 2547
16032 -3320 0 2072 109 3021
16664 -3588 -292 1513 526 3160
16564 -4104 -316 1252 759 3182
17580 -4636 -12 2249 242 2881
18308 -4744 -828 1335 1121 2406
16896 -4732 -1124 1405 1244 2369
16632 -4136 -864 2460 84 1800
17048 -4424 -1048 1424 304 1214
16740 -4532 -876 891 330 1178
16508 -4504 -740 903 -360 833
16340 -4580 -448 753 -610 -9
16328 -4940 -652 199 -114 -201
16360 -5600 -416 32 121 -154
16160 -5416 -852 -420 -107 -70
16076 -5576 -320 66 -524 -229
16104 -5340 -232 -343 -94 167
16124 -5724 -484 -632 418 256
16396 -5768 -412 -519 409 219
16296 -5704 -316 -606 447 388
16256 -5560 -356 -761 786 526
16208 -5484 -340 -1240 1136 497
16192 -5628 -304 -1395 1221 446
15892 -5848 -164 -1181 874 303
15968 -6028 248 -636 459 233
15932 -6120 328 -177 411 209
16292 -6000 456 -1137 848 292
15980 -6132 40 -2248 1727 590
15448 -6296 72 -935 1088 408
15484 -5968 288 196 194 -39
15716 -6148 360 200 287 -341
15696 -6464 440 259 337 -198
15596 -6532 164 534 235 4
15640 -6536 288 813 109 33
15836 -6664 140 903 -74 242
15884 -6308 224 963 125 690
16120 -6100 272 789 495 755
16512 -5928 148 196 998 793
16252 -5796 44 -122 1403 708
16200 -5768 392 -369 1606 142
16228 -5848 400 -1280 2368 -212
16004 -6008 492 -1967 3285 22
15252 -5504 156 -2288 3796 296
14580 -5808 48 -2829 3723 237
