14796 -7396 1308 576 564 593
14668 -7492 1128 552 591 138
14536 -7548 1708 648 380 -145
14744 -8012 1828 576 -89 -431
14796 -7820 1796 519 -104 -135
14992 -7868 1876 813 -190 144
14812 -7464 1728 666 -232 115
14708 -7300 1560 634 -282 -183
14732 -7372 1476 741 -345 -735
14884 -7504 1712 876 -664 -1103
14892 -7504 1804 762 -780 -1208
14976 -7764 1928 1064 -225 -1271
15036 -7684 2216 742 -81 -804
15060 -7744 2128 824 -128 -320
14864 -7596 2168 713 48 111
15036 -7668 2080 888 387 324
15008 -7344 1792 553 480 532
14992 -7420 1764 683 426 527
14896 -7316 1888 651 707 506
14968 -7308 1592 534 624 436
14800 -7248 1740 722 872 214
14880 -7164 1844 804 827 89
14720 -7272 1908 816 642 55
14764 -6924 1960 819 218 -149
14840 -7216 1828 781 -138 -420
14752 -7108 2112 431 -445 -594
14904 -7268 2164 691 -734 -755
14772 -7384 2148 573 -621 -593
14892 -7408 1996 678 -621 -361
14864 -7292 2008 804 -664 -269
14836 -7320 2028 661 -566 -73
15012 -7224 1952 610 -466 93
15256 -7052 2028 460 -291 148
15260 -6928 2052 391 -170 152
15720 -7196 2080 932 -350 -129
14724 -6716 1676 712 -344 7
14516 -6724 1744 1793 -1200 -289
14884 -6608 1588 1359 -1141 -559
14948 -6664 1260 211 -456 -423
14784 -6936 1220 -164 -783 -421
14856 -6768 1372 -214 -1150 -218
15360 -6876 1704 -729 -1097 -70
15336 -7068 2308 -369 -1406 125
15292 -6976 2408 164 -1115 3
13588 -6520 2308 -643 -73 108
15876 -8200 1792 552 -701 -2118
16472 -8404 1404 63 -908 -3156
15696 -8628 1848 195 -659 -1948
14524 -7608 1700 543 -222 -445
13940 -7164 1652 966 -78 -625
13928 -7020 1112 -428 820 -1470
13672 -7360 1000 -1694 1705 -1689
13612 -7192 1344 -1609 2037 -992
15908 -7500 1900 -1178 2498 -795
22976 -9592 328 -3668 3583 -2478
14976 -7376 1224 -7042 2562 -1445
16240 -8004 4116 6197 -4085 -1571
15616 -5128 1496 13979 -2244 -1600
15040 -1868 1584 10957 -1979 -378
15708 -2068 496 7130 -3495 -2584
16000 -1500 144 2084 -2282 -3210
17972 -1944 384 -1344 27 -2281
17992 -2244 -688 -5628 3539 -967
15672 -2036 -176 -7108 4251 359
15688 -3108 -104 -2195 2421 -311
16540 -3400 220 -1185 1445 -271
17068 -3500 412 -1850 1681 497
15764 -3364 1236 -3015 2301 1491
14964 -3668 2236 -1874 1960 1555
15804 -4676 2496 -1886 1889 966
15588 -5244 3860 -1979 1177 617
13616 -4980 4512 330 348 690
12644 -4236 4476 -194 -182 643
12828 -5184 4032 543 -1682 -1172
13620 -5956 3580 -817 -2319 -2400
13832 -6352 3236 -1240 -2729 -1598
15328 -6940 3224 -708 -3122 304
20708 -8224 2668 1185 -3751 643
21452 -6804 296 961 -1223 47
16304 -3192 624 -3573 696 3985
13896 -1448 96 3441 -2651 2572
15888 -1376 -856 2249 -2586 -1179
18300 -4504 -1292 -1051 -1163 -2636
19184 -6608 -1280 -2498 199 -1177
17352 -6264 -1288 -2578 409 755
14724 -5656 -388 -2127 -594 3072
14796 -5912 -172 369 -989 2810
15112 -6524 -300 10 144 2941
16084 -7332 -92 871 994 3968
16848 -7796 -228 1487 2617 4729
16408 -7728 36 2353 3142 5612
15260 -7072 440 3845 1767 5931
15104 -6676 500 3715 1439 4697
13448 -6332 788 2939 743 2747
13152 -6940 740 4640 -1574 -187
14752 -7260 56 4444 -2442 -2921
15184 -7536 228 1932 -1594 -3741
14868 -7824 -260 948 -1217 -3240
15012 -7692 188 1053 -1957 -3192
14912 -7504 764 277 -2283 -3893
14628 -7072 1428 -1150 -1812 -4972
14732 -7348 2020 -2220 -1422 -6140
14676 -7260 2352 -1944 -925 -6298
23412 -10064 2120 -2465 -1383 -8486
16308 -5796 1760 -3579 -1885 -5920
18344 -5988 1948 10523 -5972 -3001
16260 1184 -952 2268 1758 -332
15976 -1848 -856 -8886 5825 1565
15712 -1332 244 -485 4128 251
15920 -1064 -1188 -4022 6383 606
17684 -2436 -1408 -3879 5680 1111
17052 -2808 -1276 -668 2673 1900
16408 -2004 -32 275 1310 2370
16032 -2320 412 -1517 2148 2141
15004 -2912 1404 -3427 2478 2270
14876 -3904 1720 -3307 2375 2027
15100 -4916 1912 -4414 2421 1556
15132 -6472 2392 -4131 1394 976
14292 -6648 2880 -2379 -147 788
13688 -7044 3720 -1185 -1406 -129
13616 -7500 3992 788 -2916 -1334
13452 -8028 4380 2142 -3790 -2125
13800 -7036 3616 3157 -3388 -2071
14284 -7640 3416 1946 -2615 -975
14476 -7752 2804 3439 -2968 -57
14888 -7512 2384 4308 -3531 409
17792 -7880 1680 5165 -4337 688
25788 -8864 -20 8596 -5210 -716
18728 -52 -1604 2655 -473 3955
18540 -648 -3000 13 853 1888
16524 -600 -3564 -5955 2663 700
17360 -4288 -2860 -3149 384 -872
16344 -4856 -1936 -1856 -167 339
15764 -6236 -644 -1887 -252 1605
13960 -7124 -620 594 -595 2551
14248 -7428 36 3182 -1437 2958
14820 -8128 -88 4220 -1417 3042
15464 -7908 -532 4057 -867 3498
14992 -8160 -944 4824 -853 3478
14192 -8220 -840 6490 -1993 2801
14620 -8704 -548 8957 -3897 1687
15216 -8440 -324 9542 -4376 1027
14484 -7664 -1200 8088 -2760 1083
14904 -7988 -1056 5461 -1744 1445
15988 -9256 -1720 5461 -2073 209
16172 -7480 -1160 6060 -2757 563
15908 -6296 -1100 5343 -3012 1064
16072 -6664 -1460 4925 -2223 185
14680 -6056 -1172 3598 -1024 -679
12848 -5500 -560 593 -932 -1795
12048 -6200 20 -233 -1903 -3796
13092 -6284 376 -839 -2294 -5534
26080 -10072 -960 -3294 -4180 -6718
19524 -9632 -4288 -4710 1051 -8570
17564 -6772 6244 13302 -10417 -1800
17436 312 -3704 16932 -4300 -1142
15204 124 -1296 -10858 7155 -534
15896 -4576 -1516 -7651 6028 568
15692 -3180 -1628 3695 624 -1083
16688 -1984 -1584 4902 -484 -1132
15736 -1828 -1336 2747 919 -874
16376 -2340 -996 2149 1635 -695
17232 -3356 -996 2259 2857 -438
16140 -2852 -180 1353 3498 623
15740 -4044 184 786 3421 1201
15788 -4844 672 2015 2424 1796
15304 -5184 840 1923 1409 2913
15240 -5872 612 2449 504 3958
14564 -5884 1036 3731 -1383 4509
14940 -6044 1152 4658 -3329 4147
15040 -5972 1200 5250 -4029 3487
14284 -5344 1292 4624 -4374 3077
14044 -6180 1432 3432 -5222 2706
13960 -6996 1656 4142 -5952 1430
14440 -7160 1592 5761 -6144 556
14792 -6932 1792 5982 -5794 840
15392 -6556 1280 5016 -4608 954
16084 -6536 732 3340 -3392 994
20560 -7052 -1616 463 -3577 1106
25684 -9176 -2568 2135 -2025 -3039
18620 -3328 -5212 -719 2422 947
15268 -1716 -3080 -4426 2549 1031
13764 -2260 -4092 -3515 462 -2524
16352 -4608 -5040 -831 -451 -4737
16024 -5244 -3740 -650 -1910 -4123
17028 -6884 -2544 1200 -3923 -2460
16020 -7060 -1676 4054 -3822 -162
16044 -6432 -1120 5825 -2582 2212
16196 -6968 -1780 5020 -63 3022
15192 -6508 -1892 4541 1228 3260
15200 -7344 -1948 6651 -8 2749
15076 -6764 -2900 7420 -745 1789
15764 -7792 -2844 7828 -1450 455
16144 -7340 -3668 8022 -1625 45
16328 -7488 -3048 7704 -2253 255
16352 -6744 -2920 8113 -3031 -71
16352 -6312 -2628 7438 -2665 -534
15928 -5884 -2208 6526 -2338 -692
15668 -5740 -2024 4812 -1218 -813
14692 -5612 -1752 3087 -42 -967
14708 -5692 -1460 1675 218 -1223
14968 -5800 -1340 473 326 -1737
14636 -5848 -680 443 -77 -2382
16212 -5424 -632 639 -115 -2909
21280 -6420 -1348 -1804 594 -4517
19172 -6104 -2124 -3965 1916 -6085
21480 -5440 1372 6315 -4443 -5311
17792 328 -2244 5355 -2168 -3278
15164 304 -472 -1883 66 -2518
14636 -900 -1068 3891 -2069 -3563
16292 -756 -1640 4494 -1319 -3254
18260 -932 -2992 1855 1965 -1260
18012 -332 -4524 -3584 6548 1911
16664 -584 -3776 -5798 6790 3758
16364 -884 -2728 -863 3759 3133
16932 -1416 -1428 -292 2858 2740
17476 -2184 -652 -411 3118 3015
15276 -1504 964 -2406 3576 3769
13916 -2668 1580 -2108 2857 3078
15232 -4688 1720 -409 1809 1734
15392 -5312 2364 -70 -37 567
14240 -5508 2960 -392 -1534 364
13712 -5504 3124 531 -2277 47
13684 -5712 3120 621 -3084 -579
13276 -5996 3152 1794 -4396 -676
13652 -6144 2904 3178 -5061 -360
14032 -6092 2364 3354 -5072 265
15564 -6416 1476 4466 -5844 819
17108 -5828 244 5729 -6396 275
15896 -3856 -260 6332 -6816 623
24568 -5904 -3492 8306 -5687 -1215
23860 -3720 -7948 -2842 4437 -649
16792 -3076 -3824 -6173 2464 4287
13160 -924 -4240 8613 -5232 2190
16764 -888 -4932 3728 -1980 -369
17548 -4064 -6216 -4085 3601 521
16800 -5280 -5416 -6138 3825 2111
16448 -6428 -4580 -2149 906 2366
17256 -6276 -3588 1059 -651 2831
17092 -5860 -2352 1940 -885 3018
16976 -5896 -2040 3155 -499 3035
17184 -5504 -2300 2719 366 2800
17048 -5568 -2668 245 1877 2245
15768 -6300 -2948 -1587 3180 1566
14824 -6832 -2636 -1373 2918 344
14648 -7244 -2252 -1555 1870 -622
15648 -7844 -1896 -690 364 -1739
15564 -7928 -1472 380 -705 -2885
14580 -7576 -492 1114 -1736 -3554
14916 -7088 300 3197 -2097 -3551
14716 -6468 652 1998 -277 -3559
14372 -5972 680 -2357 2803 -3485
15808 -6252 632 -4068 3667 -4072
19748 -8020 1372 -3011 1299 -6391
18572 -8004 4456 6235 -3175 -6494
23716 -6188 -128 13152 -2411 -3885
17484 64 -2860 -2440 7734 -1509
16336 -556 -980 -6200 6407 2321
14800 -308 -3312 4582 2781 80
16016 800 -2556 3024 2340 -1174
15496 -500 -2228 1202 1800 -515
15256 -52 -2072 7322 -728 -215
14104 1732 -716 4652 -1193 457
17552 -900 -1396 -466 1998 343
18156 -2240 -456 -5570 5955 1059
16104 -3164 1000 -7112 5754 3320
14904 -3948 1740 -3535 3573 3535
13792 -4472 2540 -671 631 2787
13544 -4760 2620 -853 -998 1887
13468 -5948 2624 -832 -2664 958
13876 -6232 2864 1392 -5394 585
14564 -6048 3488 2895 -6844 1459
15276 -5988 2640 1520 -6767 2203
15564 -7192 2120 -156 -5342 2397
14732 -7480 2680 604 -4481 2164
14480 -7188 3080 2083 -4604 1725
16252 -7696 1712 4031 -4571 999
21820 -8884 3152 8444 -3322 1387
20388 -6772 1664 7239 229 3160
20140 -7496 -672 7435 2789 5645
20516 -7056 -2836 2721 6632 5763
15736 -6344 -4336 -5963 9304 6873
13832 -6880 -3296 -4209 5314 6868
14980 -8012 -3452 4461 -56 4469
16676 -7172 -3416 6053 -735 2663
16360 -7524 -2484 2266 193 1931
14820 -7172 -2108 1515 -1040 789
14236 -6844 -1472 2810 -2490 -756
14092 -6580 -876 2356 -3548 -2705
14804 -6952 -868 887 -3757 -4036
14992 -7284 -1372 -556 -3062 -4784
15368 -7424 -1676 -1847 -2202 -4966
16136 -8072 -648 -2503 -2007 -5724
15960 -8244 368 -1851 -2030 -6442
15988 -7964 796 -2323 -1739 -4450
15840 -7904 988 -1084 -1167 -2359
15476 -6916 916 -1210 -164 -1820
15048 -6208 192 -3493 2121 -1822
13948 -6360 -124 -5651 3808 -2380
13724 -6628 380 -5188 3586 -3368
14284 -6476 740 -4870 3573 -3314
17632 -6132 592 -4085 3459 -2378
25712 -8720 -3136 -6942 4981 -4285
16544 -6608 876 -8057 5649 -3428
12276 -2412 5096 4434 -4868 2909
14804 -436 -512 10334 -4351 -417
18100 -504 -628 -1004 2589 -1164
18912 -2096 -1692 -1631 4583 -36
16948 -168 -1412 -460 2613 996
16908 -852 -1096 718 391 -397
16372 -488 -88 -684 922 -1200
16668 -1952 -344 -3170 2628 -1163
15468 -2708 444 -2823 2835 -1510
14980 -3416 672 -1349 2461 -1289
14936 -4468 -28 537 2577 -76
15528 -4800 140 -3232 3059 1090
15512 -5904 560 -7470 3422 2557
14432 -5568 1648 -7647 1827 3517
13824 -5312 2664 -6304 -689 2490
13296 -5476 3068 -5334 -3268 555
13560 -6200 3404 -4116 -5815 -1741
14664 -6964 3344 -2085 -6937 -2973
15200 -6776 3044 -1634 -5883 -2243
15648 -7492 2344 -1404 -4380 -381
17816 -7824 1356 504 -4652 1665
26760 -9884 -508 3034 -4882 730
19792 -3824 -2908 510 -38 3558
18552 -2204 -3792 -4736 3949 5548
14088 -2012 -3992 -9011 5893 3423
15552 -4520 -3140 -5402 3203 -140
18012 -5676 -3400 452 965 -1291
18928 -5152 -1860 1666 761 -382
17476 -4876 -1676 467 2918 751
16452 -4520 -728 276 4464 1707
15552 -4140 -676 -1043 5053 1279
15396 -5572 -1272 -1100 5504 -692
15680 -5772 -1268 -1368 6900 -1563
14932 -4704 -328 -5551 8747 -1042
14292 -5280 -1152 -11912 11690 -1194
16992 -9448 -2024 -15469 13218 -904
17188 -8696 -1024 -11284 10051 2001
14744 -6564 -416 -9607 6841 4604
14408 -7632 -800 -7343 5608 3252
13696 -7232 132 -6854 4137 -1458
13056 -8288 380 -9336 3340 -5225
13340 -9544 1144 -8096 2290 -7463
13840 -9432 1124 -7128 1801 -9147
14072 -9732 1488 -7684 1997 -10832
14932 -9804 2012 -7124 3246 -10879
23852 -12172 -1052 -8591 2676 -10137
17420 -10620 1680 -12298 3600 -12239
13292 -9376 7272 -1665 -2674 -5959
13316 -4484 4096 13701 -4197 -3392
14640 -1448 3896 507 2574 -844
15452 -5552 3352 -1295 4216 849
15572 -4308 4172 4542 2859 3149
15928 -2576 4164 8061 2150 4029
16312 -1008 3400 6756 2841 3413
16748 -636 2232 4048 3653 2206
16852 -564 1712 3216 2502 140
16148 -272 1216 2485 1068 -1335
17060 -720 988 2889 4 -3003
16452 0 724 727 745 -2905
16608 -980 816 -2308 1692 -2883
15184 -1848 1788 -3916 1259 -2658
13888 -2928 3100 -3729 -522 -2967
13384 -3928 4264 -2615 -2203 -3133
13920 -4516 5172 -1727 -3084 -3029
13784 -4372 5412 -1801 -3194 -1745
14436 -4652 5368 -1016 -3373 -554
14236 -4400 5272 -90 -3331 997
14100 -4136 5196 1120 -3514 1817
12968 -3268 4300 1850 -3690 2525
14364 -4032 3192 2522 -4065 2055
14884 -4280 2780 2275 -4866 1580
17264 -6156 1840 2401 -5655 1057
20640 -7448 2540 5353 -5922 -593
20168 -3816 1512 4567 -2099 5613
19840 -2024 -1068 1131 427 5758
17812 -1604 -1448 -234 366 5414
20732 -2204 -4040 2568 -196 4322
18936 -2320 -4428 436 579 3358
18708 -3116 -4436 -843 639 2678
16964 -3064 -4196 82 -132 594
17680 -3124 -3828 2343 -832 14
17488 -3672 -3916 -1314 1626 110
16308 -4700 -3424 -3964 2433 712
15104 -5548 -2412 -3223 798 483
14828 -5880 -1472 -651 -1135 -102
14708 -5864 -752 -483 -1596 -561
14452 -5652 -652 -594 -1313 -942
14860 -6220 -500 -1141 -1064 -1270
15748 -6632 -468 -777 -774 -2140
15452 -6044 -632 -1836 340 -1795
16352 -6476 -1132 -2240 1009 -1093
16000 -5700 -1464 -3893 2299 76
15952 -6100 -1380 -4539 2648 -48
15556 -5684 -1296 -4877 2842 -934
15456 -5948 -936 -5520 2913 -1679
15932 -6016 -132 -4710 2433 -2705
17020 -6036 344 -3874 2675 -3195
18132 -5604 884 -3844 3434 -3973
24244 -7720 -1088 -6094 3857 -5921
15136 -4616 2000 -5495 2235 -6105
14252 -4724 5192 10858 -8224 -3912
17896 688 -1092 13971 -4059 -4357
17936 900 -2716 -5833 5010 -3301
16196 -1492 -1884 -3935 2490 -655
17304 776 -3948 6938 -555 -585
16624 2352 -3512 536 2620 -317
15240 636 -1608 -2316 3294 423
16264 416 -1232 -1388 3508 615
16772 -208 8 -1741 2445 988
17032 -728 -436 -1559 2505 1612
14628 -1456 -716 -5576 4791 3447
12616 -4024 772 -3734 1794 2869
12828 -5756 1860 72 -1796 1766
14364 -7516 2980 3288 -3002 1655
15512 -7100 3976 2555 -2632 3632
15072 -6308 3856 2390 -1418 5583
14980 -5068 3632 2448 -1549 6345
15692 -5272 3020 2831 -2337 4565
16520 -5912 2260 2784 -3657 2747
19004 -5992 748 2867 -4292 1584
21092 -6188 -492 838 -3760 1337
19360 -5016 -2148 2501 -3231 1243
17772 -2964 -1620 3507 -2537 2530
17532 -2584 -2612 847 -401 1144
17916 -4236 -3544 -2003 1173 -862
17144 -5096 -3608 -2959 1330 -252
16984 -5784 -3232 -794 469 166
16116 -5120 -1696 1913 -903 310
16516 -5436 -800 2922 -1016 161
16324 -5424 -456 2668 199 554
16172 -6264 -460 2855 592 527
15648 -6884 -484 3730 951 539
15200 -6800 -216 2957 2011 1064
14964 -7568 -1072 1494 2592 1702
14636 -6976 -1128 2694 1306 1510
14836 -5808 -676 3698 -800 1304
14572 -5040 -328 3547 -1687 668
15540 -5296 -476 2685 -1387 -457
15508 -5436 -1176 -482 365 -798
16052 -7000 -1032 -2619 464 -846
15772 -7564 -1368 -2404 418 -966
15676 -7628 -884 -2195 -18 -1165
15188 -7220 -324 -2417 -535 -1633
15752 -7196 604 -1821 -1128 -2644
16332 -6956 852 -229 -1338 -3510
17328 -6796 1932 -427 -1387 -4907
17164 -6392 2356 1441 -1376 -5320
16784 -4520 1456 201 417 -5762
13328 -5156 2488 -1558 -2214 -5531
12856 -4944 4652 12633 -11505 -4753
16392 -2352 1056 15560 -8309 -4285
17436 -2352 -1328 1834 1681 -2061
19688 -3624 -5392 4223 3140 -778
20184 -248 -8116 7280 1508 -76
21076 1352 -8284 8077 -869 -273
20964 2632 -6332 5037 412 -261
16956 1776 -3704 634 3172 -233
18000 -1020 -764 838 3714 -1173
15680 -432 -884 -2623 6505 201
14468 -188 -80 -5313 8272 2040
16544 -2084 -1148 -4917 8846 520
16920 -3660 -232 -7919 8853 1123
15276 -4792 660 -7494 6009 2699
13908 -5220 1672 -2474 1667 3331
13240 -4416 2932 418 -2012 2722
13248 -3984 3648 431 -3533 1655
14232 -4288 3668 -126 -4297 299
14732 -4260 4268 344 -4769 675
15144 -4436 3056 187 -4025 1674
14476 -3996 3236 -165 -4121 1741
15556 -4444 2324 -503 -4841 1315
18968 -5940 1860 -443 -5394 -1695
17192 -5676 1052 -1040 -3931 245
19632 -5744 -1068 1252 -1661 2072
18912 -3696 -3636 -2135 3546 4033
17560 -3640 -4696 -7187 5960 4962
16940 -4408 -4824 -3919 3769 3460
17480 -4624 -3616 707 349 2201
18024 -5372 -2672 433 -247 1856
16300 -5976 -1424 568 83 1636
15200 -6292 -364 1689 -873 817
14828 -6924 208 2666 -1394 -656
15016 -7164 116 1828 -406 -1326
15664 -8008 -224 376 642 -878
16008 -8164 -488 1137 844 46
16668 -7668 -472 1743 801 1563
16028 -6740 -436 2163 749 2143
15680 -6500 -376 1416 556 1749
15004 -6280 -1516 -228 1171 -1
13972 -6572 -960 -1663 1202 -1775
13676 -6736 -824 -1442 430 -2637
14284 -6792 -304 -1017 29 -2928
15012 -6832 256 -644 174 -3003
15576 -6608 1508 -764 26 -3511
15328 -6268 1984 -1013 232 -4452
17204 -7184 2356 -1683 588 -6346
17936 -8320 1940 -3262 2 -6974
16528 -8652 4228 5662 -5198 -4359
17856 -4812 2492 14790 -6192 253
17712 -4132 -436 9788 173 3745
20732 -5764 3756 19760 -4427 8564
20324 -1408 -2616 22010 -3350 6742
18772 -604 -2740 9027 4804 -662
15680 -488 -5360 858 9063 -2197
15148 -3152 -7128 -2250 9731 -4566
14596 -3420 -5956 -1187 6224 -4038
14404 -2164 -2936 -1557 1925 -1470
15860 -2108 -1404 -1929 1437 -881
14868 -2220 84 -6403 3628 -2075
13764 -3832 1788 -11059 3385 -1611
13536 -6152 4052 -10316 583 -1315
13392 -5884 5216 -6456 -2664 -917
13412 -5608 6352 -3142 -4963 -1193
13832 -4740 6068 -2834 -5842 -1684
14376 -5316 6092 -3398 -5625 -1586
14440 -5504 6076 -1511 -5294 -793
15516 -5408 5384 1243 -3788 207
15616 -4080 4132 -880 -727 1833
18600 -6280 2616 -4098 -744 1102
18732 -7512 1080 -2583 -1414 -873
23652 -8676 348 3216 -2415 1483
21652 -3584 -4236 5100 3009 4702
16248 -744 -3176 -3444 5480 7700
14972 -3104 -3196 -45 1926 4168
15336 -2328 -4072 1703 19 1395
16416 -4956 -3284 -1366 -520 -455
17120 -6744 -2452 17 -1918 -541
16748 -6676 -1444 1868 -1858 883
16096 -6072 -780 709 -324 2295
16572 -6916 -1056 411 934 1666
15632 -6664 -1396 -321 1988 1362
14796 -6696 -1220 -557 1235 1581
14424 -6788 -812 41 187 889
14292 -6832 -752 262 -796 2
14524 -7768 -604 3059 -2037 -1331
15372 -7248 -288 3392 -2283 -2130
16096 -7316 -452 -1168 -682 -1344
15408 -7632 384 -2012 -482 365
15660 -7260 516 619 -1376 243
15016 -5928 548 -1857 246 -712
14840 -6764 636 -4135 1694 -1877
14588 -7024 912 -3425 1856 -2600
14236 -6616 1204 -2950 1976 -2606
15576 -6060 1056 -3395 3166 -2708
24860 -10356 -852 -6528 2927 -5721
16160 -8452 12 -7615 1336 -5829
16924 -7340 4780 8469 -8105 -2683
15008 -2160 -836 10967 -5011 -2336
16468 -2792 -120 998 1113 -1190
17264 -3472 -3344 5754 916 -1221
18020 -1124 -4128 5057 279 -1099
17992 -1152 -4520 5012 124 -1735
18864 -248 -2900 4567 1555 -1735
17720 144 -3932 333 5391 -1830
16200 -648 -1420 -349 4600 -2213
15524 -1660 -1132 1943 2754 -3101
16720 -2156 184 2105 2746 -2678
16952 -3056 876 485 3933 -1812
16160 -3400 1156 -1505 4938 98
14684 -3264 2260 -2794 4247 2082
13912 -3264 2212 -2467 2463 2557
13172 -3396 2988 -2697 -39 2001
12920 -3608 3516 -1092 -2737 1037
13716 -3608 3896 448 -3925 1054
14460 -3608 3972 -748 -3528 1125
14860 -4152 3764 -3493 -2985 1256
15124 -5256 3216 -2197 -3471 1019
17704 -5172 1384 -2365 -3864 1077
22044 -6944 352 -1283 -5169 -459
18640 -5592 -1220 1153 -5086 3042
20040 -4456 -1424 6486 -5800 2954
17292 -1912 -2728 833 -1079 3928
17844 -3088 -2952 -2106 1759 3084
16520 -3416 -3916 -3517 2764 2511
17212 -4468 -3760 -2076 1768 1725
16440 -4356 -3060 -732 570 1168
16256 -4964 -2212 1314 -1007 72
15840 -4568 -1912 2141 -635 206
16068 -5456 -1564 2150 -82 277
16120 -5972 -2020 1736 543 261
15584 -6268 -2240 1139 67 338
15152 -6948 -2104 1893 -955 -97
14724 -7008 -1796 2766 -1317 -360
15336 -7044 -1620 2445 -1351 275
16600 -7212 -1760 2553 -1087 230
17032 -6600 -1936 1602 -592 431
16016 -6236 -1672 1919 -1672 360
16192 -5512 -1124 3145 -2505 -103
16500 -4756 -1524 1455 -999 -685
16204 -5224 -1376 -1721 953 -1645
15700 -5776 -1376 -2295 1936 -2333
15260 -5592 -840 -3312 2571 -2005
16024 -6104 -868 -3996 3623 -1908
16528 -5992 -548 -4163 4904 -2341
19468 -6668 -900 -5878 5819 -3236
17980 -7000 -1096 -8406 6455 -4115
15248 -6940 1916 -1336 514 -2835
20760 -5544 1080 7176 -1862 -1615
17724 -412 -1404 -893 5408 936
15616 -984 244 -4848 5107 1763
14876 -768 -880 2105 2426 -1209
16236 -916 300 1827 978 -2191
16920 -1980 196 1169 1509 -2108
16460 -3176 824 555 1744 -1751
14952 -3428 1640 1812 653 -1034
15936 -3724 1776 1959 -259 -960
16192 -3360 2144 2164 -452 -354
16484 -3024 2272 1402 264 492
16652 -2708 2172 1478 1062 642
16900 -2316 2412 1588 647 595
17040 -2168 2420 2164 186 -137
16320 -2156 2308 2322 -859 -642
14608 -1780 2484 3839 -2859 -2064
14364 -2864 2680 5507 -4821 -3194
16072 -3232 2252 5282 -4082 -2353
15504 -3680 2040 3710 -2336 -161
15196 -3260 1932 4600 -1709 2229
16368 -3504 1488 3793 -194 3770
16576 -3564 660 1900 1356 4654
17620 -4180 244 1952 2091 5212
16880 -3276 -392 785 3251 6272
16836 -3160 -244 220 2838 6156
17228 -3376 248 130 1879 4683
16612 -3860 880 172 829 3832
16772 -4284 1340 151 377 3541
16536 -4972 1712 -216 460 2997
16296 -5472 1812 -571 431 2034
15748 -6012 1948 -932 202 1139
15780 -6348 1784 -405 -228 400
15792 -6520 1404 -792 -224 -34
15272 -6588 1192 -962 -334 -74
15360 -6644 1340 -578 -850 -152
15652 -6576 1412 -309 -1039 -52
15852 -6608 1792 -154 -907 -101
15704 -6492 1876 206 -978 -225
15556 -6468 1872 500 -900 -421
15628 -6472 1648 554 -649 -430
15372 -6644 1488 749 -682 -601
15264 -6776 1208 740 -761 -569
15448 -6896 1128 1071 -666 -187
15404 -6828 832 1212 -506 350
