-14200 3932 2548 -1223 2126 2629
-13768 4016 2080 784 1430 1984
-13136 3880 1796 2170 2063 1245
-13616 4528 1544 3274 2016 554
-14636 5160 1312 3898 1935 -245
-14604 5496 996 3617 1159 -823
-14556 5836 496 3181 263 -1414
-15100 5528 584 3131 -672 -1671
-14760 4600 420 3726 -1653 -2824
-15020 4804 32 3648 -1883 -3930
-14936 4164 244 2687 -1055 -4002
-15568 3712 704 1846 -923 -3320
-14576 3160 288 1296 -970 -2534
-14776 2224 100 1665 -880 -1979
-15772 1976 448 1811 -654 -1659
-14556 776 440 1861 -1528 -1467
-15420 696 836 2197 -961 -1554
-15520 556 444 2271 -788 -1400
-15016 472 780 1945 -360 -1199
-15336 856 928 1788 -640 -1075
-15524 312 1356 1763 -524 -836
-14816 616 1256 1809 -453 -682
-14576 720 1260 1247 -447 -763
-14812 536 996 892 -31 -825
-15152 468 1108 713 148 -715
-15044 424 1368 578 305 -440
-15108 384 372 -66 474 -63
-15404 872 956 210 241 319
-15340 776 1000 -368 -302 702
-15580 840 1108 -249 -580 685
-15060 760 1004 -92 -825 609
-15304 492 1272 -187 -1065 370
-14796 860 1036 -106 -1061 291
-14744 848 1292 -24 -1149 321
-15272 1200 1804 74 -1104 399
-15480 1280 1888 296 -1025 412
-14440 1076 1568 641 -979 295
-14588 1356 1784 999 -844 87
-14940 1632 1364 902 -710 32
-14620 1552 1956 1078 -240 113
-14740 1708 2016 560 7 228
-14836 1556 2224 600 -54 227
-14800 1656 2020 554 32 341
-14788 1736 1672 710 -78 403
-14656 1772 2028 629 -1 370
-14748 1704 2064 660 235 297
-15024 1656 2068 473 431 317
-14764 1776 2040 427 499 322
-15024 1736 1952 505 290 378
-14852 1848 1808 497 227 306
-14992 1944 1736 476 89 294
-15048 1864 2080 685 -210 208
-15056 1924 1724 388 -521 229
-15072 2072 2080 377 -807 123
-14864 2088 2000 404 -942 118
-14812 2048 2020 502 -1152 105
-14676 2108 2228 420 -1168 88
-14620 1916 2368 407 -892 137
-14624 1812 2520 558 -578 22
-14472 1848 2400 465 -247 -39
-14448 1808 2412 553 239 -76
-14496 1884 2476 579 630 -88
-14904 1808 2292 517 808 -111
-14668 1936 2484 497 870 -82
-15004 1796 2112 524 678 -97
-15000 1812 2188 369 455 -55
-14912 1808 2032 486 356 -34
-14760 1836 2264 466 197 -1
-14772 1668 2212 428 208 48
-14740 1668 2060 484 293 78
-14776 1592 2172 459 226 160
-14904 1620 2004 409 369 207
-14948 1460 2140 580 25 280
-14996 1540 2008 614 138 356
-14876 1604 2104 672 60 337
-14828 1608 2144 725 221 436
-14560 1908 1884 994 440 562
-14832 1696 1756 840 660 600
-15068 1816 1988 1318 390 686
-16112 1712 1072 2022 -655 752
-15676 2724 1816 2306 -1889 886
-13036 3372 1256 1582 -2128 1162
-15208 4340 3356 1639 -1233 1093
-14972 3692 3960 2045 -1236 791
-13220 3468 3728 1725 -221 451
-12600 3864 3376 1594 635 73
-13344 3744 3476 1869 962 -413
-13240 3964 3356 1890 1250 -958
-13412 3936 3628 1888 1335 -1599
-13376 3520 3104 2154 546 -2250
-13808 3452 3756 2520 468 -2808
-13572 3480 3956 2690 -422 -3105
-15132 2492 3356 3540 -331 -3213
-17312 2936 1024 3619 4438 -2275
-14408 796 -1996 787 5483 -2034
-16540 1580 -540 853 4085 -1666
-15464 1484 -1616 730 2859 -832
-17312 672 -1876 58 2235 -973
-18940 980 -2952 925 827 -666
-16304 -596 -3512 1838 -133 -109
-15560 28 -2068 627 -2011 74
-15264 -116 -1880 967 -3112 -263
-15876 312 -416 700 -3538 -142
-14328 216 36 951 -3732 -265
-13960 -340 652 903 -3421 -93
-13988 344 1648 1283 -2256 -129
-13908 604 1932 1526 -1430 -224
-14664 784 2492 1661 -123 -55
-14344 948 2684 534 581 429
-14272 1108 2716 -28 880 1033
-14432 1128 2748 -617 603 1514
-14536 1184 2816 -1652 191 2157
-14996 1156 3036 -2494 -181 2829
-14232 1108 3404 -3253 -847 3207
-15128 1876 3716 -3755 -1525 3650
-15952 1416 3172 -992 -129 2654
-14308 2712 -368 754 2887 1537
-15404 3636 1128 372 3513 965
-14076 2344 -844 1502 4253 706
-15284 3020 -560 1909 4244 57
-15160 2276 -1016 2350 3996 -355
-16216 2668 -1544 3001 2984 -621
-17940 3096 -1840 3013 2219 -573
-18156 3188 -2400 2998 1121 -6
-17224 4252 -3396 1939 -342 516
-15424 4724 -4320 214 -827 1154
-13660 4512 -3836 -1065 -1872 1423
-14292 4028 -1996 -2091 -2689 1646
-13800 3824 -768 -2484 -2645 1299
-13760 4164 56 -2664 -1972 993
-13240 4068 440 -1662 -1528 562
-13480 3992 1776 -1497 -1441 66
-13436 3616 2052 -486 -1463 -279
-13280 3500 2552 616 -700 -1018
-13652 3256 2564 1545 -102 -1795
-13420 2880 3084 2096 -1364 -2803
-13296 3512 3292 3585 -446 -3456
-14348 3456 4612 4032 -1132 -4270
-14216 1936 2840 4855 -457 -4652
-17304 3736 412 4325 4981 -3301
-17360 272 -1860 2350 5221 -2671
-17040 1032 -2244 1484 4080 -2082
-15844 1936 -3804 -124 3339 -395
-16772 -548 -4324 -365 2109 -702
-15392 1008 -3408 -1250 897 -144
-14288 -624 -4044 -2704 986 39
-15568 328 -4128 -1250 212 653
-17756 372 -4508 -80 -1178 20
-16600 412 -3584 336 -1800 -319
-15688 200 -2272 1367 -3080 -662
-15476 228 -1696 1732 -3959 -835
-14140 -100 -1080 1830 -3940 -960
-14196 -432 -176 2231 -3605 -843
-14484 -268 632 2721 -2695 -500
-15060 20 1684 3246 -2320 -482
-14444 152 2040 2889 -2002 -25
-14144 1232 2396 2013 -1288 932
-15272 1320 2312 1242 -52 1946
-13944 904 2300 -145 140 2587
-14048 1012 3008 -684 -202 3107
-13772 1192 3544 -984 -223 3154
-13864 1168 3996 -1748 -49 3016
-8748 1388 4616 -1836 92 2777
-15972 2636 3300 -1801 453 1775
-15436 608 432 1323 5952 -202
-14100 5052 -1092 576 8156 235
-14116 1884 -2144 -250 6408 -654
-14820 2200 -3468 1380 5889 -265
-16260 3124 -3252 1744 4793 -548
-18160 2780 -3556 990 3816 72
-18196 3388 -4112 245 2400 2203
-17652 3232 -4644 -745 197 2816
-17256 3580 -4476 -882 -833 3319
-16016 3792 -4028 -729 -2873 3030
-15360 4540 -3892 -1128 -3687 2445
-14024 5312 -3700 -2128 -4104 1834
-13484 5368 -3280 -1819 -5399 1266
-13812 4164 -1520 -1265 -5518 587
-14280 4672 -824 -1406 -4422 194
-13616 4608 584 -2344 -3858 -140
-12632 3900 1364 -2158 -3097 -525
-13088 3764 2168 -1363 -1773 -1251
-13832 3808 3584 -457 -1037 -1925
-13016 3504 3028 614 -429 -2248
-13084 3128 3524 1601 337 -2741
-13056 2968 4020 2837 609 -3256
-12508 2696 3020 3761 898 -3878
-13780 3028 4196 4045 1240 -4303
-13460 2636 3716 4234 1398 -4188
-16032 2320 3036 4079 1565 -3973
-18180 3260 -2228 2787 7055 -1621
-19608 912 -1336 -126 6432 -2241
-17212 1320 -3064 184 3781 -580
-14844 200 -4612 -761 2579 -737
-16428 148 -3084 -1082 2166 -452
-15488 1396 -4096 -2234 440 233
-17304 976 -3992 -2585 123 370
-16904 1008 -4200 -2690 -954 878
-16376 112 -3600 -1541 -3025 663
-16024 -80 -2716 -703 -4310 345
-15068 184 -1772 -688 -4933 295
-14576 1040 -836 -1184 -5102 829
-13680 1424 -636 -2222 -4760 1424
-14252 1400 500 -3045 -4381 1529
-14360 1044 1484 -3855 -3027 1721
-13860 1172 2756 -5078 -2498 1586
-13456 1076 3060 -6052 -1197 1487
-13568 1272 3664 -7057 -414 1295
-13936 908 3636 -7179 435 1706
-13384 956 3524 -7673 1359 2242
-13812 168 3556 -7905 1902 2578
-13912 -16 3596 -8792 2116 3165
-14200 196 4568 -10638 2033 4579
-17280 2472 3900 -11505 441 5918
-17444 572 1560 -8396 5769 3972
-14112 4852 -280 -8582 5593 4325
-15220 1472 -272 -5773 5075 3235
-15244 2532 -804 -4707 2348 2058
-15412 3508 -436 -3456 2771 2036
-16544 2740 -756 -2924 1084 1381
-15876 3200 -944 -1806 128 1253
-16300 3696 -756 -1722 -1176 591
-15460 4028 -1188 -1945 -1577 877
-14736 4364 -932 -1704 -1201 943
-13756 4292 -512 -1760 -1036 1004
-13124 4728 -728 -2457 -183 1686
-14236 4180 84 -3292 81 1754
-14472 4312 684 -3715 -124 1281
-14588 4340 1228 -4495 89 995
-13692 4120 1708 -4609 134 673
-14136 3484 2284 -3812 -116 131
-14172 3556 2360 -2883 -293 -744
-14296 3252 2740 -2300 -302 -1367
-13676 2836 2932 -1689 -238 -1820
-13204 2920 3496 -1325 -156 -1758
-13020 2880 3732 -261 45 -1744
-12924 2412 3844 149 -75 -1669
-12920 2192 4152 901 -78 -1535
-12184 2452 3776 1875 137 -1290
-13616 1300 2980 2683 404 -1185
-21428 1472 1960 2978 4686 -677
-16940 2396 -1516 -2218 6036 372
-17236 2232 -244 -1953 4632 944
-15316 824 -1932 130 2001 1634
-15408 -20 -3228 -331 2866 -83
-16112 784 -3296 649 2289 -761
-15332 1456 -3292 -695 1449 -808
-15944 1180 -3256 -1272 28 -506
-15748 604 -2884 -1157 -547 260
-16292 440 -2732 -147 -713 494
-16996 712 -1352 783 -1151 726
-15448 688 -1020 1473 -1719 700
-14524 1672 -380 1189 -1554 1067
-15140 1936 84 559 -1921 985
-14892 1520 880 -94 -1985 1052
-13828 1920 864 -1027 -1657 1224
-14184 1620 1364 -1325 -937 1392
-14528 1748 1028 -2016 -875 1728
-14136 1648 2108 -2341 -170 2215
-13540 1872 2932 -3764 -587 2459
-13516 1612 3968 -3573 -272 2654
-13116 1636 3584 -3668 346 2249
-15128 2780 3832 -3023 968 2152
-15232 2888 412 586 4237 1210
-14296 3744 -2580 4314 7862 -114
-17260 4016 -1984 2163 6655 -877
-15400 3920 -4320 1746 5533 102
-17668 4776 -4696 1204 3887 1102
-17052 4076 -4804 915 1857 931
-16400 3996 -4236 1198 -396 716
-16012 4220 -4124 919 -2069 212
-16076 4756 -3528 560 -2814 49
-14860 4396 -4316 -60 -3469 187
-13956 4900 -4312 -926 -3643 125
-14896 5012 -2544 -1270 -2957 -135
-14904 4608 -484 -1947 -1978 -396
-13564 3784 -272 -2220 -1579 -979
-13868 3528 908 -1832 -918 -1197
-13768 2848 1324 -1016 -178 -1333
-14252 3312 2016 -386 348 -1225
-13912 3756 1788 403 813 -957
-13728 2928 1648 771 775 -1023
-13968 3132 1908 1675 66 -1298
-14164 2672 1836 2620 328 -1861
-14320 2872 1560 2526 1362 -2227
-14440 2332 220 2378 2569 -2230
-13668 2748 -1472 1526 3490 -1626
-16360 3172 -4792 -108 6898 24
-19792 436 -3688 1257 4873 -570
-17464 1052 -4200 1240 3681 -798
-15692 1340 -6048 932 2812 -1247
-16844 1308 -5524 525 1603 -947
-16692 864 -6040 214 207 -777
-16468 1312 -5076 -645 -764 -771
-15808 1344 -5180 -1426 -1582 -478
-15664 1232 -3496 -1013 -1975 -503
-15380 -204 -4516 244 -2765 -693
-16884 380 -4964 1170 -3400 -780
-14840 -368 -4272 1899 -4423 -629
-14416 -192 -2980 2645 -4722 -232
-15632 360 -1636 2865 -4720 -321
-14376 424 -664 2738 -4040 68
-13872 376 272 2629 -3682 216
-14180 704 1104 2536 -3425 539
-13952 964 1704 1598 -2924 885
-14228 840 2388 816 -2095 1168
-13580 824 2536 148 -1465 1742
-13628 1172 2996 -1111 -868 2105
-12632 884 2372 -2323 -81 2487
-14412 1348 4716 -2740 -192 2504
-12896 1016 4380 -3649 -1221 3098
-14396 1232 4112 -2406 -319 3424
-13744 2180 2848 -2726 -620 3902
-15200 2924 2144 -2062 -781 4060
-17256 5016 2304 1194 557 3852
-17300 3852 -2360 6425 4954 1933
-14688 6264 -1952 3826 7389 2653
-14576 5856 -3224 1994 4435 3569
-14748 6648 -3236 2303 3893 4371
-15236 7768 -3344 433 1982 3550
-16208 6752 -3080 328 463 2557
-14728 6276 -2360 229 -977 689
-13848 7612 -3080 -144 -1665 -984
-13200 8256 -2252 -1433 -1274 -1905
-12964 5920 -4156 -2963 -2439 -3283
-17540 4976 -508 -3279 -1374 -4254
-16384 4648 604 -3875 -2477 -4365
-13612 3236 292 -3009 -2738 -3871
-13276 3016 1568 -1737 -1892 -3413
-13644 2980 2728 -564 -2035 -2094
-13808 2768 2980 916 -1419 -999
-13276 2436 2816 2194 -885 -685
-14076 3080 3272 2927 -174 -642
-13584 3264 3832 4171 -434 -693
-12424 3160 3196 5134 -681 -1665
-13852 3188 4120 5779 -38 -2680
-12936 2524 2948 5712 -297 -3668
-13528 4300 1212 4713 2782 -3395
-16360 2800 3268 4494 1413 -4149
-11736 1588 796 3724 -176 -4756
-17248 2700 -1168 3188 2921 -4581
-18368 556 -3712 1978 7419 -4109
-17832 -2100 -1992 3169 5827 -4409
-14048 -1748 -3384 1754 3311 -3970
-15176 -164 -3884 74 2965 -4007
-17460 -952 -3520 -1697 3120 -2111
-15224 -1376 -4728 -2745 2229 -924
-16364 -1880 -4408 -4001 1446 192
-16912 -1852 -4436 -4499 591 1058
-17556 -1088 -4744 -3886 -611 1839
-17412 -2136 -4968 -2075 -2278 1838
-17032 -2452 -4332 1025 -3832 1494
-15700 -1284 -2656 2089 -4540 1231
-15008 -928 -1216 2977 -4512 1172
-14576 -620 -964 3901 -4575 1066
-13580 -704 -352 4090 -4110 603
-13420 68 1112 3530 -2890 286
-14120 288 1528 3246 -1613 227
-13980 124 1416 2273 -854 355
-15316 16 1648 1483 -182 699
-14532 704 2024 -84 247 1215
-14196 212 2184 -860 57 2629
-14072 640 2004 -1252 303 4162
-13556 -116 2880 -1967 460 4778
-15336 1332 1556 -1245 1130 5216
-15648 2672 2364 -2084 1213 6064
-12624 3428 888 -1571 -269 6710
-14632 2796 628 946 -665 5355
-17316 4964 -232 2027 2168 3432
-14768 5932 -2896 6289 4821 2032
-13124 4168 -1604 4415 5139 -395
-14072 5500 -2440 2603 2257 -1245
-17592 6532 -3280 2832 2789 516
-17180 5468 -3484 1364 1658 1017
-16500 6192 -4672 -137 146 1859
-15400 7296 -5128 -1873 -364 2068
-15080 6992 -3800 -2732 -1298 2574
-14524 5796 -3568 -2738 -2023 2361
-13708 6032 -2408 -2750 -1904 1473
-13104 6648 -1808 -2986 -1750 1116
-12672 6120 -1636 -1988 -1427 543
-12980 5884 -660 -1023 -1124 -275
-13760 5872 236 -530 -1382 -1084
-13380 5980 572 563 -1675 -1589
-13596 5964 1104 1146 -1817 -2018
-14184 5988 2324 1894 -2195 -2594
-14796 5064 1980 2205 -4316 -3492
-13716 5296 2708 2569 -4182 -5096
-12288 5108 2696 3966 -4596 -5973
-10336 4036 2332 4233 -4575 -6527
-10980 3644 2992 4427 -3798 -6528
-13908 3088 3108 4588 -3470 -5243
-16452 3472 2812 1817 1773 -2559
-15232 2180 2728 -1280 4603 -1056
-13916 688 -272 -3219 6407 926
-16924 3276 760 -4235 6343 2800
-15924 1604 -908 -4101 6441 3545
-16376 2440 -2480 -2597 5997 3073
-16548 2304 -3500 -1620 5151 1235
-18272 2240 -2756 -610 2601 -275
-17556 2480 -2980 -556 1447 -1183
-17384 2112 -3040 -496 -337 -2048
-17196 1736 -3824 861 -1996 -2219
-16124 1128 -4216 2611 -3675 -2291
-14556 -272 -3384 3338 -5659 -2197
-15128 748 -1256 3813 -5913 -1945
-14884 1000 552 3648 -5754 -1513
-14024 1168 1356 3716 -5693 -918
-13644 1452 2488 3096 -4034 -1
-13288 1436 3632 2472 -2893 356
-13492 1396 3736 2348 -1804 752
-13316 1708 3676 1526 -669 1097
-13640 1492 2984 448 932 1429
-13564 1684 3608 -624 1545 2031
-13324 1536 3592 -1693 1142 2642
-13328 1340 3668 -2494 1130 2657
-13240 1780 4200 -2928 1816 2619
-14952 2552 4364 -2256 1508 2763
-17696 1048 4136 1590 4957 1800
-14304 2424 -96 4226 4770 1038
-16020 5164 -388 4084 6183 449
-14688 3648 -1672 2441 3805 373
-15672 4820 -2116 2106 4175 1235
-16076 3808 -2268 1094 4106 2170
-16680 4412 -2488 1320 530 2661
-17688 4536 -3108 2069 -436 2287
-16356 5148 -4160 1131 -1797 1294
-15060 5820 -4660 212 -2581 444
-14228 6104 -3880 -655 -3976 202
-15156 4920 -1772 -699 -4099 -262
-13728 4604 -140 -767 -4483 -717
-13032 5024 -592 27 -3526 -918
-13700 4440 920 756 -3975 -1449
-13704 3892 2004 2097 -3635 -1634
-13224 3868 1852 2735 -3283 -1854
-13420 4236 2596 3774 -2447 -1938
-13192 4184 3056 5035 -2149 -2035
-13344 3924 3440 5994 -2206 -2843
-12712 3416 3156 6651 -1228 -3393
-12108 3420 3532 7368 -1503 -4361
-11704 3564 3284 8250 -1023 -4668
-11592 3236 3328 8374 -935 -4854
-12036 3480 3680 8279 -1361 -4317
-18480 3740 5572 8010 -419 -3076
-24232 1416 1076 7452 4141 -2037
-16652 1024 728 3638 2439 -3189
-14564 2992 -1144 5507 1471 -1876
-14836 148 -2060 4811 -64 -1885
-14372 -648 -1536 3810 -576 -2789
-15372 288 -2400 3218 -207 -2560
-16104 -432 -1264 3473 -1047 -2586
-15548 -396 -532 3273 -1176 -2238
-15356 24 252 4448 -1202 -2631
-15092 -1312 684 5262 -1182 -2674
-14316 -624 1464 5893 -1249 -2435
-14016 -304 1168 6307 -715 -1714
-15536 220 1188 5712 284 -1006
-15524 228 2020 4687 1338 -253
-14668 308 2048 4079 1327 797
-14184 616 2168 3217 1113 1860
-14440 560 1728 2351 724 2557
-14620 732 2044 1565 814 3173
-14576 784 2376 783 -352 3471
-14068 1224 2312 -61 -1474 3823
-15396 3284 4288 -1042 -2477 4206
-19100 2836 3416 237 -1355 3589
-13996 3672 -348 1207 1023 2949
-14580 2760 -752 3123 1428 1326
-14776 2668 -964 2564 -394 -414
-15204 3972 -1284 3455 294 -1350
-15408 3428 -1792 2714 385 -1655
-15900 2808 -1232 2381 213 -1600
-15888 2772 -1000 2638 -834 -1324
-15976 3192 -432 2885 -2266 -1020
-15856 2636 -56 3988 -3164 -538
-14840 3120 744 4867 -3437 -508
-14352 2580 1216 5770 -3708 -640
-13140 2792 1132 6814 -1868 -1187
-14196 3536 2296 6350 -1277 -1589
-13840 3440 2236 6760 -881 -992
-14448 3108 2340 7322 -534 -715
-14280 3656 2948 7694 -344 -543
-13820 3776 2616 7903 -88 -674
-13752 3808 2900 8077 215 -976
-13660 4108 2624 8349 520 -1406
-13704 4064 2592 8053 986 -1491
-13316 4088 2560 8188 430 -2057
-13672 4284 4124 9122 -458 -2920
-13056 4312 2136 9862 -1205 -4095
-15632 4624 -460 9230 2082 -4748
-17124 3304 -2936 5490 7336 -3119
-18192 1628 -2036 2023 4218 -3667
-15508 3156 -5504 950 6040 -978
-17316 1484 -5288 -1634 3011 -1421
-17348 1616 -4944 -1145 2085 -591
-16496 2100 -5460 -1256 238 -1086
-17216 184 -4972 -1159 -1286 -1474
-16508 728 -4444 220 -2856 -1682
-15540 108 -4572 575 -3966 -1472
-15220 -412 -4008 1323 -4105 -1352
-15124 -184 -3088 1800 -4072 -958
-14976 224 -1456 2107 -3478 -149
-14156 252 -976 2611 -3014 518
-13852 432 -264 2716 -2726 801
-14212 972 1068 2299 -2659 1222
-13764 1044 1092 1111 -2170 1486
-13520 1600 1424 361 -1408 2097
-14104 1084 1412 -514 -1020 2688
-14456 1504 2320 -1524 -1547 3464
-14160 1808 3436 -2068 -862 3782
-14024 2452 4620 -3772 -482 3652
-19276 3332 4868 -3086 -3898 3070
-13304 3552 -3024 3296 4848 799
-14760 4980 216 1258 5287 -794
-15636 1720 -312 1434 2990 -1887
-14552 3848 -4028 3586 4440 -611
-17092 2984 -3808 1684 2993 -784
-17464 4256 -4412 1910 1285 969
-16620 4552 -4384 746 -242 1656
-16172 4452 -3544 -478 -1905 1956
-15108 4216 -2640 -674 -3125 1975
-14872 4152 -1756 -1093 -3688 1740
-14324 4348 -940 -1377 -3586 945
-13552 4188 84 -996 -3338 376
-13200 4344 448 -553 -2887 -68
-13204 4476 1284 -364 -2074 -579
-13988 4240 2588 -21 -1395 -830
-13472 3764 2436 584 -1395 -1099
-13252 3608 2928 1491 -920 -1636
-13460 3460 3348 1697 -610 -2176
-13492 3360 3120 2462 -418 -2515
-13232 3116 4032 2818 -292 -3111
-13148 3132 4680 3322 -241 -3331
-12680 3036 4568 3673 267 -3456
-13548 3052 4388 4008 312 -3884
-16560 3328 2216 3810 1377 -3851
-18116 2492 -1820 2095 8071 -2995
-19120 -900 -836 1740 6094 -5103
-15484 -800 -2504 1361 4704 -4100
-12564 164 -4628 -479 4480 -2775
-15524 -604 -3140 -1944 5442 -541
-17536 1168 -4256 -2311 2895 1713
-17420 -416 -5080 -1715 1366 2003
-18388 -320 -5272 -645 324 2170
-17044 -268 -5188 532 -1513 1483
-14672 -484 -4200 1220 -3363 1285
-14356 328 -3244 1625 -4267 1085
-15576 736 -2576 1429 -4107 1207
-15732 1200 -1348 763 -3923 1499
-15372 1412 184 416 -3689 1365
-14004 1080 1120 -509 -3089 1276
-12752 1264 1796 -746 -3049 1654
-13040 1252 2100 -828 -2517 2023
-14636 1956 2556 -585 -1292 2356
-13484 2556 3160 -1240 -447 2796
-13992 2236 3644 -1030 -346 2945
-14128 1888 3860 -1062 327 3184
-14040 2956 3792 -827 2071 3216
-14208 3788 3160 -929 2598 3368
-14848 1928 1128 1558 2511 1768
-15544 2644 -3744 6130 7219 -1300
-16488 6216 -1360 4959 7692 -2729
-13624 1652 -3372 4598 5013 -4064
-16428 3308 -2616 4674 4068 -2682
-17400 3520 -4672 2562 3568 199
-16836 4084 -6624 937 2669 1472
-18452 4576 -6972 736 1374 2232
-17112 3652 -7392 -167 -208 2327
-15968 4544 -7404 -1226 -2042 2170
-15600 4760 -5308 -2399 -3434 1974
-14728 4612 -4528 -2759 -4588 1710
-14224 4528 -3636 -3099 -4329 1412
-13616 4556 -2364 -3518 -3982 765
-12620 4308 -1608 -3178 -3982 20
-12888 4116 -56 -2687 -4068 -1136
-13384 4344 1972 -2213 -3528 -1668
-12948 4240 2972 -1325 -3374 -1744
-13852 4060 3496 -32 -2058 -1845
-12624 3092 3176 737 -778 -2047
-12884 2716 2800 1819 159 -2488
-13172 3028 3264 2330 -111 -3116
-13488 2588 3712 3997 -263 -3974
-14020 2496 4884 4268 -889 -4685
-14080 3312 4128 4931 -60 -4745
-15588 1596 3972 5295 -850 -4861
-13940 1664 -2052 4690 2277 -3392
-18524 -16 -4692 1646 5824 -3113
-19160 1488 -2956 -2222 8733 -600
-15872 -56 -1680 -1581 2586 190
-15744 -508 -4208 -1860 2157 -343
-17232 -856 -4356 -1697 1641 -321
-17652 108 -4024 242 20 209
-16428 -1004 -4836 1242 -1612 375
-17144 -384 -3156 1308 -3290 286
-15844 152 -2300 1550 -4393 835
-14768 324 -1644 2255 -4595 956
-14820 484 -1256 2432 -4664 691
-14716 244 596 2177 -4012 34
-14660 244 2028 1956 -2824 -55
-13120 256 2072 1255 -2042 300
-12536 740 2348 684 -931 472
-13668 704 2608 194 163 987
-13828 1236 3336 -185 791 1511
-14140 1024 3444 -980 1496 2285
-14940 1180 3748 -1450 845 2803
-14080 1596 3232 -2336 1446 3686
-14036 1704 3600 -2597 1392 3968
-14028 2308 3368 -3077 1408 3899
-14564 3416 2504 -3352 1068 3192
-16784 864 68 634 3014 225
-16244 4080 -3720 3074 7100 -750
-18012 3796 -1148 -631 4572 -1440
-15628 2976 -3556 1002 3833 252
-16444 4432 -4156 954 2235 887
-17100 3816 -3940 126 -261 1372
-17124 4668 -4412 -548 -1549 2466
-15636 4492 -4596 -972 -2801 2253
-14600 4540 -4088 -1347 -3763 1933
-14408 4388 -2916 -1254 -5074 1321
-14352 4504 -1236 -1066 -5436 779
-13044 4612 64 -939 -5115 259
-11976 4636 1560 -1300 -4784 -198
-13572 5984 1716 -2349 -3745 -168
-14164 4652 2716 -2902 -2264 -44
-12404 3096 3476 -3687 -1539 -524
-13092 2712 4216 -3163 -51 -1057
-12640 2792 5388 -1956 517 -1789
-12856 1912 4992 -486 854 -2578
-13116 1748 5292 1299 1522 -3141
-12708 1552 5228 3474 279 -3876
-13664 2044 5712 4305 -234 -4486
-13080 1552 5688 5663 -449 -4763
-12888 1984 5508 6261 -417 -5014
-12020 2528 4700 6310 580 -4191
-14640 2100 3108 5146 830 -3235
-17616 2160 1084 3225 5063 -1145
-19500 -316 -2104 -301 9476 -422
-16368 756 -1708 -2667 8815 144
-15564 -816 -3100 -1214 4634 845
-15660 -340 -4108 -1690 3023 536
-17836 -368 -3128 -1584 2123 584
-17248 592 -3948 -1122 -163 661
-17744 -492 -4484 661 -1845 -340
-16312 -1528 -4932 2153 -3146 -718
-16628 -720 -1672 2300 -4411 -1249
-15632 -396 -1592 2332 -4825 -735
-14412 -960 -576 2911 -4676 -459
-13740 -1140 624 3423 -4189 -247
-14620 -536 2608 3626 -3594 -299
-12884 -428 1844 3821 -2997 -412
-13252 860 2684 3081 -1030 269
-13560 1192 3272 2496 632 882
-12524 480 1932 1397 2935 1686
-13036 1600 3300 -659 3923 2507
-15220 1772 4076 -2759 1410 3819
-15456 892 4172 -4055 1590 4824
-14400 1228 4328 -5235 206 4716
-14892 1296 3496 -4035 253 4207
-15424 1624 1812 -2630 56 3667
-15888 3244 -700 459 2128 2809
-16924 4536 -104 1782 2033 1288
-15948 3788 84 1395 2928 162
-15248 4376 -432 1639 2419 225
-14616 2856 -1164 2702 2322 515
-15508 4604 -2928 950 185 183
-18304 5228 -2332 -85 -585 81
-15504 5148 -3244 -687 -774 942
-14972 4608 -2780 -2487 -2379 799
-14112 4588 -1556 -3168 -2735 1580
-13944 3396 44 -2606 -2756 2410
-13692 4356 72 -2245 -1732 3001
-13628 4824 2132 -1533 -1532 2401
-13360 4620 2144 -617 -1714 2157
-13144 4568 1704 16 -1949 1691
-12556 5128 3464 1133 -1215 1166
-12476 5500 2440 2138 -444 370
-14732 5920 4064 2999 -807 -45
-13768 6156 3864 2961 -1443 -373
-12464 5256 3488 3834 -1089 -989
-13104 5580 3084 3702 -988 -1921
-12860 5524 3376 3899 -661 -2312
-11648 4920 2512 4587 -733 -2462
-12340 4720 4076 4874 -996 -4048
-12892 5212 5428 5277 -2572 -5163
-11696 4632 3940 6642 -1213 -4698
-14948 4520 3460 6296 -145 -4779
-18668 4424 1544 4200 5686 -2586
-15528 2908 1340 1418 8751 -1373
-12832 3692 -572 -77 6974 -1156
-13772 2812 -3792 -607 7410 -76
-17264 3520 -4128 -969 7268 -698
-17048 2824 -5680 -280 4675 -2122
-18388 2520 -5868 -1372 3006 -2497
-18680 396 -6304 -1247 321 -2651
-17548 756 -6136 -834 -1840 -2091
-16880 984 -4652 -1033 -3730 -1859
-15412 1656 -4228 -1228 -4408 -905
-14256 1904 -3124 -1987 -4431 326
-14416 1316 -2720 -1636 -4951 1396
-14592 1344 -1244 -988 -4777 1856
-14988 944 -336 -96 -4533 1454
-14928 616 1064 930 -3815 810
-13604 1824 1840 2027 -3536 -282
-13600 2136 1628 1245 -2937 -1170
-14356 2300 3540 218 -887 -992
-13636 1636 3316 -578 -1445 -778
-13028 1656 4076 -1806 -1106 -885
-13188 1496 4408 -2662 -278 -595
-13452 1100 4696 -3375 674 -17
-13292 712 4608 -4604 300 1248
-14084 1480 5516 -4897 291 2476
-19456 -1008 4260 -2334 3390 1997
-14144 2856 -280 -208 6608 3625
-16520 2396 268 -1033 3537 4028
-16876 1528 -1076 204 2723 5037
-15368 5056 -2376 1192 2291 4955
-15512 4812 -2608 1095 631 4299
-14292 3984 -2932 1212 415 2973
-14308 5124 -3088 971 -1123 1081
-15252 5392 -1980 119 -784 232
-15076 5460 -1280 1 -761 31
-14048 5056 -1224 -190 -1085 -301
-14224 5392 -248 -434 -966 -416
-13952 5400 244 -542 -891 -228
-13968 4852 316 -546 -470 -298
-14016 4728 848 -566 104 -295
-14048 4516 1008 -491 210 -488
-14464 4236 1928 220 28 -730
-13852 4060 1588 835 -486 -999
-14012 4156 1712 1890 -445 -1697
-13776 3888 2000 3087 -471 -2420
-13880 3836 1952 3741 -796 -3082
-13824 4124 1996 4146 -864 -3589
-13244 4692 2196 4158 -1731 -3859
-13724 4272 2892 4272 -1119 -3983
-14284 2452 1436 4595 -2264 -4665
-15408 1620 -264 4030 -1042 -4408
-19232 1088 -844 2406 1221 -3592
-19056 -44 -820 -1056 2151 -1758
-14804 680 -76 -352 2135 -1176
-12648 84 -2048 1183 1134 -784
-14976 -1032 -1924 1304 1766 -1914
-16296 -1024 -1780 2073 1789 -2363
-16112 -708 -1468 1406 1928 -2447
-14332 -992 -1744 552 1332 -2253
-14736 -1052 -2104 -142 1540 -1469
-16568 -984 -1920 -269 1501 -628
-16424 -784 -2044 -775 1153 -14
-15780 -1092 -2148 -1241 764 432
-15976 -1124 -1564 -600 -84 689
-16048 -1468 -1608 177 -632 475
-15632 -1084 -1580 488 -802 -14
-15328 -816 -1044 459 -989 -439
-15484 -860 -704 660 -1267 -303
-15648 -768 88 793 -795 90
-14472 736 -752 -245 27 467
-14376 360 -996 -1163 355 109
-15256 -1176 -776 -1287 526 -299
-15064 -924 -576 -1386 664 -20
-16308 -692 -656 -1671 166 60
-16424 -800 -784 -1702 -324 647
-15400 -1204 -1052 -1360 -1170 1064
-16156 -868 -396 -1160 -1700 1163
-15864 -516 -308 -886 -2180 1463
-15612 -124 -336 -1256 -2582 1825
-15816 88 84 -1313 -2667 2095
-15084 -196 268 -977 -2190 2073
-14916 336 116 -868 -1722 1803
-15628 1628 496 -816 -1655 1928
-15124 1228 668 -1325 -2066 1988
-13788 164 1176 -1240 -1604 1903
-16248 1540 1900 -2416 -2876 2081
-15288 764 1600 -1344 -2025 1552
-13016 1000 1776 -1071 -1665 1482
-14884 1712 1864 -835 -1217 788
-14756 1836 1552 -335 -935 934
-14240 2272 2548 -261 -929 814
-15260 1848 2284 -99 -1360 771
-14756 2044 2328 499 -1585 626
-14072 1968 2464 475 -1426 506
-14500 2440 3248 442 -1371 478
-14832 1764 3060 555 -1151 726
-14080 1744 3376 809 -735 746
-14212 2708 3020 1048 -627 689
-14212 2732 3012 1046 -579 585
-14544 2664 3008 810 -581 374
-14296 2584 3148 551 -461 284
-14376 2532 3516 505 -236 -22
-14092 1984 3800 640 -129 -203
-14476 2184 3504 926 -342 -107
-14464 2212 3424 857 -654 175
-14116 1728 3508 1140 -551 362
-14276 2000 4104 1885 -197 401
-14004 2212 4428 2996 231 116
-13456 2712 3780 3292 448 -150
-13576 4296 4164 2988 843 -1561
-14456 4980 3292 2413 252 -1757
-14696 3496 2352 468 616 -581
-14608 1396 1724 -519 -392 -221
-14700 1840 2752 -939 587 322
-15084 2448 3552 -879 1046 643
-13884 2728 3068 -626 132 338
-14480 2200 3420 -339 -114 -248
-14568 1884 3336 88 -249 -444
-14336 1872 3100 787 -366 -733
