-14188 2848 -8260 209 -211 -107
-14208 2928 -8312 -27 -152 -129
-14200 3016 -8128 -124 -87 -184
-14260 2944 -7824 -105 36 -171
-14272 2924 -7872 229 105 0
-14484 2860 -7928 530 -75 118
-14320 2968 -7956 863 -297 137
-14352 2872 -8132 823 -194 137
-14116 2788 -8216 681 -111 115
-14280 2664 -8096 575 43 54
-14308 2820 -7976 666 142 115
-14460 2704 -8056 743 82 86
-14384 2828 -7952 761 64 128
-14340 2960 -8236 616 -22 112
-14340 2956 -7948 688 -40 10
-14424 2792 -7872 623 -81 34
-14348 2972 -8204 555 -106 -21
-14080 2920 -8224 585 -200 -37
-14240 3084 -8180 291 3 -61
-14288 3084 -8044 -95 73 -173
-14352 2940 -8156 -295 63 -185
-14276 2756 -8224 -147 -39 -184
-14432 2844 -8292 41 -76 -135
-14148 2860 -8084 388 -20 -22
-14228 3044 -7964 444 -3 60
-14324 3188 -8092 388 182 62
-14160 2952 -7988 184 166 10
-14308 3048 -7896 -9 235 50
-14416 2872 -7584 -6 205 12
-14392 2952 -7900 64 81 -62
-14384 2968 -7984 149 -77 -118
-14324 3024 -8176 50 -197 -141
-14256 2944 -8136 208 -156 -147
-14268 2904 -8020 292 -90 -54
-14200 3028 -8228 344 -43 -9
-14136 3036 -8224 337 -103 -17
-14340 3116 -8108 271 -38 -33
-14108 2916 -8080 412 21 -11
-14400 3060 -7956 439 159 66
-14392 2916 -7848 527 194 53
-14408 3016 -7948 452 92 40
-14320 2944 -7912 556 45 8
-14348 3028 -7900 512 -109 -33
-14308 3004 -8172 524 -98 -36
-14256 3024 -7964 448 -123 4
-14356 2956 -8164 493 -96 -43
-14152 2916 -8144 481 -216 -25
-14236 3124 -8192 440 -157 -31
-14192 3108 -8072 466 -86 -34
-14324 3144 -7924 452 -25 -13
-14348 3028 -8040 517 37 27
-14204 2972 -8068 502 83 43
-14320 3028 -8152 535 28 29
-14244 3024 -8044 466 86 -12
-14300 3052 -7984 377 80 5
-14404 3084 -7992 328 67 -42
-14360 3076 -8108 340 -68 -72
-14220 3040 -8240 370 -156 -90
-14260 2964 -8052 433 -18 -21
-14224 2856 -7976 582 85 19
-14404 2940 -8124 580 66 -2
-14228 3076 -8112 632 117 57
-14252 3140 -8020 616 166 4
-14200 2980 -8252 588 256 36
-14248 2964 -7952 589 94 150
-14208 2736 -8052 771 243 330
-14600 3116 -7812 537 227 258
-13920 2964 -8108 452 323 215
-14224 2868 -8356 705 1124 179
-13844 3196 -8272 385 1331 176
-13700 2828 -8100 425 1699 28
-13872 1712 -8592 1178 2312 410
-14324 1404 -8820 1985 2292 782
-14848 1100 -8952 2299 1478 1453
-14568 1484 -8936 2504 649 1940
-12048 6272 -10180 -661 -482 3205
-16176 5396 -10920 -2082 -181 3148
-16124 5192 -7492 -1807 961 4962
-15156 6812 -7144 -2791 1109 4914
-11268 5904 -7184 -3976 804 5005
-12524 4988 -6140 -3669 1679 3942
-12964 5852 -5804 -1968 1424 2434
-12516 6504 -5268 -119 -82 725
-12308 4428 -4716 1699 163 154
-13252 4804 -4888 4456 879 -275
-14584 4780 -4460 6699 -1814 -1462
-14100 6868 -7524 7938 -2681 -3008
-23256 12092 -8500 -93 5884 2468
-13644 3776 -14920 9046 193 -6756
-12568 7120 -17432 6245 5152 -2082
-12852 3668 -11756 6232 -223 -2904
-11100 3672 -10720 5938 -131 -4340
-9484 1136 -10220 4810 -866 -4477
-8188 864 -9980 5582 1528 -3975
-11088 -908 -11700 4897 2669 -2765
-10896 -224 -11784 2186 1428 155
-12332 1036 -10168 -284 953 1811
-13896 2132 -7372 -3075 -11 1170
-16108 3132 -6624 -7139 -3247 1420
-12556 4132 -7192 -10887 -6371 -166
-14820 -1940 -22608 -4952 1740 2894
-20520 10504 -18736 -1469 2073 -327
-10212 5880 -12160 -10671 -769 5021
-11508 2504 -9380 -6961 -296 1476
-9940 4688 -9636 -4700 387 1670
-10988 4932 -8848 -3627 -518 1443
-10664 4124 -9036 -1123 1090 1501
-11948 6844 -7012 -612 -337 1062
-12216 5680 -6048 1413 488 -249
-13980 3460 -3276 4951 -2380 -3362
-16104 1928 -6496 6357 -5590 -4612
-14404 3168 -7032 8126 -6346 -5374
-13928 13568 -19212 2213 395 -789
-19588 9048 -16836 -66 -268 116
-11652 4152 -13936 6396 2485 -3492
-11140 4716 -10616 2620 2711 -3429
-9056 1236 -8468 4010 3046 -4766
-10332 1020 -9488 2936 2140 -3723
-10948 840 -9288 354 2676 -2026
-12648 432 -11096 -2339 1588 -632
-14452 40 -8812 -2365 1170 -128
-14064 52 -5456 -2479 -2291 516
-15328 2436 -6788 -2723 -3606 951
-11904 2528 -11780 -3835 -2462 2351
-16420 1868 -19524 -1845 2610 4644
-16532 5724 -16032 666 3124 216
-12424 4304 -12856 -3113 -662 2932
-10256 4072 -9768 -2892 -773 1723
-10744 4024 -9448 -3725 -233 3559
-11232 3912 -8844 -2378 -1134 3553
-10832 5196 -7996 -376 182 1425
-10688 5644 -7792 -545 2515 1047
-13884 7048 -7056 -528 161 900
-14740 4340 -3568 1988 -5382 -314
-13528 2068 -4848 3855 -2789 -1400
-15276 7540 -17324 489 1487 1243
-14820 11512 -14208 -961 878 -42
-15740 3844 -15300 6198 4315 -2880
-9036 4308 -14296 5626 4695 -339
-10916 6588 -11200 5749 1065 -2346
-10152 460 -10432 6025 1685 -2023
-10184 1516 -10436 6012 1305 -2825
-11572 3136 -9660 3921 1300 -2442
-12824 764 -11588 309 1139 -453
-14048 1236 -9412 -293 820 -646
-15528 2160 -6296 -3478 -2382 -411
-15136 1644 -7616 -5475 -6992 -166
-14344 -2344 -22776 1809 2870 2308
-13316 11340 -19652 449 -34 563
-10348 6188 -13184 -5199 -1057 3558
-11396 1872 -11628 -3001 730 1431
-9488 4284 -10612 -4069 -1029 3135
-9128 5708 -8436 -5307 -1061 3373
-11824 3432 -7484 -2258 -224 1203
-10912 4948 -8184 -389 1066 -388
-12200 6036 -7892 7 2665 82
-12780 5428 -5652 917 -1124 -1004
-14644 2884 -6124 3848 -4121 -306
-13320 4624 -9072 6297 -3237 -724
-18072 10372 -18020 3185 1010 2993
-20284 6832 -19340 5891 4165 404
-7440 5300 -15464 10570 6609 132
-10704 8116 -11984 6715 -478 -2036
-8140 2008 -9184 5564 1689 -1804
-9068 528 -10368 5690 107 -2825
-8788 3836 -10608 3018 -447 -2470
-10448 2136 -12420 -71 -2 -3123
-11072 1652 -12812 -2323 1896 -2416
-13852 416 -8448 -2385 1546 -1510
-15412 1308 -7240 -3267 -142 -3429
-14100 4656 -10696 -5166 -667 -1063
-15156 112 -16016 -5557 -2514 2084
-9108 3328 -21200 -2322 1641 6008
-11160 6320 -18372 3408 -397 -816
-13752 6940 -10716 -4893 -2893 3684
-7632 4928 -10172 -4384 -249 3832
-11060 4312 -9124 -4229 129 4188
-10996 4064 -7696 -2247 -3877 567
-10748 6080 -6620 -3404 1137 548
-11948 4744 -4556 -157 -59 1004
-13572 916 -4428 4021 -8869 -565
-11544 6420 -12020 3915 -4495 -2204
-15792 17764 -26416 -4779 1166 1048
-14432 5168 -13844 2326 -408 -3040
-14424 3192 -13992 7775 3922 -3175
-10784 5368 -10176 6024 3488 -2878
-8780 3076 -8084 6078 458 -4180
-9328 344 -9060 5897 1025 -3425
-10228 2132 -9868 4488 -541 -2586
-11572 1056 -10076 1218 321 476
-14004 432 -9592 -152 -818 1868
-15952 1616 -4080 -2769 -4578 938
-9372 3264 -10932 -4903 -2356 468
-15224 3552 -16944 -9294 -2592 4987
-15588 5208 -18360 3914 7902 -3400
-13760 10656 -12124 -6207 -2977 284
-10692 2568 -10772 -6640 242 2299
-9892 4368 -10452 -4783 1696 2639
-8372 5716 -8380 -4226 2109 2722
-12468 4960 -9456 -1982 1347 1874
-10496 6172 -7216 -1525 129 313
-11184 5968 -7792 -758 52 213
-13948 4072 -6148 2401 28 -409
-15308 4028 -3692 6594 -3817 -1880
-14728 2868 -6712 7173 -4584 -1821
-16320 13068 -18820 740 722 764
-19540 11472 -18824 -2954 2479 2273
-8584 444 -15604 9554 4190 -3307
-11420 6768 -11388 4815 2774 -1983
-9692 5124 -9500 4122 -25 -3551
-9976 648 -9984 5182 62 -3640
-10536 2164 -11408 4500 1539 -3077
-10964 3516 -11512 2988 1287 -3539
-10876 720 -11688 1000 1230 -2138
-11212 940 -10716 -553 1608 -223
-12436 1080 -9676 -1653 1239 -15
-13744 1052 -7952 -5618 -723 1103
-12972 1496 -8472 -6802 -4427 926
-15556 100 -15212 -4972 -1867 3250
-13112 11900 -29244 -3851 4517 3867
-11920 11052 -15092 -4817 -3691 -1424
-13064 960 -10936 -6541 -1413 1739
-10556 5668 -10440 -4398 -523 2404
-9140 4052 -10980 -2501 -1831 3282
-9332 6096 -7812 -1528 303 1987
-10100 6448 -7876 -842 -1280 850
-11464 6852 -8076 -188 -97 152
-11340 5072 -8264 1144 1456 220
-12936 3968 -5228 4053 -1054 -297
-15016 3700 -4560 8651 -4190 -503
-12752 3636 -11208 7293 -1249 -1796
-21792 19504 -23896 -1658 4884 1922
-13724 8116 -14664 513 816 -1674
-9580 5436 -14340 4198 4546 -2440
-10904 6020 -11392 918 2025 -1280
-9288 3136 -8708 2953 1817 -3145
-8896 288 -10520 3190 1441 -3474
-9896 3200 -10224 2347 2258 -3073
-12000 2484 -11452 1368 271 -3387
-11636 1792 -9984 -369 487 -1998
-12316 1496 -8540 -1808 -141 -980
-15600 1676 -5652 -5854 -2704 -1250
-14452 4804 -6148 -8248 -7403 -2022
-13164 332 -17756 -5591 -4556 811
-15744 9976 -19700 -2660 777 80
-11364 10756 -12352 -8243 -212 -1744
-14820 3552 -11780 -7297 1470 563
-10492 4068 -9180 -3819 1057 670
-8888 3880 -8304 -1991 981 1625
-9756 4688 -7240 -920 2576 1866
-12912 6560 -8132 -1263 506 524
-13988 6792 -6524 -1125 -625 -79
-13096 4052 -5840 1183 -2372 -171
-14620 3808 -4256 4751 -5489 -651
-15220 3472 -4620 7486 -4538 -617
-15240 10680 -15144 2125 2046 1963
-16956 10596 -14312 -2162 -881 3850
-9956 3640 -14968 7890 1467 -230
-12592 5256 -15684 6071 1287 4824
-11940 6420 -11272 6037 -2253 2227
-11092 4372 -9576 6717 779 249
-9288 3144 -8624 5236 2096 -1204
-11236 1608 -7940 4108 1396 -2394
-10772 1580 -9016 3130 866 -1372
-11068 1524 -7612 1071 -714 913
-15364 4180 -4940 -4368 -4181 164
-12844 2980 -6036 -5598 -5937 -3851
-23012 -2108 -17600 7259 5262 -3240
-16340 15400 -21464 1506 1559 -733
-10548 3364 -8052 -5303 -1707 700
-14496 5316 -10216 -3619 -361 -298
-8260 1864 -9496 -2311 304 2760
-11516 6840 -9088 -1387 417 2162
-13644 4144 -8528 -2248 -771 1840
-11232 5440 -7680 -1903 -800 710
-11616 5456 -6284 750 1670 -616
-13132 4520 -5316 2077 190 -660
-14528 2312 -4536 4335 -4741 -1540
-11296 1332 -3672 6534 -4318 -919
-31284 21764 -19324 -5577 2981 10371
-17172 -136 -11120 6479 -9550 -4199
-10496 6328 -17296 8550 7982 1356
-12892 4724 -10864 4536 -844 102
-10040 3116 -8940 6054 -452 -2679
-9980 1732 -9732 4808 -1887 -1534
-10124 1292 -10776 4098 701 -640
-11980 2408 -10228 3911 -257 -460
-11548 1476 -10232 2758 -338 -385
-11156 2248 -9072 889 109 191
-14404 2380 -6292 -2804 282 816
-15588 1768 -4112 -3031 -4515 -1516
-12352 132 -10920 -4757 -4580 -1310
-19792 6840 -20840 4041 4318 -3791
-13660 8400 -14856 -4791 -4050 332
-11084 992 -10764 -5268 770 1338
-12660 4276 -9800 -3108 -885 2044
-10636 4104 -8872 -1986 -793 2393
-10764 5376 -7348 -1328 573 1716
-12940 4548 -8300 -2194 -1109 943
-11736 3572 -7300 1105 -545 298
-13088 4648 -6368 2257 608 746
-13712 4396 -5992 4664 -3272 34
-13780 1692 -3244 6755 -3438 -180
-10456 76 -4536 11334 -3073 -1426
-20640 22116 -32768 -2287 8449 4628
-21668 -2756 -15456 4903 -8298 1037
-11496 6824 -15192 11179 4462 -1142
-11420 4572 -9956 4368 909 -111
-9792 1952 -10388 5132 1693 -2450
-11740 1604 -12224 1882 -456 -359
-11736 1720 -11260 1207 -268 -1149
-10960 1596 -12660 761 84 -1031
-11604 1868 -12824 -18 1225 -1318
-12580 2120 -12148 -812 1537 -1180
-13544 2760 -11344 -2412 334 -1385
-13176 2124 -10876 -3427 -648 -702
-12968 2352 -9984 -4595 -2446 608
-13456 3572 -11168 -5245 -3830 1715
-12656 2800 -13292 -4794 -3134 1040
-12296 4928 -10748 -3062 -1183 -781
-11860 3168 -9816 -3442 118 -1843
-13800 3248 -9884 -4560 73 -2051
-14228 1588 -9708 -2688 174 -1636
-13528 3144 -9388 -985 -106 -733
-13616 3956 -9036 -855 -371 -333
-13988 3460 -9064 -400 -675 -415
-13612 3840 -9132 170 -770 -225
-13596 3624 -8872 223 -905 -436
-13752 3464 -9332 400 -669 -375
-13604 3708 -8968 366 -970 -227
-13752 3348 -8892 790 -588 -184
-13716 3656 -9040 1017 -680 27
-13740 3428 -8672 1336 -435 95
-14044 3428 -8804 1510 -376 125
-13992 3516 -8728 1559 -429 265
-14012 3552 -8792 1648 -428 207
-13844 3460 -8716 1448 -565 261
-14072 3436 -8540 1386 -502 253
-13996 3540 -8684 1154 -435 204
-13948 3604 -8608 831 -298 163
-14112 3468 -8344 712 -203 129
-13908 3492 -8544 588 22 28
-13852 3476 -8480 463 194 -79
-14048 3520 -8668 202 367 -118
-14108 3280 -8384 405 263 -126
-14092 2896 -8272 773 169 -19
