-14012 3676 -8500 532 -79 207
-13976 3636 -8416 553 -150 92
-14024 3556 -8588 526 92 77
-13980 3612 -8660 532 104 -20
-14016 3592 -8468 365 -138 -108
-14028 3508 -8684 352 -322 -105
-13952 3380 -8468 578 -385 -71
-14020 3484 -8420 722 -258 -9
-13860 3736 -8544 718 -145 177
-13972 3600 -8708 769 -140 39
-13932 3748 -8668 549 -102 30
-13868 3552 -8500 514 14 15
-13912 3588 -8664 486 10 28
-14148 3556 -8760 393 124 89
-13968 3548 -8672 399 166 39
-14160 3572 -8392 359 182 38
-13988 3520 -8564 342 178 -51
-13992 3568 -8236 317 141 -58
-14084 3456 -8396 340 -62 -120
-13980 3416 -8548 313 -151 -139
-13972 3676 -8624 337 -250 -107
-14052 3668 -8660 279 -223 -126
-13892 3540 -8848 399 -161 -118
-13900 3600 -8676 365 -33 40
-13896 3580 -8760 579 126 48
-13920 3536 -8636 571 256 176
-13944 3396 -8740 635 369 259
-13884 3396 -8800 1026 610 371
-13920 3596 -8912 1089 522 359
-13748 3664 -8832 1055 671 440
-13716 3656 -8900 843 1028 382
-13652 3592 -8780 576 1353 397
-13464 3736 -9220 317 1669 391
-13728 3704 -10208 182 2013 364
-12768 3872 -9632 369 2070 709
-12836 4000 -10500 291 3394 1110
-11796 3992 -11468 851 4536 1803
-12124 4344 -10968 1097 6061 2365
-12684 3884 -10460 1412 6559 2767
-13820 4008 -10588 1002 5550 2732
-15328 4640 -11544 -597 3260 2640
-14152 6472 -12924 -3976 -1188 3736
-13456 4312 -9916 -2080 -4630 1866
-13980 3884 -10632 1769 -5866 1311
-11224 7272 -10372 228 -6146 2389
-10148 6832 -8192 -246 -3342 1570
-11624 5336 -7152 1018 305 1538
-12404 5568 -8252 2306 184 1364
-12460 5812 -6652 4431 -723 740
-13728 4780 -6464 6582 -1676 -424
-14276 4492 -5936 6617 -2903 -1994
-14160 6588 -8036 4367 -5335 -2331
-16824 13060 -18400 -2914 1029 1074
-17424 4712 -13652 -695 -105 -1399
-13112 8400 -15396 4947 4830 -5781
-10360 740 -14276 4399 819 -3238
-10272 2900 -10952 5165 1649 -4937
-10384 1620 -10396 4135 -884 -3424
-11172 0 -11736 5522 991 -4503
-11480 1112 -11360 3702 -123 -3284
-11176 1128 -10360 -146 -1168 -972
-12896 1336 -8956 -1364 -861 -351
-15044 540 -8368 -3114 -1803 -136
-15508 912 -6084 -3536 -6736 -564
-14288 -32 -9968 -5117 -5096 -68
-15096 2096 -18232 -8241 -1201 4321
-17732 5048 -16576 -5373 -2684 2359
-11060 11008 -10736 -8398 -4345 2645
-13856 2360 -9392 -5420 735 2792
-11508 5360 -9428 -1686 2652 1534
-11276 4200 -7640 -2600 1413 2904
-11096 4552 -6796 -646 3277 3342
-12092 6548 -7316 284 1056 1497
-12604 5580 -5252 1867 1830 993
-15332 6392 -6564 5104 -3023 -1145
-14252 736 -2940 8467 -6444 -2748
-16044 3096 -3636 6466 -2755 -917
-15720 9612 -12580 2839 -1508 226
-16524 8628 -11060 -2599 2913 4872
-12920 2832 -12204 3912 -572 -5440
-11372 4248 -13020 4178 5256 -1766
-10924 2300 -11412 4575 1235 -3340
-10700 2100 -10504 6737 3697 -3493
-11396 1632 -10528 4573 3244 -1901
-11804 764 -10104 3549 3810 -1156
-13252 1072 -10048 982 2415 -490
-13168 -296 -9012 -959 2117 231
-16308 2548 -6524 -4842 -1070 -822
-15488 960 -8380 -6942 -4931 -3961
-12020 2720 -24212 -7232 -1349 -1002
-18300 5140 -19244 -1105 1766 -1333
-10780 7440 -11696 -9628 -3727 2380
-12408 468 -9684 -5036 -969 2644
-11156 4588 -9668 -4774 -186 3853
-10820 5976 -6944 -4344 -219 2458
-11668 4792 -8528 -2782 822 1265
-12188 4932 -7456 -1898 -81 -1100
-12104 5224 -5652 -133 -26 -2335
-14872 3892 -5496 1569 -1608 -3691
-16224 3492 -5176 1261 -4255 -3874
-12588 4588 -4364 2011 -4489 -3030
-28752 17804 -10868 -5791 7624 4264
-12648 768 -9172 1735 -3781 -8964
-11488 8132 -12800 1705 6051 -4083
-3748 5296 -10104 -4343 2440 -5728
-8624 2668 -9560 -1858 3385 -6876
-11316 2532 -11096 -4531 4020 -4869
-11352 2144 -11440 -6930 4684 -5581
-13992 1940 -10900 -6809 4146 -7012
-13036 224 -9628 -6639 4314 -7052
-13988 1228 -8288 -7654 3925 -6256
-15596 2580 -6636 -10805 516 -6533
-13944 1804 -8044 -11821 -2778 -6986
-12460 808 -10156 -15614 -6088 -5249
-15504 6692 -17784 -9581 298 -8218
-14792 7480 -14032 -12979 -3113 -2293
-12756 -624 -8040 -12217 175 91
-10720 2128 -8684 -7033 1583 -34
-12304 4136 -7220 -7212 1199 509
-12484 2932 -7060 -3651 1372 -1489
-13568 4240 -5588 -2447 1107 -1503
-12484 3616 -4932 -553 816 -3591
-13664 2568 -3752 2858 -2182 -5326
-14408 1308 -6552 6016 -1970 -5340
-15140 4704 -5148 3182 -5088 -1792
-20788 6360 -16748 -860 424 3504
-15996 4648 -14012 -2371 709 5494
-11532 3720 -10060 70 -2847 -2723
-12836 1752 -9644 -1015 2383 -5527
-9948 -204 -10012 -2744 3554 -3664
-13884 2284 -9448 -4263 4525 -971
-14460 -320 -8300 -1911 1621 -1187
-13068 472 -8364 -1775 1756 -567
-14140 2104 -6612 -3810 658 1569
-14360 900 -6808 -4887 -2264 1570
-14044 872 -6444 -4830 -1514 923
-15160 1384 -6012 -5590 -2092 -456
-16624 5392 -22524 -9867 -306 1726
-15824 3320 -16440 4207 5794 -3907
-11280 6960 -11076 -3900 -948 2013
-11176 1924 -7692 -2564 1735 5750
-13388 6040 -8408 -1100 1708 4227
-10000 5220 -7804 -1377 2151 4375
-13788 4652 -8732 259 4791 4009
-12380 5508 -7164 2055 2347 3403
-14244 4304 -4888 3822 -403 2271
-13844 2952 -4768 5151 -2510 1720
-15636 2600 -4488 8285 -3616 -1494
-15568 7012 -5336 6020 -3989 -2780
-9052 6300 -12084 2893 -2933 -3728
-19632 14832 -18812 -4198 4952 576
-13000 -4416 -11692 5927 -3501 -6393
-14840 4196 -13148 5614 3439 -4262
-12020 4436 -13064 1308 3369 -592
-11412 1936 -10572 2687 1211 -3850
-10176 1304 -9892 1267 3070 -3939
-10636 -188 -9732 1382 4188 -3176
-12648 1228 -10116 -169 3714 -1863
-15136 224 -9120 -4378 573 845
-14848 496 -6456 -4824 -2790 187
-14044 -280 -8260 -4511 -4987 -287
-13648 1256 -6164 -3774 -5220 -661
-12028 -3408 -10096 -989 -5017 2247
-12620 4144 -22164 751 3756 3279
-14056 16904 -14464 254 -391 -1724
-17500 4980 -13204 -5437 -2181 1822
-10140 1620 -9612 -5233 2864 4380
-10256 3800 -8152 -2971 1728 5023
-12908 5100 -7068 -2325 1740 4751
-11528 4912 -7836 460 1988 1422
-12176 5472 -7424 873 3229 1649
-15436 3868 -2628 2939 -1393 852
-13732 3316 -3664 5403 -6329 -2748
-17668 7436 -9856 3253 -1883 -538
-10296 7412 -10912 1496 -1011 -76
-13788 7656 -17532 149 264 -1409
-13360 6176 -13476 -215 -131 1067
-13844 2728 -12872 4081 -1094 -1937
-12564 3104 -12640 3709 2744 -1991
-12120 2876 -10972 4535 1585 -2873
-10804 1552 -9764 4974 2466 -3164
-12028 616 -9736 4163 2262 -4370
-10828 88 -8920 2407 2613 -1159
-12824 1180 -9484 -191 3011 383
-15516 2188 -6988 -2447 441 635
-16216 2036 -8316 -3243 -2892 -1790
-15596 -2256 -11416 -827 -3932 1515
-15604 872 -18916 3001 -2003 4374
-10192 13272 -11936 -3252 -4869 2818
-12372 7448 -11840 -5834 -2671 2895
-13852 4936 -13916 -2569 2345 1362
-12424 6708 -10648 -5827 -64 2552
-10664 5548 -7140 -3791 2228 2622
-11108 3168 -7312 -1368 1021 1795
-9900 4432 -6668 199 1510 1607
-12432 4764 -5204 3751 1147 541
-16504 2220 -3752 6277 -3259 -1544
-13072 3468 -6032 5387 -5609 -1777
-15272 4524 -11796 6754 -2408 -1904
-13928 9720 -17248 3521 1741 -1090
-16288 7176 -16512 2077 -560 -245
-12592 292 -12956 3897 6 -884
-13180 2608 -12176 2382 -193 -3312
-11232 2232 -10628 1455 1388 -1403
-11208 1004 -10208 1868 2930 -2488
-13888 340 -9416 2076 3063 -2598
-10764 -1608 -8964 3175 1533 -1895
-13628 1072 -11084 -342 4436 1456
-16000 972 -5180 -1091 580 1841
-16628 2592 -3664 -1195 -5044 328
-12052 3684 -8628 -6921 -5273 848
-22736 2892 -26152 -3301 2493 3542
-17620 7384 -18156 751 -3043 -158
-4440 3912 -6064 -7316 -7292 3260
-11780 -652 -9560 -477 -27 1278
-12804 3864 -9876 3422 -1343 2471
-11944 2560 -7844 4477 -4032 1168
-13556 4180 -7816 6342 -2520 2032
-12092 3280 -6956 8707 -3275 2434
-11716 1380 -6244 13004 -613 2770
-13116 3972 -6364 12583 -4169 2728
-9968 -1680 -7136 15207 -3225 993
-13104 9352 -6324 10032 -1064 1404
-25884 3844 -30772 7062 7120 5344
-16004 5120 -10464 5414 -4415 6179
-12156 -616 -14332 13126 671 1905
-12948 2048 -12096 12415 2462 2682
-11400 3540 -10812 10516 174 3539
-11736 -304 -11352 9506 2210 4748
-12772 216 -10056 10456 611 3398
-11228 748 -10244 9353 1371 3364
-13204 376 -10396 6981 570 4296
-14024 2152 -9360 4438 -341 5001
-15420 2200 -7528 1132 -2464 5290
-15492 172 -8124 205 -5119 3610
-16652 936 -15976 150 -92 3558
-13948 4276 -16700 1879 -1610 2845
-8492 4388 -12788 5668 -230 5213
-16768 2876 -11636 3976 -3350 6795
-9936 4444 -9868 5172 -5041 5078
-10396 4144 -10428 2696 -1434 6692
-11876 5076 -9732 3063 -2782 4500
-12664 5856 -8376 1777 -2783 2576
-11748 3844 -8160 2669 -2128 1383
-13652 3340 -6756 3115 -2707 1626
-15016 3140 -5896 5138 -6280 1901
-12040 1228 -4468 10253 -7485 955
-13600 4384 -8604 8732 -4339 268
-19496 9048 -9224 -678 3977 9217
-14092 -1176 -11172 13964 -3516 -5521
-10732 8056 -11784 10355 2061 -589
-10116 2308 -9892 6180 1307 -1559
-11520 2792 -9772 7689 1939 -630
-12116 2380 -10260 6021 -469 -1456
-11320 1688 -9612 4210 1775 -1231
-12456 1056 -9904 4526 1862 -790
-12584 992 -10632 2814 1286 642
-14580 1664 -8444 284 673 2336
-19800 4696 -5628 -3633 -6050 3735
-13796 1844 -7980 -1761 -3902 -148
-15928 1944 -9152 -7407 -4974 2489
-16028 -980 -21368 -656 344 1239
-15464 9868 -15056 3079 -786 -838
-13024 4656 -9956 -153 -5765 2097
-13860 2252 -10356 -563 -3699 3316
-8876 4744 -9244 -1011 -5348 4366
-10072 3804 -7980 1625 -1551 4116
-13132 5096 -7744 2949 366 2395
-12068 6060 -7920 2815 1359 3103
-13580 4128 -7160 2944 2028 1565
-15552 4008 -4272 2456 -1423 2299
-13904 1020 -2864 6568 -2546 1828
-14416 2788 -7372 8888 -1643 81
-15712 14472 -17712 611 1409 1905
-15956 7796 -11540 3390 4401 196
-10020 144 -15432 11473 5830 -1255
-13244 8352 -11936 6352 1886 -363
-10568 3224 -10560 6513 1090 -3081
-10176 2348 -10584 5947 2294 -2810
-10760 2132 -10512 4651 2286 -3160
-11828 1860 -11212 3425 1350 -2498
-11664 876 -10956 1683 1434 -1787
-12044 1484 -8920 -1080 389 357
-14976 1128 -9636 -874 50 -481
-14760 3052 -6184 -3778 -1315 344
-14184 3964 -8864 -6622 -4722 -841
-16144 -2952 -16968 -1772 873 1320
-17380 6148 -22428 1513 1880 3275
-9120 7876 -16072 -2499 -1325 1282
-11368 3028 -10840 -3163 -1393 3069
-9332 3332 -10228 -3628 -717 2644
-10020 6076 -8940 -4408 -728 2811
-10896 3928 -8564 -2121 585 1717
-11316 3572 -8456 -383 -1 -56
-11156 4608 -7964 -231 1303 650
-13920 5592 -6604 1171 -970 -195
-15628 3260 -3644 3372 -5939 -1408
-10688 2344 -5992 4270 -7154 -1933
-15328 3360 -9060 7423 -1882 -1415
-14260 15816 -21848 -547 1603 2056
-15240 3600 -17656 1038 -2060 2944
-11928 4620 -11892 8952 340 -2830
-13052 3996 -11232 3719 388 -3146
-9720 2528 -10908 3110 2756 -3082
-11180 2148 -10172 2542 2749 -2962
-11372 1668 -9884 2523 1942 -4328
-12116 624 -11112 752 2316 -1761
-12792 364 -9776 395 1588 -1371
-14472 1596 -8408 -2288 355 139
-15628 488 -5516 -4300 -2321 -186
-12660 1908 -10164 -4378 -1058 733
-13724 5176 -12040 -8049 -4715 1933
-19020 6148 -20280 -3030 3255 459
-10784 13472 -13788 -6672 -2926 -2318
-15268 -32 -11992 -7677 -2396 1456
-12060 1252 -9376 -2846 -1482 3847
-9092 4916 -8516 -143 -2283 3438
-10384 4060 -8260 1052 533 4778
-11192 6528 -9052 1340 -26 2990
-11048 8192 -7400 1295 315 1713
-12704 4784 -7524 1946 642 801
-14684 3344 -4684 4290 1703 611
-16584 3404 -4164 5393 -2239 -590
-13108 2360 -6824 7057 -4742 -1695
-14168 8152 -15096 4863 1892 420
-18292 13760 -17692 -2069 3927 2050
-9236 5872 -12028 2674 1231 -5282
-10912 1920 -12208 6484 3304 -4701
-12048 4340 -10900 3220 2088 -3952
-10216 3352 -10136 2785 370 -2601
-10812 2364 -11160 879 766 -2618
-12312 2336 -9736 1809 1578 -3869
-11700 1060 -9892 1309 913 -2724
-11796 1012 -9612 -854 1990 -784
-15100 840 -8320 -3188 862 -259
-15644 2640 -6124 -5922 -3153 -124
-13220 1800 -11544 -7243 -3278 1845
-16804 -1232 -22772 6333 2342 193
-14184 12248 -17080 2143 -70 63
-11152 4392 -10436 -2169 -386 2877
-12828 4068 -11576 -1521 -780 2556
-10088 4088 -9104 -1028 -2498 3288
-10688 4052 -9684 -1093 -444 4239
-11564 5808 -9104 -756 -1715 1630
-10056 5212 -6984 -1897 -991 1338
-13288 5304 -6832 942 273 371
-16048 3192 -3436 3320 -4843 -706
-9308 2432 -8140 2228 -8533 -2156
-14080 3988 -5576 7642 -2194 -3928
-13364 12848 -25492 2059 5619 -2783
-17004 3632 -19116 -6861 -2575 9053
-10816 480 -5936 10212 -3169 -9371
-12776 5360 -13796 1532 3294 2638
-12776 456 -12372 2030 441 850
-12784 3284 -9260 3567 -692 -1915
-13184 3900 -8824 1418 653 -2073
-11812 48 -9372 -1078 -201 -1662
-13896 2104 -7940 -1783 -767 -1505
-13912 2320 -2916 -4192 -3786 -1287
-12372 496 -6088 -5429 -4631 -1000
-14068 5800 -32216 -6434 3826 5167
-29356 10316 -19868 5455 -68 -4950
-7180 4600 -10020 -10259 695 3381
-9944 16 -9124 -3389 2977 1575
-11336 5368 -8448 -3358 1696 2564
-15084 4584 -5924 -667 399 -347
-12788 3624 -8888 657 3060 930
-13192 5692 -7396 -483 593 681
-11768 4024 -6844 587 881 429
-13860 4520 -6568 2571 868 289
-15564 4208 -5016 3422 -2588 -528
-15908 1464 -2820 5464 -4520 -1544
-13404 1172 -7528 7852 -6743 -1999
-20796 16188 -21588 -945 -1310 6017
-16964 1920 -15632 4329 -2970 1037
-9268 1896 -11788 10819 749 -2243
-14364 5136 -12516 4563 1261 263
-10640 3136 -10240 2475 583 -1242
-12420 2200 -10208 3025 1338 -1964
-13000 1596 -11520 2144 3101 -2150
-12260 2560 -10596 280 1848 -1666
-13148 2412 -10600 -1241 1491 -1778
-13808 1784 -9924 -2157 788 -1593
-13688 1668 -10288 -3766 -37 -1350
-13440 3444 -10448 -5489 -1866 111
-13476 2532 -10992 -4792 -1848 -780
-13760 1740 -10580 -2581 -1428 -881
-12936 2676 -10024 -2083 -532 -1414
-12284 3616 -9560 -2829 -659 -1320
-13244 2396 -10080 -2236 625 -1246
-14696 2788 -9756 -1397 310 -669
-13796 2912 -9428 -1529 -408 -494
-13500 2596 -9300 -1021 -436 -146
-13964 2740 -9160 -492 55 -113
-14024 2996 -9524 -389 -292 -101
-13820 3084 -9528 -694 -352 -115
-13512 2412 -9284 -113 -251 160
-13684 2712 -8832 357 356 307
-14108 2652 -9036 570 684 264
-14124 2956 -8996 630 489 311
-13784 3268 -9060 346 444 405
-13880 3396 -8872 127 403 300
-14084 3236 -8804 46 256 60
-14068 3212 -8868 -56 94 135
-13952 3344 -9080 -329 -344 -41
-13820 3136 -9084 -403 -141 -95
-14124 2856 -8908 -178 -347 -135
-13672 2928 -9188 -151 -104 -238
-13612 4368 -9348 -2130 310 -637
-13956 3020 -8716 -2570 -223 -1191
-14264 2348 -8628 -1119 -140 -695
-14172 2728 -8304 152 -1067 160
-14072 2756 -8604 1500 -963 790
-13924 2988 -8520 2289 -1063 1077
-13884 3244 -8428 2569 -685 1113
-13816 3396 -8272 2610 -209 953
-13904 3492 -8524 2470 218 770
-13776 3484 -8676 2372 822 526
-13928 4044 -8752 1494 966 328
-13732 4208 -9156 534 959 -200
-13760 3888 -9100 -347 1135 -609
-13952 3620 -9388 -1133 1007 -728
-14016 3072 -9008 -1154 767 -763
-14048 2740 -9100 -806 355 -699
-14076 3024 -9208 -561 -165 -661
-13916 2892 -9016 -239 -476 -506
