15620 -6980 500 424 114 111
15404 -6792 380 311 400 96
15280 -7020 144 480 229 34
15436 -6976 164 517 -37 118
15260 -7056 268 761 -344 -26
15652 -6892 568 794 -295 110
15548 -6828 424 305 212 306
15544 -6764 252 382 296 222
15508 -6692 364 86 293 -31
15260 -7056 440 484 -124 -260
15384 -6932 512 703 -424 -285
15456 -7196 564 710 -269 -28
15524 -7148 520 776 -83 228
15572 -7036 468 651 232 471
15548 -6788 408 840 189 462
15492 -6624 380 812 169 286
15336 -6756 312 719 -8 -21
15380 -6856 348 647 -128 -160
15348 -7044 348 484 -52 -219
15404 -7260 548 464 -136 -189
15484 -7268 836 655 -90 -50
15572 -7160 956 667 156 235
15428 -7020 772 713 329 275
15396 -7032 644 774 331 282
15268 -6900 528 866 214 183
15260 -6888 336 617 215 70
15052 -6684 340 556 0 -22
15308 -6996 564 378 -378 -357
15288 -7140 724 398 -524 -445
15408 -7288 952 552 -249 -209
15400 -7236 872 499 77 55
15256 -7216 880 605 183 240
15280 -7080 700 633 112 248
15252 -6968 820 605 -105 183
15148 -7080 528 779 -418 -17
15332 -6796 696 738 -796 -249
15292 -6684 792 764 -934 -278
15264 -6360 832 99 -681 -408
14816 -6328 948 -419 -871 -481
15240 -6428 920 -825 -876 -346
15060 -6840 936 -1186 -888 -224
15472 -7612 1036 161 -1442 -14
14384 -7216 1004 658 -1311 668
15564 -8048 488 581 -1490 -309
16080 -8796 -392 1910 -3265 -2051
15884 -8476 -192 2862 -3698 -2603
14120 -7420 -280 1015 -2490 -1502
14460 -7408 -428 1555 -2113 -2125
14468 -6916 -696 -67 -1401 -2398
15728 -7536 -532 -1215 -164 -3278
15812 -7760 352 -695 613 -2963
18984 -7336 -124 422 2196 -893
20068 -7500 -1228 -3207 5156 -235
19556 -9644 1396 -3816 3374 -553
19592 -7332 1616 2762 4302 1776
16808 -3732 420 -2126 8693 7052
16220 -836 752 -3424 7441 7899
15644 -2192 -1400 -1487 5789 2810
13048 -3116 -1000 -1337 5056 152
11096 -3884 44 -1082 2771 -749
11256 -5596 844 -2447 452 -2738
12136 -7320 1832 -2444 -1846 -4746
11992 -8080 3040 -1557 -4806 -5049
12680 -7864 4112 1785 -7622 -2440
15560 -7620 3132 3105 -7634 286
22456 -10408 2232 3465 -7720 -480
18192 -9388 1296 4770 -4630 -125
17104 -7708 528 8124 -3747 4344
18216 -7884 -2188 5938 1281 958
14824 -7156 -2872 829 4427 1717
13696 -7372 -2064 1852 2140 3795
13876 -7348 -2292 7565 -1047 3671
15056 -6060 -2124 7017 -1431 2081
16172 -6984 -1648 4090 -601 488
15872 -7136 -1628 2322 2028 796
16100 -7256 -72 971 2984 1579
17348 -6268 -744 1118 3980 871
16436 -5616 -876 -4672 4402 -2925
17036 -7988 -144 -5732 1234 -6789
15048 -6968 1804 -1472 -400 -4903
17844 -5628 2260 -1187 778 -743
13748 -3892 1176 -5640 4863 653
11328 -4916 2320 -6175 4110 952
11160 -4908 2004 -2755 1187 -772
12308 -6200 2600 -3176 -846 -1834
13468 -7168 3344 -1754 -3239 -2984
12960 -6732 3560 -320 -4953 -2460
14232 -6996 3828 707 -5487 -620
21164 -9700 1600 -1046 -4856 -440
25392 -12612 104 -1720 -3260 -2425
16792 -8904 2252 6340 -3871 1464
15840 -6964 -308 12337 -3130 4601
13944 -5444 -1952 8340 1417 2803
12468 -5472 -2276 2296 3217 4039
13072 -7124 -2592 3436 1881 2784
13988 -6672 -3028 5605 -146 1259
16172 -6980 -2212 3453 -1397 -1253
14812 -6248 -1900 2766 -1752 -1767
14532 -6132 -344 3631 -2929 -1514
17596 -6596 176 5786 -2770 -3271
21112 -5784 -2156 2181 1578 -3304
20800 -5332 -2788 -8211 6455 -3508
18604 -7488 -248 -7358 4213 -2263
18136 -3896 1008 444 2224 1862
11884 -472 1152 -5332 6991 2730
8312 -2232 1852 -6208 7318 2070
10936 -4648 1588 -4460 3966 -1276
14880 -8428 2032 -3566 -82 -4063
14924 -8376 4088 -348 -2449 -2433
12704 -6440 4176 294 -2255 743
12256 -6740 4428 -1134 -1907 22
14196 -8540 4368 -1116 -2149 477
20604 -11664 2716 -1280 -4011 1501
23452 -13984 1904 3001 -5551 -27
17568 -8416 1128 8538 -4392 5970
16064 -6184 -288 7759 -1495 6469
12492 -5352 -1296 4033 541 5285
11832 -5988 -1388 3890 -622 4752
12700 -6720 -2024 5752 -2182 2495
14288 -7420 -1864 6166 -2628 -44
14724 -7540 -1604 3474 -1222 -1228
13080 -7628 -872 970 -813 -1512
14300 -8188 -88 2556 -2884 -3135
18224 -8196 1808 5825 -4026 -4634
22952 -8272 -1860 4156 -802 -5856
22796 -7812 -1620 -7391 3753 -7584
17584 -6492 460 -4872 2298 -4434
15288 -2308 480 885 221 440
13676 -1296 -1276 -3702 5610 -306
11268 -3060 -660 -8961 8177 117
11476 -4948 132 -6737 5753 -196
12268 -6192 960 -4529 2609 -1265
13736 -7100 3000 -1514 -915 -1755
13052 -6752 4112 203 -3018 -1671
12356 -6104 5088 -18 -3683 -855
14028 -6800 4792 -871 -3080 547
21992 -10388 3304 -2704 -4098 400
22556 -12444 2020 1735 -3051 -1875
18412 -8068 2580 5907 -951 5517
15588 -6448 548 6878 1399 5776
13244 -5460 -64 4369 2470 4367
11428 -5560 -884 1924 2259 4207
10908 -5920 -1416 2667 -5 2607
12160 -6492 -1332 4539 -2490 189
14348 -6884 -1448 2771 -2854 -1754
15456 -7312 -812 556 -2185 -2543
16784 -7888 260 85 -2878 -3817
18700 -7792 2416 4232 -4346 -5532
20508 -4916 1108 4116 -61 -5373
22008 -4804 -2660 -10639 7670 -4778
17244 -6632 1280 -12377 5138 -940
18160 -4832 -492 3370 -145 3272
13936 -1712 -1196 -1883 5575 2075
10804 -3720 232 -7608 5886 2730
10788 -4756 1112 -3349 2568 1335
12900 -5268 1764 -1401 212 -631
13788 -5632 2776 -2119 -2069 -2715
13828 -6200 3504 -2456 -3925 -2920
14592 -6596 3772 -263 -4744 -2643
14836 -6416 3236 -1068 -3226 -745
21588 -9936 1980 -3691 -2359 -257
23036 -12632 1032 -792 -2209 -3170
16196 -8464 2332 7098 -3126 4489
15632 -6480 -248 11453 199 5504
11992 -5220 -980 2861 4150 4061
12540 -7196 -1792 1177 3299 3555
13480 -7504 -2248 4586 780 2874
14780 -6776 -1748 5444 -1420 1302
14688 -6384 -1544 3173 -2030 20
13744 -6032 -812 1570 -2263 -1040
13348 -6188 20 1389 -3209 -2062
17316 -7408 840 2995 -4044 -3527
22552 -8064 -1776 2025 -1408 -5327
23160 -7352 840 -4494 1029 -5207
20536 -7468 2680 -1916 2720 -5465
15552 -4284 3560 710 4459 1651
14916 -3316 1296 -196 8599 4828
10964 -2984 -348 -5316 11160 4428
9720 -4440 212 -5888 7905 3509
10600 -4388 1708 -765 3333 1448
12572 -5336 2336 560 2574 -753
14344 -6704 3452 -1947 1841 -2305
13952 -7380 4084 -4263 -598 -934
12440 -7388 4456 -1752 -2822 600
15928 -8052 3864 -1496 -4753 637
25048 -13712 4064 -859 -9383 -5093
19840 -10912 4404 1603 -8198 -3574
12556 -6176 2952 4738 -3953 5223
11620 -5916 2516 5738 -3136 4631
12940 -7100 136 6739 -2312 1357
15024 -7680 -932 4300 -354 45
14892 -8044 -1500 2718 460 207
15516 -7940 -1736 3121 387 809
14412 -6776 -1580 3447 108 -594
13220 -6060 -1396 1610 -432 -1384
14032 -6544 -784 1326 -1836 -3181
16248 -6732 1560 2064 -3395 -4590
24024 -7228 -2124 590 -2845 -5916
24288 -7764 -608 -4264 -281 -8919
18200 -3440 3692 902 -2870 -2597
16008 -172 -668 -189 3546 1571
14084 -1592 24 -6514 8736 750
11748 -3148 -192 -5025 7164 1191
11304 -3436 48 -2638 4321 2166
11536 -5008 412 -2985 2035 1907
12044 -5912 1188 -2527 -287 1180
13012 -5680 1512 -970 -3030 316
14160 -5904 3152 759 -6554 -1068
13708 -5636 2912 3300 -7553 -1793
16568 -5224 1776 1304 -7063 -47
23652 -9492 -88 -780 -6797 -2562
21788 -11908 2168 1752 -5089 -5439
19288 -9388 4 8280 -3685 720
18696 -8632 -1284 11626 -59 6144
16232 -6512 -1928 10135 4244 9032
13424 -5164 -1672 6795 5741 10710
12380 -5396 -628 6535 4499 8769
12572 -5900 -1240 8106 2425 4388
15188 -6472 -768 7860 553 578
15252 -6072 -1324 5453 645 -1068
14424 -6056 -1616 2419 795 -1096
15700 -6732 -484 1859 -1055 -2215
18372 -7228 -584 1047 -1673 -3706
21508 -7452 -1092 -2694 -123 -5344
21604 -9012 -1604 -10099 724 -6714
14188 -7364 3592 -5514 -2803 -4505
13388 -4252 1960 1144 -3530 -1599
12836 -3608 -280 -4938 2546 -1051
10964 -4740 960 -9421 5118 218
11672 -5540 936 -6313 3164 706
12964 -5564 568 -5407 1104 -416
14104 -5904 1456 -5861 -1011 -1713
12484 -5648 2132 -4195 -3433 -2653
13496 -6572 3228 -2517 -5871 -3851
15440 -8156 2288 -1241 -6562 -4204
21420 -11488 1268 -1449 -5556 -4421
21372 -11564 2148 4765 -2033 -4079
20400 -10220 2100 8020 131 2434
19292 -8848 904 12679 1960 6111
16580 -6160 -984 9494 6535 8793
14188 -6032 -1012 5614 7665 9980
14268 -6644 -1812 8249 5387 7952
14712 -5580 -1908 8838 3698 4844
14336 -5268 -1548 4545 3420 2966
13256 -6080 -1836 2240 2290 1372
13408 -5656 -788 2285 -262 -1011
15392 -6216 884 3641 -3738 -2845
19844 -6416 -528 4424 -4426 -4808
25104 -8964 -5220 -4304 -769 -8050
17672 -7052 2708 -8333 -938 -5865
16392 -3320 284 -4510 -3932 -1354
14476 -1772 24 -8360 -111 -3338
12744 -3508 1444 -12444 817 -4900
11588 -4676 1536 -8962 -1766 -4787
13612 -5588 1808 -6512 -3513 -5520
14520 -5712 1800 -5915 -3099 -5724
14408 -6152 2004 -6037 -1820 -3888
13960 -6656 2468 -4192 -705 -2039
14632 -6224 2752 -3748 -953 263
20972 -8908 1104 -2119 -2920 714
27076 -11472 1396 2295 -1746 -2202
15280 -6420 2232 2673 2885 6559
15776 -7288 2184 8582 2139 10935
17020 -6196 -676 14602 3446 7263
16404 -5512 -1900 8607 6864 6954
15048 -6152 -2336 4535 7147 7301
14416 -6360 -2660 6041 4796 6107
14656 -5784 -2264 5797 2525 3380
13708 -5476 -1888 2609 1215 1309
12760 -5460 -1112 1817 -696 -330
14424 -6088 356 2800 -2614 -2141
24096 -6860 -2160 -1154 -4231 -5792
21696 -6936 -2256 -6770 -2410 -11141
18568 -5644 5048 -3465 -7075 -5778
16120 -1684 -416 866 -1825 -2374
14632 -1612 392 -10218 5635 -2590
14076 -4792 -280 -10306 4775 -2926
13728 -5168 52 -5944 2365 -2167
13388 -5328 508 -5776 1137 -1875
13028 -5500 1220 -4661 -413 -1485
13120 -5608 1936 -3658 -2262 -1597
12952 -5724 2624 -1854 -3776 -1918
12164 -5352 3368 -58 -4710 -699
14340 -6324 2664 1297 -4785 677
17612 -7260 1224 2071 -4367 1105
25320 -10928 432 1547 -5015 -446
21380 -9844 -1420 6303 -2869 -86
17552 -6452 -2120 9946 -819 6350
15564 -3312 -2980 8064 1384 7605
17132 -3616 -5148 2616 4907 5701
17088 -4612 -6784 -1229 7097 4382
15612 -5336 -5772 -1721 4714 2485
15252 -5564 -4780 659 406 624
15756 -5832 -3112 2004 -1001 -311
16100 -6172 -348 3747 -887 -1462
18328 -7008 -12 3283 651 -2992
18216 -7060 772 -1230 2504 -4129
12480 -6308 2872 -4265 894 -304
13792 -7388 1824 4928 -2193 -197
16276 -5640 1020 5464 -516 -2195
15848 -6500 1076 -2719 2528 -491
15556 -7432 688 -1264 2704 1261
15136 -6080 604 955 1670 1278
14808 -6352 676 360 598 439
15000 -6388 880 1451 -296 32
15276 -6528 968 1536 -866 76
15616 -6420 924 1146 -609 132
15368 -6584 1160 637 -343 389
15472 -6564 1128 1241 -668 374
15432 -6568 1344 658 -352 376
15524 -6632 1428 812 -243 428
15376 -6660 1184 541 -71 405
15588 -6784 1244 782 -11 335
15444 -6640 1280 716 82 257
15340 -6732 1172 707 -12 49
15100 -6912 904 795 -332 5
15072 -6912 908 1114 -712 -158
15232 -7012 836 808 -736 -212
15384 -7208 1032 933 -770 -176
15616 -7196 1080 838 -705 167
15516 -7324 1336 942 -473 454
15676 -7776 1412 1448 -42 676
15740 -8168 1748 2034 644 1562
15736 -8732 1876 1695 2307 3858
15588 -9140 2608 -579 4585 6512
14952 -9140 2224 -2387 7372 8097
13988 -10452 2948 76 8742 8278
12768 -11552 2924 3658 9548 7769
11968 -9364 6400 1494 7621 7323
11072 -12348 5084 3752 6138 7428
10720 -8996 4896 6939 5595 6442
9860 -10912 6264 -134 7105 7321
8496 -10164 5432 -2474 6580 8067
7128 -12328 4636 -2832 6044 7184
6540 -10648 5716 4714 2475 4032
6364 -11032 6336 946 1841 2840
6012 -10948 6532 3964 29 1559
5992 -10328 7356 1277 16 443
5652 -11364 7036 -1539 -374 -239
