-14564 1832 2968 471 80 -1
-14692 1600 3108 491 64 -31
-14720 1788 2968 618 -13 29
-14496 1844 2932 418 43 -12
-14516 1828 3024 560 -103 -135
-14340 1460 2924 602 -80 -288
-14592 1884 2892 545 94 -237
-14664 1364 3112 622 119 -140
-14616 1776 2828 817 453 -172
-14540 1344 3064 1128 446 -181
-14244 1324 2764 1581 1087 -363
-14512 1904 3064 1214 888 -367
-14648 1912 2484 1126 878 -573
-14416 1824 2496 586 817 -829
-14940 2016 2444 560 967 -910
-15092 1700 1704 197 1180 -392
-15344 928 2100 -92 673 -257
-15164 1056 1892 134 368 -145
-14952 1216 2192 683 -155 36
-14940 1560 2272 553 -402 205
-14680 1236 2008 269 -527 135
-14772 1456 2088 150 -448 139
-14600 1208 2212 108 -239 136
-14756 1424 2208 59 -332 198
-14988 1364 2296 -69 -468 347
-15140 1100 2340 473 -708 382
-14856 1452 2308 368 -626 515
-14936 1812 2272 -20 -943 304
-14816 1644 2232 -26 -945 100
-14468 1540 2600 169 -1038 48
-14652 1488 2876 76 -1110 89
-14476 1412 3020 252 -799 88
-14556 1416 2612 237 -823 99
-14488 1488 2880 669 -590 89
-14636 1504 2944 491 -342 91
-14372 1644 2968 603 -77 23
-14212 1356 2972 489 6 39
-14556 1452 3564 664 121 31
-14416 1640 3020 688 52 90
-14532 1512 3416 573 -38 100
-14516 1628 3444 645 -70 41
-14532 1488 3156 601 -181 24
-14576 1560 3248 598 -199 -68
-14428 1608 3068 653 -312 -62
-14552 1380 3044 537 -233 -75
-14392 1740 3244 484 -227 -60
-14460 1468 3196 512 -139 -69
-14628 1592 3152 518 -51 -99
-14344 1412 3044 472 17 -62
-14456 1544 3316 495 425 16
-14280 1704 3360 440 491 77
-14284 1524 3212 529 650 6
-14684 1604 3124 549 629 7
-14736 1572 3120 491 416 61
-14600 1620 2704 822 273 -30
-14704 1480 2708 457 84 -7
-14704 1556 2876 437 -218 31
-14504 1516 2672 558 -123 -41
-14580 1452 2832 644 -67 -55
-14352 1524 2416 779 267 -85
-14548 1516 3232 832 681 -101
-14512 1580 2840 694 195 -126
-14284 1512 2968 742 585 -123
-14720 1504 2880 746 472 -144
-14772 1312 2920 802 311 -162
-14628 1684 2508 936 221 -138
-14784 1124 2540 533 40 -143
-14704 1548 2636 443 -185 -153
-14508 1364 2652 614 63 -188
-14872 1604 2332 820 118 -103
-14552 1416 2644 844 439 -15
-14576 1364 2848 888 546 65
-14428 1192 2564 1058 615 37
-14308 1144 2772 1201 819 -125
-12916 140 2300 1767 1938 -406
-14072 324 2548 2689 3348 -687
-15888 228 2896 3408 3467 -852
-15776 292 2372 3544 1917 -537
-14008 2764 1220 1380 1482 164
-15032 4324 676 757 2197 1075
-18120 3660 3512 -89 3239 1336
-13780 2184 2408 -958 2164 1192
-12840 2036 1156 -459 2447 368
-13904 2828 1480 -227 1845 -52
-14308 3232 2148 35 1341 -402
-13748 2648 1864 474 868 -809
-13836 2820 2120 481 323 -1651
-14644 2496 2124 797 -890 -2274
-15924 2404 3244 923 -3020 -3052
-23064 3052 -704 1637 -2245 -2532
-23948 -3572 -2284 922 2159 -1657
-12284 -2484 -2908 3882 -693 470
-15400 -792 -1984 3556 441 251
-13260 -288 -952 3443 1300 665
-12504 -764 -892 4827 1381 1438
-12500 548 -116 4256 1367 1163
-13592 1076 392 2630 1761 1295
-14568 1060 484 1943 1359 1415
-15128 1172 -284 573 755 2014
-17284 572 812 40 -1805 3087
-15448 872 1396 -1389 -4722 3888
-17744 2228 -3176 -682 -3283 2965
-22796 9140 -772 -4457 -2241 2720
-15020 5532 -2676 -4801 -453 3219
-17284 4376 344 -3034 -430 2106
-11624 3048 -40 -3685 712 632
-10484 3164 -56 -3124 1015 -321
-9832 2776 836 -2289 791 -833
-12088 3128 1348 -1735 -26 -1256
-14164 3424 2444 -1672 -59 -1448
-14500 4060 2640 -1428 180 -1389
-14240 3324 3324 -513 -1598 -2372
-14820 2964 4728 146 -1729 -3260
-16952 2196 4948 1925 -2914 -4835
-21056 2772 1952 1983 -568 -5312
-13900 -3892 -3924 5163 1994 -3078
-18960 716 -1684 5192 650 -1739
-17400 1120 140 4570 1111 -898
-12584 -1524 404 5855 525 -989
-11716 732 -440 6151 721 -730
-13340 448 -244 5272 1435 -349
-14312 -64 1580 4158 922 -535
-12744 28 1484 3321 550 -530
-14240 580 640 1787 644 -159
-16700 544 1116 456 -248 1239
-16064 -92 2696 -1541 -3357 3302
-17108 1588 4252 -3538 -5009 4442
-23168 1244 1124 -2363 -1204 2657
-15028 7472 -1264 -6065 3990 3183
-10724 4176 -3396 -4687 2269 2624
-14584 2920 -1548 -4656 3724 2017
-12624 3484 -268 -4993 3435 954
-13472 3100 20 -5352 3319 -194
-13456 3172 -360 -5006 2146 -859
-14204 3464 620 -4355 1619 -1274
-13560 3228 536 -3847 799 -1483
-14432 3260 464 -3526 -97 -1803
-15392 2688 496 -2337 -2763 -2747
-15944 2136 3708 -1111 -5488 -3687
-23484 3948 1308 -338 -3383 -2987
-23072 -620 -440 -3810 1032 -965
-10632 -332 -3556 -913 -3074 1720
-13736 -780 -2060 -1246 -1146 1756
-14112 1008 -616 -3639 -488 1678
-12288 48 240 -3820 -1272 2776
-12720 644 668 -4208 183 2691
-14172 1092 1908 -5235 1849 2596
-14144 1340 2468 -6125 2500 2466
-13240 1204 1436 -6922 2753 2080
-14036 1212 820 -7277 3405 2450
-15948 1084 36 -8841 2546 3968
-15312 1164 2608 -10455 402 5494
-18808 3920 1692 -11598 -3775 5770
-18996 6332 -2544 -10449 1595 3756
-13952 7080 -1628 -11362 5119 4657
-14580 2492 -1404 -11162 2328 2588
-13572 4608 -328 -9908 2776 1584
-12444 3936 -24 -9626 2178 913
-13504 2988 1060 -8987 956 71
-13256 2556 1248 -7407 369 -371
-12864 2468 2440 -5507 -211 -1223
-12660 2332 3172 -3934 -2117 -1954
-13340 2136 2832 -1784 -4258 -2618
-13684 1552 4508 -476 -5359 -3053
-26292 1444 4544 2090 -4513 -2477
-19300 184 964 -1147 -313 -1193
-13076 180 696 3110 114 892
-14104 600 456 1521 859 1432
-12784 436 600 -248 1883 1155
-13328 540 1776 -213 2103 1769
-13980 908 1624 -713 2741 1908
-13392 636 1796 -1978 3246 2013
-12860 656 1832 -2972 3242 2215
-12768 588 772 -3630 2643 2416
-13928 240 1356 -3787 919 2635
-15812 -76 3416 -4368 -1725 2675
-19200 4072 3340 -4357 -4647 2438
-23616 8424 -672 -4956 3653 1759
-11456 4932 -948 -2736 4896 2707
-16624 2840 -660 -3475 3802 1023
-12656 4736 500 -3305 3176 -63
-12484 4224 448 -2256 2156 327
-13656 3452 804 -3028 2781 -56
-14028 3688 1036 -2790 2654 -48
-13504 2500 860 -2128 2541 130
-13444 2800 660 -1031 1338 196
-15668 2924 1096 643 -1491 -1381
-13964 2964 1600 1442 -5014 -3690
-13788 1508 1232 3605 -6885 -5591
-18164 1112 -3460 4199 -3559 -4903
-22932 -1536 -2268 4766 850 -2682
-17624 -1980 -940 5481 -451 -1288
-17244 372 360 5567 539 -1165
-13944 -540 -92 4757 1518 -818
-11712 116 -896 4457 1635 -322
-12080 256 -276 3305 1898 -115
-13508 -372 764 2424 1715 60
-14096 -368 984 2077 1481 244
-14620 -340 20 1249 1361 700
-16480 60 716 -393 -361 2030
-15516 -40 1952 -449 -3542 3217
-14880 1564 1516 -225 -2347 3271
-17212 2772 1784 153 -3218 2715
-18016 2920 -932 710 -1741 1354
-14820 5652 -2592 110 1572 -108
-13188 4940 -1260 -2544 628 -587
-16648 4252 1708 -3219 1317 -77
-13868 2964 1192 -3765 1364 -244
-12248 584 1576 -3308 1808 -825
-13724 2304 1940 -2399 1929 -936
-13944 2052 2196 -1255 1920 -882
-13344 2416 612 -232 1663 -1092
-13852 2880 1116 590 -1924 -2634
-11632 1004 976 2283 -5016 -3013
-18072 -632 -496 1780 -4289 -2278
-24420 1336 -3960 -1200 807 116
-22992 -1984 -388 890 -122 1325
-18220 -636 -900 3559 -877 1671
-16176 -380 -744 3981 -1394 -321
-12796 432 144 4572 -878 -822
-11544 196 -360 4865 62 -1079
-11332 72 500 4475 892 -1514
-11900 -780 1300 3330 1626 -1897
-12256 -656 1296 2126 1991 -2134
-13316 -568 652 1422 1686 -1076
-17568 -336 1964 1330 -550 1424
-18892 -1288 3540 1329 -3316 2339
-15864 1604 2112 -904 -1398 2928
-17644 2520 -8 -156 -2211 3793
-16772 3108 -4464 -861 3409 2594
-15136 4176 -520 -2979 2063 1975
-15408 2324 1556 -2994 588 1870
-12552 2496 1336 -2627 475 1083
-12120 1352 1260 -1670 1528 348
-12348 1884 1204 -206 2551 -529
-12932 1620 1980 599 2508 -1269
-14776 2180 1160 1511 2522 -1835
-15556 2156 716 1828 526 -2503
-16944 2000 2888 1439 -3260 -3598
-17944 2796 2680 1422 -3351 -2521
-17208 208 -676 2351 -4467 -1792
-20224 140 -2172 2734 -540 387
-13684 -1880 -4076 3111 450 2812
-16820 252 1160 3978 304 2536
-13352 328 816 4956 -1278 1345
-12776 496 576 4606 106 840
-12816 1328 580 4040 931 188
-14152 1620 724 3041 2101 527
-14168 1320 2212 1949 2089 525
-15408 904 288 1126 694 1138
-17068 416 380 -183 -3274 2623
-15616 2812 2572 -1107 -8344 4070
-23776 4892 1360 -723 -3714 3700
-15788 6384 -376 -456 -377 2927
-11040 2548 -972 -450 -745 1030
-12984 3376 1200 859 -1193 -426
-12100 3792 1780 2100 -631 -924
-13624 3672 2208 2885 -125 -1889
-13496 3280 2632 4079 31 -2616
-13008 3004 2992 4805 155 -3037
-12556 2960 3056 5690 88 -3402
-11804 3496 2620 6597 -172 -4038
-11688 3560 2184 6957 -1867 -4533
-12588 2796 5780 7474 -4603 -4650
-28992 -516 3576 8411 -710 -4624
-20160 -2760 -36 6370 3062 -3119
-17236 764 -1296 7860 1032 -1478
-16052 -2032 -988 8028 -219 -680
-12000 -816 -192 7740 -869 -1786
-12540 -896 -228 9500 -193 -1042
-13264 172 148 9553 277 -1247
-14156 -68 1488 9217 722 -746
-14056 236 1868 8716 553 -644
-14120 752 1472 7869 658 -68
-15276 724 -88 5962 -521 1384
-16204 1860 2340 3980 -2966 2596
-23000 4092 5636 3385 -3466 3318
-19596 4492 -1752 3554 147 154
-11088 1676 -808 393 -2797 -938
-12864 2164 -1968 2891 -2628 -1064
-16240 2680 700 4571 -1567 -1658
-12456 2140 1908 5054 -1008 -1811
-13008 1220 2272 6366 -660 -1929
-13604 1852 2484 7741 -20 -2408
-13460 2096 3272 8304 453 -2634
-13320 1668 2680 9179 905 -2673
-14116 1936 1340 9184 457 -3536
-15808 2592 3104 9620 -2345 -5108
-16604 2404 3288 10204 -5020 -5912
-22624 1132 1108 9231 111 -4750
-16724 -784 -144 6871 1691 -3724
-13304 1000 -1752 8048 1708 -958
-14728 -1492 -892 7506 1017 -573
-14256 -1300 -180 6912 976 -1564
-13084 -1116 -564 8037 1116 -1347
-13496 48 -264 7966 1685 -1282
-14244 -260 588 6876 1682 -1255
-14176 -156 1000 6096 1889 -1142
-14104 -468 612 5440 1743 -788
-16468 -40 -404 4685 798 265
-18264 -116 1024 2896 -1830 2280
-18340 2728 2616 955 -4322 4733
-21272 1212 -2036 2700 -1315 3962
-18384 5656 -1172 -2265 -1257 3153
-9948 4520 -4988 -2957 -2008 2618
-15124 3652 116 -1485 -1447 2012
-11316 2656 -468 -2543 -502 979
-12156 2736 796 -2200 162 -49
-13028 2936 1108 -812 507 -424
-13292 2992 2308 -346 618 -929
-13532 3240 1796 40 1191 -1272
-14824 3672 1728 -71 1539 -1097
-12568 2092 1932 543 -610 -1824
-13152 2028 3308 2276 -2424 -3726
-15532 3300 5000 3702 -7795 -5142
-27576 1600 1476 8180 -10538 -5171
-16040 -4140 -8248 5142 3940 -3640
-18256 908 -188 5687 3106 -2879
-14872 2280 1004 5876 519 -1065
-8744 -788 -860 1905 594 -1707
-13548 -8 928 1968 2127 -1544
-14372 -1124 1944 3055 3233 -1146
-13160 -880 1396 2053 4024 -1837
-12392 296 1616 129 5315 -1059
-14328 -548 84 -1296 5250 104
-19396 -1088 0 -304 4943 1966
-18640 -244 752 -741 -1082 3846
-17556 -40 2000 -1258 -4479 5474
-20980 3008 1000 -3020 -5940 6190
-20584 4712 -7132 -4059 3478 4990
-11988 5628 -3512 -6028 3256 3907
-11136 1888 -1180 -4558 2597 3449
-9420 2836 -2932 -3699 2781 1446
-12084 2988 -852 -2673 2912 -526
-14968 3288 688 -1756 2147 -1287
-14608 2072 688 -314 2156 -1727
-14308 1988 -888 277 2680 -2100
-16528 3876 -940 671 1040 -2926
-15680 3372 104 1239 -3419 -4063
-15312 1472 1812 3371 -7006 -5475
-21288 2044 -3964 5082 -5362 -5210
-24348 -3664 -5384 6020 1421 -3315
-16468 552 -2500 6358 -3372 -1646
-15088 180 -1612 6593 -2099 -872
-12592 116 -652 5537 -1283 211
-10652 -160 -128 4516 -1617 1574
-10460 788 -316 3828 -553 1567
-12616 1236 1424 2182 1058 1593
-12464 1024 1568 1155 1844 1321
-15004 1336 1364 263 2647 1427
-16504 708 964 -673 1087 2560
-15396 1184 3476 -2315 -3058 4169
-17596 4268 3784 -3368 -4669 4385
-27560 3932 -1408 -3347 -2358 3296
-13228 7828 -4612 -3290 4976 3762
-15348 784 -1480 -5051 -582 1494
-10428 2912 -1148 -3863 566 751
-10680 3600 -1308 -3266 680 568
-13896 3520 324 -2505 1660 173
-13980 4064 1160 -1252 1833 48
-13468 3012 1348 -516 2345 -61
-13748 2576 660 134 2163 -633
-15452 2912 -344 -313 1239 -763
-15344 4588 1792 551 -2240 -1299
-15724 3888 4136 1938 -5774 -1911
-20716 1768 -752 3860 -5363 -3865
-23456 864 -2772 3211 1657 -2580
-11528 -880 -2536 3626 -1970 -755
-12900 1956 128 5393 272 -371
-13540 112 -652 6598 352 -134
-13636 1860 1100 5147 325 -862
-12888 1452 324 4729 2753 -328
-14564 2324 1664 3371 2979 429
-13316 1432 1056 2542 1761 583
-15228 1304 664 1336 1411 1036
-16628 1416 632 -20 -1174 2042
-18296 4720 1720 -1659 -3212 3144
-22620 3588 -2140 227 -1415 1930
-19432 8732 -4856 232 4666 613
-11992 3112 -4500 -3045 1784 -1171
-12808 4056 -2156 -2962 1116 -438
-11872 3984 -1860 -3199 546 -783
-12272 3632 -1092 -4848 1124 -932
-13316 3340 208 -3467 392 -918
-13632 3348 536 -3020 128 -711
-13344 2936 464 -2859 366 -1015
-14256 3668 912 -2676 -426 -1254
-14628 3156 1232 -2010 -3175 -2010
-15356 2484 3136 -1223 -4944 -2569
-23356 728 -276 1238 -2188 -2066
-21992 -2480 -2852 1072 1589 -1705
-16120 752 -2076 2759 -348 809
-15652 1200 -52 3577 -373 1475
-12264 -1080 -1152 3201 -350 452
-11732 108 124 3758 -458 274
-12304 520 -128 3512 250 -245
-13484 756 1556 2950 1467 -308
-14336 1060 1588 2721 1591 -246
-14512 1032 864 1311 971 471
-15772 52 -244 695 -1515 1914
-16316 1400 3528 -832 -6261 3414
-17912 3252 2988 -786 -6632 3002
-19436 5600 -3540 -1563 1956 1507
-11788 6728 -3432 -3708 5792 2868
-19352 2612 848 -3468 1277 695
-12444 3484 168 -3567 1341 298
-12124 2356 608 -3196 770 -675
-13272 3000 480 -1989 1142 -1026
-13316 3272 1276 -756 780 -932
-13300 2584 1768 -214 218 -1380
-13836 2760 2196 63 302 -1534
-13556 2640 2044 504 -678 -1735
-13940 2584 2500 1325 -3671 -2520
-14040 2336 5948 3004 -7174 -3308
-31936 1920 5232 5551 -5020 -3428
-13044 -2372 -1712 1267 1055 -2429
-11776 1264 -3096 6965 938 381
-14456 1236 -1324 4341 317 657
-13976 -888 736 2397 1221 -1043
-13736 192 936 3390 1932 -474
-14964 1180 336 3436 3651 43
-15008 1120 1660 1350 2681 135
-13552 572 1352 249 2416 301
-14036 1048 824 -837 1987 810
-15128 544 -508 -2254 545 2337
-15456 -232 1680 -2887 -2183 3890
-28116 5400 3848 -5158 -5643 3902
-19256 4384 -2512 -2907 2908 2160
-8632 3788 -3848 -5863 3085 4286
-13976 2396 -2556 -6588 1966 2875
-15024 4060 -1344 -3697 3188 2337
-14876 3412 -884 -2490 1681 1029
-14368 3448 -208 -2224 2112 343
-14496 3776 -548 -59 1390 322
-14128 3344 -1456 1515 1108 -6
-15784 4032 -1864 2512 1 -310
-16320 4708 -1204 3247 -2123 -1236
-14540 3592 -372 4719 -5523 -2870
-18928 2496 620 5514 -4243 -3609
-13020 1972 -1056 1941 -2533 -2649
-11612 2892 -712 1603 -1828 -1492
-15800 3048 -732 1337 -1839 -287
-16932 1296 1356 720 -782 -277
-13308 1144 1404 1081 -1134 -836
-15128 2140 1124 969 -862 -864
-15248 2460 692 463 -627 -509
-15140 2372 1444 220 -807 -526
-14628 1844 1060 208 -885 -469
-15128 1760 1120 -312 -905 -302
-14816 1404 1892 -346 -916 -266
-14840 1732 1712 19 -870 -140
-14764 1648 2284 -137 -791 -36
-14900 1584 2052 -6 -725 12
-14904 1432 2204 464 -465 51
-14748 1676 2240 369 -706 69
-14752 1592 2136 475 -500 114
-14944 1724 2460 693 -566 31
-14752 1560 2140 687 -684 120
-14744 1612 2596 855 -531 67
-14612 1892 2592 997 -591 72
-14732 1568 2296 620 -549 131
-14700 1984 2720 767 -582 94
-14588 1876 2444 628 -765 52
-14756 1852 3180 581 -254 292
-14320 1588 2532 717 -546 211
-14728 2100 3184 856 -349 172
-14088 2424 3128 291 -360 10
-14512 2408 3248 -436 -87 267
-14592 1840 2240 -867 -870 64
-15020 996 3628 1348 -672 -223
-15084 1728 3312 2109 -1563 -396
-14444 1112 3140 2864 -2267 -183
-13668 1012 2844 3128 -2319 -675
-14152 1716 4060 3504 -1518 -983
-13820 2252 4328 3766 -1354 -930
-13388 2448 4756 3914 -1005 -1662
-12916 3292 3452 3468 -618 -2898
-14488 3840 3572 1741 2088 -2024
-13180 2220 3632 657 2437 -2264
-15784 424 3220 1637 971 -1159
-15944 -220 3052 3072 188 -388
-15048 1024 2804 4162 -1074 -277
