-15172 -2096 -5080 656 315 428
-15244 -2072 -5228 675 543 348
-15076 -1852 -5428 352 547 -69
-15208 -2308 -5172 275 291 -210
-15164 -2240 -5472 464 24 27
-15164 -2328 -5404 492 -259 190
-15080 -2168 -5032 548 -312 225
-15108 -2076 -5196 706 -171 143
-15220 -2368 -5112 613 79 45
-15188 -2024 -5076 417 77 -101
-15184 -2140 -5084 363 157 -174
-15160 -2232 -5212 331 99 -130
-15160 -2192 -5408 327 5 -86
-15144 -2284 -5224 338 -88 23
-15176 -2144 -5204 350 -48 -35
-15204 -2332 -5228 423 -41 45
-15120 -2212 -5264 352 -80 76
-15132 -2392 -5296 403 -101 116
-15128 -2188 -5220 391 -137 127
-15180 -2312 -5064 529 -109 151
-15020 -2040 -5216 346 -299 205
-15204 -2780 -5108 1835 -249 482
-15164 -1888 -5564 1764 -1492 1180
-15204 -1836 -4308 1021 -885 103
-14920 -2088 -4836 1020 -350 357
-15324 -2116 -4560 932 -844 454
-15288 -1908 -4800 1011 -807 615
-15848 -2056 -4520 626 -1855 1361
-15892 -6000 -5644 1079 -2475 2661
-15580 -3388 -5156 -653 -2828 4346
-16688 1712 -1636 58 -4267 5584
-15916 -428 -2060 462 -2123 2853
-17304 380 -6196 1546 -9947 4919
-18096 20 -3240 122 -2421 4400
-20552 -3264 -4432 -1472 -6754 9292
-28328 -2392 -7344 -1900 -10738 16125
-25428 -8468 -7096 195 -12193 20050
-14788 -9988 -9316 1340 -3619 12326
-1632 -9312 -5344 3335 5916 -5000
908 -5524 -4992 10965 14498 -19592
-3092 1180 -4816 9468 17153 -25635
-11480 5860 -3600 1899 17467 -26429
-23384 20340 4492 -10517 1988 -11109
-20980 28340 8116 11823 -4906 7969
-26360 -2524 10540 4048 -3986 14485
-13356 7056 -4568 -5141 -5341 14853
-14572 5416 -4528 -2184 -3113 6750
-22572 4944 -5460 -1403 697 -168
-32768 -5912 -7960 -1701 2997 10075
-19412 -5516 -7540 -13428 -8193 6572
-13340 6240 -9708 -2003 -6863 20557
-8968 -11604 -7436 -7431 -11603 15767
-11672 -7336 -1280 4260 -8841 12223
-13200 2668 -6432 11535 -3382 782
-12300 6960 -1808 -5939 3454 -11269
-11800 364 3072 -641 13030 -23756
-10148 -16 1308 8043 18298 -30987
-15276 -908 3484 9318 12983 -32768
-22712 20592 -508 8887 8703 -26549
-14116 32767 7840 -248 -116 -2319
-32768 32767 3644 -2065 -12699 26327
-24656 14376 1856 -2849 -191 17204
-16916 7236 -5752 -3092 -5506 10186
-21700 4876 -5148 -1779 -340 1125
-31964 -6308 -5504 -2456 5773 5323
-15736 -10816 -5196 -12193 -6486 4871
-16384 6952 -8624 506 -6639 20120
-13432 920 -6576 127 -9699 20771
-12148 -8564 -4272 -5025 -12354 18619
-15380 -4788 -7468 4427 -6926 12104
-15692 3180 -7260 1018 2033 -3219
-12636 5496 -1800 -1917 6414 -18854
-15132 4536 100 2863 12382 -25179
-10480 2288 -2444 9912 16522 -27274
-7664 3576 -2152 8188 12891 -29005
-11316 13208 812 3997 10594 -23774
-16496 20088 7928 754 2400 -8945
-1984 10632 4512 4981 -1378 3764
32767 32767 -15000 6331 8789 16577
-14956 3080 420 -1710 -5996 17018
-15004 3492 1584 -3042 -2973 5899
-21896 5704 -3212 -2695 2515 -1593
-31200 -5864 -11564 -5244 8077 8482
-16108 -11284 -4164 -13068 -6643 3064
-19648 -704 -6980 -3982 -9904 17933
-13744 -1776 -7932 400 -13275 20307
-15032 -5820 -8460 -3026 -13676 21863
-18352 -11808 -9460 4223 -6895 11598
-15356 1720 -8432 -5130 3120 -4609
-10056 3052 1436 568 11275 -20405
-11016 2092 -1272 13259 18372 -26571
-9872 4352 -6660 11711 16704 -31090
-13792 7384 -1992 3665 10649 -32348
-21208 22524 5752 -109 5994 -16764
-8792 26280 8196 1629 714 5458
-32768 -32768 32767 -2312 -32768 22384
-19416 9452 1164 -1428 -7749 20888
-17368 6776 -2068 1026 -3768 5763
-25856 3768 -4276 -2237 2317 72
-27308 -5456 -9460 -13466 5059 4442
-20872 -6616 -10672 -16005 -6866 11876
-15228 -824 -8488 -3511 -10620 22234
-14308 -5560 -6680 -4592 -12087 21217
-16784 -9728 -4276 -745 -12246 18901
-12108 -3324 -7412 8216 -4851 3706
-8884 6412 -4160 3019 -891 -11770
-8468 4684 -1492 3569 7137 -27539
-11832 -628 -916 7791 15174 -32768
-12388 1856 -2316 14842 19701 -32768
-26860 15384 -5192 5062 13233 -32484
-19164 30224 8340 -11655 2799 -12482
-24156 32767 -120 10561 -6365 20018
-26104 -2896 -1220 -6963 -13606 29197
-17060 6448 -7464 510 -4759 12882
-22096 5092 -4764 -2060 -264 2631
-28072 -3048 -6828 -3060 4136 7210
-14904 -8384 -7272 -15114 1251 3206
-16380 3212 -6208 -7628 -9543 14842
-12384 -1124 -6988 -3324 -11091 20884
-17964 -5244 -6104 -5062 -12021 22879
-27144 -7200 -4036 5028 -17358 22452
-17176 -372 -8952 4846 -2558 955
-4472 3164 -4040 -1549 8666 -17761
-6336 224 -52 2316 17021 -30878
-3752 -968 -952 4484 20334 -32768
-13096 -284 3288 10453 16990 -32768
-29288 32120 -80 -1532 11394 -26962
-21556 32767 7960 -6463 -2395 4159
32444 18156 7008 17294 6594 17804
-17096 1976 -1396 -3762 -7312 13488
-17484 5656 -3424 -1465 -2205 5382
-24308 1800 -3252 -3542 579 821
-27632 -3840 -10656 -11481 3590 4446
-20072 -4640 -6764 -11358 -10194 11349
-17064 780 -7076 -1544 -10837 22269
-20212 -960 -8144 302 -13549 25607
-22796 -7564 -10608 -1268 -13372 21802
-11460 -1524 -9696 2119 -6126 6165
-1832 1892 -4600 2399 5171 -14030
-5480 4052 -6604 4448 12214 -29470
-5280 556 -5844 2801 17166 -32768
-11688 2080 1524 7485 18572 -32768
-28748 26748 1616 6364 15252 -26883
-21652 32767 7628 2609 -926 3780
-23648 -32768 32767 16764 -13598 14250
-20148 10056 -2492 -3820 -6244 16029
-19172 8848 -6596 -1890 -2901 3808
-32676 -3660 -9944 -2874 1922 7040
-21552 -10364 -5412 -14845 -3519 6966
-20664 -6008 -8360 -10408 -11085 21930
-12392 5500 -5400 1623 -12147 21421
-15364 -14588 -11224 568 -14309 18706
-14892 -8432 -10620 3231 -5559 4281
-10916 2360 -6724 2696 1883 -10777
-8136 5044 -2488 4186 10829 -27538
-5372 360 -2276 8098 16973 -32768
-8592 4224 4004 11008 17750 -32768
-26084 22996 -2044 11124 13471 -31708
-17284 32767 3412 -2449 4369 -6620
-32768 -32768 -32768 11684 -5132 32767
-25400 21708 5756 -5781 -10838 18117
-15364 10456 -10588 -329 -3599 7957
-21284 944 -3948 -2772 -1071 3310
-24900 -5108 -9656 -9932 93 4199
-17892 -3972 -6972 -11290 -4394 7066
-20612 -1064 -6384 -3629 -10160 20206
-28688 2680 -9940 -286 -17392 28655
-24388 -10468 -14320 -6975 -15291 28436
-7636 -7768 -7416 1170 -5627 6927
2756 -4436 -3424 6831 9046 -14227
-2812 -912 -3144 10650 14383 -31482
-7776 44 -5544 6805 16334 -32768
-13408 -5684 -940 4987 16004 -32768
-32768 18560 532 10836 8530 -32768
-11616 31864 5112 299 9833 -5435
-32768 -32768 32767 16808 17829 31814
-2384 2100 6060 -2038 -2052 17768
-14824 3108 -4096 297 -1648 2373
-17788 328 -5964 -2718 1689 -2284
-14976 -2852 -5020 -3682 1679 -2253
-12408 -668 -6588 -2172 -511 -373
-11268 1716 -6224 2790 -709 621
-14420 -1576 -5744 2901 -1714 2022
-16740 -648 -6144 3168 -3257 1868
-18112 440 -3680 -1929 -752 1778
-13636 1792 -3212 -2404 332 -2030
-11752 2036 -7760 192 251 -2842
-13380 140 -4020 -150 -159 -2660
-16140 -2056 -4720 2753 -65 -1084
-16616 -872 -6088 1228 -578 -1016
-16396 -1568 -5524 7 -59 -1195
-15240 -1204 -5128 17 219 -794
-14416 -324 -5620 410 -553 -362
-15024 -1448 -4456 449 -180 -448
-15908 -1564 -5264 1032 82 -270
-16048 -1560 -5700 237 7 12
-15200 -1420 -5140 192 -201 402
-14828 -636 -5156 129 125 107
-14960 -820 -5152 355 138 -216
-15420 -1312 -5316 254 454 -291
-15500 -1364 -5480 305 447 -72
-15276 -1384 -5540 235 187 119
-15056 -1032 -5652 419 179 122
-15160 -912 -5376 321 202 -146
-15116 -1160 -5488 433 92 -162
-15244 -1064 -5668 363 -36 -206
-15116 -1120 -5388 408 -268 -321
-15312 -1124 -5504 503 -233 -456
-15336 -1432 -5412 403 -305 -500
-15244 -1424 -5648 489 -447 -266
-15384 -1220 -5268 542 -370 -87
-15376 -1648 -5436 584 -152 -27
-15272 -1052 -5156 252 -279 -50
-15156 -1056 -5188 36 -133 -467
-15332 -1664 -5192 145 -75 -572
-15268 -1556 -5204 356 -228 -242
-15232 -1480 -5276 380 -280 -72
-15232 -1544 -5328 433 -182 -50
-15240 -1632 -5156 535 -168 120
