-15236 -1872 -5288 463 -144 57
-15260 -1872 -5264 418 -229 141
-15160 -1804 -5288 427 -215 151
-15108 -1692 -5188 463 -127 29
-15136 -1892 -5124 453 -94 9
-15368 -1948 -5188 523 -159 133
-15228 -1872 -5220 395 -336 282
-15248 -1648 -5264 311 -172 263
-15296 -2084 -5212 221 -200 318
-15152 -1872 -5204 304 -193 525
-15192 -1536 -5116 307 -229 427
-15204 -1512 -4912 300 -214 279
-15120 -1476 -4996 420 -170 154
-15320 -1348 -5024 289 -83 9
-15200 -1732 -5076 295 30 68
-15396 -1620 -4992 238 -84 217
-15288 -1268 -4880 265 -41 352
-15128 -1416 -5160 304 -163 345
-15176 -1512 -5140 328 -217 389
-15276 -1228 -5196 323 -218 277
-15292 -1132 -4880 285 -245 122
-15296 -1336 -4768 312 -49 -23
-15268 -1352 -5032 378 -78 74
-15192 -1308 -4808 428 -114 120
-15280 -1284 -4928 384 -121 102
-15412 -1260 -5092 348 -25 196
-15276 -1180 -4856 259 -37 188
-15284 -1132 -4612 363 -117 218
-15300 -1148 -4872 350 -194 189
-15232 -1132 -4860 410 -186 163
-15240 -1112 -4772 418 -137 59
-15204 -1068 -4888 487 -86 -76
-15348 -1172 -4864 463 -18 -179
-15272 -1160 -4792 434 -32 -217
-15264 -1204 -4768 539 -11 -295
-15208 -1164 -4752 456 22 -421
-15384 -1372 -4936 404 135 -476
-15368 -1484 -4784 350 203 -235
-15276 -1320 -4856 499 105 -68
-15188 -1380 -4704 527 151 -110
-15220 -1308 -4764 582 203 -270
-15400 -1372 -5108 464 169 -302
-15416 -1636 -4832 447 61 -69
-15412 -1420 -5128 466 14 54
-15116 -1528 -4848 387 -54 113
-15332 -1460 -4988 593 -24 169
-15292 -1232 -5056 508 -128 93
-15288 -1340 -4872 576 -100 38
-15188 -1268 -4960 620 -78 -51
-15368 -1624 -4996 465 -249 -117
-15360 -1536 -4840 521 -506 163
-15352 -1488 -4896 680 -897 598
-15296 -1724 -4896 621 -1742 1474
-15536 -588 -4496 868 -1913 1653
-15248 -848 -3604 554 -1607 1550
-15420 -796 -3900 721 -1731 1697
-15584 -736 -3796 942 -1854 1735
-15768 -1024 -3908 758 -2710 2717
-15996 -1252 -3580 1438 -3873 4849
-18672 -1400 -5312 306 -4205 10400
-32768 -10648 -9024 3278 -6897 19785
-32768 10700 -3220 -842 -8164 27649
-19864 744 -7368 -5588 -2940 23858
2456 -10380 -1504 -10370 2728 7389
9692 -16764 -1096 1586 9163 -13327
6584 -9908 -4528 5369 16263 -31370
-15092 10128 1132 -3210 13802 -30521
-32768 32767 18052 3266 9972 -11419
-424 -32768 -19632 -2259 -30038 5705
-32768 -2576 -16508 1557 -5262 10200
-18320 7804 -8744 -5064 -2208 6741
-20392 4048 -9784 -1016 -248 -871
-25688 -3836 -3492 -3993 2941 1733
-17884 -5972 -4272 -6152 -2113 5712
-21212 -2000 -11644 -8388 -7310 19420
-20412 -2532 -6844 -5051 -16520 25714
-15848 -3872 -9308 -39 -12518 20831
-9468 -6152 -6444 6112 -6169 4530
-1896 2096 -6148 -4342 6169 -13322
-7348 2436 -1000 -33 13945 -22901
-8168 -312 -1984 13440 19600 -24115
-12500 8872 -5872 13628 20779 -31260
-23036 20028 -964 -8462 8054 -17487
-17752 32767 16488 -15137 865 2049
-32768 -32768 -32768 24796 -20598 20211
-13768 10640 3044 -1084 -9216 14918
-16796 4336 -5512 -6151 996 6108
-20872 2568 -11360 -4490 1951 662
-22140 -3108 -7856 -4418 1284 1919
-16308 -4800 -7624 -8631 -7153 5800
-14684 1564 -9348 -4780 -8213 17233
-15920 -928 -8132 -6250 -10738 22203
-21880 1028 -2820 -6759 -15114 26349
-18012 -5200 -664 -192 -11927 16059
-6248 936 -5328 -330 3984 2393
-5084 -1348 1312 -3792 16185 -15961
-7368 -3872 -436 2048 22692 -28270
-10064 -772 -7384 -3189 26443 -32768
-18556 888 2412 -9154 24029 -32768
-31984 19008 20184 -28799 6035 -18454
-32768 32767 23404 18113 -8453 19794
-14080 8364 -8512 -7717 -10075 24822
-13916 7340 -5428 -494 -3227 8325
-21040 6464 -9984 -3557 -2116 769
-27676 -2780 -11096 -9819 -116 3397
-17848 -3352 -12020 -17017 -6038 7174
-18120 7516 -18836 -20011 -4824 21833
-18608 -2504 -6144 -19388 -8205 23226
-15348 -8416 -7012 -6990 -6208 19438
-5252 -4820 -8808 -4176 8550 3854
-2528 -5728 1248 -4349 17336 -14937
-11128 -6012 -248 2130 24230 -28408
-14212 -2868 2344 -1320 21121 -31316
-23928 -4920 3684 9891 15864 -32768
-32768 27184 10860 -8143 -5086 -22479
-18156 23216 25244 4000 -7498 9737
-32768 6428 19548 1351 -23381 14815
-6024 4528 -96 -1398 476 15574
-17648 5448 -3012 -439 -6312 4151
-22224 4380 -7736 -4120 -2322 101
-23508 -7180 -4104 -13161 1259 5657
-21724 -4608 -9084 -12482 -7428 14837
-20320 6360 -9480 -7696 -12443 23182
-18176 -3368 -2404 3276 -19061 21940
-18164 -6920 -11312 17515 -12241 17207
-3804 -3316 -14372 42 1853 -3862
-948 -4496 -6048 -5507 12105 -24803
-8620 -4276 -3936 1001 20783 -32768
-17012 -11744 6720 7500 19751 -32768
-28772 12412 -4796 16872 14634 -32768
-24868 32767 4836 -6322 -1078 -17520
-32768 32767 -32768 10532 10914 23573
-32768 24004 19256 -12465 -32768 24781
-12732 11120 -5968 -1740 -4237 12155
-16684 4712 -1064 -3563 -3723 6215
-20208 1916 -3448 -1789 -3947 4074
-22448 1048 -7220 -4905 250 8093
-23316 -3592 -7560 -9372 -7150 12975
-26576 2796 -9272 -5240 -15806 25387
-20376 -2592 -2376 -4426 -15556 25043
-13972 -9412 -9684 9073 -8967 15300
-528 -2376 -12136 7722 2139 -6560
-1044 -1876 -5376 5960 12884 -26053
-7224 -1364 -5756 10728 17523 -32768
-12572 -224 -1768 1861 18929 -32768
-28652 12448 2248 7060 18767 -32768
-25384 30964 14796 5102 6743 -10763
-2728 11404 -32768 24290 5687 12952
32767 32767 -30076 -2088 4399 25276
-18932 8576 -11388 -3632 -6346 10586
-21036 2624 -2692 -1266 -4452 4378
-28504 -4108 -8700 -6125 593 5681
-17516 -5780 -5772 -14412 -5204 10549
-15988 -136 -1188 750 -13050 22112
-16700 6936 -8308 14 -14554 23232
-21636 -11324 -9032 -19312 -24960 14685
-11244 -8564 -9984 7320 -13167 -1501
-1756 2212 -14348 11740 7377 -17735
-7504 2920 -10016 6556 15276 -30819
-9360 -3248 -2648 7489 19850 -32768
-19620 2664 5188 23503 19743 -32768
-32768 32767 1228 22825 4787 -21916
-11332 32767 8792 5380 -1750 11284
-32768 -32768 -32768 6540 32767 17047
-4972 6672 -7608 -8522 -6281 16138
-18960 6804 -2220 -517 -4167 6826
-25144 -924 -1200 -3308 -482 4555
-21476 -5252 -7756 -6468 3760 4699
-20144 148 -4128 -5431 -7092 13456
-20376 1356 1364 3431 -10956 23720
-20956 -10804 -2484 5696 -17586 22840
-21896 -11580 -15024 4593 -18214 8082
-13236 168 -17996 6604 -14381 -11467
-8064 4244 -14212 12071 -3263 -28854
-8484 2544 -8848 18682 7166 -32768
-8440 1580 -9852 32767 14539 -32768
-20236 19836 -13900 23853 13547 -32420
-20668 32767 -240 3633 6873 -11799
-14852 32340 12816 3642 -1575 12319
-23400 6476 -10364 7112 -7102 20126
-13744 696 -5084 -4453 -3051 13525
-22300 2964 -7632 151 -3057 2103
-29132 -5324 -984 2962 3259 4575
-17972 -8964 -4892 -10261 -6200 7809
-21804 1960 -3608 2964 -10614 19830
-21040 4584 -5300 3310 -16177 25442
-27808 -7112 1460 11625 -27878 24847
-17940 -4712 -11380 12659 -12942 14942
3976 -4048 -11224 2545 -5367 -7987
2484 -5352 -8440 10730 9072 -29249
-4448 -2048 -10368 22749 15281 -32768
-7764 3592 -8708 8535 15291 -32768
-28372 15656 3488 5199 14426 -32768
-26012 32767 8872 7102 1890 -3053
-5200 7748 7392 7774 -2078 14410
-32368 -12256 7780 9094 -21168 13441
-9596 14792 -9144 -8210 -5806 15742
-21432 3264 -2672 -129 -2306 3011
-29560 -4128 -5428 -164 1385 8450
-19292 -5208 -9328 -9535 -4963 6243
-21192 -2092 -6452 -6383 -8779 20256
-20964 -316 -5824 1847 -12375 26932
-23324 -6700 -7112 1497 -18213 25902
-12952 -7916 -7428 3388 -10554 10575
1200 -2628 -9968 8241 2976 -13107
-3656 1236 -7240 5259 12991 -31370
-7972 -648 -4856 -763 17431 -32768
-14996 1200 6256 5845 19615 -32768
-32768 28080 964 13717 15904 -30027
-21224 32767 10340 -4918 345 -88
-32768 20136 -24348 13298 6821 18174
-14544 11272 -6068 -7540 -9951 16037
-16540 6288 -2948 -1726 -5027 8784
-20412 4140 -4456 -1496 -2211 1463
-31888 -5248 -6592 -2715 -1621 6601
-19576 -10292 -7128 -12292 -13994 8678
-21944 -252 -9916 -4114 -12011 25811
-20584 1496 -2792 343 -15664 26454
-18712 -9120 -7564 1213 -13470 22476
-4668 -4456 -10696 8758 -5466 6466
436 332 -8652 1743 5656 -14835
-6524 -2940 -6108 -517 14400 -30069
-6772 -4928 -2340 1534 20184 -32768
-18604 1016 1600 10937 24024 -32768
-32768 31684 2360 5379 8295 -20308
-10940 26992 12212 -10143 3446 6206
-32768 -32768 1740 12847 -16968 28155
-12440 4376 -3776 -5854 -7197 15639
-17640 7796 -8668 -2789 -2822 2772
-26532 -3028 -7812 -2707 599 2785
-19172 -7796 -7216 -10075 -5564 4807
-17384 -5472 -8776 -5650 -10535 15708
-22588 884 -8596 -355 -12825 25052
-23128 -1832 -6544 -2174 -19081 28523
-18620 -5852 -9624 -3413 -10602 18084
-6628 -2460 -6484 -1 -2451 1200
1496 -964 -5260 4129 11638 -21716
-6388 -1896 -3052 2339 17082 -32768
-9444 -3628 1976 179 19612 -32768
-24868 10152 760 15705 20062 -32768
-32768 32767 1668 -2904 3454 -13410
-20928 -1720 5312 7098 -278 17060
10176 32767 6780 -2325 3351 30306
-13060 3968 -8236 -1372 -6074 12243
-18892 5568 -3980 -1337 -1917 2938
-27916 -2184 -7760 -3162 1455 4905
-19564 -6120 -7520 -9654 -3125 5161
-18552 -3652 -8128 -5621 -8019 16988
-19896 -2364 -9020 -1942 -12708 25765
-20332 -7924 -6028 -3130 -17399 26969
-12648 -8540 -9028 4666 -7951 11432
-64 -1660 -5840 -867 4312 -9343
-1852 -2216 -3376 327 15346 -29523
-7216 -4564 -2864 5522 21464 -32768
-20080 -2988 6552 10193 20338 -32768
-32768 25516 -3576 8588 11925 -30156
-21680 32767 8116 -5818 -1959 8281
15364 32767 15064 11765 -13497 16892
-19936 3964 -2608 -1192 -5874 11810
-16908 5040 -2352 255 -840 2400
-22788 1176 -5376 -3045 1502 -433
-19616 -1524 -7252 -5291 476 908
-15064 576 -8072 -5922 -5750 12266
-26580 5704 -5256 -11344 -17763 29599
-17864 -10040 -8304 -3931 -17062 32767
-6828 -9628 -6928 13395 -10220 19459
1288 -1144 -5008 2545 -700 240
4 -4832 -880 857 8155 -21098
-4360 -6044 -864 1162 16746 -32768
-12952 -6508 1832 5366 22232 -32768
-32768 1080 7472 4478 17390 -27219
-20216 32767 -6268 -22937 1594 -2392
-32768 -5612 -13016 31497 14208 10750
-13700 5760 5240 -11642 766 16107
-7488 11268 -7508 -1429 -78 4943
-16500 3304 -2848 -301 702 -3081
-15892 2340 -7232 -2664 1805 -6820
-13988 -304 -4680 -2523 3869 -8042
-13900 -1916 -5116 250 869 -3311
-12976 -1056 -5756 3549 279 -996
-19196 -7596 -13628 6323 -765 3015
-14928 3176 -1408 477 -2194 2709
-13728 2112 -6116 -1886 -40 -3189
-14628 -1440 -4936 1130 838 -3528
-15300 -1116 -5748 98 349 -2283
-15660 -1860 -4292 137 253 -1222
-15056 -1124 -6412 -245 -563 -615
-15172 -1872 -4980 424 -318 -29
-15280 -1016 -5736 537 -42 109
-15152 -1076 -5028 281 -399 -2
-15204 -1320 -5276 618 186 -68
-15176 -968 -5696 284 8 -134
-15180 -1428 -5224 229 164 -228
-15284 -1124 -5724 354 231 -115
-15060 -1252 -5384 305 164 28
-15288 -1384 -5320 464 -89 334
-15172 -1064 -5356 572 -75 378
-15148 -1056 -5196 469 -108 208
-15096 -996 -5376 487 92 -27
-15152 -1112 -5488 530 67 -74
-15256 -1216 -5476 586 90 -12
-15292 -1224 -5576 537 17 40
-15256 -1156 -5372 520 39 28
-15340 -1144 -5472 577 50 86
-15304 -1116 -5436 451 37 24
-15196 -1180 -5368 384 118 -35
-15244 -1224 -5580 371 46 -56
-15152 -1228 -5524 439 107 -27
-15220 -1108 -5544 408 177 -44
-15228 -1156 -5628 392 207 -160
-15212 -1040 -5516 210 322 -302
-15364 -1552 -5568 270 271 -299
