-14416 3340 -7576 129 226 40
-14308 3212 -7656 -53 245 51
-14436 3012 -7604 -45 428 -2
-14344 3060 -7564 103 428 -4
-14468 3100 -7624 240 486 7
-14396 3072 -7620 328 299 32
-14388 3184 -7484 309 82 -83
-14512 3224 -7508 364 -5 -147
-14436 2924 -7592 470 -106 -79
-14416 3024 -7620 575 -260 -85
-14400 3080 -7608 720 -235 -20
-14244 3208 -7616 757 -258 -42
-14404 3188 -7632 705 -86 4
-14408 3272 -7720 622 -71 -5
-14292 3240 -7692 539 -120 -24
-14348 3160 -7708 440 -99 19
-14276 3272 -7656 443 -41 -30
-14460 3192 -7784 408 59 -32
-14332 3180 -7660 450 149 -16
-14360 3072 -7748 442 73 -33
-14392 3204 -7724 400 38 -10
-14348 3208 -7648 303 21 -30
-14364 3200 -7740 359 127 -18
-14288 3100 -7752 300 106 -55
-14336 3184 -7924 340 15 -64
-14304 3112 -7776 381 66 -3
-14300 3196 -7760 436 82 52
-14340 3208 -7796 480 137 81
-14320 3168 -7852 440 170 76
-14408 3156 -7708 501 66 16
-14316 3244 -7960 465 -33 33
-14228 3304 -7784 487 -94 -11
-14156 3104 -7884 437 7 -31
-14232 3180 -7772 507 -65 -13
-14300 3204 -7896 581 40 45
-14316 3232 -7768 502 118 59
-14360 3196 -7768 430 66 39
-14272 3244 -7900 484 120 82
-14320 3296 -7712 523 152 17
-14220 3160 -7780 580 43 60
-14276 3208 -7884 563 -34 95
-14200 3228 -7956 598 -88 19
-14348 3324 -7892 592 -77 105
-14248 3532 -7904 448 -89 12
-14312 3408 -7932 286 -128 -73
-14312 3360 -8024 118 -169 -134
-14248 3364 -7920 110 -241 -200
-14268 3264 -7928 159 -197 -171
-14156 3268 -7880 267 -147 -110
-14268 3076 -7864 393 51 -35
-14440 3312 -7716 502 150 55
-14336 3264 -7884 487 126 42
-14348 3328 -7768 607 47 98
-14320 3232 -7608 645 4 69
-14388 3216 -7712 682 33 106
-14256 3208 -7720 743 28 77
-14360 3304 -7784 726 -34 84
-14268 3200 -7844 766 -118 45
-14408 3180 -7808 726 -112 12
-14200 3248 -7892 669 -169 -13
-14408 3276 -7840 642 -212 -65
-14252 3160 -7888 746 -222 -13
-14192 3264 -7752 844 -108 18
-14196 3328 -7892 817 13 57
-14168 3344 -8060 809 385 124
-14140 3096 -8060 836 607 110
-14344 3032 -7868 923 845 177
-14348 2952 -7748 966 676 313
-14252 3056 -7772 977 755 640
-14384 3400 -7800 1064 638 313
-13908 3092 -8076 1065 1096 295
-14076 3440 -7948 803 1236 374
-13732 2820 -7956 727 1515 498
-13964 2960 -8376 673 2005 692
-13436 3092 -8092 579 2449 886
-13212 2972 -8348 1015 3607 782
-13528 2008 -7568 1863 3045 940
-12092 1800 -8892 1274 3424 1541
-6896 3720 -7896 -2383 934 179
-7780 4408 -9108 -3383 3370 1469
-23468 5448 -8972 -2004 6785 2713
-32768 10308 -12004 -6539 4092 2123
-24000 6940 -10156 -8397 4928 2066
-5464 4436 -7304 -3761 7970 504
-6204 4644 -3780 6324 4158 -1416
-4876 -3404 4404 10787 -148 -2712
-1980 8832 -32104 1949 4390 2897
-22544 4880 -16540 1124 -5378 1224
-24552 8200 -20936 6840 -1317 -4873
-18268 2016 -17412 10450 1120 -3338
-7492 5620 -10452 1036 -4444 -1463
488 1292 -668 -5111 -8148 937
3108 -1748 288 -5656 -6041 683
-1232 5032 -6736 -6952 -6431 -816
-17548 8340 -21852 3282 8568 1771
-32768 17884 -24976 -4014 407 792
-20612 7760 -10712 -11854 -1998 3136
-11068 3492 -5112 -5389 8139 912
-1136 1248 540 7078 4216 -5128
100 -1796 824 7439 -1990 -4623
-152 -1760 -3412 2681 -3718 -2614
-2420 1252 -14788 6747 -2282 -1078
-30652 17464 -24716 -3619 -6970 12252
-32768 5896 -12844 11595 -5138 -14185
-24500 1332 -14880 8487 9304 -4573
-10764 -624 -14068 4019 446 1521
2540 -32 780 -2279 -1927 5617
1760 -1008 1772 -6040 1839 754
-1400 6044 -4176 -11403 -3503 -342
1432 1852 -14728 -11930 -179 -1569
-32768 9172 -23500 4801 16078 -5203
-32768 10156 -20552 -7156 -7931 899
-25036 4704 -11200 -9211 3499 9767
-348 6580 -4200 2784 5180 -456
-1656 2524 -3116 7961 -3107 -4060
384 -3988 2256 7545 -7833 -1892
-800 -1608 -3276 8467 -3793 -406
-2748 1984 -24688 6345 1160 2757
-32768 16556 -32768 289 -1864 13649
-30108 5320 -17904 12173 -6082 -11174
-21440 4112 -17016 7658 9723 -6107
-4920 -2148 -9604 1019 5634 552
-3792 252 3620 -3564 148 4579
-1252 -2968 3008 -6065 -1369 2718
-1864 5592 -3324 -9913 -2894 -667
-624 6360 -21116 -10605 -5234 -1147
-32768 8168 -22784 -292 12564 321
-32768 13744 -20452 -8007 -7143 -240
-21584 8328 -12148 -12412 -134 5482
-2976 488 -1332 2153 6868 -6028
3648 1280 -6084 3294 -2240 -4240
-3636 -1988 -692 5909 -4849 -3138
-84 -1348 -2196 9160 -4136 -2198
-13764 14016 -23460 -1881 467 11944
-32768 5888 -20820 7377 -3415 4345
-24840 5340 -16792 16018 -2787 -6232
-22936 5712 -20576 10768 4466 -5169
-6016 1660 -6668 -752 -4931 249
-232 -728 492 -494 2571 4451
-1176 1260 2340 -4049 -847 1701
-1416 1748 -6908 -7520 -3231 -796
-1444 5224 -10244 -6929 -5617 -392
-26764 7528 -21896 2133 3105 1142
-32768 14912 -25704 -4286 -6491 -1153
-24096 8160 -8196 -9656 -1461 5112
-10024 3596 -4444 -5056 9838 3203
-592 4740 -1236 7763 6750 -3729
-1748 -836 2068 6619 -6365 -3826
1288 -2896 -2252 8096 -4415 -4598
1464 -204 -21532 3826 -2325 -1352
-19584 8888 -20412 -2702 -2623 12743
-32768 2844 -20668 12028 -3791 -5245
-20600 5268 -14240 12779 9029 -2635
-13352 2680 -16028 3494 -4064 -1748
-2544 1412 -8052 -3296 2949 3694
868 776 3272 -6507 -2235 3609
796 -256 2376 -5987 -4254 463
-4 3984 -8992 -11724 -2583 205
-14856 11684 -28160 2385 6648 4225
-32768 18284 -26752 1296 8678 169
-22020 8628 -10544 -10879 -3105 769
-17220 6552 -7328 -9310 6578 1708
1856 -1060 -4020 8608 1546 -5828
-2476 -1804 -460 6784 -2445 -6020
1676 540 280 6104 -5252 -5108
-1360 844 -9856 5188 990 -1252
-22392 14348 -30564 -5288 3368 13239
-32768 4740 -21340 4033 -10352 -3431
-20388 3420 -13468 12523 9238 -4136
-19372 3384 -17048 4498 -1921 -3651
-3296 3808 -7104 -5448 3215 3580
-816 -3020 1268 -8528 158 2435
-140 1604 2768 -8256 -4265 -1271
-224 3596 -8468 -14059 -1209 -1045
-7300 5448 -15184 -3746 4448 -728
-32768 8152 -21988 1234 11808 823
-32768 14728 -20632 -9158 -4356 768
-18100 6836 -10496 -10424 873 4270
-1608 2028 -7232 5618 9474 -1603
-2228 2124 -688 8978 -1377 -2212
668 -2192 1096 8309 -5378 -3925
820 -2944 -5724 7188 -5784 -132
-8936 15052 -32768 713 2663 7134
-32768 7292 -20180 -2019 -729 6159
-24964 1772 -19328 9403 -2707 -6079
-20492 4340 -16828 8217 7393 -3468
-5736 3708 -11344 2684 -1813 -1579
-1180 -1112 -1532 -3810 -169 2061
-280 -2556 2692 -6008 -4025 1710
1892 3052 -3152 -7527 -6468 -907
-3584 1776 -5856 -8811 -6421 -3468
-32408 10216 -17092 10178 11550 -7776
-32768 2848 -27740 2132 -60 2613
-20364 3120 -11700 -661 6483 5896
-16016 7568 -7408 -917 1199 5678
-740 740 -5044 8026 4284 -1728
-456 -576 -1640 11211 -1232 969
8196 8572 -18692 4729 7441 4376
-25708 2352 -16924 -12619 -16918 18936
-28724 13580 -17676 7226 6909 -796
-26572 5640 -19992 4872 4637 4033
-20492 3804 -14524 10328 983 -7611
-11980 7636 -10956 -141 -3224 -5226
3312 -1632 -1840 -7427 -3620 914
-228 -6252 952 -5800 -1829 554
128 3016 -1832 -5452 -6015 -727
2176 3860 -17848 -6589 -6323 1157
-32768 4404 -13200 9221 10351 -5125
-30356 8880 -21032 -3710 -6707 1544
-21900 10684 -10644 -7050 3418 3954
-14532 5648 -8812 -2956 -2576 612
-3452 -396 -4048 5093 -440 -6353
3492 -820 -904 4628 -3660 -4848
1260 -1328 -480 3112 -2825 -4392
1972 1840 -16360 -111 -1123 -1866
-18460 7092 -12984 -11003 -15109 12777
-32768 12088 -16312 6303 662 -9015
-25796 3268 -17824 8749 8104 546
-21140 4636 -15884 10466 98 -6942
-6848 4596 -8296 369 -353 -476
-696 1148 -1564 -6864 -1763 5142
2648 -3056 1292 -4520 -3952 259
896 -1504 -1868 -1713 -3631 -494
-400 4480 -16724 -3565 -27 -1384
-32768 10648 -18568 8951 16148 -9565
-32768 3012 -20524 -4662 -1269 3704
-25976 8596 -11992 -2086 1720 8818
-9464 3568 -4800 5413 -1217 2040
-2828 636 -4088 9174 -2013 -3651
1456 -2448 764 6222 -3431 -429
244 152 -2744 8942 -6929 -3458
1412 -3592 -5700 10874 -5554 -1524
-29172 11944 -30976 -15470 -2470 22533
-21092 6592 -17092 11396 -8920 -15952
-13236 1260 -19896 3341 16930 8583
-15520 4488 -16244 4224 -1242 -3890
-7820 1936 -9592 3972 3225 -1960
-10740 856 -10004 318 2450 -1031
-10188 3488 -9416 -3594 -140 -1288
-9660 5084 -10920 -8383 -4139 952
-12540 4124 -12724 -8148 -2717 -870
-18432 1792 -15428 -4462 -1536 -1494
-13380 4160 -10000 -2912 -983 -2450
-9824 2624 -8528 -3653 -1314 -686
-10976 3800 -9636 -2708 -986 -1356
-13444 3768 -11136 -1665 -444 -1379
-14320 3836 -9376 -1436 -1595 -1815
-13568 2892 -8768 -842 -1515 -1016
-13580 2944 -9512 883 -867 -930
-13768 3820 -9884 1164 -988 -676
-14196 3696 -8820 1161 -1095 -198
-13780 3044 -8736 1560 -500 -284
-13880 3712 -8704 1625 -264 267
-14016 3440 -8648 1402 -318 101
-14268 2864 -8976 1878 -234 115
-14124 3112 -8952 1962 -322 134
-13872 2768 -8956 1877 -572 148
-13812 2776 -8812 1783 -464 229
-13788 2932 -8916 1538 -202 191
-13988 3124 -8900 864 -159 59
-14236 3072 -8884 467 -346 -52
-13960 2852 -8664 156 -318 -71
-14168 2752 -8868 53 -456 -24
-14308 2784 -8848 102 -378 136
-14136 2344 -8572 754 -493 216
-14160 2472 -8544 1538 -276 366
-14000 2936 -8660 1647 -363 472
-13992 2516 -8088 1705 -202 448
-14328 2612 -8124 1879 87 444
-14352 3160 -7936 1759 454 355
-14168 4140 -8700 1080 247 -32
-13784 4028 -8620 -274 -95 -307
-14108 3464 -8464 -1091 -64 -622
-14132 2968 -8608 -1215 -3 -527
-14336 2792 -8476 -1163 -85 -538
-14204 2644 -8440 -816 -294 -443
-14444 2532 -8028 -103 -295 -278
-14308 2520 -8216 263 -634 -147
-14132 2436 -8236 817 -790 1
-14224 2564 -8176 1376 -749 254
