52 -17248 300 84 158 0
5188 7964 -17208 260 36 97
5304 8108 -17176 218 16 187
5080 8172 -17248 147 -13 155
5212 7864 -17368 210 -17 143
5192 7880 -17276 267 -17 154
5144 8096 -17440 135 -6 236
5172 8108 -17260 198 -43 177
5196 7908 -17456 2 64 149
5096 8040 -17276 274 60 185
5092 8140 -17248 148 8 219
5256 8092 -17428 138 63 202
4976 8216 -17368 148 26 241
5148 8048 -17416 166 50 188
5248 8088 -17244 152 72 206
5148 8024 -17152 155 75 192
5192 8164 -17184 223 37 192
5040 8004 -17300 221 67 172
5208 8064 -17308 167 -24 297
5228 8136 -17248 279 15 186
5300 8288 -17372 50 28 183
5152 8296 -17208 217 -33 233
5144 8092 -17184 213 37 185
5132 8220 -17112 194 -29 191
5200 8188 -17152 246 2 193
5132 8188 -16904 525 -76 218
5048 8052 -17264 485 -89 210
5048 8088 -17324 404 -12 303
5224 8336 -17228 427 -90 182
5244 7916 -17540 444 -27 132
5016 7880 -17352 208 -39 254
5184 8000 -17376 481 23 145
5128 7844 -17524 285 24 45
5032 8004 -17240 688 21 137
5144 8144 -17376 0 9 264
5084 8144 -17528 262 -15 167
5152 7912 -17284 242 -83 133
5132 8044 -17280 282 30 148
5204 8120 -17180 256 62 161
5152 8132 -17268 396 -1 140
5064 7740 -17332 658 -8 129
5148 8380 -17236 955 -19 90
5124 7964 -17048 1957 -259 89
5740 8164 -16988 5305 626 -1018
7204 8424 -18704 3682 2351 553
6396 7960 -17400 2139 3484 1372
6916 9124 -17300 -1223 4691 2197
5528 8064 -16444 -5538 4599 3007
5532 10572 -16252 -10221 2089 3596
4672 8484 -14504 -10842 -1177 2591
5824 8340 -15248 -13710 -2622 3016
6800 11156 -14572 -10406 -3242 3184
6744 10392 -11460 -7839 -2526 2312
6480 12252 -10500 -7339 -6564 -415
7624 11424 -10780 -4726 -7674 -869
5232 9800 -8436 293 -8051 -1067
11200 17096 -23628 7492 6787 8447
9284 17084 -21876 1508 1340 3698
1212 13268 -15460 9188 -4738 -4306
7232 6844 -13180 5386 -6352 -5047
3976 9964 -18088 1258 -2765 -4597
2224 8220 -16496 1960 -1715 -3322
2640 8604 -17048 1896 -2970 -4327
3744 9420 -16244 1248 -1954 -2917
5744 9108 -16108 633 1918 -1672
3868 10348 -15888 2432 5070 -2409
5764 8928 -15612 776 8864 -2446
5860 12716 -15244 -1831 12291 -2348
5112 7680 -14276 2133 11482 -1610
5572 10736 -11904 -1513 10734 -1503
5232 9480 -13376 4968 6158 -2601
6160 8440 -16028 7768 313 -1896
3176 13588 -13324 1476 -183 -3677
1384 8588 -22064 -7991 -4339 50
15384 16652 -24104 19402 -13023 -10575
10936 13548 -17008 -2610 -28 4364
2836 4624 -17176 1439 2014 2849
6520 7748 -17220 742 1767 2100
5504 10808 -16108 -2081 3854 4411
3244 3164 -16840 -3616 2057 4247
7996 9980 -15020 4172 -43 3419
5804 9764 -14160 -4609 838 3611
5480 12412 -12856 -11427 459 4453
5424 11924 -13532 -15472 -733 4477
4404 7548 -13396 -11244 -6449 3316
4380 12084 -12152 -7070 -7977 1367
11320 10944 -13592 -3346 -7893 2120
13492 16152 -20404 -221 -7341 907
6020 9780 -16428 8689 4615 5920
6872 13684 -15948 5131 4973 1014
1276 10440 -16024 8500 5419 -4668
5124 10648 -16608 7439 -6632 -2794
1364 10944 -15540 -2927 -7087 -9063
5640 5632 -15844 -1474 -5248 -5034
6684 10752 -14420 7839 -2229 -2596
5052 11320 -15220 1427 2837 -2813
6992 10464 -15056 -204 7391 -3275
5344 8320 -15160 -2068 10670 -950
5896 10612 -13292 1109 11324 413
6884 9600 -14792 -3336 8555 1290
6376 10484 -13204 4321 2952 -2117
5916 5488 -14080 3360 -643 -2347
3600 15288 -19552 -416 -4414 -5192
4832 7996 -16972 -1743 -14909 -8933
9668 17328 -23904 13275 -7412 1184
5380 6784 -19780 177 924 6538
6100 11392 -18052 8763 4572 3381
7500 8744 -15756 -8720 9490 5159
2160 5732 -15452 -1351 6168 4452
3284 7612 -12104 1757 949 3804
6372 11352 -14532 -1882 -1525 2705
4048 14932 -13088 -12898 644 3654
4332 9884 -14288 -12716 -3089 3750
4396 8340 -14036 -14823 -5232 3015
5624 13012 -13072 -7808 -5802 789
8824 10916 -10516 -2098 -8165 -248
16564 13616 -28776 4665 -2025 1596
9208 16056 -12160 11123 6879 8985
-2668 9024 -11820 8535 4058 -7121
6616 11584 -16156 7249 -5721 -2003
4120 10488 -14836 1367 -6307 -7022
6192 8828 -14716 -3032 -3649 -6012
4768 8332 -14476 7600 -3407 -4312
5516 10024 -14988 -518 1003 -2170
6464 11008 -14052 2923 4249 -2741
6572 10556 -14924 -3049 10023 -980
6688 7848 -14368 1002 12152 311
6504 9780 -13704 5465 9790 1309
6620 9348 -13692 18 6801 1249
6536 10592 -13788 4750 622 -2517
5868 13768 -22864 -1022 -5913 -2777
9716 5352 -15828 5795 -20907 -10495
10436 16404 -19072 -2553 -5487 4268
5596 5232 -21956 -1860 494 6734
5288 12184 -15592 6053 3913 1152
5156 8576 -14012 -3868 7521 3863
3832 7416 -14348 256 5758 4109
5644 8480 -13560 514 1655 3481
6520 7904 -13176 -5397 2085 3997
5568 13360 -13252 -16956 753 5187
4304 12312 -12152 -12147 -4747 5265
6420 8564 -13688 -9302 -3857 661
6196 9956 -13384 -4116 -6419 2404
8564 12352 -8172 2191 -9459 1801
13792 9448 -32768 8834 10773 5898
1836 10052 -15484 5219 814 -1485
400 12448 -15756 7052 -4554 -5058
8360 10300 -14240 4545 -6132 -4469
3636 10748 -14744 1145 -3176 -7015
3740 10972 -15680 2882 -2887 -6193
4456 8696 -14488 1163 -733 -5069
6608 9640 -14288 2580 2917 -2821
7152 11336 -15916 -2434 10479 -1681
8160 10796 -13772 446 13847 -297
5860 5612 -14104 -2009 14943 3073
8244 10616 -14312 -79 9333 2560
4996 9760 -11696 5086 564 -1378
9400 18572 -24432 -2148 -6124 -3043
10764 8848 -23300 6434 -19236 -7933
12468 16464 -20100 2630 -7937 3157
8764 7064 -19308 547 1729 7195
1616 9940 -16008 3504 2301 -620
6788 5888 -13704 -6563 5917 2973
4312 10304 -13436 973 3073 4218
3132 8116 -13024 -2640 274 1711
5356 9052 -14596 -8872 -1583 4314
5716 11380 -14344 -12237 -4228 2111
4028 11880 -14092 -12008 -2990 2424
4256 10004 -12276 -9655 -7320 -1004
7176 10348 -10624 -4152 -11363 -86
8760 10780 -9888 4443 -13717 -746
8884 18436 -23824 13699 11356 10320
1652 10056 -16320 4561 5366 2078
136 14560 -14732 9612 -375 -9032
5588 8888 -14444 -473 -3773 -1800
6640 8544 -14776 2542 -2428 -5471
4180 9344 -15804 329 495 -3305
4284 9836 -14872 3738 1751 -3473
5616 8864 -14356 2983 3881 -3014
7468 12604 -14284 229 9413 -2989
6656 7580 -14860 1324 13051 406
5148 9520 -13344 218 12716 1056
4400 12100 -14340 11460 4974 186
6048 7844 -13760 -4296 2588 -3216
8268 11512 -11272 6930 -3523 -5301
1000 10924 -17120 1905 -13172 -7720
13044 17204 -23576 6353 -10865 -2412
10080 8076 -18388 969 847 7122
4424 10052 -16120 10627 4442 1666
8132 9212 -16544 -6229 9283 2560
3556 3532 -15888 1464 5258 4110
5556 9076 -12972 382 517 4744
4932 8712 -12912 -2203 -2806 3727
7652 16836 -12016 -20293 -2483 5729
3224 5932 -15812 -24545 -9607 -629
1208 10008 -12408 -19832 -16730 -1117
9164 12884 -14820 -7545 -15527 1497
4436 8576 -9220 1604 -9775 1907
23660 28988 -25340 7882 5039 8637
-204 10104 -15560 14872 4315 165
-4040 15308 -12920 10792 -2402 -6669
5356 9600 -16896 2573 -5446 -5928
5520 10272 -13932 2945 -986 -4416
5192 6656 -15592 1789 1471 -1808
4760 11212 -16348 10079 2025 -3686
2324 12744 -15980 -3779 5165 -1691
5888 5752 -15812 1931 7247 -1822
7416 12452 -15004 2673 11689 -1816
8828 8836 -13800 -5370 15233 28
4584 10400 -10804 -210 11282 -1629
-2956 12616 -9684 5004 -2491 -8294
5092 10784 -14040 -4855 -10712 -7037
6244 9056 -25672 6836 -26395 -7936
8928 17592 -32184 -2377 1413 1101
3424 6624 -15940 -2175 6278 6114
3896 9696 -16392 9488 6408 4283
6000 12084 -17304 -2223 10191 5470
972 5328 -14796 -5843 7570 5129
4036 6792 -14476 918 3276 3704
5504 8560 -13136 821 301 4822
3484 14632 -13236 -6435 -2075 2655
4796 7592 -12244 -13440 -4226 2516
4216 14068 -15256 -13344 -6324 2557
4992 10032 -13712 -8774 -5467 -270
6428 10272 -12160 -3210 -6293 1470
7392 11192 -7036 3269 -6696 1315
8536 12272 -22540 9107 10457 8547
3652 11260 -15508 5257 3080 -586
-2176 12228 -16584 7143 -4807 -8148
9632 11212 -12376 7311 -6444 -2871
3468 10300 -13976 -1597 -1653 -2707
5148 8332 -16008 3323 -315 -2558
3388 9668 -16164 477 1349 -2652
4140 8892 -15496 2565 1164 -2009
6440 10116 -15140 620 5172 -2486
8140 10312 -14108 911 8990 -948
7292 9732 -13336 -221 12986 150
4568 10324 -11696 -173 9050 -1719
2844 12464 -13300 -1598 614 -4150
5848 7872 -13268 3887 -6533 -6488
1876 18996 -32768 12984 -8864 -10102
13628 15224 -28076 4656 -12626 -4897
10968 9068 -20140 11823 3835 6013
1632 8592 -16464 -3369 9613 6300
5724 7980 -16252 1456 8954 2905
3832 7088 -16812 1642 8105 6141
3952 9304 -13432 -4150 3613 5317
3660 10204 -11824 619 -1971 2936
5628 7520 -14832 -21911 -1706 5089
3640 11436 -12960 -15342 -8246 3281
516 5752 -13876 -12168 -20173 1365
11488 9220 -15272 -1327 -18423 -411
12396 15300 -25460 4360 -2927 3912
1916 10584 -17488 10608 10418 2316
1564 11560 -16320 7953 9234 1364
-1064 11480 -14520 3384 2591 -6637
7748 11060 -14788 4293 -2131 -4650
4332 11068 -15660 -32 -1458 -5836
3724 7556 -14228 6866 -995 -5812
6956 8324 -15640 555 2363 -4459
7040 11172 -14672 -1970 8299 -2640
7080 6284 -15136 2894 10475 -2629
9220 8736 -15716 -3201 17021 -180
10400 6012 -14656 6312 18302 846
8960 11184 -14248 4639 16257 1589
3668 12420 -12628 1423 5188 -483
9452 13404 -20116 1519 -7062 -4140
17248 10364 -18712 8022 -21519 -8386
10612 16908 -15616 938 -9579 3190
8520 5480 -17388 -2498 -1311 5007
4180 8620 -17288 2262 -1593 -1031
8428 9376 -15804 1 1150 2438
7584 9352 -13936 -2765 2419 4791
6500 7044 -13388 -540 438 3115
6380 12452 -12852 -9063 488 3762
6544 8572 -12452 -13814 -44 5061
3424 7808 -12768 -10083 -3896 2354
1988 8400 -12252 -9276 -10557 -1815
5560 11148 -12728 -5604 -17863 -2160
10048 12032 -14048 48 -15061 -830
18232 12444 -30288 3549 1192 6077
4904 11876 -18568 12852 14082 4649
-728 12308 -15316 7613 7098 -2912
5388 13176 -15612 3688 -1973 -5049
6008 6712 -15740 1393 -4830 -3652
7600 7752 -15288 9075 -2604 -6740
3868 13456 -13492 -2189 -585 -4332
4768 7056 -15716 838 649 -3142
5740 8564 -15416 -4818 5704 -1331
7232 8612 -15240 7623 8345 -2522
7960 11028 -14500 -6959 15037 114
8544 8656 -13352 5554 14864 -825
6048 7708 -12416 2384 13375 561
6272 11400 -13240 1994 6928 -493
6396 12344 -9240 5305 -2549 -1791
2764 5832 -7320 63 -15558 -6764
11920 16156 -25176 6389 -20725 -5356
15348 10784 -21756 -3754 -4467 7560
3792 4524 -17440 11432 2211 3342
3720 11852 -15432 -4086 3828 2083
6304 8284 -15456 -2274 1754 4799
5712 7108 -15116 -3243 1208 5337
4796 7000 -13600 -1407 -1587 2845
5052 11448 -13064 -5308 -3659 1265
3684 6684 -12796 -16376 -5654 2679
-736 12060 -12856 -13478 -10159 1948
2284 12220 -13432 -13724 -16841 -1007
10480 13520 -14048 -3157 -11377 1452
9888 15444 -16764 -355 -873 2176
1728 11292 -27420 19264 15432 2161
-1284 13408 -14852 8319 11217 1821
3640 12332 -14240 3968 -2017 -3657
7200 8000 -14712 4132 -2622 -3147
6984 10852 -15540 4604 -2626 -3892
3640 10556 -14636 3069 -1331 -4627
5648 7648 -15396 432 1370 -1654
5304 10072 -16120 -761 5323 -1918
6068 8976 -14540 1391 8181 -1844
6840 7616 -14616 1595 11119 309
9124 11364 -14180 2170 14611 522
5808 6788 -12920 2638 14315 315
3600 12736 -11564 5803 5610 -2343
4016 13008 -10660 2617 -5529 -3231
-5564 5940 -11536 1205 -19510 -6800
19164 13380 -30360 4089 -19323 -7321
9524 8628 -20128 -3381 3738 8032
-2036 11764 -11916 6368 1064 3126
6852 6072 -13876 -2410 3422 4656
6556 10824 -15960 -2540 2764 6733
3536 6036 -14924 -3352 2628 5661
4588 9000 -14536 850 -1163 4552
6380 12608 -13356 -6740 -844 2527
1244 9684 -13604 -12461 -4321 3463
1776 10816 -12944 -12548 -10405 2122
4372 12920 -15784 -10389 -15904 -213
10076 11980 -14404 -2206 -9828 2186
7368 12440 -12228 2714 -4198 1670
17632 15924 -25664 -1761 7217 5598
5196 14228 -19824 15299 12009 4527
-4892 11556 -14012 7054 2441 -5769
4952 10740 -15836 1696 -5228 -4529
6932 10088 -15064 7506 -3010 -5013
4544 9848 -14684 327 1158 -3051
4428 9720 -15776 -284 1257 -3876
4984 8508 -16048 468 3232 -2300
6092 9184 -14104 2110 7999 -1835
8996 7080 -15372 -839 15187 -545
9516 9496 -15316 7271 17120 -1737
3224 7500 -13200 5545 14066 -2896
4496 13684 -9604 697 3409 -3970
6356 8904 -21916 4889 -10870 -749
11484 12888 -27948 1633 -23186 -5901
15012 17848 -18556 9865 -7555 3781
6208 4160 -20696 -5072 5509 7656
968 6612 -17752 12601 -1419 -92
7232 11236 -15092 -8496 4847 4893
5808 6812 -16480 -2184 4946 5293
5676 5816 -13996 1845 1589 3837
5464 10220 -13720 -240 -805 3345
4908 15060 -13064 -13858 -1601 3437
2368 7952 -12600 -13365 -7727 3386
2988 11444 -15044 -7444 -8124 2783
5248 11620 -13624 -4746 -8438 2225
10964 11564 -12848 -913 -6602 5437
6748 12704 -14872 -1327 -11604 -3780
1552 12016 -22508 20001 13642 -2484
-2704 9212 -14908 1293 5612 -4458
2968 8340 -17252 347 -3198 -3555
7744 12780 -14492 3335 -4686 -5206
4396 5580 -15496 -7161 -81 -1610
5820 9752 -15764 4724 335 -3774
4708 9972 -15816 2847 3847 -1956
5564 11768 -14504 2482 6449 -4318
7284 8556 -12596 -2753 11122 -938
7976 10132 -14668 -4043 13867 2499
7304 6384 -12968 1966 14513 4309
7496 11364 -12424 7924 11322 -185
4788 7592 -10160 279 1351 -1724
5860 10872 -13360 7630 -10410 -4562
13712 15660 -21456 5953 -18801 -12425
18112 3860 -26936 -4539 -4376 5599
6856 14016 -17996 6518 -3267 6217
2916 8500 -14996 396 2815 2580
5988 5208 -15472 -4102 1068 4423
6648 9320 -16068 -1936 1652 6482
6500 4604 -16012 -2753 -80 3803
6676 9360 -13948 -2068 -2514 2738
4924 17484 -11856 -16338 -4227 1622
1684 9864 -14408 -16767 -10953 -60
2436 13228 -12132 -13353 -15623 1753
6680 6560 -15896 -6217 -17612 2563
12792 10912 -10240 4723 -4117 5231
11412 9116 -32768 2270 12890 5118
-1724 19024 -24164 11924 16922 658
-2472 14176 -13900 1389 -958 -2812
6048 9684 -16876 6938 -4895 -10707
6960 8964 -13568 5021 -1939 -5881
4528 9372 -15292 922 79 -5146
8064 9464 -15356 3015 4762 -4432
5944 6592 -15876 -1513 11495 -1677
8076 9860 -14372 2252 15345 -1056
9104 11584 -14344 3098 18502 -244
7520 9996 -11928 1728 17418 1886
5652 11168 -10508 -279 9415 1034
6708 8892 -11180 -144 1639 -1568
5712 13312 -10648 2418 -8131 -4962
11668 6628 -14168 3601 -20451 -7364
13748 16484 -22348 14642 -20089 -3075
12500 6180 -23356 -6628 -5119 11450
6604 8196 -15072 12264 2405 2616
3920 9640 -16048 -4367 4103 3378
5572 5284 -14364 -832 2160 2812
5476 7924 -15348 -556 -55 4270
5768 7980 -14340 -1927 -1730 2700
6212 13820 -13920 -15336 -2813 793
-1488 11860 -11152 -14661 -10260 569
924 11088 -17504 -18190 -15336 -2958
10392 10740 -15176 -6841 -13377 -988
5964 10424 -12768 -2720 -3877 1414
2652 8536 -6896 3310 -2558 1579
6116 20012 -22456 23246 19831 7167
288 12964 -21492 9395 6645 1126
2844 14324 -15156 7679 -4562 -5376
7628 6592 -13444 -101 -3722 641
6216 11276 -16088 4240 -789 -2132
2924 6760 -17828 -538 -266 -3081
3872 7128 -16520 6452 -1769 -6240
7492 12368 -15468 1816 2937 -3052
6080 8932 -16208 -6035 11062 -1242
6672 7940 -15996 4362 13930 -246
10520 5568 -16088 -1585 21692 3297
7992 8620 -16060 3465 21886 2500
-304 12840 -12436 10130 8700 -2452
8816 16212 -20188 3391 -3535 -2651
10184 10680 -13420 11127 -18416 -8112
10980 9412 -18304 5572 -15893 -1220
15972 9068 -18484 -3339 -8429 9389
9444 7956 -17976 5195 2046 2776
3520 5980 -15572 252 1955 1678
4248 7356 -15048 -1469 -914 2939
6868 6708 -15920 -4127 -1939 3320
7892 7156 -14828 -803 -2683 1209
3768 15648 -13996 -11049 -3498 3226
1624 10732 -13176 -16628 -8049 3585
-3280 8084 -13204 -13509 -16478 2085
6316 10620 -17800 -11084 -23465 -3423
14816 10088 -13768 1437 -10272 219
13692 12084 -25796 4817 4084 5994
984 10564 -22528 9568 14772 -414
-5508 12376 -13572 6638 5662 -3251
3952 11788 -15680 5339 -2388 -3190
5104 11888 -14656 -2072 -377 -4269
4336 9348 -15208 4442 1042 -2229
1548 8564 -15684 1803 948 -1488
4356 10040 -15160 1623 2736 -2127
5308 8732 -15476 1523 6884 -1928
6896 8512 -15224 933 10296 159
9088 9532 -15128 2767 15760 460
7984 8028 -14564 1466 18609 1979
4928 13016 -13972 1080 13597 1085
5956 9644 -12104 28 4292 -3878
3520 10524 -8948 -77 -4689 -7318
936 3080 -16496 2347 -20441 -9169
19076 17108 -26436 12841 -14341 -113
10776 7908 -19412 -9281 -685 9664
2240 7896 -18224 12566 1078 3672
7020 12856 -14756 -3456 3997 3190
5404 7260 -15676 -1354 4201 4874
5312 6096 -15204 -3252 610 5472
6192 7984 -14164 457 -2972 3913
3564 16872 -12568 -10630 -3266 1971
3168 8832 -14128 -13389 -7566 1838
1684 10192 -15384 -12484 -9235 1002
6068 9972 -14596 -8117 -8917 -169
7512 10680 -13240 -4773 -4504 -3043
7144 14316 -10704 561 -2666 -2160
10820 15860 -22860 2329 5343 1212
5532 13280 -17792 8256 12360 -280
-5540 12880 -14476 3824 734 -1899
5168 12116 -13840 5440 -4900 -1597
5808 8144 -14892 3276 -2494 -2930
4588 12520 -13608 6838 -485 -2559
4728 7696 -16028 -1125 3931 -422
5756 9128 -14980 1767 6990 -1431
8856 6232 -15612 5892 12606 -734
10044 10404 -16172 -6557 21289 -1245
6224 10300 -15380 10556 17247 -1793
5996 10440 -11728 -1062 12240 1330
5976 9408 -10984 604 2521 -622
5964 12152 -8864 1458 -4874 -1147
3732 56 -6824 -6625 -15901 -4606
16088 20544 -24720 7142 -20847 1132
18088 9524 -16852 -6419 1741 7959
564 5384 -17456 7906 984 1171
6052 12324 -14264 -3835 1532 4397
5684 5900 -13984 -5970 385 4657
7296 8168 -15860 -374 -2087 1664
6408 8396 -15132 -3909 -1213 1962
4952 13016 -14436 -14847 -1442 3406
4760 12948 -14468 -9528 -4123 4259
3468 9972 -12044 -5208 -2924 2304
5344 7608 -11420 -5422 -5248 1110
3856 10200 -10428 -223 -10313 -101
10268 12556 -9820 6336 -10738 -1178
6344 9988 -24372 16972 16651 7766
8480 15548 -19392 4225 8995 -282
1028 7808 -18792 5983 6892 -10011
6132 10508 -14584 6015 -2228 -2641
2704 11968 -14632 -1964 -3282 -7142
5852 5668 -15792 286 -2316 -8023
9020 6740 -15428 1302 1576 -2825
7116 10812 -15716 1279 7689 -1963
6940 4916 -16116 -946 12297 385
8876 10956 -15108 2827 16063 756
8336 8240 -12880 2786 18274 -324
5852 11708 -13456 3655 13588 -830
5828 12732 -10456 2369 2881 129
13196 7636 -8276 2405 -459 1623
14320 6208 -10452 1922 -11030 327
12400 7960 -16708 -6147 -12692 13
13148 12900 -16424 7956 -11191 4044
11664 4916 -15944 -495 950 4095
5464 7900 -13904 4388 -25 166
6220 8412 -14244 -1625 -1874 1009
8804 7968 -14372 -4617 -2714 1719
6800 5464 -15660 108 -3805 647
7136 10488 -13212 -6572 -4255 2673
4144 8204 -14292 -15622 -7257 1951
1016 12544 -12068 -9810 -10498 189
7584 10840 -17464 -9422 -10962 1661
5288 9704 -11256 -2921 -4975 287
7800 12028 -13216 1302 -5197 -46
24296 20320 -29660 1102 10338 9115
6648 13692 -21344 12755 10764 2881
-3320 12896 -13484 5908 -921 -8030
6824 8840 -16816 881 -5069 -2550
5036 11052 -14416 6195 -3685 -5721
4884 11184 -15056 -5108 1280 -2681
3788 7216 -16660 101 1368 -2545
5208 8120 -16660 2736 2532 811
8524 10716 -16460 -2023 9492 -788
8560 5364 -13912 2773 16376 -1883
6664 7800 -13636 2220 18626 1555
4364 14172 -11832 605 13093 174
3008 10876 -10968 8595 345 -3644
2528 12420 -10268 1769 -8836 -3912
5364 9012 -23348 1348 -23751 -8144
18936 15296 -28872 -3496 -3244 1672
13896 6596 -16916 -481 8782 7543
-464 6796 -9488 4900 7812 2328
5584 8064 -13720 -5799 2689 5650
8144 7908 -13868 -2886 -395 5201
6728 8092 -14312 -329 -1306 5363
2788 19348 -13396 -7447 -3663 5809
4692 1844 -14096 -16738 -8986 3147
3508 11332 -13680 -12758 -10650 2491
3664 9028 -11832 -11320 -10278 -1135
8416 12412 -13148 -6463 -10642 331
4272 11088 -10224 2114 -6270 1832
7140 10632 -27480 7363 -1934 804
1908 20124 -17368 10957 16205 4235
672 10656 -19896 200 1164 -23
2988 12056 -16292 8798 -5217 -3812
5232 7572 -13600 -829 -6250 -3586
5452 9252 -15476 6621 -5107 -4722
3836 10860 -15116 -1198 855 -1458
3564 7128 -16020 4237 1830 -2840
9144 8592 -14504 3113 6273 333
5904 8224 -17424 3639 14594 -459
8580 10044 -15560 2725 17960 152
7260 8512 -15924 4001 17197 1384
5996 10640 -12824 2010 11115 -467
6256 11000 -10836 8475 540 -4329
1948 9896 -21060 634 -11711 -2504
13380 13780 -22128 4441 -22060 -10075
16104 4784 -17284 12946 -10084 2118
5540 4244 -18404 -6401 1226 8072
3424 11156 -16708 4213 -144 339
9444 6808 -15436 -5670 3697 3856
7180 7020 -14876 -2258 3915 5122
5252 7232 -14480 -93 172 3716
4868 9940 -13512 -2691 -2331 1046
4120 10060 -13308 -13874 -5403 -63
844 9376 -16964 -16945 -7992 531
2896 9528 -14272 -7385 -11740 750
7820 10636 -14108 -6454 -12101 601
8300 12000 -11748 -1556 -8565 -413
8724 10944 -12716 3409 -6661 1687
3652 10888 -20676 13894 12536 3100
328 10140 -18580 2476 9282 -3634
812 11408 -16192 8377 -237 -5530
3780 8424 -13944 2855 -3411 -2123
3264 9568 -14456 4430 -4735 -5857
3356 9340 -16652 -1776 14 -4028
3608 7148 -16628 658 824 -2419
5956 9036 -15748 6432 3048 -1689
8112 9520 -15408 1743 11665 -1248
8184 8312 -14348 3449 18368 192
6876 10020 -13468 5115 17544 -400
5824 13184 -14644 -562 11911 2699
2416 9312 -12380 825 2399 -2973
8536 13692 -19436 -3530 -5726 -4450
3988 8056 -21972 3288 -25282 -10466
20908 9536 -29496 2083 -4663 5255
8852 6768 -17344 2657 4232 7149
3596 12348 -14948 159 5764 4979
6772 7164 -13896 -116 3832 3958
6204 6848 -13356 -5170 3911 5514
4016 6624 -15092 -5310 -348 2006
6448 13060 -12764 -10959 -3234 512
3208 10352 -12676 -14100 -10210 525
232 8892 -12916 -12837 -15613 745
7832 13900 -16284 -8179 -19328 -932
8628 9992 -13876 -402 -12590 964
6920 14120 -7776 2477 -5901 1875
5144 12716 -27164 14182 8421 -1872
-968 11364 -17988 6052 8459 -3976
-1592 10780 -13516 7733 -78 -4323
4812 12092 -13548 -1298 -2430 -4178
4468 7636 -14956 2837 1807 -3117
4728 10604 -15412 2571 5243 -1450
1048 9128 -16660 4493 3622 -2728
3780 8976 -15384 1174 8868 -2478
7524 10656 -14516 2898 14656 -2052
9292 6184 -13208 -2188 21005 2071
8928 7124 -17388 2238 22192 2322
4932 18540 -12532 7260 15137 -6507
3824 7040 -10032 4760 530 -4597
16044 13900 -25608 -1036 -7751 -1236
17224 13236 -22488 11239 -22178 -5769
19304 9172 -18512 9539 -6938 6821
7356 7252 -16008 -6749 4303 5344
4608 6616 -13688 1405 2508 3159
4192 9632 -15476 -2373 -114 2622
8356 6688 -16252 -3637 -2233 4481
6428 6120 -14676 -6331 834 2722
6336 12808 -13184 -1662 -3658 -1098
2580 5404 -14680 -16574 -7056 797
2040 10988 -12644 -13730 -10154 1177
1492 10304 -12564 -12808 -14581 -2173
10832 10316 -17100 -1605 -17105 320
7640 12276 -8508 5712 -6337 3712
11200 11448 -24324 14175 8512 7146
3116 17780 -17400 7858 8607 2373
-4036 9956 -16308 8708 440 -3747
5252 11592 -16188 5564 -4719 -2416
5064 7560 -16792 -3240 434 -3933
5104 6624 -15936 2670 818 -5032
2196 10256 -17208 312 1562 -3564
4828 7524 -16576 2125 2977 -4067
8264 9348 -14704 -3250 11162 -2579
9576 6412 -15380 25 19255 -499
12988 9788 -15908 -139 24514 1383
4624 7512 -12744 1048 23420 -63
-1928 13340 -9488 5500 2832 -3399
7164 12676 -11260 -2980 -7965 -2757
13236 5540 -18112 3745 -18441 -6195
15656 16864 -24064 9483 -13814 1749
13528 7340 -18336 -3689 -785 9731
7364 5968 -9912 9186 2268 2695
5004 9084 -14328 925 2063 3108
5056 9912 -15900 -5943 1695 2787
8800 6288 -17276 -954 1408 3381
7516 6300 -13584 -1228 762 1613
5084 11492 -12516 -3875 -1838 -1109
4272 8336 -14468 -12275 -7263 -1853
5036 11052 -14224 -12782 -9999 13
3736 9808 -13600 -9450 -11545 1261
7728 12396 -12856 -4924 -13773 -397
8628 10660 -11676 1862 -9075 1692
13368 13656 -23520 469 116 3182
3940 10796 -16752 15773 11228 8504
2004 11588 -19524 1487 10692 3031
3232 9620 -21440 11582 971 -5215
7244 10416 -14860 1518 -4536 -3299
2524 9540 -14284 -2258 -6096 -6245
4228 7136 -16076 3802 -5273 -4319
3816 10984 -15596 2488 -4378 -4530
5608 8160 -15652 -1856 649 -2416
8912 7576 -14664 3474 6370 -1581
6260 12232 -15128 826 12433 -2163
4468 9280 -12552 719 10805 -2342
5672 10612 -14072 1047 9112 -1595
6056 8588 -15828 -967 4313 -747
1640 8488 -11824 1508 1384 -3375
5812 16452 -32768 -1644 -5612 -5467
16148 4392 -24132 17261 -19878 -11877
13996 18632 -21072 -858 7676 3034
3032 3444 -17472 826 8019 5517
3892 9880 -17628 2941 5819 1945
6780 6068 -15908 -857 8547 4259
4592 6900 -14680 -1751 3384 4914
5240 8160 -16600 2223 640 3053
8052 8456 -15784 -5568 1393 4783
6080 6688 -15356 -169 -872 2711
7268 11664 -14040 -230 -564 1540
8268 10040 -14672 -8897 -2140 575
9012 7384 -15148 -7870 -2788 -455
7648 9852 -15212 -7086 -3417 1902
6708 8032 -13896 -4422 -5394 -119
6904 9136 -15432 -928 -5589 -985
6536 10480 -13528 1728 -5342 667
10944 12148 -22104 -2857 956 1109
6516 11800 -15176 3222 3234 4249
4100 9720 -15692 -1850 657 696
4700 10908 -17164 3540 -2728 -1747
4896 10660 -16672 87 -5018 -1809
4096 8352 -15792 2627 -7142 -5724
5572 11612 -15596 2557 -4681 -3494
5152 10236 -15412 -336 -821 -1920
3252 9656 -15832 560 437 -1236
4016 10532 -15680 796 1535 -557
4756 10796 -15316 -160 3728 -690
4396 10148 -15644 271 4714 -385
4260 10224 -15396 -495 4712 438
4108 10068 -15668 1165 2830 840
4520 10080 -15752 1595 1817 959
5388 10160 -15664 1968 938 739
5436 10312 -15748 710 152 596
6384 10508 -15988 -437 618 230
5372 9724 -15548 -210 676 508
5212 9752 -15888 129 547 626
5700 9988 -15436 732 328 316
5972 10240 -15564 279 358 460
6300 10164 -15540 288 473 465
6096 9892 -15524 181 606 708
6092 9952 -15288 244 426 692
6140 10316 -15476 133 170 564
6196 10188 -15448 -66 25 466
6412 10376 -15156 -308 90 377
6236 9904 -15180 -67 288 357
6184 10092 -15308 479 114 294
6200 10364 -15340 481 214 -28
6192 10300 -15660 -334 149 -39
6172 9940 -15164 61 125 13
6260 10196 -15148 43 116 160
6276 10132 -15276 191 -2 212
6312 10480 -15232 34 76 157
6220 10340 -14964 254 79 222
6148 10440 -15116 299 51 160
6156 10056 -15260 255 5 140
6240 10408 -15136 353 99 194
6300 10432 -15280 492 113 55
6232 10332 -15220 431 72 70
6212 10012 -15280 241 38 142
6264 10020 -15428 203 27 191
6316 10252 -15320 146 75 65
6172 10300 -14968 424 130 53
6084 10020 -15232 367 8 99
6180 10232 -15260 300 -22 47
