-14340 2756 -7972 661 -76 -39
-14364 2976 -7988 592 -10 -19
-14156 2876 -8068 455 5 -76
-14380 2760 -7880 532 98 -34
-14212 2748 -8124 494 158 28
-14368 2760 -8244 663 342 -2
-14316 2612 -7904 757 572 140
-14464 2808 -7964 713 377 153
-14424 2820 -8184 779 156 97
-14336 2908 -8272 804 -86 44
-14308 2844 -8092 654 -165 21
-14176 2844 -8224 546 -149 -6
-14284 2932 -8248 596 -134 9
-14224 2880 -8264 559 -61 15
-14112 2888 -8308 613 -7 -6
-14220 2812 -8248 562 136 21
-13964 2656 -8212 597 289 73
-14120 2672 -8440 622 558 230
-14132 2756 -8068 471 612 441
-14160 3000 -8092 331 741 450
-14356 2312 -8320 657 1121 410
-14144 2708 -8244 554 1167 627
-14204 2684 -8056 629 1323 773
-13812 2256 -8132 895 1759 490
-13672 2288 -8260 1274 2653 790
-14340 1516 -8244 1875 2296 923
-14596 1672 -8600 2811 2323 1233
-12300 1172 -9980 3260 3067 1924
-5916 7140 -8716 -488 622 3043
-11724 3468 -7076 1608 996 3154
-23564 5776 -10216 2394 2056 3232
-29372 8660 -11668 -3378 -625 5826
-20816 3920 -8684 -5335 3491 6426
-4560 2268 -4132 3846 6057 -232
-4608 -1160 -1192 14762 -1097 -4421
4568 -556 -8288 11212 -133 -2943
-24792 9080 -25128 -1582 -3383 12806
-22080 7416 -11180 4007 -4675 -340
-20824 264 -18060 11043 1167 -5021
-15464 1896 -15488 12354 6503 -6562
-7212 5616 -12896 97 938 185
-2936 3260 -2596 -10978 1573 1370
-1560 -240 3572 -14859 -7283 -1630
1724 -3032 -11996 -9661 -3930 -1431
-21428 9408 -17880 6746 9782 -5288
-32768 9884 -24500 -2349 -7129 -959
-26228 10612 -14916 -7630 -545 3061
-15724 6204 -7268 -7411 -4179 3656
-216 -36 -4448 2972 3345 -2509
2476 84 -2816 3518 -2933 -5275
892 -616 -2124 5180 -4911 -2807
-752 2908 -15592 3510 3576 2950
-26528 7496 -22696 -2954 -4007 17458
-32768 8308 -18904 12240 -1051 -4413
-20112 5392 -13300 12883 7897 -3414
-14256 4240 -14464 6796 1079 -4991
-1028 748 -3856 -3836 -1043 3077
2072 -3048 1796 -4102 -867 2540
320 336 100 -4264 -3681 1105
1800 64 -15792 -3048 -2031 -2871
-30516 9072 -25092 11492 15416 -8976
-30784 8036 -20524 -8231 -9951 -564
-26648 9096 -15132 -9931 4939 2068
-15176 3768 -7228 -8157 -5065 1225
-6644 -1232 -2688 6022 2022 -6557
5440 -724 -1144 3660 -3035 -5216
1704 -612 -2432 3624 -4347 -5106
-2260 2948 -13360 6696 190 -303
-24476 8420 -13112 -1542 -5502 11492
-32768 6148 -21560 6652 -7331 -4465
-25148 4264 -18024 5620 8754 -1868
-13868 5084 -14244 -784 -764 -4443
-6496 432 -5768 -6785 1195 -1364
980 -2456 2552 -7665 -4047 610
212 -528 92 -8013 -2970 -918
3156 2416 -7604 -7763 -5258 -2199
-32768 6908 -10748 3387 13676 -9457
-32768 12768 -25100 -11537 -1259 -909
-21724 5912 -11880 -11248 5506 -2166
-18008 7584 -11556 -10194 -678 -3595
-5112 1012 -3760 -4360 3837 -7572
1224 620 -108 -1511 -2017 -9651
284 -2112 -356 1281 1265 -10413
-1680 -1824 -13460 3088 -2912 -10034
-24708 6188 -8844 -10604 5717 8982
-22816 9132 -15648 -648 -9047 -9809
-18000 -1732 -15208 -3514 10350 -1539
-11584 4148 -11896 -8031 105 -4320
-2144 5472 -5012 -16133 -158 -929
2444 -2032 -320 -16890 -612 -3917
1836 -4088 -2308 -12108 -700 -7007
2720 1040 -30740 -8838 3292 -13386
-32768 8344 -21844 -959 187 -3797
-23272 6736 -13912 -9672 -5661 -2552
-30852 8488 -15372 -10430 2091 5525
-12388 3856 -5044 -9254 1081 3013
-3992 2660 -3612 -3809 3905 -2983
4392 -1664 -736 -1763 481 -3578
844 -852 -2228 232 -1832 -2869
640 4372 -23368 -2338 1396 -2758
-19620 -1124 -19976 -11757 -3144 11198
-32680 10368 -17624 4102 -5960 -7863
-22856 4300 -16016 5639 9346 1902
-11912 6904 -12560 3917 -1821 -8157
-2924 3600 -6104 -6538 -1205 -1566
2052 -2244 -284 -9511 -325 -2776
1172 -2392 -1568 -8285 -734 -4682
1236 420 -3212 -3550 1148 -6403
-32768 -228 -1792 12967 15455 -13197
-30512 3268 -18608 -5813 -11096 -1551
-29124 8068 -13364 -2997 5510 3100
-21532 6844 -12360 -258 -2300 4064
-7416 3784 -9472 6499 616 2178
3196 -4752 -652 9546 959 5221
1720 -3240 2884 9783 4738 5960
-708 -4928 -11128 12484 -4933 6438
-12696 8264 -32768 9151 -913 7943
-25492 3612 -17336 528 2618 4034
-21452 692 -20308 3086 7479 3193
-26556 4144 -19080 6061 -1314 -1039
-16004 672 -12416 7945 1867 -2925
-10896 3360 -12904 757 4011 1581
-2896 4224 -9148 -6749 -3876 2164
3700 -3436 -976 -11619 -9272 -513
-164 -1968 -544 -9745 -6027 -373
-2016 3852 -11128 -4188 -7938 -912
-26716 15084 -17464 6181 10238 -5169
-32768 4720 -20648 -2348 -2180 1537
-24172 9360 -10292 -7848 1092 6706
-10392 6292 -6512 -3036 -2163 -532
-1732 2332 -1648 2992 249 -4521
2748 -6380 364 6050 -1528 -4959
-292 -2680 -3012 5949 -4757 -3212
-776 9920 -32768 923 9208 922
-28264 2684 -14892 -4535 -628 5556
-30000 3756 -20044 4766 -3374 -6844
-25504 884 -14764 9468 8767 -1157
-14804 2484 -13156 7326 -5031 -1886
-4732 1688 -7944 629 4112 3290
-1768 -960 2028 -5216 -4548 5283
2828 -1432 -392 -3330 -4424 1722
-2400 4916 -3272 -4874 -2855 -2428
-5896 4604 -26228 -3008 8473 -4237
-32768 11748 -23924 7253 10355 -4477
-29992 4516 -15864 -5755 -4410 6728
-18948 5348 -10332 -4258 609 9626
-4060 3356 -5860 1719 1129 1324
-1024 2132 -1652 8306 -1988 -2801
1324 -2556 1556 5825 -3945 -2138
2128 624 -4648 6853 -3632 -883
-15192 10356 -32768 -6563 22292 16449
-32768 1808 -16988 3293 -16379 487
-18732 3592 -17560 7768 6299 1829
-27160 4464 -18396 10723 2000 -817
-8308 5516 -8736 4603 -7168 -465
-5112 -476 -5252 -1214 -2724 5171
-144 -5744 2056 52 -6905 4804
-2424 -2788 608 638 -10568 2706
2688 7376 -6836 -3238 -12660 2332
5852 8980 -32768 2095 21049 397
-32768 17796 -30032 10015 -755 -4709
-19976 4036 -11516 -1389 6134 5868
-25572 6192 -10576 -1261 -4485 12153
-12388 -1976 -8868 9160 -281 9384
-3356 -1940 -3064 11861 -3248 5510
2860 -2304 1348 15276 -4698 1952
-472 -2896 -3544 15913 -5978 -423
-1284 -1464 -9524 14745 -8396 1874
-17736 11116 -16444 361 594 18789
-30664 2032 -17252 16045 -15082 -8281
-24960 5636 -13572 16709 9698 2518
-15604 2212 -13340 7725 -7152 2515
-5692 1668 -5436 3892 -4251 6103
-1984 -2508 1364 2134 -4942 8583
2416 -1440 -1740 2553 -8225 6272
-600 5128 -18624 4931 3524 4997
-25912 4972 -15520 12846 8910 -754
-31520 10204 -20116 -1222 -20 3267
-23732 10712 -11764 -4848 1853 4561
-17332 1880 -8320 -2720 156 4802
-4264 900 -3152 9209 1157 -1658
740 -1556 -1036 11776 -5080 -1617
-1164 -5172 -1780 15491 -3957 -676
700 -1556 -3796 16692 -7364 620
-32768 30140 -26216 -7632 9277 29076
-32768 4136 -18712 10997 -16947 -6294
-23548 2684 -16152 12847 11197 2285
-21040 1120 -18100 7024 -3081 -3858
-6796 6992 -6844 2485 1830 1384
-584 -1792 -864 -4516 -3282 5467
12 364 5032 -5589 -5130 3846
2648 148 -7692 -7157 -7664 1072
-5052 4136 -27456 -831 11177 -7569
-32768 12736 -22392 5687 4476 -1600
-24780 5072 -17268 -1316 -1246 3952
-30120 8244 -13600 -2161 3294 7433
-9792 6860 -5756 -4608 -1582 1475
-240 -1576 -1888 3225 -2474 -3523
2516 -6648 -24 10815 -3576 -5407
-544 -1908 -6136 8944 -8862 -3578
-5044 18388 -32768 354 7876 4226
-30580 4712 -12024 268 -11137 7983
-28984 5592 -19644 8824 3182 -3463
-25156 3420 -13816 10767 6727 -199
-13372 3764 -10952 8928 -5166 -2879
-1292 1324 -6064 -191 1113 3298
1980 708 1380 -4169 -658 4923
344 1072 -1376 -6290 -3946 2768
1208 1732 -7696 -5200 -3383 789
-26184 3348 -13636 6653 11734 -4291
-32768 13136 -25524 -5078 -1783 -49
-24260 6356 -9156 -9563 1932 4883
-21292 8028 -9408 -6471 3689 5733
-3316 1192 -2676 4919 6537 -3425
0 -72 -1172 6861 -4295 -6356
484 -2840 -1760 871 -5423 -6791
2044 48 -7476 5191 -5164 -5110
-7332 3368 -23632 -2226 11825 2297
-32768 8604 -20956 -683 4503 11087
-29292 3724 -15652 11309 -7875 -4282
-28724 2304 -17368 11148 2557 -3169
-5700 4708 -12732 5134 63 -1665
-3880 -744 -4528 -2914 2506 2315
-140 -2628 2804 -1739 -311 3028
668 1960 -280 -4311 -1632 2933
-964 5868 -5720 -9460 -6115 665
-4580 9308 -24892 -5700 2232 1124
-32768 11560 -15928 584 11339 0
-32472 12676 -18468 -11568 -5753 414
-23008 9072 -8244 -5988 537 5143
3604 316 -13188 4998 1608 -2190
-2224 2280 100 7195 3123 -3990
-1832 -3568 2344 6604 -1988 -4874
812 -844 -4444 5880 -6074 -7127
-7600 4996 -14636 5486 -6 1633
-32508 11996 -20468 -5204 -3326 14781
-29516 6508 -13372 8619 -8881 -8320
-24752 4680 -16936 7462 9917 107
-13804 3224 -13844 1697 -595 -4020
-2408 1164 -3788 -4518 -576 1755
1108 -1868 2364 -6187 -1712 3200
124 -460 -468 -5638 -4093 1772
1252 4764 -11604 -8704 -2018 -1056
-27184 9432 -18872 1313 8367 -4733
-32768 15612 -23072 -4202 3743 63
-22708 8488 -9800 -6739 2959 3848
-16860 5968 -8216 -1516 3510 1810
-1240 632 356 6254 4462 -3816
4392 -5100 -3168 7533 -1170 -3676
-4572 -3776 -352 10284 -6356 -5002
2048 -100 -6584 11598 -7359 -4278
-19668 12712 -32768 -2973 17655 12532
-32768 3336 -20196 -801 -11825 3900
-19048 5388 -15416 6400 8101 -142
-23256 3484 -12636 6015 752 -4018
-8176 432 -8176 4709 -351 -3215
-6188 236 -6344 -94 1220 1600
-648 1016 2356 -4867 -7137 2742
2824 -588 92 -5186 -7953 -164
4844 -864 -23588 -3924 -7316 -2464
-31016 13088 -20252 11357 16364 -9131
-27140 3060 -19468 -3492 -2571 2940
-32768 7828 -16100 -6405 284 11505
-8924 2388 -8856 348 -1765 2851
-2976 5844 -3264 3487 3086 -1276
292 -348 1828 4047 -2581 -2125
-3316 -4460 -896 7603 -8411 -4339
868 -1624 -5564 11860 -9686 -4502
-30628 32767 -32768 -9958 1945 17883
-32768 3964 -19708 2699 -10173 -4590
-12000 856 -12628 5883 8343 -2768
-13828 4264 -9812 2606 3506 -3706
-6684 -1312 -6892 984 337 -2219
-10240 1692 -9992 -586 3088 -1110
-14192 2296 -11396 -4355 -261 -1828
-13672 4968 -9856 -8842 -3666 -264
-13104 2444 -12108 -8293 -1265 -1298
-12776 2208 -12168 -3775 840 -2564
-13180 2940 -8892 -1307 658 -3063
-13028 604 -10812 1113 1595 -2430
-13572 3264 -9320 748 192 -2194
-12908 2340 -10004 36 -386 -1177
-13388 832 -10576 919 265 -520
-13324 2100 -10500 1458 509 626
-14024 3068 -9844 808 -591 286
-13816 2692 -9820 208 -499 187
-13848 1980 -10132 535 -605 -37
-13372 3056 -10104 354 -235 194
-13544 2212 -9692 478 -448 215
-13496 1944 -9820 679 -79 454
-13556 2644 -9884 567 95 241
-13780 2228 -10024 301 166 176
-13960 2188 -9812 320 219 238
-13572 2220 -9880 446 -45 129
-13852 2432 -9972 220 139 241
-13800 2236 -9648 345 -227 251
-13968 2396 -9684 465 9 196
-13800 2288 -9776 390 -245 215
-13516 2380 -9612 407 -250 212
-13784 2560 -9432 313 -270 253
-14044 2312 -9580 390 -208 146
-13892 2444 -9320 439 -480 156
-13712 2704 -8928 319 -551 271
-13988 2676 -8964 546 -520 52
-14188 2332 -8856 658 -747 -76
-14212 2796 -9060 393 -729 -26
-13828 3028 -9464 -360 -783 -327
-13752 2640 -9316 -998 -466 -613
-14120 1840 -8964 -663 -375 -561
-14348 1900 -8896 -48 -294 40
-14160 1776 -8552 1205 -576 738
-13532 2424 -8824 1974 -448 621
-14308 2080 -8976 2318 -46 327
-13856 1956 -8808 2601 179 398
-13656 1648 -8612 3261 774 454
-14176 2464 -9196 3216 1070 664
-14016 2804 -9688 2545 275 308
-13968 3032 -9816 1398 -165 29
