16344 -6864 596 5819 -785 1577
16272 -6708 -124 2769 857 1352
15152 -7460 -12 1805 1809 1536
15340 -7216 -40 3014 944 2148
15032 -7000 -496 2935 648 2336
15232 -6704 -320 2546 218 2340
15172 -6716 192 2478 -472 1849
15124 -6592 -40 2072 -690 1258
15300 -6424 368 1292 -688 635
15324 -6744 376 394 -710 -71
15248 -6840 676 60 -868 -764
15200 -7056 896 -118 -1218 -1379
15272 -7292 808 -237 -1090 -1747
15256 -7236 772 -443 -929 -1885
15404 -7452 904 -665 -689 -1768
15540 -7512 724 -482 -565 -1473
15852 -7460 740 -427 -461 -1198
15364 -7148 492 -118 -265 -772
15408 -7008 504 585 -574 -897
15448 -6880 580 1136 -1009 -1179
15356 -6768 568 1003 -884 -1296
15440 -6852 788 995 -615 -1229
15068 -6700 756 369 -94 -888
15412 -7244 500 -641 1213 25
15932 -7364 112 -1292 2281 1777
15920 -7524 268 -644 2033 2869
15568 -6724 576 854 1239 2839
15204 -6188 552 1100 912 2061
14936 -6212 560 559 450 744
15056 -6728 460 895 -354 -631
15116 -6884 504 962 -796 -1209
15240 -6792 524 767 -672 -1313
15140 -7008 864 822 -1064 -1442
15692 -7496 1120 777 -906 -1314
15712 -7392 1072 639 85 -564
15236 -6816 776 98 764 555
15096 -7008 552 362 762 422
15000 -6856 396 -69 542 823
15768 -7304 708 57 85 626
15724 -7076 816 1293 -827 29
15540 -6820 912 1259 -768 -16
15484 -6896 856 886 -69 140
15512 -6868 468 424 694 176
15252 -6844 568 212 577 357
15128 -6944 400 621 142 276
15232 -6996 160 255 -156 14
15312 -6864 636 456 -267 39
15472 -6552 560 281 -290 72
15504 -6476 584 296 -185 83
15592 -6892 644 51 -129 -74
15464 -6672 732 60 -523 -296
15508 -6852 272 475 -708 -395
15420 -6620 592 182 -289 -662
15668 -7148 544 282 -131 -819
15816 -7076 832 312 -32 -654
15164 -6720 692 335 -10 -211
15232 -6864 588 312 153 -322
15360 -7052 456 281 227 -276
15424 -7072 388 400 179 13
15284 -6912 544 465 -65 219
15640 -6892 560 523 -48 273
15848 -6988 716 294 213 684
15184 -6740 492 -83 359 1334
14988 -6744 624 362 85 685
14912 -6884 664 368 -528 -345
15352 -7216 732 500 -739 -893
15412 -7056 844 224 -635 -578
15340 -6920 596 -84 -356 -444
15132 -6920 344 -432 -645 -659
15208 -6952 424 -228 -1297 -1340
15008 -6856 520 -539 -1482 -1350
15080 -6860 608 -835 -836 -1132
14920 -6956 1020 -1211 -150 -91
14128 -7468 1456 -433 -61 914
13088 -8120 2472 -54 -637 1157
16240 -10576 1568 913 -2008 1985
21008 -12468 548 3575 -1042 947
19832 -11332 2120 7014 -11033 1069
23788 -13972 -4476 11116 -9488 -6391
17672 -10196 -3492 412 -76 -6977
8864 -7920 220 -3554 4077 277
5992 -6464 1940 -542 8341 10007
6052 -3340 2328 5208 15141 21197
16056 -6372 2360 9507 15865 21581
15288 -11764 -168 3037 16996 9214
19428 -14064 7216 -5912 11227 3594
11716 -8252 4776 -4682 2728 -1597
5976 -6412 3196 -9716 920 -7306
2220 -4612 3936 -4208 -2177 -7378
2396 -12656 5036 5678 -6165 -1587
11844 -12100 2988 7417 800 10595
9164 -15552 4352 2335 -370 21144
13740 -28896 3164 6287 -5978 7345
17040 -25320 4116 7014 -8694 -1826
14308 -13840 3840 -2507 -10010 -3409
6516 -4896 -804 -5242 -8303 -7866
4172 -520 -1792 -439 -6794 -8494
3988 488 -1888 2746 -4583 -6074
9192 -2664 2500 3231 -831 -1513
20044 -15756 3976 5444 6801 3539
32767 -32768 6040 8227 12747 1689
21020 -16268 14148 4706 16546 10005
6076 -9420 5012 1113 9816 7269
140 -2340 2636 -3525 4906 -31
-1348 -396 2168 -4483 -164 668
-696 -892 928 -666 -3087 3415
796 -3596 2120 4019 -3124 8232
4192 -11544 2964 6758 -2540 10322
7720 -22588 9656 8266 -9456 1509
20152 -30796 7828 -1857 -11414 -12717
20888 -16512 5616 -10248 -11963 -11077
12024 -14000 976 -10786 -11367 -14024
6088 -7000 5596 1023 -11212 -9785
4284 -2792 -2868 7804 -5932 -3330
5568 -2360 -1388 3077 4018 1874
12732 -4236 -312 -1315 8452 3989
27508 -18920 2052 -2085 10281 668
30868 -24408 7432 -7155 17607 -18
19612 -15568 11772 -8271 5731 7255
4440 -7272 2676 -6664 6352 -1545
-1288 -1964 2232 -9972 4745 -3764
-4052 -1476 1296 -5916 -646 -2605
-2632 -2412 692 2504 -4676 1493
1604 -7124 1892 7924 -4335 5354
10348 -18944 5160 7387 -3674 6528
27004 -32768 6220 6012 -6806 -552
27312 -31020 4872 6076 -3676 -698
14920 -14964 1324 38 -4956 1607
7648 -4372 -1312 -2109 -2622 -3449
4020 4060 -3628 -282 1585 -3307
1032 4644 -3832 -1083 1410 494
5852 -2124 -1152 1757 1051 -1210
20148 -6580 -60 -824 6863 -10206
32767 -26416 8260 -7939 13572 -10794
30400 -25820 14076 -6882 4520 3619
11608 -8564 5356 4219 1777 1741
-1108 -5400 2952 -5311 5736 -2467
-3940 -2572 520 -6309 4498 -4050
-3112 -116 -1056 -671 426 628
-1816 -1948 -760 623 -887 4438
2196 -10252 1184 4807 -1748 9593
13888 -25376 7252 5669 -4438 8550
27440 -32768 7268 1861 -2521 4011
25204 -29284 7432 2616 -5563 3335
15816 -11148 1484 1344 -6661 -463
7932 -1960 -640 2264 -4867 -2769
3860 3160 -3344 5411 -509 -3657
3912 2544 -944 2967 3536 -2415
6532 -324 -400 -175 8384 -3614
15376 -9744 9416 663 9647 -3088
22604 -22228 10924 -1916 12366 -3199
19552 -27448 13772 -7932 7592 -5043
12884 -15472 10480 -1511 -2399 1728
2172 -3800 2204 -8106 1829 -1909
-2584 -1220 1488 -4622 291 -2586
-3064 1524 212 1227 -1704 30
-832 -3808 296 1833 -1922 2982
6488 -18304 6896 6642 -5294 7016
19488 -28760 8348 5767 -7606 7019
22160 -32768 8940 499 -8835 1200
22764 -23600 4948 5843 -10521 5
10824 -5296 1364 2115 -5786 -1209
3452 2416 112 4699 -2740 763
5696 2580 -1696 4768 4286 1635
7228 1284 -2132 1785 10403 380
10120 -3328 1068 -3705 11735 1059
15320 -19368 5080 -4837 11999 -5126
23260 -31632 12532 -6246 11454 -5472
16960 -18732 10860 7119 1844 63
3280 -7028 6104 -6432 4683 -5840
-228 -7832 5556 -7896 36 -7613
-1504 -2036 3880 1117 -5673 -1025
-2464 872 1516 1181 -4720 4770
-340 -4548 2404 2738 -3884 6031
4688 -13268 1868 10367 -8301 4498
22256 -32768 8316 15283 -17221 -5630
32767 -32768 12404 3271 -12852 -5431
21580 -21776 6152 4297 -10336 1855
10936 -1452 1848 7485 -6471 695
2704 7084 -3724 -3627 2484 275
-176 4084 -3096 -3896 3506 -775
4312 -796 -1104 453 1926 -2261
17480 -8492 3092 2539 4549 -1464
30340 -23548 6804 -2104 11355 -5871
28164 -21076 15220 -12148 11644 4573
14684 -18456 5076 -2145 9799 2945
3064 -6520 6572 -8108 8171 -1424
-2360 -1832 1836 -7394 2017 -304
-1512 408 2532 -1874 -3435 1698
-1040 -1432 2060 3803 -4576 7026
3528 -13056 5840 11869 -3783 12288
8236 -20692 11812 16532 -5582 12266
14300 -32768 11288 10378 -6171 6017
20668 -30712 11120 8173 -7593 -2255
14744 -14112 3888 1153 -7591 -4614
8664 -1356 -1136 -2303 -7902 -4162
6656 -544 -4900 2215 -3130 -7192
6028 828 -1660 -1957 6265 -5790
6668 -2888 960 -5320 11637 -3190
13724 -10276 10200 -4197 12732 -2326
19888 -24676 12928 -2333 9123 -6326
20292 -20944 20312 -2267 2773 1157
10280 -13228 8624 -532 2713 -4200
3380 -4984 7100 -7196 3109 -2736
-640 -2392 1644 -3079 -1902 -1405
-1416 1612 712 238 -4375 1890
-1868 680 716 -33 -5194 6008
600 -6660 3816 3337 -5979 9051
6868 -21440 10344 6277 -9181 10647
21428 -32768 12980 10166 -14871 -1414
24712 -22560 10488 6988 -10231 4315
17064 -15380 1848 79 -7010 -1456
7472 -3040 -656 -835 -5587 -3123
3388 1672 -2524 511 -4469 -3020
3404 2120 -2816 620 -1525 -3888
7268 -1424 268 -48 2843 -933
20408 -13024 6128 2105 5251 -2563
30084 -25612 11268 -7903 10419 -4864
24940 -22720 13764 -5971 7198 3838
10488 -10636 7752 -6090 8073 -246
2544 -3740 5136 -9734 7047 731
-668 724 1864 -3076 3454 580
-2404 3756 -88 -1247 2957 1456
-1548 -1472 580 -1777 2530 5134
4204 -12936 5324 2659 -569 10323
12876 -32768 9480 3187 -9860 1425
19560 -32768 10512 207 -7909 -705
19316 -23476 2296 815 -9360 1472
12324 -9820 712 -1609 -4229 -5426
5104 -3568 -1316 1505 -1081 -7809
2184 1044 -744 4569 512 -6120
2596 1244 -196 2379 4261 -1619
10168 -5188 2800 5000 7576 626
20568 -21120 8848 -888 8022 -4942
27524 -27176 16464 -8049 6643 -1148
18296 -18048 9696 -1889 227 3302
7992 -7256 6748 -9459 5196 -2385
2040 -2712 2704 -5577 2972 84
-2300 2288 708 374 -376 713
-3336 2136 696 1810 -2093 3851
1080 -7412 2940 4663 -2297 7268
7680 -23844 6312 2920 -6224 6618
23128 -32768 7980 6388 -6656 -2169
20404 -28288 6456 1634 -5819 3334
14104 -16468 1568 3817 -6090 -1140
7992 -3228 -308 4879 -5269 -2378
2824 3648 -1664 1085 -418 -1167
1760 4020 -2672 2363 3371 -517
6540 -1180 -436 3441 6435 -632
16544 -14676 6872 -4245 7706 -3971
28836 -28816 13524 -5212 4468 -2847
23652 -19828 9928 3620 2649 5561
13356 -12932 8100 -6690 11248 -7297
5008 -8856 3668 -7998 7298 -5374
-1508 -1896 876 -5274 2666 -3366
-5480 2100 -236 -2867 -1140 942
-3872 -1056 968 1230 -3571 5926
4016 -13476 5516 876 -4426 9726
24900 -32768 4700 3096 -7192 -2363
22140 -29180 7404 1233 -2228 4484
15936 -21784 1628 2937 -3364 -2753
10124 -7964 744 4993 -3315 -5592
4228 364 -1680 10 -707 -4125
240 3448 -1548 1988 1825 -590
3600 -1884 1412 5367 4218 1658
12072 -11060 4088 3536 3561 1805
29376 -32768 8904 -3083 -767 -12057
20384 -14768 9924 1472 -6096 10396
10704 -7476 2996 -3524 2926 -3673
7112 -7740 4384 -8293 7328 -1842
3656 -6108 1764 -2623 2831 995
2920 -4076 2440 1188 81 2020
4860 -8092 3128 1961 -1787 1854
14272 -19368 7172 4456 -4017 998
17324 -21804 6500 -353 -541 -2136
7316 -10212 5532 -2147 -37 6626
5056 -8440 3932 4785 -3116 6748
8324 -12648 4504 7127 -2925 2033
12964 -16732 5224 8457 -713 -438
9996 -11544 4960 2950 986 2954
7268 -9960 4256 331 -454 3656
7560 -11320 4448 3136 -2718 1047
9608 -12964 5548 3309 -2399 -748
9392 -12236 6240 2151 -791 558
8556 -11888 6460 -262 249 582
9768 -11896 7012 1776 49 27
9072 -10792 6756 349 1126 -342
8000 -11292 6768 212 1264 -1577
8048 -11748 6672 1058 1077 -1870
7688 -12188 6636 374 1473 -1293
7476 -12280 6576 122 1725 -587
7244 -12184 6696 19 1655 -6
7408 -12160 6588 230 1297 551
7492 -12092 6712 135 1074 1139
7468 -11988 6944 460 894 1382
7424 -11996 7012 599 873 1512
7496 -11768 7172 344 1028 1685
7352 -11760 7160 143 1230 1652
7388 -11780 7004 197 1165 1408
7176 -11552 6632 188 715 1204
7188 -11108 6684 860 -311 369
7208 -11008 6800 665 -792 -895
7236 -11780 6952 332 -557 -1447
6920 -12196 7184 414 -202 -1364
6728 -12484 7116 232 167 -846
6776 -12464 7008 296 212 -397
6896 -12156 7028 425 -71 1
