14500 -7312 1456 1195 -1180 -474
14724 -7116 1384 674 -767 -486
14696 -7704 1232 -147 -477 -505
14468 -7812 1172 437 -952 -468
14788 -7784 1320 699 -1174 -355
15256 -7788 1276 203 -386 154
15120 -7892 1312 -49 63 542
15020 -7524 1404 426 -71 702
14976 -7480 1296 794 215 525
15224 -7712 1144 1756 1670 -127
14968 -7396 1980 1530 1218 180
15080 -7604 2044 175 821 -46
14904 -7588 1452 1128 -131 -33
14848 -7360 1484 380 -566 -243
14720 -7336 1260 324 -870 -410
14964 -7544 1316 -260 -658 -451
15036 -7884 1492 804 -743 -471
14704 -7720 1436 -45 -433 -363
14660 -7832 1160 1658 -837 -493
14928 -7620 1496 186 -144 -199
14944 -7988 1688 1055 -273 -40
14808 -7324 1340 1032 -141 490
14892 -7900 1380 99 287 438
14368 -7456 1440 1123 95 383
14648 -7396 1664 231 192 314
14944 -7596 1220 -312 513 68
14164 -7244 1540 -1168 715 344
14324 -6792 1508 -1451 371 365
13740 -7864 1500 -2194 187 -75
11020 -7532 2328 -902 -948 1086
8300 -9252 3524 3311 -1377 3177
13828 -11528 3552 5047 -2246 5463
20672 -15316 3796 7371 -6685 1653
29284 -19232 1744 6758 -9129 -6068
20912 -13688 1732 3384 -3281 -6740
-984 3832 3964 3459 -1057 1761
2596 5584 -2560 632 4751 -4893
19592 -6304 912 -9763 12449 -3412
25828 -13528 3736 -1752 9993 3566
26200 -12324 5720 4758 4268 6987
16172 -6476 3860 -707 7460 2997
6928 -3732 1204 -9587 8677 2511
2404 -2484 1176 -6864 3882 2392
-2100 -128 916 -3701 1690 4390
644 -5496 2372 -369 2313 8355
10904 -15360 5900 2733 2648 10770
22304 -25924 6160 -109 -1440 -482
25616 -19300 2336 -13612 -4925 -6878
21016 -16280 172 -18416 -3685 -13102
9688 -7872 1300 -3489 -6956 -12583
4480 -1420 -1140 14010 -7154 -9779
2824 1604 1564 6541 132 -4917
7288 -2916 996 296 6911 -348
23120 -9604 408 -698 7021 2295
32767 -22084 -1152 -4238 5757 -2057
27756 -12720 9036 -6154 -576 1652
9388 -11688 2896 -2031 -577 -2921
-1264 -4240 5772 -11077 -820 -3298
-2380 -5276 2120 -2318 -2603 1081
-840 -3572 724 2238 465 4289
4444 -8572 1816 243 3260 10317
16392 -16588 1216 9360 424 14616
27320 -26108 -144 13577 -5437 5145
28368 -24404 1260 4760 -6411 -1441
23100 -19624 48 8407 -9901 -2191
12480 -6788 660 3740 -7409 -3567
5828 -2036 -884 4171 -5045 -3724
1984 2420 -2116 5594 712 -1937
3120 1932 -744 1483 6480 431
9176 -3392 1048 735 11042 2766
28552 -20016 1448 -293 8676 -3189
32244 -18924 12892 -2113 4430 3191
22848 -14736 4244 1197 3532 5200
8388 -5480 5292 -21590 8505 639
1864 -11424 1972 -9059 630 -150
-512 8 1820 10111 -6350 2268
-2324 140 1176 -16 -1399 5703
4084 -9052 1684 5233 -2149 6887
19808 -23308 1796 7198 -9567 -5174
28736 -25184 1972 6509 -12302 -10943
21340 -15104 812 7587 -11768 -11381
10036 -6664 2320 5481 -10134 -9323
3196 -4260 -872 10129 -5163 -6448
624 -2120 -784 5212 494 -886
7180 -8888 1728 -33 3522 7134
25624 -20076 -3892 609 1550 8526
24972 -20496 228 5533 3719 8523
25300 -15416 -688 17927 -3391 12824
13256 -10332 -476 10333 -154 5466
6184 -6288 2428 2246 -2310 6049
2480 -3256 1536 3234 -6672 10395
12 -624 108 6369 -7595 13171
2908 -3716 -1096 7583 -8816 14895
9460 -13356 -256 12139 -13591 11302
20996 -32768 -824 13926 -18221 -8370
22920 -25540 4552 11544 -15900 -4274
16564 -26404 3332 6860 -13856 -1166
8620 -9560 864 10615 -8496 1672
3944 1008 -1820 7490 -1768 7286
2340 5324 -3064 4550 4463 11747
6988 -1836 -88 3396 7404 12092
11236 -14164 4328 580 6992 8784
29224 -32768 3244 -4209 2526 -5731
17532 -15488 12276 -513 -7183 14124
4760 -16896 -656 -3342 6786 -4580
2348 -10044 4208 3384 6584 -1627
-524 -2220 1652 -1247 1712 3750
-2480 452 1872 -1834 -3758 7828
-396 -4460 876 6910 -8934 12505
2568 -8144 2268 14390 -13510 11877
12112 -32768 5524 6327 -23549 -5851
23552 -23508 1680 -16626 -9145 -17276
23120 -21844 576 -9196 -13140 -21693
13956 -12584 776 2513 -10592 -21285
6400 -5664 2760 -5496 -1375 -10038
2304 -4940 388 -4968 3946 -1548
6380 -8272 2504 2767 5651 5007
18800 -13428 540 2358 6983 10757
31120 -27116 -532 346 10356 3800
28948 -17704 9336 6459 2621 12776
9936 -5444 -1060 -546 9819 6280
356 -4432 1388 -8496 7393 1886
-820 -3196 1996 -623 1564 3097
-848 392 1712 1177 -176 8056
316 -1440 2096 1232 176 11954
4284 -9720 2748 4915 -662 12725
6072 -17988 6480 2451 -5742 5576
21120 -32768 3668 -1837 -6894 -15964
20328 -25336 5504 -4869 -7147 -10031
11584 -16084 396 -6486 -6206 -15364
5732 -6688 -276 561 -1971 -11140
1656 -1236 -1292 -519 2839 -1544
2428 -2484 -1900 -1299 7438 2825
7808 -7272 80 1376 10187 4377
15504 -11184 6148 421 10958 8762
21472 -31016 3768 -2834 8207 -2229
23828 -23572 17352 -1973 -366 -1590
7468 -10132 2604 -917 -600 3842
436 -3344 1136 -8434 4643 -4642
-1500 -1032 652 -1800 2050 -2905
-356 -868 516 3077 -524 2276
1204 -5464 1112 727 825 5503
6624 -19516 3904 1870 -1860 7915
18944 -32768 552 39 -6077 -1790
23508 -32768 3864 2144 -8014 -4032
17372 -19172 316 2211 -7607 -8986
10560 -6532 1832 1952 -7481 -10007
4600 400 -1020 -1004 -546 -6585
2588 376 -1048 -382 6004 -1683
5416 -2752 616 223 10801 1764
10960 -8040 4056 -2343 15554 6290
18356 -28560 2788 1234 16943 -1145
24456 -21764 18896 -4798 9232 -664
16716 -19296 7096 8647 2924 3696
5964 -8124 5600 -12133 13127 -5869
-964 -4316 816 -7077 5066 -3868
-3312 -160 428 -1732 -77 -3371
-3740 -1076 2152 -733 -1449 2257
836 -11468 4676 2577 -1130 8768
6144 -20604 6976 7846 -2608 13019
22568 -32768 7760 15187 -3884 631
16660 -21300 12952 -8545 5872 -2926
7740 -15360 7940 -2941 -11134 -451
5316 -1824 1372 272 -7986 -4381
3232 2000 -1600 -2158 327 -2343
4580 280 -3844 3273 7130 -693
11000 -1924 8024 10643 9045 1779
21360 -25332 5544 5419 11756 -12667
27864 -24336 24800 -16277 21430 -5335
14408 -20952 7844 2222 6544 -3554
3936 -9056 7100 -11631 18703 -8440
-3248 -6152 2696 -14377 15346 -6652
-5292 -1620 1544 -5189 7906 -3219
-4332 2036 -12 -254 4535 3129
-524 -3560 2732 1881 3588 7647
1608 -17116 9048 1760 1570 6557
17140 -32768 13516 -4838 -355 -8146
13316 -26616 15424 -4751 -2265 1768
11500 -22068 8208 -4309 -5740 -6372
8152 -6264 3380 1282 -5483 -9195
4716 2424 2300 1957 -1109 -5596
8316 -1840 -2768 2696 10573 -8906
11700 -3380 396 4407 18146 -8746
13468 -14556 6160 -6112 21948 -12137
12944 -29708 15664 -5089 15960 -10435
8552 -25368 14996 -4148 9161 -7534
2908 -14624 9532 -6431 8658 -5580
-1196 -6356 4080 -5138 4118 -3702
-1672 -896 1160 -578 -784 -1274
-1256 1424 1000 871 -2429 3269
-380 -3348 2836 2865 -495 7383
2344 -14616 8752 2740 -1885 8084
16540 -32024 12352 5577 -4607 -32
16032 -28424 14584 -800 -4365 3116
13136 -20176 7504 -1181 -4413 -3940
7800 -6448 1312 -4278 -1603 -5697
2728 1584 -1816 -910 867 -4868
2184 3320 -2112 746 4302 -3587
7736 -3904 -160 1465 9938 -4234
11208 -13628 10172 -6973 13369 -2983
21176 -32152 12200 -2973 10772 -4073
15080 -21516 16888 2186 2691 2036
6952 -15708 11592 -3018 6078 -7161
-1296 -7332 5740 -6572 3398 -5469
-1752 -3020 1560 -2567 -1332 -3296
-268 -896 1476 50 -3546 3335
-576 -2248 768 1481 -3557 7996
1712 -12308 5404 3067 -5620 9638
8644 -26276 11360 5360 -10608 7713
15124 -32768 13920 700 -12648 -1037
16104 -26000 8900 2639 -10931 -2851
7488 -8540 2636 -2983 -7378 -2864
4112 -420 -2964 3596 -2760 -4402
1600 3628 -3356 2152 1862 -1729
5412 -3464 -1104 2637 3418 -2011
14932 -8508 4740 3110 6808 -1359
19732 -25456 11104 -5616 9765 -4455
24472 -28080 17192 1663 1551 2198
10152 -11864 8036 -4755 2843 116
2600 -6952 5548 -2583 3361 -1716
-372 -472 -140 -1741 1477 -2622
52 -2476 484 -59 -82 -720
256 -2836 1880 1726 -1475 4780
2464 -11312 3876 552 -2416 10578
7060 -23636 5984 5204 -8293 6431
17328 -32768 9908 3480 -12838 -2621
18472 -27860 7248 -2666 -9615 -5104
12656 -16260 4568 1786 -9088 -5840
6964 -2236 420 1874 -1997 -4422
1144 3008 -3556 1049 4194 -1069
1616 3304 -3528 625 6361 -246
7844 -4120 2016 1836 7188 566
16916 -17888 11008 -1189 11651 2066
24144 -32768 16496 -1683 6728 -6037
19396 -12400 13928 -462 4318 5600
4900 -12088 4284 -7379 7273 -5535
-4 -1812 2264 -67 2040 -5080
-32 -2428 336 -3380 -2122 -4449
8 -1780 1816 2126 -3175 2774
308 -4428 2052 -733 -1097 6361
4380 -19992 4340 4480 -3795 8269
16500 -32768 8716 2531 -6825 3237
23184 -32768 10336 4843 -9399 953
16808 -16892 5664 4349 -8811 -2385
9376 -2064 1716 1670 -7305 -2931
3560 2684 -1652 1181 -2144 -5038
1756 3468 -2452 911 2873 -2838
3748 -304 -692 -3455 8160 -947
11532 -10864 4560 -5944 10504 973
21332 -32768 11324 895 5084 -2780
27604 -24780 16936 2005 111 2569
13200 -12064 8196 -9150 4829 -936
3436 -7108 3688 -857 1652 -4825
344 -3344 2216 -3537 -2287 -2700
-144 -2764 564 -1259 -3265 2919
-976 -2004 1324 -1117 -1010 8511
-340 -7980 1064 -2756 -2628 15457
7488 -21300 1324 9634 -7078 11436
16168 -32768 6828 1390 -7346 -75
16804 -32768 9072 3462 -10361 -2974
11488 -19352 5780 6711 -10646 -6118
5824 -4568 1444 2886 -7755 -5007
2364 736 -2768 4058 -2850 -2327
1964 2352 -3704 4283 824 -728
4452 -860 -2316 3108 3809 -313
12300 -6676 4204 2664 6509 2182
21432 -29788 11996 3217 7191 -4897
30988 -22392 22272 8430 4998 3091
12536 -12488 8692 -10717 11440 -1656
4496 -9528 5736 -317 9720 -6652
-96 -940 1724 -6588 6522 -6082
-1376 -116 -408 -3774 1824 -2837
-2324 1260 -1224 1381 -1321 1745
584 -12164 4632 12139 -2616 8124
1672 -17168 5460 28518 -6345 9075
24424 -32768 28248 22668 -20864 -873
23292 -16640 18688 -4370 -5261 9261
10252 -13820 8816 -5167 -9111 4608
4952 -108 560 -3034 -4925 1008
2796 -320 -3364 -1560 -1138 -1289
2824 2560 -3384 -1032 3241 -1220
8408 -2448 1676 2472 6535 -2532
12300 -6100 12780 -3154 6423 -4477
32767 -29524 20560 4408 -497 -4335
20688 -11912 11760 -13042 8246 139
12544 -15212 8972 -724 6122 -8978
5508 -3924 5884 -10334 5391 -6217
-1368 -2840 348 -5403 2313 -2414
-4760 4236 -1912 735 45 1962
-1532 -2240 620 411 -1143 5777
6164 -12828 7220 4306 -2028 9251
22712 -32768 16180 5084 -7493 -3643
21956 -26492 14904 1751 -3977 3869
14800 -21844 7684 1042 -5239 -2602
9052 -6612 1136 -1422 -2666 -3106
2304 816 -2676 -1292 -310 -1791
648 3628 -2532 1098 3075 919
4532 340 1260 3319 7016 1358
11968 -7276 7540 1352 10582 551
28380 -32768 17848 6553 -2249 -11323
24692 -9608 14220 -1711 -565 8956
9524 -7336 4472 -8492 354 -3322
7540 -7016 5756 2889 2027 -7021
5568 -5492 3556 -4609 4238 -1841
4756 -7148 3016 -33 1309 452
8836 -8360 6232 4321 -1839 -2295
12076 -11452 9540 1706 -1128 -2479
10436 -9940 8408 -1696 -1899 315
11464 -12928 10712 2504 -6178 2766
12604 -9592 7692 2971 -2801 3767
8128 -6588 4796 -1744 257 5612
7484 -8392 4332 2637 -451 4751
10124 -11240 7380 5153 -1239 2944
13216 -13996 8784 6521 627 1704
9532 -8656 8080 2120 2651 5308
8408 -7960 6848 1041 1363 4472
9788 -9632 7792 3180 968 1397
9684 -10468 8636 2526 1616 588
9168 -10432 8628 1268 2367 1124
8144 -9864 8376 1229 2295 1186
8068 -9564 8576 1059 1773 725
7724 -9664 8476 601 1387 482
7560 -9976 8548 -504 1374 289
7028 -9784 8148 -250 1082 59
6752 -9780 8496 -380 535 -682
6856 -11116 9144 -222 36 -928
7704 -11220 9860 486 427 -432
6736 -10152 9172 -641 1141 161
6708 -10308 8672 406 211 42
6764 -10336 9268 243 -132 181
6852 -10536 8976 434 -222 398
6972 -10236 9072 586 -106 324
7028 -10412 8948 594 -239 -7
7108 -10468 9308 525 -394 -22
6896 -10128 8920 529 -335 -48
7036 -10484 9208 865 -286 -216
7192 -10396 8944 573 340 -103
7076 -10112 8752 389 604 -19
7204 -10096 8856 481 414 64
7352 -10156 8820 373 291 -38
7504 -9800 8740 536 5 -277
7112 -10112 9088 709 -634 -456
7036 -10176 9164 757 -610 -368
7196 -10412 9400 829 26 -357
7012 -10152 9100 598 553 -152
