-14472 1500 3520 -2048 -152 631
-14396 1396 3736 -1419 -178 464
-14460 1348 3596 -1005 -259 340
-14332 1440 3808 -636 -322 212
-14300 1316 3724 -60 -207 96
-14296 1480 3784 390 -132 -107
-14236 1452 3788 733 9 -184
-14324 1400 3888 1061 148 -259
-14204 1472 3740 1198 285 -325
-14356 1560 3464 1214 325 -305
-14420 1444 3596 1182 298 -323
-14360 1584 3636 1011 277 -278
-14608 1596 3744 921 74 -151
-14512 1520 3080 409 18 4
-14592 1504 3108 -96 -34 240
-14604 1668 3376 188 606 143
-14412 1460 3616 -9 554 432
-14156 1228 3444 84 439 214
-14376 1508 3460 346 494 59
-14368 1552 3368 401 294 -59
-14436 1816 3252 340 294 -170
-14360 1576 3468 621 298 -204
-14608 1864 2912 314 301 -42
-14580 1472 2856 101 193 64
-14056 1280 3448 -120 418 165
-14764 1364 3280 200 94 193
-14264 1548 3112 72 176 131
-14692 1588 3348 369 -12 16
-14696 1500 3056 395 82 132
-14500 1360 3036 363 -140 41
-14272 1320 3304 462 203 -3
-14800 1432 3724 523 -57 -103
-14508 1408 2860 544 -133 -39
-14332 1492 2976 778 -47 -31
-14520 1352 2924 613 -45 130
-14404 1420 3188 556 40 14
-14408 1492 2944 508 162 -17
-14360 1712 3080 541 389 -88
-14468 1488 3320 348 227 -117
-14688 1404 3264 540 89 -12
-14700 1476 2856 589 8 87
-14388 1460 2888 614 79 158
-14644 1528 3032 738 104 72
-14588 1488 3272 650 195 6
-14596 1508 2992 678 213 77
-14688 1420 3000 613 181 41
-14456 1420 2752 671 318 15
-14708 1516 2788 678 400 24
-14684 1568 2840 650 337 12
-14656 1596 2840 678 305 -27
-14676 1440 2820 723 272 -20
-14560 1548 2656 748 257 -23
-14636 1544 2768 788 285 -64
-14640 1416 2792 791 272 -40
-14720 1492 2932 976 191 -58
-14444 1324 2712 872 371 31
-14600 1396 2952 881 342 -2
-14412 1204 2556 1015 397 56
-14188 632 3028 1393 504 -21
-14348 248 3132 1885 110 -298
-14864 460 3492 2178 447 -570
-14032 632 3636 2227 876 -648
-13984 792 3612 2686 1031 -629
-13600 824 3324 3161 1630 -720
-13132 672 2908 3581 2419 -743
-12404 1108 1976 3489 3257 -450
-7136 1656 1188 753 4739 834
-3408 4844 -3000 -1286 5513 1771
-26204 8692 5916 -2658 7521 1444
-27652 7324 5100 -5255 3820 4345
-28976 8540 7360 -4929 2826 1016
-19940 4548 4352 -5535 3158 86
-7716 3144 -1532 -2337 917 -743
-7536 -168 -996 922 81 -3369
-172 -5312 -5176 5617 -4726 -4820
-18796 -3320 -132 7419 3228 -4994
-32768 -2628 1268 8381 -1157 -3499
-27132 1304 -2308 11394 -891 139
-14676 728 -492 7074 -4 1634
-8944 840 -3700 2720 1270 2324
-6272 2400 -4820 -2160 1260 3394
-3524 1928 -3132 -6382 -3265 5856
-3368 3816 -2644 -8498 -5396 7695
-18088 5284 -1028 -6447 597 5647
-32768 12208 3340 -8890 930 3518
-30764 9980 6532 -11169 2591 775
-24344 6008 5124 -7116 3046 -1090
-8384 1468 -516 -2552 687 -1205
-188 356 -3096 1092 1368 -1630
1640 -4816 -5308 4206 -65 -5109
-4468 -2844 -1824 7553 -4940 -6853
-19296 -2984 -56 12041 -149 -4818
-32768 -2608 -5268 10856 5639 -3885
-31312 1660 1824 11021 3867 1342
-15004 1208 -1572 8530 3519 2007
-6044 2508 -5264 1991 3548 1916
820 2440 -6756 -1437 2718 3341
-616 2928 -4272 -6014 -1996 4598
-3748 4288 -1708 -10352 -4285 4842
-26280 9132 2980 -8747 988 3959
-32768 13992 1676 -10117 1899 1788
-32060 7028 6480 -11384 1548 -286
-17508 4796 3208 -5704 -93 -1306
-4424 1820 -3092 -299 785 -2069
4536 -3100 -4640 822 -994 -4969
-1020 -3544 -1588 6162 -3380 -6529
-2900 -2856 -992 8904 -7231 -7887
-18760 -1336 2972 9881 1685 -6425
-32768 -2576 1632 13933 1744 -4263
-32768 268 5952 10284 14 695
-18148 1304 512 8441 2199 3209
-3756 1432 -2628 1163 2300 2438
4436 2792 -7476 -454 1354 2660
-784 1032 -5036 -3059 2461 2876
-4100 2384 -376 -7276 -1240 2902
-19836 8616 -12 -8622 3903 3129
-32768 9516 -4940 -11166 5283 1355
-32084 4736 3464 -9128 1472 -405
-16108 1568 -524 -5382 843 -2419
-6520 -556 -1604 -449 3414 -1081
3276 -2352 -3760 1443 99 -4500
-1100 -3972 -3392 9132 -1649 -4401
-5580 -1692 -684 9637 -2502 -3983
-21352 -1240 84 11966 -2446 -2069
-32768 -7056 -5640 11627 5861 -2739
-32768 -672 5304 11600 -2314 2729
-15688 -1924 -1188 8624 -722 3207
-2520 1428 -4716 3677 3315 948
2104 1472 -6004 2071 5411 1408
-824 3560 -4660 -1163 2401 2771
-5084 2748 -2772 -4303 -907 1962
-10708 8576 -2412 -11599 -3539 2794
-31396 13340 -384 -12898 -617 1855
-32768 9840 16 -8211 2423 1016
-26532 3608 3812 -9902 2540 -2272
-10212 1552 -3204 -916 257 25
2860 -2684 -3860 1749 1062 -960
-1752 -4184 -1852 5724 -1350 -3726
-2692 -1636 -1196 10125 -6603 -4838
-8272 -2924 -1776 11775 -7821 -3832
-32768 -652 4716 13054 -4342 -3488
-32768 -1500 5396 10160 776 -3524
-25224 596 2984 8808 -1697 514
-13200 -304 -92 5464 2028 622
-6760 1056 -3828 339 3714 279
1360 1096 -7288 -3547 2067 2928
1236 2456 -3728 -6247 -910 4068
-1644 1684 -3244 -8443 -4806 5838
-5388 5592 -3372 -12304 -3235 6248
-32768 13072 6128 -12874 84 3853
-32768 7344 6200 -8895 2823 2994
-27048 5560 6092 -11024 4526 -952
-12200 2128 -2076 -581 2294 -705
-928 -284 -2936 3134 6324 -1787
3656 -4092 -3416 4187 2404 -6326
-1352 -2844 -3380 9473 -2012 -5706
-9316 -1536 -244 9888 -4010 -4984
-30552 -2148 724 9902 -2646 -3390
-32768 -2812 -2804 10689 2511 -1333
-32768 -984 3336 10940 -777 2095
-14352 596 -1308 7156 438 1935
-4256 2068 -5148 1145 2528 2850
68 1636 -5096 -1406 3999 3442
-68 -160 -4428 -4472 -3611 3554
-652 2068 -3608 -7662 -4830 4899
-8584 5872 -3280 -7861 -1419 6403
-29412 11828 -672 -9253 2987 4402
-32768 16264 8112 -11155 2352 1123
-31748 7436 6240 -7500 2706 -2534
-11396 2836 -924 -456 -1208 -3440
-4632 -1868 -1552 4469 3698 -4241
3336 -2692 -4412 6438 -327 -6226
-2392 -3084 -1200 9989 -1866 -4853
-6416 -1776 -2016 10208 -5791 -2947
-31444 20 1788 11595 2190 -1748
-32768 -1232 3792 10116 2662 -1176
-28176 2568 2628 9779 2623 3302
-13688 320 -1616 6560 4123 3986
-4520 2220 -4104 2815 3766 2220
676 1028 -5544 310 2646 2100
-696 1368 -3020 -2830 -1484 3035
-700 1336 -3764 -5228 -4251 4534
-10820 7472 -3508 -7416 -2471 4239
-32768 15920 1084 -12059 3125 3052
-32136 12228 6628 -10580 1576 1511
-25528 5864 6652 -7307 3399 -1957
-9156 3180 -3240 -2600 -169 -1196
316 -2296 -3664 -1482 5032 -3157
-168 -2488 -2712 506 2489 -5628
512 -1332 -3500 3995 -1140 -4714
-7124 -1072 -3336 5123 -5649 -3747
-32768 -3804 1020 4553 -2300 -1204
-32768 2260 2756 7830 -1123 -2272
-28656 304 2292 9395 -1138 848
-12432 1028 -2704 5940 387 2529
-5496 2740 -4748 -179 1495 2157
3408 3136 -6308 -5237 1142 3644
1656 1608 -4772 -8750 -816 3895
-1560 2208 -2920 -10764 -4193 3751
-22788 11052 7448 -9905 1973 3127
-32768 11412 -2900 -7379 4454 4714
-32084 6816 8156 -11882 2478 781
-18376 4988 5336 -3534 1451 -551
-4840 1480 -2872 365 3941 606
3352 -984 -3724 -1293 1304 -2848
3740 -4032 -4620 3872 -330 -6123
-3256 -2024 -920 6071 -4526 -6003
-32768 3836 11228 3415 535 -5319
-32768 -1084 2528 6030 -7328 -1804
-29196 28 -264 12526 -2751 802
-13324 148 -2340 9767 -1434 793
-4228 1984 -3392 5207 1225 1576
3496 1068 -5180 2073 1879 3682
516 1992 -5612 -292 -869 2958
-404 308 -3128 -1961 -3729 2817
-6576 9780 -3092 -4872 -4850 3281
-32768 12832 2404 -6192 10277 4639
-32768 11404 10944 -9483 -332 1477
-24772 2856 5176 -6226 4173 -1875
-9868 4428 -404 -665 -462 -1288
1232 -1676 -2216 276 -1431 -1949
3588 -3844 -6324 3602 -130 -4841
-2756 -396 -1972 5738 -4224 -5020
40 -1876 -384 7257 -8700 -5515
-32768 -2060 -6524 2487 -1082 -3516
-25336 6832 4780 5551 3644 -1117
-26292 -500 -528 6352 2725 861
-12556 -800 -2092 989 2836 1755
-5676 1680 -3712 -464 3018 3010
-2672 1208 -3496 -1842 399 5008
1404 1680 -6624 -5378 -2072 3730
-1204 388 -2996 -7597 -3987 2736
-32768 7948 18072 -4881 -645 650
-22376 11444 8584 -3676 3290 1329
-27888 2464 12 -4383 3712 -4193
-15768 4740 -324 -1445 3671 33
-9584 2668 -2696 13 3349 -864
-4632 128 -3412 1637 -534 -1481
-5320 88 -2276 5448 -3288 -3293
-20956 2940 244 10220 -5515 -3628
-27260 1996 -5628 5588 4520 -1424
-14464 1472 1476 -118 -5638 -2112
-10396 216 -1952 3164 -5404 531
-11188 48 -3128 3532 -4682 -602
-16080 836 460 1594 -3633 -801
-18360 2152 1016 172 -3211 496
-14540 248 2228 558 -2108 280
-11876 564 1624 1022 -2451 -600
-15096 2100 1996 1394 -1038 -1857
-16252 1688 2564 610 -167 -740
-14180 172 2232 862 -335 -219
-14704 584 2668 804 -147 -422
-15404 756 2276 590 -250 -273
-14752 920 2384 494 -368 85
-14712 900 2484 508 -312 271
-14956 940 2532 482 -378 467
-14764 924 2904 611 -404 565
-14728 1140 2640 808 -518 597
-14704 1300 2604 970 -173 583
-14812 1192 2788 1248 -179 535
-14560 1332 2492 1329 -111 416
-14952 1644 2196 963 98 318
-14668 1836 3136 1498 -241 -122
-14464 1188 2668 1574 -179 123
-14360 1296 2120 1194 423 -43
-14248 1324 2488 901 986 -445
-14624 792 2456 1632 1162 -875
-14448 1316 3116 2531 1268 -1743
-14840 2404 2688 2383 1952 -2239
-15872 2832 1784 2242 1216 -1813
-15332 2144 1152 384 243 -155
-15460 524 840 105 -42 476
-15004 792 1088 -567 -75 874
-15048 1044 1688 -561 -635 686
