-14792 1812 3288 234 -1337 550
-14272 1568 3584 93 -784 163
-13980 1844 3700 1101 -458 126
-14336 1888 3984 1254 -352 40
-14280 1804 3892 1262 -103 5
-14184 1884 3908 1040 78 -47
-14068 1932 3716 1228 513 -202
-14308 1988 3512 1160 598 -49
-14264 2228 3852 803 642 -82
-14336 2268 3368 491 697 -17
-13996 2044 3152 272 994 -63
-14076 2200 2960 161 1419 7
-14924 1872 3472 94 1637 -111
-14280 1724 3124 -47 1637 -335
-14472 2020 3080 -109 1906 -119
-14852 1804 2312 -106 1471 -13
-14848 1888 2680 339 1299 85
-14756 1776 2320 226 846 121
-14940 1824 2640 761 436 108
-14860 1824 2368 686 343 277
-14692 1872 2144 619 463 296
-14848 1952 2344 543 323 434
-14420 1892 2008 491 67 185
-14864 1800 2240 501 66 61
-14576 1952 2296 386 128 -12
-14656 2036 2288 546 251 -82
-14776 1700 2312 346 390 -53
-14756 2052 2248 433 267 -136
-14824 1860 2112 536 317 -170
-14872 1888 2120 444 466 -109
-14828 1964 2084 439 518 -1
-14708 2028 1932 445 485 -17
-14800 1984 2016 664 236 -132
-14768 1724 2076 613 342 -89
-14584 1464 2084 599 414 -152
-14636 1676 2024 897 646 -139
-14832 1720 2484 864 607 -133
-14588 1548 2336 1024 793 -150
-14404 1320 2184 1324 976 -134
-14424 1336 2228 1648 1442 -212
-14600 1336 2428 1875 1690 -283
-14364 1044 2216 2444 1848 -291
-14464 844 2236 3308 2164 -358
-13384 -748 1172 3492 919 -7
-12164 1824 -1600 2889 1372 434
-7804 4200 -288 -584 565 632
-10816 3760 2520 198 1156 1480
-22792 6376 6296 -1293 2787 2444
-31348 8792 11340 -5085 2004 936
-26968 4304 10968 -4627 4715 -3270
360 112 -2408 -7340 4120 -4351
-5724 -2224 -3928 2694 10571 -3734
-3468 -3140 -3768 5368 2447 -5770
-7412 -1600 -5924 8368 1812 -5595
-32768 -5820 -7380 11218 3552 -1692
-30104 -1452 -3632 8654 -934 2440
-24988 -620 -4224 9540 -601 4378
-15184 52 -3136 5945 -629 4435
-6220 1316 -3972 1157 -949 4082
864 2488 -7120 -1573 -1461 4819
-1092 3252 -3576 -6393 -7325 4987
-5372 5956 -3332 -9682 -10674 4339
-32768 8472 -316 -6666 1138 4518
-30416 10508 6484 -10593 -4608 1639
-30136 6164 5840 -10224 2274 -2760
-14928 3464 4000 -5422 3483 -2506
916 268 -7392 -1856 327 -2772
-152 -3288 -1464 1628 3168 -5433
1084 -2772 -2416 6349 -1724 -6447
-5380 -3416 -3860 8006 -4321 -5107
-32768 -4560 -1428 8528 4569 -4077
-32768 -368 2972 9764 -1220 -1421
-27252 -2168 3124 12330 2500 1144
-18400 268 -1752 7720 6034 3048
-10916 -392 -4044 2605 2350 1636
-1056 368 -3656 -1611 -394 2504
3404 2384 -5512 -3503 -1364 3336
-4344 4632 -4028 -8518 -5726 5754
-29372 6864 -8 -6848 1772 5907
-32768 13996 1388 -11709 -3594 1313
-31492 10736 2744 -16196 -1187 530
-19156 1720 3128 -11780 639 1123
-6040 352 -3212 -8534 -2101 -1184
5444 -3744 -6844 -6363 -1431 -3976
-1016 -4952 -3808 -923 -1146 -6387
-8080 1900 -2676 -1665 -6179 -3205
-31704 556 3072 -2954 -2639 -1970
-31124 3192 6768 934 -2757 261
-23848 3928 5716 -644 792 1650
-13612 1300 1104 -2876 1692 3533
-6972 2016 -1768 -5437 5289 4239
-1240 2044 -5544 -10032 5132 5551
2748 1436 -7556 -13390 2608 6340
-5440 2708 -3112 -15028 -1601 5153
-32768 10020 5072 -13758 -868 2216
-32768 9992 8644 -16459 796 4187
-26332 5412 7172 -18644 3698 -317
-12048 2448 2764 -13765 2856 1140
-3908 1576 -2684 -8230 3055 1624
-688 -1224 -3488 -4866 1477 34
1032 -4652 -5116 -179 -1356 -1152
-9692 -3260 -4952 3018 -2106 -1634
-32768 -6996 -340 1621 9402 -4020
-28976 4168 5052 2880 -2059 -1659
-22628 -2020 3636 6134 -721 -1300
-13216 164 -300 2668 -334 -1029
-7148 128 -2008 824 3101 615
-328 1924 -5624 -2568 1738 3128
2460 1860 -6288 -4298 -162 2903
-1776 112 -2592 -7963 -2876 2947
-32768 19596 24464 -6343 5814 861
-28356 1736 6068 -8231 6364 3854
-32768 7976 4116 -13636 5160 -4001
-18064 2928 4852 -8084 2946 563
-8248 1356 -2584 -1603 3979 -817
1132 -3300 -3348 1921 1437 -2983
-776 -7484 -3376 9532 -3412 -5934
-5420 -208 -2928 8926 -5956 -5525
-27140 -3796 -9580 4892 5976 -778
-32768 252 2676 8215 -1887 -159
-22436 60 892 9901 428 2560
-14900 -1232 -1460 6220 314 1720
-6420 928 -5408 3579 1415 2514
-3348 3292 -4596 -487 3386 3476
-252 2028 -4756 -4537 -1133 4563
464 2284 -3112 -6908 -6022 4125
-16540 11940 3624 -5879 -3618 1924
-32768 14476 -1884 -8802 6425 2048
-32768 11724 5904 -17688 -602 64
-25132 2704 5580 -10647 2040 398
-10408 3940 -764 -5484 3397 937
-4108 -472 -1656 -4066 3138 -1577
4372 -3364 -4408 684 -2101 -2679
-1828 -2228 -3556 3737 -4589 -2580
-7836 -980 -3072 4918 -8012 -2761
-32768 -152 3992 7788 -1554 -2425
-32768 1028 1792 8595 5249 -2791
-30272 1396 4268 10540 986 490
-12536 -44 -2392 6567 2931 2535
-7120 3924 -4032 224 5179 2262
-272 3660 -5864 -5348 1831 3109
1076 3200 -4868 -8308 -3661 2952
-4876 1516 -1208 -8958 -5186 2750
-12124 7508 620 -9963 -3531 3853
-32768 6868 1544 -8131 5640 993
-27168 8064 9184 -9252 1168 1403
-15900 2188 5848 -7338 1938 -2195
-4756 1384 -3688 2250 3145 -224
1340 -2448 -5312 2320 1440 -3089
1252 -2188 -1848 6026 -2261 -4987
-1396 -232 -3964 6727 -4770 -3778
-15848 -2668 -824 10232 -151 -3756
-32768 -10184 -7768 9153 6021 -3933
-32768 2584 5308 12659 1935 -276
-21588 -572 436 11562 870 2340
-9008 2324 -4020 5794 2056 1467
-768 1328 -6016 2046 2716 1911
-460 2340 -4000 -877 44 3629
-312 1276 -5056 -4651 -5166 4137
-3756 4088 -2040 -6538 -5960 5265
-32768 13368 9112 -3345 -1243 1981
-32768 9056 -13904 1563 -3631 3000
-28972 5760 5652 -6168 -697 -1650
-14688 3268 3936 -301 1140 -1006
-3492 1024 -3148 3924 -480 -2219
3268 -2228 -6284 4127 -5909 -4154
1156 -2176 -2428 7862 -5563 -6158
1176 -976 -732 9165 -7066 -6476
-32768 -648 7216 8021 -4555 -6502
-15400 5532 9464 9452 -425 -4399
-32568 -5448 6272 15194 977 -1409
-12196 -2028 -208 11598 -539 -2463
-12612 -1840 -276 10164 1807 -1847
-4316 2276 -2508 7827 841 665
3564 2068 -5828 2601 -4114 1373
1848 -696 -4948 3092 -3314 2825
-21936 10684 12572 7049 2421 1821
-32768 9572 6900 2220 3334 3004
-30664 2200 10624 -245 -236 -36
-20708 3304 7012 1435 234 1200
-9604 3636 824 3782 678 -74
-1692 -696 -2740 7439 -688 -1362
2356 -2832 -4140 11876 -4059 -5712
1560 -2284 -3792 13716 -4826 -6014
-10892 -6836 -8360 19848 -1102 -6912
-32768 -10472 -5164 13084 7527 -9830
-32768 -3952 5884 18485 -1176 -4441
-19412 -2824 1072 15618 -10 -1427
-10828 1136 -3616 12430 3055 -365
-9800 932 -4216 8987 2362 804
-1188 844 -5392 4788 -1979 1605
3360 -1056 -5348 4074 -4019 1981
-5880 4344 -1456 3342 -4725 4632
-32768 4360 1968 5196 1906 3529
-31816 11112 11468 -28 -2024 2018
-31772 2360 8580 373 3313 -196
-13356 4460 1352 1910 3443 -798
-1896 432 -4176 3593 5268 -2344
-4024 -316 -3876 6751 3399 -4134
-1084 -4032 -1240 10785 -6269 -5192
-1240 -3508 -732 14337 -10016 -5645
-31580 -176 6180 20862 5762 -3388
-31480 2984 2972 11056 2939 -3144
-32768 -2268 4012 13459 -318 1633
-14224 -1332 -1504 6797 -705 1629
-6460 3116 -5180 4776 2965 1400
-6556 912 -3884 911 2262 3520
3584 2176 -5456 -3449 -4714 5960
100 16 -3068 -3020 -4406 5596
-23968 11472 5564 -2573 2358 1817
-32768 10576 4028 -7594 3584 2635
-32768 9864 7780 -9019 1909 -650
-23244 6056 5648 -5882 2636 -590
-10680 2072 1040 -3366 1524 -2018
1880 -3328 -4256 1880 -2986 -3852
3428 -2120 -6452 4725 -1985 -7590
-3496 -696 -1908 7981 -6678 -7866
-13700 776 -5488 12438 1407 -6146
-32768 -5664 992 8607 5484 -3905
-32768 -3232 2876 11998 731 -128
-20572 -932 -272 7719 2716 1005
-10392 1132 -3904 4953 3962 2174
-5960 1508 -4956 3 3195 2362
2016 2476 -5724 -4828 -1986 3424
1436 1608 -3784 -5547 -4058 4158
-12944 6180 -1292 -4920 -347 3244
-32768 10192 -1416 -7843 4518 4728
-31648 7188 5028 -11929 349 1126
-26576 3900 4664 -10119 2819 492
-13476 1804 556 -4344 3389 1490
-832 -800 -1952 -2345 3574 -1149
3528 -1372 -4312 -467 900 -4646
-508 -1496 -2112 3452 -1353 -5246
-6808 -3908 -4224 7076 -4677 -4122
-32768 -2880 -4684 11201 5139 -1315
-32768 -880 1628 13048 -2397 -2828
-28812 -100 568 12929 227 489
-12064 432 -2632 9776 1552 1236
-5028 1464 -4220 5907 2388 259
-788 2632 -5712 42 901 1339
-164 1572 -4996 -3681 -2516 3738
-3128 3608 -1376 -6468 -7327 4312
-18136 10040 1580 -5957 -4683 3774
-32768 9420 -1088 -7818 3669 2392
-31976 6496 5536 -10586 2315 59
-15804 3192 4440 -8150 1008 -984
-4144 -636 -2984 -1379 2330 -136
4692 -2372 -4848 3267 1695 -5421
144 -3384 -4152 5321 -3396 -6369
-3168 -996 -408 7445 -4701 -3924
-19608 -5308 1428 14410 -2799 -3079
-32768 -5540 -9296 10974 6855 -5989
-32768 -292 5268 10774 285 -2684
-13708 -788 1156 8052 359 -1293
-8620 -68 -4288 1613 3754 -1818
-5176 1344 -4840 -1846 3660 1423
3164 2700 -5620 -4531 -269 4059
-2588 2244 -1556 -5580 -3315 4881
-22312 7956 2084 -8073 -2783 7391
-32768 6976 -2384 -9176 6226 4590
-32768 7308 8156 -10821 2078 2168
-20752 3940 4628 -7087 3613 1016
-4460 1924 -3480 -3093 1052 969
3968 -1864 -6204 -2176 2553 -197
-1588 -1124 -2432 -288 1536 -2335
-3308 -2076 -840 3493 -5662 -2665
-17680 -1536 -6440 9730 -3180 -3984
-32768 -7928 -8436 10348 4564 -3869
-32768 456 4384 11677 -2935 -1017
-16796 192 -484 11937 -1855 1274
-6364 1508 -4192 6731 1566 260
-2336 2496 -5532 1283 3272 937
-3660 1900 -6920 -1432 653 3325
-988 -8500 -8724 -3479 -7998 4755
-6032 3048 -2100 -6244 -6456 3620
-32768 8776 6940 -5701 -201 3145
-31064 14116 6180 -10749 1139 2495
-32548 3192 8376 -10080 1584 -1997
-14880 4316 3600 -6463 -1876 -1121
-4964 -628 -2856 -3065 2111 -791
364 -1504 -5216 -1486 2892 -3531
1556 -3632 -3904 5084 -3634 -4475
248 -136 1400 6305 -7922 -5066
-32768 1692 22340 14204 406 -1033
-25152 1580 -340 6905 5825 -2868
-32768 -32 -2128 10800 535 1662
-18032 -2876 -2860 6654 887 -177
-11368 2988 -4132 2094 4302 647
-6284 2488 -4828 -1436 2015 2952
5176 3028 -6512 -7801 -4497 3467
620 1072 -2460 -10756 -4635 5092
-27676 7176 11164 -5014 620 5436
-32768 10404 3956 -3508 2323 3956
-30248 7584 7124 -8568 682 36
-20668 5556 5136 -3255 3576 206
-9324 5096 -484 607 4693 -178
-1828 -204 -3624 -2543 824 -1367
3252 -2584 -3996 2034 -5589 -2867
-1500 -1264 -3796 4274 -6557 -3610
-15804 -636 -1968 6487 -4259 -3131
-32768 -7220 -4984 4205 7304 -6296
-23464 3068 4076 5932 4172 -313
-15124 428 -216 6988 1639 189
-8020 1204 -4172 3344 2835 376
-11668 1072 -3128 1879 484 -119
-12180 1436 -3240 629 -1182 1863
-16044 1316 -2820 -2862 -2066 1791
-18004 -472 -440 -4812 -2071 1532
-18252 1460 -1280 -3446 -1458 3540
-15580 2128 1212 -2534 -186 2976
-12996 2848 -236 -1434 82 1976
-14804 3364 -772 -2113 -538 1164
-14572 3788 -48 -1263 140 364
-15424 2988 -172 -716 -390 -95
-15664 2760 -264 -539 -597 -808
-14920 3296 -276 -357 -847 -808
-14724 2812 204 -18 -976 -676
-15508 3000 812 612 -1048 -860
-15004 2276 600 346 -1535 -745
-15264 2432 1348 305 -1113 -713
-14896 2080 1492 697 -1067 -910
-14992 2112 1296 498 -1124 -836
-15228 1796 1208 764 -1020 -715
-14932 1592 1248 1297 -633 -502
-14972 1904 1012 967 -493 -192
-15028 1816 1260 664 -329 -122
-15044 1972 1632 674 -165 20
-14952 1556 2224 983 -407 -266
-14344 1516 1284 1238 -56 -938
-15096 1540 1552 739 -295 -1146
-15160 1616 1544 1143 -819 -1008
-15016 988 1912 1345 -1013 -786
-14780 800 2100 1148 -789 -482
-15008 1232 1944 1183 181 -87
-13684 1436 2564 921 412 -879
-14924 2820 2416 1865 1497 -1794
-16096 2956 1420 615 687 -387
-15024 472 1068 -1043 257 511
-15580 1392 1016 -975 131 1238
-15588 1260 1744 -940 -674 1284
-15204 1404 2200 -660 -883 1143
-14720 1576 2380 -176 -1112 1034
-14344 836 2036 340 -874 775
-14248 1228 2332 791 -527 497
-14336 1368 2864 974 -353 92
-14288 1496 2456 1398 -61 -222
-14640 1348 2176 1755 6 -462
-14048 1608 2160 1691 131 -464
-15052 1900 2860 1865 -251 -667
-14900 1828 2072 1693 -468 -530
-14952 1716 2384 1240 -513 -315
-14596 1792 2340 796 -785 37
-14864 1960 1860 154 -844 465
-14752 1928 2484 158 -1717 107
