700 6180 -17300 386 115 198
7580 6280 -17304 323 51 216
7700 6356 -17416 150 115 199
7604 6256 -17188 165 -50 197
7688 6364 -17392 204 -65 211
7564 6284 -17128 167 -53 289
7624 6272 -17336 160 -83 219
7544 6392 -17268 181 -27 180
7572 6244 -17096 134 -35 197
7500 6272 -17284 189 49 127
7400 6156 -17676 -237 -75 307
6792 6700 -17880 282 -214 -466
8168 7220 -17716 -4398 -185 -579
5896 6576 -16448 -4312 -162 -325
8972 5908 -16940 2647 -168 1394
7652 8344 -17336 -104 324 -102
7296 6644 -16272 -168 355 -530
7040 7560 -16656 -497 -398 126
7440 7640 -16560 91 -677 857
7544 7648 -17136 -305 -1045 962
7420 7680 -16396 49 -928 1155
7444 7384 -16996 -334 -464 862
7128 6728 -17064 -652 -497 564
7336 6904 -17280 209 -115 446
6884 7012 -17436 -96 -160 177
7156 7040 -17004 -171 -47 82
7072 7376 -16888 121 212 166
6812 7792 -17136 -8 146 87
7140 7644 -16740 36 31 46
7280 7900 -16808 -110 72 77
6988 7764 -16748 46 74 -33
6972 7648 -16748 -39 136 59
6568 7716 -17008 100 21 176
6100 7348 -17116 -16 -135 199
5684 7860 -17656 528 -227 -1
6032 7832 -16696 -122 -137 291
6644 9384 -16480 439 1093 493
5480 9128 -16512 -877 1671 -45
6304 9200 -17404 -539 2538 508
6676 7516 -16176 826 -354 2314
13324 8060 -15884 6974 4139 3111
12064 8520 -16188 126 7436 1136
6808 5692 -12932 -3313 5618 1473
8900 8356 -13728 -8876 1275 837
10144 8236 -13220 -10975 -200 3316
9836 8416 -11236 -7412 -2153 2141
8368 8168 -10916 -4490 -3516 -739
9676 9168 -10388 -1288 -8094 -2440
9972 13912 -16400 -2933 -10189 -743
14328 11272 -16644 -1179 -12398 -244
8028 8828 -17828 11313 3186 770
3052 7916 -19864 8509 -1813 -8075
2576 9264 -20136 10345 -6506 -6977
408 8348 -15724 3778 -3929 -2819
2832 6480 -16532 -7355 -4998 -3191
6056 7084 -17064 7713 -970 -3502
4320 8372 -17360 1735 3349 -4492
1972 8632 -18140 -1591 5204 -3744
3652 8492 -15920 5322 7781 -4685
5276 7528 -16164 -7515 11957 77
3660 9912 -16508 -1890 11066 75
2460 8836 -17420 -1947 8855 1650
6152 11244 -15752 2388 9422 -256
4992 10612 -15884 3711 5100 1976
9956 3532 -21672 26339 -8726 -4101
14920 16876 -20592 -17142 8324 7313
8804 -2412 -4964 -2424 6147 6912
10844 8192 -15336 8048 4011 2200
13184 4588 -14204 -4533 4970 2904
9352 5448 -13320 -2649 3611 3529
9512 7304 -13488 -5510 -100 741
12348 6972 -9828 -11085 -1853 555
5452 7072 -11444 -9506 -5947 -3761
10616 7252 -11940 -7791 -5420 -1081
12224 9028 -11516 -3711 -5580 -1346
12140 6852 -10956 563 -7763 -1170
9148 11692 -10528 2804 -10409 844
15116 12448 -23272 -997 -17397 -393
15328 10324 -12164 7622 2568 4876
4264 8720 -23760 4755 -10804 -5593
6576 9572 -16492 14166 -11116 -5913
4596 9360 -16104 2702 -8661 -7280
2180 7644 -16084 9600 -4646 -9157
2636 7512 -17404 -2976 -1709 -4111
5416 4912 -17216 -1838 3567 -5709
2784 9048 -18028 424 7962 -6073
1792 7360 -17420 -10641 9807 -1764
1576 9472 -15680 923 8748 -4414
3520 6672 -16924 -8593 7201 -2183
1656 9876 -14304 7976 5234 -2621
244 5644 -14660 3508 4512 4377
-3720 6804 -20752 17605 -9173 -2057
16316 15816 -21216 -5303 6885 7650
7116 11372 -18180 11058 14523 5699
4480 6196 -18260 -3420 10547 4129
8280 2988 -12020 -2432 6973 4405
10092 9940 -13056 -4847 3610 3405
8296 6212 -11568 -7361 1075 2326
9052 2728 -11976 -9198 -1821 3994
10240 10052 -13884 -7285 -5722 1656
10052 6736 -13772 -8273 -6879 191
9788 6452 -13560 -6804 -4343 133
8732 7500 -12036 -3795 -4402 -518
8992 6324 -11592 -779 -8424 -99
9152 10404 -10816 3033 -9868 1405
15740 11260 -26564 -3511 -11231 1066
11468 21020 -18976 23366 15651 31
248 8168 -19052 3062 -4168 -8214
5744 9184 -19624 13445 -13840 -8018
3204 8248 -14828 4079 -7383 -5431
3812 7080 -17520 2155 -6421 -6786
1832 6256 -18252 -3621 -1816 -1832
6244 5740 -15752 2858 3132 -5472
3768 6972 -18924 -593 5550 -5438
1128 8888 -16900 -3898 7649 -3951
1644 5260 -18412 -2931 6786 -4145
2716 8792 -16928 -3800 3210 -1691
2920 6192 -15500 1647 2651 -1277
3136 9260 -19440 2156 -1679 2538
1760 1760 -21224 20330 -10982 -2159
10800 12928 -21872 -5691 1144 8058
7008 9556 -20084 9256 8350 3918
6708 6096 -19692 -2342 10543 5507
8640 5568 -15692 -6184 12458 8497
6424 6716 -14324 -3091 9932 7648
7080 6272 -11232 -4888 3245 2789
8872 7488 -12852 -1988 -1830 -8
11312 6048 -14052 -5524 -4208 -2608
8136 5160 -12536 -7611 -3318 -6277
8260 8228 -14512 -5607 -6213 -5042
7540 7020 -13128 -2793 -6982 -1949
8024 7588 -14744 -782 -6565 650
8852 9192 -8484 2176 -5128 989
24084 11400 -31016 -13384 1444 869
5196 5280 -14708 4388 11563 4309
6948 9360 -18360 6358 -1652 -2310
5732 11436 -17396 4849 -8915 -3683
5572 4748 -17288 4154 -14363 -4880
4008 6312 -14624 9782 -8544 -6837
5948 8496 -17688 4218 -2091 -4209
2852 8356 -16516 9080 3291 -4425
4916 6928 -18332 -4164 3802 -3482
4096 6712 -16712 1298 9195 -4105
3020 8224 -18264 -6490 9903 -1721
2772 8212 -17128 -4745 7159 -3207
1824 5336 -16416 -2584 4224 -2233
2912 7592 -16272 -2444 5099 572
-2868 6528 -22376 281 -10985 5243
16100 17168 -29672 21809 -8301 1375
14576 3556 -21056 7765 5223 6560
4844 6072 -18400 -8235 7807 8535
5356 7548 -14740 3896 6727 5110
8644 8080 -18232 -4895 4171 3674
10916 3300 -13312 -7735 6096 4825
8404 3700 -14212 2546 6381 2158
9072 4708 -12788 -6137 2321 -556
8660 7132 -11700 -5546 -753 -1293
9396 9500 -14208 -2709 -5234 -3788
10612 9532 -14892 -4587 -768 -906
10304 6892 -12724 -4923 -2171 -1989
10684 6604 -11828 -836 -2785 -503
9432 9792 -11652 1850 -8309 3314
11024 8516 -16132 7684 -14991 2634
15940 14532 -22704 15320 7135 8616
7680 6988 -22196 1072 -7623 -1254
4596 7756 -17736 6922 -11968 -3641
4164 6320 -14384 82 -10472 -4769
4548 7200 -17376 13927 -7249 -8933
-652 5968 -19000 -5399 -5543 -470
1568 6108 -16920 3039 -3329 -4147
4764 5224 -18668 1849 2873 -3669
984 7476 -19024 -7828 5927 -4654
1952 5500 -18208 -5250 8763 -4067
844 6636 -17824 -5044 6809 -6261
1564 7284 -16220 -3747 5396 -5402
24 5592 -16296 -1755 4368 -1853
4204 6784 -19700 1983 -878 2586
7480 3976 -25140 32070 -6265 -3426
11324 9260 -26968 -10694 3258 9026
8356 8948 -19276 -4425 10187 7327
6200 4284 -17648 -609 10012 7031
6260 7708 -16376 -6268 8182 6882
8336 4276 -11536 -5043 7189 5518
8804 5120 -16556 -4776 5507 1909
7864 4380 -12464 -3468 1603 -484
8400 5832 -14508 -6657 -3103 198
8204 8672 -14136 -1354 -4211 -668
7960 12960 -14544 -6309 -4153 -748
10172 6264 -11684 -4303 -3908 -1612
9264 10644 -11868 -362 -5106 3771
6864 7552 -9804 8773 -14856 1184
15940 3336 -20844 6155 5676 9915
2040 7400 -16760 5302 -4014 946
3176 4952 -19264 2324 -9352 -3456
7672 9040 -16760 1365 -4936 -2206
920 3868 -19156 2539 -7254 -8320
2304 7584 -17828 2766 -4891 -4490
3420 5880 -16712 5839 -1607 -5180
4892 4824 -18804 -5510 2831 -2339
4044 6408 -16960 -6991 7516 -700
1852 10440 -18580 -8949 9353 514
1800 4104 -15492 -2873 6627 -2643
3052 5904 -17784 -2055 1931 499
380 8476 -13316 11770 2940 -2068
-13352 7452 -21260 4662 -15461 -4418
15492 13208 -27476 17710 -1849 5454
11404 2396 -18336 -1602 11155 5520
4520 5224 -18772 -1513 9301 5129
3660 7276 -17300 2267 8978 6120
6608 5840 -17508 -14280 4508 10173
7720 5392 -15264 -8497 5216 8330
6568 4260 -14476 -10168 625 4141
7920 2224 -12924 -3425 1973 3357
11684 4500 -13344 -1011 1323 988
7376 9292 -14276 -8885 -2711 -4004
6776 9936 -15348 -3539 -2330 -1919
9540 5268 -10104 -2569 -2116 -4799
11380 9752 -14324 8038 -766 -1450
23584 10844 -28296 456 10035 94
10564 5800 -11320 2401 10390 4858
2504 7736 -16872 10731 -2720 -7313
9200 7112 -18832 -901 -10380 4376
7796 7992 -15952 -6678 -16873 -216
3512 3292 -15832 10429 -14040 -6995
8612 7716 -15236 15869 -8474 -8378
7196 4988 -18596 2606 2850 -6525
3336 9264 -20640 4698 7882 -4626
1684 6524 -17788 -11036 7004 -4929
6104 8036 -16448 -2222 10148 -5005
752 4752 -17692 -12638 4634 -4396
1000 6036 -11316 3527 2508 -2293
2472 3524 -17476 -2186 -782 4140
8312 -4416 -19896 32472 -16853 -2678
17156 14336 -29028 -23091 2166 9461
6484 6140 -18372 -2773 8224 8423
4012 5420 -15828 5584 7040 2573
8640 5768 -16236 -3591 5696 4322
8000 5344 -16496 -8582 3102 3703
9176 4440 -14112 621 2841 4640
10516 6092 -13560 -7609 1390 3607
8368 7836 -13688 -5493 -1023 -82
9996 6024 -13124 -282 -2397 -5433
6400 7468 -14980 -4015 -6521 -4807
9388 6088 -15120 -7157 -1548 2323
6252 5588 -9768 707 -5941 3318
11560 8392 -14188 5593 -11549 3367
18956 16360 -32768 -10619 -6859 2429
5988 8452 -15792 8542 8104 2680
3316 4368 -18428 -5737 -10236 572
5540 4848 -17216 9795 -15226 -6771
7212 4036 -17320 2319 -4842 -6116
-1220 9132 -22468 10821 -2244 -5990
1112 3852 -16576 -3265 -2671 -3169
3872 6740 -18884 3908 -331 -4121
1320 6696 -18492 -4079 2979 -5333
2328 4168 -17584 -4208 5007 -4320
3812 5472 -18352 -6134 6071 -4037
3124 4556 -17232 -731 8382 -4051
2964 9664 -16144 660 6549 -5167
8232 5336 -28028 -2254 -5892 3823
14280 14388 -32588 32767 -8688 -8886
9604 1028 -25064 -11899 2405 8017
4636 11328 -19036 -4071 7980 7707
4624 1432 -16636 1235 8373 3676
8164 7148 -18804 -4573 8527 5532
9428 2612 -10520 -6426 5962 3917
6560 5780 -15328 -185 2869 1869
8956 4640 -13008 -2700 950 1555
7520 9144 -14856 -2646 -2976 -1553
8216 6952 -14588 -6408 -4666 -805
8204 11284 -16512 -6441 -7593 -3018
9596 6748 -11468 -4653 -5821 561
4944 7352 -8868 915 -4795 4182
6484 8076 -10384 3248 -14720 5173
18148 9328 -22624 26173 10720 10413
4200 9640 -16844 3264 -3710 -971
-3728 960 -18864 -2635 -15167 -11282
4892 6516 -17212 10176 -7721 -4168
-848 5812 -20124 371 -4796 594
736 4596 -19060 -3705 -6163 -1862
4252 5912 -16616 6606 964 -3899
1436 5172 -18784 -696 5284 -3902
1612 8392 -17112 -2457 6663 -6156
1528 5600 -18944 -5434 6667 -4620
1352 6216 -17508 429 5501 -3063
988 8196 -19252 -7537 5848 -1992
7740 6308 -24236 13139 -5904 1885
6720 4380 -30984 28951 -1245 -3995
12580 3476 -20912 -14591 6073 7740
2552 7940 -18900 3322 12893 5220
3036 3192 -17756 -808 7084 4025
7248 5368 -17216 -1488 6516 4309
10780 3408 -12612 -6174 3942 2482
9160 6904 -16740 -1582 2717 862
8908 6180 -14184 -5044 2258 1629
7520 5804 -14208 -5823 -1100 -407
6220 7060 -15148 -814 -5305 -3534
7560 7552 -16604 -4765 -3484 -752
9396 6188 -14004 -2559 -4421 985
8076 8060 -13444 -595 -5577 2297
5100 5828 -8940 6082 -16945 2315
24416 560 -24708 7741 -490 7159
4200 3444 -18588 8976 -7756 -4851
-932 256 -16584 796 -16011 -6179
5932 5640 -16028 4272 -5026 -6568
-2012 5672 -20448 -9286 -1265 -3934
156 1088 -19612 -1907 -1052 -8205
1824 3604 -19564 3444 3801 -7600
428 3884 -19452 -1739 6218 -8919
-1616 3344 -18952 -1383 6702 -8718
1860 8060 -20088 1466 9241 -8182
3328 3368 -19352 -7412 10687 -8966
384 5540 -18320 -4074 12782 -9207
-732 7864 -13120 6007 12816 -7139
13160 5736 -32768 2002 -4347 2111
15028 7948 -27584 32767 2526 -8854
15780 5704 -21764 -17915 11907 960
3580 5072 -16120 -11794 9882 1379
6400 6560 -15888 5290 8646 1034
10708 4148 -10668 -7537 4174 -118
7096 5024 -15160 -4959 210 -2709
7844 4820 -14980 -1437 -3078 -6038
8280 6312 -15524 3342 -5249 -6760
7292 3976 -15800 2046 -5390 -4910
9264 5788 -15708 2785 -3955 -1376
6396 5228 -13036 5438 -5589 -1007
16896 6196 -32768 -3420 -3528 -3191
780 7672 -22836 17566 8632 -5116
1232 3384 -17764 1131 -6611 -6440
4456 4960 -19992 10120 -8279 -8867
3256 3648 -19140 506 -3507 -4854
1564 4552 -19424 -1043 -5566 -9236
-368 2408 -20776 -4502 -2623 -3884
2872 4880 -18284 -169 -744 -5918
2464 3952 -18132 -2657 2895 -7570
1920 7276 -19236 -2906 7525 -7565
2876 4428 -17360 -8012 9529 -6604
2096 4948 -18084 -2827 11129 -6513
448 6752 -17928 646 6713 -5707
2268 7700 -14504 1257 6004 -5067
-18216 -744 -17220 3706 -8361 -3614
13472 21076 -32136 11199 538 4206
11560 1612 -22696 18599 13558 -222
4660 5532 -19268 -11939 12448 3585
6776 4212 -15252 33 9996 787
5860 4472 -12236 -4684 6408 1691
6952 4400 -14832 -4558 1500 1280
7276 4656 -13988 -7999 -4561 606
7064 6044 -14980 -3897 -7601 7
7580 9048 -16204 927 -8366 -2307
7684 5464 -14480 -575 -6005 247
8632 6132 -13612 1888 -4393 2393
6296 8984 -12036 4336 -9360 1443
10256 8676 -19412 8974 14762 8313
3196 4140 -19872 11970 1011 -6964
532 588 -17900 4160 -13525 -3415
6836 6592 -22116 8386 -5599 -3658
2844 -20 -17540 -6463 -2798 -3704
1304 3428 -20060 -3014 -2576 -3063
1504 3768 -19424 -912 -424 -2784
1564 3980 -19788 1918 -180 -4212
612 5316 -18236 -6351 1726 -5876
2260 8944 -19636 -5733 3522 -5171
2708 5112 -16332 -7680 5618 -4448
124 1740 -18152 -8997 4950 -3032
4936 7628 -19300 -5777 6720 -3666
-708 4200 -16396 5251 6713 -1469
9480 5420 -31224 1992 -8537 -452
13228 12788 -31432 32029 -826 -2996
9576 4764 -20576 -7236 5500 5316
5792 7444 -17856 -669 9027 6209
5528 4820 -16424 375 3627 6188
8724 9032 -17004 -6072 3937 6395
8712 3512 -15784 -5213 3863 2072
7916 4524 -15848 -2372 4993 1672
8652 5956 -14064 -4278 3029 1349
7776 5380 -15204 -2665 996 2029
7416 7076 -14340 -9147 -3541 2215
6840 6956 -13104 -3261 -5211 1602
7020 8492 -15384 -5464 -9962 1130
7144 7688 -15588 -595 -8346 -227
8368 7352 -13764 -557 -3548 2587
9296 11560 -14520 -424 -6399 4035
13088 10628 -30672 -2606 -14809 3900
8112 13972 -23744 20470 8466 6121
-832 2656 -19320 233 -4561 -5839
3784 5640 -17680 3108 -5941 -5312
4360 5924 -19352 3496 -3649 -5206
804 4932 -18996 -1360 -5460 -6280
3360 3412 -17844 2401 -2048 -3788
4464 6148 -18400 -2624 413 -2298
2584 3756 -18096 1772 5489 -5005
2248 4688 -18376 -7381 5272 -4828
3004 7268 -18168 -1498 6588 -5243
1744 5388 -18288 -3687 5639 -4414
2452 3976 -17064 -2168 6248 -2837
1440 8272 -15984 -1283 6477 -2624
-3584 7472 -16304 4251 2192 -2666
2696 -3844 -26428 14225 -6096 2119
15280 13164 -28520 -7468 12014 8299
1092 9184 -17728 -8535 12256 8580
3996 -200 -15652 666 6724 6829
10332 6848 -16076 -4954 2299 8891
10536 4612 -14372 -8248 2537 6660
8052 3548 -14828 -1180 1903 3751
7460 6172 -14544 -8058 -817 2701
5364 4600 -13284 -11077 -6933 725
7160 8892 -15356 -4425 -9091 -4556
6232 7112 -15060 1071 -7004 -3258
10624 9168 -17216 -1167 -2576 1111
3556 5844 -4008 8812 -9769 2299
20668 4656 -23260 -252 -6898 4292
7484 8572 -10684 13903 -2651 -2802
-2292 2200 -18604 3349 -10797 -3775
7800 7188 -20404 5530 -6462 -5495
3932 2572 -18344 2117 -1552 -7036
-1632 4648 -20324 -1120 -1458 -2513
-1272 3108 -19576 2841 -3749 -1663
5656 2928 -17276 -2731 -184 -1739
1572 6168 -18804 -2227 4147 -3819
-356 4192 -20068 -4504 3792 -5356
1480 4048 -19072 -7939 4050 -4269
1340 7164 -19292 -6781 3801 -4911
1400 4268 -18228 4037 6280 -5229
2576 852 -19568 -7809 5988 -2503
-15692 1520 -19868 10654 -9796 -8524
11076 16012 -25920 1354 5013 5294
9176 4808 -22140 14365 11767 2326
4752 4780 -19316 -7461 10623 4116
5996 3960 -16304 3421 11701 2628
6380 4580 -15000 -11762 5135 9798
9056 7128 -14048 -1981 2677 3543
8972 3904 -12832 -5868 1160 4628
6844 5608 -14840 -1388 -1632 2501
6668 7556 -15072 -10476 -5533 3205
5500 6088 -14152 -13960 -11284 3457
5972 7032 -18100 -4478 -9170 3477
9568 4760 -13720 -2529 -4322 2510
7780 9668 -13452 -2873 -6997 3075
13260 10212 -22508 4695 -16188 -589
9700 16372 -25540 22053 8095 -491
3180 5688 -21700 5884 -4885 -4007
4088 4820 -19004 10567 -5591 -7932
3376 5424 -17528 4208 -1342 -5499
4492 3240 -17516 2268 -1111 -5910
-592 5424 -20888 -1679 -2621 -1184
3480 636 -16960 2044 -765 -3083
3120 5288 -19548 -3772 2615 -1766
1932 2564 -19800 -5109 5809 -4179
3540 5456 -17728 -9158 5847 -3795
588 7736 -19424 -2897 4251 -5879
2288 4404 -17632 2464 4341 -4370
-1276 4992 -14404 -2237 842 -4688
-5420 8836 -15848 -3415 -1371 -70
5220 -100 -27980 6620 -3530 10100
5760 16120 -32768 6735 14162 4233
8844 2948 -15840 3333 13467 3526
3984 4400 -17412 -12656 7589 12080
9196 5700 -14676 -2763 10315 2022
9872 4276 -12884 -13558 9310 717
7056 2368 -11020 1904 6987 -911
5924 6488 -13232 -1685 -427 -76
7552 10136 -14596 -9367 -5716 1064
9880 -408 -11608 -23261 -3249 5191
8736 8964 -11552 -8935 -3567 -673
8836 8508 -12324 -3757 -7160 -246
8724 7416 -11016 4869 -12973 2588
18748 -2740 -18456 8208 5734 4801
6484 8248 -14304 7925 -3476 91
588 7384 -18984 13507 -15210 -5676
9628 6936 -17480 12213 -8672 -3559
3100 5320 -17720 9530 -4501 -8410
304 5164 -20536 -1959 -6951 -5197
2540 3436 -17492 4615 -1737 -2149
2896 3320 -18372 1177 -3590 -2215
2484 6400 -19124 1571 1207 -2657
2412 3320 -19284 -7693 2142 -3532
2036 5620 -17972 -5037 3356 -3862
1580 6252 -18696 -548 4060 -5557
1256 2324 -17976 -1566 5243 -2922
520 7580 -16244 -243 2239 -2834
6800 3564 -29048 2989 -12221 1113
9520 9428 -27492 32767 -5082 -3464
9480 -200 -24912 -13584 8244 7742
2012 8660 -21492 1612 11961 3534
6028 3884 -20588 1003 13365 2097
7384 5820 -20288 -13596 14550 8062
4608 3464 -11656 -13777 7876 9080
6992 4776 -13560 2470 3939 2131
10484 4800 -11800 -4454 185 612
7244 8260 -16036 -1590 -2427 -926
7688 5608 -13892 -14823 -7579 1089
7672 9116 -15096 -12176 -6807 1175
10332 8840 -14216 -3513 -2880 3246
7216 10288 -13916 -6000 -3915 5704
5804 5224 -8648 11209 -14880 393
29796 14340 -25508 3383 3162 6435
4424 7588 -13956 4762 -583 1187
-3372 5884 -19060 -2891 -16745 -814
9360 5136 -19640 15279 -9136 -4492
3068 7168 -19232 -908 -6363 -4180
-1352 1212 -18520 5424 -1515 -2760
1684 6368 -18076 2130 -3283 -3051
4416 2080 -20444 -2408 877 -5471
1580 4328 -18192 -2418 5240 -7857
1924 5228 -19360 -3566 7039 -6361
224 4504 -19812 -5781 5736 -4778
920 5248 -15420 -2243 5913 -4800
-3072 8584 -18276 -1741 631 -166
6768 660 -32768 9473 -13894 217
12808 11340 -28284 26618 -6810 2389
11336 564 -19336 -340 10418 5261
352 5912 -20952 -611 12514 4401
4908 3464 -18840 -3502 8641 4192
8724 4428 -19536 -8814 10053 5385
9392 1468 -12532 -9484 8442 3220
9640 2792 -13836 -2656 6054 -335
7664 6960 -13376 -2865 1170 -531
8712 5012 -14008 -5788 -3954 -1119
6984 9472 -13920 -9150 -9833 -2901
8552 8192 -16564 -5956 -2522 394
9572 6616 -12544 -2078 -4267 1166
7772 9692 -14124 -371 -4877 2467
6020 6288 -12148 10461 -11143 2829
23360 13544 -20908 2375 2524 9446
6852 4504 -16844 5347 1783 1314
-1260 4464 -18476 -537 -12440 -516
7580 5548 -18740 13376 -7897 -1894
5796 4576 -17708 7860 -5232 -5960
3776 5308 -17960 2976 -1030 -7199
1904 2872 -20484 1841 1469 -2989
2912 3268 -18668 -3508 624 -3934
3992 3524 -18256 -2255 4868 -4089
4412 5752 -19688 -5965 6426 -5262
1996 3060 -17796 -4330 5977 -4628
576 6448 -14476 2442 4443 -3175
7972 5524 -30268 -1136 -5281 3285
2208 -6808 -19888 20990 -14731 648
11464 14212 -28148 -16101 -1202 12894
9796 5004 -22424 6519 11574 4442
2848 1896 -21616 -4832 7046 4374
8484 1504 -15796 -3626 5113 4101
8492 3456 -16480 -8793 5720 8259
7616 4356 -16500 -993 2150 3826
6468 7716 -18144 -7794 -3380 4769
8044 4660 -14876 -6211 -7380 3316
6924 6128 -19216 -10930 -4603 7333
7304 5748 -13960 -6199 -8332 4257
6240 5952 -16032 -1697 -13564 3375
5560 6108 -14944 -65 -15627 5858
3152 3460 -14396 3386 -17586 8104
13140 17928 -32768 -8455 -9087 4465
-1576 2272 -18480 3401 2531 6714
-2168 1056 -20172 953 -7778 8122
5672 10432 -21140 9924 354 6366
-364 1648 -18336 -381 255 3322
588 3948 -21676 -2522 -3060 5073
2480 3648 -19684 -837 789 3958
1688 3664 -19460 -417 1775 2208
1672 3072 -18740 -5692 2752 1039
4716 7012 -19164 -5790 5941 595
3220 1988 -18644 -4868 6914 -1390
2360 6564 -19608 -9335 5299 462
1532 4684 -18236 -2413 4362 3190
5568 4068 -18500 -3214 4750 4075
-12036 860 -12396 -3298 -3584 12880
11892 15416 -25264 9221 -6263 7396
13692 4648 -21112 8655 6082 6882
7096 4964 -17724 -15015 5995 9242
7188 4336 -16836 -1966 1063 11148
10796 8296 -14616 -7519 2216 9392
12068 2464 -17344 -2986 2567 5678
11896 4744 -14960 -6577 3238 4964
9792 6152 -13024 -11877 -683 4070
6324 7012 -13164 -2944 -5556 2736
7212 8008 -14464 -13735 -10446 3282
8124 6040 -14672 -9726 -11331 3262
8984 4700 -13244 -4083 -9757 3715
7544 10256 -14864 -1231 -9690 5289
5716 7368 -9376 2758 -12610 5637
29748 19692 -32768 -11237 -4375 6851
4712 8984 -18540 5855 1247 5552
-1624 3376 -17984 4871 -11526 -1449
5428 4980 -18444 6986 -9912 -3829
4568 2516 -18312 8605 -2141 -2552
-200 8328 -21624 -512 -5175 -1797
3052 88 -17988 1657 -293 -2141
4788 5968 -19920 -1447 3342 -3638
1932 3464 -19128 -2144 6289 -4072
1968 5820 -19464 -3185 4301 -4302
3444 6112 -17636 -4518 4785 -3416
1592 3128 -17360 -3069 4232 -1672
2556 7552 -16164 830 3207 -1671
1936 4520 -17676 -158 610 2609
-2440 -1104 -25616 17247 -9282 617
10444 13360 -26768 -16532 2340 8433
6036 6104 -20624 6633 9972 3600
7252 4952 -21772 -1492 9909 6708
7356 7384 -16848 -12812 8830 10637
8472 228 -10536 -4539 7890 6802
8644 8776 -13476 -767 3516 2441
9144 4140 -13408 -7151 912 412
7368 5188 -13996 -6535 -4617 221
8496 9020 -14208 -6699 -6489 896
5412 7868 -15684 -10107 -7253 1943
7572 8384 -14920 -2611 -9552 1912
6940 7908 -14040 -2282 -9652 3780
9256 8216 -13072 5070 -14881 5084
20132 14172 -32768 -7423 -3315 6287
5104 4888 -15828 10488 1088 -2469
-1868 1728 -20316 7402 -6761 -7592
3304 3652 -17504 2897 -6116 -3659
1472 5784 -18100 3796 -2229 -3356
0 5144 -20244 565 -5764 -3250
2668 3428 -18188 1761 -1152 -2422
1712 5584 -20112 1060 803 -2274
32 4616 -19808 -3619 3225 -2682
3264 4844 -16164 -4353 6835 -3200
2120 6120 -17572 -2482 8325 -5176
816 5012 -18796 2629 8109 -7261
-2556 5784 -14140 -2836 2651 -2778
2156 8448 -31212 25885 3529 -7118
12016 -1268 -31024 29225 3260 -2894
9112 10592 -27416 -14302 6372 22026
6184 1076 -18744 -1041 13790 4983
6392 2548 -18416 -13491 8840 7708
10376 108 -13512 -6968 8982 5287
8584 4752 -13584 2165 7191 4509
9500 3820 -11976 -9794 -1946 3076
6996 8644 -17420 -6843 -6716 1072
10088 5604 -18032 -13166 -7438 -1174
7560 7332 -15568 -13304 -5860 -3340
7620 7320 -12692 -4959 -1369 1825
5228 4128 -10308 3605 -9592 1913
16580 14328 -32768 -6490 -9486 2561
10092 15196 -13756 9981 4232 -921
-780 3368 -20128 8524 -7183 -4099
9132 7596 -18760 11700 -4107 -3034
5776 6360 -15928 8863 -2014 -9984
852 5796 -19856 10404 -1134 -10515
2244 4324 -20796 -3032 -1756 -4522
2928 3128 -16324 5100 -2851 -4730
1516 4516 -19384 -144 -1133 -3198
3068 3808 -18300 -1291 2527 -1027
3636 3728 -18716 -7897 4343 -2255
2960 6180 -18784 -5003 7370 -4739
2956 5344 -16868 -1857 7484 -4490
468 5564 -16300 1163 6159 -4687
-3512 452 -25632 -1542 -5603 3624
10448 10424 -31576 32767 93 -3429
9492 -2456 -21732 -7338 4258 4761
4924 10040 -21692 -4475 8493 6904
5912 4592 -18360 -3511 8523 5526
7416 4412 -15656 -6748 11287 7974
8880 3512 -13692 -6986 5319 4796
12524 4172 -14172 6668 4086 -1022
9692 9844 -14072 -5251 994 -331
7484 4380 -14912 -6197 -4244 -3849
8100 9040 -15024 -9705 -7057 1311
8056 6160 -14180 -8906 -5931 1190
9648 5788 -13532 -3969 -6455 2175
8144 8144 -12732 -913 -8963 1230
4836 5928 -11372 4364 -12341 2805
21840 19240 -32768 -14146 -11012 4189
9384 8796 -18912 12758 6083 4243
-3292 3672 -17484 7426 -9985 -2381
4560 5644 -21236 7623 -11650 -4247
4888 4076 -14648 -2433 -3494 -5609
612 4492 -20548 8838 -3059 -8402
1308 3448 -18684 3217 2827 -2839
2668 3416 -18724 4455 1463 -4741
44 5216 -19432 163 632 -4784
1360 1904 -17900 -1634 2020 -4347
696 6352 -19396 -4397 1525 -4351
1548 2540 -19716 -3851 2788 -2944
3680 4724 -17212 -715 4130 -3081
-1244 4060 -16576 -1283 4362 2141
-6916 -1932 -26352 19301 -8907 -8533
7188 12692 -30612 15916 4289 2844
6328 6100 -22920 2169 11804 5939
3924 2152 -18768 -10512 10496 11827
6908 7536 -18476 -869 9022 5516
7596 4112 -14412 -9009 6506 3152
8072 2772 -16444 -3311 5247 3079
9232 5556 -12828 -3547 3522 1948
6760 5676 -14592 -5277 -106 -606
7800 6040 -12716 -7305 -4398 2623
4580 9004 -17304 -9442 -8805 4668
10952 5264 -12304 -4779 -3294 135
10004 7044 -14540 -1275 -2140 -114
9380 8344 -12704 -1864 -4029 1825
3908 2880 -6800 13855 -17053 248
23828 -3960 -22488 24399 924 -2599
1316 6624 -17076 10282 -2136 -6017
1156 488 -21868 6600 -12617 -7741
5824 3600 -16736 1016 -175 -919
1508 3384 -19932 1726 -7006 -2782
2348 4944 -19320 2787 -3995 -4516
5752 2624 -18092 -1560 -34 -3076
3492 2756 -17652 1341 5048 -4106
1720 4740 -19564 -243 6768 -4327
2796 4728 -20468 -7801 5609 -4376
-624 5888 -17980 -3520 2071 -4327
556 4852 -18396 -3304 -1379 271
15992 3924 -31292 12600 -10283 309
11404 1092 -31380 32767 3393 -2249
12288 3984 -21592 -1373 13548 6336
4168 6004 -19932 -8947 13485 7482
5856 2352 -16448 -5782 7591 6376
8736 7168 -15072 -7239 7768 8743
9072 3232 -13456 -5184 2202 2434
7900 6132 -13016 -4748 -294 -697
9368 4988 -14552 -5274 -2679 -1122
5900 7156 -16292 -5511 -6117 -1368
6540 5748 -14724 -7679 -8516 -109
7936 6328 -15508 -7248 -9390 1832
8792 8832 -16852 -2842 -2582 4812
4100 6552 -11428 1916 -6999 4755
9880 9336 -11588 3178 -12809 5789
15632 -1156 -25356 13344 -996 -3405
3352 5852 -20024 7534 -3008 -5610
-4892 4088 -17252 4580 -10217 -10276
6432 3972 -18532 3851 -3859 -3072
3612 8396 -19104 6034 1439 -6026
-172 1716 -19768 -2244 -3284 -4287
3792 5400 -18084 4354 322 -5248
692 5344 -18580 2837 3507 -5573
-172 5856 -18288 -5423 3733 -2515
3060 6404 -18764 -1264 5651 -4482
2032 4204 -18516 -4213 6804 -3621
248 6760 -17856 -505 5645 -3824
488 6268 -16172 1499 5366 -3564
-752 5796 -17620 3235 524 -2567
1592 280 -25496 13286 1585 -3119
6052 9776 -28324 -2420 7370 4964
7260 6876 -18176 -283 11460 7372
3948 4428 -16904 -1041 8364 4250
10628 2956 -12152 -2022 8797 1922
10532 4288 -15584 -971 8754 -1093
9148 2192 -14468 -2395 6329 -589
6436 6776 -14388 -6315 1172 1442
8872 6968 -15876 -6775 -3533 2111
9324 6800 -15740 -16558 -911 3752
9500 5544 -12020 -11309 -3278 446
9232 10904 -13052 -4441 -6595 2586
7512 4940 -7800 7526 -14099 1593
24584 15628 -32768 -7678 -22211 -7910
5824 10208 -16624 13114 1672 -5028
-4636 3008 -23364 6870 -15640 -5370
9752 4836 -17184 3881 -12330 -4999
3780 7468 -16084 6312 -2901 -7651
-308 2556 -20284 -375 -1730 -7191
1372 4848 -18652 4004 535 -5541
2396 3992 -20316 1185 2088 -7383
3104 3984 -18556 602 5524 -8450
1596 3344 -19216 540 9768 -7775
1932 7100 -20776 -405 11233 -8874
2204 5484 -19096 -3468 11210 -8780
348 5508 -16372 -381 11499 -6105
6548 4404 -22428 207 3098 -5551
12228 376 -19116 17595 -4301 -3844
14504 16184 -21660 -7001 6400 1098
7168 5448 -18208 -6904 10764 1865
6024 268 -15068 -2896 5872 184
10420 4164 -15600 -3553 4770 353
11712 2708 -15188 -371 5318 -1142
9180 7292 -15196 714 4499 -3347
9388 5556 -12872 -4318 1288 -4110
7544 8332 -14760 122 -1598 -2379
10472 6376 -13740 1242 -4925 -1747
7432 7988 -15796 2546 -6571 -1264
10048 4872 -14340 4796 -13877 -2731
8184 8080 -14196 5953 -12110 -1526
11964 4604 -31600 5880 -14056 -8879
3152 11916 -23432 14654 3501 -5731
-2428 3132 -20340 -1759 -5586 -8694
1904 4996 -21616 9518 -3746 -12040
3220 4148 -17812 -4163 2507 -6139
-2392 2892 -21332 -3950 -5559 -7086
2296 2216 -18540 -2293 -3403 -6383
1140 3360 -19688 2596 2075 -8760
584 4488 -18848 -4714 4421 -8163
-740 6684 -20940 -3454 5445 -9563
-1496 7440 -18916 -6570 6957 -8161
468 5056 -15888 -8348 7143 -11050
1644 5616 -16220 -1069 9253 -9160
212 6488 -14072 -3624 11131 -5026
4388 5708 -20756 -1979 5946 -2897
5568 2432 -29312 32767 10855 -4188
8500 16848 -29508 -9027 14536 10502
4244 4088 -16180 1251 12005 4002
4264 6920 -15956 4444 13318 3026
8772 2672 -15304 -7302 9687 2198
9928 2136 -14336 4008 6155 -1564
8072 5868 -17700 -2950 704 -1770
8916 5852 -15936 -4240 -3005 -2663
5504 6004 -15168 -5799 -4558 -1188
6984 5424 -15048 -7669 -6855 -1919
7940 8436 -15368 -971 -5057 343
8224 6708 -14660 1327 -3427 2079
3940 4892 -12512 4570 -7294 3821
17808 11208 -29432 -5730 -4797 1327
9008 9588 -10024 11004 8275 378
3908 1664 -22284 2240 -1279 -4609
1404 5240 -18292 4511 -8152 -3461
6236 2132 -16356 2305 -10017 -4339
2912 6956 -18704 13016 -6224 -10477
948 5584 -20784 -3093 -2267 -4008
2644 3676 -17436 4421 2464 -5017
2528 4168 -19608 -1244 3055 -5736
1884 4660 -20332 -195 5436 -7387
2224 3612 -17892 -6230 5091 -5979
2564 4584 -17492 -4588 5366 -4923
1212 4396 -16036 122 6006 -4371
2376 6020 -16592 -736 6344 -3445
7028 3956 -32620 3650 -8628 816
11264 6208 -28200 28083 -5184 -5657
11744 4020 -21688 -9766 5080 7565
4952 6908 -18856 -2984 9738 6515
6248 6844 -18136 -5207 5912 5900
7360 5272 -17716 -6553 6754 5974
8388 3136 -13900 -7159 4364 5847
6868 7592 -15676 -2954 1138 3895
7696 6844 -13332 -8417 -2855 171
7668 6340 -16412 -3005 -5021 -1575
4456 4660 -13652 -6598 -8419 1703
5128 7332 -15964 -6264 -10155 1500
9064 6240 -12860 -1432 -7789 3461
4920 7768 -9372 2386 -6014 4287
18708 1808 -32768 -4656 -7996 -9715
5788 12760 -25480 15259 14193 -1059
3112 6252 -21152 5520 -2965 -6038
2676 6340 -19512 11094 -7135 -5027
4728 4460 -19304 5267 -3271 -3344
1420 4796 -17908 2656 -5405 -4852
2268 2688 -20080 -1079 -3423 -3470
3280 4156 -18032 2015 -578 -3251
2224 604 -18020 -313 1373 -4874
1640 7328 -19920 -1554 2172 -4607
1308 4124 -20164 -1410 1716 -6085
1816 680 -16484 -6685 2749 -1704
772 3928 -17324 -4673 1181 -2419
2444 5732 -16992 -1578 4530 -1141
-7580 -3088 -26976 17925 -7184 -6761
14404 12256 -32768 24410 2757 1459
10656 944 -15720 -12473 8787 4131
268 6396 -19352 1389 11014 2056
6324 3432 -16864 -4833 7687 6045
6120 7704 -19248 -10707 6524 9068
8892 3788 -15092 -5272 2564 3165
7844 5980 -15616 -9496 1473 4221
7100 4740 -13444 -8113 -1356 3059
6880 5944 -14288 -5859 -6767 -666
7076 5468 -15740 -9733 -12088 -2026
6700 8144 -14420 -7281 -9452 1692
4556 6688 -11512 -1813 -5003 4590
4276 5116 -13608 14082 -16191 103
17056 9952 -25868 16291 4134 10798
4600 7864 -14648 14957 3806 -7317
108 2024 -23208 1907 -7009 -10970
5468 6692 -18472 3218 -3364 -7203
3504 144 -17956 2816 -599 -4046
-808 3672 -20700 8160 -6956 -6451
3456 4436 -16912 -3301 -3734 1338
3924 3584 -18872 6136 410 -4099
2592 2532 -19360 -2611 914 -3298
1136 5512 -20460 -5697 1593 -4664
972 3484 -20176 -4111 3230 -5013
2180 3080 -17740 -2161 6383 -3613
560 5672 -18904 57 5254 -3367
552 -2344 -14864 6152 10193 242
-5488 10228 -22640 14949 4458 -4482
11840 8300 -29956 -4066 5947 -1014
8412 4312 -20684 3601 13432 1025
5204 4876 -19180 -3704 12826 3086
7048 6656 -13640 -11339 5197 7722
6396 6212 -14988 -8293 2748 5539
10136 224 -12812 -8680 -725 6583
10708 8516 -15104 251 -177 3304
10208 6748 -15628 -10465 -2194 3028
8684 8888 -15356 -5575 -3910 3070
7968 6564 -13472 -14893 -4103 4339
7948 5192 -13884 -11853 -4699 370
6572 5088 -10772 -4965 -5646 -915
8596 7568 -12784 3927 -10009 163
5420 8768 -8132 11705 -11961 5041
17136 4196 -20236 14229 5318 1148
2524 12040 -18668 169 -2417 -1539
-204 3976 -20276 11140 -15798 -12971
9116 4752 -16216 3467 -2036 106
2640 6412 -18312 5984 -5373 -7660
-252 1860 -21020 2300 -5879 -3302
4184 4512 -16220 4344 -59 -69
3096 6324 -18736 -1239 688 -644
4204 4784 -19164 -7764 3836 -3451
1764 7100 -18220 -1516 5366 -3558
840 5360 -17888 -2975 3988 -1861
1232 6800 -16524 -6984 -894 -1656
3560 4432 -17984 -1635 3802 611
428 6340 -18068 5421 1346 -2523
-6096 1380 -27380 21343 60 -7604
8976 10428 -27648 -14394 5137 13759
5568 6960 -15304 7966 14451 5057
2012 2504 -18748 -546 8016 6186
10028 5404 -17208 -5813 9216 5073
5728 3492 -16496 -7218 8638 4955
8024 2900 -12088 -4005 2403 3290
10620 8628 -15568 -2093 -256 1285
7852 6816 -13180 -13071 -2576 920
7340 7840 -16216 -1216 -4921 -2932
7428 6900 -13508 -4449 -9570 -3921
7176 9424 -13940 -3458 -3094 3032
7908 6008 -9868 -3482 -5487 2492
7108 4364 -13420 7537 -13488 2127
26452 11532 -32768 -2149 1910 8384
2952 4672 -16376 7835 611 -2308
-2696 2168 -21212 5575 -13450 -1165
9140 8160 -17928 7659 -5806 -3240
1784 2900 -16852 3545 -3787 -8866
-2292 2868 -20484 4454 -6142 -4585
3704 6108 -18132 6399 -4757 -3187
4804 3420 -18512 -1535 -206 -4352
2796 3000 -19480 483 5968 -5932
712 5204 -19160 -7091 7451 -4666
1596 8644 -18188 -9233 7914 -3809
776 5540 -16748 -4288 4887 -3823
1264 4372 -16224 -1221 2296 -1185
-644 3636 -14172 6112 3301 1722
-5552 4656 -25272 13867 -2149 -5555
11584 9856 -32768 -3721 1444 5392
4976 5996 -19656 -2553 13742 7627
5748 4320 -17284 -5081 11180 6901
6868 7136 -16632 -5301 7464 9195
8232 2532 -11852 -6645 4709 4406
8976 4860 -14656 2655 3433 953
8760 6076 -15132 -4722 -173 533
8788 3988 -14096 -10000 -5383 -692
8784 6572 -14108 -8128 -6459 88
7740 9168 -16644 -7049 -7227 -213
10388 5604 -13908 -4360 -7805 1571
6176 4812 -8660 2024 -14541 1107
7972 7540 -11776 6556 -12730 4036
17148 16416 -27844 14858 12250 6822
2524 4972 -15600 5344 -6696 -2788
1144 -220 -19468 1180 -13753 -4447
7668 11252 -19568 16064 -3547 -5112
1640 2980 -17436 3004 -2528 -10074
-2424 1556 -21312 6400 -1995 -7949
2992 3356 -17564 2066 -2266 -1135
2696 2564 -20232 6205 2614 -4748
2040 2940 -18780 -3884 2803 -4812
1356 5380 -19148 -6067 5597 -5579
1852 6924 -16660 -10167 5513 -6473
992 3704 -15232 -37 9638 -7550
-1712 1936 -15700 -5270 3840 222
-11920 -1592 -24712 26734 -9596 -17587
21092 18812 -32768 9719 -1268 9444
11692 3324 -14560 -6701 17015 10470
-252 1900 -20784 -3607 11679 9691
6428 5432 -15028 -10551 7091 6475
6424 5220 -18468 -8185 10499 6822
8256 3920 -10800 -13339 4095 6675
6664 6620 -13784 -687 -1100 1144
9092 4636 -12608 -15251 -5455 2946
7508 7676 -18104 -8250 -9652 1583
7360 9072 -16780 -3352 -8480 204
6808 6760 -13672 -2251 -8021 227
6752 6616 -14032 -609 -7500 2378
4832 8008 -8676 4634 -11708 2002
17664 5220 -32768 298 -2818 -4880
2736 13524 -20272 13281 10779 -1785
-4624 628 -18784 3239 -10935 -7330
4508 9232 -23576 12653 -4116 -7402
3896 736 -16240 -475 977 -4175
-384 5568 -20860 3819 -5795 -8651
2896 3996 -18696 -666 -221 -5235
2860 1292 -20940 7902 3306 -7495
2980 5340 -16228 -10896 902 -4628
1292 1700 -19192 1985 7417 -3453
2392 8380 -19380 -3357 5359 -4516
-416 2448 -17520 -2511 6006 -1824
868 5788 -18888 -6089 3476 537
-17688 1200 -12284 7015 -8649 1730
17144 14728 -32768 32767 11017 4109
11988 3804 -17792 -11891 11075 4744
1120 3376 -18456 970 14271 3729
6792 4064 -17012 -6284 8259 4444
8132 5784 -18604 -9313 7309 6050
10172 788 -11724 -9400 3478 1511
8656 4668 -16200 897 2535 326
10624 5748 -13284 -8331 -155 908
7708 6316 -14912 -4990 -3895 -1009
8736 6504 -12316 -6081 -7151 630
8664 8388 -17228 -8253 -6489 2022
9020 5720 -13496 -2135 -6916 2497
3732 6592 -11348 -845 -11303 3886
15248 7212 -25068 2707 -22449 -1440
13200 12940 -24092 24633 19484 5224
4988 7964 -19688 165 -6029 -1380
668 3888 -18836 345 -14148 -2359
7368 6060 -16528 11028 -6380 -3382
1564 4800 -18004 2807 -7752 -7255
1592 4040 -20372 3439 -5549 -5394
300 1824 -19180 3805 -1720 -2735
208 3632 -19672 4478 -2456 -4229
128 1272 -19596 -288 -1720 -4629
1120 2612 -20452 -5593 -534 -3725
-340 4404 -20080 -117 1741 -5281
-232 2284 -19940 -6750 2482 -5533
-724 4084 -18236 -14089 4798 -3572
1512 4028 -17640 -741 9433 -3586
-664 4136 -16756 507 8611 -2453
-13280 740 -28128 11515 -8859 -13299
15416 10436 -29532 17185 14096 4848
6068 2464 -17120 -13297 9658 4968
2940 7316 -18572 -570 11890 4416
8076 4236 -16692 -17 8234 5484
7580 6532 -15476 -11385 5725 6634
7048 1636 -14480 -5024 2672 3251
8944 6140 -16536 -1549 1721 3880
9104 3976 -15160 -3967 315 2657
9516 4460 -14852 1324 501 2497
7932 6804 -15692 -5633 -3820 3594
8792 4964 -12336 -9044 -8552 5798
6576 9044 -16044 -4962 -10603 4111
7420 6516 -13872 -1986 -10513 3318
6492 7712 -20824 -955 -15091 2175
4400 5660 -15696 1614 -13121 2717
6468 2360 -30404 -12675 -8027 -592
1124 6504 -22384 2979 5385 -1104
-5788 3668 -20124 -6229 -6709 -1868
-1044 1512 -18472 13252 -7740 -6074
3204 8704 -19464 5421 -2015 -3753
368 3136 -18088 1204 -847 -3753
-232 3308 -19332 2894 3233 -3198
1348 3072 -20276 4171 5582 -3389
204 5296 -20456 428 6192 -4598
904 4736 -19676 -2672 9744 -3427
2852 3296 -18500 -1775 12209 -2731
2404 5452 -23420 2747 18903 -1337
-3304 664 -15396 684 1861 -888
10704 9064 -19680 3068 1235 -1229
8840 4088 -16404 146 4651 -1968
8160 5144 -17140 -3755 3049 1735
7916 5556 -17420 -789 865 -34
8348 4756 -16900 978 53 -2
8424 5616 -17856 776 425 769
8312 5392 -17596 -573 -221 613
7540 4688 -17460 -528 -744 688
7108 5064 -17776 255 -715 1079
7240 5692 -17876 -115 -748 1408
6620 5368 -17884 -583 -1028 1280
6876 5476 -17768 -361 -784 1015
6820 5468 -17820 33 -869 543
6764 5452 -18040 -159 -659 709
6656 5440 -18140 -309 -1036 320
6516 5428 -18444 -489 -879 80
6392 5564 -17992 -351 -781 -4
6548 5412 -17936 6 -604 -94
6292 5472 -18344 -132 -474 -84
6152 5752 -18252 -37 -392 -11
6156 5772 -18120 -28 -128 -85
6284 5568 -18420 88 -91 -30
6312 5576 -18008 -152 130 184
6356 5860 -18000 189 160 -96
6376 5736 -18208 -34 23 0
6244 5824 -18132 -118 135 140
6544 5952 -18116 -227 49 87
6312 5932 -17900 135 101 206
6492 5924 -17792 -72 214 426
6440 5936 -17724 -206 -107 173
6408 5952 -17880 6 -54 332
6488 5852 -17828 217 50 319
6312 6032 -18076 226 19 293
6528 5892 -17948 427 57 188
6352 6028 -17864 288 -140 55
6316 6024 -18104 601 45 120
6284 5936 -18004 -81 -161 176
6276 5984 -17968 465 28 368
6056 6056 -18144 42 -152 343
6296 6544 -18184 -127 -55 497
6412 5900 -17768 -193 -92 284
6264 6064 -17792 130 118 386
6236 6028 -17928 -3 -109 345
6396 6192 -17940 -263 -237 78
