732 308 139 172 0 5907786
1420 16220 -936 302 57 118
1532 16140 -928 427 159 -73
1140 16044 -868 385 152 -90
1300 16168 -988 340 79 299
1592 16056 -728 292 136 192
1312 16220 -888 276 237 237
1308 16092 -852 -207 291 1364
2312 16072 -552 -146 860 2490
268 15872 -1296 -140 957 3293
3348 16048 -576 1081 1002 1543
2240 15976 -512 1664 842 1233
2936 15652 -904 2013 793 370
4144 15608 -204 4713 372 -3030
888 16360 -2652 5104 891 -5129
792 16656 -2724 3237 580 -1455
752 16332 -2688 2241 116 -235
744 16372 -2832 1499 442 2150
1636 16348 -2876 538 535 3233
2456 16420 -2832 1331 226 702
1544 16204 -2824 1524 -193 403
1332 16024 -3316 1600 -48 342
1944 16144 -3532 2062 -182 182
4100 15852 -3380 2658 -656 -1391
-1020 17988 -5656 -528 -1767 3301
4396 24560 812 137 -7423 7820
14156 17588 14036 -2012 -3337 8768
9812 11232 13548 -12041 -2256 14445
7484 9540 5064 -17492 7613 12708
3668 10232 1496 -16864 3363 8031
7720 13720 -2164 -11926 6909 2073
6104 16508 -1628 -7700 2409 -4132
5420 17336 -268 -2900 -37 -6034
5536 17744 1112 -3561 8779 -6112
3600 15644 -260 -907 5608 -4826
2852 14348 -1660 -928 447 -4250
352 15768 -1868 2800 -2607 -1751
-1432 16812 -4732 5753 -371 -2160
840 21812 9404 3664 -6488 1066
7328 8828 3416 8255 168 322
3132 13660 4340 7869 -5490 -4358
3404 17552 1956 7967 913 1515
4592 15700 632 6830 -1000 -2169
2936 15740 684 5613 -1554 -2166
3008 16020 152 4166 -2472 -622
2176 16028 -508 2365 -1336 2650
4580 15252 556 4134 214 2437
4244 15388 -1080 6479 48 -535
3384 17240 -2556 6430 1118 -278
3364 16768 -2836 3016 470 846
4436 16348 -1356 2281 444 1258
5220 16668 -1816 3230 -2833 -4318
1772 17928 -848 3125 -4666 -873
8704 26676 -796 8376 -10097 -6375
13680 15956 13716 -1404 1372 5976
8588 10536 10448 -12960 6830 14869
6988 8504 5108 -14863 9149 13518
6616 11388 1180 -14691 7091 7873
6568 16236 140 -13433 6730 2816
7248 18776 -316 -9720 -86 -794
5616 18012 -44 -9366 883 -3086
4924 15820 -2884 -3021 3370 -4572
2684 16044 1796 -1447 3492 -6046
3664 20116 -860 -1061 2090 -6643
960 18004 1108 2376 -230 -5643
556 12420 -724 4595 4046 -3381
-2184 13936 -3476 5677 -4865 -2325
2344 15796 7184 6518 -9635 -1172
6420 15324 7976 6842 -3671 -1563
4804 13792 2512 7647 -1193 555
2688 14636 296 6136 -1833 602
4852 15588 2028 6452 -2095 858
4584 14884 104 4480 -4718 -586
3872 15584 -56 6076 -2205 1873
5244 15956 -680 5717 -597 2727
4804 15616 -872 4444 -432 1002
4772 15756 -1800 4431 -586 1170
5096 15536 -1928 5044 456 1465
4960 16248 -3580 4920 -483 -928
5584 16264 -3024 4534 -3435 -5136
3252 18724 -3960 4660 -2699 -3572
6716 24852 -1568 4193 -10299 3013
16600 11596 8460 1467 839 6239
19380 9884 13484 -13407 2409 13172
11104 12608 4612 -18142 9630 16430
4524 12680 -1804 -15356 5212 8920
7544 13856 -992 -10937 -217 1768
6712 16208 -1084 -7071 11248 -4381
4772 15592 -2232 -5159 9041 -6967
4348 20076 1632 -5749 6630 -8678
1980 19564 -1864 -3317 3019 -7768
2504 14832 -3420 -1114 -1031 -2387
-560 13548 -4084 3624 -528 -195
-3348 19988 4716 5950 -1832 -3406
5080 12384 7268 8864 970 314
3388 16624 2800 4753 -108 4110
6500 14976 4496 5466 -1510 -1598
5360 14748 3084 6436 -83 -1252
3748 14688 1856 5674 829 -1511
3560 14840 1924 6976 465 -1855
3884 15624 228 7363 5432 -7
1516 16240 -372 5541 5584 3834
4592 15628 -308 6434 535 273
3660 16384 -1504 3982 -2247 657
3592 15384 -1844 4246 -3321 794
3952 15484 -2624 5318 -3571 815
4200 14388 -4460 5601 -2326 813
4624 17012 -3972 798 -7764 -2627
3536 20252 -1052 1713 -6318 1795
15108 19952 2688 7562 -5357 3092
16540 11416 12980 -5075 9324 10873
9556 9448 9764 -14372 5695 12693
7508 10476 6188 -15527 8386 9089
7384 12660 876 -12585 6496 3615
9432 16948 -380 -10661 6277 691
4820 18812 -1660 -6496 5884 -2869
4724 16404 -1020 -5085 4411 -5173
2408 16636 -1344 -2900 2556 -6640
2756 19732 -1748 -1026 292 -5004
2316 17156 -472 81 -2117 -3848
1440 12636 -208 1487 -850 -2858
3132 10892 -1160 7112 3009 -4541
2352 18292 -2160 7998 -1843 -1816
9420 24096 6528 5911 -4053 -412
6320 9868 3548 7161 -3888 -1223
6568 14580 2696 9155 1887 -2592
1580 17376 228 7641 2623 -1192
2208 16376 252 5694 -686 401
3712 15916 -464 4821 -2980 -137
2932 16024 -868 3562 -5072 1978
5716 15836 -1960 3727 -2303 1169
3604 16172 -1680 5090 16 1429
3892 16032 -2884 4479 -563 -538
3180 16072 -2988 4509 -1589 -131
4240 15792 -3796 5014 -1608 -1015
3664 17508 -6400 4265 -4588 -1952
3336 19756 -1880 2527 -2746 3538
11888 23840 -4748 6086 -5916 -1894
16372 13268 10836 -1226 1220 3915
12468 9896 9032 -12677 230 10257
8752 7944 5356 -14529 4488 12550
7060 9100 2536 -13372 928 9034
8912 14236 2492 -12827 7282 4938
8576 16632 -264 -8760 5603 2796
6264 16900 160 -8658 4001 -1238
3712 15892 1188 -7845 364 -2599
4412 18180 1236 -6454 -3918 -4942
3960 21300 -1968 -5650 5400 -5643
-580 14080 -5156 -1381 3057 -1443
-692 13052 -4020 3485 1545 -1519
13892 26524 2572 6061 7819 -2280
2068 11620 5824 4587 -9167 -944
7488 9964 2016 7183 1753 -1427
1464 14748 2980 7026 2302 -884
6920 15672 4436 8112 1731 -2192
4984 15044 1488 8167 703 -1574
3704 15492 1228 6047 -2524 1199
5064 15540 -388 5810 -3227 921
4944 15500 -264 5776 -2048 -2177
4460 15720 -880 5110 274 -649
3400 16108 -2348 4516 1355 1867
6116 16576 -1964 5589 -213 1072
3948 15824 -2860 7541 -1811 -2466
4972 17052 -3556 5602 -5182 -5786
4600 17872 -3168 8641 -4078 -8311
3960 26964 -5000 5602 -9308 -8816
4468 17700 2800 2754 -2622 1079
14228 9516 10308 -5990 6605 6926
11612 11984 8572 -12220 13577 13151
5756 14912 2128 -13550 16585 12875
4212 14088 -76 -13048 9400 6611
4748 14884 -2784 -11332 9908 -384
4172 15756 -2608 -10247 -3496 -3518
2524 15476 1552 -8203 -4909 -2747
4488 19380 -1200 -3312 -376 -5065
2540 16244 -3000 -4429 -49 -4838
2976 18432 -5288 -1132 -4010 1012
-6772 32767 8228 8085 -3204 672
8804 19748 3048 10085 3534 979
1408 16480 2392 7198 -463 -782
8056 15700 620 7932 -2104 -2507
2616 15836 684 5900 -3176 -1715
4740 16328 -428 5457 -2171 -1150
3352 16252 -1504 3992 -464 797
4752 15996 -1664 2941 -982 257
5028 15940 -1296 4572 987 -175
4900 16136 -2072 4428 193 -1345
3516 15996 -3216 3938 -1331 -1327
3448 15748 -3336 3925 -1800 553
5448 16692 -4008 3713 -2014 -520
4604 16324 -3544 3979 -3628 -3403
3240 17540 -3268 5016 -5291 -5317
3044 21340 -4192 5885 -8243 -4613
13512 22840 -872 4975 -2932 745
11120 12476 9976 -6095 906 10174
10908 10200 9136 -13531 5573 15374
6284 10116 4768 -16597 8854 13099
6860 13212 1880 -14703 5537 8835
7216 16856 -312 -11948 9758 3434
6352 21200 -2540 -8104 6710 -155
3140 18336 -1524 -4264 117 -3697
1664 14252 -284 -5967 -5374 -8388
3308 16156 544 -4884 -3719 -10343
3292 15780 -940 -1584 6977 -5524
3280 14816 -6936 2545 11898 2858
-11216 32767 10352 3827 571 723
6384 5840 5200 6494 -4452 -146
3564 16408 5192 7346 -1905 542
4824 14692 1456 6954 -3496 -3111
2656 14368 2820 6493 175 -1767
3436 15140 396 5475 -447 -1887
3140 15960 504 5861 98 -1703
3248 15656 760 6148 74 -1161
2984 16096 -508 5019 -559 -736
2748 16252 -1316 3779 -486 1775
3924 16056 -1348 2905 -2460 668
2820 16528 -2088 4069 239 1831
4212 16288 -3060 3319 -1730 147
3904 17236 -1268 4931 -2444 -1681
3652 20432 -3132 5969 -9280 -3843
15844 18836 6544 3181 -5807 -97
13896 10464 11004 -8096 2962 11151
8592 11100 5448 -13295 9499 13512
6212 11472 4648 -12102 8758 9169
7952 13756 1896 -10550 7162 4599
6448 16968 936 -9989 7415 -420
5836 18552 320 -7709 7539 -2774
4820 16864 -3132 -7845 2966 -2749
1628 14568 -436 -5169 3279 -2728
3196 16252 500 -2968 6901 -3871
708 17652 -1676 -350 3948 -2731
1340 12792 -1504 2672 -3388 -1036
-764 16176 -3596 6315 -4323 -142
2804 8032 7088 5749 -6934 -737
7840 9104 3332 4736 -3972 -191
3688 15624 5068 5626 -668 1999
8512 14084 2868 4814 -328 1177
3932 14420 3412 5713 -675 -478
4828 15192 1928 7682 254 -791
3832 14852 1624 7017 -286 -1114
4564 15768 -68 6179 357 -386
4204 16160 -156 5477 548 -1060
3488 15920 -428 4345 264 -102
4520 15212 -608 4281 -1043 -973
3852 15776 -660 6357 408 -311
3528 15836 -5544 4208 182 1441
5548 17008 -456 7173 -5329 -4007
5768 24800 -2512 8289 -6568 -4389
11928 16996 10992 -2171 -3210 5023
8488 12524 8700 -9762 2314 10256
7788 9496 5572 -10592 5680 7837
7204 12812 5628 -11270 3777 3586
8524 15488 1720 -10847 4477 2369
6848 16848 748 -11494 4845 1035
4984 15884 -1060 -7816 3675 1342
3884 15324 -1560 -8358 1128 -2331
1604 16020 -1056 -4508 2224 -6052
1472 16244 -264 -1533 -2454 -6549
776 15668 -636 -1038 945 -6092
-452 14244 -1428 2248 -1463 -4171
-656 16152 -5464 8213 -2071 -2627
240 32767 16088 2497 -9544 786
4132 7384 3204 7878 479 -59
4068 15052 4060 6849 -2511 136
4856 14424 2480 7828 4595 -178
3088 15276 700 7084 367 -158
1920 15524 24 6327 -861 1149
2608 16580 -412 5276 -5828 422
4892 16548 -1036 5015 -888 2681
3444 15900 -1536 3771 689 1941
3832 15572 -1892 2791 -609 1445
3464 15524 -2308 3896 858 1409
5528 15608 -2732 5337 -976 2147
6092 17036 -2980 6208 -3362 717
4704 16380 -3568 7604 -6480 -5591
2780 20668 -4000 4240 -12748 -3898
5800 25172 276 3464 -7587 4713
6248 16736 8076 -8326 -1152 8354
724 13996 8364 -19260 -15450 5749
1076 9720 4640 -20853 -21410 3070
2420 10640 1088 -19607 -19205 1610
968 13684 -536 -15707 -12802 -3381
2268 16292 -2552 -13589 -11661 -10762
2316 19156 -2872 -12369 -11423 -16326
880 19048 992 -9520 -8220 -18559
660 15732 -256 -6893 -12604 -9367
-3796 12836 448 -563 -11929 -2325
-2384 13832 -2292 8895 -3168 2160
3820 6376 11872 17630 376 985
2592 16180 -80 13875 3787 5271
6164 16312 244 8842 -4217 -1103
4816 15380 376 7386 -2333 -1996
2548 15876 -504 8048 873 -472
2576 16412 -1316 8538 37 297
3544 16116 -2528 7490 -2832 1444
3644 16712 -3784 5868 -2849 1972
2996 16108 -4420 5403 -2115 1877
3712 15832 -4344 4561 -1202 3119
4484 16008 -5540 5055 -762 3375
4624 16228 -5800 5588 -1773 2603
4088 15852 -5432 7112 -2363 3547
5096 14660 -7124 6661 -4469 3085
5556 16836 -8184 7403 -7018 1928
8520 29140 -7368 7820 -5460 9813
15068 20824 2240 3711 10364 10793
11296 13140 8856 -13042 18403 14763
5996 10028 8128 -25971 5360 11325
6356 9228 2508 -27012 -1842 779
11332 12736 760 -23303 3173 -4728
11524 15436 -3232 -16967 3322 -7624
7028 17900 -4736 -12745 4075 -14322
4932 18360 -5100 -6617 -1602 -15791
2420 16952 -5620 -3941 -1917 -14403
2244 18696 -6512 456 -6011 -7801
19376 32556 -4620 5517 -4251 2089
11460 5256 3860 12216 2283 913
5136 16528 888 8088 1968 -337
5668 16732 1888 6316 -3974 -93
5056 15576 440 4891 -1075 -1985
4968 14076 1184 6379 -55 -2249
4488 15000 12 7479 236 -819
4236 15812 -848 5028 -3713 -860
3744 15940 -2272 4494 -3227 353
4824 16076 -2088 4167 -687 1816
4500 15956 -2420 3416 -602 -231
3840 16280 -3052 3500 -412 227
4520 15604 -3048 3298 -881 134
3720 16072 -4476 4985 -1526 -485
4728 16688 -4280 5553 -3318 -3696
4224 17084 -4840 6554 -7267 -7934
1596 22548 -6576 4657 -5253 -5702
11168 26912 -2268 6483 -3973 2083
17068 10280 7168 -3869 13190 9620
10260 10224 6492 -12393 12139 17107
6804 10024 3716 -15301 10873 14594
7096 13560 780 -14632 8633 10054
4676 17252 100 -12583 6196 3052
7520 16396 -2596 -8239 3882 190
5512 15684 -2040 -6794 3535 -1329
3672 17296 -1272 -6736 -919 -3279
3092 17416 -40 -6523 -6458 -5950
2140 14936 -2344 -1838 497 -6862
1436 15876 -3612 2789 4456 -8722
7628 20236 -7120 2025 3312 -5553
3024 4624 2184 5606 -7381 -2426
6700 15832 2888 7204 -602 -1485
4792 14424 956 6959 -344 -1155
6404 15612 2324 5688 -165 -1209
3564 14944 28 6121 512 -1212
4236 15844 544 6286 -246 476
3888 15980 -796 6561 2289 2757
5136 16140 -1944 4651 209 2697
4672 15692 -2016 3221 -1178 1282
5328 15504 -1336 5587 618 1137
6276 14736 -1092 7227 -1675 170
4724 15296 -4504 7818 -2661 -1606
5300 15688 -5560 5377 -5385 -4460
6172 17044 -4696 3488 -6620 -7201
3384 17428 -4860 6007 -2031 -3103
8000 25480 -4360 10908 1840 781
11736 19812 2404 3818 6832 11067
12096 11992 5320 -3899 22099 15087
5560 8240 6476 -15080 5183 11766
5528 9580 4996 -18222 2045 6511
8496 11452 724 -18060 6185 2187
9748 17140 1016 -16168 3352 -2572
8756 16060 -836 -13713 -4868 -2519
5068 17148 -44 -10292 799 -7542
4472 17968 -3192 -4249 4357 -10527
1724 17424 -3076 -1340 2880 -9498
-296 15364 -1072 768 -233 -6501
15340 27108 -20308 6703 -1977 -2192
4140 2528 7828 8480 -10667 830
8260 15988 892 9156 1542 -549
2908 16680 1516 6243 -4935 -1255
5168 15692 1124 6098 -1811 188
5408 15668 284 4033 -5741 -783
4720 14964 204 2470 -2926 2850
6224 15144 -524 4535 -398 375
4780 16324 -1036 5474 -148 -279
6008 15760 -1752 5334 -49 -1189
4828 15984 -3108 4525 180 1214
5520 16304 -3172 6912 -516 -2092
4272 17216 -3764 6578 -2108 -3597
5644 16172 -2124 6702 -1959 -5252
3112 15516 -5836 7404 -3727 -5992
2748 19168 -6732 7570 -3367 -8007
2044 23984 -7224 4297 -4349 -5401
4520 24624 -7068 -336 -1094 2280
16284 12064 13484 -6259 9081 8575
10516 9724 8812 -15495 13166 15715
6148 9896 5764 -18422 8197 12346
7404 12340 1404 -17870 4453 7856
6592 16848 1304 -14254 4291 1482
6760 16528 -1416 -9551 1377 -1934
4344 16476 -1320 -6230 2024 -3144
2948 19148 -1640 -6619 5465 -5492
896 16700 -1400 -3555 60 -6560
2144 15500 -2160 -994 -2314 -4840
-4 18480 -7064 5803 661 -4010
-4160 23972 2280 5066 134 -4108
4864 10996 4288 7048 2022 2843
4968 12920 2712 7561 2512 2169
3536 16224 2468 7955 3541 -1204
4652 15376 1832 7736 570 1264
3748 15752 852 7690 2321 970
1724 16020 -812 6267 -1825 2009
5664 15344 -1284 3162 -4085 2541
4776 16444 -1376 3238 -3620 -19
3416 15456 -692 3699 -832 295
4556 16068 -2384 3487 -743 -163
5268 16684 -2136 5240 -1064 7
2244 15968 -2432 5402 -3207 -1436
5220 16888 -3200 3245 -6315 -2664
3204 17504 -4388 3371 -4170 -4160
3572 20892 -2640 2525 -1433 1385
7636 19352 -3160 4665 -3401 882
14512 14952 4516 -716 5295 1467
11504 11456 6796 -6518 4936 7813
8468 11052 4740 -11126 5318 8545
7904 12328 3524 -12182 4831 7987
5664 12948 2036 -12287 6517 4872
4884 16280 1440 -11170 3204 -614
4584 13028 -1604 -8830 271 -234
4400 14692 -392 -6584 5054 -3226
4600 22324 804 -7812 7933 -8141
2064 22036 -1664 -6805 -304 -3970
1904 13232 -272 -1212 -8730 45
1068 11604 -132 342 -62 -2580
1180 17188 -7228 5913 -4707 -3871
-1684 30428 17776 693 -6009 -2956
5512 11776 5204 8022 4817 1829
5600 11396 2692 8062 2464 -1853
3812 16588 4228 7182 129 -2466
2452 15396 2216 8896 5098 -1488
1800 14148 1812 7451 -366 -1162
2616 16328 -140 5687 -1315 2726
4692 15608 28 5252 -2943 521
4472 16208 -868 4646 -1068 838
4248 15760 -1816 3662 -579 1985
4784 15836 -856 5094 -1898 966
4656 15240 -2420 6003 -2333 -37
3348 16596 -4212 6686 -3255 -1357
4416 17320 -3828 4878 -4301 -3047
5588 16772 -3652 4501 -5358 -6247
1812 17088 -4980 5024 -2353 -8654
3732 22720 -6596 3621 -1040 -3763
11996 20736 -5348 5374 1338 1637
12504 11172 7472 -674 -12566 6004
15196 12516 8336 -6703 1396 17735
8136 14004 8436 -12170 12052 20106
5032 14600 3364 -14178 11792 14938
4800 17436 528 -12858 12788 4812
4460 18824 -1508 -10973 11695 -3514
4756 17520 -2772 -8987 8141 -4998
3644 15816 -2904 -7599 8821 -5109
3340 17768 -3332 -4384 5041 -5556
204 15560 -4320 -471 -5226 -2966
1972 13832 -2084 2664 -6718 -4437
1620 26152 -15036 6767 -5268 -4633
1456 8072 10304 7581 -12688 -2728
8044 15764 -2524 8120 4006 876
5812 17644 2656 7313 -1517 -1328
5796 14840 1396 6541 871 -1705
3912 15480 456 5257 -1800 -1497
4480 15012 -952 5497 -887 -1081
4096 15740 -1288 4344 -782 -693
4116 15924 -1372 4196 -304 5
4068 15660 -1984 3522 -416 -1425
2920 16276 -2336 3934 -628 -836
3532 15456 -2316 5603 -827 -1903
4044 16860 -3680 3443 -5692 -4346
2300 16748 -2672 2793 -4232 -977
3624 21284 -1332 3582 -2705 -783
10204 21456 904 4388 -1147 -5472
14860 14352 3800 -266 8518 3972
10968 11384 5056 -5858 9350 10589
8756 10616 3708 -7790 8417 9640
7408 13012 2096 -9864 9065 7546
6568 17404 1484 -10822 9518 4432
5708 17544 -788 -10365 8054 2651
3576 17716 -2816 -9554 10814 1631
1860 15868 -3488 -6774 12010 1409
1560 15776 -988 -2844 9467 -1711
2296 13652 -1844 -1684 1588 -3615
1092 12564 -1320 1856 -6865 -5189
1244 17988 -3724 4105 -3698 -6373
-7732 32767 7920 3840 -10973 -1375
4088 15416 2576 9082 7519 2830
1804 14472 2740 8702 633 -3879
3104 15972 2348 8569 1139 -3294
1004 15956 -1144 6755 881 -2394
2024 16388 148 6753 1770 -2528
1224 16412 -868 5842 2270 -3141
1628 16032 -1312 4047 153 -2933
1200 16604 -1720 4164 621 -4468
484 16452 -1952 3482 -389 -4398
528 17608 -2292 3693 -1601 -4171
1116 16980 -872 5165 -1644 -5254
272 21832 676 7234 279 -8123
18136 17948 7256 -2399 194 4996
12116 17132 6384 -8029 20752 18186
6768 11924 1992 -12767 15362 18918
8844 14712 820 -11722 14987 15241
10720 15424 -2376 -7481 18103 12572
9836 18332 -2504 -5291 22959 9304
7880 17844 -4684 -6279 21542 8552
5404 17476 -4408 -2788 20165 5101
4660 17344 -3980 -1585 18211 3703
3564 16876 -940 -229 15364 5268
2356 16472 -3916 -606 10171 6904
-896 12496 -1588 4585 4824 4590
-1508 10324 1148 10415 1468 111
-10200 32767 -17752 11428 9494 2927
-2572 15544 -372 2512 -16712 60
6984 14704 3376 9560 706 -5314
1108 16556 -252 7734 -1815 -4016
2756 15992 2036 5180 1140 -66
1908 15488 1292 7534 1759 -3647
140 16536 -1560 5638 3784 -1416
1696 15900 -1016 5609 1619 -2085
332 16344 -1776 5786 1069 -3232
308 16708 -2372 3862 -24 -3800
-712 16348 -2448 5959 1032 -1559
176 17204 -3664 8278 714 -4249
-1180 17476 -4560 6558 -2241 -2648
-100 23616 -3496 6419 -1195 3355
5596 21332 176 2450 -4862 3255
10856 12028 8072 -6151 5399 7741
8608 10872 5892 -13659 1699 16981
6424 11088 2944 -15795 6678 16106
9368 13808 1696 -14153 4283 15177
8360 15000 -48 -12094 11977 11832
6512 16380 -1908 -9791 9897 4515
6284 19540 876 -5542 5188 -592
4784 16096 -2988 -2471 7736 -2435
2820 16652 -956 -1216 1311 -1598
1936 19444 -1208 870 3781 -1899
-468 13312 -8484 3337 -6172 12
-2520 13584 -8812 7543 -2834 -3255
-24160 32767 11004 11285 -7226 -3887
1972 19152 -2160 7074 -5138 -2676
6068 15316 2852 6856 -6343 -1543
3620 15552 780 8123 -1725 -866
4912 15832 -1104 5150 -2506 -1460
5120 15956 -1520 4496 -1233 -815
3720 16200 -1612 3511 -886 -531
5080 16012 -1740 3331 -134 330
4032 15108 -1680 4160 222 -534
5084 15848 -2848 3853 439 -1098
3472 16096 -3576 4739 17 -1811
3212 15100 -3268 5395 -153 -2605
1580 16512 -6948 2912 -2568 -2346
3400 17324 -5040 3164 -3535 -4411
1264 18256 -3264 2415 -2562 138
7940 25140 -3952 4856 -3462 -1886
13588 18180 8396 431 -3209 689
13288 12344 9152 -9340 3096 11975
7732 11060 5720 -15357 7443 14974
7052 12208 4688 -15803 5041 13647
6472 14248 1284 -15160 7091 8164
6324 16408 1556 -11823 5873 2220
5828 16772 -408 -7474 7162 -3261
4908 17100 -3028 -5602 7727 -7603
3592 19060 1016 -4302 4849 -7814
2200 17904 -200 -1439 8871 -6299
1324 11040 -2880 695 598 -2946
-3200 16844 -6040 5432 -920 -3507
-9512 15736 -14472 12140 9403 -10373
4560 19560 8672 8393 -7420 1415
6592 19300 1256 9444 5075 4828
-160 15548 2372 8157 893 -15
4212 16160 2064 9825 -973 297
1800 16116 -616 7275 -666 -1446
1696 15772 -1348 6954 -491 763
5172 16388 -804 6303 -2667 -3324
704 15992 -2120 3740 -1500 -390
3580 15940 -1264 3004 -242 592
1336 16904 -3592 2073 609 -860
2368 16856 -1932 2204 622 1908
5884 15836 -1264 4497 250 3393
3524 15968 -1508 6787 -1593 -2123
2604 20260 -2140 7873 -3095 -2337
7200 22984 -416 2927 -7296 -3236
11448 14160 8940 -3515 6045 7270
8068 10584 6856 -10834 4616 11780
6072 12868 6028 -13263 4685 11140
5332 12724 4176 -15200 2790 8043
5840 14488 1564 -15148 4822 3871
5408 18716 3960 -10898 -82 397
5256 16148 -1204 -7081 3914 -1604
3552 19008 -1732 -8883 6524 -4934
2228 20668 -860 -5943 2710 -7574
1620 15840 -2456 -2241 -1570 -5963
1200 12920 -956 325 -5005 -2636
-508 11608 -388 4160 -2716 -1701
2100 18760 -7776 9673 -2736 -1279
3236 13456 6924 8048 -2513 1104
6652 13932 4072 7401 -3513 -406
3596 15056 3088 7553 -1923 -2486
1020 15820 1872 6991 -2218 2118
5768 15384 2108 7538 -858 -127
3916 15616 -472 4859 -2595 1002
4308 15740 -188 4412 -1373 1700
5024 15512 -404 4668 -36 1035
5032 15488 -740 4746 828 1548
4048 15588 -1368 4034 -254 1645
4284 16396 -2276 3474 -877 2108
5308 15140 -984 5089 -1195 2230
5720 15384 -3292 4858 -3688 -1373
4724 16152 -2368 6484 -3115 -1503
5860 19480 -2408 5188 -2677 -1052
12108 22216 1988 4359 -1856 -4623
15248 12316 9508 -7410 2730 4217
10128 9676 8768 -13241 3323 10366
7844 11652 5908 -14625 5576 7157
5872 12368 3928 -13334 6830 2788
6816 14760 1136 -11750 5724 -352
6432 17360 -1112 -11766 6182 -3163
4952 19016 -1848 -12336 3435 -2045
2488 24208 2052 -4757 4847 -3501
2616 15032 -680 -783 8973 -2923
-188 10676 -3796 -1090 926 -2853
-68 9636 -1808 3954 -353 -4230
1420 13836 -6120 8416 229 -3627
-1832 32767 32767 -113 -16945 -4107
4508 8420 1360 9152 128 3721
3260 15780 2464 8458 -1128 -944
3472 14728 1916 7461 -1780 313
2628 15204 1180 7313 141 -32
3160 15740 944 5568 -1961 631
3200 16456 -688 4225 -967 2830
4224 15532 40 4164 709 2290
3964 16016 -1232 3713 234 2104
3808 16012 -1352 3926 -104 405
3368 15312 -1388 5209 561 350
-60 15272 -1564 8178 -2677 -2841
5440 16232 -3116 8225 -5639 -7933
540 17296 -4648 10685 -2950 -7871
704 26264 -3788 8797 -2038 -2028
5964 21688 3520 2333 482 -857
8940 12144 8908 -6791 -130 6662
7964 10776 6160 -13416 2163 10818
5384 10644 2960 -15382 2628 9730
5288 13828 2716 -16665 2579 9101
7824 17328 -696 -14899 7085 6340
6452 17696 220 -13741 2971 1192
4948 16952 -2928 -8368 -4691 1896
3304 18256 2496 -6991 -5568 -3570
696 18000 -2616 -3494 2720 -7365
404 12256 -3564 513 2488 -6809
-4520 16340 -14540 8087 6933 -7364
-464 32767 2256 8863 -1430 -4558
636 18268 -1344 8102 -271 2084
4072 15656 3860 8078 -4206 1559
4600 15032 536 8479 -466 43
2536 17000 -860 7444 2243 550
3364 16644 -492 5147 55 633
3224 15500 -372 6191 1015 1242
3476 15516 -1636 4399 -1905 1792
4164 16300 -2716 3436 -2656 2310
4000 16176 -2820 3804 -3860 829
4028 15680 -2732 5099 -1801 510
3776 15872 -4284 4361 -2533 653
5256 16424 -5360 4043 -4062 425
5100 16864 -4240 3791 -7334 -5816
2496 18468 -4476 2699 -3694 -2857
7680 26132 -1784 5638 859 1479
10824 12616 8932 -1421 5576 3042
9260 10344 9408 -10278 6424 10799
6652 9432 5308 -14559 4502 9871
7636 12868 4044 -16097 5152 7259
7036 15384 2104 -13667 2387 2678
8332 19360 1408 -12302 6892 -992
5128 17208 -344 -10895 5602 -2687
2696 15992 -1012 -8377 -3397 -2977
3568 17608 -2104 -5195 -1477 -6877
312 17692 -6644 984 -4324 -5693
-3220 14408 -12880 7811 -5282 -3663
-3536 10452 4880 12108 -15602 2623
3872 21360 -1856 8678 4827 2412
4608 16060 1324 5398 -1317 -2791
5496 15636 1436 5580 2279 -4260
3104 15136 472 6078 66 -2290
3648 16672 -376 5026 -1952 -2007
3104 15604 -928 4474 -2600 -1855
3720 16788 -1820 4666 243 -513
3876 15636 -2452 3002 -226 1447
5008 16520 -1808 3093 -679 -157
3980 15668 -2540 3521 344 347
3116 15472 -2672 4948 -1079 907
4792 16196 -3684 6330 -2639 -3219
2888 17228 -4896 2579 -6883 -3088
2776 16960 -3860 1587 -6341 -542
4848 21524 -3040 3150 -4485 -2663
10648 19588 7068 479 5084 -2492
11356 14168 8124 -6294 10186 7590
6816 11244 7560 -13441 6317 9711
4780 11940 4896 -15810 2817 5909
5692 14124 3304 -15539 2189 3132
6124 17788 2200 -12097 3146 658
3560 18824 -1432 -10312 -916 -3907
560 15984 -5216 -8158 2559 -6678
-2140 18452 -5504 -1124 6234 -6830
-964 17424 -6396 3865 9511 -5530
9688 32767 3328 2619 -5697 2169
8504 6508 6580 11516 4056 3304
1084 17464 1932 8099 1812 -690
2952 14756 2556 8779 2720 551
2820 16560 140 7320 1133 -902
1440 15676 900 5489 -2681 123
1684 16060 -1092 4039 -2110 2000
2976 16192 -1128 2771 167 3464
3392 16168 -1416 1918 -280 1456
3016 15688 -1116 1424 512 2099
3940 16440 -2084 304 817 1651
4076 16468 -1056 1445 -776 3614
5420 17304 -1132 -216 478 8253
2720 15972 -2656 -2435 1937 13700
7556 16448 1212 1062 -8357 7129
8392 17328 952 741 -5025 5226
6056 22280 9944 -6301 -10298 -689
280 17348 9256 -17805 -20436 -4707
-876 11112 5712 -19638 -27922 -9016
1240 11784 4980 -20460 -23599 -10914
3156 12484 1792 -16253 -18449 -13576
4524 15940 -1052 -14027 -13375 -18518
5124 20300 -672 -12132 -12522 -18715
1760 20192 100 -10793 -9217 -12925
1152 11720 596 -5646 -4705 -5866
56 10332 1664 -3079 3167 -3848
2604 9764 88 180 -399 -279
3068 12512 -3892 6091 -2438 3510
-8824 15680 -16496 14100 -6859 5398
12724 11776 20136 20223 -2929 4807
9452 12804 -8148 11412 9262 3511
3952 14704 4444 7276 -2047 613
6312 15360 1288 8195 -897 -2284
2828 15828 116 8371 -2376 -2760
3420 16384 -1512 6186 -6229 -3380
2764 15764 -1904 5184 -8840 -3164
2536 16292 -1304 3844 -3724 -302
3712 16172 -2448 2515 -15 4324
3540 16388 -3020 3481 -600 999
3444 16632 -3120 2806 -384 10
3800 15716 -3032 2884 -135 472
2936 15896 -4276 1988 -2582 147
2384 15448 -4508 3402 -2884 727
3792 17264 -3608 3440 -4001 -2874
7088 13644 -296 4285 -3779 -660
120 20304 -7116 5096 -12564 -3968
23484 21432 5036 1294 -2533 12137
32767 13948 13680 -13836 9217 24800
3240 9396 9800 -19689 5290 21552
3952 11724 6708 -18725 3651 11652
6048 16972 -1336 -12040 9143 3460
7060 18288 -3728 -6725 9464 -3699
5824 22128 -2924 -5008 2411 -13250
9020 20596 -1508 -4710 -14870 -7822
3812 13748 -4444 -8607 4198 -4703
676 12508 -468 -2326 10655 -9262
204 12356 -1904 744 8619 -7896
272 10392 -3268 5161 -1540 -7362
-432 18708 -12836 14786 4608 -4947
2216 1924 6016 11700 2127 5724
3180 18824 2116 6133 1358 6504
4192 15336 2944 6518 -2463 -3830
3260 15120 412 7853 -2609 -1846
4304 16308 240 7639 -2243 -406
3904 15716 -1344 5040 -9755 1648
5952 15936 -1308 4472 -4571 756
4272 15424 -1304 4714 464 -713
4960 15696 -1848 3457 363 1378
4576 16280 -2844 3728 234 -201
5444 16164 -2836 4039 592 1066
5180 16704 -3724 2739 -2528 -769
3156 15308 -3564 3490 -1479 -538
8080 15636 -1836 2903 -3374 -3098
4164 17088 -4424 4736 -3409 -4596
3792 17772 -1940 8220 -1896 4432
5244 19500 -1352 9461 3556 2560
12724 13092 1476 2928 5192 3246
14296 12852 8140 -8179 10874 6318
11264 10988 5696 -15040 10893 9254
10008 11976 2768 -18569 12135 7800
7684 12140 1632 -15969 8180 3607
6552 13596 372 -13433 3445 -4497
7956 19648 388 -11316 3824 -10286
5024 18428 -836 -9035 -2476 -9866
2928 17096 -4420 -4121 -6473 -8698
-952 18272 -5468 53 -633 -5764
-2020 12968 -5024 5295 1867 -2811
-4216 32767 6920 10426 -5171 -632
3408 20884 432 4994 -2722 3036
2080 15340 3320 5304 -3558 -734
4920 14004 1908 7829 507 -324
3540 15520 1256 6377 -2326 -1207
3992 15748 380 5528 -1927 67
3992 16164 156 4855 -1609 257
4984 15716 -552 5271 -346 -547
4328 16412 -1060 5106 284 -644
3912 16348 -1008 4972 816 -457
3148 16280 -2052 4283 -727 -1230
4168 16064 -3172 5253 14 -1370
4360 17116 -3844 5653 -369 -1797
4384 16100 -1540 7244 262 -4110
2888 17492 -3256 6272 -2709 -5646
6220 27648 -2068 8820 -3929 -4980
12936 17484 8848 1098 1659 3032
8112 11820 7840 -11573 6378 12918
6916 10600 3816 -15895 3041 12994
5956 11724 3412 -16191 1872 10734
6256 14300 2372 -15006 3731 6788
6692 16264 2064 -11337 5251 1575
6936 16488 1304 -9123 1971 -1423
6080 19564 -236 -9424 6479 -2850
6064 18972 -496 -5315 8361 -114
704 13876 -2632 -3594 8235 -2323
-792 11840 -3440 1015 -1293 -1196
676 13544 -2744 5137 -3475 -5033
1580 29624 4000 4978 -8830 -5256
7380 -612 8000 7507 -8532 2730
4464 14896 3128 7472 5878 2704
3912 15124 3324 6251 -1647 -1894
2712 14952 2208 6525 -1024 -62
4212 14648 1584 5670 -2093 -758
5112 15280 1112 5972 -1738 -1190
4248 15872 232 5018 -2059 -1050
4160 16080 188 4276 1017 376
4684 15776 -764 3216 -93 787
3228 14352 2280 5045 443 686
4928 14316 -1324 8034 -2048 2496
5108 16112 -3984 6707 -4614 991
6220 16300 -1220 11943 -6190 -5762
3700 20840 -6156 8324 -6636 -8501
4508 26472 -156 3446 -10029 -3570
13460 14764 5924 -6264 1084 5858
11608 10572 9048 -10883 9833 14996
5808 8304 3952 -13381 12228 12111
4336 12396 3548 -12746 945 6232
6308 15256 2512 -12451 5521 3184
6200 16056 188 -10414 2116 428
6024 16712 64 -9973 5295 -2947
4828 18336 -1452 -8254 5292 -5159
4088 17720 -312 -5199 5367 -6690
3468 15012 -3572 -1570 5356 -6697
-448 13952 -2300 -56 -2328 -4294
2044 14680 -2688 7497 -4325 -3325
4168 26996 11380 3791 504 -2528
3556 540 6324 7983 -5220 -2352
3932 17648 2924 9436 2867 871
3248 15952 1980 6050 -4186 -1177
5508 16288 2780 6298 -182 -1495
2636 16424 164 5517 -415 -1239
3080 15048 1448 5407 -2014 -154
4100 15568 88 5086 -439 293
2964 16076 -712 3864 542 1869
3976 16676 -1160 2533 -189 620
3116 15108 -1876 2048 -1237 -327
3864 15464 -1480 2882 -915 -36
3680 15128 -1132 6136 -109 -250
3964 17052 -4028 6476 -3635 -3162
2652 17280 -3336 3062 -7673 -3580
2596 21732 -1700 4784 -12856 -5507
6452 20016 348 6986 -5559 -3224
13256 14732 7200 -2175 4723 3473
11708 12052 8008 -10218 6954 13122
7244 8940 4604 -12954 10937 13068
7396 11552 2640 -13313 7722 10609
5472 14788 1284 -12448 9914 5353
5320 17628 1228 -10417 8470 -2301
4680 17688 -2212 -6234 3221 -5547
3436 17812 -1164 -4966 -1386 -7335
1316 20056 1756 -3550 2595 -6663
-908 16080 -1504 -1389 2350 -4202
-2360 11488 -4956 560 -2592 -5748
2532 11880 -12880 9196 3947 -3549
1012 1196 6036 8411 -4202 1001
3456 14052 3388 8015 -221 4324
2764 14692 3460 8223 -2173 831
2036 15756 520 6802 -2152 620
2020 15844 1276 6511 -1282 1118
3484 15856 396 5672 -250 649
3360 15636 -12 5223 1734 608
3236 16116 -812 3854 1025 1978
3800 16556 -1264 2666 -363 635
3520 15464 -1324 2620 -560 864
2724 14668 -1476 4432 -740 1672
3652 15908 -2764 6088 -1491 337
6004 16700 -2184 8153 -4260 -5872
3012 16680 -3656 7060 -7471 -9161
1580 21156 -3468 6935 -7495 -7999
2528 21424 -1200 7180 -4684 -5414
9888 15472 7440 -3839 -1067 3780
10444 11584 10556 -11849 3644 11849
7904 13156 5988 -17190 7233 14697
6724 14096 3204 -15860 5600 13121
6548 16556 404 -16074 5172 7614
6648 19444 -992 -13553 5537 1835
4268 17156 -2640 -9119 3908 -429
3068 15584 -3536 -5164 -428 740
1700 23380 -2604 -4335 7064 -4082
-5040 11664 -10036 4190 5990 -5181
-1688 9200 -2964 8770 -1883 -5184
1036 22808 16292 5657 -3095 -4995
4728 -6872 4772 11108 1180 4074
3760 14152 3484 6674 2151 309
3144 15808 3476 7190 -1282 -3456
1892 16232 -264 8677 2867 -769
2532 16056 640 5962 -549 -2090
2736 16416 -1256 4909 -772 421
4212 16080 -248 3642 -74 2249
3608 16152 -1696 2925 -905 1285
3312 16216 -1724 2490 -1493 2048
4292 16476 -1092 2399 -2494 1253
4108 16244 -2148 5572 -2072 -291
5688 16140 -1084 7084 1603 -271
4336 16832 -3056 7900 -1122 -1191
3520 20144 -3816 8265 -8261 -4118
8948 24004 488 3134 -9348 -5130
14172 15892 10724 -11743 -1575 5454
6136 10216 8436 -15679 1580 11900
6276 8800 5592 -17246 3673 12632
7768 11172 3224 -14661 4271 9395
8076 13860 3312 -11279 8178 4816
8704 17600 908 -7710 7625 998
7796 21116 868 -7171 10300 -3881
4324 17244 -2892 -4132 5922 -5140
4276 17528 -2588 -3521 1024 -5498
-3016 15244 -1104 -1718 7197 -4347
-1144 10488 -1768 2397 181 -3325
-72 12416 916 3957 -3410 -1892
2672 19004 -4300 7295 -2802 -906
-832 21800 12912 4197 -11106 -2520
3024 13528 6176 7769 -4907 1741
4328 13700 -600 6999 837 2792
4048 16484 3480 6495 -1209 -1527
3752 14596 1972 6787 187 5
4316 14812 972 5842 -617 -638
2868 15620 64 5529 -136 131
3184 15844 56 5048 607 1842
4156 16636 -712 4595 1205 1489
3776 14212 -236 6898 174 665
1348 16132 -1252 8345 243 3028
3184 15380 -2796 8697 -2257 704
4968 17108 -3224 9208 -5725 -3051
3156 19080 -2792 6710 -5584 -2958
6876 26172 1596 4533 -4997 -2791
11824 15340 8812 -5489 3099 5318
7020 11712 9012 -12212 4447 9755
5328 9780 5160 -14804 4425 6734
6308 11972 3488 -15934 253 2480
6172 15736 2228 -14949 2332 -1035
5912 18028 56 -12071 379 -4301
4444 16520 -3016 -10888 -481 -5252
2224 17376 -2828 -7532 501 -4943
1500 18308 -3800 -4433 4054 -4324
-2392 15764 -4824 522 5399 -810
-892 12380 -7688 8016 5439 749
-16888 26100 26308 7237 5805 -6644
2672 -5140 1624 13527 -941 2757
4040 13724 2792 5676 -2397 5317
3848 13536 2832 8313 -1538 -1472
2908 15828 -1068 6849 -2008 498
3008 16300 88 4306 -1712 4328
3704 16052 56 4397 -2282 1035
3300 16500 -1112 4230 -1742 396
3068 16296 -1808 3865 -1191 1644
3648 15624 -1548 4046 -250 648
3816 15488 -2504 4091 -1425 625
2196 15476 -1724 5664 -1543 1547
2444 16020 -3000 4865 -2270 1264
4168 16944 -3160 3812 -4616 442
5260 17840 -3396 6612 -4018 -1908
2928 18872 -4512 4942 -6043 -775
6932 23788 -3244 5560 -4723 2080
11496 14260 10608 -3945 -1195 5755
9236 11984 10064 -15290 281 10831
7552 10648 5640 -18864 843 10723
7964 12808 2340 -18490 5057 6804
5260 14248 -2528 -14361 4679 625
5308 18912 -3996 -10065 978 -8123
5112 18300 -10040 -1936 -6076 -7585
-3112 21220 -16264 6865 -3156 -8181
5236 14212 5428 9317 1740 -3814
7040 14472 376 6966 2174 -4428
2716 15800 108 6291 -2489 -3031
3172 16180 -248 4405 -1883 -761
5320 14772 -108 5538 -3231 -2243
4300 16852 -3172 3312 -1997 -2434
1820 15848 -872 1968 -4114 -4990
2224 15840 -2260 3458 -3573 -3236
1096 16532 -2792 3483 -1516 -3470
1744 16176 -2816 2984 -987 -2826
996 16492 -3492 1889 -289 -1134
1412 16560 -3364 1316 -334 -241
1672 16140 -2836 1194 538 199
264 16588 -3420 569 802 332
1168 16436 -3124 564 1112 171
1348 16364 -2940 678 1403 638
1772 16360 -2788 755 1475 -9
1088 15936 -3392 1695 1815 -86
2212 15964 -2880 2113 1734 -63
692 16532 -4400 1424 1331 59
1300 16240 -3752 647 98 -324
992 16072 -3908 383 -252 416
1328 16584 -4584 578 217 317
808 16264 -4276 -132 -560 403
820 16064 -3828 -138 -793 974
1240 16464 -3932 194 -211 626
1444 16308 -3872 19 -573 733
1272 16252 -3916 48 16 466
1384 16140 -3948 218 -84 403
1364 16352 -3872 163 29 591
1496 16376 -3824 190 235 256
1480 16340 -3728 203 95 341
1524 16288 -4020 186 307 382
1412 16324 -4008 143 300 540
