6 697 -417 -17 0 2827594
6 697 -417 -17 0 2827594
7500 -2016 12580 601 -204 -67
7500 -2016 12580 601 -204 -67
7268 -2064 12440 560 42 4
7268 -2064 12440 560 42 4
7276 -2100 12700 454 99 5
7276 -2100 12700 454 99 5
7100 -2316 12508 438 45 35
7100 -2316 12508 438 45 35
6992 -2280 13144 598 -238 -96
6992 -2280 13144 598 -238 -96
7208 -2424 13300 692 -673 -375
7208 -2424 13300 692 -673 -375
8540 -2520 13276 2017 -1283 -1247
8540 -2520 13276 2017 -1283 -1247
6828 -380 10212 1351 2573 1268
6828 -380 10212 1351 2573 1268
4768 -2432 13096 1350 2714 1994
4768 -2432 13096 1350 2714 1994
7640 580 9852 -201 1651 2330
7640 580 9852 -201 1651 2330
15508 -9676 19324 -2706 6956 2768
15508 -9676 19324 -2706 6956 2768
3696 1292 7536 -1786 7028 3168
3696 1292 7536 -1786 7028 3168
7720 -3572 13472 -2352 9363 4119
7720 -3572 13472 -2352 9363 4119
1772 -3896 13012 -2685 8403 3394
1772 -3896 13012 -2685 8403 3394
1392 -3604 13372 -2880 5866 2881
1392 -3604 13372 -2880 5866 2881
2384 -5936 14080 -2906 8542 4542
2384 -5936 14080 -2906 8542 4542
-2072 -6012 13036 -3027 6247 5170
-2072 -6012 13036 -3027 6247 5170
-2464 -9408 14356 380 816 2103
-2464 -9408 14356 380 816 2103
-676 -7384 12992 1581 -3370 -124
-676 -7384 12992 1581 -3370 -124
2864 -4504 11268 2019 -3153 -25
2864 -4504 11268 2019 -3153 -25
3880 -4328 14112 2019 236 1428
3880 -4328 14112 2019 236 1428
1896 -2412 13848 2688 -3923 -1988
1896 -2412 13848 2688 -3923 -1988
956 -2372 11840 5955 -6220 -4352
956 -2372 11840 5955 -6220 -4352
3604 -6124 16048 222 -9233 -1308
3604 -6124 16048 222 -9233 -1308
3356 -3448 11608 3110 -6714 -3590
3356 -3448 11608 3110 -6714 -3590
5268 -5132 19024 4654 -7681 -4005
5268 -5132 19024 4654 -7681 -4005
11920 4916 1348 3652 -9760 -7493
11920 4916 1348 3652 -9760 -7493
-1484 732 12856 1336 7995 6040
-1484 732 12856 1336 7995 6040
756 -1020 9424 -509 -13220 -880
756 -1020 9424 -509 -13220 -880
26768 -14768 32767 4283 -2310 -1589
26768 -14768 32767 4283 -2310 -1589
6052 3000 2888 -1929 -584 1299
6052 3000 2888 -1929 -584 1299
17848 -15996 25432 -5608 6347 4498
17848 -15996 25432 -5608 6347 4498
1792 -3104 13160 -4560 6197 6744
1792 -3104 13160 -4560 6197 6744
2580 -4192 12096 -3322 4998 5841
2580 -4192 12096 -3322 4998 5841
5220 -4992 13268 -1305 -3550 164
5220 -4992 13268 -1305 -3550 164
136 -4608 5312 360 -4497 -1182
136 -4608 5312 360 -4497 -1182
6548 -9152 15692 3922 -4809 -1974
6548 -9152 15692 3922 -4809 -1974
-216 2600 632 5163 -19886 -10209
-216 2600 632 5163 -19886 -10209
5996 -3576 18128 8594 -14566 -5389
5996 -3576 18128 8594 -14566 -5389
12416 2108 -8412 7007 -19895 -15344
12416 2108 -8412 7007 -19895 -15344
10300 2056 7936 9016 7455 6921
10300 2056 7936 9016 7455 6921
20488 4580 -176 5933 -23905 -14731
20488 4580 -176 5933 -23905 -14731
19052 3412 5852 2194 3434 727
19052 3412 5852 2194 3434 727
16816 3736 5456 614 2760 -2725
16816 3736 5456 614 2760 -2725
6528 1192 8064 -1154 2863 -429
6528 1192 8064 -1154 2863 -429
11856 -1724 12132 663 -3342 -3064
11856 -1724 12132 663 -3342 -3064
6468 -3388 10644 3968 -11447 -4690
6468 -3388 10644 3968 -11447 -4690
11992 1472 5748 8059 -16888 -5345
11992 1472 5748 8059 -16888 -5345
20132 -1088 -1400 10400 -12471 -3363
20132 -1088 -1400 10400 -12471 -3363
24504 1744 -5780 6993 -5798 -1894
24504 1744 -5780 6993 -5798 -1894
16296 9740 -508 -1748 3977 3455
16296 9740 -508 -1748 3977 3455
14628 9524 -24 -14305 3933 4984
14628 9524 -24 -14305 3933 4984
20952 -3228 -88 -8587 7686 5897
20952 -3228 -88 -8587 7686 5897
12464 -3984 6992 -1585 9112 7724
12464 -3984 6992 -1585 9112 7724
10016 -5612 7216 -8301 -7602 3602
10016 -5612 7216 -8301 -7602 3602
19332 -5728 5332 345 -1921 2409
19332 -5728 5332 345 -1921 2409
19952 -4408 -1028 2034 2966 2220
19952 -4408 -1028 2034 2966 2220
22356 -3456 6684 -678 -6172 -1980
22356 -3456 6684 -678 -6172 -1980
23120 2044 5348 91 7521 1909
23120 2044 5348 91 7521 1909
27988 -7840 10692 1292 13208 -732
27988 -7840 10692 1292 13208 -732
15716 -1468 8428 -3524 23073 8900
15716 -1468 8428 -3524 23073 8900
11964 2248 7448 -3548 14951 2895
11964 2248 7448 -3548 14951 2895
12620 3072 -92 -5960 23316 8756
12620 3072 -92 -5960 23316 8756
900 -4680 128 -5528 30578 10347
900 -4680 128 -5528 30578 10347
-908 -20 -2336 -4778 12362 4002
-908 -20 -2336 -4778 12362 4002
-2656 29044 -3636 545 11442 2535
-2656 29044 -3636 545 11442 2535
228 11292 5500 -1525 11139 2222
228 11292 5500 -1525 11139 2222
-5744 -13328 21720 4533 13632 4288
-5744 -13328 21720 4533 13632 4288
-6336 20 10340 -2914 16467 4199
-6336 20 10340 -2914 16467 4199
-5304 -5628 15252 -3395 25287 8466
-5304 -5628 15252 -3395 25287 8466
-30372 -7676 12496 -1231 6110 2875
-30372 -7676 12496 -1231 6110 2875
-5996 -6968 10596 -379 -9833 -5237
-5996 -6968 10596 -379 -9833 -5237
-5076 -8200 9216 -1751 3673 2091
-5076 -8200 9216 -1751 3673 2091
-8364 -12652 12472 3502 2420 -3811
-8364 -12652 12472 3502 2420 -3811
-6040 -20780 6824 18160 6396 -7126
-6040 -20780 6824 18160 6396 -7126
784 -12804 5508 20896 4809 -17730
784 -12804 5508 20896 4809 -17730
-10676 -2632 6368 12156 12443 -9393
-10676 -2632 6368 12156 12443 -9393
-10228 4108 7968 -2603 8887 -9577
-10228 4108 7968 -2603 8887 -9577
-13828 -352 4728 -9610 908 -2769
-13828 -352 4728 -9610 908 -2769
-7052 7480 -704 -16851 -1284 -1542
-7052 7480 -704 -16851 -1284 -1542
12476 -22140 32767 -5620 17889 -83
12476 -22140 32767 -5620 17889 -83
-31836 -5772 19828 -1879 -2729 2513
-31836 -5772 19828 -1879 -2729 2513
-4136 -17456 8796 -437 -8712 2751
-4136 -17456 8796 -437 -8712 2751
-2780 -7980 7280 -28 -7158 205
-2780 -7980 7280 -28 -7158 205
-5096 -5668 9476 949 -5491 3238
-5096 -5668 9476 949 -5491 3238
-13164 -4968 9796 -1616 -5941 6030
-13164 -4968 9796 -1616 -5941 6030
-4724 -7764 10476 -1709 -12046 1359
-4724 -7764 10476 -1709 -12046 1359
728 -8432 13080 -5894 -2899 5844
728 -8432 13080 -5894 -2899 5844
-6680 -7232 12776 -6373 1248 3608
-6680 -7232 12776 -6373 1248 3608
-8628 -10464 2216 -7507 -734 2435
-8628 -10464 2216 -7507 -734 2435
-9840 -7996 9996 -6342 -4727 3029
-9840 -7996 9996 -6342 -4727 3029
-8152 -1360 -2424 -4317 -5540 1273
-8152 -1360 -2424 -4317 -5540 1273
-10656 -5572 1308 -3768 -11239 -563
-10656 -5572 1308 -3768 -11239 -563
-7164 -5424 4088 6139 -15328 -6288
-7164 -5424 4088 6139 -15328 -6288
-3508 -112 10352 9808 -20498 -10610
-3508 -112 10352 9808 -20498 -10610
-3524 -7856 1544 12147 -12458 -6078
-3524 -7856 1544 12147 -12458 -6078
-6280 -8432 10676 8060 -17680 -8407
-6280 -8432 10676 8060 -17680 -8407
9828 -2888 32767 1844 -32768 -374
9828 -2888 32767 1844 -32768 -374
2020 2468 3296 13092 -32768 -25559
2020 2468 3296 13092 -32768 -25559
21772 3320 2912 1541 -7927 -3290
21772 3320 2912 1541 -7927 -3290
7616 -1232 15008 5327 -10956 -8468
7616 -1232 15008 5327 -10956 -8468
16252 -2612 8268 5759 -7117 -3765
16252 -2612 8268 5759 -7117 -3765
7596 -2892 9224 7152 -8022 -2980
7596 -2892 9224 7152 -8022 -2980
19436 1948 7304 3599 -8342 -5520
19436 1948 7304 3599 -8342 -5520
8748 2584 8420 2040 -893 -1981
8748 2584 8420 2040 -893 -1981
8616 -3536 9628 2142 -7315 -3479
8616 -3536 9628 2142 -7315 -3479
12684 2384 9844 3101 -11049 -5167
12684 2384 9844 3101 -11049 -5167
14528 2564 5764 4754 -12638 -4460
14528 2564 5764 4754 -12638 -4460
17368 2876 736 3403 -9809 -2157
17368 2876 736 3403 -9809 -2157
20004 2396 -356 4836 -4782 -1088
20004 2396 -356 4836 -4782 -1088
21092 3416 1488 3832 649 486
21092 3416 1488 3832 649 486
17604 7104 3204 376 7481 1024
17604 7104 3204 376 7481 1024
11648 5336 7020 -1762 8558 504
11648 5336 7020 -1762 8558 504
2544 -1060 7484 1134 -1290 1109
2544 -1060 7484 1134 -1290 1109
8908 6080 3048 -1628 -8281 1638
8908 6080 3048 -1628 -8281 1638
24704 92 4728 2472 -9462 -1987
24704 92 4728 2472 -9462 -1987
23852 220 -5540 -3914 3342 6184
23852 220 -5540 -3914 3342 6184
17660 488 4440 -8410 2373 5646
17660 488 4440 -8410 2373 5646
15488 -10220 7628 -6512 4237 3068
15488 -10220 7628 -6512 4237 3068
12732 -3344 5320 -3672 4367 4030
12732 -3344 5320 -3672 4367 4030
10356 -5576 7452 -3341 4789 4566
10356 -5576 7452 -3341 4789 4566
8148 -7484 4800 2309 -3977 -1488
8148 -7484 4800 2309 -3977 -1488
17084 -1544 2188 852 -2357 611
17084 -1544 2188 852 -2357 611
9456 7852 -4976 1997 -1146 248
9456 7852 -4976 1997 -1146 248
8892 4168 -3904 1224 3746 285
8892 4168 -3904 1224 3746 285
15924 2576 2168 394 11488 3903
15924 2576 2168 394 11488 3903
14136 7996 7580 -3553 8920 774
14136 7996 7580 -3553 8920 774
12608 -1572 3428 -6647 23006 8340
12608 -1572 3428 -6647 23006 8340
-964 604 1680 -1403 27978 5491
-964 604 1680 -1403 27978 5491
32767 -20640 32767 -1116 32767 -1470
32767 -20640 32767 -1116 32767 -1470
3688 6596 4204 -2690 26387 3627
3688 6596 4204 -2690 26387 3627
636 4992 10744 -3038 29027 5625
636 4992 10744 -3038 29027 5625
-7452 7496 17648 -12220 32767 11959
-7452 7496 17648 -12220 32767 11959
-32768 -5840 16332 -6158 8177 4492
-32768 -5840 16332 -6158 8177 4492
-8228 -9980 11944 -4928 -8463 -246
-8228 -9980 11944 -4928 -8463 -246
-4840 -7632 5672 -1882 1811 2922
-4840 -7632 5672 -1882 1811 2922
-7828 -12640 9180 3220 4650 -338
-7828 -12640 9180 3220 4650 -338
-2868 -18384 10132 13161 3525 -8765
-2868 -18384 10132 13161 3525 -8765
-4728 -13012 9896 16457 12244 -7282
-4728 -13012 9896 16457 12244 -7282
-6152 -7632 10488 14960 7205 -10915
-6152 -7632 10488 14960 7205 -10915
-6112 -2424 8988 8462 3277 -13871
-6112 -2424 8988 8462 3277 -13871
-9996 -6632 9444 804 9868 -6149
-9996 -6632 9444 804 9868 -6149
-4956 -376 4884 -3858 -1930 -10951
-4956 -376 4884 -3858 -1930 -10951
-9304 10448 -3360 -12546 -4375 -5313
-9304 10448 -3360 -12546 -4375 -5313
-32768 3424 25580 -5887 22597 22524
-32768 3424 25580 -5887 22597 22524
-32116 -2704 19064 4933 -28870 8651
-32116 -2704 19064 4933 -28870 8651
6160 -19600 11464 -1402 -21570 7393
6160 -19600 11464 -1402 -21570 7393
8696 -13632 10520 -2333 -7865 3200
8696 -13632 10520 -2333 -7865 3200
-6052 -7416 7780 -1316 -2141 3972
-6052 -7416 7780 -1316 -2141 3972
-6616 -2132 16280 -1409 -2776 3873
-6616 -2132 16280 -1409 -2776 3873
-848 -10608 14048 -3537 -6135 4519
-848 -10608 14048 -3537 -6135 4519
460 -2092 14896 -5529 -1087 4270
460 -2092 14896 -5529 -1087 4270
-8 -2452 11236 -5544 2366 2590
-8 -2452 11236 -5544 2366 2590
-2908 -11088 9028 -5710 2836 2497
-2908 -11088 9028 -5710 2836 2497
-7512 -4464 14132 -3714 5051 2867
-7512 -4464 14132 -3714 5051 2867
-11488 -16048 4580 -934 -3044 1997
-11488 -16048 4580 -934 -3044 1997
-9364 -12232 8212 43 -9284 2242
-9364 -12232 8212 43 -9284 2242
3156 -3512 9800 5354 -13508 -3932
3156 -3512 9800 5354 -13508 -3932
-5460 -9808 9964 7536 -13997 -772
-5460 -9808 9964 7536 -13997 -772
6076 -460 14472 5807 -13385 -2716
6076 -460 14472 5807 -13385 -2716
-4140 -4076 7884 10435 -15878 -6885
-4140 -4076 7884 10435 -15878 -6885
26528 2624 32767 -547 -21150 -2284
26528 2624 32767 -547 -21150 -2284
-3780 -1548 -1012 6230 -13955 -16028
-3780 -1548 -1012 6230 -13955 -16028
13864 -4168 19196 2375 -8357 -5819
13864 -4168 19196 2375 -8357 -5819
8612 1860 6972 2659 -15584 -7364
8612 1860 6972 2659 -15584 -7364
14684 -4364 6100 1748 -10325 -5675
14684 -4364 6100 1748 -10325 -5675
12896 248 10700 2108 -8651 -4477
12896 248 10700 2108 -8651 -4477
9056 -1184 9880 2229 -7094 -3899
9056 -1184 9880 2229 -7094 -3899
9336 -1300 11504 5392 -17104 -7874
9336 -1300 11504 5392 -17104 -7874
12660 1628 5576 6586 -18566 -6525
12660 1628 5576 6586 -18566 -6525
21336 1468 32 6471 -16512 -5754
21336 1468 32 6471 -16512 -5754
21988 2032 -3232 9412 -5993 -3356
21988 2032 -3232 9412 -5993 -3356
25816 3868 -1508 6500 5700 461
25816 3868 -1508 6500 5700 461
15164 7572 4628 1425 12648 3287
15164 7572 4628 1425 12648 3287
-2148 3688 -1516 -3515 4935 7287
-2148 3688 -1516 -3515 4935 7287
26696 -8260 10344 -7106 545 6693
26696 -8260 10344 -7106 545 6693
19096 13348 5380 -4076 -5553 6377
19096 13348 5380 -4076 -5553 6377
16536 -3424 -3380 -6249 4699 6153
16536 -3424 -3380 -6249 4699 6153
16184 -7620 7608 -4619 3608 4510
16184 -7620 7608 -4619 3608 4510
10700 -1484 2332 1642 -1698 -1342
10700 -1484 2332 1642 -1698 -1342
19144 -6092 3564 -3864 6160 1799
19144 -6092 3564 -3864 6160 1799
3048 3600 1644 -74 1299 1618
3048 3600 1644 -74 1299 1618
18516 -4704 5808 1823 -769 -3197
18516 -4704 5808 1823 -769 -3197
20868 -3092 7296 2849 2777 -3449
20868 -3092 7296 2849 2777 -3449
20300 2148 9656 -830 8058 1980
20300 2148 9656 -830 8058 1980
20320 -96 7048 -346 11186 -1615
20320 -96 7048 -346 11186 -1615
15084 3216 6088 -2161 12214 -1668
15084 3216 6088 -2161 12214 -1668
18396 5176 1652 -7832 24372 377
18396 5176 1652 -7832 24372 377
-672 1536 -3080 -11686 28358 1110
-672 1536 -3080 -11686 28358 1110
-1028 7988 -14460 -17246 12722 -384
-1028 7988 -14460 -17246 12722 -384
-13424 17876 -616 -134 32767 9562
-13424 17876 -616 -134 32767 9562
-10960 -1892 18892 -248 11914 -2507
-10960 -1892 18892 -248 11914 -2507
-7420 -4580 26524 -4454 20163 10940
-7420 -4580 26524 -4454 20163 10940
-13608 -5644 13056 29 -6543 -1357
-13608 -5644 13056 29 -6543 -1357
-1360 -5064 12332 -1691 177 2458
-1360 -5064 12332 -1691 177 2458
-4844 -4252 14332 -1354 2945 2695
-4844 -4252 14332 -1354 2945 2695
-312 -9656 9648 -241 -768 -2239
-312 -9656 9648 -241 -768 -2239
1720 -14428 10080 5552 13123 -6264
1720 -14428 10080 5552 13123 -6264
-7968 -9700 7148 10667 20830 -4372
-7968 -9700 7148 10667 20830 -4372
-5844 -12416 9000 11928 11494 -14883
-5844 -12416 9000 11928 11494 -14883
-12388 -10156 10808 15938 563 -14152
-12388 -10156 10808 15938 563 -14152
-3624 716 6116 9317 -4499 -13008
-3624 716 6116 9317 -4499 -13008
-20500 14748 2768 -5402 10778 3866
-20500 14748 2768 -5402 10778 3866
-20596 14528 32212 1812 -4977 2341
-20596 14528 32212 1812 -4977 2341
-6180 5100 5364 796 -11817 1565
-6180 5100 5364 796 -11817 1565
-432 -14428 12404 629 -6393 1072
-432 -14428 12404 629 -6393 1072
-4524 -4560 10152 1864 -8085 -3556
-4524 -4560 10152 1864 -8085 -3556
-7948 3660 13784 3243 -14077 -4273
-7948 3660 13784 3243 -14077 -4273
2848 -1688 8576 2091 -21824 -8729
2848 -1688 8576 2091 -21824 -8729
248 -488 13044 2817 -10224 -5673
248 -488 13044 2817 -10224 -5673
2636 -4532 18412 2081 -11100 -6140
2636 -4532 18412 2081 -11100 -6140
11980 -524 12436 2687 -10175 -2274
11980 -524 12436 2687 -10175 -2274
8216 -904 12116 1020 561 3476
8216 -904 12116 1020 561 3476
4668 -1192 12560 928 1345 -41
4668 -1192 12560 928 1345 -41
584 56 14184 1268 -62 1459
584 56 14184 1268 -62 1459
5880 608 15552 0 1398 2945
5880 608 15552 0 1398 2945
4080 4872 15136 -3361 3250 3970
4080 4872 15136 -3361 3250 3970
1712 9616 21320 -878 456 9131
1712 9616 21320 -878 456 9131
324 7128 29448 -4124 -8100 12934
324 7128 29448 -4124 -8100 12934
1800 -17048 2908 3835 -24531 4600
1800 -17048 2908 3835 -24531 4600
17860 -8148 3452 -2644 -24096 -7900
17860 -8148 3452 -2644 -24096 -7900
5460 -3836 6484 5305 -3174 -7275
5460 -3836 6484 5305 -3174 -7275
14164 -7072 13352 5403 15627 -1165
14164 -7072 13352 5403 15627 -1165
-3060 -12620 6756 4348 -11828 -8293
-3060 -12620 6756 4348 -11828 -8293
17724 4988 14936 3124 -12063 -5367
17724 4988 14936 3124 -12063 -5367
17368 2988 1140 -1608 6714 -3200
17368 2988 1140 -1608 6714 -3200
8952 -1052 5564 1079 -2986 -1707
8952 -1052 5564 1079 -2986 -1707
10172 -5476 14628 -1882 9185 3260
10172 -5476 14628 -1882 9185 3260
3016 400 15304 1467 -8976 -6540
3016 400 15304 1467 -8976 -6540
7216 52 13096 4233 -8675 -3338
7216 52 13096 4233 -8675 -3338
13040 -76 7640 3979 -12636 -3911
13040 -76 7640 3979 -12636 -3911
18280 2200 3484 5264 -10133 -3152
18280 2200 3484 5264 -10133 -3152
20440 3896 1992 2552 -1395 -71
20440 3896 1992 2552 -1395 -71
18044 -784 4064 89 4954 1577
18044 -784 4064 89 4954 1577
15108 2860 9516 -242 7124 682
15108 2860 9516 -242 7124 682
3248 864 9348 488 -978 -2816
3248 864 9348 488 -978 -2816
12328 4216 6044 -2352 -7407 -2867
12328 4216 6044 -2352 -7407 -2867
6168 -3400 19084 131 -4219 4966
6168 -3400 19084 131 -4219 4966
21872 -968 4740 -5524 -7026 3121
21872 -968 4740 -5524 -7026 3121
22164 4144 -416 -3734 -237 5324
22164 4144 -416 -3734 -237 5324
19800 -1516 2524 -5108 4567 4641
19800 -1516 2524 -5108 4567 4641
16708 -944 5708 -5469 8988 6226
16708 -944 5708 -5469 8988 6226
16992 -2020 5580 -7734 13496 6853
16992 -2020 5580 -7734 13496 6853
4516 -3084 4924 -7899 10735 4058
4516 -3084 4924 -7899 10735 4058
4720 -10312 6508 -1929 -3023 -6981
4720 -10312 6508 -1929 -3023 -6981
27320 748 2764 -6610 -1736 -9488
27320 748 2764 -6610 -1736 -9488
10824 -5724 13028 -4551 14443 -373
10824 -5724 13028 -4551 14443 -373
11104 -9548 9424 -2164 -5531 -10394
11104 -9548 9424 -2164 -5531 -10394
7000 -5300 7208 2163 5074 -5959
7000 -5300 7208 2163 5074 -5959
9576 272 7976 -3134 10560 -5419
9576 272 7976 -3134 10560 -5419
9556 -7104 9116 -5321 12511 -3636
9556 -7104 9116 -5321 12511 -3636
4284 -7396 -516 -7064 19221 -5086
4284 -7396 -516 -7064 19221 -5086
-11076 4268 6128 1057 32767 4515
-11076 4268 6128 1057 32767 4515
-11124 276 10708 -904 26278 6527
-11124 276 10708 -904 26278 6527
-2156 900 25096 -3712 19235 6067
-2156 900 25096 -3712 19235 6067
-7988 -1616 3164 -8376 19772 8461
-7988 -1616 3164 -8376 19772 8461
-21348 -6380 10784 -7389 20393 9522
-21348 -6380 10784 -7389 20393 9522
-19752 -9980 10012 -4093 530 1530
-19752 -9980 10012 -4093 530 1530
-7652 -1628 14788 -2747 1949 607
-7652 -1628 14788 -2747 1949 607
-6540 -7164 6940 -3303 5388 1773
-6540 -7164 6940 -3303 5388 1773
-1668 -14692 11696 3458 7779 -4012
-1668 -14692 11696 3458 7779 -4012
-5200 -16364 4864 14417 11271 -6861
-5200 -16364 4864 14417 11271 -6861
-11864 -15808 7472 20728 5924 -14488
-11864 -15808 7472 20728 5924 -14488
-13776 -10368 7096 19931 -1536 -17216
-13776 -10368 7096 19931 -1536 -17216
-5388 -3728 3660 9772 7168 -15274
-5388 -3728 3660 9772 7168 -15274
-19868 4700 -1572 -1297 726 -9304
-19868 4700 -1572 -1297 726 -9304
-9356 17912 20920 -9762 12750 -543
-9356 17912 20920 -9762 12750 -543
-32768 22836 8552 1458 -11333 3060
-32768 22836 8552 1458 -11333 3060
-9612 -6424 -1508 795 -28474 5059
-9612 -6424 -1508 795 -28474 5059
10712 -11700 3228 310 -26182 2111
10712 -11700 3228 310 -26182 2111
6296 -14924 9568 1004 -6080 4404
6296 -14924 9568 1004 -6080 4404
-10248 -7608 14000 272 -10382 1342
-10248 -7608 14000 272 -10382 1342
2132 -3816 11540 -2504 -11600 1814
2132 -3816 11540 -2504 -11600 1814
2656 -8084 9832 -1947 -9883 3675
2656 -8084 9832 -1947 -9883 3675
3368 -8532 14224 -2929 -6707 1989
3368 -8532 14224 -2929 -6707 1989
-1716 -5520 9008 -2184 -10251 -1867
-1716 -5520 9008 -2184 -10251 -1867
-628 -15956 12100 847 -7910 248
-628 -15956 12100 847 -7910 248
-1844 -2532 1164 899 -24340 -10645
-1844 -2532 1164 899 -24340 -10645
13556 -4272 5800 9796 -21275 -9804
13556 -4272 5800 9796 -21275 -9804
6244 -5236 8200 6336 -1743 -4688
6244 -5236 8200 6336 -1743 -4688
10200 2760 5372 5006 -11400 -9760
10200 2760 5372 5006 -11400 -9760
6072 -24272 28060 -9960 -19352 -2114
6072 -24272 28060 -9960 -19352 -2114
-10104 18844 13692 9526 -32768 -25388
-10104 18844 13692 9526 -32768 -25388
15888 -7276 -3304 8572 12900 5131
15888 -7276 -3304 8572 12900 5131
-3316 -1428 13296 12679 -16000 -8271
-3316 -1428 13296 12679 -16000 -8271
20692 6836 4060 8593 -13980 -5438
20692 6836 4060 8593 -13980 -5438
14296 384 6644 5993 4738 6380
14296 384 6644 5993 4738 6380
11980 8912 -1740 6030 -22376 -12339
11980 8912 -1740 6030 -22376 -12339
19320 3388 -1432 2872 -4362 -1239
19320 3388 -1432 2872 -4362 -1239
20688 3248 2872 4908 -4565 -2330
20688 3248 2872 4908 -4565 -2330
12420 3300 -44 3417 -5965 -2081
12420 3300 -44 3417 -5965 -2081
20232 3460 2824 3243 -2517 -846
20232 3460 2824 3243 -2517 -846
15684 3004 -2740 2308 -529 596
15684 3004 -2740 2308 -529 596
18824 2808 112 1975 438 -218
18824 2808 112 1975 438 -218
17924 6504 5744 -2157 12353 3607
17924 6504 5744 -2157 12353 3607
-1780 4980 5176 -3158 806 4890
-1780 4980 5176 -3158 806 4890
24236 -9380 3272 -8873 355 7816
24236 -9380 3272 -8873 355 7816
19484 5508 9408 -2656 -4071 5102
19484 5508 9408 -2656 -4071 5102
17880 -1388 -2496 -3152 -4886 5310
17880 -1388 -2496 -3152 -4886 5310
11772 -3120 3952 -4535 -3015 4973
11772 -3120 3952 -4535 -3015 4973
19276 -356 1452 3459 -9613 -2270
19276 -356 1452 3459 -9613 -2270
25444 -716 -304 2568 2969 1526
25444 -716 -304 2568 2969 1526
19204 164 3860 -1258 6896 1640
19204 164 3860 -1258 6896 1640
20532 -572 1272 1787 14446 792
20532 -572 1272 1787 14446 792
14620 2764 -1320 -3994 15361 4387
14620 2764 -1320 -3994 15361 4387
20880 -92 5252 -3111 15252 948
20880 -92 5252 -3111 15252 948
19352 5496 7628 -3549 23617 2404
19352 5496 7628 -3549 23617 2404
8828 2520 -4 -7348 20665 3629
8828 2520 -4 -7348 20665 3629
11076 1892 -3204 -12420 25554 3637
11076 1892 -3204 -12420 25554 3637
-8464 5640 -10108 -15744 29300 9970
-8464 5640 -10108 -15744 29300 9970
-19440 23344 -9948 2253 32767 8833
-19440 23344 -9948 2253 32767 8833
-14828 2888 13116 -3303 19445 5942
-14828 2888 13116 -3303 19445 5942
-20076 -9284 11488 -661 15075 8144
-20076 -9284 11488 -661 15075 8144
-20656 -5368 10248 1750 -12059 -5332
-20656 -5368 10248 1750 -12059 -5332
-6676 -5340 11936 -126 1812 3090
-6676 -5340 11936 -126 1812 3090
-11752 -6480 9064 443 -3128 1000
-11752 -6480 9064 443 -3128 1000
-1120 -9512 14208 2465 -5189 -2001
-1120 -9512 14208 2465 -5189 -2001
508 -5824 12816 -1431 3839 -308
508 -5824 12816 -1431 3839 -308
-6428 -10088 9980 2386 6430 -3343
-6428 -10088 9980 2386 6430 -3343
2312 -20768 3844 12672 16313 -7165
2312 -20768 3844 12672 16313 -7165
-8624 -16636 8980 18715 10958 -13912
-8624 -16636 8980 18715 10958 -13912
-5312 -8864 11024 14481 7342 -18048
-5312 -8864 11024 14481 7342 -18048
-8864 -1832 9016 5150 14779 -7211
-8864 -1832 9016 5150 14779 -7211
-21604 6232 6888 -3845 5625 -2902
-21604 6232 6888 -3845 5625 -2902
-4408 15820 -5636 -21352 -7969 -7376
-4408 15820 -5636 -21352 -7969 -7376
-17264 15780 2968 -15019 19006 9489
-17264 15780 2968 -15019 19006 9489
-32768 5992 -1820 -3260 -27758 -2982
-32768 5992 -1820 -3260 -27758 -2982
376 -17820 3948 -2634 -11092 5748
376 -17820 3948 -2634 -11092 5748
8088 -9336 12732 -716 1581 3413
8088 -9336 12732 -716 1581 3413
-13668 -21940 2468 -960 3895 7115
-13668 -21940 2468 -960 3895 7115
-12096 -4984 8024 930 -9754 1452
-12096 -4984 8024 930 -9754 1452
-4356 -7492 7788 1404 -12430 3712
-4356 -7492 7788 1404 -12430 3712
-7976 -9180 11972 2 -8655 6456
-7976 -9180 11972 2 -8655 6456
-10148 380 14168 -1389 -14315 4191
-10148 380 14168 -1389 -14315 4191
252 -10580 10744 -2840 -13499 2703
252 -10580 10744 -2840 -13499 2703
1796 -8052 11736 -5630 -14844 1090
1796 -8052 11736 -5630 -14844 1090
1076 -12496 15560 -3455 1126 2955
1076 -12496 15560 -3455 1126 2955
-4932 -9140 1132 -1842 -11645 -2901
-4932 -9140 1132 -1842 -11645 -2901
876 -8616 12264 1266 -11314 -1614
876 -8616 12264 1266 -11314 -1614
-600 -6652 5140 3056 -13519 -11638
-600 -6652 5140 3056 -13519 -11638
-7372 -4580 4644 4693 -12980 791
-7372 -4580 4644 4693 -12980 791
6692 -1744 14596 4879 -19476 -11381
6692 -1744 14596 4879 -19476 -11381
32767 15796 32767 -15510 -17688 2675
32767 15796 32767 -15510 -17688 2675
-17856 8116 11480 12661 -29696 -21178
-17856 8116 11480 12661 -29696 -21178
10964 -8524 2036 8756 -9439 -8683
10964 -8524 2036 8756 -9439 -8683
1456 6444 1024 1953 -5318 899
1456 6444 1024 1953 -5318 899
15600 -1784 9128 8776 -13851 -10593
15600 -1784 9128 8776 -13851 -10593
11896 3492 1004 3664 2658 -594
11896 3492 1004 3664 2658 -594
10552 3436 7592 6038 -6802 -2661
10552 3436 7592 6038 -6802 -2661
17972 3964 7304 -48 535 -1381
17972 3964 7304 -48 535 -1381
10068 340 9196 473 590 -1309
10068 340 9196 473 590 -1309
9464 -2216 12672 842 -3238 -2051
9464 -2216 12672 842 -3238 -2051
6572 -888 12292 4270 -10870 -4337
6572 -888 12292 4270 -10870 -4337
10820 -1652 7220 5264 -12261 -3531
10820 -1652 7220 5264 -12261 -3531
13688 5552 5364 6383 -11807 -3809
13688 5552 5364 6383 -11807 -3809
15120 2512 3380 7000 -12332 -2639
15120 2512 3380 7000 -12332 -2639
22652 1404 -4888 4897 -6851 -1440
22652 1404 -4888 4897 -6851 -1440
22944 3588 1180 4833 3609 1546
22944 3588 1180 4833 3609 1546
19856 12548 2288 -3036 13346 3700
19856 12548 2288 -3036 13346 3700
-8356 956 2712 -3205 1148 5601
-8356 956 2712 -3205 1148 5601
32767 -3380 11348 -6894 -2608 3037
32767 -3380 11348 -6894 -2608 3037
13828 6268 1748 -2849 -2200 8391
13828 6268 1748 -2849 -2200 8391
21184 -6928 6336 -8368 3823 5873
21184 -6928 6336 -8368 3823 5873
10104 -8160 5740 -3769 -1358 5711
10104 -8160 5740 -3769 -1358 5711
12720 -4216 848 2767 -8290 -1060
12720 -4216 848 2767 -8290 -1060
17104 2080 2364 1163 -2389 1154
17104 2080 2364 1163 -2389 1154
23148 -3032 1736 1136 521 -1732
23148 -3032 1736 1136 521 -1732
14268 756 2228 -1340 12771 5491
14268 756 2228 -1340 12771 5491
14916 2232 3612 -1369 9228 294
14916 2232 3612 -1369 9228 294
15184 -4224 6776 -69 14695 5064
15184 -4224 6776 -69 14695 5064
18024 -960 6988 -2297 12329 2069
18024 -960 6988 -2297 12329 2069
16584 3456 4968 -3177 17674 2756
16584 3456 4968 -3177 17674 2756
9848 -892 -1272 -8639 28691 7074
9848 -892 -1272 -8639 28691 7074
-2184 -5268 -1284 -6984 32767 11224
-2184 -5268 -1284 -6984 32767 11224
-4732 10620 -16496 -1722 30956 6899
-4732 10620 -16496 -1722 30956 6899
-1256 2996 7292 -3617 31468 2995
-1256 2996 7292 -3617 31468 2995
-25268 -7384 30920 -4716 25594 13022
-25268 -7384 30920 -4716 25594 13022
-24812 -11644 22232 -2179 -1012 5314
-24812 -11644 22232 -2179 -1012 5314
-7396 -6044 8352 2959 -24381 -3409
-7396 -6044 8352 2959 -24381 -3409
4876 -1972 10940 -4450 -3191 2143
4876 -1972 10940 -4450 -3191 2143
-48 -2076 11464 -5214 -3259 195
-48 -2076 11464 -5214 -3259 195
3168 -12216 9336 -5117 11194 5272
3168 -12216 9336 -5117 11194 5272
-3756 -17440 2904 4996 17170 1007
-3756 -17440 2904 4996 17170 1007
-10300 -18356 6836 20318 14757 -10717
-10300 -18356 6836 20318 14757 -10717
-8904 -16640 9984 24182 6680 -14846
-8904 -16640 9984 24182 6680 -14846
-13624 -3640 9420 15608 10263 -11101
-13624 -3640 9420 15608 10263 -11101
-2320 -1908 5908 4699 4267 -12893
-2320 -1908 5908 4699 4267 -12893
-15552 -72 2872 -8546 7260 -4912
-15552 -72 2872 -8546 7260 -4912
-9976 8496 -3316 -25916 -4841 -5502
-9976 8496 -3316 -25916 -4841 -5502
15216 336 32767 -13279 11490 -6743
15216 336 32767 -13279 11490 -6743
-32768 32767 -9888 464 -18850 -3539
-32768 32767 -9888 464 -18850 -3539
1332 -28376 -1340 450 -8178 11361
1332 -28376 -1340 450 -8178 11361
1860 -11832 6588 834 -13423 -662
1860 -11832 6588 834 -13423 -662
-5168 -11216 12420 1495 175 7463
-5168 -11216 12420 1495 175 7463
-4888 -6560 21968 2425 -6366 5222
-4888 -6560 21968 2425 -6366 5222
-3876 -15144 7548 -831 -4244 3456
-3876 -15144 7548 -831 -4244 3456
-6392 -3608 12140 -1814 -4696 4464
-6392 -3608 12140 -1814 -4696 4464
-3448 -6488 12876 -2760 -5160 5405
-3448 -6488 12876 -2760 -5160 5405
-3560 -14280 14336 -1884 432 2840
-3560 -14280 14336 -1884 432 2840
-5300 -4844 12756 -3896 -6050 3112
-5300 -4844 12756 -3896 -6050 3112
-5144 -7832 9384 -3147 2107 1817
-5144 -7832 9384 -3147 2107 1817
-7828 -9968 2464 -3353 -7810 1359
-7828 -9968 2464 -3353 -7810 1359
-5152 -6004 10608 -836 -7987 2818
-5152 -6004 10608 -836 -7987 2818
-6944 -7004 3016 2416 -16613 -6131
-6944 -7004 3016 2416 -16613 -6131
-8112 -10048 9272 7691 -4976 1187
-8112 -10048 9272 7691 -4976 1187
-2724 2460 20964 6762 -23235 -8146
-2724 2460 20964 6762 -23235 -8146
-6912 -3284 22436 3739 -29236 -7652
-6912 -3284 22436 3739 -29236 -7652
13048 1996 2632 6212 -32768 -21643
13048 1996 2632 6212 -32768 -21643
5772 -7244 2312 8731 -2429 -7012
5772 -7244 2312 8731 -2429 -7012
10932 -9452 11588 1076 -19346 -14888
10932 -9452 11588 1076 -19346 -14888
8756 5384 7540 5009 -10429 -5068
8756 5384 7540 5009 -10429 -5068
22580 -580 5012 3345 -13102 -7930
22580 -580 5012 3345 -13102 -7930
10888 2844 4532 2753 -4856 -3976
10888 2844 4532 2753 -4856 -3976
15096 -2312 8876 2150 -5311 -5122
15096 -2312 8876 2150 -5311 -5122
11016 -736 7880 4317 -10043 -4886
11016 -736 7880 4317 -10043 -4886
13696 4032 5680 5132 -12082 -4603
13696 4032 5680 5132 -12082 -4603
20712 1564 408 4402 -8802 -3612
20712 1564 408 4402 -8802 -3612
20368 5128 348 4391 -2357 -2169
20368 5128 348 4391 -2357 -2169
20680 244 -1228 6300 1984 -1689
20680 244 -1228 6300 1984 -1689
19580 5276 3464 1536 8545 1212
19580 5276 3464 1536 8545 1212
14000 2944 6580 -4087 18083 5388
14000 2944 6580 -4087 18083 5388
-11916 -224 9056 938 -7796 4676
-11916 -224 9056 938 -7796 4676
30796 -4216 5272 -1762 -10414 1240
30796 -4216 5272 -1762 -10414 1240
21464 -3280 3756 41 -1841 4790
21464 -3280 3756 41 -1841 4790
22212 3756 520 -4699 -5341 4031
22212 3756 520 -4699 -5341 4031
14748 -8460 1888 -5560 4168 5032
14748 -8460 1888 -5560 4168 5032
15876 -8232 7276 -1023 -2250 -148
15876 -8232 7276 -1023 -2250 -148
17864 -4168 5152 1733 -2264 650
17864 -4168 5152 1733 -2264 650
18880 -3264 4520 2023 3842 472
18880 -3264 4520 2023 3842 472
17768 -1940 3360 -359 7108 3041
17768 -1940 3360 -359 7108 3041
17104 2236 -1472 2728 13572 3531
17104 2236 -1472 2728 13572 3531
14628 1876 5932 52 12252 2993
14628 1876 5932 52 12252 2993
16440 -4656 6004 -329 11452 3129
16440 -4656 6004 -329 11452 3129
18740 -20 6748 1165 12935 583
18740 -20 6748 1165 12935 583
15812 5792 156 -6012 29662 8057
15812 5792 156 -6012 29662 8057
-2728 1156 -3532 -10557 32767 11985
-2728 1156 -3532 -10557 32767 11985
30900 -19024 11328 -12127 18656 1212
30900 -19024 11328 -12127 18656 1212
-9960 32767 16028 -10165 32578 11335
-9960 32767 16028 -10165 32578 11335
-12548 1472 11108 -7047 13536 8290
-12548 1472 11108 -7047 13536 8290
-7148 -4336 6588 -1300 9590 5974
-7148 -4336 6588 -1300 9590 5974
-13364 -10676 13408 3164 7800 6653
-13364 -10676 13408 3164 7800 6653
-5100 2260 30664 -719 -7178 478
-5100 2260 30664 -719 -7178 478
320 -5928 12676 -895 -7261 459
320 -5928 12676 -895 -7261 459
3140 -5524 7664 -1853 1795 1688
3140 -5524 7664 -1853 1795 1688
1632 -7360 8144 -1127 7095 1201
1632 -7360 8144 -1127 7095 1201
1764 -13892 11768 2561 15832 -1855
1764 -13892 11768 2561 15832 -1855
-10156 -11868 9904 11533 17956 -1352
-10156 -11868 9904 11533 17956 -1352
-11492 -13448 10788 17169 9484 -8038
-11492 -13448 10788 17169 9484 -8038
-9168 -7604 9364 16259 231 -15676
-9168 -7604 9364 16259 231 -15676
400 -9332 9216 8597 3301 -15771
400 -9332 9216 8597 3301 -15771
-9576 -6792 7636 3444 14139 -8101
-9576 -6792 7636 3444 14139 -8101
-8752 2180 3684 -4225 -591 -12912
-8752 2180 3684 -4225 -591 -12912
-10832 10516 -2352 -16585 78 -7555
-10832 10516 -2352 -16585 78 -7555
-19612 6476 19660 -11482 14865 8459
-19612 6476 19660 -11482 14865 8459
-32768 15312 3896 188 -19271 1480
-32768 15312 3896 188 -19271 1480
-4580 -21340 8856 -1997 -16955 8823
-4580 -21340 8856 -1997 -16955 8823
4260 -9988 19736 -1430 -6977 4401
4260 -9988 19736 -1430 -6977 4401
-3668 -14028 8664 -2550 -2757 4106
-3668 -14028 8664 -2550 -2757 4106
-3964 -5856 10732 -2123 -3093 1069
-3964 -5856 10732 -2123 -3093 1069
-2376 -9200 9340 -1242 1312 2153
-2376 -9200 9340 -1242 1312 2153
-9600 -10464 11648 -2574 -3142 4112
-9600 -10464 11648 -2574 -3142 4112
-5640 -5116 11972 -2933 -2605 3832
-5640 -5116 11972 -2933 -2605 3832
-2368 -9764 10488 -2658 -4320 2478
-2368 -9764 10488 -2658 -4320 2478
-1952 -10440 12228 -1491 -1017 6116
-1952 -10440 12228 -1491 -1017 6116
-8492 -7636 10532 -298 -499 1654
-8492 -7636 10532 -298 -499 1654
-4612 -9308 9076 484 -2155 1981
-4612 -9308 9076 484 -2155 1981
-5312 -7616 6828 626 -7925 2584
-5312 -7616 6828 626 -7925 2584
-5536 -8992 3248 1484 -6494 2149
-5536 -8992 3248 1484 -6494 2149
-4068 -6668 3888 4049 -6074 491
-4068 -6668 3888 4049 -6074 491
-6728 -3576 14200 3006 -4323 5358
-6728 -3576 14200 3006 -4323 5358
-15520 5796 22144 2706 -32173 -9080
-15520 5796 22144 2706 -32173 -9080
3864 -8696 12540 827 -25200 -6369
3864 -8696 12540 827 -25200 -6369
9344 -708 2252 2408 -28035 -14037
9344 -708 2252 2408 -28035 -14037
6840 -8748 6676 8337 -5697 -5451
6840 -8748 6676 8337 -5697 -5451
14068 -13760 31872 111 -32768 -6828
14068 -13760 31872 111 -32768 -6828
9820 2476 4752 6100 -17151 -14181
9820 2476 4752 6100 -17151 -14181
15316 -6164 12276 5815 -9804 -4497
15316 -6164 12276 5815 -9804 -4497
15208 -2180 3904 6037 -12198 -9642
15208 -2180 3904 6037 -12198 -9642
13224 212 4340 5002 -7996 -4872
13224 212 4340 5002 -7996 -4872
12924 584 6184 2822 -10369 -6368
12924 584 6184 2822 -10369 -6368
15236 -164 6360 4093 -8445 -4508
15236 -164 6360 4093 -8445 -4508
14960 2704 4484 5437 -10284 -6410
14960 2704 4484 5437 -10284 -6410
15396 2444 2468 5976 -9110 -4865
15396 2444 2468 5976 -9110 -4865
18592 2548 1956 6314 -3896 -1101
18592 2548 1956 6314 -3896 -1101
19872 1216 -1100 6125 916 -213
19872 1216 -1100 6125 916 -213
19068 2680 -1264 3255 2058 -361
19068 2680 -1264 3255 2058 -361
19188 8632 6400 -2253 10929 2687
19188 8632 6400 -2253 10929 2687
-1368 -1360 3164 -3395 10094 8706
-1368 -1360 3164 -3395 10094 8706
8092 2296 5712 -870 -9558 6922
8092 2296 5712 -870 -9558 6922
32200 1380 -4228 -3401 -15061 954
32200 1380 -4228 -3401 -15061 954
19240 140 524 -4509 209 9413
19240 140 524 -4509 209 9413
21972 -3348 -5064 -6009 4655 6667
21972 -3348 -5064 -6009 4655 6667
16576 -9740 5320 240 6007 5077
16576 -9740 5320 240 6007 5077
11804 856 -1140 233 -4450 -1909
11804 856 -1140 233 -4450 -1909
22540 -916 5696 1916 7785 -716
22540 -916 5696 1916 7785 -716
18864 -10716 8300 330 12608 2211
18864 -10716 8300 330 12608 2211
14516 -2152 8472 -2739 4865 2954
14516 -2152 8472 -2739 4865 2954
15740 1716 2996 -1617 13069 4682
15740 1716 2996 -1617 13069 4682
11120 -3232 6844 -503 15161 4965
11120 -3232 6844 -503 15161 4965
16840 -6052 4888 2317 10464 1125
16840 -6052 4888 2317 10464 1125
15140 -1440 1856 2465 25537 3577
15140 -1440 1856 2465 25537 3577
336 1860 -7484 -5868 32767 9721
336 1860 -7484 -5868 32767 9721
32767 -27988 32767 -32 32767 -3158
32767 -27988 32767 -32 32767 -3158
-524 3736 17184 -3526 32767 12722
-524 3736 17184 -3526 32767 12722
-15532 -6404 15080 -10418 28934 9414
-15532 -6404 15080 -10418 28934 9414
-28396 -9728 11740 -3715 9806 9530
-28396 -9728 11740 -3715 9806 9530
-19812 -9356 15088 183 -2705 327
-19812 -9356 15088 183 -2705 327
-3924 -3596 9120 1807 -16695 -4302
-3924 -3596 9120 1807 -16695 -4302
9216 -4020 9344 -246 -3322 -901
9216 -4020 9344 -246 -3322 -901
-2792 -5712 5824 -223 10615 2796
-2792 -5712 5824 -223 10615 2796
-3780 -16988 17612 6011 5297 -4501
-3780 -16988 17612 6011 5297 -4501
-4484 -16396 10484 14482 4732 -7595
-4484 -16396 10484 14482 4732 -7595
-7692 -19004 9548 21392 1697 -15698
-7692 -19004 9548 21392 1697 -15698
-3396 -10884 9944 18017 8578 -15080
-3396 -10884 9944 18017 8578 -15080
-5644 -6544 9592 10664 18433 -12347
-5644 -6544 9592 10664 18433 -12347
-22712 -84 6340 1963 8447 -6505
-22712 -84 6340 1963 8447 -6505
-9852 17204 -8920 -16759 -6971 -5365
-9852 17204 -8920 -16759 -6971 -5365
28040 -1968 27656 -32768 3664 -6662
28040 -1968 27656 -32768 3664 -6662
-32768 24704 1632 3100 -10228 8915
-32768 24704 1632 3100 -10228 8915
1496 -23528 2884 147 -25745 9019
1496 -23528 2884 147 -25745 9019
7808 -8276 9064 -2346 -17284 99
7808 -8276 9064 -2346 -17284 99
3152 -10156 9748 -1611 -1565 3040
3152 -10156 9748 -1611 -1565 3040
-6320 -5220 11536 -861 -2574 2983
-6320 -5220 11536 -861 -2574 2983
-1636 -9080 12596 -657 -5543 4000
-1636 -9080 12596 -657 -5543 4000
-2864 -10136 11552 -1699 -3107 4876
-2864 -10136 11552 -1699 -3107 4876
-3948 -3876 13404 -2592 -4664 3657
-3948 -3876 13404 -2592 -4664 3657
-3032 -10372 10268 -2826 -5907 3320
-3032 -10372 10268 -2826 -5907 3320
-1272 -5640 13016 -2572 -515 4203
-1272 -5640 13016 -2572 -515 4203
-1840 -10296 6580 -784 -3769 826
-1840 -10296 6580 -784 -3769 826
-5596 -4872 9684 -805 -963 2347
-5596 -4872 9684 -805 -963 2347
-4032 -7044 7228 2998 -6918 -1229
-4032 -7044 7228 2998 -6918 -1229
-1952 -10996 8140 3326 -8912 913
-1952 -10996 8140 3326 -8912 913
3124 1812 12972 2220 -4589 -1628
3124 1812 12972 2220 -4589 -1628
-4916 -9860 14252 6002 -6578 710
-4916 -9860 14252 6002 -6578 710
-5220 -1860 22040 3121 -31065 -9492
-5220 -1860 22040 3121 -31065 -9492
4920 -3672 12568 3806 -17301 -9419
4920 -3672 12568 3806 -17301 -9419
5392 -8316 11204 3149 -15721 -9242
5392 -8316 11204 3149 -15721 -9242
4640 -2076 10788 3218 -15593 -9176
4640 -2076 10788 3218 -15593 -9176
11620 -4064 9976 4583 -20599 -12280
11620 -4064 9976 4583 -20599 -12280
14400 -512 4028 5711 -13934 -7260
14400 -512 4028 5711 -13934 -7260
15468 -876 7020 5598 -12140 -6511
15468 -876 7020 5598 -12140 -6511
12656 2468 5460 5464 -10967 -7424
12656 2468 5460 5464 -10967 -7424
13348 2108 4528 4457 -10870 -6817
13348 2108 4528 4457 -10870 -6817
17192 1940 5276 4434 -9430 -3875
17192 1940 5276 4434 -9430 -3875
17828 2884 2196 5410 -7351 -3633
17828 2884 2196 5410 -7351 -3633
18732 3112 1836 5660 -1874 -883
18732 3112 1836 5660 -1874 -883
16688 2312 3448 6156 878 103
16688 2312 3448 6156 878 103
16032 1836 -832 5457 1518 1301
16032 1836 -832 5457 1518 1301
16244 6448 624 184 2172 2021
16244 6448 624 184 2172 2021
14540 11180 -1128 -6080 3156 3694
14540 11180 -1128 -6080 3156 3694
11408 -1152 6092 -7525 449 3833
11408 -1152 6092 -7525 449 3833
16748 -1720 4716 -1781 -6998 1828
16748 -1720 4716 -1781 -6998 1828
24208 -224 -1192 -3961 -3069 3243
24208 -224 -1192 -3961 -3069 3243
21364 -7548 3488 -5338 7593 8926
21364 -7548 3488 -5338 7593 8926
11164 -3420 660 -6045 -2528 6198
11164 -3420 660 -6045 -2528 6198
21228 -4872 3112 -1521 -3730 1365
21228 -4872 3112 -1521 -3730 1365
19152 -848 3156 -2244 3338 4141
19152 -848 3156 -2244 3338 4141
11664 -116 -2136 2639 1701 -799
11664 -116 -2136 2639 1701 -799
14044 -3292 4180 -1185 1592 880
14044 -3292 4180 -1185 1592 880
18508 -1476 1580 994 840 -1088
18508 -1476 1580 994 840 -1088
17964 -3048 -2360 3764 11538 939
17964 -3048 -2360 3764 11538 939
14976 3004 7900 -4612 18522 7700
14976 3004 7900 -4612 18522 7700
18868 -6468 11036 1111 13228 -959
18868 -6468 11036 1111 13228 -959
15068 -3300 6712 943 20424 4465
15068 -3300 6712 943 20424 4465
8332 -8108 -3476 5112 23314 -424
8332 -8108 -3476 5112 23314 -424
5896 12696 -7092 -11420 31732 7819
5896 12696 -7092 -11420 31732 7819
32767 -32768 32767 6598 32767 -1702
32767 -32768 32767 6598 32767 -1702
-3168 28 13172 -12234 32767 14273
-3168 28 13172 -12234 32767 14273
-24580 -5580 8732 -11418 27241 14150
-24580 -5580 8732 -11418 27241 14150
-32768 -15364 7904 -2440 46 10075
-32768 -15364 7904 -2440 46 10075
-6756 -2492 5368 2446 -19540 -4488
-6756 -2492 5368 2446 -19540 -4488
24 -2556 12780 1456 -2197 -1919
24 -2556 12780 1456 -2197 -1919
-3280 -7100 10544 804 4807 4721
-3280 -7100 10544 804 4807 4721
-7068 -10008 6728 2662 6540 -2842
-7068 -10008 6728 2662 6540 -2842
-4556 -18584 12232 12758 6272 -5597
-4556 -18584 12232 12758 6272 -5597
-11124 -12876 8320 17707 11926 -3309
-11124 -12876 8320 17707 11926 -3309
-11948 -10440 13580 19255 3017 -13133
-11948 -10440 13580 19255 3017 -13133
-5560 -4952 7900 8571 3481 -11511
-5560 -4952 7900 8571 3481 -11511
-5700 -1656 6636 -602 8405 -9590
-5700 -1656 6636 -602 8405 -9590
-11832 4564 -932 -11340 -1161 -7087
-11832 4564 -932 -11340 -1161 -7087
18900 5588 10376 -25641 4390 -13819
18900 5588 10376 -25641 4390 -13819
-32768 20776 28652 7861 10332 11251
-32768 20776 28652 7861 10332 11251
-1880 -10532 -1024 3569 -24139 7101
-1880 -10532 -1024 3569 -24139 7101
664 -23860 3832 -755 -8558 2800
664 -23860 3832 -755 -8558 2800
-5224 -3488 10372 -307 -1018 1933
-5224 -3488 10372 -307 -1018 1933
-9508 -9132 9184 221 -6247 1116
-9508 -9132 9184 221 -6247 1116
-2212 -8016 9880 563 -4951 2559
-2212 -8016 9880 563 -4951 2559
-7728 -8476 10008 -162 -5160 4037
-7728 -8476 10008 -162 -5160 4037
-5580 -4136 12116 613 -7907 3965
-5580 -4136 12116 613 -7907 3965
-4432 -8492 13132 287 -8857 4905
-4432 -8492 13132 287 -8857 4905
-2956 -4172 13116 -940 -12808 2603
-2956 -4172 13116 -940 -12808 2603
1548 -5420 12540 -1117 -5634 2395
1548 -5420 12540 -1117 -5634 2395
-5296 -11176 5876 -819 -8455 430
-5296 -11176 5876 -819 -8455 430
-10768 -5148 11768 1550 -12371 2550
-10768 -5148 11768 1550 -12371 2550
-10848 -4772 -284 5079 -32768 -12203
-10848 -4772 -284 5079 -32768 -12203
3624 -6836 6672 5073 -9811 177
3624 -6836 6672 5073 -9811 177
-5924 18624 32767 10661 10621 3541
-5924 18624 32767 10661 10621 3541
-4160 -12112 5316 12840 -19033 -13746
-4160 -12112 5316 12840 -19033 -13746
9888 8896 -2988 584 -28753 -11659
9888 8896 -2988 584 -28753 -11659
15680 -4560 17848 3411 -8586 -2119
15680 -4560 17848 3411 -8586 -2119
12360 1700 4480 2570 -14245 -6576
12360 1700 4480 2570 -14245 -6576
14932 -740 4568 3199 -11778 -4737
14932 -740 4568 3199 -11778 -4737
16576 796 6856 2641 -12143 -5265
16576 796 6856 2641 -12143 -5265
15380 320 2720 1979 -12491 -5991
15380 320 2720 1979 -12491 -5991
19744 3420 2280 2104 -9001 -4087
19744 3420 2280 2104 -9001 -4087
19288 2692 736 1816 -3715 -2576
19288 2692 736 1816 -3715 -2576
17948 1252 1664 1925 -1389 -1656
17948 1252 1664 1925 -1389 -1656
17872 2252 3952 2943 2403 719
17872 2252 3952 2943 2403 719
18352 -1140 2256 5949 1898 -192
18352 -1140 2256 5949 1898 -192
20456 4060 2048 3871 3162 -1420
20456 4060 2048 3871 3162 -1420
23104 5584 532 3613 8609 -2464
23104 5584 532 3613 8609 -2464
1248 4344 5736 1033 18582 6488
1248 4344 5736 1033 18582 6488
-4528 2012 4308 -268 -1589 4798
-4528 2012 4308 -268 -1589 4798
20332 -2236 6908 -1288 -12324 1184
20332 -2236 6908 -1288 -12324 1184
20756 8728 -2680 -567 -10042 4124
20756 8728 -2680 -567 -10042 4124
17340 -4632 -2336 -7166 2817 7224
17340 -4632 -2336 -7166 2817 7224
19356 3112 2024 -7456 -222 6146
19356 3112 2024 -7456 -222 6146
12872 1764 3996 -3686 1778 2983
12872 1764 3996 -3686 1778 2983
13484 -8248 9728 -1291 388 21
13484 -8248 9728 -1291 388 21
13564 1384 1500 463 -3028 -854
13564 1384 1500 463 -3028 -854
17956 -1080 432 -2009 4872 1155
17956 -1080 432 -2009 4872 1155
13804 -2232 4932 -3783 6620 3024
13804 -2232 4932 -3783 6620 3024
18064 -1384 4956 -3289 10966 2693
18064 -1384 4956 -3289 10966 2693
13364 -3340 4604 -2027 10990 2869
13364 -3340 4604 -2027 10990 2869
11968 808 6792 -2977 10082 2095
11968 808 6792 -2977 10082 2095
17496 -7268 7960 539 11882 -1466
17496 -7268 7960 539 11882 -1466
12700 -3484 4844 1142 14059 -2089
12700 -3484 4844 1142 14059 -2089
14244 -3012 2560 -1720 23396 -401
14244 -3012 2560 -1720 23396 -401
4472 5688 8160 -3854 32767 4359
4472 5688 8160 -3854 32767 4359
-2224 2708 532 -3436 32767 7070
-2224 2708 532 -3436 32767 7070
-4980 5700 18532 -8607 32767 7853
-4980 5700 18532 -8607 32767 7853
-24304 -4104 10728 -8632 31363 12049
-24304 -4104 10728 -8632 31363 12049
-32768 -5884 14316 -6173 1852 2267
-32768 -5884 14316 -6173 1852 2267
-3040 -7488 10884 -2845 -13638 -6093
-3040 -7488 10884 -2845 -13638 -6093
-7868 -8492 6976 -3573 9962 4691
-7868 -8492 6976 -3573 9962 4691
-9628 -16704 5212 1877 3628 -2146
-9628 -16704 5212 1877 3628 -2146
-3500 -15960 4884 15457 5206 -6310
-3500 -15960 4884 15457 5206 -6310
-7716 -11612 6740 18777 5246 -7044
-7716 -11612 6740 18777 5246 -7044
-11504 -9576 9448 18055 -1818 -11317
-11504 -9576 9448 18055 -1818 -11317
-5316 -3216 7200 13035 -5510 -13319
-5316 -3216 7200 13035 -5510 -13319
-5776 -2148 7708 8970 6399 -6318
-5776 -2148 7708 8970 6399 -6318
-15732 5932 1732 2939 -1057 -4489
-15732 5932 1732 2939 -1057 -4489
16792 8420 9840 -12876 879 -13707
16792 8420 9840 -12876 879 -13707
-23916 10064 32767 6383 11457 5450
-23916 10064 32767 6383 11457 5450
-15856 -3668 14592 884 -10947 2912
-15856 -3668 14592 884 -10947 2912
-10972 -9156 8820 -5187 -10875 225
-10972 -9156 8820 -5187 -10875 225
-2596 -3676 8324 -5557 -17733 -1430
-2596 -3676 8324 -5557 -17733 -1430
5004 -5144 4816 -4567 -13086 2530
5004 -5144 4816 -4567 -13086 2530
5444 -13856 9168 -308 -11440 1944
5444 -13856 9168 -308 -11440 1944
-5128 -12588 11100 -391 -2979 1699
-5128 -12588 11100 -391 -2979 1699
-3192 -3796 13120 -556 -11792 -497
-3192 -3796 13120 -556 -11792 -497
852 -1864 15536 -831 -6663 2526
852 -1864 15536 -831 -6663 2526
5432 -12204 7712 -804 -11145 -709
5432 -12204 7712 -804 -11145 -709
172 -6528 13768 -738 -3863 908
172 -6528 13768 -738 -3863 908
-1972 -7176 9824 4116 -17756 -7500
-1972 -7176 9824 4116 -17756 -7500
-204 -11756 2900 5936 -32768 -16627
-204 -11756 2900 5936 -32768 -16627
14828 984 5872 7936 -22619 -14368
14828 984 5872 7936 -22619 -14368
9848 1244 4772 8971 11951 -2925
9848 1244 4772 8971 11951 -2925
-6748 -23040 4908 -6247 -749 -8796
-6748 -23040 4908 -6247 -749 -8796
20232 17888 16164 -583 -3252 -4635
20232 17888 16164 -583 -3252 -4635
9260 2524 6280 1229 32767 15419
9260 2524 6280 1229 32767 15419
-6352 -4528 8852 3378 10035 3214
-6352 -4528 8852 3378 10035 3214
-2584 2088 11072 2917 -11232 -4304
-2584 2088 11072 2917 -11232 -4304
8960 -1392 12504 -1560 -2780 1169
8960 -1392 12504 -1560 -2780 1169
4044 -5420 13856 -248 -1780 1995
4044 -5420 13856 -248 -1780 1995
4536 -4884 14072 1023 -5353 528
4536 -4884 14072 1023 -5353 528
8152 -2028 13888 4241 -12299 -4494
8152 -2028 13888 4241 -12299 -4494
12724 -1484 10212 4863 -11776 -5449
12724 -1484 10212 4863 -11776 -5449
11332 -1416 8212 5962 -9777 -7049
11332 -1416 8212 5962 -9777 -7049
12900 444 8468 3533 -8751 -8698
12900 444 8468 3533 -8751 -8698
4368 432 10740 2683 -9001 -6578
4368 432 10740 2683 -9001 -6578
10316 2496 8496 800 -11451 -4280
10316 2496 8496 800 -11451 -4280
5232 2164 7852 -683 -10666 485
5232 2164 7852 -683 -10666 485
23632 -3552 13152 7082 -19706 -6972
23632 -3552 13152 7082 -19706 -6972
14592 5844 -268 378 -7039 1473
14592 5844 -268 378 -7039 1473
25056 3268 2076 3636 -12288 -4246
25056 3268 2076 3636 -12288 -4246
23704 2940 -4868 2352 2635 1797
23704 2940 -4868 2352 2635 1797
24136 6740 2776 -1282 9662 1993
24136 6740 2776 -1282 9662 1993
9480 3404 496 -8173 13357 2224
9480 3404 496 -8173 13357 2224
9344 -3288 7300 -10179 8926 5311
9344 -3288 7300 -10179 8926 5311
5708 -3372 13580 -5150 -2308 5804
5708 -3372 13580 -5150 -2308 5804
11940 -6256 3848 -2525 -4654 146
11940 -6256 3848 -2525 -4654 146
17876 -2328 5040 -5050 -3063 4402
17876 -2328 5040 -5050 -3063 4402
17700 -2060 5408 -1424 -1214 1212
17700 -2060 5408 -1424 -1214 1212
21484 -6820 5528 -2046 5468 1518
21484 -6820 5528 -2046 5468 1518
15884 4772 2488 -4309 5028 2195
15884 4772 2488 -4309 5028 2195
18228 -9180 7232 -918 7464 -383
18228 -9180 7232 -918 7464 -383
15740 -2656 4804 -3913 6378 -575
15740 -2656 4804 -3913 6378 -575
9712 2800 3092 -4674 13050 777
9712 2800 3092 -4674 13050 777
11904 -8716 9272 -2470 12141 -2288
11904 -8716 9272 -2470 12141 -2288
19408 -4788 12564 -2646 10541 -3579
19408 -4788 12564 -2646 10541 -3579
16724 -10060 11736 -3879 31926 55
16724 -10060 11736 -3879 31926 55
26384 5568 -2928 -10996 18765 -8264
26384 5568 -2928 -10996 18765 -8264
-6216 -2524 3876 -9215 32767 8773
-6216 -2524 3876 -9215 32767 8773
-15480 -248 9384 -6074 32340 5202
-15480 -248 9384 -6074 32340 5202
-4620 -3412 6684 -4824 26955 3801
-4620 -3412 6684 -4824 26955 3801
-29136 -6484 12464 -2992 23980 7560
-29136 -6484 12464 -2992 23980 7560
-29428 -304 6844 -14 173 318
-29428 -304 6844 -14 173 318
-14496 -6584 12664 278 -10362 -2914
-14496 -6584 12664 278 -10362 -2914
-1412 -4824 10032 -623 -4360 1409
-1412 -4824 10032 -623 -4360 1409
-3424 -5000 6940 -2766 625 2155
-3424 -5000 6940 -2766 625 2155
-6796 -10868 8820 -2315 5994 5366
-6796 -10868 8820 -2315 5994 5366
-13184 -9836 9880 -3178 2062 2271
-13184 -9836 9880 -3178 2062 2271
-6860 -13388 10352 388 8730 -311
-6860 -13388 10352 388 8730 -311
-7684 -24168 4404 21323 9168 -9325
-7684 -24168 4404 21323 9168 -9325
-3460 -16792 6548 31832 4238 -17308
-3460 -16792 6548 31832 4238 -17308
-15336 -4256 3432 29561 1536 -16665
-15336 -4256 3432 29561 1536 -16665
-18720 6416 -636 16302 -4602 -19309
-18720 6416 -636 16302 -4602 -19309
-16452 20448 -10112 -6057 -8134 -8436
-16452 20448 -10112 -6057 -8134 -8436
-26100 23928 564 -9784 5639 12684
-26100 23928 564 -9784 5639 12684
-19812 11656 2996 -3377 -15030 -3135
-19812 11656 2996 -3377 -15030 -3135
-10820 -5984 7364 -3413 -9431 3023
-10820 -5984 7364 -3413 -9431 3023
-16428 -444 9560 -5714 -16164 2062
-16428 -444 9560 -5714 -16164 2062
4056 -11784 6364 -3782 -25178 4953
4056 -11784 6364 -3782 -25178 4953
15324 -12732 11480 -1607 -7675 6483
15324 -12732 11480 -1607 -7675 6483
-2024 -8824 12260 -3375 4635 5997
-2024 -8824 12260 -3375 4635 5997
-6176 -10924 12576 -4254 -2903 5477
-6176 -10924 12576 -4254 -2903 5477
1724 -6632 4928 -1131 992 -659
1724 -6632 4928 -1131 992 -659
-6608 -10956 9076 715 4054 2902
-6608 -10956 9076 715 4054 2902
-12816 2180 14232 1605 -2977 -937
-12816 2180 14232 1605 -2977 -937
-17484 -1424 14128 919 -21729 -6513
-17484 -1424 14128 919 -21729 -6513
12480 -1532 12104 3595 -24825 -7006
12480 -1532 12104 3595 -24825 -7006
-3888 -2804 7144 5965 -7428 -1438
-3888 -2804 7144 5965 -7428 -1438
12008 13760 32767 8744 -7929 -339
12008 13760 32767 8744 -7929 -339
-2564 -5288 2452 6340 -20898 -8099
-2564 -5288 2452 6340 -20898 -8099
11212 -3744 13164 5154 -19297 -5429
11212 -3744 13164 5154 -19297 -5429
8564 -1060 6340 4985 -18117 -6464
8564 -1060 6340 4985 -18117 -6464
13716 -1692 7672 5575 -18253 -5778
13716 -1692 7672 5575 -18253 -5778
13832 2296 5552 4428 -14647 -4625
13832 2296 5552 4428 -14647 -4625
12588 3152 3816 2495 -16743 -7433
12588 3152 3816 2495 -16743 -7433
10492 1252 4156 3969 -19255 -6120
10492 1252 4156 3969 -19255 -6120
16320 4392 4068 4215 -21388 -6231
16320 4392 4068 4215 -21388 -6231
20716 1568 -6440 5205 -17688 -5754
20716 1568 -6440 5205 -17688 -5754
23980 6600 -6696 5408 -4147 -2111
23980 6600 -6696 5408 -4147 -2111
20948 5520 -3252 2669 4787 958
20948 5520 -3252 2669 4787 958
22292 2584 -2316 2068 9239 402
22292 2584 -2316 2068 9239 402
19288 5376 1836 524 12249 2021
19288 5376 1836 524 12249 2021
14844 7412 804 -55 15806 1978
14844 7412 804 -55 15806 1978
7044 1844 3160 1182 8954 1810
7044 1844 3160 1182 8954 1810
13260 3468 3692 -4690 -928 -1656
13260 3468 3692 -4690 -928 -1656
11088 1324 2128 1233 -938 1141
11088 1324 2128 1233 -938 1141
14716 3024 5036 1031 -6039 344
14716 3024 5036 1031 -6039 344
21044 1444 2212 2474 -5784 -2464
21044 1444 2212 2474 -5784 -2464
12792 1592 344 1974 -1449 1988
12792 1592 344 1974 -1449 1988
16808 404 2636 2152 -4370 1930
16808 404 2636 2152 -4370 1930
14980 9844 -7352 -1197 -5420 2658
14980 9844 -7352 -1197 -5420 2658
25140 -2192 1544 -7862 6372 8980
25140 -2192 1544 -7862 6372 8980
16040 -1728 -272 -8011 -315 5997
16040 -1728 -272 -8011 -315 5997
12812 -1756 -2076 -7298 4165 5927
12812 -1756 -2076 -7298 4165 5927
18632 -7836 4068 -2423 5875 1658
18632 -7836 4068 -2423 5875 1658
15936 -172 5520 -2246 5457 977
15936 -172 5520 -2246 5457 977
17816 -1736 2728 333 3431 -14
17816 -1736 2728 333 3431 -14
13572 4372 -2676 -1731 8671 530
13572 4372 -2676 -1731 8671 530
18212 -252 5288 -4576 14698 3650
18212 -252 5288 -4576 14698 3650
15948 -2148 2272 -4901 9240 -327
15948 -2148 2272 -4901 9240 -327
15508 -3372 6676 -2457 17352 -1229
15508 -3372 6676 -2457 17352 -1229
14084 -2240 1068 -8309 30678 5553
14084 -2240 1068 -8309 30678 5553
7004 -3248 896 -8899 32767 10531
7004 -3248 896 -8899 32767 10531
-5564 3684 10164 -9653 32767 9428
-5564 3684 10164 -9653 32767 9428
-12108 1024 -5884 -5569 28329 6551
-12108 1024 -5884 -5569 28329 6551
-23224 -340 16552 -7723 17960 11339
-23224 -340 16552 -7723 17960 11339
-17464 -572 20036 -2121 -3740 1525
-17464 -572 20036 -2121 -3740 1525
-3572 -5248 7336 -1657 -6009 302
-3572 -5248 7336 -1657 -6009 302
-28 -5916 9756 77 3336 2001
-28 -5916 9756 77 3336 2001
-1896 -8012 8508 -1926 6361 1798
-1896 -8012 8508 -1926 6361 1798
-3040 -9892 6740 -2473 13222 3024
-3040 -9892 6740 -2473 13222 3024
-13148 -20620 12064 3788 18585 1034
-13148 -20620 12064 3788 18585 1034
-5024 -18140 6640 15282 8952 -10563
-5024 -18140 6640 15282 8952 -10563
-11176 -15476 10864 24015 13364 -7716
-11176 -15476 10864 24015 13364 -7716
-13016 -5452 7564 26174 1878 -14841
-13016 -5452 7564 26174 1878 -14841
-13860 -704 5516 19787 -2677 -13522
-13860 -704 5516 19787 -2677 -13522
-11384 3316 1784 8346 -2405 -15047
-11384 3316 1784 8346 -2405 -15047
-14744 11532 -3868 -4422 930 -5623
-14744 11532 -3868 -4422 930 -5623
8576 -20244 32767 -11416 12677 -8568
8576 -20244 32767 -11416 12677 -8568
-24532 11296 2592 -1089 5829 3397
-24532 11296 2592 -1089 5829 3397
-15272 -11236 2344 -2224 -16200 962
-15272 -11236 2344 -2224 -16200 962
-5468 -8596 6076 -2690 -15255 -1203
-5468 -8596 6076 -2690 -15255 -1203
-4560 -7652 8664 -840 -16767 2611
-4560 -7652 8664 -840 -16767 2611
4148 -10048 5656 1033 -14316 2101
4148 -10048 5656 1033 -14316 2101
120 -9192 9156 4864 -8116 2752
120 -9192 9156 4864 -8116 2752
-7496 -3264 13304 5794 -9067 3641
-7496 -3264 13304 5794 -9067 3641
-412 3596 17116 3190 -9916 2590
-412 3596 17116 3190 -9916 2590
2368 -1740 16268 326 -4377 2319
2368 -1740 16268 326 -4377 2319
-932 -7516 15228 -4517 -3860 2455
-932 -7516 15228 -4517 -3860 2455
4068 -8936 8112 -5182 3107 893
4068 -8936 8112 -5182 3107 893
3240 -13024 8384 -3089 5305 4255
3240 -13024 8384 -3089 5305 4255
-472 -2816 17956 -4591 10365 4966
-472 -2816 17956 -4591 10365 4966
-7240 -1260 23196 -8020 -2305 -3094
-7240 -1260 23196 -8020 -2305 -3094
-2228 -9976 16776 -1592 -9822 -9819
-2228 -9976 16776 -1592 -9822 -9819
1296 -12076 10692 15336 -13535 -16627
1296 -12076 10692 15336 -13535 -16627
-2728 6644 -624 12074 -31266 -27568
-2728 6644 -624 12074 -31266 -27568
4748 -3156 3640 7957 -22584 -18324
4748 -3156 3640 7957 -22584 -18324
11412 -10140 27624 -604 14320 6201
11412 -10140 27624 -604 14320 6201
-4436 -6704 12684 4568 -10048 -3057
-4436 -6704 12684 4568 -10048 -3057
14872 -4312 11160 2887 -7261 -1013
14872 -4312 11160 2887 -7261 -1013
11560 -1036 10944 4969 -2703 -2193
11560 -1036 10944 4969 -2703 -2193
8236 772 14332 2499 -4991 -1315
8236 772 14332 2499 -4991 -1315
11088 -1564 8760 5429 -11600 -6067
11088 -1564 8760 5429 -11600 -6067
12744 1956 7804 3546 -7178 -3736
12744 1956 7804 3546 -7178 -3736
7876 1800 8204 2001 -7892 -3522
7876 1800 8204 2001 -7892 -3522
11648 3360 5788 -1868 -8951 -1660
11648 3360 5788 -1868 -8951 -1660
30236 -12904 30716 1405 -4173 -5803
30236 -12904 30716 1405 -4173 -5803
7920 3240 3252 236 -3355 -295
7920 3240 3252 236 -3355 -295
10448 -1592 8344 2250 -11914 -2375
10448 -1592 8344 2250 -11914 -2375
14696 2884 5624 5103 -13632 -3057
14696 2884 5624 5103 -13632 -3057
20020 4268 1924 2563 -8340 -1409
20020 4268 1924 2563 -8340 -1409
21416 3008 -116 1182 -596 367
21416 3008 -116 1182 -596 367
18916 1532 932 -264 5620 1876
18916 1532 932 -264 5620 1876
17576 1956 -420 -2976 6025 2369
17576 1956 -420 -2976 6025 2369
23568 -540 -484 -7997 8643 69
23568 -540 -484 -7997 8643 69
7780 -6196 4468 -7608 14070 7150
7780 -6196 4468 -7608 14070 7150
8064 2588 9180 -2944 -19157 -8271
8064 2588 9180 -2944 -19157 -8271
-2632 1196 -8 -3415 -12230 -1015
-2632 1196 -8 -3415 -12230 -1015
8476 352 2148 1543 -6297 -4674
8476 352 2148 1543 -6297 -4674
14396 -460 6604 2708 2179 -287
14396 -460 6604 2708 2179 -287
24484 -5892 7200 -668 754 -4638
24484 -5892 7200 -668 754 -4638
13284 8012 3040 -3330 -524 1623
13284 8012 3040 -3330 -524 1623
6476 6932 76 -3520 -1363 157
6476 6932 76 -3520 -1363 157
32767 -10444 11016 -4644 4025 -3333
32767 -10444 11016 -4644 4025 -3333
5172 4132 540 -9561 1183 -358
5172 4132 540 -9561 1183 -358
28684 -1860 5348 -9466 7319 -1190
28684 -1860 5348 -9466 7319 -1190
16204 -4556 3508 -9213 10951 -912
16204 -4556 3508 -9213 10951 -912
12356 -2040 6300 -8058 13285 -2120
12356 -2040 6300 -8058 13285 -2120
16712 -8480 8836 -6120 25961 368
16712 -8480 8836 -6120 25961 368
1376 -1576 1140 -9147 26367 3866
1376 -1576 1140 -9147 26367 3866
-6828 5096 2740 -3177 32767 10600
-6828 5096 2740 -3177 32767 10600
-3428 -1752 5564 -4563 25969 7976
-3428 -1752 5564 -4563 25969 7976
-6568 -7872 15184 1127 21907 6296
-6568 -7872 15184 1127 21907 6296
-3116 -1156 27180 -9109 19491 2986
-3116 -1156 27180 -9109 19491 2986
-12648 -2596 372 -3431 6690 -3888
-12648 -2596 372 -3431 6690 -3888
-2364 -3116 18380 1500 6934 2377
-2364 -3116 18380 1500 6934 2377
-8644 -6256 8824 1403 -3384 -2171
-8644 -6256 8824 1403 -3384 -2171
-2020 -7212 10788 1120 1765 1413
-2020 -7212 10788 1120 1765 1413
-2552 -6544 10684 -696 4041 1884
-2552 -6544 10684 -696 4041 1884
-5952 -5740 14016 -1524 4939 3356
-5952 -5740 14016 -1524 4939 3356
-7728 -3800 12224 -2639 524 2399
-7728 -3800 12224 -2639 524 2399
-6392 -5268 11604 -3908 1324 483
-6392 -5268 11604 -3908 1324 483
-7720 -11504 10312 -1595 5512 -236
-7720 -11504 10312 -1595 5512 -236
-8288 -18524 7752 9329 7737 -3571
-8288 -18524 7752 9329 7737 -3571
-10600 -14416 7924 15898 6952 -6425
-10600 -14416 7924 15898 6952 -6425
-6932 -14204 7712 16616 3313 -14486
-6932 -14204 7712 16616 3313 -14486
-10448 -11460 10712 14524 9058 -11215
-10448 -11460 10712 14524 9058 -11215
-8820 892 5960 4707 4978 -13005
-8820 892 5960 4707 4978 -13005
-13368 17460 -4936 -8766 -2130 -7319
-13368 17460 -4936 -8766 -2130 -7319
-11084 6548 24872 -2694 21486 5643
-11084 6548 24872 -2694 21486 5643
-23576 1040 16904 -1129 1126 -1821
-23576 1040 16904 -1129 1126 -1821
-15060 -14580 4532 -3857 -6399 6548
-15060 -14580 4532 -3857 -6399 6548
2376 -14704 5392 -5179 -5872 -6036
2376 -14704 5392 -5179 -5872 -6036
-12568 -3520 7052 -3305 5094 -461
-12568 -3520 7052 -3305 5094 -461
-11232 -7204 6816 -163 -6990 1668
-11232 -7204 6816 -163 -6990 1668
-2948 -11176 6764 724 -6477 2254
-2948 -11176 6764 724 -6477 2254
-7080 -10940 8040 1304 -5083 4434
-7080 -10940 8040 1304 -5083 4434
-8532 -4076 11924 1790 -6968 4256
-8532 -4076 11924 1790 -6968 4256
-10464 -6828 10764 -745 -11115 4436
-10464 -6828 10764 -745 -11115 4436
-2968 -4636 12640 -1774 -7539 4130
-2968 -4636 12640 -1774 -7539 4130
-3328 -6228 10320 -3120 -3217 3140
-3328 -6228 10320 -3120 -3217 3140
-3024 -13420 8520 -3783 -7231 4270
-3024 -13420 8520 -3783 -7231 4270
-632 -9008 10012 -2187 -1190 3939
-632 -9008 10012 -2187 -1190 3939
-7616 -13548 3060 2712 -2986 558
-7616 -13548 3060 2712 -2986 558
-9752 -9252 2744 4632 -2338 1995
-9752 -9252 2744 4632 -2338 1995
-14192 3292 25592 4485 -25918 -9180
-14192 3292 25592 4485 -25918 -9180
-7640 -6536 14704 2190 -18300 -3274
-7640 -6536 14704 2190 -18300 -3274
6100 -2736 8544 2079 -23514 -13158
6100 -2736 8544 2079 -23514 -13158
4696 -3292 7436 5353 -435 -1478
4696 -3292 7436 5353 -435 -1478
-2524 -10452 21440 -606 -9707 -2664
-2524 -10452 21440 -606 -9707 -2664
324 -6400 10668 6046 -9617 -6874
324 -6400 10668 6046 -9617 -6874
6380 -6828 15436 4734 -11603 -5045
6380 -6828 15436 4734 -11603 -5045
4432 -4508 9020 7012 -13516 -6777
4432 -4508 9020 7012 -13516 -6777
6548 -7492 12540 8531 -18473 -8932
6548 -7492 12540 8531 -18473 -8932
7328 -444 6648 10523 -21092 -9439
7328 -444 6648 10523 -21092 -9439
11912 4428 5092 7314 -19694 -8032
11912 4428 5092 7314 -19694 -8032
13484 2688 5344 5357 -16635 -6272
13484 2688 5344 5357 -16635 -6272
16508 3164 4132 3550 -12976 -4327
16508 3164 4132 3550 -12976 -4327
18168 3408 1892 3056 -10613 -2966
18168 3408 1892 3056 -10613 -2966
17692 4088 1204 3028 -7608 -1693
17692 4088 1204 3028 -7608 -1693
18264 2268 -100 2744 -5840 -1663
18264 2268 -100 2744 -5840 -1663
18280 3532 1124 2344 -2026 248
18280 3532 1124 2344 -2026 248
18900 1672 -184 2551 -896 495
18900 1672 -184 2551 -896 495
21196 316 -2080 2856 2398 941
21196 316 -2080 2856 2398 941
18040 11884 2824 -673 10753 2785
18040 11884 2824 -673 10753 2785
12744 7416 4584 -5034 17449 5611
12744 7416 4584 -5034 17449 5611
-3308 -3080 6344 -2088 6298 4778
-3308 -3080 6344 -2088 6298 4778
10688 1456 7868 3258 -11309 173
10688 1456 7868 3258 -11309 173
16184 3692 -1596 -3026 -12202 988
16184 3692 -1596 -3026 -12202 988
22512 -5084 3112 -4444 -2700 7343
22512 -5084 3112 -4444 -2700 7343
9860 2444 -5916 -7760 -4259 10321
9860 2444 -5916 -7760 -4259 10321
15000 -1196 -1784 -5298 -7957 4706
15000 -1196 -1784 -5298 -7957 4706
22236 -2056 4084 -2091 -486 3815
22236 -2056 4084 -2091 -486 3815
27204 -3864 5372 350 743 -2269
27204 -3864 5372 350 743 -2269
9644 264 -232 1388 3445 -468
9644 264 -232 1388 3445 -468
22700 -10084 6736 -3089 13627 5127
22700 -10084 6736 -3089 13627 5127
11300 5496 -3996 4419 10989 -166
11300 5496 -3996 4419 10989 -166
25596 -3476 9672 -5529 21652 4300
25596 -3476 9672 -5529 21652 4300
13324 -6192 3864 3570 20695 420
13324 -6192 3864 3570 20695 420
5420 7760 -348 -5469 16007 768
5420 7760 -348 -5469 16007 768
18812 -11824 -4540 -6778 32767 5985
18812 -11824 -4540 -6778 32767 5985
2740 7920 5008 -12369 32767 6026
2740 7920 5008 -12369 32767 6026
-11060 -9368 14444 -6953 32767 7464
-11060 -9368 14444 -6953 32767 7464
-12224 -4824 7260 -9187 32353 11615
-12224 -4824 7260 -9187 32353 11615
-32768 -7780 17628 -3064 10659 13136
-32768 -7780 17628 -3064 10659 13136
-16684 -9460 6812 1223 -24986 -3714
-16684 -9460 6812 1223 -24986 -3714
-1928 -4388 10456 237 2011 3205
-1928 -4388 10456 237 2011 3205
-8096 -4880 12924 -1121 4775 3088
-8096 -4880 12924 -1121 4775 3088
-3872 -5560 10424 -2217 -948 -1317
-3872 -5560 10424 -2217 -948 -1317
-5576 -16448 7504 513 8128 462
-5576 -16448 7504 513 8128 462
-9468 -16456 3144 11515 6973 -3018
-9468 -16456 3144 11515 6973 -3018
-12896 -13732 6728 17856 1216 -5568
-12896 -13732 6728 17856 1216 -5568
-7604 -8728 8060 17163 1997 -10271
-7604 -8728 8060 17163 1997 -10271
-9540 -6320 8576 11690 7547 -9911
-9540 -6320 8576 11690 7547 -9911
-12948 -1948 8092 3740 2781 -12274
-12948 -1948 8092 3740 2781 -12274
-6252 -392 6044 -3072 -113 -8088
-6252 -392 6044 -3072 -113 -8088
-5148 1948 8636 -5243 5071 -3268
-5148 1948 8636 -5243 5071 -3268
-8644 14400 14552 -6877 1138 -2238
-8644 14400 14552 -6877 1138 -2238
-26884 6920 28336 56 8293 8729
-26884 6920 28336 56 8293 8729
-19560 1728 3476 91 -13487 4535
-19560 1728 3476 91 -13487 4535
-4224 -6856 -3020 -7102 -11122 -136
-4224 -6856 -3020 -7102 -11122 -136
2152 -5824 3224 -4581 -3548 -26
2152 -5824 3224 -4581 -3548 -26
-6608 -3832 2488 -2834 795 2733
-6608 -3832 2488 -2834 795 2733
-4248 -11236 1548 -1337 -6838 2006
-4248 -11236 1548 -1337 -6838 2006
-9372 -12936 9556 227 -7234 5424
-9372 -12936 9556 227 -7234 5424
-6556 -6056 12880 -2069 -7863 2775
-6556 -6056 12880 -2069 -7863 2775
-1092 -6504 12468 -4303 -3035 3407
-1092 -6504 12468 -4303 -3035 3407
-2176 -8332 11748 -5508 2724 3950
-2176 -8332 11748 -5508 2724 3950
-5532 -9648 11196 -6112 1706 4794
-5532 -9648 11196 -6112 1706 4794
-4336 -9972 3840 -3815 -332 23
-4336 -9972 3840 -3815 -332 23
-7708 -8988 4352 -1534 9119 5378
-7708 -8988 4352 -1534 9119 5378
-5488 -7176 7640 971 1028 2726
-5488 -7176 7640 971 1028 2726
-14420 -7500 3080 1264 -1812 4183
-14420 -7500 3080 1264 -1812 4183
-11220 -7836 8876 518 -10267 2517
-11220 -7836 8876 518 -10267 2517
-20088 -4504 16736 3616 -13509 -6395
-20088 -4504 16736 3616 -13509 -6395
-4484 -4292 7920 3201 -18923 -4821
-4484 -4292 7920 3201 -18923 -4821
-2884 -3040 6068 5062 -23069 -8722
-2884 -3040 6068 5062 -23069 -8722
-684 -2948 7100 6617 -19505 -9137
-684 -2948 7100 6617 -19505 -9137
-3732 -6784 14528 11731 -27332 -9844
-3732 -6784 14528 11731 -27332 -9844
9992 -14256 16908 1425 -32768 -17863
9992 -14256 16908 1425 -32768 -17863
11216 4852 6952 5648 -18379 -11221
11216 4852 6952 5648 -18379 -11221
15028 -6740 9952 3741 -11808 -7293
15028 -6740 9952 3741 -11808 -7293
15188 -224 3316 7930 -17520 -7792
15188 -224 3316 7930 -17520 -7792
16428 2128 3612 5220 -11687 -3829
16428 2128 3612 5220 -11687 -3829
16720 56 3908 3790 -9833 -3834
16720 56 3908 3790 -9833 -3834
17372 280 4496 4006 -7319 -4141
17372 280 4496 4006 -7319 -4141
16792 404 2404 4340 -5819 -3166
16792 404 2404 4340 -5819 -3166
15868 3400 3508 5401 -4060 -2436
15868 3400 3508 5401 -4060 -2436
17020 3596 2560 5645 -4436 -2854
17020 3596 2560 5645 -4436 -2854
18280 2856 744 5606 1366 -4
18280 2856 744 5606 1366 -4
17256 2308 -560 4067 1626 -392
17256 2308 -560 4067 1626 -392
19692 5316 2852 2524 4779 1162
19692 5316 2852 2524 4779 1162
20940 8192 2080 -1791 6874 -1105
20940 8192 2080 -1791 6874 -1105
8132 2988 320 -8007 15781 5667
8132 2988 320 -8007 15781 5667
2548 -2372 9512 -3253 -3346 3261
2548 -2372 9512 -3253 -3346 3261
16112 -6228 4772 -958 -9129 2478
16112 -6228 4772 -958 -9129 2478
32767 -4772 12384 -5334 500 3998
32767 -4772 12384 -5334 500 3998
17824 -8988 4436 -4869 3946 8593
17824 -8988 4436 -4869 3946 8593
16448 -7792 3304 -5861 -5379 731
16448 -7792 3304 -5861 -5379 731
8924 -3932 2968 -2034 -2443 3754
8924 -3932 2968 -2034 -2443 3754
21596 -5288 4828 1353 -8320 -5764
21596 -5288 4828 1353 -8320 -5764
15572 6796 -2408 -3089 3845 2503
15572 6796 -2408 -3089 3845 2503
17204 -5312 8124 478 4383 4960
17204 -5312 8124 478 4383 4960
16700 -524 2872 -1162 8407 4330
16700 -524 2872 -1162 8407 4330
21284 -4824 2204 -328 15008 3382
21284 -4824 2204 -328 15008 3382
21148 -3344 6136 324 18249 4046
21148 -3344 6136 324 18249 4046
9948 3780 944 -2786 20652 6537
9948 3780 944 -2786 20652 6537
-1060 3396 -5696 -2317 21349 7595
-1060 3396 -5696 -2317 21349 7595
18076 -5904 4864 -2281 25878 3310
18076 -5904 4864 -2281 25878 3310
16152 -4184 10584 -6432 32767 8067
16152 -4184 10584 -6432 32767 8067
-5156 3216 7528 -8663 32767 6436
-5156 3216 7528 -8663 32767 6436
-10456 -932 8716 -8859 32767 11930
-10456 -932 8716 -8859 32767 11930
-29104 -9244 10176 -1094 17656 10100
-29104 -9244 10176 -1094 17656 10100
-28600 -7680 9804 383 -2109 4195
-28600 -7680 9804 383 -2109 4195
-7104 -9008 11100 5634 -7305 -5794
-7104 -9008 11100 5634 -7305 -5794
2384 -11984 2780 7735 4355 -4630
2384 -11984 2780 7735 4355 -4630
-6988 -13552 6252 12936 15729 -4494
-6988 -13552 6252 12936 15729 -4494
-18840 -11264 9348 16139 1869 -9510
-18840 -11264 9348 16139 1869 -9510
-6124 -5988 9640 12959 -2080 -9549
-6124 -5988 9640 12959 -2080 -9549
-10960 -1540 10224 4940 6341 -3405
-10960 -1540 10224 4940 6341 -3405
-11200 2692 6212 -1725 -3428 -3988
-11200 2692 6212 -1725 -3428 -3988
-6452 5628 748 -9393 -2711 -1634
-6452 5628 748 -9393 -2711 -1634
-7744 8660 17264 -2882 12809 5650
-7744 8660 17264 -2882 12809 5650
-21284 19376 10248 2532 -1960 -2264
-21284 19376 10248 2532 -1960 -2264
-22552 -7012 14976 1899 51 10041
-22552 -7012 14976 1899 51 10041
-9200 -17492 4700 -2887 -18895 -950
-9200 -17492 4700 -2887 -18895 -950
616 -5404 7276 -3031 -1584 -1946
616 -5404 7276 -3031 -1584 -1946
-10096 -11052 6772 -1541 -3480 -3436
-10096 -11052 6772 -1541 -3480 -3436
-13256 1420 12664 -1436 -4711 394
-13256 1420 12664 -1436 -4711 394
-6216 -7880 9660 -3582 -15287 175
-6216 -7880 9660 -3582 -15287 175
104 -8072 9504 -4601 -7076 3398
104 -8072 9504 -4601 -7076 3398
3384 -14600 8472 -2782 -7350 1261
3384 -14600 8472 -2782 -7350 1261
-6236 -10580 8356 -2728 -5538 4385
-6236 -10580 8356 -2728 -5538 4385
-2488 -8180 10768 376 -7946 3638
-2488 -8180 10768 376 -7946 3638
-1644 -16332 2988 3332 -6986 786
-1644 -16332 2988 3332 -6986 786
-4840 -6492 10888 1823 -8148 1480
-4840 -6492 10888 1823 -8148 1480
-6708 -7548 3636 7111 -9971 -3442
-6708 -7548 3636 7111 -9971 -3442
-2576 -11860 2184 6323 -18235 -5988
-2576 -11860 2184 6323 -18235 -5988
8624 11360 27276 2094 -12178 1643
8624 11360 27276 2094 -12178 1643
21320 13036 32767 -3147 -11146 -9383
21320 13036 32767 -3147 -11146 -9383
10396 -12432 3436 6427 -21033 -11822
10396 -12432 3436 6427 -21033 -11822
12944 10072 23140 -4435 10701 4251
12944 10072 23140 -4435 10701 4251
-3752 -8396 13300 4034 -7764 -6004
-3752 -8396 13300 4034 -7764 -6004
-1036 -2580 14032 6468 -14354 -7437
-1036 -2580 14032 6468 -14354 -7437
9412 -232 11280 6539 -15361 -6839
9412 -232 11280 6539 -15361 -6839
8212 -3148 6660 9129 -15759 -5206
8212 -3148 6660 9129 -15759 -5206
18416 -692 1688 8655 -17433 -6282
18416 -692 1688 8655 -17433 -6282
14428 76 5052 7143 -7658 255
14428 76 5052 7143 -7658 255
18872 892 4140 3776 -10206 -5095
18872 892 4140 3776 -10206 -5095
16688 4092 5628 2023 -1962 -2156
16688 4092 5628 2023 -1962 -2156
8956 -4988 7844 2028 1759 1331
8956 -4988 7844 2028 1759 1331
14888 3228 6416 4037 -9243 -3032
14888 3228 6416 4037 -9243 -3032
18500 1080 3268 4735 -5188 -1319
18500 1080 3268 4735 -5188 -1319
17396 3988 5152 5631 -1880 -903
17396 3988 5152 5631 -1880 -903
12104 1412 8488 8337 -1115 791
12104 1412 8488 8337 -1115 791
15016 1400 1812 6317 -4229 1657
15016 1400 1812 6317 -4229 1657
26864 2016 -1876 2912 -29 321
26864 2016 -1876 2912 -29 321
20016 8416 3132 -1622 9306 3648
20016 8416 3132 -1622 9306 3648
6924 6404 1836 -14495 13247 6604
6924 6404 1836 -14495 13247 6604
6672 -7640 4100 -5129 -3222 8420
6672 -7640 4100 -5129 -3222 8420
18472 1668 -1148 -3856 -17455 -3042
18472 1668 -1148 -3856 -17455 -3042
17604 -2520 128 -2767 -2389 2726
17604 -2520 128 -2767 -2389 2726
15112 -8348 -484 3439 -3947 553
15112 -8348 -484 3439 -3947 553
24140 -6792 4412 -2056 -7024 -703
24140 -6792 4412 -2056 -7024 -703
25868 2968 2484 5548 -5443 -5211
25868 2968 2484 5548 -5443 -5211
26584 -12412 3456 -1119 7548 2122
26584 -12412 3456 -1119 7548 2122
21492 -3212 6252 -84 13996 5509
21492 -3212 6252 -84 13996 5509
28624 -6892 9632 1817 12059 2815
28624 -6892 9632 1817 12059 2815
24260 1000 -668 2711 21260 2837
24260 1000 -668 2711 21260 2837
17732 12768 -4268 -5905 32767 14865
17732 12768 -4268 -5905 32767 14865
-356 -2900 2184 -5497 32767 11957
-356 -2900 2184 -5497 32767 11957
6904 -9520 4468 -1994 27114 5338
6904 -9520 4468 -1994 27114 5338
2876 10908 14476 -8634 26996 5391
2876 10908 14476 -8634 26996 5391
-4616 236 5380 -6257 29639 8159
-4616 236 5380 -6257 29639 8159
-6472 -6344 10540 -5037 27982 8901
-6472 -6344 10540 -5037 27982 8901
-22988 -4152 17312 -2139 10260 3836
-22988 -4152 17312 -2139 10260 3836
-12660 -6404 12980 -1925 5749 4037
-12660 -6404 12980 -1925 5749 4037
-5508 -5172 11988 -2144 3734 1834
-5508 -5172 11988 -2144 3734 1834
-9304 -9744 10576 -3782 5403 4753
-9304 -9744 10576 -3782 5403 4753
-10852 -11664 6928 -622 -92 -573
-10852 -11664 6928 -622 -92 -573
-6572 -22664 7396 18457 -6717 -9998
-6572 -22664 7396 18457 -6717 -9998
2128 -14380 6252 26497 12513 -8009
2128 -14380 6252 26497 12513 -8009
-15332 -12572 3172 25990 10139 -11115
-15332 -12572 3172 25990 10139 -11115
-8828 -7652 2356 15268 -386 -22591
-8828 -7652 2356 15268 -386 -22591
-3376 4000 -4768 -2603 9049 -16906
-3376 4000 -4768 -2603 9049 -16906
-22992 28228 -15924 -29541 -5600 -17081
-22992 28228 -15924 -29541 -5600 -17081
-32768 -6424 32767 6152 32767 27090
-32768 -6424 32767 6152 32767 27090
-8192 -7376 1452 5504 -32768 4528
-8192 -7376 1452 5504 -32768 4528
728 -20172 996 -204 -6239 7611
728 -20172 996 -204 -6239 7611
-3344 -17064 6576 -10 -4764 3544
-3344 -17064 6576 -10 -4764 3544
-14828 -2300 12240 449 -4278 3631
-14828 -2300 12240 449 -4278 3631
-5904 -6588 10484 -580 -9369 3195
-5904 -6588 10484 -580 -9369 3195
-6732 -7864 12540 -3356 -6955 6210
-6732 -7864 12540 -3356 -6955 6210
-3568 -1572 12536 -3660 -4208 4707
-3568 -1572 12536 -3660 -4208 4707
-3196 -8160 10400 -4558 -4980 3363
-3196 -8160 10400 -4558 -4980 3363
476 -6568 8964 -4719 -3148 5158
476 -6568 8964 -4719 -3148 5158
-13668 -12004 4448 -4108 -1320 3182
-13668 -12004 4448 -4108 -1320 3182
-12264 2416 12056 -4300 -13219 -1746
-12264 2416 12056 -4300 -13219 -1746
-15680 -11968 3280 963 -27271 -7194
-15680 -11968 3280 963 -27271 -7194
3092 -3288 11768 7576 -24390 -9753
3092 -3288 11768 7576 -24390 -9753
-1784 1952 10296 7287 -25094 -10019
-1784 1952 10296 7287 -25094 -10019
10472 12132 32767 4710 -6003 -185
10472 12132 32767 4710 -6003 -185
6120 -3228 4144 7650 -30524 -18616
6120 -3228 4144 7650 -30524 -18616
10200 2920 6072 5078 -11513 -2296
10200 2920 6072 5078 -11513 -2296
14660 -180 8412 7596 -22287 -11156
14660 -180 8412 7596 -22287 -11156
19108 732 3900 9124 -6778 -1864
19108 732 3900 9124 -6778 -1864
13500 1476 2396 7699 -4379 -1164
13500 1476 2396 7699 -4379 -1164
11416 2164 5888 7785 -7523 -1737
11416 2164 5888 7785 -7523 -1737
16436 2444 3104 6457 -7617 -2598
16436 2444 3104 6457 -7617 -2598
15108 1600 5676 7535 -7508 -2284
15108 1600 5676 7535 -7508 -2284
16880 1920 2844 6050 -7747 -2529
16880 1920 2844 6050 -7747 -2529
18164 5820 656 5805 -6349 -2492
18164 5820 656 5805 -6349 -2492
19140 4752 -1640 5384 -730 -715
19140 4752 -1640 5384 -730 -715
16520 6556 -4080 3594 1091 -164
16520 6556 -4080 3594 1091 -164
16292 8636 372 -1309 1911 886
16292 8636 372 -1309 1911 886
21740 6944 3036 -6800 7212 1022
21740 6944 3036 -6800 7212 1022
13452 5948 1952 -10587 11419 3637
13452 5948 1952 -10587 11419 3637
-1444 -612 5864 -12497 4425 8439
-1444 -612 5864 -12497 4425 8439
15660 -9988 8908 1696 -11236 -954
15660 -9988 8908 1696 -11236 -954
21564 -6084 -564 -2203 -3588 1688
21564 -6084 -564 -2203 -3588 1688
17712 -2400 -812 -4151 -234 4893
17712 -2400 -812 -4151 -234 4893
12956 -5528 628 -4899 1516 7853
12956 -5528 628 -4899 1516 7853
12668 -4716 7308 -6270 -3823 5296
12668 -4716 7308 -6270 -3823 5296
10908 -6672 5804 351 -13711 115
10908 -6672 5804 351 -13711 115
28364 -1132 -3548 2697 -15032 -7316
28364 -1132 -3548 2697 -15032 -7316
22612 -5136 1128 257 10927 2147
22612 -5136 1128 257 10927 2147
14896 -2620 1848 3258 15114 3817
14896 -2620 1848 3258 15114 3817
23228 -928 7668 3137 17524 4740
23228 -928 7668 3137 17524 4740
23228 -1808 7672 -82 23279 7292
23228 -1808 7672 -82 23279 7292
16356 -1396 -2148 4349 26924 108
16356 -1396 -2148 4349 26924 108
-624 3476 -11400 3058 26319 1377
-624 3476 -11400 3058 26319 1377
32767 8012 27068 -17491 908 -9917
32767 8012 27068 -17491 908 -9917
416 19020 -4700 -10893 32767 8727
416 19020 -4700 -10893 32767 8727
-10216 1928 20040 -3902 22351 8526
-10216 1928 20040 -3902 22351 8526
-14816 -4992 10288 1036 -3309 -6741
-14816 -4992 10288 1036 -3309 -6741
-4852 -2548 15368 3193 -1400 -2527
-4852 -2548 15368 3193 -1400 -2527
-1216 -1056 8544 1927 -6902 -5096
-1216 -1056 8544 1927 -6902 -5096
10280 -9624 19052 1311 4723 2844
10280 -9624 19052 1311 4723 2844
1204 -1388 7596 660 5956 2700
1204 -1388 7596 660 5956 2700
9660 -10224 16632 -2020 6717 4996
9660 -10224 16632 -2020 6717 4996
1488 -6284 9028 -1628 14842 7093
1488 -6284 9028 -1628 14842 7093
-10324 -12708 5472 2194 14395 5867
-10324 -12708 5472 2194 14395 5867
-5596 -8424 18156 -328 6468 -4287
-5596 -8424 18156 -328 6468 -4287
-3276 -15480 20216 6397 11973 -3536
-3276 -15480 20216 6397 11973 -3536
-2080 -16364 12420 15437 10694 -16291
-2080 -16364 12420 15437 10694 -16291
1172 -14068 7044 16196 16171 -21526
1172 -14068 7044 16196 16171 -21526
-8500 -4132 6728 13226 9030 -25261
-8500 -4132 6728 13226 9030 -25261
-14976 13604 -4280 4944 4439 -13447
-14976 13604 -4280 4944 4439 -13447
-32008 15880 16688 -2600 -5331 6867
-32008 15880 16688 -2600 -5331 6867
-22212 -17096 32767 -3729 11928 3229
-22212 -17096 32767 -3729 11928 3229
-1468 -20956 15048 4872 -5829 3837
-1468 -20956 15048 4872 -5829 3837
-3448 -9792 4268 879 -5603 667
-3448 -9792 4268 879 -5603 667
-644 -3996 10704 765 -5200 -2007
-644 -3996 10704 765 -5200 -2007
-6652 -1832 12708 496 463 2024
-6652 -1832 12708 496 463 2024
-7200 -4832 13052 -942 -622 5631
-7200 -4832 13052 -942 -622 5631
-3800 -4692 13684 -1990 -1431 8369
-3800 -4692 13684 -1990 -1431 8369
-3344 -3272 9664 -3400 -6887 4223
-3344 -3272 9664 -3400 -6887 4223
-7900 -764 14456 -4375 -4440 8610
-7900 -764 14456 -4375 -4440 8610
-9336 -2760 12992 -4099 -17579 10141
-9336 -2760 12992 -4099 -17579 10141
-6116 -9668 7256 -6204 -31664 3817
-6116 -9668 7256 -6204 -31664 3817
1356 -9932 6336 -3668 -32768 -8619
1356 -9932 6336 -3668 -32768 -8619
12888 -10036 1564 3205 -16962 -8016
12888 -10036 1564 3205 -16962 -8016
7280 -7556 32767 -8594 -9536 3588
7280 -7556 32767 -8594 -9536 3588
7016 -6424 16436 11090 -12416 -9837
7016 -6424 16436 11090 -12416 -9837
3908 176 8864 9009 -8069 -3907
3908 176 8864 9009 -8069 -3907
7928 492 9176 6002 -9943 -2128
7928 492 9176 6002 -9943 -2128
8472 -6400 13808 3859 -9986 -62
8472 -6400 13808 3859 -9986 -62
15636 2520 1000 7651 -19615 -7459
15636 2520 1000 7651 -19615 -7459
9804 -576 7520 7997 -12006 -2131
9804 -576 7520 7997 -12006 -2131
17608 592 5084 6593 -10361 -2851
17608 592 5084 6593 -10361 -2851
15660 1236 1936 5993 -14150 -5959
15660 1236 1936 5993 -14150 -5959
17136 1480 2756 6097 -9599 -2533
17136 1480 2756 6097 -9599 -2533
15524 3456 4200 6940 -9871 -3399
15524 3456 4200 6940 -9871 -3399
18908 4972 264 7843 -7639 -3009
18908 4972 264 7843 -7639 -3009
18724 4548 -3120 7814 -1192 -613
18724 4548 -3120 7814 -1192 -613
19088 4092 -1120 5172 896 -558
19088 4092 -1120 5172 896 -558
18180 6976 -1064 2085 3829 314
18180 6976 -1064 2085 3829 314
15344 13584 -3380 -7075 3882 -164
15344 13584 -3380 -7075 3882 -164
17864 164 2504 -14941 10615 4035
17864 164 2504 -14941 10615 4035
10504 -6876 4068 -12086 4828 7408
10504 -6876 4068 -12086 4828 7408
14512 -1440 2836 -545 -6142 4949
14512 -1440 2836 -545 -6142 4949
16676 -7020 -1920 -4396 -570 3409
16676 -7020 -1920 -4396 -570 3409
7124 1116 512 -5070 582 8722
7124 1116 512 -5070 582 8722
17504 -7432 4812 568 -9945 -460
17504 -7432 4812 568 -9945 -460
19932 -5976 5420 -1408 -19228 -3013
19932 -5976 5420 -1408 -19228 -3013
20280 -3584 2256 2468 -8964 -1418
20280 -3584 2256 2468 -8964 -1418
18980 4424 -1076 11677 -13923 -7890
18980 4424 -1076 11677 -13923 -7890
27916 -6552 -2260 1547 11967 3883
27916 -6552 -2260 1547 11967 3883
19952 5708 -132 -990 17271 3939
19952 5708 -132 -990 17271 3939
24036 -4996 2072 1269 21635 3755
24036 -4996 2072 1269 21635 3755
20652 2308 4448 -2453 27320 3389
20652 2308 4448 -2453 27320 3389
20600 148 8944 -3058 32767 7897
20600 148 8944 -3058 32767 7897
11648 7872 -3272 -11657 29413 1925
11648 7872 -3272 -11657 29413 1925
7016 -5864 8836 -7734 32767 11682
7016 -5864 8836 -7734 32767 11682
-3192 -5900 5780 -6146 32767 5833
-3192 -5900 5780 -6146 32767 5833
-18424 3672 11124 -9870 32767 14627
-18424 3672 11124 -9870 32767 14627
-29200 -6560 15768 -5268 12533 2493
-29200 -6560 15768 -5268 12533 2493
-9516 -7880 15340 -2015 -5725 406
-9516 -7880 15340 -2015 -5725 406
-4708 -6288 9032 -2456 -3580 2840
-4708 -6288 9032 -2456 -3580 2840
-7232 -9348 5484 -2631 506 4286
-7232 -9348 5484 -2631 506 4286
-4792 -11868 4108 2264 111 -200
-4792 -11868 4108 2264 111 -200
-4092 -15216 4328 5058 13232 -398
-4092 -15216 4328 5058 13232 -398
-8032 -17864 4212 15044 15832 -3480
-8032 -17864 4212 15044 15832 -3480
-13340 -14264 15676 19104 10294 -7695
-13340 -14264 15676 19104 10294 -7695
-7860 -9116 9456 18373 243 -15290
-7860 -9116 9456 18373 243 -15290
-4716 -4084 7480 14999 2818 -10157
-4716 -4084 7480 14999 2818 -10157
-11600 3648 288 7647 -3007 -5642
-11600 3648 288 7647 -3007 -5642
-14240 20560 -11628 -13618 -6500 382
-14240 20560 -11628 -13618 -6500 382
-12628 2028 26428 -7708 14970 12314
-12628 2028 26428 -7708 14970 12314
-32768 22788 -2316 4309 -23048 -4781
-32768 22788 -2316 4309 -23048 -4781
-2888 -3500 3868 2514 -8089 2631
-2888 -3500 3868 2514 -8089 2631
-2056 -10604 14092 3760 -10603 -1486
-2056 -10604 14092 3760 -10603 -1486
-1044 -620 11456 1207 -7431 -2458
-1044 -620 11456 1207 -7431 -2458
-3112 -2868 13348 990 -2109 854
-3112 -2868 13348 990 -2109 854
-2128 -3312 11440 -218 -2126 785
-2128 -3312 11440 -218 -2126 785
-2168 -3280 13168 -515 3352 2384
-2168 -3280 13168 -515 3352 2384
-5620 -1256 10148 -2290 2515 2991
-5620 -1256 10148 -2290 2515 2991
-4796 -2452 9920 -1059 3578 4388
-4796 -2452 9920 -1059 3578 4388
-6340 -3788 14128 -1435 1087 6075
-6340 -3788 14128 -1435 1087 6075
-15536 -936 11416 -3390 -4686 7596
-15536 -936 11416 -3390 -4686 7596
-4548 4080 19292 -2770 -20020 6104
-4548 4080 19292 -2770 -20020 6104
808 -6312 14632 -5092 -28622 7397
808 -6312 14632 -5092 -28622 7397
3368 -15352 4800 -6061 -19673 388
3368 -15352 4800 -6061 -19673 388
-8408 -7808 5744 -5574 -10164 -5772
-8408 -7808 5744 -5574 -10164 -5772
-2932 -1120 15388 371 -13253 -5862
-2932 -1120 15388 371 -13253 -5862
-5004 -4916 6924 6204 -14076 -5524
-5004 -4916 6924 6204 -14076 -5524
7184 -3096 18040 5809 -26274 -11456
7184 -3096 18040 5809 -26274 -11456
18328 4328 18468 6584 -25449 -7327
18328 4328 18468 6584 -25449 -7327
9140 -5068 4480 6178 -14252 -6612
9140 -5068 4480 6178 -14252 -6612
8976 2416 7948 8135 -22403 -5550
8976 2416 7948 8135 -22403 -5550
17244 2980 364 6994 -20047 -6932
17244 2980 364 6994 -20047 -6932
20896 2272 -900 3946 -16887 -6351
20896 2272 -900 3946 -16887 -6351
21488 5928 -396 294 -8679 -4420
21488 5928 -396 294 -8679 -4420
16696 2004 -468 1165 -2674 -2580
16696 2004 -468 1165 -2674 -2580
16624 1504 2844 2675 -469 -1252
16624 1504 2844 2675 -469 -1252
16548 -692 4800 6823 2546 -226
16548 -692 4800 6823 2546 -226
19352 -1512 3552 11489 4083 494
19352 -1512 3552 11489 4083 494
17336 7824 3280 7010 1425 -2444
17336 7824 3280 7010 1425 -2444
14576 10056 -2464 2499 8649 5608
14576 10056 -2464 2499 8649 5608
1244 9372 -452 -11627 3138 7311
1244 9372 -452 -11627 3138 7311
21368 -8376 7512 -6382 -892 6460
21368 -8376 7512 -6382 -892 6460
6468 3668 -2828 -703 -5963 6361
6468 3668 -2828 -703 -5963 6361
24228 -1016 -4436 -8687 -6480 4657
24228 -1016 -4436 -8687 -6480 4657
17048 -8376 3648 -6615 9537 10166
17048 -8376 3648 -6615 9537 10166
-380 -15144 4768 4711 -24269 -10544
-380 -15144 4768 4711 -24269 -10544
24768 8688 -11604 8985 -32768 -15280
24768 8688 -11604 8985 -32768 -15280
31584 88 -832 -6008 6465 -3007
31584 88 -832 -6008 6465 -3007
7980 5100 -1932 -546 4657 4952
7980 5100 -1932 -546 4657 4952
28088 -4056 -4176 2470 2309 -1419
28088 -4056 -4176 2470 2309 -1419
21128 11424 -2368 -4250 20839 10638
21128 11424 -2368 -4250 20839 10638
28792 -1752 3016 -1128 18695 3239
28792 -1752 3016 -1128 18695 3239
15700 7264 -472 -3337 32767 10923
15700 7264 -472 -3337 32767 10923
460 -2072 -5524 -4496 28238 2899
460 -2072 -5524 -4496 28238 2899
10344 -1412 5292 -3836 27445 6820
10344 -1412 5292 -3836 27445 6820
148 11200 4360 -7927 31149 7312
148 11200 4360 -7927 31149 7312
832 560 18628 -10109 32767 12915
832 560 18628 -10109 32767 12915
-2200 -5880 8744 -5074 23331 7866
-2200 -5880 8744 -5074 23331 7866
-11796 -4120 5852 -7021 28789 11636
-11796 -4120 5852 -7021 28789 11636
-29356 -8164 16376 -4318 16240 9751
-29356 -8164 16376 -4318 16240 9751
-16188 -6840 13408 -1156 -12323 -2879
-16188 -6840 13408 -1156 -12323 -2879
-3620 -8296 6204 -1172 -2934 2466
-3620 -8296 6204 -1172 -2934 2466
-10960 -14548 7184 4386 -2090 -594
-10960 -14548 7184 4386 -2090 -594
3036 -17648 3544 15352 -785 -9672
3036 -17648 3544 15352 -785 -9672
-6684 -16184 5544 21117 19211 -3792
-6684 -16184 5544 21117 19211 -3792
-12160 -13732 5160 22129 7592 -11002
-12160 -13732 5160 22129 7592 -11002
-448 -4520 3668 14566 3672 -17242
-448 -4520 3668 14566 3672 -17242
-11500 -916 1364 2117 9055 -9793
-11500 -916 1364 2117 9055 -9793
-5808 11708 -4052 -17313 -4378 -13274
-5808 11708 -4052 -17313 -4378 -13274
-10876 652 32767 -6860 27752 3585
-10876 652 32767 -6860 27752 3585
-32768 31112 7568 6445 -11628 1994
-32768 31112 7568 6445 -11628 1994
-8652 6500 -2816 2976 -16105 12081
-8652 6500 -2816 2976 -16105 12081
-10344 468 -12576 -6401 -13538 5372
-10344 468 -12576 -6401 -13538 5372
-10720 -8648 6624 -6154 -9484 528
-10720 -8648 6624 -6154 -9484 528
-2484 -10044 6944 -6161 -9120 -2857
-2484 -10044 6944 -6161 -9120 -2857
1872 -7412 8368 -3758 -1505 -154
1872 -7412 8368 -3758 -1505 -154
-7044 -6724 9468 -1087 421 2063
-7044 -6724 9468 -1087 421 2063
-5368 -7368 9964 -170 -3517 2429
-5368 -7368 9964 -170 -3517 2429
-6660 -6020 11888 -1531 -2773 5567
-6660 -6020 11888 -1531 -2773 5567
-1104 -7160 9008 -2520 -2270 3020
-1104 -7160 9008 -2520 -2270 3020
-2452 -8980 9396 -2236 999 5788
-2452 -8980 9396 -2236 999 5788
-3904 -6224 11820 -2499 3624 6045
-3904 -6224 11820 -2499 3624 6045
-10264 -7796 9172 -2621 5571 5394
-10264 -7796 9172 -2621 5571 5394
-16752 -5684 10704 -713 -7756 2822
-16752 -5684 10704 -713 -7756 2822
-16920 -8720 9312 -3113 -16435 -3549
-16920 -8720 9312 -3113 -16435 -3549
432 -11700 6900 2259 -23573 -4348
432 -11700 6900 2259 -23573 -4348
-2940 -320 5364 5566 -20815 -12194
-2940 -320 5364 5566 -20815 -12194
368 -6852 15116 11421 -19451 -8879
368 -6852 15116 11421 -19451 -8879
-3372 1188 8456 11411 -19150 -10155
-3372 1188 8456 11411 -19150 -10155
4032 -20484 25392 -275 -30767 -9577
4032 -20484 25392 -275 -30767 -9577
5436 2292 10980 8632 -22921 -12268
5436 2292 10980 8632 -22921 -12268
5988 -5156 8292 10114 -25138 -9626
5988 -5156 8292 10114 -25138 -9626
23688 1400 3328 9318 -16557 -5460
23688 1400 3328 9318 -16557 -5460
18804 4612 1420 8170 -10863 -5444
18804 4612 1420 8170 -10863 -5444
17116 3560 4268 6186 -259 -392
17116 3560 4268 6186 -259 -392
11432 2360 5728 3884 -2498 -1980
11432 2360 5728 3884 -2498 -1980
12700 4476 6252 3034 -6083 -3147
12700 4476 6252 3034 -6083 -3147
13644 704 6968 2914 -6402 -1992
13644 704 6968 2914 -6402 -1992
15080 2524 4556 5055 -7996 -1670
15080 2524 4556 5055 -7996 -1670
17292 3172 952 5986 -5377 259
17292 3172 952 5986 -5377 259
21704 4852 -520 1812 -2667 -698
21704 4852 -520 1812 -2667 -698
18704 4760 1776 -4862 4690 1622
18704 4760 1776 -4862 4690 1622
9676 3780 6348 -8869 4477 1202
9676 3780 6348 -8869 4477 1202
10056 -3472 8392 711 -5256 539
10056 -3472 8392 711 -5256 539
17380 7768 -304 4967 -9715 -1718
17380 7768 -304 4967 -9715 -1718
30084 8144 -4084 -4921 4859 6337
30084 8144 -4084 -4921 4859 6337
13864 572 3412 -8241 12898 10883
13864 572 3412 -8241 12898 10883
11540 -6392 2760 -11110 6970 11676
11540 -6392 2760 -11110 6970 11676
14680 -196 6816 -6900 -23 5607
14680 -196 6816 -6900 -23 5607
12832 -8068 2736 -2408 6851 5964
12832 -8068 2736 -2408 6851 5964
17424 -7260 5644 2142 248 -2910
17424 -7260 5644 2142 248 -2910
10952 6724 5604 378 1736 1454
10952 6724 5604 378 1736 1454
19468 -1896 5112 32 5401 -497
19468 -1896 5112 32 5401 -497
15288 -512 5088 -2774 8932 1939
15288 -512 5088 -2774 8932 1939
12680 7556 7480 -7963 15454 6321
12680 7556 7480 -7963 15454 6321
9544 -4248 3360 -6274 16379 3029
9544 -4248 3360 -6274 16379 3029
4824 52 3100 -3242 13158 2146
4824 52 3100 -3242 13158 2146
15596 -6644 4540 -3475 22325 1576
15596 -6644 4540 -3475 22325 1576
13816 -7856 13332 -9615 32767 14904
13816 -7856 13332 -9615 32767 14904
-2136 -7804 7788 -5464 32767 12239
-2136 -7804 7788 -5464 32767 12239
-9700 2772 -672 -3235 23069 3341
-9700 2772 -672 -3235 23069 3341
-11904 -2036 17948 -2207 21539 11559
-11904 -2036 17948 -2207 21539 11559
-27028 -6000 17652 3375 -1799 9940
-27028 -6000 17652 3375 -1799 9940
-14580 -6212 10732 -800 -9749 -1223
-14580 -6212 10732 -800 -9749 -1223
-2896 180 11200 776 -2055 622
-2896 180 11200 776 -2055 622
3380 -10676 4328 -429 4902 -4927
3380 -10676 4328 -429 4902 -4927
-9264 -16456 7760 4528 26095 1937
-9264 -16456 7760 4528 26095 1937
-13504 -16532 4364 11558 8483 -6608
-13504 -16532 4364 11558 8483 -6608
-11448 -15560 9764 15206 3963 -5853
-11448 -15560 9764 15206 3963 -5853
-7052 -11528 8696 13036 6126 -9489
-7052 -11528 8696 13036 6126 -9489
-11320 592 2780 5058 7964 -3852
-11320 592 2780 5058 7964 -3852
-15172 9964 -4656 -10555 52 -6996
-15172 9964 -4656 -10555 52 -6996
-6108 3124 32767 -9292 24857 2455
-6108 3124 32767 -9292 24857 2455
-32768 32712 4064 2901 -10194 -2432
-32768 32712 4064 2901 -10194 -2432
-6508 -8540 1768 -595 -19821 7998
-6508 -8540 1768 -595 -19821 7998
1864 -14128 8424 -8110 -17698 -303
1864 -14128 8424 -8110 -17698 -303
2464 -14072 7084 -7190 -3082 3440
2464 -14072 7084 -7190 -3082 3440
-7796 -17048 7632 -4184 -1243 1259
-7796 -17048 7632 -4184 -1243 1259
-1304 -15292 5264 -2712 -1807 1318
-1304 -15292 5264 -2712 -1807 1318
-3768 -6688 8544 -619 1499 2058
-3768 -6688 8544 -619 1499 2058
-7524 -11356 8356 -565 75 3449
-7524 -11356 8356 -565 75 3449
-4660 -5460 10448 -839 -266 5101
-4660 -5460 10448 -839 -266 5101
-4560 -14496 3320 265 490 3210
-4560 -14496 3320 265 490 3210
-8752 -8392 2980 1820 4376 4682
-8752 -8392 2980 1820 4376 4682
-11768 -8360 3460 5614 2764 542
-11768 -8360 3460 5614 2764 542
-26736 2120 24336 7397 -16486 4995
-26736 2120 24336 7397 -16486 4995
-14240 664 14052 1954 -28819 -5681
-14240 664 14052 1954 -28819 -5681
4572 -4792 4456 3848 -32768 -9755
4572 -4792 4456 3848 -32768 -9755
9828 -2160 10968 2480 -12071 -6578
9828 -2160 10968 2480 -12071 -6578
-5648 -4504 9512 4617 -5424 -7555
-5648 -4504 9512 4617 -5424 -7555
-740 -21276 19284 -665 -15405 -10383
-740 -21276 19284 -665 -15405 -10383
-4668 -1424 9612 5485 -15179 -6406
-4668 -1424 9612 5485 -15179 -6406
4144 -2996 9640 7148 -24153 -5862
4144 -2996 9640 7148 -24153 -5862
13736 -3160 8488 6081 -18163 -2520
13736 -3160 8488 6081 -18163 -2520
14104 -1888 7200 3719 -12611 120
14104 -1888 7200 3719 -12611 120
18724 -328 7844 1299 -5260 -680
18724 -328 7844 1299 -5260 -680
17224 292 6968 288 5923 3739
17224 292 6968 288 5923 3739
15072 -2092 9120 -1663 9372 3025
15072 -2092 9120 -1663 9372 3025
10844 -2528 9892 -2130 12802 2885
10844 -2528 9892 -2130 12802 2885
7688 -3868 10572 -2512 13946 3087
7688 -3868 10572 -2512 13946 3087
5548 -4444 10692 -2535 13506 3498
5548 -4444 10692 -2535 13506 3498
2696 -4296 12672 -2321 13202 3742
2696 -4296 12672 -2321 13202 3742
312 -4504 12104 -1420 9690 2776
312 -4504 12104 -1420 9690 2776
1612 -5512 13256 -1211 8654 2583
1612 -5512 13256 -1211 8654 2583
-896 -5584 13404 -626 6247 1460
-896 -5584 13404 -626 6247 1460
-1896 -6192 13464 -366 3024 472
-1896 -6192 13464 -366 3024 472
-2392 -6508 13200 389 -841 -247
-2392 -6508 13200 389 -841 -247
-488 -7328 13476 686 -3232 -559
-488 -7328 13476 686 -3232 -559
1288 -6064 12996 1294 -4006 -390
1288 -6064 12996 1294 -4006 -390
2120 -5224 12456 1294 -3504 -412
2120 -5224 12456 1294 -3504 -412
3336 -5080 12536 864 -2284 -41
3336 -5080 12536 864 -2284 -41
3880 -5160 12860 562 -885 -66
3880 -5160 12860 562 -885 -66
3692 -5256 12844 387 684 106
3692 -5256 12844 387 684 106
2756 -5348 12704 291 1584 275
2756 -5348 12704 291 1584 275
2008 -5676 12728 182 1724 160
2008 -5676 12728 182 1724 160
1648 -5452 12900 192 1832 207
1648 -5452 12900 192 1832 207
1308 -5840 12832 127 1700 234
1308 -5840 12832 127 1700 234
1552 -5844 12700 180 1595 131
1552 -5844 12700 180 1595 131
1368 -5928 12804 132 1698 180
1368 -5928 12804 132 1698 180
924 -5744 12588 -50 1779 382
924 -5744 12588 -50 1779 382
712 -6040 12744 11 1481 324
712 -6040 12744 11 1481 324
352 -5956 12844 157 1590 403
352 -5956 12844 157 1590 403
164 -6308 12816 224 1190 208
164 -6308 12816 224 1190 208
32 -6132 12964 323 871 104
32 -6132 12964 323 871 104
-72 -6260 12608 416 349 48
-72 -6260 12608 416 349 48
200 -6280 12732 432 307 -10
200 -6280 12732 432 307 -10
-200 -6056 12608 461 -35 -56
-200 -6056 12608 461 -35 -56
400 -6200 12756 544 -184 -82
400 -6200 12756 544 -184 -82
144 -6280 12652 538 -159 36
144 -6280 12652 538 -159 36
68 -6124 12644 501 -269 10
68 -6124 12644 501 -269 10
-8 -6160 12888 532 -624 -152
-8 -6160 12888 532 -624 -152
-52 -6228 12756 658 -1231 -376
-52 -6228 12756 658 -1231 -376
92 -6196 13064 829 -1834 -387
92 -6196 13064 829 -1834 -387
468 -6024 12740 1073 -2337 -491
468 -6024 12740 1073 -2337 -491
1304 -6064 12596 971 -2201 -379
1304 -6064 12596 971 -2201 -379
1652 -5744 12704 935 -1972 -421
1652 -5744 12704 935 -1972 -421
2092 -5840 12784 789 -1432 -230
2092 -5840 12784 789 -1432 -230
1916 -5612 12880 754 -1194 -300
1916 -5612 12880 754 -1194 -300
2300 -5864 12776 653 -665 -62
2300 -5864 12776 653 -665 -62
2260 -5896 12592 621 -349 -75
2260 -5896 12592 621 -349 -75
2168 -5904 12688 523 99 103
2168 -5904 12688 523 99 103
2080 -5692 12908 506 323 34
2080 -5692 12908 506 323 34
1888 -6044 12800 465 340 -14
1888 -6044 12800 465 340 -14
1492 -5980 12924 474 156 47
1492 -5980 12924 474 156 47
1620 -5848 12936 629 -197 -98
1620 -5848 12936 629 -197 -98
1632 -5940 12760 734 -294 42
1632 -5940 12760 734 -294 42
2108 -5832 12560 697 -340 -74
2108 -5832 12560 697 -340 -74
2556 -5780 12740 531 220 52
2556 -5780 12740 531 220 52
2100 -5896 12740 407 921 217
2100 -5896 12740 407 921 217
1684 -5700 12836 439 983 213
1684 -5700 12836 439 983 213
1560 -5872 12956 571 798 40
1560 -5872 12956 571 798 40
1324 -6044 12676 559 751 18
1324 -6044 12676 559 751 18
1324 -6108 12936 483 540 123
1324 -6108 12936 483 540 123
1492 -6016 12792 488 480 124
1492 -6016 12792 488 480 124
1440 -5860 12988 470 638 116
1440 -5860 12988 470 638 116
1192 -5756 12704 436 522 100
1192 -5756 12704 436 522 100
1168 -5876 12984 522 625 104
1168 -5876 12984 522 625 104
1096 -6040 12672 528 579 91
1096 -6040 12672 528 579 91
744 -6136 12840 495 428 68
744 -6136 12840 495 428 68
668 -6224 12668 533 36 55
668 -6224 12668 533 36 55
748 -6100 12908 518 -354 -21
