284 799 -884 131 0 15410506
284 799 -884 131 0 15410506
2880 -3920 13196 685 -966 32
2880 -3920 13196 685 -966 32
3356 -3876 13276 826 -867 -75
3356 -3876 13276 826 -867 -75
3476 -3912 13400 772 -539 -182
3476 -3912 13400 772 -539 -182
2980 -3816 13300 581 -317 -99
2980 -3816 13300 581 -317 -99
3304 -3920 13436 725 -687 -97
3304 -3920 13436 725 -687 -97
3208 -3896 13232 542 -707 -74
3208 -3896 13232 542 -707 -74
3676 -3804 13256 407 24 -4
3676 -3804 13256 407 24 -4
3392 -3980 13200 356 38 -24
3392 -3980 13200 356 38 -24
3440 -3984 13332 367 382 49
3440 -3984 13332 367 382 49
3040 -3764 13392 453 78 95
3040 -3764 13392 453 78 95
3524 -4024 13388 456 140 59
3524 -4024 13388 456 140 59
3152 -3836 13508 343 355 46
3152 -3836 13508 343 355 46
3168 -3912 13300 470 -165 -185
3168 -3912 13300 470 -165 -185
3012 -3864 13252 666 -426 -135
3012 -3864 13252 666 -426 -135
3544 -3972 13472 438 -284 -11
3544 -3972 13472 438 -284 -11
3404 -3848 13432 558 -197 -106
3404 -3848 13432 558 -197 -106
3276 -3964 13260 787 -611 -146
3276 -3964 13260 787 -611 -146
3604 -3884 13124 679 -695 -44
3604 -3884 13124 679 -695 -44
3812 -4184 12956 642 -927 -196
3812 -4184 12956 642 -927 -196
3196 -3868 13616 498 332 233
3196 -3868 13616 498 332 233
4340 -3884 12932 484 1224 12
4340 -3884 12932 484 1224 12
2868 -3456 13500 718 1078 -179
2868 -3456 13500 718 1078 -179
1860 -3736 13584 1243 -1935 -219
1860 -3736 13584 1243 -1935 -219
4184 -3244 13108 1998 -5386 -3158
4184 -3244 13108 1998 -5386 -3158
8420 -4324 12196 1664 -1141 -552
8420 -4324 12196 1664 -1141 -552
1416 -3120 13716 -340 1879 1310
1416 -3120 13716 -340 1879 1310
3812 -3596 13724 249 -4872 -2074
3812 -3596 13724 249 -4872 -2074
6984 -4604 12852 789 -1688 198
6984 -4604 12852 789 -1688 198
6892 -5456 13020 529 -2946 -2784
6892 -5456 13020 529 -2946 -2784
5076 -3336 13372 168 4788 -2927
5076 -3336 13372 168 4788 -2927
4328 -3784 14932 2478 12589 -2435
4328 -3784 14932 2478 12589 -2435
6192 -4016 14516 6415 6220 -5397
6192 -4016 14516 6415 6220 -5397
3220 -4488 15088 6867 243 -8580
3220 -4488 15088 6867 243 -8580
1732 -1028 13708 8014 2876 -8698
1732 -1028 13708 8014 2876 -8698
4040 -332 12276 7318 4349 -5334
4040 -332 12276 7318 4349 -5334
292 -816 14676 7025 3796 -9407
292 -816 14676 7025 3796 -9407
3512 1320 13564 8501 3696 -6962
3512 1320 13564 8501 3696 -6962
736 2408 13588 8123 3881 -6109
736 2408 13588 8123 3881 -6109
-624 4348 10728 6668 3554 -3993
-624 4348 10728 6668 3554 -3993
-520 4276 11556 3562 -1156 -4046
-520 4276 11556 3562 -1156 -4046
-2576 3628 13652 2408 324 -1422
-2576 3628 13652 2408 324 -1422
152 4488 13068 1530 -329 -51
152 4488 13068 1530 -329 -51
232 3844 12628 885 -1109 -238
232 3844 12628 885 -1109 -238
296 5084 12192 -200 -1626 490
296 5084 12192 -200 -1626 490
1764 4924 13684 -1004 -1665 -623
1764 4924 13684 -1004 -1665 -623
-1344 3280 13552 -808 -695 452
-1344 3280 13552 -808 -695 452
1192 3836 13076 -1298 -1613 1168
1192 3836 13076 -1298 -1613 1168
1748 3496 13760 -1827 -913 992
1748 3496 13760 -1827 -913 992
1660 3296 13408 -2148 -2166 921
1660 3296 13408 -2148 -2166 921
1152 2708 14236 -1868 -2538 1080
1152 2708 14236 -1868 -2538 1080
2720 2280 13896 -1651 -1003 1212
2720 2280 13896 -1651 -1003 1212
2700 2452 13868 -1388 -1537 553
2700 2452 13868 -1388 -1537 553
1944 1688 13776 -1103 -961 -118
1944 1688 13776 -1103 -961 -118
2020 2792 14012 -870 -720 433
2020 2792 14012 -870 -720 433
1480 3348 14492 -1067 -2921 -2127
1480 3348 14492 -1067 -2921 -2127
3676 1300 14028 -372 -2381 -1186
3676 1300 14028 -372 -2381 -1186
2484 632 14760 305 -1527 -431
2484 632 14760 305 -1527 -431
3680 1688 13836 908 63 418
3680 1688 13836 908 63 418
2892 1560 13696 785 301 156
2892 1560 13696 785 301 156
3336 1980 13588 788 -243 75
3336 1980 13588 788 -243 75
2668 1660 13808 407 180 -224
2668 1660 13808 407 180 -224
2660 2280 13388 254 -931 -451
2660 2280 13388 254 -931 -451
2748 1932 14208 334 4 -238
2748 1932 14208 334 4 -238
3468 1616 14064 219 -764 467
3468 1616 14064 219 -764 467
-1708 1408 14784 -512 -2378 2959
-1708 1408 14784 -512 -2378 2959
-1644 -656 17908 205 585 7113
-1644 -656 17908 205 585 7113
744 -8784 22300 -2667 11279 7051
744 -8784 22300 -2667 11279 7051
-640 -11044 18748 -3790 5114 2522
-640 -11044 18748 -3790 5114 2522
4380 -8196 10980 -5145 9471 6048
4380 -8196 10980 -5145 9471 6048
3380 -7188 9400 -2412 6669 6216
3380 -7188 9400 -2412 6669 6216
4868 -3008 9616 286 7460 7936
4868 -3008 9616 286 7460 7936
1220 268 9824 2943 5153 7928
1220 268 9824 2943 5153 7928
-468 2316 9372 2728 9261 8833
-468 2316 9372 2728 9261 8833
-1764 4152 8080 1218 2323 4934
-1764 4152 8080 1218 2323 4934
-2592 6752 5364 803 1495 3740
-2592 6752 5364 803 1495 3740
2632 12988 8504 1428 4629 3801
2632 12988 8504 1428 4629 3801
-5700 13280 19956 14875 -9474 1790
-5700 13280 19956 14875 -9474 1790
-1632 -15904 32767 -9324 -10386 3479
-1632 -15904 32767 -9324 -10386 3479
1916 -2092 15932 -5723 -2970 5323
1916 -2092 15932 -5723 -2970 5323
-3800 -2284 13820 -626 3859 11486
-3800 -2284 13820 -626 3859 11486
-5608 -3696 11328 -3612 2776 10419
-5608 -3696 11328 -3612 2776 10419
-776 732 11920 -5366 -2525 5043
-776 732 11920 -5366 -2525 5043
-3628 -928 9204 -4836 -2516 122
-3628 -928 9204 -4836 -2516 122
2340 -6576 16020 -9275 -13432 -9563
2340 -6576 16020 -9275 -13432 -9563
-3492 -3540 11836 1561 -11408 1955
-3492 -3540 11836 1561 -11408 1955
-5484 -3768 13452 -527 -9375 390
-5484 -3768 13452 -527 -9375 390
1440 -3200 14144 701 -5202 2623
1440 -3200 14144 701 -5202 2623
3648 -5052 12988 1299 -321 4211
3648 -5052 12988 1299 -321 4211
-168 -4404 13652 178 -1287 2961
-168 -4404 13652 178 -1287 2961
792 -3508 13632 337 2453 3149
792 -3508 13632 337 2453 3149
-1648 -2936 13420 278 2998 465
-1648 -2936 13420 278 2998 465
1536 -3400 13460 43 -70 750
1536 -3400 13460 43 -70 750
1880 -3940 13404 494 -3013 -634
1880 -3940 13404 494 -3013 -634
-3240 -2932 13848 750 -5020 -231
-3240 -2932 13848 750 -5020 -231
3204 -3800 13396 675 -7829 -1416
3204 -3800 13396 675 -7829 -1416
3356 -4020 13096 179 681 -289
3356 -4020 13096 179 681 -289
520 -4692 13492 720 -7009 -618
520 -4692 13492 720 -7009 -618
1448 -3580 13780 694 -5146 -148
1448 -3580 13780 694 -5146 -148
3112 -3088 13172 816 -11067 -248
3112 -3088 13172 816 -11067 -248
9756 -3060 11628 -486 -5530 -866
9756 -3060 11628 -486 -5530 -866
4168 -3944 13144 556 -8952 -1119
4168 -3944 13144 556 -8952 -1119
5864 -3868 12748 357 -4634 323
5864 -3868 12748 357 -4634 323
9216 -3536 11852 99 -5049 -1100
9216 -3536 11852 99 -5049 -1100
6104 -3076 12956 112 -4387 -491
6104 -3076 12956 112 -4387 -491
9800 -5144 11536 -1544 3598 515
9800 -5144 11536 -1544 3598 515
11048 -7976 15504 3012 9794 1195
11048 -7976 15504 3012 9794 1195
5480 -16 19876 21962 5463 -7580
5480 -16 19876 21962 5463 -7580
8092 -2244 10088 21608 9095 -6946
8092 -2244 10088 21608 9095 -6946
-168 4824 11180 16079 11047 -6125
-168 4824 11180 16079 11047 -6125
9920 2804 11372 9833 -1169 -13938
9920 2804 11372 9833 -1169 -13938
3044 5664 7996 6310 -970 -13942
3044 5664 7996 6310 -970 -13942
2028 6428 11084 2469 -1013 -15983
2028 6428 11084 2469 -1013 -15983
-720 5384 12820 -1932 -1470 -10977
-720 5384 12820 -1932 -1470 -10977
-1252 6896 12932 -314 -3013 -8030
-1252 6896 12932 -314 -3013 -8030
1136 5772 12920 -4379 -11609 -7605
1136 5772 12920 -4379 -11609 -7605
776 5520 16860 -8589 -3937 -1588
776 5520 16860 -8589 -3937 -1588
-1464 768 15212 -12439 -2059 -697
-1464 768 15212 -12439 -2059 -697
1344 -452 13200 -9003 2008 1097
1344 -452 13200 -9003 2008 1097
3368 -2328 14032 -7107 -2144 -1077
3368 -2328 14032 -7107 -2144 -1077
5824 -4104 15432 -1148 3735 -1058
5824 -4104 15432 -1148 3735 -1058
804 -2600 18048 687 -29 -1117
804 -2600 18048 687 -29 -1117
4028 -2684 19108 2186 4315 1206
4028 -2684 19108 2186 4315 1206
2984 -2888 19604 -322 13397 2098
2984 -2888 19604 -322 13397 2098
2880 -4220 12360 55 12052 3399
2880 -4220 12360 55 12052 3399
4068 -4188 9784 -1137 16291 4116
4068 -4188 9784 -1137 16291 4116
56 700 7848 -3528 8785 3551
56 700 7848 -3528 8785 3551
2248 -156 7488 -6213 4347 4004
2248 -156 7488 -6213 4347 4004
2352 -1512 5884 -7045 7871 9839
2352 -1512 5884 -7045 7871 9839
-3224 1436 5072 -8969 8079 7955
-3224 1436 5072 -8969 8079 7955
-752 2104 5124 -7682 6010 5100
-752 2104 5124 -7682 6010 5100
-2240 1912 13136 2614 -5399 -2395
-2240 1912 13136 2614 -5399 -2395
-5976 9076 13396 10560 -5203 7319
-5976 9076 13396 10560 -5203 7319
-4548 32767 32767 -32768 32767 16758
-4548 32767 32767 -32768 32767 16758
-1796 -5720 22264 -14984 -9799 -6059
-1796 -5720 22264 -14984 -9799 -6059
2824 -10916 23568 -3525 -19003 -4133
2824 -10916 23568 -3525 -19003 -4133
5740 -3396 11976 1092 -66 3302
5740 -3396 11976 1092 -66 3302
-5280 -3956 13520 -79 -2443 807
-5280 -3956 13520 -79 -2443 807
3608 -3744 13480 482 -1303 98
3608 -3744 13480 482 -1303 98
-3620 -4004 13432 62 788 420
-3620 -4004 13432 62 788 420
-716 -3584 13064 506 -503 -478
-716 -3584 13064 506 -503 -478
1976 -4152 13932 465 379 1099
1976 -4152 13932 465 379 1099
-3080 -3764 13120 466 -78 1638
-3080 -3764 13120 466 -78 1638
-4544 -3776 14040 -309 199 1447
-4544 -3776 14040 -309 199 1447
952 -3188 12876 389 537 852
952 -3188 12876 389 537 852
-1680 -4104 13628 461 -5224 229
-1680 -4104 13628 461 -5224 229
-1472 -1996 15704 4300 -14886 -373
-1472 -1996 15704 4300 -14886 -373
188 -3952 13816 661 -11061 -149
188 -3952 13816 661 -11061 -149
7780 -3440 13128 872 -4428 3541
7780 -3440 13128 872 -4428 3541
2516 -4048 13532 279 -1818 346
2516 -4048 13532 279 -1818 346
-812 -3728 14040 310 -588 335
-812 -3728 14040 310 -588 335
4648 -4532 13000 1562 -5573 827
4648 -4532 13000 1562 -5573 827
-3036 -4412 14884 737 -8805 -116
-3036 -4412 14884 737 -8805 -116
4884 -3136 14028 148 -2653 1130
4884 -3136 14028 148 -2653 1130
11232 -2460 10972 -424 -7708 -2097
11232 -2460 10972 -424 -7708 -2097
4104 -4840 13296 307 -6082 -691
4104 -4840 13296 307 -6082 -691
6540 -3976 12240 147 -3238 -699
6540 -3976 12240 147 -3238 -699
7368 -2804 12384 317 -264 1289
7368 -2804 12384 317 -264 1289
10236 -3280 10892 -251 -4157 -1337
10236 -3280 10892 -251 -4157 -1337
6820 -5296 11724 -1174 -4875 -2362
6820 -5296 11724 -1174 -4875 -2362
7056 -4268 13632 -497 1525 1376
7056 -4268 13632 -497 1525 1376
21108 -7348 13184 -1874 12263 -1897
21108 -7348 13184 -1874 12263 -1897
4744 -4168 21852 18965 5049 -14715
4744 -4168 21852 18965 5049 -14715
4784 -4368 12716 19313 10081 -6485
4784 -4368 12716 19313 10081 -6485
1288 2988 5980 10321 6094 -10011
1288 2988 5980 10321 6094 -10011
3808 2176 14164 10928 4854 -8199
3808 2176 14164 10928 4854 -8199
3444 4500 10680 9069 1609 -7581
3444 4500 10680 9069 1609 -7581
-1832 10160 9184 5433 6982 -4889
-1832 10160 9184 5433 6982 -4889
2636 4672 11116 4413 465 -6056
2636 4672 11116 4413 465 -6056
1084 6524 11832 2317 163 -6268
1084 6524 11832 2317 163 -6268
1848 7796 11960 1702 2396 -4655
1848 7796 11960 1702 2396 -4655
2660 4300 15104 3080 1390 -3715
2660 4300 15104 3080 1390 -3715
-1340 6508 15256 4105 1013 -6340
-1340 6508 15256 4105 1013 -6340
-2852 7820 9344 4016 1135 -2230
-2852 7820 9344 4016 1135 -2230
-1124 7716 10708 1078 675 -77
-1124 7716 10708 1078 675 -77
-308 6692 9368 185 -1859 90
-308 6692 9368 185 -1859 90
-1156 8268 13588 -3175 -5300 1707
-1156 8268 13588 -3175 -5300 1707
252 6764 11360 -5386 -9596 -2558
252 6764 11360 -5386 -9596 -2558
7212 4716 14168 -5676 -18549 -5413
7212 4716 14168 -5676 -18549 -5413
4288 -2428 16540 -7389 -4324 1
4288 -2428 16540 -7389 -4324 1
-360 -3108 16864 -9908 908 -648
-360 -3108 16864 -9908 908 -648
1116 -3300 15352 -9359 6924 308
1116 -3300 15352 -9359 6924 308
1328 -3124 15288 -5544 4611 -636
1328 -3124 15288 -5544 4611 -636
3444 -2192 14956 -2209 11751 3048
3444 -2192 14956 -2209 11751 3048
3372 -1212 14504 -1597 11082 4684
3372 -1212 14504 -1597 11082 4684
2144 -368 13736 -1256 7356 5253
2144 -368 13736 -1256 7356 5253
3476 256 13424 -965 10737 6718
3476 256 13424 -965 10737 6718
2500 816 10612 -2937 5449 6316
2500 816 10612 -2937 5449 6316
968 1272 9032 -5284 5774 4848
968 1272 9032 -5284 5774 4848
716 1476 11340 -2737 11640 4232
716 1476 11340 -2737 11640 4232
-5340 1920 8716 -2809 6205 2403
-5340 1920 8716 -2809 6205 2403
128 2872 8564 -3922 9964 4559
128 2872 8564 -3922 9964 4559
-4536 5392 10792 200 246 3741
-4536 5392 10792 200 246 3741
-6420 7328 11444 4163 98 3169
-6420 7328 11444 4163 98 3169
-3536 10836 11784 7856 -7446 3943
-3536 10836 11784 7856 -7446 3943
-22052 -1840 13380 -8076 -5108 1547
-22052 -1840 13380 -8076 -5108 1547
-6244 -5596 10148 -12237 -7561 -4550
-6244 -5596 10148 -12237 -7561 -4550
612 -8316 21288 -2228 -7574 -147
612 -8316 21288 -2228 -7574 -147
2756 -4008 12356 10 2162 3495
2756 -4008 12356 10 2162 3495
-6848 -4636 14292 558 7045 3286
-6848 -4636 14292 558 7045 3286
-4620 -3476 13556 3214 1712 6484
-4620 -3476 13556 3214 1712 6484
-6968 -3740 12212 2949 4803 10638
-6968 -3740 12212 2949 4803 10638
-2652 -968 9628 661 469 7582
-2652 -968 9628 661 469 7582
-3116 520 10536 -4293 -2994 1367
-3116 520 10536 -4293 -2994 1367
3208 128 11104 -8759 -6530 -10465
3208 128 11104 -8759 -6530 -10465
-19184 -5680 11160 1534 -769 3836
-19184 -5680 11160 1534 -769 3836
-1184 -2100 9956 606 2676 958
-1184 -2100 9956 606 2676 958
-4004 -4136 12952 842 -5029 -1143
-4004 -4136 12952 842 -5029 -1143
-3628 -4028 13648 268 -5518 -1089
-3628 -4028 13648 268 -5518 -1089
-3588 -4000 13108 800 -6049 -646
-3588 -4000 13108 800 -6049 -646
-2584 -4424 13384 455 -8384 -24
-2584 -4424 13384 455 -8384 -24
2884 -4120 13688 -60 -5581 939
2884 -4120 13688 -60 -5581 939
-1236 -3864 13172 626 -6952 -161
-1236 -3864 13172 626 -6952 -161
440 -4240 13384 1451 -4325 889
440 -4240 13384 1451 -4325 889
3788 -3344 12588 1611 -3029 5714
3788 -3344 12588 1611 -3029 5714
3284 -4668 13364 1558 -6254 422
3284 -4668 13364 1558 -6254 422
632 -4112 14100 924 -8418 -857
632 -4112 14100 924 -8418 -857
392 -4372 14176 1802 -4838 3057
392 -4372 14176 1802 -4838 3057
3644 -4220 13252 330 -7856 -190
3644 -4220 13252 330 -7856 -190
3500 -2132 14344 -81 -5249 1191
3500 -2132 14344 -81 -5249 1191
5124 -2088 13604 -705 -8797 1324
5124 -2088 13604 -705 -8797 1324
8508 -3068 13044 -1253 -7543 -1007
8508 -3068 13044 -1253 -7543 -1007
9716 -4888 10320 -667 -7840 -1032
9716 -4888 10320 -667 -7840 -1032
9576 -5572 9888 -813 -9745 -2917
9576 -5572 9888 -813 -9745 -2917
6004 -4140 12672 -1130 -6798 -827
6004 -4140 12672 -1130 -6798 -827
9248 -3228 12152 -1134 -5191 -124
9248 -3228 12152 -1134 -5191 -124
11080 -4224 10160 -720 -5685 -1332
11080 -4224 10160 -720 -5685 -1332
8212 -6780 9644 -1779 -6048 -2859
8212 -6780 9644 -1779 -6048 -2859
12436 -4252 9836 -830 -4889 -2095
12436 -4252 9836 -830 -4889 -2095
11644 -6652 6928 -718 -2940 -2300
11644 -6652 6928 -718 -2940 -2300
13396 -2256 10108 -228 2214 722
13396 -2256 10108 -228 2214 722
12744 -4048 9028 160 4915 -2118
12744 -4048 9028 160 4915 -2118
10456 -5672 9032 1593 4979 476
10456 -5672 9032 1593 4979 476
12504 -3112 9576 3701 11058 2559
12504 -3112 9576 3701 11058 2559
24876 -572 15900 2173 31002 3293
24876 -572 15900 2173 31002 3293
8548 -6072 16640 6312 -222 -20500
8548 -6072 16640 6312 -222 -20500
4652 -4116 15164 11851 9878 -11067
4652 -4116 15164 11851 9878 -11067
4728 -1772 12956 13284 7013 -11986
4728 -1772 12956 13284 7013 -11986
2516 96 11504 11026 3681 -10198
2516 96 11504 11026 3681 -10198
2960 2848 13656 8792 4199 -7422
2960 2848 13656 8792 4199 -7422
-1000 4820 11924 4408 -2979 -7906
-1000 4820 11924 4408 -2979 -7906
2300 3380 13540 1009 -807 -4106
2300 3380 13540 1009 -807 -4106
-1392 3312 14404 1220 -4493 -1952
-1392 3312 14404 1220 -4493 -1952
1500 4780 16744 -2177 -6458 678
1500 4780 16744 -2177 -6458 678
-728 -1040 13780 -7364 938 1457
-728 -1040 13780 -7364 938 1457
576 -1208 13028 -7904 3529 -3008
576 -1208 13028 -7904 3529 -3008
388 -3128 12328 -7416 6267 -4128
388 -3128 12328 -7416 6267 -4128
1400 -4288 13428 -7770 9810 -5221
1400 -4288 13428 -7770 9810 -5221
3048 -4524 14680 -3769 10504 -8116
3048 -4524 14680 -3769 10504 -8116
2588 -3212 16900 -405 7548 -7916
2588 -3212 16900 -405 7548 -7916
5616 -876 13248 -596 12221 -5387
5616 -876 13248 -596 12221 -5387
2804 2084 9924 2621 15895 -3940
2804 2084 9924 2621 15895 -3940
-956 4672 8736 2921 -1431 -9893
-956 4672 8736 2921 -1431 -9893
-932 4340 9508 2993 9725 -2028
-932 4340 9508 2993 9725 -2028
-6352 8224 7716 4123 5426 27
-6352 8224 7716 4123 5426 27
-5884 10948 8444 3476 4323 -370
-5884 10948 8444 3476 4323 -370
-17576 8408 2100 -13752 817 6798
-17576 8408 2100 -13752 817 6798
-2576 -8380 13188 -13518 -9239 635
-2576 -8380 13188 -13518 -9239 635
-3552 -5528 14380 -8908 -9348 7648
-3552 -5528 14380 -8908 -9348 7648
-352 -4164 12524 -4251 -7509 6222
-352 -4164 12524 -4251 -7509 6222
5556 -5576 14580 -2869 -15495 -1414
5556 -5576 14580 -2869 -15495 -1414
3088 -5256 12056 2819 -4892 3171
3088 -5256 12056 2819 -4892 3171
-1272 -4164 13708 631 -3572 1230
-1272 -4164 13708 631 -3572 1230
-1044 -4240 13072 -121 717 713
-1044 -4240 13072 -121 717 713
720 -5396 14100 1626 -5583 1546
720 -5396 14100 1626 -5583 1546
1056 -4684 13080 897 -1581 1053
1056 -4684 13080 897 -1581 1053
-284 -4464 13264 1791 -4365 2983
-284 -4464 13264 1791 -4365 2983
4696 -3716 13360 1214 633 -125
4696 -3716 13360 1214 633 -125
-1248 -3948 13228 971 1786 1156
-1248 -3948 13228 971 1786 1156
-688 -5740 14120 1095 1026 1348
-688 -5740 14120 1095 1026 1348
1128 -4240 13528 3759 10235 6291
1128 -4240 13528 3759 10235 6291
-3304 -4168 13536 4020 -1196 10197
-3304 -4168 13536 4020 -1196 10197
-1092 -920 10072 -1069 -2058 6374
-1092 -920 10072 -1069 -2058 6374
3252 -1628 11916 -5849 -2960 185
3252 -1628 11916 -5849 -2960 185
-2756 -5468 15820 -753 -5961 1526
-2756 -5468 15820 -753 -5961 1526
1372 -2692 12648 636 -1068 643
1372 -2692 12648 636 -1068 643
2220 -5888 15252 552 -4879 462
2220 -5888 15252 552 -4879 462
188 -4844 13640 575 3888 1194
188 -4844 13640 575 3888 1194
1564 -2948 12532 768 1 2533
1564 -2948 12532 768 1 2533
-708 -5104 14036 134 -2502 1292
-708 -5104 14036 134 -2502 1292
-524 -4472 13400 310 -779 1275
-524 -4472 13400 310 -779 1275
108 -3716 13540 -312 1350 1709
108 -3716 13540 -312 1350 1709
2340 -4060 13164 -177 -2191 -264
2340 -4060 13164 -177 -2191 -264
-1708 -4352 12520 -79 -1134 -726
-1708 -4352 12520 -79 -1134 -726
-132 -3588 12268 500 -3450 -2065
-132 -3588 12268 500 -3450 -2065
4232 -5100 14216 1758 -814 573
4232 -5100 14216 1758 -814 573
3784 -3436 11572 458 3689 4516
3784 -3436 11572 458 3689 4516
-444 -4508 13440 129 1413 1038
-444 -4508 13440 129 1413 1038
364 -4552 13348 355 1185 516
364 -4552 13348 355 1185 516
1488 -3688 13076 772 -2583 -1143
1488 -3688 13076 772 -2583 -1143
1600 -3400 13836 1127 -1716 -955
1600 -3400 13836 1127 -1716 -955
992 -4924 12188 -578 -2238 -927
992 -4924 12188 -578 -2238 -927
2524 -5004 12440 -107 -1825 -465
2524 -5004 12440 -107 -1825 -465
532 -4036 12868 900 1471 1858
532 -4036 12868 900 1471 1858
2664 -3500 12644 719 -2802 -2518
2664 -3500 12644 719 -2802 -2518
6296 -3800 12012 -3171 1087 -5718
6296 -3800 12012 -3171 1087 -5718
692 -5984 15068 5072 11104 -3172
692 -5984 15068 5072 11104 -3172
-1508 -2492 15344 5439 -4829 -14975
-1508 -2492 15344 5439 -4829 -14975
3692 520 16136 8346 -283 -12836
3692 520 16136 8346 -283 -12836
6056 5828 19356 4901 -5435 -12287
6056 5828 19356 4901 -5435 -12287
4836 2776 17892 6899 9964 -8151
4836 2776 17892 6899 9964 -8151
56 848 15048 10396 7301 -11229
56 848 15048 10396 7301 -11229
-3504 540 10956 12726 10389 -12790
-3504 540 10956 12726 10389 -12790
-3896 -2932 9696 12201 10501 -15148
-3896 -2932 9696 12201 10501 -15148
-3292 -4860 7436 7274 5192 -19052
-3292 -4860 7436 7274 5192 -19052
1292 -11772 4244 6145 521 -19567
1292 -11772 4244 6145 521 -19567
-7844 -1512 11864 3823 -8788 -20075
-7844 -1512 11864 3823 -8788 -20075
3956 144 17952 1478 -12724 -10284
3956 144 17952 1478 -12724 -10284
0 3344 17704 4804 6990 -8361
0 3344 17704 4804 6990 -8361
-4400 6596 16988 9435 -618 -10365
-4400 6596 16988 9435 -618 -10365
588 6696 14012 8838 7920 -8227
588 6696 14012 8838 7920 -8227
-6416 1668 11240 3385 -982 -10202
-6416 1668 11240 3385 -982 -10202
-1680 3724 8836 -1621 6335 -3678
-1680 3724 8836 -1621 6335 -3678
-4972 3000 8872 -9485 4538 -6796
-4972 3000 8872 -9485 4538 -6796
-5304 2544 10472 -2176 -1238 -3742
-5304 2544 10472 -2176 -1238 -3742
-1180 3248 12872 -1023 4976 -4312
-1180 3248 12872 -1023 4976 -4312
-2304 1192 9052 1419 2017 -4866
-2304 1192 9052 1419 2017 -4866
-3948 4376 7648 3441 2844 -6405
-3948 4376 7648 3441 2844 -6405
-3560 5172 9236 6988 4563 -7028
-3560 5172 9236 6988 4563 -7028
-6584 11336 6896 2370 4014 -4851
-6584 11336 6896 2370 4014 -4851
-17656 32767 32767 -32768 32767 13039
-17656 32767 32767 -32768 32767 13039
-16696 -8308 14448 -45 -13733 712
-16696 -8308 14448 -45 -13733 712
-6012 7420 9340 -2744 2405 18626
-6012 7420 9340 -2744 2405 18626
-1632 4016 9264 -5687 -6434 14680
-1632 4016 9264 -5687 -6434 14680
-632 1392 14956 -8776 -4898 13156
-632 1392 14956 -8776 -4898 13156
-5236 -128 15232 -4357 -3846 12016
-5236 -128 15232 -4357 -3846 12016
-3976 40 15328 1074 -4017 10485
-3976 40 15328 1074 -4017 10485
-1664 -876 15388 262 -937 7409
-1664 -876 15388 262 -937 7409
920 3784 12924 1 -1843 4049
920 3784 12924 1 -1843 4049
-16 2748 11308 -4143 -260 841
-16 2748 11308 -4143 -260 841
-856 408 14556 -7692 5626 2160
-856 408 14556 -7692 5626 2160
-4148 -264 15088 -6241 5201 3541
-4148 -264 15088 -6241 5201 3541
-4000 -1600 16900 -612 2152 3988
-4000 -1600 16900 -612 2152 3988
-5096 -680 13064 -1740 2591 6276
-5096 -680 13064 -1740 2591 6276
-2788 2128 11752 -2492 5510 5507
-2788 2128 11752 -2492 5510 5507
-5636 1908 7988 -5212 5171 -256
-5636 1908 7988 -5212 5171 -256
-3196 1316 9252 -6994 -2098 -4577
-3196 1316 9252 -6994 -2098 -4577
3460 3220 16956 -9740 -4591 -5246
3460 3220 16956 -9740 -4591 -5246
-872 -11296 14860 -12254 -6495 -6694
-872 -11296 14860 -12254 -6495 -6694
-11404 -7552 15412 9007 -4643 1291
-11404 -7552 15412 9007 -4643 1291
8440 -3164 11852 385 1574 991
8440 -3164 11852 385 1574 991
-7928 -3952 14132 1444 4475 -879
-7928 -3952 14132 1444 4475 -879
-8188 -6732 12556 1999 -5539 -924
-8188 -6732 12556 1999 -5539 -924
-5672 -2916 13524 -254 -8539 -1638
-5672 -2916 13524 -254 -8539 -1638
-9448 8 15120 -656 -17634 -4014
-9448 8 15120 -656 -17634 -4014
9648 -3292 12464 -751 -9483 1630
9648 -3292 12464 -751 -9483 1630
5156 -2844 12404 667 -13417 -2334
5156 -2844 12404 667 -13417 -2334
4632 -8664 12796 -1013 -11157 -1817
4632 -8664 12796 -1013 -11157 -1817
11448 -6116 10024 743 -3162 2153
11448 -6116 10024 743 -3162 2153
6016 -6836 9068 1180 -5854 -2203
6016 -6836 9068 1180 -5854 -2203
5336 -6976 9828 319 -3505 -1464
5336 -6976 9828 319 -3505 -1464
1772 -3256 16240 -3849 -7023 -3110
1772 -3256 16240 -3849 -7023 -3110
12840 -4592 13120 1722 3964 3275
12840 -4592 13120 1722 3964 3275
8460 -7484 7820 2944 61 -658
8460 -7484 7820 2944 61 -658
-144 -5208 12908 -268 572 96
-144 -5208 12908 -268 572 96
8648 -5144 11936 203 1116 -481
8648 -5144 11936 203 1116 -481
7184 -5496 9896 1377 2080 -790
7184 -5496 9896 1377 2080 -790
6704 -6172 10604 1507 4963 -222
6704 -6172 10604 1507 4963 -222
11152 -6260 15356 3641 19076 -1303
11152 -6260 15356 3641 19076 -1303
7504 -7480 16592 12207 -952 -16761
7504 -7480 16592 12207 -952 -16761
96 -6904 14300 15996 7800 -13158
96 -6904 14300 15996 7800 -13158
-3784 2212 12840 18556 5761 -11010
-3784 2212 12840 18556 5761 -11010
2900 1676 12984 16116 -262 -9557
2900 1676 12984 16116 -262 -9557
-300 3208 9688 8995 4488 -4303
-300 3208 9688 8995 4488 -4303
-2452 5584 13052 5800 440 -2672
-2452 5584 13052 5800 440 -2672
-2096 6688 10508 2705 -1306 2101
-2096 6688 10508 2705 -1306 2101
-372 3628 12372 -620 -7591 3078
-372 3628 12372 -620 -7591 3078
3348 5448 13508 -3033 -8830 2411
3348 5448 13508 -3033 -8830 2411
1764 4356 13256 -3584 -15969 -215
1764 4356 13256 -3584 -15969 -215
12160 -1744 20272 -3444 -14413 -3965
12160 -1744 20272 -3444 -14413 -3965
3988 -152 20884 -8264 348 -5286
3988 -152 20884 -8264 348 -5286
-2644 -8984 20620 -13360 6571 -5694
-2644 -8984 20620 -13360 6571 -5694
-1464 -7920 10724 -11541 16996 -619
-1464 -7920 10724 -11541 16996 -619
1508 -8140 11416 -5606 19435 1283
1508 -8140 11416 -5606 19435 1283
3628 -3036 14628 -2171 8248 164
3628 -3036 14628 -2171 8248 164
7260 -928 11616 1001 15944 5142
7260 -928 11616 1001 15944 5142
460 604 13368 621 3092 725
460 604 13368 621 3092 725
2032 1640 8048 1524 4170 3310
2032 1640 8048 1524 4170 3310
-208 1012 8508 3911 10518 3134
-208 1012 8508 3911 10518 3134
-1476 1452 7936 4304 7028 937
-1476 1452 7936 4304 7028 937
352 2076 8736 5043 11059 2496
352 2076 8736 5043 11059 2496
-6260 7804 10240 7047 8531 2051
-6260 7804 10240 7047 8531 2051
-9804 10780 11076 948 5396 4980
-9804 10780 11076 948 5396 4980
-32260 32767 32767 -22933 5845 41
-32260 32767 32767 -22933 5845 41
304 3104 17752 -13908 -6814 6215
304 3104 17752 -13908 -6814 6215
-1072 -1184 8828 -12279 -7157 3747
-1072 -1184 8828 -12279 -7157 3747
-3060 -3136 13852 -12621 -13386 -3586
-3060 -3136 13852 -12621 -13386 -3586
-9820 -12652 19500 -2070 -19465 685
-9820 -12652 19500 -2070 -19465 685
20 -5160 13760 1190 -728 2683
20 -5160 13760 1190 -728 2683
248 -3720 13224 83 -1405 2035
248 -3720 13224 83 -1405 2035
724 -4808 13976 460 403 189
724 -4808 13976 460 403 189
-728 -3852 13456 789 2193 962
-728 -3852 13456 789 2193 962
-2508 -3424 13008 721 4152 986
-2508 -3424 13008 721 4152 986
-960 -4004 13480 515 4360 -2
-960 -4004 13480 515 4360 -2
-3652 -3836 13016 944 -564 -1013
-3652 -3836 13016 944 -564 -1013
-3124 -3688 13160 775 -1309 -566
-3124 -3688 13160 775 -1309 -566
-1020 -1572 11112 -1334 2264 -822
-1020 -1572 11112 -1334 2264 -822
-2644 -3480 13428 279 -1147 -1110
-2644 -3480 13428 279 -1147 -1110
-4060 -4252 13508 -754 -2719 1546
-4060 -4252 13508 -754 -2719 1546
512 -4968 12712 -522 -8279 448
512 -4968 12712 -522 -8279 448
1028 -3500 13288 188 -5710 1410
1028 -3500 13288 188 -5710 1410
-3276 -4156 12848 -1109 -2040 2822
-3276 -4156 12848 -1109 -2040 2822
5992 -4784 14988 488 -7265 3894
5992 -4784 14988 488 -7265 3894
692 -4760 13716 898 -4064 2415
692 -4760 13716 898 -4064 2415
-3616 -3796 13360 930 857 1948
-3616 -3796 13360 930 857 1948
6848 -3756 12392 507 -2002 1336
6848 -3756 12392 507 -2002 1336
-1224 -4304 13556 -30 -7814 1500
-1224 -4304 13556 -30 -7814 1500
3404 -3728 13172 -449 -10296 -443
3404 -3728 13172 -449 -10296 -443
6156 -3480 12648 -958 -10373 538
6156 -3480 12648 -958 -10373 538
7312 -4400 11564 -425 -7325 -224
7312 -4400 11564 -425 -7325 -224
5700 -4880 12476 -1555 -12539 -3936
5700 -4880 12476 -1555 -12539 -3936
6020 -3904 12236 5 -7347 -581
6020 -3904 12236 5 -7347 -581
10684 -3460 11552 -1567 -6755 -1606
10684 -3460 11552 -1567 -6755 -1606
8464 -6084 10532 -1468 -5179 -1802
8464 -6084 10532 -1468 -5179 -1802
7660 -5700 11488 -220 -1140 -183
7660 -5700 11488 -220 -1140 -183
11580 -4812 8080 -4143 -7045 -2751
11580 -4812 8080 -4143 -7045 -2751
11880 -6128 6724 775 2156 -518
11880 -6128 6724 775 2156 -518
12656 -5916 5332 -363 1842 3034
12656 -5916 5332 -363 1842 3034
7528 -2528 13844 2808 13085 3762
7528 -2528 13844 2808 13085 3762
16384 -6036 10296 4725 17435 2549
16384 -6036 10296 4725 17435 2549
4752 -5996 18056 11593 21647 -3279
4752 -5996 18056 11593 21647 -3279
-412 -6396 14180 16032 6688 -14489
-412 -6396 14180 16032 6688 -14489
4048 -3220 13808 20077 8498 -8690
4048 -3220 13808 20077 8498 -8690
-608 -836 11816 21962 2444 -10590
-608 -836 11816 21962 2444 -10590
4536 3556 7960 14373 6962 -7859
4536 3556 7960 14373 6962 -7859
-928 6196 6076 9183 1086 -11132
-928 6196 6076 9183 1086 -11132
-4504 6628 13512 6597 2243 -6380
-4504 6628 13512 6597 2243 -6380
-3656 7096 11464 3687 -940 -4081
-3656 7096 11464 3687 -940 -4081
-5552 8196 13516 2793 -6326 -1330
-5552 8196 13516 2793 -6326 -1330
-3292 6760 11088 -1553 -6596 1821
-3292 6760 11088 -1553 -6596 1821
-1792 1892 12476 -8755 288 3312
-1792 1892 12476 -8755 288 3312
-2804 1004 13056 -9918 -3577 732
-2804 1004 13056 -9918 -3577 732
2232 16 13168 -12595 -5428 -1297
2232 16 13168 -12595 -5428 -1297
3368 -2180 17304 -9586 1230 -1665
3368 -2180 17304 -9586 1230 -1665
2996 -2212 16500 -3526 1839 -4253
2996 -2212 16500 -3526 1839 -4253
2120 -4528 15640 973 6329 -2008
2120 -4528 15640 973 6329 -2008
2928 -2220 16140 4343 5665 1469
2928 -2220 16140 4343 5665 1469
4044 -2632 15372 1597 7308 4809
4044 -2632 15372 1597 7308 4809
2120 -844 13468 -1214 11664 6394
2120 -844 13468 -1214 11664 6394
380 532 10468 -1742 7729 5194
380 532 10468 -1742 7729 5194
444 3280 7716 -4519 10580 3298
444 3280 7716 -4519 10580 3298
-976 1740 7040 -2583 8557 334
-976 1740 7040 -2583 8557 334
-2896 3116 112 -5966 6707 -274
-2896 3116 112 -5966 6707 -274
-2268 5436 8592 3054 5007 -2986
-2268 5436 8592 3054 5007 -2986
544 14748 7024 14498 -3621 -519
544 14748 7024 14498 -3621 -519
18144 -3076 32767 18235 -32768 5707
18144 -3076 32767 18235 -32768 5707
4804 -17504 17444 -1015 -11689 434
4804 -17504 17444 -1015 -11689 434
-2964 5724 12360 3620 5126 11006
-2964 5724 12360 3620 5126 11006
1712 2152 9052 -3485 4062 5547
1712 2152 9052 -3485 4062 5547
-4064 976 12512 -6125 -548 508
-4064 976 12512 -6125 -548 508
-7044 -2868 14372 -4881 500 4033
-7044 -2868 14372 -4881 500 4033
-7036 -2132 14644 -714 1426 6591
-7036 -2132 14644 -714 1426 6591
-3952 636 10344 -2424 -992 5859
-3952 636 10344 -2424 -992 5859
-4272 92 9220 -6187 -2003 2670
-4272 92 9220 -6187 -2003 2670
-3988 -484 11744 -9330 -5217 -2822
-3988 -484 11744 -9330 -5217 -2822
-2128 -6092 15992 -8689 -8837 -5875
-2128 -6092 15992 -8689 -8837 -5875
2060 -6440 15492 687 -8872 3873
2060 -6440 15492 687 -8872 3873
-4516 -3572 11800 -800 -6069 -229
-4516 -3572 11800 -800 -6069 -229
-1756 -3048 12996 450 -3810 1262
-1756 -3048 12996 450 -3810 1262
-220 -2532 13716 498 -4476 1715
-220 -2532 13716 498 -4476 1715
-4072 -2884 13448 82 -11673 402
-4072 -2884 13448 82 -11673 402
2364 -5028 12180 67 -15212 2566
2364 -5028 12180 67 -15212 2566
1592 -3476 13280 -254 -10294 3775
1592 -3476 13280 -254 -10294 3775
8304 -4052 13392 -33 -2328 2080
8304 -4052 13392 -33 -2328 2080
2976 -3632 13380 -506 -1872 2702
2976 -3632 13380 -506 -1872 2702
3060 -4436 13052 1066 -7279 735
3060 -4436 13052 1066 -7279 735
3212 -4000 13532 897 -4842 1906
3212 -4000 13532 897 -4842 1906
6880 -3736 12508 739 -4574 1795
6880 -3736 12508 739 -4574 1795
7740 -4296 11664 352 -7718 -117
7740 -4296 11664 352 -7718 -117
3404 -6024 13592 1086 -7007 772
3404 -6024 13592 1086 -7007 772
5340 -3736 12264 134 -2877 1379
5340 -3736 12264 134 -2877 1379
9652 -3920 11348 -901 -7181 -1385
9652 -3920 11348 -901 -7181 -1385
8272 -5892 10700 -2327 -7303 -1714
8272 -5892 10700 -2327 -7303 -1714
9056 -6956 10644 -3443 -3029 -2462
9056 -6956 10644 -3443 -3029 -2462
15228 -5084 10136 -593 2371 502
15228 -5084 10136 -593 2371 502
13592 -10592 26476 9625 12596 -7543
13592 -10592 26476 9625 12596 -7543
4372 -2388 7184 15586 9197 -7901
4372 -2388 7184 15586 9197 -7901
13060 -4352 10880 14444 2197 -9758
13060 -4352 10880 14444 2197 -9758
1812 6652 13348 9533 3325 -14504
1812 6652 13348 9533 3325 -14504
6172 -2864 11628 9272 4351 -5292
6172 -2864 11628 9272 4351 -5292
4112 6248 14784 7409 5449 -3442
4112 6248 14784 7409 5449 -3442
6908 6960 10936 6011 5904 -8440
6908 6960 10936 6011 5904 -8440
4624 6772 10092 4537 4900 -6370
4624 6772 10092 4537 4900 -6370
3232 5324 12748 2419 648 -10463
3232 5324 12748 2419 648 -10463
2176 5228 12744 1887 1176 -9971
2176 5228 12744 1887 1176 -9971
1828 5448 13040 1768 -40 -8257
1828 5448 13040 1768 -40 -8257
2164 7076 13952 3492 2901 -4097
2164 7076 13952 3492 2901 -4097
-1904 6328 11736 3796 -1482 -3025
-1904 6328 11736 3796 -1482 -3025
-1156 7432 9108 3687 288 370
-1156 7432 9108 3687 288 370
984 7932 10432 1409 -1074 1901
984 7932 10432 1409 -1074 1901
3412 6988 10336 626 -1688 2879
3412 6988 10336 626 -1688 2879
2408 6048 13088 -58 -4093 2467
2408 6048 13088 -58 -4093 2467
796 7028 16476 2749 -10380 -1314
796 7028 16476 2749 -10380 -1314
1528 7776 13124 4771 -8627 -3432
1528 7776 13124 4771 -8627 -3432
3264 6292 14736 -735 -12991 -2280
3264 6292 14736 -735 -12991 -2280
2460 2008 19772 -14715 -1018 632
2460 2008 19772 -14715 -1018 632
2348 -2824 12948 -19619 7916 1324
2348 -2824 12948 -19619 7916 1324
-492 -4760 12516 -18764 10134 881
-492 -4760 12516 -18764 10134 881
6820 -6528 11876 -13987 15476 1974
6820 -6528 11876 -13987 15476 1974
4776 -4540 13836 -7233 11483 1255
4776 -4540 13836 -7233 11483 1255
7764 -1148 12732 212 9461 204
7764 -1148 12732 212 9461 204
2620 1536 12444 1860 8227 1785
2620 1536 12444 1860 8227 1785
1260 2356 10484 3344 7425 3753
1260 2356 10484 3344 7425 3753
-968 3076 9472 2601 4859 2841
-968 3076 9472 2601 4859 2841
-1672 4920 5712 673 6465 1912
-1672 4920 5712 673 6465 1912
1936 5592 9320 2446 4574 -1238
1936 5592 9320 2446 4574 -1238
-4648 10932 7856 5887 -270 -1167
-4648 10932 7856 5887 -270 -1167
-32768 32767 32767 -32768 32767 9699
-32768 32767 32767 -32768 32767 9699
-2368 -11492 24656 -5291 -23485 -6478
-2368 -11492 24656 -5291 -23485 -6478
-3704 -216 14648 -3925 3450 9094
-3704 -216 14648 -3925 3450 9094
-608 156 11560 -3975 -4678 3977
-608 156 11560 -3975 -4678 3977
364 -340 11836 -6835 -2296 2488
364 -340 11836 -6835 -2296 2488
-5152 -4724 15668 -7724 -1509 1109
-5152 -4724 15668 -7724 -1509 1109
-1068 -4848 15340 -3131 -3369 2019
-1068 -4848 15340 -3131 -3369 2019
-816 -2004 12632 -1761 -4743 1268
-816 -2004 12632 -1761 -4743 1268
-2188 -5084 14804 -2940 -11674 -2712
-2188 -5084 14804 -2940 -11674 -2712
-2348 -2588 11752 -297 -10345 1399
-2348 -2588 11752 -297 -10345 1399
6216 -2852 13696 921 -5439 1459
6216 -2852 13696 921 -5439 1459
4064 -4212 13996 536 -3688 2403
4064 -4212 13996 536 -3688 2403
872 -5248 13236 -11 -3464 746
872 -5248 13236 -11 -3464 746
1720 -4444 13392 286 947 997
1720 -4444 13392 286 947 997
1340 -3480 13596 -51 1567 448
1340 -3480 13596 -51 1567 448
1304 -4204 13636 341 -491 -960
1304 -4204 13636 341 -491 -960
380 -4120 13408 180 -3208 177
380 -4120 13408 180 -3208 177
1008 -4096 13136 165 -7162 668
1008 -4096 13136 165 -7162 668
7320 -3628 13012 966 -7241 2573
7320 -3628 13012 966 -7241 2573
1360 -3772 13176 10 -852 1421
1360 -3772 13176 10 -852 1421
2188 -5412 13368 413 -255 1634
2188 -5412 13368 413 -255 1634
3436 -3948 12900 552 -3953 1036
3436 -3948 12900 552 -3953 1036
2232 -3080 13724 385 -3560 2164
2232 -3080 13724 385 -3560 2164
9460 -4856 12340 -59 -3676 357
9460 -4856 12340 -59 -3676 357
4440 -5288 12628 548 -8008 -603
4440 -5288 12628 548 -8008 -603
-1660 -5680 14848 829 -6607 445
-1660 -5680 14848 829 -6607 445
10920 -2732 11232 -24 -2283 677
10920 -2732 11232 -24 -2283 677
7476 -3456 11928 -158 -4593 -783
7476 -3456 11928 -158 -4593 -783
7348 -6180 11244 375 -2327 -780
7348 -6180 11244 375 -2327 -780
7668 -4604 11340 -157 -2975 -245
7668 -4604 11340 -157 -2975 -245
6224 -7452 11464 -470 -2550 -582
6224 -7452 11464 -470 -2550 -582
7480 -6008 10740 47 -48 -917
7480 -6008 10740 47 -48 -917
14264 -6656 12120 -180 4052 -1377
14264 -6656 12120 -180 4052 -1377
3540 -1348 13460 8149 16310 -674
3540 -1348 13460 8149 16310 -674
8648 -5940 12456 13339 5628 -5943
8648 -5940 12456 13339 5628 -5943
3940 -4120 17868 14752 5188 -7715
3940 -4120 17868 14752 5188 -7715
-544 856 12220 20822 9265 -1728
-544 856 12220 20822 9265 -1728
4840 3252 14492 19379 5333 882
4840 3252 14492 19379 5333 882
5040 3908 11812 11789 4510 -643
5040 3908 11812 11789 4510 -643
4204 7608 8184 6218 3832 -6377
4204 7608 8184 6218 3832 -6377
1648 6736 12160 5059 563 -9781
1648 6736 12160 5059 563 -9781
2692 6592 13808 3600 447 -13239
2692 6592 13808 3600 447 -13239
-2208 6888 11668 1760 -2171 -11707
-2208 6888 11668 1760 -2171 -11707
-2964 8544 10876 657 -1547 -7251
-2964 8544 10876 657 -1547 -7251
-3188 6772 12900 -522 -221 -2251
-3188 6772 12900 -522 -221 -2251
-3476 6248 13220 -1271 -10885 -1830
-3476 6248 13220 -1271 -10885 -1830
2248 2908 14056 -2656 -4241 3170
2248 2908 14056 -2656 -4241 3170
252 684 17200 -6559 -4224 4191
252 684 17200 -6559 -4224 4191
-3024 1052 14576 -11553 878 5263
-3024 1052 14576 -11553 878 5263
-2380 -744 13664 -13794 -122 2069
-2380 -744 13664 -13794 -122 2069
4228 -2704 16212 -10826 5365 -1017
4228 -2704 16212 -10826 5365 -1017
2280 -3052 15056 -5344 3370 -3318
2280 -3052 15056 -5344 3370 -3318
3260 -4372 12092 -2035 6663 2604
3260 -4372 12092 -2035 6663 2604
2980 -3328 12632 -842 8565 5362
2980 -3328 12632 -842 8565 5362
4944 -700 12172 -222 7274 3887
4944 -700 12172 -222 7274 3887
2952 -1876 13712 -179 5742 3613
2952 -1876 13712 -179 5742 3613
4212 636 10320 1978 7804 3314
4212 636 10320 1978 7804 3314
-2596 148 10264 1441 5875 1854
-2596 148 10264 1441 5875 1854
-3120 2436 9196 -182 7222 4558
-3120 2436 9196 -182 7222 4558
2928 136 5664 -2181 11072 6157
2928 136 5664 -2181 11072 6157
-1060 14184 5348 11739 -6759 -4369
-1060 14184 5348 11739 -6759 -4369
-3692 -3064 2276 -9460 7236 16364
-3692 -3064 2276 -9460 7236 16364
1324 -22948 17960 -987 -27018 -10838
1324 -22948 17960 -987 -27018 -10838
-692 1080 12716 1230 4521 11048
-692 1080 12716 1230 4521 11048
-4216 -76 13268 -1885 1581 4388
-4216 -76 13268 -1885 1581 4388
-8548 -804 10940 -3880 2800 4936
-8548 -804 10940 -3880 2800 4936
-7508 -3308 14960 -2273 2401 8391
-7508 -3308 14960 -2273 2401 8391
-5424 -1792 12172 -859 -346 7713
-5424 -1792 12172 -859 -346 7713
-3996 1356 8568 -5157 1386 5855
-3996 1356 8568 -5157 1386 5855
2060 3464 9232 -10062 -6214 -5584
2060 3464 9232 -10062 -6214 -5584
-10064 -13896 24640 -6733 -7878 -11944
-10064 -13896 24640 -6733 -7878 -11944
6332 -3900 12376 1491 -3843 3716
6332 -3900 12376 1491 -3843 3716
-8336 -3156 11588 -303 -4903 -1384
-8336 -3156 11588 -303 -4903 -1384
-4552 -3092 13244 1155 -8323 1606
-4552 -3092 13244 1155 -8323 1606
-5264 -3636 13472 597 -10005 988
-5264 -3636 13472 597 -10005 988
-4524 -4556 12912 -868 -19774 1542
-4524 -4556 12912 -868 -19774 1542
2884 -5300 13196 817 -18910 3814
2884 -5300 13196 817 -18910 3814
6076 -3420 12840 -14 -7134 4329
6076 -3420 12840 -14 -7134 4329
7192 -3512 12416 -1 -27 2977
7192 -3512 12416 -1 -27 2977
3468 -4060 12768 -18 -5782 689
3468 -4060 12768 -18 -5782 689
1844 -3892 13108 816 -4431 2662
1844 -3892 13108 816 -4431 2662
7488 -4676 12236 435 -4728 1654
7488 -4676 12236 435 -4728 1654
6264 -4124 12356 -243 -6875 75
6264 -4124 12356 -243 -6875 75
5916 -4668 13056 -578 -5000 76
5916 -4668 13056 -578 -5000 76
9968 -6540 10444 451 -6284 187
9968 -6540 10444 451 -6284 187
3040 -4984 13280 -875 -8311 -1723
3040 -4984 13280 -875 -8311 -1723
6084 -2848 13696 -693 -4394 47
6084 -2848 13696 -693 -4394 47
11844 -4300 9984 -388 -4543 549
11844 -4300 9984 -388 -4543 549
7952 -6128 10192 -2546 -5752 -2979
7952 -6128 10192 -2546 -5752 -2979
8828 -5728 11128 -1407 -2940 31
8828 -5728 11128 -1407 -2940 31
12544 -11872 11580 7205 7211 1719
12544 -11872 11580 7205 7211 1719
1088 -1360 17788 8971 9860 -6314
1088 -1360 17788 8971 9860 -6314
12636 -7900 11900 11156 6169 -4987
12636 -7900 11900 11156 6169 -4987
9920 880 12864 13731 7402 -18786
9920 880 12864 13731 7402 -18786
1692 -1808 14388 13494 3294 -16493
1692 -1808 14388 13494 3294 -16493
2240 4176 10712 12734 5444 -8481
2240 4176 10712 12734 5444 -8481
6692 2728 10308 14084 6274 -7522
6692 2728 10308 14084 6274 -7522
6092 6344 12532 9320 6165 -9094
6092 6344 12532 9320 6165 -9094
1908 9324 9580 6603 73 -14426
1908 9324 9580 6603 73 -14426
748 6860 12912 2708 2922 -11056
748 6860 12912 2708 2922 -11056
-356 8036 11952 3695 -1796 -9864
-356 8036 11952 3695 -1796 -9864
-3116 8424 11188 2974 -200 -3655
-3116 8424 11188 2974 -200 -3655
-772 9496 12740 1285 -5264 -4440
-772 9496 12740 1285 -5264 -4440
592 8816 11584 1494 -3177 -1716
592 8816 11584 1494 -3177 -1716
-1288 8836 10692 2045 -2550 804
-1288 8836 10692 2045 -2550 804
232 8768 8272 -4078 -4197 5138
232 8768 8272 -4078 -4197 5138
2116 2780 14300 -8962 -5689 5418
2116 2780 14300 -8962 -5689 5418
2572 1084 15228 -11907 -1288 3734
2572 1084 15228 -11907 -1288 3734
-516 1416 16084 -14010 1995 3503
-516 1416 16084 -14010 1995 3503
1148 3112 15064 -11997 1831 1486
1148 3112 15064 -11997 1831 1486
3064 1440 16304 -9588 4635 -1234
3064 1440 16304 -9588 4635 -1234
1604 -552 13708 -5369 3095 -4665
1604 -552 13708 -5369 3095 -4665
2328 -3400 14936 -2852 6174 -3023
2328 -3400 14936 -2852 6174 -3023
1184 -5348 11880 -795 2386 -739
1184 -5348 11880 -795 2386 -739
1792 -6544 11584 -328 10442 4659
1792 -6544 11584 -328 10442 4659
4612 -3212 14048 -2820 8659 4049
4612 -3212 14048 -2820 8659 4049
2628 -4648 12884 -4538 6177 1819
2628 -4648 12884 -4538 6177 1819
2396 -3172 11704 -2667 12339 3289
2396 -3172 11704 -2667 12339 3289
1676 820 8264 -2543 2673 291
1676 820 8264 -2543 2673 291
-1492 3556 7688 792 5011 418
-1492 3556 7688 792 5011 418
720 7252 8516 8081 3421 975
720 7252 8516 8081 3421 975
-464 16788 4888 13531 9432 6827
-464 16788 4888 13531 9432 6827
-32768 32767 32767 -32768 32767 -3562
-32768 32767 32767 -32768 32767 -3562
-3772 -10800 21532 -6741 -25928 -7897
-3772 -10800 21532 -6741 -25928 -7897
-736 5656 15804 -3186 1740 8537
-736 5656 15804 -3186 1740 8537
-5740 -4164 10388 -3850 2979 4974
-5740 -4164 10388 -3850 2979 4974
-2292 472 11856 -6094 -979 377
-2292 472 11856 -6094 -979 377
-7084 -1164 14652 -4185 1339 1837
-7084 -1164 14652 -4185 1339 1837
-4472 -548 11788 -3002 -205 2502
-4472 -548 11788 -3002 -205 2502
-5172 -2436 12624 -2225 -3409 647
-5172 -2436 12624 -2225 -3409 647
-5248 -3304 13328 -2317 -3978 256
-5248 -3304 13328 -2317 -3978 256
-1280 -1388 10812 -3750 -7708 -165
-1280 -1388 10812 -3750 -7708 -165
-5568 -4888 14592 -1466 -4361 -1160
-5568 -4888 14592 -1466 -4361 -1160
-1352 -2748 12824 367 -751 12
-1352 -2748 12824 367 -751 12
-5468 -4156 13780 -309 -5260 -1448
-5468 -4156 13780 -309 -5260 -1448
-7852 -3004 12732 12 -12421 -574
-7852 -3004 12732 12 -12421 -574
1408 -2764 12440 -179 -13533 1494
1408 -2764 12440 -179 -13533 1494
9696 -3656 12516 666 -9137 820
9696 -3656 12516 666 -9137 820
1352 -4424 14092 731 -3835 1064
1352 -4424 14092 731 -3835 1064
1944 -3952 13640 716 -807 1172
1944 -3952 13640 716 -807 1172
640 -3544 13856 -4 -1763 1337
640 -3544 13856 -4 -1763 1337
2988 -3516 13408 187 -1341 -275
2988 -3516 13408 187 -1341 -275
4084 -3576 13628 190 484 76
4084 -3576 13628 190 484 76
1076 -4068 14016 459 -3213 765
1076 -4068 14016 459 -3213 765
1120 -2568 13164 -51 -1273 1938
1120 -2568 13164 -51 -1273 1938
6772 -3332 14008 -122 -2073 664
6772 -3332 14008 -122 -2073 664
4796 -4304 13324 559 -189 938
4796 -4304 13324 559 -189 938
928 -4196 13656 401 -2426 305
928 -4196 13656 401 -2426 305
764 -3464 13336 186 -415 447
764 -3464 13336 186 -415 447
5824 -3616 12696 739 -4332 -13
5824 -3616 12696 739 -4332 -13
4984 -3760 13232 565 -7586 -771
4984 -3760 13232 565 -7586 -771
4112 -4604 12848 376 -7546 -506
4112 -4604 12848 376 -7546 -506
3752 -4136 13768 -23 -2034 100
3752 -4136 13768 -23 -2034 100
6220 -3672 12492 -173 -1096 371
6220 -3672 12492 -173 -1096 371
5856 -4140 12128 -110 -7335 -1293
5856 -4140 12128 -110 -7335 -1293
7000 -5840 10728 235 -6809 -1323
7000 -5840 10728 235 -6809 -1323
7368 -4488 11252 -542 -4074 -1051
7368 -4488 11252 -542 -4074 -1051
9196 -2076 12660 -1062 -1919 -395
9196 -2076 12660 -1062 -1919 -395
9396 -4488 11116 268 -2163 -299
9396 -4488 11116 268 -2163 -299
6344 -3616 12584 657 -3890 926
6344 -3616 12584 657 -3890 926
6288 -11588 4688 525 14 -670
6288 -11588 4688 525 14 -670
11008 -4940 13892 -875 2794 175
11008 -4940 13892 -875 2794 175
12852 -6668 21264 7205 13580 2482
12852 -6668 21264 7205 13580 2482
7188 -1968 14404 23406 8836 -9154
7188 -1968 14404 23406 8836 -9154
5076 -2064 4632 18895 9338 -10425
5076 -2064 4632 18895 9338 -10425
8628 1912 15596 14724 152 -15207
8628 1912 15596 14724 152 -15207
-1940 3592 8188 14258 2553 -11888
-1940 3592 8188 14258 2553 -11888
-44 6904 8864 9359 1628 -8066
-44 6904 8864 9359 1628 -8066
3732 5876 9052 4261 2576 -4874
3732 5876 9052 4261 2576 -4874
-1812 7512 10712 1108 644 -4056
-1812 7512 10712 1108 644 -4056
1764 9392 13612 -709 2657 0
1764 9392 13612 -709 2657 0
3592 6948 13472 -533 -1946 928
3592 6948 13472 -533 -1946 928
-932 7468 13772 -1363 -3995 1249
-932 7468 13772 -1363 -3995 1249
3768 5116 14344 -2667 -7314 1828
3768 5116 14344 -2667 -7314 1828
6568 1624 16168 -3966 -17167 -2975
6568 1624 16168 -3966 -17167 -2975
4036 808 16116 -8698 -6300 3060
4036 808 16116 -8698 -6300 3060
720 -4832 18096 -13625 6866 2821
720 -4832 18096 -13625 6866 2821
3716 -5180 16996 -10566 9204 -1715
3716 -5180 16996 -10566 9204 -1715
3272 -4600 14836 -6639 12488 -2064
3272 -4600 14836 -6639 12488 -2064
6608 -4624 12252 -2517 14435 -348
6608 -4624 12252 -2517 14435 -348
4492 -4768 12044 -1078 16309 1079
4492 -4768 12044 -1078 16309 1079
4444 -3216 11236 -1040 15908 327
4444 -3216 11236 -1040 15908 327
3064 -248 11728 -2016 13110 -1709
3064 -248 11728 -2016 13110 -1709
332 2588 8648 -4197 5670 -2043
332 2588 8648 -4197 5670 -2043
-3284 5404 8748 -1810 9335 3208
-3284 5404 8748 -1810 9335 3208
-748 4620 9160 2569 4118 3247
-748 4620 9160 2569 4118 3247
-5876 10192 5784 10491 -261 6918
-5876 10192 5784 10491 -261 6918
-1576 13564 4792 16037 508 9346
-1576 13564 4792 16037 508 9346
-32768 18960 17436 -17413 2048 -390
-32768 18960 17436 -17413 2048 -390
1724 -4 13836 -3925 -770 3376
1724 -4 13836 -3925 -770 3376
-6436 768 12760 -395 574 6794
-6436 768 12760 -395 574 6794
-1200 1948 9956 -4124 -1833 2799
-1200 1948 9956 -4124 -1833 2799
-6164 380 11756 -6689 -4425 -1090
-6164 380 11756 -6689 -4425 -1090
-3472 -892 12184 -8857 -4616 -1061
-3472 -892 12184 -8857 -4616 -1061
-4220 -4604 14944 -8410 -8870 -2093
-4220 -4604 14944 -8410 -8870 -2093
-7052 -3888 14132 -334 -6317 2786
-7052 -3888 14132 -334 -6317 2786
-1932 -2732 11684 -621 -8759 -429
-1932 -2732 11684 -621 -8759 -429
-4564 -2796 13084 -1032 -13619 -190
-4564 -2796 13084 -1032 -13619 -190
3972 -3408 13060 -513 -14499 1815
3972 -3408 13060 -513 -14499 1815
1364 -3832 13616 -224 -4372 602
1364 -3832 13616 -224 -4372 602
3440 -2924 12980 -332 -4344 1734
3440 -2924 12980 -332 -4344 1734
5848 -2596 13256 277 2616 972
5848 -2596 13256 277 2616 972
656 -5888 13876 203 -2830 186
656 -5888 13876 203 -2830 186
-2232 -3024 13880 -422 3990 2473
-2232 -3024 13880 -422 3990 2473
2068 -3256 13776 -145 -2458 543
2068 -3256 13776 -145 -2458 543
4324 -5780 11884 27 -5983 1406
4324 -5780 11884 27 -5983 1406
2980 -3592 13904 -572 -6204 1943
2980 -3592 13904 -572 -6204 1943
2852 -3248 13624 -407 720 98
2852 -3248 13624 -407 720 98
3960 -4748 12684 62 -1804 464
3960 -4748 12684 62 -1804 464
3212 -5144 11876 762 -1121 283
3212 -5144 11876 762 -1121 283
4172 -4668 12232 571 -3435 208
4172 -4668 12232 571 -3435 208
4160 -4900 12816 94 -1893 577
4160 -4900 12816 94 -1893 577
5548 -4076 12300 326 -1922 134
5548 -4076 12300 326 -1922 134
4228 -3956 13532 -250 -2601 -620
4228 -3956 13532 -250 -2601 -620
4404 -4584 13688 -114 -557 848
4404 -4584 13688 -114 -557 848
5244 -5448 12448 -374 -4829 -448
5244 -5448 12448 -374 -4829 -448
3320 -6204 11692 -593 -9210 -1982
3320 -6204 11692 -593 -9210 -1982
8752 -3432 14012 -1919 -7065 -2785
8752 -3432 14012 -1919 -7065 -2785
9784 -3636 10896 245 -3483 5
9784 -3636 10896 245 -3483 5
7816 -5272 11400 52 -4687 -1010
7816 -5272 11400 52 -4687 -1010
6712 -4944 10892 -42 -3938 -1355
6712 -4944 10892 -42 -3938 -1355
9588 -3940 11220 -22 -4669 -1152
9588 -3940 11220 -22 -4669 -1152
6568 -6188 11768 -2264 -6839 -2367
6568 -6188 11768 -2264 -6839 -2367
11656 -5568 11472 -2918 -4190 1014
11656 -5568 11472 -2918 -4190 1014
4104 -6612 11072 5641 6098 2584
4104 -6612 11072 5641 6098 2584
8136 -5556 16028 10024 11947 13782
8136 -5556 16028 10024 11947 13782
20148 -3152 15540 16853 8183 -3333
20148 -3152 15540 16853 8183 -3333
10280 -4380 11868 11605 6492 -20751
10280 -4380 11868 11605 6492 -20751
8328 -4152 12080 7664 -1058 -21451
8328 -4152 12080 7664 -1058 -21451
928 844 11948 13396 5983 -16311
928 844 11948 13396 5983 -16311
1188 2592 10140 14053 4355 -8319
1188 2592 10140 14053 4355 -8319
2896 6940 11696 11830 -2782 -7661
2896 6940 11696 11830 -2782 -7661
3196 8776 12792 7034 8092 -7859
3196 8776 12792 7034 8092 -7859
3796 8820 7712 3257 1153 -6947
3796 8820 7712 3257 1153 -6947
-2624 6968 10648 624 -3384 -7615
-2624 6968 10648 624 -3384 -7615
-444 7376 11772 -2636 -5146 -91
-444 7376 11772 -2636 -5146 -91
48 6912 16484 -1269 -14472 785
48 6912 16484 -1269 -14472 785
7460 516 14552 -4749 -12462 283
7460 516 14552 -4749 -12462 283
3308 -3212 16420 -10008 376 3131
3308 -3212 16420 -10008 376 3131
4460 -5172 15276 -15189 6521 6057
4460 -5172 15276 -15189 6521 6057
3380 -6196 15964 -16724 10619 5477
3380 -6196 15964 -16724 10619 5477
5956 -6500 13952 -11899 11409 2175
5956 -6500 13952 -11899 11409 2175
3676 -5320 14164 -7170 12171 5011
3676 -5320 14164 -7170 12171 5011
5396 -1476 13272 -4383 14080 5095
5396 -1476 13272 -4383 14080 5095
2628 -48 13780 -2814 13402 889
2628 -48 13780 -2814 13402 889
376 1316 12160 2174 9646 -2006
376 1316 12160 2174 9646 -2006
-2896 312 8176 3320 6107 -4212
-2896 312 8176 3320 6107 -4212
-3996 2152 11360 4602 10446 110
-3996 2152 11360 4602 10446 110
-1172 5324 10696 5524 5314 1587
-1172 5324 10696 5524 5314 1587
-5056 6908 10992 7580 10275 5236
-5056 6908 10992 7580 10275 5236
-7812 9680 11104 7787 7124 8641
-7812 9680 11104 7787 7124 8641
-6680 9196 11236 5158 7429 9266
-6680 9196 11236 5158 7429 9266
-3520 7992 10228 3381 714 7047
-3520 7992 10228 3381 714 7047
-21160 -2936 27276 -23584 -11312 -20462
-21160 -2936 27276 -23584 -11312 -20462
-1264 -6116 16760 -13861 -17623 -12482
-1264 -6116 16760 -13861 -17623 -12482
468 -4912 13748 -14707 -7833 -8637
468 -4912 13748 -14707 -7833 -8637
-14488 -13968 28180 -3503 -15592 -8731
-14488 -13968 28180 -3503 -15592 -8731
7592 -3580 13680 1293 -5335 2082
7592 -3580 13680 1293 -5335 2082
-3840 -4704 14464 -702 -4774 -1398
-3840 -4704 14464 -702 -4774 -1398
856 -4156 13672 479 865 122
856 -4156 13672 479 865 122
-1116 -4012 13304 717 224 1431
-1116 -4012 13304 717 224 1431
-3480 -3520 13028 232 1096 518
-3480 -3520 13028 232 1096 518
-2272 -3568 13212 486 3524 2278
-2272 -3568 13212 486 3524 2278
-3420 -3420 13820 364 493 632
-3420 -3420 13820 364 493 632
-7220 -3320 12320 31 -6305 3889
-7220 -3320 12320 31 -6305 3889
-3516 -5040 12128 1429 -12724 6592
-3516 -5040 12128 1429 -12724 6592
3148 -4064 13344 502 -15346 5521
3148 -4064 13344 502 -15346 5521
3332 -2512 13992 -680 -14628 4183
3332 -2512 13992 -680 -14628 4183
1232 -4448 13976 15 -412 2177
1232 -4448 13976 15 -412 2177
1160 -3736 13740 -72 -2863 2083
1160 -3736 13740 -72 -2863 2083
1980 -3796 13808 -18 -3205 2217
1980 -3796 13808 -18 -3205 2217
84 -3440 13340 -232 -7355 858
84 -3440 13340 -232 -7355 858
4984 -1508 13496 -1047 -3825 1323
4984 -1508 13496 -1047 -3825 1323
2876 -4340 14384 -628 -6795 -1151
2876 -4340 14384 -628 -6795 -1151
5632 -5780 11120 570 -7109 59
5632 -5780 11120 570 -7109 59
6904 -2924 12692 -473 -5403 -196
6904 -2924 12692 -473 -5403 -196
6480 -3808 12852 -807 -5178 -699
6480 -3808 12852 -807 -5178 -699
7796 -3704 12264 -858 -7429 -2410
7796 -3704 12264 -858 -7429 -2410
8524 -3852 10808 -1028 -6416 -2067
8524 -3852 10808 -1028 -6416 -2067
6904 -5960 10836 -1069 -5914 -2325
6904 -5960 10836 -1069 -5914 -2325
10864 -6272 8780 -128 -3589 710
10864 -6272 8780 -128 -3589 710
10880 -3364 9600 -802 -5799 -65
10880 -3364 9600 -802 -5799 -65
9116 -2360 11308 -764 -2942 -1215
9116 -2360 11308 -764 -2942 -1215
8932 -2548 13276 -1074 5539 -85
8932 -2548 13276 -1074 5539 -85
9200 -9652 7020 73 6018 -2441
9200 -9652 7020 73 6018 -2441
8588 -5848 10664 2992 12089 -1597
8588 -5848 10664 2992 12089 -1597
15252 -8632 17620 3438 17272 -3959
15252 -8632 17620 3438 17272 -3959
7772 -4696 14732 15458 6695 -15564
7772 -4696 14732 15458 6695 -15564
4540 -920 13076 11561 2480 -20933
4540 -920 13076 11561 2480 -20933
2944 5532 13408 5895 -6883 -19490
2944 5532 13408 5895 -6883 -19490
4972 9192 15008 2531 3202 -8238
4972 9192 15008 2531 3202 -8238
4112 4532 12372 -904 12294 -5280
4112 4532 12372 -904 12294 -5280
1100 1612 11060 -2680 8712 -10048
1100 1612 11060 -2680 8712 -10048
700 852 9916 -1981 6500 -11152
700 852 9916 -1981 6500 -11152
68 -820 10564 -2361 2364 -11281
68 -820 10564 -2361 2364 -11281
-544 -2316 12028 -1585 5221 -10596
-544 -2316 12028 -1585 5221 -10596
1180 -2664 15340 -1286 3143 -13804
1180 -2664 15340 -1286 3143 -13804
-508 -2456 18644 -203 260 -18880
-508 -2456 18644 -203 260 -18880
1744 -1892 16924 5717 2663 -16247
1744 -1892 16924 5717 2663 -16247
-1868 2148 17748 7739 3960 -15029
-1868 2148 17748 7739 3960 -15029
700 3152 13492 6381 2814 -13541
700 3152 13492 6381 2814 -13541
1064 3672 12932 4257 7735 -10063
1064 3672 12932 4257 7735 -10063
1776 3080 12276 3167 3719 -9004
1776 3080 12276 3167 3719 -9004
996 5212 12032 4264 8045 -6936
996 5212 12032 4264 8045 -6936
36 5068 8540 2493 5125 -4239
36 5068 8540 2493 5125 -4239
-4608 3704 8072 -241 7349 -4010
-4608 3704 8072 -241 7349 -4010
-4828 3512 7880 -2320 2181 -1353
-4828 3512 7880 -2320 2181 -1353
-7844 -3140 5292 -1900 -752 4989
-7844 -3140 5292 -1900 -752 4989
-4828 -416 12004 1554 6844 6100
-4828 -416 12004 1554 6844 6100
-8304 4664 10272 -4922 -2766 2210
-8304 4664 10272 -4922 -2766 2210
-3948 7224 10128 -6195 -3373 1169
-3948 7224 10128 -6195 -3373 1169
-2568 13828 8500 -3308 -15333 332
-2568 13828 8500 -3308 -15333 332
-22764 1244 21344 -18360 -12822 -4283
-22764 1244 21344 -18360 -12822 -4283
-10820 -12060 13444 -16186 -14930 -6329
-10820 -12060 13444 -16186 -14930 -6329
-3076 5916 23024 -7723 -9402 3458
-3076 5916 23024 -7723 -9402 3458
4504 -5020 13456 1162 -14406 3365
4504 -5020 13456 1162 -14406 3365
1552 -3344 14000 -375 537 1642
1552 -3344 14000 -375 537 1642
-3436 -4304 14648 31 672 1254
-3436 -4304 14648 31 672 1254
2528 -3276 13288 1167 2451 1412
2528 -3276 13288 1167 2451 1412
-980 -2920 13376 874 -1590 966
-980 -2920 13376 874 -1590 966
0 -3536 13180 -513 -930 -313
0 -3536 13180 -513 -930 -313
2068 -3824 13164 -281 -309 -289
2068 -3824 13164 -281 -309 -289
656 -3544 13396 365 -123 732
656 -3544 13396 365 -123 732
-2104 -2948 12704 -176 -517 -107
-2104 -2948 12704 -176 -517 -107
816 -2688 13360 721 -688 155
816 -2688 13360 721 -688 155
292 -5864 13564 -310 -3602 601
292 -5864 13564 -310 -3602 601
-2660 -5380 15052 -506 -8790 -21
-2660 -5380 15052 -506 -8790 -21
-960 -3328 14504 -334 -3009 26
-960 -3328 14504 -334 -3009 26
5772 -3380 13576 449 -2711 1009
5772 -3380 13576 449 -2711 1009
-2436 -6908 14544 467 -11539 2036
-2436 -6908 14544 467 -11539 2036
3324 -4312 13356 -1518 -2137 -630
3324 -4312 13356 -1518 -2137 -630
2936 -3356 12856 -1304 -5456 -900
2936 -3356 12856 -1304 -5456 -900
3296 -3360 13548 483 -8292 -885
3296 -3360 13548 483 -8292 -885
7188 -3200 12908 -853 -3246 -208
7188 -3200 12908 -853 -3246 -208
8144 -4964 13104 113 -929 -69
8144 -4964 13104 113 -929 -69
5020 -4304 13548 617 112 366
5020 -4304 13548 617 112 366
5992 -4488 12696 941 1028 -17
5992 -4488 12696 941 1028 -17
5196 -4840 12196 1051 1977 -131
5196 -4840 12196 1051 1977 -131
4100 -4308 13280 1219 1868 -341
4100 -4308 13280 1219 1868 -341
4592 -4424 12988 1183 2323 -28
4592 -4424 12988 1183 2323 -28
4052 -3996 13160 933 1463 -455
4052 -3996 13160 933 1463 -455
4448 -4428 12888 800 667 -639
4448 -4428 12888 800 667 -639
5292 -5196 13032 535 -98 -1041
5292 -5196 13032 535 -98 -1041
3448 -8280 18596 4443 1752 -1859
3448 -8280 18596 4443 1752 -1859
-7700 -6240 14836 8363 -4682 6682
-7700 -6240 14836 8363 -4682 6682
-9056 -11168 17928 361 -20780 -1647
-9056 -11168 17928 361 -20780 -1647
-7732 -16596 15596 -5577 28167 9007
-7732 -16596 15596 -5577 28167 9007
1984 -13892 8580 489 20977 -10722
1984 -13892 8580 489 20977 -10722
14028 3436 8912 4776 23953 -6402
14028 3436 8912 4776 23953 -6402
5268 5792 10596 1971 8761 -8601
5268 5792 10596 1971 8761 -8601
-1388 3864 10204 4780 14294 -1247
-1388 3864 10204 4780 14294 -1247
-1668 584 11536 5872 8130 2454
-1668 584 11536 5872 8130 2454
-1852 1732 12040 1671 5904 2022
-1852 1732 12040 1671 5904 2022
1152 3096 3432 3148 -52 -1390
1152 3096 3432 3148 -52 -1390
-32768 -16392 -15688 -8607 32767 -32768
-32768 -16392 -15688 -8607 32767 -32768
-20328 -30860 32767 -997 -30908 -18472
-20328 -30860 32767 -997 -30908 -18472
32720 12 8164 2976 -18873 4332
32720 12 8164 2976 -18873 4332
0 -5176 13608 450 2938 489
0 -5176 13608 450 2938 489
-2688 -3604 13680 -54 -1057 -1471
-2688 -3604 13680 -54 -1057 -1471
-940 -3956 13236 272 1680 1115
-940 -3956 13236 272 1680 1115
-2200 -4020 13224 -278 -1311 -152
-2200 -4020 13224 -278 -1311 -152
-2696 -4832 13008 392 -3290 897
-2696 -4832 13008 392 -3290 897
-8 -3644 13564 -109 1664 1934
-8 -3644 13564 -109 1664 1934
-2464 -3724 13532 46 485 749
-2464 -3724 13532 46 485 749
-456 -3548 13412 221 438 481
-456 -3548 13412 221 438 481
-1948 -4108 13100 -123 774 496
-1948 -4108 13100 -123 774 496
-780 -3980 13180 -154 -2758 992
-780 -3980 13180 -154 -2758 992
-904 -4060 13224 43 -5251 675
-904 -4060 13224 43 -5251 675
-3260 -3932 13548 1092 -9717 3351
-3260 -3932 13548 1092 -9717 3351
3492 -3832 13328 963 -3922 3760
3492 -3832 13328 963 -3922 3760
3644 -4720 13176 425 -2229 905
3644 -4720 13176 425 -2229 905
-584 -3712 14012 -75 -4367 -177
-584 -3712 14012 -75 -4367 -177
4928 -4300 13236 -143 -8092 -1023
4928 -4300 13236 -143 -8092 -1023
2908 -4176 13792 -140 -12091 -3085
2908 -4176 13792 -140 -12091 -3085
3424 -4432 12816 4 -8980 -1882
3424 -4432 12816 4 -8980 -1882
8604 -3680 11648 440 -10912 -1169
8604 -3680 11648 440 -10912 -1169
7920 -3768 12564 -658 -6896 -1216
7920 -3768 12564 -658 -6896 -1216
7616 -4712 11888 -1283 -5458 -2078
7616 -4712 11888 -1283 -5458 -2078
7592 -4760 11936 -1116 -3837 -932
7592 -4760 11936 -1116 -3837 -932
10392 -3852 9348 -1072 -3786 -1270
10392 -3852 9348 -1072 -3786 -1270
9368 -5028 9864 -370 572 530
9368 -5028 9864 -370 572 530
11796 -5992 10164 1204 1814 -1090
11796 -5992 10164 1204 1814 -1090
10612 -2372 14624 4890 8281 -1125
10612 -2372 14624 4890 8281 -1125
9420 -4316 14928 7460 12507 1699
9420 -4316 14928 7460 12507 1699
10108 -2660 12808 12632 7505 -8887
10108 -2660 12808 12632 7505 -8887
2932 -2772 13144 13780 9805 -12866
2932 -2772 13144 13780 9805 -12866
4952 40 13000 14062 7606 -7856
4952 40 13000 14062 7606 -7856
1128 2020 13356 12185 5681 -7936
1128 2020 13356 12185 5681 -7936
3296 3936 10832 8876 1032 -6757
3296 3936 10832 8876 1032 -6757
984 5992 11472 5196 1559 -5939
984 5992 11472 5196 1559 -5939
-1084 6776 11972 1024 -3261 -6879
-1084 6776 11972 1024 -3261 -6879
2776 5324 13368 -2318 -17747 -7260
2776 5324 13368 -2318 -17747 -7260
840 2164 18236 -6921 -2682 2018
840 2164 18236 -6921 -2682 2018
-2688 -2224 16356 -11511 7834 7251
-2688 -2224 16356 -11511 7834 7251
-868 -3900 14036 -11612 12901 2982
-868 -3900 14036 -11612 12901 2982
-2140 -3668 12316 -9928 2895 -1648
-2140 -3668 12316 -9928 2895 -1648
3584 -5064 14088 -7307 9080 1059
3584 -5064 14088 -7307 9080 1059
3004 -552 16456 -4593 4969 1996
3004 -552 16456 -4593 4969 1996
1492 -2416 12576 -4486 6352 5155
1492 -2416 12576 -4486 6352 5155
768 -5244 11188 -2378 10429 6530
768 -5244 11188 -2378 10429 6530
-244 -5680 9220 217 5442 4890
-244 -5680 9220 217 5442 4890
548 -5572 8320 -435 10104 5608
548 -5572 8320 -435 10104 5608
-1212 -796 7452 -666 7008 3405
-1212 -796 7452 -666 7008 3405
-3384 336 8288 618 3995 798
-3384 336 8288 618 3995 798
328 2252 9848 2839 5365 3003
328 2252 9848 2839 5365 3003
1320 7344 7124 4850 -12334 -4234
1320 7344 7124 4850 -12334 -4234
32767 24024 17740 -2459 2113 2694
32767 24024 17740 -2459 2113 2694
13540 -6964 8620 -1213 -10334 12150
13540 -6964 8620 -1213 -10334 12150
376 -3192 14524 -1238 6323 1284
376 -3192 14524 -1238 6323 1284
-5660 -4012 12276 -95 6382 -200
-5660 -4012 12276 -95 6382 -200
-6856 -3560 12728 1055 1038 -53
-6856 -3560 12728 1055 1038 -53
-5080 -3240 12024 802 -1244 -262
-5080 -3240 12024 802 -1244 -262
-3560 -4028 13000 840 -1637 130
-3560 -4028 13000 840 -1637 130
-4520 -3624 12516 321 -4258 477
-4520 -3624 12516 321 -4258 477
-2640 -3856 13148 -38 -5067 591
-2640 -3856 13148 -38 -5067 591
-2892 -4424 13420 142 -3557 -64
-2892 -4424 13420 142 -3557 -64
-2476 -4144 13040 269 -1478 782
-2476 -4144 13040 269 -1478 782
-3256 -3760 13180 -76 153 1060
-3256 -3760 13180 -76 153 1060
-4396 -3224 13880 288 -5372 1659
-4396 -3224 13880 288 -5372 1659
-4232 -4888 13972 -278 -8714 1489
-4232 -4888 13972 -278 -8714 1489
-804 -3940 12740 -412 -11682 956
-804 -3940 12740 -412 -11682 956
1620 -3900 13788 -66 -10669 2621
1620 -3900 13788 -66 -10669 2621
4872 -3896 12720 361 -839 2368
4872 -3896 12720 361 -839 2368
2168 -4112 12560 -26 -2374 1823
2168 -4112 12560 -26 -2374 1823
392 -3440 14008 175 -4297 1319
392 -3440 14008 175 -4297 1319
4612 -3812 13016 129 -3736 588
4612 -3812 13016 129 -3736 588
3324 -4848 13848 -268 -3750 1814
3324 -4848 13848 -268 -3750 1814
2848 -3556 14364 -664 -2625 3135
2848 -3556 14364 -664 -2625 3135
2640 -4504 13012 -1170 -3300 844
2640 -4504 13012 -1170 -3300 844
2800 -4088 15212 -1245 -6495 1284
2800 -4088 15212 -1245 -6495 1284
3388 -3840 14788 -1078 -4021 1567
3388 -3840 14788 -1078 -4021 1567
1136 -7400 14024 -911 -11681 -3130
1136 -7400 14024 -911 -11681 -3130
5128 -3028 11168 -6752 -79 -2168
5128 -3028 11168 -6752 -79 -2168
7704 -3840 10108 -5834 -12232 -10263
7704 -3840 10108 -5834 -12232 -10263
9080 -5740 13080 -7841 -7899 -7907
9080 -5740 13080 -7841 -7899 -7907
10468 -7628 9472 -4803 -3661 -5818
10468 -7628 9472 -4803 -3661 -5818
8276 -7328 9036 -4372 -2381 -5664
8276 -7328 9036 -4372 -2381 -5664
17120 -5624 7432 -1182 -2566 -396
17120 -5624 7432 -1182 -2566 -396
11760 -5588 11080 -259 3483 -992
11760 -5588 11080 -259 3483 -992
11900 -6956 8196 3506 4750 -2000
11900 -6956 8196 3506 4750 -2000
7116 -7736 6496 2487 5606 -816
7116 -7736 6496 2487 5606 -816
10236 -7036 10700 4231 7095 -1924
10236 -7036 10700 4231 7095 -1924
8028 -6128 13028 6915 10087 -2289
8028 -6128 13028 6915 10087 -2289
14504 -9468 15556 4429 14825 -3630
14504 -9468 15556 4429 14825 -3630
10716 -3988 16024 12554 6737 -13031
10716 -3988 16024 12554 6737 -13031
4784 380 17644 8423 4682 -16918
4784 380 17644 8423 4682 -16918
2488 3780 13716 7313 8296 -12783
2488 3780 13716 7313 8296 -12783
1104 1508 11588 6333 9063 -13338
1104 1508 11588 6333 9063 -13338
12 2236 11124 5149 3936 -15157
12 2236 11124 5149 3936 -15157
-1512 308 12832 4845 5938 -12546
-1512 308 12832 4845 5938 -12546
-1336 508 12724 2490 3758 -11385
-1336 508 12724 2490 3758 -11385
-2364 -1840 10292 496 2824 -10492
-2364 -1840 10292 496 2824 -10492
-2376 -3852 12028 -1637 2798 -10285
-2376 -3852 12028 -1637 2798 -10285
-1668 -3364 13164 -1256 2572 -10604
-1668 -3364 13164 -1256 2572 -10604
-2448 -2776 15868 339 1986 -11419
-2448 -2776 15868 339 1986 -11419
-3528 -396 16464 4136 1512 -8789
-3528 -396 16464 4136 1512 -8789
-3088 892 13820 799 -2869 -7413
-3088 892 13820 799 -2869 -7413
-768 -2612 13176 1093 5390 -2252
-768 -2612 13176 1093 5390 -2252
-1924 -2732 10384 526 5575 -590
-1924 -2732 10384 526 5575 -590
-3116 -384 10140 -4305 5928 -2520
-3116 -384 10140 -4305 5928 -2520
-3380 -2072 10680 -3322 3565 -3767
-3380 -2072 10680 -3322 3565 -3767
-2832 1040 8512 -3311 3424 -4982
-2832 1040 8512 -3311 3424 -4982
4868 2292 6576 -2151 7142 -83
4868 2292 6576 -2151 7142 -83
-4940 11308 8768 4228 5889 -1476
-4940 11308 8768 4228 5889 -1476
-10860 13808 31016 -2904 -12291 6330
-10860 13808 31016 -2904 -12291 6330
-3876 -14664 15224 -7405 -15631 -2695
-3876 -14664 15224 -7405 -15631 -2695
-3564 -4500 13944 -1307 3673 13258
-3564 -4500 13944 -1307 3673 13258
-4156 -3928 13600 -1729 5229 15740
-4156 -3928 13600 -1729 5229 15740
-4056 -2052 11580 -2657 -4992 9314
-4056 -2052 11580 -2657 -4992 9314
-5104 -2932 13140 -529 204 10724
-5104 -2932 13140 -529 204 10724
-3292 -2824 12264 -821 -2207 7724
-3292 -2824 12264 -821 -2207 7724
-2344 16 9312 -2568 -5747 -90
-2344 16 9312 -2568 -5747 -90
-2040 -2580 11844 -6356 -2994 -6605
-2040 -2580 11844 -6356 -2994 -6605
-9640 -5632 16208 -5524 -3167 -3504
-9640 -5632 16208 -5524 -3167 -3504
1588 -3668 12220 1133 -5063 2548
1588 -3668 12220 1133 -5063 2548
-5200 -5276 14664 -669 -1672 -243
-5200 -5276 14664 -669 -1672 -243
-3096 -5348 14284 -128 -694 76
-3096 -5348 14284 -128 -694 76
-2064 -3988 12776 -161 1096 921
-2064 -3988 12776 -161 1096 921
-3964 -3948 12952 -995 -8711 -1189
-3964 -3948 12952 -995 -8711 -1189
-2000 -4128 12976 -19 -6036 1102
-2000 -4128 12976 -19 -6036 1102
-1724 -5176 13100 1029 -12309 -400
-1724 -5176 13100 1029 -12309 -400
304 -4968 12892 1352 -13093 -411
304 -4968 12892 1352 -13093 -411
1676 -3220 13716 -723 -4183 -628
1676 -3220 13716 -723 -4183 -628
4804 -5640 13532 704 -6413 -113
4804 -5640 13532 704 -6413 -113
5536 -6440 11600 550 -1524 659
5536 -6440 11600 550 -1524 659
2516 -4768 13160 169 -1545 183
2516 -4768 13160 169 -1545 183
4064 -5336 12320 747 -2396 891
4064 -5336 12320 747 -2396 891
1304 -4676 13284 60 -1901 459
1304 -4676 13284 60 -1901 459
4688 -3548 12872 -674 -7176 -758
4688 -3548 12872 -674 -7176 -758
9720 -6428 12376 -766 -7945 617
9720 -6428 12376 -766 -7945 617
3208 -4372 13484 -1400 -6681 404
3208 -4372 13484 -1400 -6681 404
6808 -4488 11660 -1356 -5637 -1020
6808 -4488 11660 -1356 -5637 -1020
8780 -5612 10692 -903 -6353 -1791
8780 -5612 10692 -903 -6353 -1791
6840 -5812 11300 -1581 -6175 -3474
6840 -5812 11300 -1581 -6175 -3474
8252 -5452 10576 -2213 -3626 -2236
8252 -5452 10576 -2213 -3626 -2236
9124 -5684 10756 -2003 -6168 -2500
9124 -5684 10756 -2003 -6168 -2500
11248 -5508 9248 -2129 -5126 -2721
11248 -5508 9248 -2129 -5126 -2721
13188 -4452 9088 -1929 -1621 -205
13188 -4452 9088 -1929 -1621 -205
11648 -6376 9716 -1079 -1332 -1167
11648 -6376 9716 -1079 -1332 -1167
12744 -7308 8208 7386 9602 2475
12744 -7308 8208 7386 9602 2475
25400 -11040 14552 3040 27107 1446
25400 -11040 14552 3040 27107 1446
10536 -4620 12932 2021 1776 -32354
10536 -4620 12932 2021 1776 -32354
6948 -5416 11620 9401 11867 -26691
6948 -5416 11620 9401 11867 -26691
1916 -2160 16600 9718 1425 -22754
1916 -2160 16600 9718 1425 -22754
3556 408 8100 10659 3080 -20167
3556 408 8100 10659 3080 -20167
7268 3596 7452 6556 4778 -13090
7268 3596 7452 6556 4778 -13090
3888 7636 15052 2024 7334 -8104
3888 7636 15052 2024 7334 -8104
4476 3924 15512 4546 8219 -4089
4476 3924 15512 4546 8219 -4089
708 8000 11204 2718 2582 -4197
708 8000 11204 2718 2582 -4197
1640 5680 12600 3120 -2959 -527
1640 5680 12600 3120 -2959 -527
2580 7184 13784 2472 -3203 3350
2580 7184 13784 2472 -3203 3350
2468 6580 10828 1389 -7707 3338
2468 6580 10828 1389 -7707 3338
5388 5052 12892 -3280 -10588 3151
5388 5052 12892 -3280 -10588 3151
4708 3604 17172 -3922 -9431 1165
4708 3604 17172 -3922 -9431 1165
3684 2152 16396 -12931 2008 4193
3684 2152 16396 -12931 2008 4193
4652 -2004 16168 -15853 11884 2956
4652 -2004 16168 -15853 11884 2956
4200 -2516 16400 -12917 6259 -3467
4200 -2516 16400 -12917 6259 -3467
3460 -5820 12936 -9148 16661 2685
3460 -5820 12936 -9148 16661 2685
3820 -7172 12576 -4382 10694 3855
3820 -7172 12576 -4382 10694 3855
6208 -5624 11556 -3039 10690 9439
6208 -5624 11556 -3039 10690 9439
6012 -4844 10556 -2303 12575 11541
6012 -4844 10556 -2303 12575 11541
4424 -1996 10452 -430 7350 8435
4424 -1996 10452 -430 7350 8435
848 -1748 10824 -979 9972 8080
848 -1748 10824 -979 9972 8080
-52 -864 8836 -740 4185 4191
-52 -864 8836 -740 4185 4191
-3644 1836 10292 -310 8889 1439
-3644 1836 10292 -310 8889 1439
396 3708 8744 -496 696 -2117
396 3708 8744 -496 696 -2117
-284 3976 5228 -1544 -1374 -3427
-284 3976 5228 -1544 -1374 -3427
2972 9792 -2128 21929 -7513 -2681
2972 9792 -2128 21929 -7513 -2681
-31192 -32768 32767 3528 -32768 742
-31192 -32768 32767 3528 -32768 742
6196 -3036 11340 942 367 8896
6196 -3036 11340 942 367 8896
4528 -2492 10700 -4777 1126 451
4528 -2492 10700 -4777 1126 451
1904 -3920 10676 179 -4742 2399
1904 -3920 10676 179 -4742 2399
-5376 -4424 14676 -109 -3313 2460
-5376 -4424 14676 -109 -3313 2460
3900 -3084 12912 399 914 361
3900 -3084 12912 399 914 361
-1860 -4296 13624 139 969 1708
-1860 -4296 13624 139 969 1708
-384 -3808 13700 377 2734 29
-384 -3808 13700 377 2734 29
-1336 -3944 13236 325 426 737
-1336 -3944 13236 325 426 737
-1812 -3196 13452 319 -464 1237
-1812 -3196 13452 319 -464 1237
-2436 -3168 13472 19 -3682 1287
-2436 -3168 13472 19 -3682 1287
-1584 -4888 13548 153 -4816 248
-1584 -4888 13548 153 -4816 248
992 -4604 12392 554 -5309 1627
992 -4604 12392 554 -5309 1627
3020 -3860 13060 558 -8945 1299
3020 -3860 13060 558 -8945 1299
1568 -3776 14440 -633 -1360 994
1568 -3776 14440 -633 -1360 994
864 -3836 13856 -115 -2609 -141
864 -3836 13856 -115 -2609 -141
2900 -4236 13496 256 -4543 1070
2900 -4236 13496 256 -4543 1070
2080 -3832 12772 889 -8120 219
2080 -3832 12772 889 -8120 219
6788 -3148 12044 732 -10017 623
6788 -3148 12044 732 -10017 623
4740 -4900 12592 788 -5323 687
4740 -4900 12592 788 -5323 687
4288 -4004 12576 549 -7843 -880
4288 -4004 12576 549 -7843 -880
5940 -2592 13936 -418 -9733 -1256
5940 -2592 13936 -418 -9733 -1256
8504 -4272 11592 430 -4829 807
8504 -4272 11592 430 -4829 807
8612 -3948 11220 -2448 -8963 -3153
8612 -3948 11220 -2448 -8963 -3153
6084 -4120 12804 -1423 -7617 -1626
6084 -4120 12804 -1423 -7617 -1626
11812 -3692 9968 -2431 -4912 -2133
11812 -3692 9968 -2431 -4912 -2133
12024 -5112 8584 -1868 -5501 -2881
12024 -5112 8584 -1868 -5501 -2881
11816 -6312 8632 1410 3107 2179
11816 -6312 8632 1410 3107 2179
11052 -7008 9856 3771 6746 -3684
11052 -7008 9856 3771 6746 -3684
17632 -1900 13772 7199 20313 2454
17632 -1900 13772 7199 20313 2454
9868 -2972 10140 7411 10690 -9947
9868 -2972 10140 7411 10690 -9947
10268 -5828 12684 8113 11634 -14709
10268 -5828 12684 8113 11634 -14709
436 -1952 14320 10186 9413 -17313
436 -1952 14320 10186 9413 -17313
1988 -120 13724 15255 7513 -11570
1988 -120 13724 15255 7513 -11570
-1488 4232 13748 15153 13197 -789
-1488 4232 13748 15153 13197 -789
2460 6020 9316 12211 11358 -166
2460 6020 9316 12211 11358 -166
-52 7012 11956 9912 3226 -5956
-52 7012 11956 9912 3226 -5956
-1508 7192 12684 7300 4392 -4055
-1508 7192 12684 7300 4392 -4055
-1148 6456 11664 6267 -828 -4967
-1148 6456 11664 6267 -828 -4967
680 9588 10108 3766 -1220 -5583
680 9588 10108 3766 -1220 -5583
-200 9960 12736 1195 2372 -2116
-200 9960 12736 1195 2372 -2116
-2016 8064 12080 1965 -2419 -2803
-2016 8064 12080 1965 -2419 -2803
-1732 8316 11408 2129 -3060 -1423
-1732 8316 11408 2129 -3060 -1423
-564 8512 9848 615 -5868 -416
-564 8512 9848 615 -5868 -416
596 8904 10912 423 -2336 545
596 8904 10912 423 -2336 545
-152 7272 15836 1887 -6797 -740
-152 7272 15836 1887 -6797 -740
-2452 7804 15388 -807 -19062 -2771
-2452 7804 15388 -807 -19062 -2771
3700 3812 19412 -5547 -1032 486
3700 3812 19412 -5547 -1032 486
-2000 284 20540 -14754 4619 -1146
-2000 284 20540 -14754 4619 -1146
-1884 -2636 13204 -16660 10332 3825
-1884 -2636 13204 -16660 10332 3825
-1300 -3676 9476 -15983 11245 5774
-1300 -3676 9476 -15983 11245 5774
2264 -5568 9744 -12340 10273 5134
2264 -5568 9744 -12340 10273 5134
3128 -4468 10664 -8560 10677 5661
3128 -4468 10664 -8560 10677 5661
3196 -3264 13088 -11220 6086 5618
3196 -3264 13088 -11220 6086 5618
1372 -3860 11452 -10409 1500 4588
1372 -3860 11452 -10409 1500 4588
-1600 -668 12396 -7553 1915 4474
-1600 -668 12396 -7553 1915 4474
2088 684 12076 -1977 -106 2936
2088 684 12076 -1977 -106 2936
-1944 3348 13116 436 2330 5428
-1944 3348 13116 436 2330 5428
-96 6108 11680 4255 -1575 6025
-96 6108 11680 4255 -1575 6025
-3048 7824 8332 5551 -1285 3321
-3048 7824 8332 5551 -1285 3321
3880 5104 3740 12383 -3457 2684
3880 5104 3740 12383 -3457 2684
-10632 10160 11284 -23810 -10170 -4619
-10632 10160 11284 -23810 -10170 -4619
20468 -6616 17688 824 -436 10338
20468 -6616 17688 824 -436 10338
2256 -4996 15932 -1051 1943 2895
2256 -4996 15932 -1051 1943 2895
1428 -3956 14232 -347 1518 2529
1428 -3956 14232 -347 1518 2529
-1024 -3956 13260 435 3781 1466
-1024 -3956 13260 435 3781 1466
-3344 -3588 13112 171 2780 1117
-3344 -3588 13112 171 2780 1117
-4212 -3656 13360 107 2177 288
-4212 -3656 13360 107 2177 288
-2668 -3840 13904 209 2709 558
-2668 -3840 13904 209 2709 558
-3904 -3792 11640 422 1521 1419
-3904 -3792 11640 422 1521 1419
-4084 -3444 12896 380 -1827 454
-4084 -3444 12896 380 -1827 454
-4288 -2572 13148 488 -1825 548
-4288 -2572 13148 488 -1825 548
-1568 -3944 12208 -83 -2774 933
-1568 -3944 12208 -83 -2774 933
-3344 -4236 12180 274 -4152 913
-3344 -4236 12180 274 -4152 913
-2944 -3492 14024 769 -3887 465
-2944 -3492 14024 769 -3887 465
-6328 -2448 13892 1675 -14917 3371
-6328 -2448 13892 1675 -14917 3371
5672 -5092 12164 1316 -19829 1683
5672 -5092 12164 1316 -19829 1683
7268 -3204 13056 1005 -10300 1502
7268 -3204 13056 1005 -10300 1502
3256 -2628 13600 338 -1608 1813
3256 -2628 13600 338 -1608 1813
8100 -3024 12640 538 -2787 1572
8100 -3024 12640 538 -2787 1572
2820 -3592 13508 365 -7373 -846
2820 -3592 13508 365 -7373 -846
5016 -3288 12800 191 -5177 428
5016 -3288 12800 191 -5177 428
9124 -3348 12072 327 -6779 -230
9124 -3348 12072 327 -6779 -230
4952 -3168 13740 1989 -11269 -946
4952 -3168 13740 1989 -11269 -946
5940 -6684 10904 -646 -4066 949
5940 -6684 10904 -646 -4066 949
11660 -3168 10028 -208 -5994 -1025
11660 -3168 10028 -208 -5994 -1025
7788 -3052 12168 -598 -4292 -961
7788 -3052 12168 -598 -4292 -961
9348 -2708 11428 -636 -2326 396
9348 -2708 11428 -636 -2326 396
11768 -2880 9572 -1540 -4131 -1457
11768 -2880 9572 -1540 -4131 -1457
9820 -2892 12720 -3032 -972 206
9820 -2892 12720 -3032 -972 206
10732 -3576 9584 271 1894 138
10732 -3576 9584 271 1894 138
11848 -6200 12604 36 4642 -1493
11848 -6200 12604 36 4642 -1493
14836 -1284 18824 11346 22134 4771
14836 -1284 18824 11346 22134 4771
11200 -3328 11800 17917 9651 -9651
11200 -3328 11800 17917 9651 -9651
12984 -4712 12252 18586 7553 -17690
12984 -4712 12252 18586 7553 -17690
-1308 -968 11984 15555 7663 -14082
-1308 -968 11984 15555 7663 -14082
-2020 8592 7156 13515 4929 -10489
-2020 8592 7156 13515 4929 -10489
3040 3656 9904 10230 4585 -7898
3040 3656 9904 10230 4585 -7898
-1244 7992 12568 6501 2283 -7237
-1244 7992 12568 6501 2283 -7237
3656 8632 10260 4716 1532 -6157
3656 8632 10260 4716 1532 -6157
-920 7704 11100 2770 -255 -5982
-920 7704 11100 2770 -255 -5982
760 9772 11900 325 -1079 -4167
760 9772 11900 325 -1079 -4167
1528 7840 13404 -354 -5698 -6441
1528 7840 13404 -354 -5698 -6441
-1920 8712 11176 -577 -4951 -4467
-1920 8712 11176 -577 -4951 -4467
612 7228 11496 -374 -3767 -600
612 7228 11496 -374 -3767 -600
612 6272 12136 -2877 -11121 -471
612 6272 12136 -2877 -11121 -471
3852 4188 16500 -5178 -7283 690
3852 4188 16500 -5178 -7283 690
792 876 17288 -10695 -3379 3984
792 876 17288 -10695 -3379 3984
424 -368 17604 -11602 4226 4600
424 -368 17604 -11602 4226 4600
796 200 17920 -10226 4245 -56
796 200 17920 -10226 4245 -56
1228 -2744 14060 -7813 7592 -103
1228 -2744 14060 -7813 7592 -103
92 -5908 11468 -3932 7332 1155
92 -5908 11468 -3932 7332 1155
2216 -6904 11020 -1007 10061 3837
2216 -6904 11020 -1007 10061 3837
4972 -5572 14308 -2577 13418 8645
4972 -5572 14308 -2577 13418 8645
2904 -3116 13312 -5629 11537 7153
2904 -3116 13312 -5629 11537 7153
748 364 11336 -9029 7687 5290
748 364 11336 -9029 7687 5290
-1116 1364 7012 -10681 7273 7728
-1116 1364 7012 -10681 7273 7728
2076 -124 8512 -7422 6854 4856
2076 -124 8512 -7422 6854 4856
2840 1728 6668 -4765 -6330 3966
2840 1728 6668 -4765 -6330 3966
3516 7884 9900 4092 -4413 8162
3516 7884 9900 4092 -4413 8162
5532 13060 -204 18665 -3611 3765
5532 13060 -204 18665 -3611 3765
-32768 -25792 32767 14376 -32768 11494
-32768 -25792 32767 14376 -32768 11494
6080 2960 7604 -2758 -5433 468
6080 2960 7604 -2758 -5433 468
-7560 -6764 17148 689 -4721 -503
-7560 -6764 17148 689 -4721 -503
-184 -3104 12720 276 1473 -1016
-184 -3104 12720 276 1473 -1016
-2224 -3524 13856 333 1307 870
-2224 -3524 13856 333 1307 870
-2164 -3368 13044 -26 4289 119
-2164 -3368 13044 -26 4289 119
-4384 -3576 12620 132 5125 902
-4384 -3576 12620 132 5125 902
-1892 -3116 13128 1145 2434 571
-1892 -3116 13128 1145 2434 571
-5620 -3708 12788 97 -351 897
-5620 -3708 12788 97 -351 897
-5980 -3180 12576 190 53 662
-5980 -3180 12576 190 53 662
-3868 -3160 12484 617 -1976 2475
-3868 -3160 12484 617 -1976 2475
-3392 -3716 13036 244 -5588 1903
-3392 -3716 13036 244 -5588 1903
-3324 -3868 13156 628 -6696 1734
-3324 -3868 13156 628 -6696 1734
-2272 -3048 12784 917 -5702 1720
-2272 -3048 12784 917 -5702 1720
-272 -3108 13108 393 -3154 999
-272 -3108 13108 393 -3154 999
-1436 -3708 14112 244 -4781 2038
-1436 -3708 14112 244 -4781 2038
-5856 -2948 12536 197 -7477 3893
-5856 -2948 12536 197 -7477 3893
1384 -3248 13248 516 -14712 3342
1384 -3248 13248 516 -14712 3342
1684 -3144 13908 209 -8441 2662
1684 -3144 13908 209 -8441 2662
4364 -2548 13640 433 -5161 1472
4364 -2548 13640 433 -5161 1472
3132 -3328 13628 439 -3810 305
3132 -3328 13628 439 -3810 305
2992 -3004 13256 -91 -2656 521
2992 -3004 13256 -91 -2656 521
4712 -5268 13036 573 -3894 640
4712 -5268 13036 573 -3894 640
1528 -3152 14464 -232 -4641 -973
1528 -3152 14464 -232 -4641 -973
4984 -3272 13004 -249 -1144 1003
4984 -3272 13004 -249 -1144 1003
8200 -4032 12120 -371 -5900 -1142
8200 -4032 12120 -371 -5900 -1142
3924 -4472 13268 -277 -6081 -6
3924 -4472 13268 -277 -6081 -6
5172 -4000 13384 -784 -4218 -1011
5172 -4000 13384 -784 -4218 -1011
7652 -1788 13396 -1421 -4978 -596
7652 -1788 13396 -1421 -4978 -596
7288 -4992 11584 -1845 -4413 -2794
7288 -4992 11584 -1845 -4413 -2794
9104 -2456 13780 -3526 -4064 -434
9104 -2456 13780 -3526 -4064 -434
7468 -4812 11756 220 -186 -1404
7468 -4812 11756 220 -186 -1404
9328 -4420 9624 4 3441 -888
9328 -4420 9624 4 3441 -888
9196 -4376 11748 3784 11040 304
9196 -4376 11748 3784 11040 304
12836 -7076 8356 -521 12809 -1840
12836 -7076 8356 -521 12809 -1840
3316 -3620 14748 1736 25062 -1674
3316 -3620 14748 1736 25062 -1674
6940 -6084 16824 8518 11465 -8703
6940 -6084 16824 8518 11465 -8703
2488 -7044 15404 12939 8166 -9519
2488 -7044 15404 12939 8166 -9519
-2580 56 14088 17176 3460 -5180
-2580 56 14088 17176 3460 -5180
3624 1064 10780 16604 -193 -6396
3624 1064 10780 16604 -193 -6396
3288 3172 12248 11736 2819 -3490
3288 3172 12248 11736 2819 -3490
-492 5232 12436 8571 6548 -2992
-492 5232 12436 8571 6548 -2992
-1016 4952 11356 7625 -2024 -5347
-1016 4952 11356 7625 -2024 -5347
-340 8008 12580 6385 3253 -2798
-340 8008 12580 6385 3253 -2798
-348 7084 11164 3426 289 -3567
-348 7084 11164 3426 289 -3567
-892 8996 10924 357 -997 -3954
-892 8996 10924 357 -997 -3954
-2804 7304 12768 -1494 -2983 -1454
-2804 7304 12768 -1494 -2983 -1454
-1880 6236 12656 -3043 -7900 -885
-1880 6236 12656 -3043 -7900 -885
-3404 7380 13712 -5988 -13538 -1435
-3404 7380 13712 -5988 -13538 -1435
6696 -1204 10708 -7447 -19652 -27
6696 -1204 10708 -7447 -19652 -27
2532 580 15564 -13235 -7390 5777
2532 580 15564 -13235 -7390 5777
904 -5020 17172 -16681 353 7714
904 -5020 17172 -16681 353 7714
1816 -4876 17536 -13450 5171 1407
1816 -4876 17536 -13450 5171 1407
2780 -5256 14232 -7471 6900 323
2780 -5256 14232 -7471 6900 323
2364 -6344 12064 -3456 7577 1339
2364 -6344 12064 -3456 7577 1339
3792 -6560 10864 -2457 9859 8665
3792 -6560 10864 -2457 9859 8665
4660 -6620 10436 -1932 9917 9457
4660 -6620 10436 -1932 9917 9457
1432 -7044 9480 -210 9495 10386
1432 -7044 9480 -210 9495 10386
2392 -3556 10212 -1932 8080 9730
2392 -3556 10212 -1932 8080 9730
900 -2720 10756 -2688 8377 5056
900 -2720 10756 -2688 8377 5056
-1476 468 11288 298 5886 1170
-1476 468 11288 298 5886 1170
-12 2032 9764 3424 4900 908
-12 2032 9764 3424 4900 908
-2032 3504 11708 7677 -891 -2758
-2032 3504 11708 7677 -891 -2758
-32768 32767 32767 -32768 32767 -8890
-32768 32767 32767 -32768 32767 -8890
-14480 -14064 29928 -3177 -28402 -3768
-14480 -14064 29928 -3177 -28402 -3768
12520 -5352 11416 2186 -710 6039
12520 -5352 11416 2186 -710 6039
-1352 -2620 12540 -2548 10629 1685
-1352 -2620 12540 -2548 10629 1685
-3756 -4320 12636 271 2694 2175
-3756 -4320 12636 271 2694 2175
-5168 -4232 13560 127 120 1119
-5168 -4232 13560 127 120 1119
-3176 -3736 12984 407 -480 1163
-3176 -3736 12984 407 -480 1163
-3764 -4004 12868 624 -4075 1192
-3764 -4004 12868 624 -4075 1192
-3608 -4464 13024 721 -9038 2133
-3608 -4464 13024 721 -9038 2133
2228 -3796 12296 677 -6098 1067
2228 -3796 12296 677 -6098 1067
528 -3812 12760 1286 -263 1541
528 -3812 12760 1286 -263 1541
1132 -4296 13244 733 1110 330
1132 -4296 13244 733 1110 330
-1336 -4064 13760 639 257 994
-1336 -4064 13760 639 257 994
-1572 -3628 13904 682 -39 356
-1572 -3628 13904 682 -39 356
-3088 -3536 13312 -141 -2248 1914
-3088 -3536 13312 -141 -2248 1914
-2132 -4880 13420 258 -10828 2165
-2132 -4880 13420 258 -10828 2165
4832 -3672 13136 2012 -14777 639
4832 -3672 13136 2012 -14777 639
3512 -2604 13520 802 -2434 3542
3512 -2604 13520 802 -2434 3542
2136 -4560 13232 177 1977 2918
2136 -4560 13232 177 1977 2918
2308 -3744 13784 283 -2424 273
2308 -3744 13784 283 -2424 273
-2204 -8164 16136 2126 -8130 677
-2204 -8164 16136 2126 -8130 677
4044 -4296 13472 -105 -8305 -881
4044 -4296 13472 -105 -8305 -881
1888 -4480 13412 -285 -9068 -1009
1888 -4480 13412 -285 -9068 -1009
4040 -3616 13356 -445 -8881 -955
4040 -3616 13356 -445 -8881 -955
7040 -3968 12080 -1067 -8964 -2175
7040 -3968 12080 -1067 -8964 -2175
7564 -4352 12080 -1218 -7430 -2242
7564 -4352 12080 -1218 -7430 -2242
7928 -4712 11824 -917 -5516 -1284
7928 -4712 11824 -917 -5516 -1284
9564 -6072 9976 -1397 -5046 -2286
9564 -6072 9976 -1397 -5046 -2286
8080 -4060 11992 -1626 -2588 -1391
8080 -4060 11992 -1626 -2588 -1391
9268 -6664 9612 -1304 -1527 -1013
9268 -6664 9612 -1304 -1527 -1013
10032 -4280 10812 1698 1641 -563
10032 -4280 10812 1698 1641 -563
13912 -4596 14876 9730 12545 3036
13912 -4596 14876 9730 12545 3036
10508 -4400 11728 1708 12737 -2946
10508 -4400 11728 1708 12737 -2946
9760 -4012 14648 9349 9048 -8229
9760 -4012 14648 9349 9048 -8229
1684 -4292 13604 13196 12450 -9517
1684 -4292 13604 13196 12450 -9517
-2732 1036 14440 13910 6757 -10457
-2732 1036 14440 13910 6757 -10457
5200 344 10396 14016 4152 -5111
5200 344 10396 14016 4152 -5111
4284 2880 10428 10018 4854 -3757
4284 2880 10428 10018 4854 -3757
-1960 3932 11416 7148 5043 -4194
-1960 3932 11416 7148 5043 -4194
1456 4916 12144 5342 421 -5421
1456 4916 12144 5342 421 -5421
932 6472 12256 2798 769 -4022
932 6472 12256 2798 769 -4022
-976 6788 12048 1127 1503 -1778
-976 6788 12048 1127 1503 -1778
-980 5844 12536 -270 -3377 -756
-980 5844 12536 -270 -3377 -756
524 6600 13088 -1030 -2216 2575
524 6600 13088 -1030 -2216 2575
2132 3624 13312 -1137 -5576 3070
2132 3624 13312 -1137 -5576 3070
248 3512 16632 688 -6653 3496
248 3512 16632 688 -6653 3496
2208 5412 13940 1279 -7923 3935
2208 5412 13940 1279 -7923 3935
2516 7796 12236 457 -3867 4933
2516 7796 12236 457 -3867 4933
3808 2320 23440 -2705 -22292 -593
3808 2320 23440 -2705 -22292 -593
5520 860 19584 -10901 -5318 -4444
5520 860 19584 -10901 -5318 -4444
356 -4064 17656 -16672 13181 -1384
356 -4064 17656 -16672 13181 -1384
3980 -7288 17272 -14191 13265 -1390
3980 -7288 17272 -14191 13265 -1390
4608 -5992 12156 -11178 19900 5291
4608 -5992 12156 -11178 19900 5291
3080 -5864 10464 -7068 15773 8021
3080 -5864 10464 -7068 15773 8021
2540 -6616 8084 -3828 13800 9609
2540 -6616 8084 -3828 13800 9609
1880 -4992 9200 -3290 12003 8372
1880 -4992 9200 -3290 12003 8372
3112 -3316 8316 -2807 5567 3556
3112 -3316 8316 -2807 5567 3556
-1752 -60 7740 -3359 7062 3148
-1752 -60 7740 -3359 7062 3148
5260 -8 8452 -4579 7649 9186
5260 -8 8452 -4579 7649 9186
-3016 3608 9248 4533 -2455 3611
-3016 3608 9248 4533 -2455 3611
2708 12220 10048 10028 -13279 -3103
2708 12220 10048 10028 -13279 -3103
21828 18048 23868 -18659 -14948 -14823
21828 18048 23868 -18659 -14948 -14823
29696 -8468 15576 2953 -8196 2848
29696 -8468 15576 2953 -8196 2848
-3160 -2876 12708 909 6414 3925
-3160 -2876 12708 909 6414 3925
-2768 -4088 13336 553 1079 2394
-2768 -4088 13336 553 1079 2394
-388 -4468 13220 701 -1329 -277
-388 -4468 13220 701 -1329 -277
-2872 -3948 13140 519 1105 965
-2872 -3948 13140 519 1105 965
1508 -3668 13224 622 1654 -215
1508 -3668 13224 622 1654 -215
-3464 -4584 13208 573 1642 706
-3464 -4584 13208 573 1642 706
-2412 -4104 13248 681 1710 966
-2412 -4104 13248 681 1710 966
-3412 -3300 12924 218 4034 857
-3412 -3300 12924 218 4034 857
-2012 -4220 13140 144 2874 1501
-2012 -4220 13140 144 2874 1501
-5056 -4732 12372 456 -3558 940
-5056 -4732 12372 456 -3558 940
-3448 -3088 12896 265 -6900 3217
-3448 -3088 12896 265 -6900 3217
-3516 -3924 12784 -37 -14208 2996
-3516 -3924 12784 -37 -14208 2996
-60 -4092 12524 152 -18720 136
-60 -4092 12524 152 -18720 136
3168 -4984 14016 -4 -3604 3442
3168 -4984 14016 -4 -3604 3442
2516 -3732 13768 298 -534 4282
2516 -3732 13768 298 -534 4282
3016 -4000 13208 539 -1479 2721
3016 -4000 13208 539 -1479 2721
1200 -3852 13268 714 -4044 1388
1200 -3852 13268 714 -4044 1388
4828 -4464 12980 1259 -7250 1020
4828 -4464 12980 1259 -7250 1020
1708 -4328 13628 1116 -7152 1238
1708 -4328 13628 1116 -7152 1238
3848 -3748 12620 1424 -5470 -49
3848 -3748 12620 1424 -5470 -49
7708 -4372 12384 410 -10070 -1637
7708 -4372 12384 410 -10070 -1637
3540 -4292 12972 548 -10038 143
3540 -4292 12972 548 -10038 143
5076 -4048 13212 -578 -5638 592
5076 -4048 13212 -578 -5638 592
7356 -3464 13240 -910 -4162 918
7356 -3464 13240 -910 -4162 918
8268 -3260 12484 -1262 -4770 -604
8268 -3260 12484 -1262 -4770 -604
8892 -5036 10124 -1153 -6927 -1868
8892 -5036 10124 -1153 -6927 -1868
8300 -3880 11836 -1065 -2530 -789
8300 -3880 11836 -1065 -2530 -789
9212 -3104 10744 -1481 -1525 -1227
9212 -3104 10744 -1481 -1525 -1227
8512 -5964 10340 -530 -3682 -2388
8512 -5964 10340 -530 -3682 -2388
9352 -10104 5528 1405 -2076 -792
9352 -10104 5528 1405 -2076 -792
9616 -6404 8592 2007 5690 962
9616 -6404 8592 2007 5690 962
8016 -5648 11700 1434 2153 -2567
8016 -5648 11700 1434 2153 -2567
19600 -9816 8804 2955 12118 -5292
19600 -9816 8804 2955 12118 -5292
13852 -132 15044 13800 16314 -8708
13852 -132 15044 13800 16314 -8708
3832 -2184 11728 13742 12182 -21447
3832 -2184 11728 13742 12182 -21447
820 -2852 12308 13189 6163 -11388
820 -2852 12308 13189 6163 -11388
-1172 1032 13052 12357 4446 -8826
-1172 1032 13052 12357 4446 -8826
6016 3248 10272 9437 -2267 -5460
6016 3248 10272 9437 -2267 -5460
1900 9000 12072 6154 -17 -8874
1900 9000 12072 6154 -17 -8874
2792 5188 13004 3752 1705 -8203
2792 5188 13004 3752 1705 -8203
324 5268 11088 850 -7106 -8187
324 5268 11088 850 -7106 -8187
-1860 7596 13108 -324 -1059 -4104
-1860 7596 13108 -324 -1059 -4104
-1488 7344 17072 -3296 -18032 -3370
-1488 7344 17072 -3296 -18032 -3370
1612 4260 15360 -12495 -4890 2690
1612 4260 15360 -12495 -4890 2690
-132 -2572 14780 -13258 4651 5375
-132 -2572 14780 -13258 4651 5375
2824 -4348 13164 -9397 695 1763
2824 -4348 13164 -9397 695 1763
2636 -3432 13564 -8837 3552 2196
2636 -3432 13564 -8837 3552 2196
5268 -2988 14036 -9278 816 2131
5268 -2988 14036 -9278 816 2131
5844 -4320 15384 -5672 8979 3976
5844 -4320 15384 -5672 8979 3976
4064 -2384 13792 -657 1078 648
4064 -2384 13792 -657 1078 648
2820 -1240 13780 1188 6476 4033
2820 -1240 13780 1188 6476 4033
3120 -4656 14452 2483 3445 4725
3120 -4656 14452 2483 3445 4725
2124 -3780 13016 3404 10635 7642
2124 -3780 13016 3404 10635 7642
116 -5064 11884 3409 6524 6188
116 -5064 11884 3409 6524 6188
-108 -6644 11236 403 9257 5915
-108 -6644 11236 403 9257 5915
-1604 -4500 9248 -1902 6540 5101
-1604 -4500 9248 -1902 6540 5101
-1208 -5120 8096 -3721 7389 4724
-1208 -5120 8096 -3721 7389 4724
-320 -2360 8044 -3251 4202 2287
-320 -2360 8044 -3251 4202 2287
-3388 -112 876 -4537 3111 5126
-3388 -112 876 -4537 3111 5126
7620 13104 6944 8377 -2802 -6764
7620 13104 6944 8377 -2802 -6764
24740 -13896 30024 -27456 -22789 -32768
24740 -13896 30024 -27456 -22789 -32768
-17324 -9396 -1296 12796 -19295 13169
-17324 -9396 -1296 12796 -19295 13169
7344 1036 9476 -2267 -2169 3026
7344 1036 9476 -2267 -2169 3026
-9716 -4484 12628 27 -677 3380
-9716 -4484 12628 27 -677 3380
1976 -3552 13436 723 -4836 -134
1976 -3552 13436 723 -4836 -134
60 -4044 13560 607 788 261
60 -4044 13560 607 788 261
-1924 -3548 13588 360 1471 1306
-1924 -3548 13588 360 1471 1306
164 -3752 13344 295 1280 249
164 -3752 13344 295 1280 249
-924 -3540 13000 -76 2212 485
-924 -3540 13000 -76 2212 485
-2828 -4200 12992 189 2479 1031
-2828 -4200 12992 189 2479 1031
-2460 -3636 13232 -215 535 -46
-2460 -3636 13232 -215 535 -46
-1120 -4088 13280 294 507 692
-1120 -4088 13280 294 507 692
-6552 -4028 13328 317 -4340 559
-6552 -4028 13328 317 -4340 559
-740 -2712 14364 45 -6233 1568
-740 -2712 14364 45 -6233 1568
-2348 -2948 14044 -101 -13391 994
-2348 -2948 14044 -101 -13391 994
1608 -5884 13288 -710 -2854 1582
1608 -5884 13288 -710 -2854 1582
924 -5056 13432 423 -3446 -227
924 -5056 13432 423 -3446 -227
-2616 -2780 13148 -865 -2610 3715
-2616 -2780 13148 -865 -2610 3715
3068 -4384 12628 662 -9299 1467
3068 -4384 12628 662 -9299 1467
5032 -3272 13284 820 -4768 1279
5032 -3272 13284 820 -4768 1279
3792 -3424 12940 733 -3601 2591
3792 -3424 12940 733 -3601 2591
5188 -3832 12744 350 -10026 -936
5188 -3832 12744 350 -10026 -936
1756 -4636 13832 -72 -7718 -804
1756 -4636 13832 -72 -7718 -804
6660 -4864 12404 13 -6227 -413
6660 -4864 12404 13 -6227 -413
5188 -4840 13212 -37 -6902 781
5188 -4840 13212 -37 -6902 781
7708 -3480 11816 -865 -6487 -1117
7708 -3480 11816 -865 -6487 -1117
8040 -2956 12752 -994 -6475 -968
8040 -2956 12752 -994 -6475 -968
9208 -3992 11088 -1372 -5469 -1816
9208 -3992 11088 -1372 -5469 -1816
9444 -4144 11144 -1307 -3717 -1602
9444 -4144 11144 -1307 -3717 -1602
8672 -4308 11148 -596 -1297 -81
8672 -4308 11148 -596 -1297 -81
9672 -3652 11804 -1931 -3274 -1894
9672 -3652 11804 -1931 -3274 -1894
9644 -2352 10828 -3829 -992 -2380
9644 -2352 10828 -3829 -992 -2380
14192 296 13604 -2597 -1405 264
14192 296 13604 -2597 -1405 264
8916 -6964 11268 -1719 1411 438
8916 -6964 11268 -1719 1411 438
10172 -3668 11028 1011 7823 1662
10172 -3668 11028 1011 7823 1662
7740 -6888 10820 3356 3840 -1586
7740 -6888 10820 3356 3840 -1586
13880 -5584 14756 1171 10378 58
13880 -5584 14756 1171 10378 58
11332 -7808 14520 10934 17451 -1835
11332 -7808 14520 10934 17451 -1835
2956 -3808 15080 15231 12420 -10034
2956 -3808 15080 15231 12420 -10034
4816 -4868 12436 18687 8405 -9888
4816 -4868 12436 18687 8405 -9888
2216 768 9844 14676 1520 -10070
2216 768 9844 14676 1520 -10070
572 4176 12244 9476 6768 -5111
572 4176 12244 9476 6768 -5111
-636 4432 10792 6573 71 -5415
-636 4432 10792 6573 71 -5415
264 5340 12092 3116 -475 -3504
264 5340 12092 3116 -475 -3504
-524 4916 12136 194 -3589 -791
-524 4916 12136 194 -3589 -791
-44 5244 11500 -1812 -8010 330
-44 5244 11500 -1812 -8010 330
1008 4596 11992 -6218 -10208 3186
1008 4596 11992 -6218 -10208 3186
780 840 12520 -7401 -11771 5750
780 840 12520 -7401 -11771 5750
7576 -1008 14032 -6485 -12686 6453
7576 -1008 14032 -6485 -12686 6453
8820 -1568 16624 -6113 -1913 8119
8820 -1568 16624 -6113 -1913 8119
9984 -2220 18828 -5765 2906 5548
9984 -2220 18828 -5765 2906 5548
5692 -1860 15512 -7406 13259 2422
5692 -1860 15512 -7406 13259 2422
1612 -6528 12128 -7226 11982 -1261
1612 -6528 12128 -7226 11982 -1261
596 -8964 10440 -5341 16165 1196
596 -8964 10440 -5341 16165 1196
3696 -8280 12952 -2376 12284 -357
3696 -8280 12952 -2376 12284 -357
3692 -7052 12504 -2003 5054 -908
3692 -7052 12504 -2003 5054 -908
1792 -5580 12316 1684 9135 4644
1792 -5580 12316 1684 9135 4644
3036 -3692 12396 5102 5560 6118
3036 -3692 12396 5102 5560 6118
-660 -1264 11972 5920 4100 6760
-660 -1264 11972 5920 4100 6760
1960 -932 10448 4777 4586 6795
1960 -932 10448 4777 4586 6795
-764 -172 8544 3597 4452 5797
-764 -172 8544 3597 4452 5797
-340 -116 7408 1807 7676 4318
-340 -116 7408 1807 7676 4318
-3564 140 8812 625 2161 -4333
-3564 140 8812 625 2161 -4333
-2464 3644 6092 1349 126 -7391
-2464 3644 6092 1349 126 -7391
9492 5656 -3364 10623 -17844 -11731
9492 5656 -3364 10623 -17844 -11731
3464 26100 -7332 -32292 20719 3133
3464 26100 -7332 -32292 20719 3133
22824 -8896 2196 2120 -32768 3166
22824 -8896 2196 2120 -32768 3166
7088 -2964 12900 636 -2007 11537
7088 -2964 12900 636 -2007 11537
-948 -4964 13160 359 6267 2554
-948 -4964 13160 359 6267 2554
-1284 -3316 14016 667 -6117 577
-1284 -3316 14016 667 -6117 577
6992 -4732 13072 994 -2938 1431
6992 -4732 13072 994 -2938 1431
3144 -4216 13360 464 1162 102
3144 -4216 13360 464 1162 102
360 -3204 13808 443 1040 1126
360 -3204 13808 443 1040 1126
3280 -3908 13108 525 1815 838
3280 -3908 13108 525 1815 838
2316 -3884 12948 874 936 2017
2316 -3884 12948 874 936 2017
1072 -3500 13604 252 1617 2208
1072 -3500 13604 252 1617 2208
1636 -3408 12972 289 2419 1691
1636 -3408 12972 289 2419 1691
1416 -4512 12736 581 56 677
1416 -4512 12736 581 56 677
608 -3960 13556 699 -1592 1358
608 -3960 13556 699 -1592 1358
1184 -3744 13420 306 -2648 2596
1184 -3744 13420 306 -2648 2596
2728 -4100 13236 689 -3307 2484
2728 -4100 13236 689 -3307 2484
2112 -3344 12208 815 -962 2533
2112 -3344 12208 815 -962 2533
700 -3176 13548 337 1482 2895
700 -3176 13548 337 1482 2895
-360 -4052 12760 35 -962 2176
-360 -4052 12760 35 -962 2176
3484 -3464 13464 -313 -4831 -62
3484 -3464 13464 -313 -4831 -62
1980 -3772 13344 -138 -5914 -635
1980 -3772 13344 -138 -5914 -635
2160 -4244 13712 -12 -9157 -1119
2160 -4244 13712 -12 -9157 -1119
3480 -4768 12956 15 -15843 -1959
3480 -4768 12956 15 -15843 -1959
6180 -3972 12956 -1779 -8298 -1059
6180 -3972 12956 -1779 -8298 -1059
10220 -3072 12128 -1278 -7997 -350
10220 -3072 12128 -1278 -7997 -350
6940 -4536 12072 -1631 -7837 -2229
6940 -4536 12072 -1631 -7837 -2229
8380 -4932 11092 -999 -4610 -387
8380 -4932 11092 -999 -4610 -387
10716 -3620 11916 -1921 -4441 -883
10716 -3620 11916 -1921 -4441 -883
8640 -5088 10236 -2744 -5719 -2647
8640 -5088 10236 -2744 -5719 -2647
8100 -7352 8832 -4346 -7494 -4496
8100 -7352 8832 -4346 -7494 -4496
13192 -4652 6988 -2062 -4330 -1348
13192 -4652 6988 -2062 -4330 -1348
7404 -6536 9020 -6709 -10623 -8259
7404 -6536 9020 -6709 -10623 -8259
15248 -7676 5416 2186 10076 4262
15248 -7676 5416 2186 10076 4262
11884 -6596 7052 1050 2592 -2201
11884 -6596 7052 1050 2592 -2201
14156 -6768 10488 6083 12734 1397
14156 -6768 10488 6083 12734 1397
16280 -4304 12340 10701 14717 8281
16280 -4304 12340 10701 14717 8281
9316 -2432 16004 13955 11938 -10525
9316 -2432 16004 13955 11938 -10525
8020 -4756 13340 15038 7506 -21526
8020 -4756 13340 15038 7506 -21526
7496 -2656 8732 15918 6590 -17930
7496 -2656 8732 15918 6590 -17930
988 1708 10332 10337 4080 -14206
988 1708 10332 10337 4080 -14206
3544 5824 10260 5433 -2840 -14351
3544 5824 10260 5433 -2840 -14351
3136 5688 10976 1583 -1081 -11850
3136 5688 10976 1583 -1081 -11850
1828 5080 13780 -1114 -3353 -8201
1828 5080 13780 -1114 -3353 -8201
68 7088 13240 -1006 -4296 -3732
68 7088 13240 -1006 -4296 -3732
636 5476 13048 -287 -3778 3383
636 5476 13048 -287 -3778 3383
4328 6500 15588 -6596 -20417 1146
4328 6500 15588 -6596 -20417 1146
7520 -384 15664 -8796 -566 9406
7520 -384 15664 -8796 -566 9406
3896 -4168 16072 -9505 6823 8812
3896 -4168 16072 -9505 6823 8812
6684 -3844 16064 -5429 7096 3646
6684 -3844 16064 -5429 7096 3646
3896 -2232 15436 -2702 12931 1933
3896 -2232 15436 -2702 12931 1933
6232 -1388 12820 -884 12910 1013
6232 -1388 12820 -884 12910 1013
3844 -2216 13340 -183 8978 -299
3844 -2216 13340 -183 8978 -299
6060 -3680 12468 -718 9547 2933
6060 -3680 12468 -718 9547 2933
4612 -4980 12336 432 10733 5639
4612 -4980 12336 432 10733 5639
2272 -4416 9576 1537 6700 4443
2272 -4416 9576 1537 6700 4443
-76 -2728 9708 2423 10928 6844
-76 -2728 9708 2423 10928 6844
1400 -4380 8632 2481 7507 6492
1400 -4380 8632 2481 7507 6492
-3272 2580 4888 -455 9332 5469
-3272 2580 4888 -455 9332 5469
5468 8480 1504 -2575 9809 7905
5468 8480 1504 -2575 9809 7905
5440 12672 -5976 16485 -7872 371
5440 12672 -5976 16485 -7872 371
-5448 -8392 32767 -23156 -1921 -6647
-5448 -8392 32767 -23156 -1921 -6647
-18368 -10356 19564 2882 -29035 11182
-18368 -10356 19564 2882 -29035 11182
12908 264 9172 -2624 -15503 5218
12908 264 9172 -2624 -15503 5218
-356 -6352 15440 711 -9161 2243
-356 -6352 15440 711 -9161 2243
5128 -4460 12988 565 978 406
5128 -4460 12988 565 978 406
4552 -4764 12932 788 1094 -725
4552 -4764 12932 788 1094 -725
3192 -4332 13412 656 3971 -753
3192 -4332 13412 656 3971 -753
1724 -4184 13612 1408 3140 -2233
1724 -4184 13612 1408 3140 -2233
824 -4244 13488 859 5061 -47
824 -4244 13488 859 5061 -47
504 -4516 13924 956 2732 -455
504 -4516 13924 956 2732 -455
180 -4352 13144 812 647 -787
180 -4352 13144 812 647 -787
-580 -3976 13468 537 -1685 -415
-580 -3976 13468 537 -1685 -415
1752 -4512 13540 478 -3630 -256
1752 -4512 13540 478 -3630 -256
2204 -4080 13344 436 -1869 328
2204 -4080 13344 436 -1869 328
2128 -4404 13468 356 -1021 321
2128 -4404 13468 356 -1021 321
1744 -4324 13528 241 -505 636
1744 -4324 13528 241 -505 636
1916 -4232 13568 302 -438 488
1916 -4232 13568 302 -438 488
2600 -4580 13360 392 23 -197
2600 -4580 13360 392 23 -197
1488 -4320 13500 531 75 63
1488 -4320 13500 531 75 63
2264 -4448 13368 512 -160 -1
2264 -4448 13368 512 -160 -1
1616 -4380 13260 392 78 -33
1616 -4380 13260 392 78 -33
1860 -4408 13440 478 -326 171
1860 -4408 13440 478 -326 171
2056 -4372 13388 440 -44 49
2056 -4372 13388 440 -44 49
2040 -4404 13272 458 -155 -47
2040 -4404 13272 458 -155 -47
1972 -4256 13280 433 -89 36
1972 -4256 13280 433 -89 36
1904 -4488 13360 497 -310 -78
1904 -4488 13360 497 -310 -78
2312 -4404 13332 442 -147 -120
2312 -4404 13332 442 -147 -120
2100 -4416 13572 464 -125 -48
2100 -4416 13572 464 -125 -48
2164 -4388 13296 482 -133 77
2164 -4388 13296 482 -133 77
2132 -4464 13268 609 -110 37
2132 -4464 13268 609 -110 37
2168 -4516 13408 529 -18 -27
2168 -4516 13408 529 -18 -27
1800 -4412 13344 446 -574 161
1800 -4412 13344 446 -574 161
2404 -4388 13292 437 -193 21
2404 -4388 13292 437 -193 21
2276 -4396 13280 413 -112 71
2276 -4396 13280 413 -112 71
2216 -4428 13264 513 -52 72
2216 -4428 13264 513 -52 72
2360 -4408 13216 563 229 101
2360 -4408 13216 563 229 101
2316 -4320 13416 717 668 -29
2316 -4320 13416 717 668 -29
1584 -4392 13496 834 250 253
1584 -4392 13496 834 250 253
2276 -4536 13308 752 -274 182
2276 -4536 13308 752 -274 182
1724 -4308 13284 350 371 -14
1724 -4308 13284 350 371 -14
2120 -4380 13268 485 11 79
2120 -4380 13268 485 11 79
2084 -4368 13328 570 296 77
2084 -4368 13328 570 296 77
1960 -4484 13368 562 192 14
1960 -4484 13368 562 192 14
1912 -4312 13376 614 61 44
1912 -4312 13376 614 61 44
2032 -4412 13360 613 60 53
2032 -4412 13360 613 60 53
2072 -4452 13416 582 8 -63
2072 -4452 13416 582 8 -63
1692 -4312 13300 495 88 57
1692 -4312 13300 495 88 57
2064 -4452 13260 487 70 39
2064 -4452 13260 487 70 39
