13619424 13631490 -1216099792 5 1229572 1455434
13619424 13631490 -1216099792 5 1229572 1455434
4448 -2884 13424 -876 -113 -374
4448 -2884 13424 -876 -113 -374
4908 -4048 12900 -486 -25 -218
4908 -4048 12900 -486 -25 -218
4784 -4384 13016 236 102 19
4784 -4384 13016 236 102 19
4576 -3940 13380 977 -138 246
4576 -3940 13380 977 -138 246
4284 -3848 13172 1616 -177 531
4284 -3848 13172 1616 -177 531
4588 -3208 13168 1406 -86 446
4588 -3208 13168 1406 -86 446
4820 -2796 13204 1141 30 360
4820 -2796 13204 1141 30 360
4496 -2616 13256 861 174 196
4496 -2616 13256 861 174 196
4504 -2868 13540 525 168 84
4504 -2868 13540 525 168 84
4568 -3176 13764 524 -128 -48
4568 -3176 13764 524 -128 -48
4472 -3092 13288 638 -30 36
4472 -3092 13288 638 -30 36
4340 -3356 13568 830 -421 -145
4340 -3356 13568 830 -421 -145
4668 -3476 13172 580 -511 4
4668 -3476 13172 580 -511 4
4696 -1992 13416 1226 -379 -489
4696 -1992 13416 1226 -379 -489
4972 -2816 12784 507 33 -152
4972 -2816 12784 507 33 -152
4272 -3212 13944 661 158 -353
4272 -3212 13944 661 158 -353
4868 -3196 13332 1233 84 2
4868 -3196 13332 1233 84 2
4504 -3752 13368 1729 -193 -341
4504 -3752 13368 1729 -193 -341
5356 -3472 13340 3313 687 232
5356 -3472 13340 3313 687 232
4632 -3432 15248 3685 705 -138
4632 -3432 15248 3685 705 -138
4956 -2452 13736 3914 1752 443
4956 -2452 13736 3914 1752 443
5248 320 15164 1787 904 444
5248 320 15164 1787 904 444
4720 708 11860 523 -1060 301
4720 708 11860 523 -1060 301
7940 -1392 8412 -4641 -787 3345
7940 -1392 8412 -4641 -787 3345
5512 -4832 8828 -4354 -2678 -577
5512 -4832 8828 -4354 -2678 -577
5304 -6028 11288 5049 1850 783
5304 -6028 11288 5049 1850 783
404 -1328 19180 5855 4458 1535
404 -1328 19180 5855 4458 1535
-132 -1308 17012 1683 640 -558
-132 -1308 17012 1683 640 -558
2656 -2220 12548 3741 25 -378
2656 -2220 12548 3741 25 -378
4248 -1652 12484 5295 896 672
4248 -1652 12484 5295 896 672
4964 -3144 16676 8859 2176 682
4964 -3144 16676 8859 2176 682
3580 -2144 14500 13725 4889 1898
3580 -2144 14500 13725 4889 1898
2204 -728 12200 16829 5388 3523
2204 -728 12200 16829 5388 3523
24 4072 12816 15777 7539 3800
24 4072 12816 15777 7539 3800
-404 8848 13812 11592 7214 2775
-404 8848 13812 11592 7214 2775
2528 12592 13012 5386 2945 -673
2528 12592 13012 5386 2945 -673
5236 10964 12004 5132 -1006 -3017
5236 10964 12004 5132 -1006 -3017
4472 6568 11364 3864 -2725 -3960
4472 6568 11364 3864 -2725 -3960
2536 10644 10644 2853 -1055 -1411
2536 10644 10644 2853 -1055 -1411
-176 12052 12328 -1218 -2402 -278
-176 12052 12328 -1218 -2402 -278
2612 6652 12208 -3052 -894 695
2612 6652 12208 -3052 -894 695
3800 7904 12468 -3246 -2899 117
3800 7904 12468 -3246 -2899 117
5084 2552 11272 -483 -4337 -1853
5084 2552 11272 -483 -4337 -1853
5524 10928 12084 941 -2111 -210
5524 10928 12084 941 -2111 -210
4148 7956 11816 33 -3995 -1111
4148 7956 11816 33 -3995 -1111
5988 5884 13240 -1251 -3399 -2947
5988 5884 13240 -1251 -3399 -2947
5152 6312 11888 -1691 -3004 -3246
5152 6312 11888 -1691 -3004 -3246
2040 9756 12556 -3465 -4642 -5106
2040 9756 12556 -3465 -4642 -5106
2828 6908 11880 -4884 -2992 -4772
2828 6908 11880 -4884 -2992 -4772
1624 9344 10080 -8959 -1984 -7348
1624 9344 10080 -8959 -1984 -7348
672 5748 7332 -11952 -4255 -6716
672 5748 7332 -11952 -4255 -6716
5028 7556 9268 -18773 -2745 -6736
5028 7556 9268 -18773 -2745 -6736
-2692 412 6880 -23601 -4178 -5451
-2692 412 6880 -23601 -4178 -5451
-720 -2148 11376 -23719 -2072 -1485
-720 -2148 11376 -23719 -2072 -1485
-152 -15984 13456 -19937 -3658 809
-152 -15984 13456 -19937 -3658 809
4644 -14940 20576 -9352 1507 2506
4644 -14940 20576 -9352 1507 2506
-996 -12216 13216 -1141 -1911 2882
-996 -12216 13216 -1141 -1911 2882
6104 -6920 7984 -6301 -3982 816
6104 -6920 7984 -6301 -3982 816
3468 -8844 9160 -6000 -3386 164
3468 -8844 9160 -6000 -3386 164
6204 -10556 11156 -4889 -2115 885
6204 -10556 11156 -4889 -2115 885
6180 -7404 9816 -5440 -5492 -1216
6180 -7404 9816 -5440 -5492 -1216
7048 -11640 10264 -6477 -5353 297
7048 -11640 10264 -6477 -5353 297
7716 -11288 7800 -5743 -4014 586
7716 -11288 7800 -5743 -4014 586
5564 -9300 8720 -5880 -3434 709
5564 -9300 8720 -5880 -3434 709
4540 -12580 7144 -9237 1068 1097
4540 -12580 7144 -9237 1068 1097
6776 -12804 4056 -10364 1853 2516
6776 -12804 4056 -10364 1853 2516
8204 -17532 676 -6965 3577 4816
8204 -17532 676 -6965 3577 4816
7440 -12948 3956 -4036 2482 36
7440 -12948 3956 -4036 2482 36
12620 -11796 -2796 -2314 151 -1857
12620 -11796 -2796 -2314 151 -1857
5580 -14184 5104 -6410 2295 -1277
5580 -14184 5104 -6410 2295 -1277
9256 -14760 2368 614 -3150 -687
9256 -14760 2368 614 -3150 -687
9604 -14324 3092 83 -2970 110
9604 -14324 3092 83 -2970 110
8832 -12860 3012 -1137 -2880 -816
8832 -12860 3012 -1137 -2880 -816
11076 -15040 4108 2239 -462 471
11076 -15040 4108 2239 -462 471
7084 -14056 2848 7646 -2060 2381
7084 -14056 2848 7646 -2060 2381
4336 -9200 1248 11025 -2707 3072
4336 -9200 1248 11025 -2707 3072
588 -7228 3712 12439 -5171 565
588 -7228 3712 12439 -5171 565
3148 -12616 2492 18584 -2033 4523
3148 -12616 2492 18584 -2033 4523
-1804 -15280 13920 31402 4681 8813
-1804 -15280 13920 31402 4681 8813
-1036 -5432 11032 32767 2623 9499
-1036 -5432 11032 32767 2623 9499
-1112 -13972 32767 16156 4635 5128
-1112 -13972 32767 16156 4635 5128
1928 -6912 8316 13340 3019 2161
1928 -6912 8316 13340 3019 2161
808 -848 11268 15984 98 1828
808 -848 11268 15984 98 1828
1184 3700 18524 10151 -187 2746
1184 3700 18524 10151 -187 2746
2740 -2104 13884 10609 1139 1365
2740 -2104 13884 10609 1139 1365
2208 -880 13116 11569 509 2390
2208 -880 13116 11569 509 2390
2988 3684 12376 9774 1867 1472
2988 3684 12376 9774 1867 1472
3360 660 12356 11268 3516 1604
3360 660 12356 11268 3516 1604
-320 8244 12948 10279 4632 1809
-320 8244 12948 10279 4632 1809
-444 8196 11964 5833 1225 251
-444 8196 11964 5833 1225 251
1876 7608 11880 4779 -412 -1084
1876 7608 11880 4779 -412 -1084
2676 11412 11608 -867 -4476 -4608
2676 11412 11608 -867 -4476 -4608
2824 8236 9380 -2954 -3246 -5580
2824 8236 9380 -2954 -3246 -5580
932 8376 11768 1222 782 530
932 8376 11768 1222 782 530
420 6936 14192 2694 1239 521
420 6936 14192 2694 1239 521
1660 6696 17984 3666 -1264 -597
1660 6696 17984 3666 -1264 -597
5484 5592 13964 1705 -3151 2284
5484 5592 13964 1705 -3151 2284
5144 5768 11756 -12 -2378 306
5144 5768 11756 -12 -2378 306
4136 6356 11256 1155 -2370 -225
4136 6356 11256 1155 -2370 -225
5588 7972 10812 -835 -1450 -1360
5588 7972 10812 -835 -1450 -1360
5644 9964 10252 -3512 -3544 -3818
5644 9964 10252 -3512 -3544 -3818
2752 4556 11024 -4744 -4958 -4934
2752 4556 11024 -4744 -4958 -4934
6460 7944 11116 -7533 -2459 -6139
6460 7944 11116 -7533 -2459 -6139
564 7012 10912 -10555 -5622 -6535
564 7012 10912 -10555 -5622 -6535
-156 1692 11560 -9530 -1756 -5562
-156 1692 11560 -9530 -1756 -5562
1824 5636 7980 -13152 -1073 -6930
1824 5636 7980 -13152 -1073 -6930
224 -156 11476 -19077 -487 -6171
224 -156 11476 -19077 -487 -6171
-2180 -3740 14376 -21791 211 -3930
-2180 -3740 14376 -21791 211 -3930
864 -7368 15688 -21997 -3905 -642
864 -7368 15688 -21997 -3905 -642
280 -10184 23748 -15030 3877 -485
280 -10184 23748 -15030 3877 -485
-1348 -11824 14344 -12763 -659 837
-1348 -11824 14344 -12763 -659 837
4624 -10052 6564 -10275 -3528 -1127
4624 -10052 6564 -10275 -3528 -1127
3796 -11120 5140 -6372 -2958 804
3796 -11120 5140 -6372 -2958 804
6716 -12256 8140 -4514 -2991 331
6716 -12256 8140 -4514 -2991 331
7100 -14704 7976 -4150 -3548 989
7100 -14704 7976 -4150 -3548 989
5284 -8184 10016 -2876 -6908 -1284
5284 -8184 10016 -2876 -6908 -1284
6960 -9892 9308 -5013 -4887 -86
6960 -9892 9308 -5013 -4887 -86
6108 -12912 7228 -6943 -3331 348
6108 -12912 7228 -6943 -3331 348
5372 -12712 5124 -7855 -1622 467
5372 -12712 5124 -7855 -1622 467
7916 -13004 2392 -8029 -1002 1464
7916 -13004 2392 -8029 -1002 1464
6676 -18176 2816 -5715 1342 3125
6676 -18176 2816 -5715 1342 3125
7236 -14140 2072 -4176 636 1939
7236 -14140 2072 -4176 636 1939
7544 -14972 1536 -3491 3361 1088
7544 -14972 1536 -3491 3361 1088
5556 -14604 3144 -5260 4347 135
5556 -14604 3144 -5260 4347 135
9588 -12848 -1280 -1818 3274 -1052
9588 -12848 -1280 -1818 3274 -1052
8060 -11448 2304 -1043 2167 -1352
8060 -11448 2304 -1043 2167 -1352
8644 -16736 3404 -3627 183 -1394
8644 -16736 3404 -3627 183 -1394
7520 -17648 2608 1343 -3324 -1155
7520 -17648 2608 1343 -3324 -1155
7992 -13716 1248 4048 -2720 257
7992 -13716 1248 4048 -2720 257
6112 -10584 632 6748 -1419 2635
6112 -10584 632 6748 -1419 2635
7376 -10188 1164 7903 -1453 3062
7376 -10188 1164 7903 -1453 3062
2384 -8964 3896 7554 -2685 4460
2384 -8964 3896 7554 -2685 4460
1788 -15972 5184 10800 -2568 7038
1788 -15972 5184 10800 -2568 7038
164 -17872 4552 15782 -3735 6118
164 -17872 4552 15782 -3735 6118
1148 -15288 6936 18716 -2472 6833
1148 -15288 6936 18716 -2472 6833
2540 -18456 4104 29206 -4275 6908
2540 -18456 4104 29206 -4275 6908
4188 -13996 6032 31499 -2226 6543
4188 -13996 6032 31499 -2226 6543
-3668 -1984 21092 20049 1046 1738
-3668 -1984 21092 20049 1046 1738
2192 -2584 11828 12324 826 -244
2192 -2584 11828 12324 826 -244
1120 -3320 13440 14694 624 1959
1120 -3320 13440 14694 624 1959
3096 5572 17176 12669 3725 222
3096 5572 17176 12669 3725 222
1624 748 14092 15114 2755 2694
1624 748 14092 15114 2755 2694
944 1624 14672 10348 3039 1205
944 1624 14672 10348 3039 1205
892 2648 13604 10158 573 735
892 2648 13604 10158 573 735
-92 3120 12472 11954 3223 2141
-92 3120 12472 11954 3223 2141
1692 8944 11840 7938 -454 -254
1692 8944 11840 7938 -454 -254
756 10540 12216 6845 1405 15
756 10540 12216 6845 1405 15
920 14048 14160 4275 -3005 -3204
920 14048 14160 4275 -3005 -3204
4440 11888 10780 -381 -4562 -4824
4440 11888 10780 -381 -4562 -4824
3716 10564 6888 -2984 -3905 -5535
3716 10564 6888 -2984 -3905 -5535
5548 -2388 7668 -1502 2239 -1733
5548 -2388 7668 -1502 2239 -1733
84 10344 14220 6163 920 727
84 10344 14220 6163 920 727
1176 7104 15256 5453 3001 603
1176 7104 15256 5453 3001 603
-20 8064 13404 3311 -2061 815
-20 8064 13404 3311 -2061 815
3804 10080 15228 -194 1109 2269
3804 10080 15228 -194 1109 2269
3860 9704 12996 233 -506 545
3860 9704 12996 233 -506 545
4704 8228 12484 -1832 -377 -496
4704 8228 12484 -1832 -377 -496
4468 8192 11820 -2636 -2532 -1677
4468 8192 11820 -2636 -2532 -1677
6216 5720 10864 -3814 -2473 -2599
6216 5720 10864 -3814 -2473 -2599
4204 9252 9404 -6157 -4086 -5858
4204 9252 9404 -6157 -4086 -5858
1172 9216 11280 -11310 -4951 -7144
1172 9216 11280 -11310 -4951 -7144
1852 664 11748 -11424 -2589 -6296
1852 664 11748 -11424 -2589 -6296
344 6764 13012 -11277 -3764 -9323
344 6764 13012 -11277 -3764 -9323
3500 -3484 9220 -8833 69 -6218
3500 -3484 9220 -8833 69 -6218
2352 3440 10104 -9491 -30 -7979
2352 3440 10104 -9491 -30 -7979
-488 1012 11704 -17117 280 -7929
-488 1012 11704 -17117 280 -7929
-5428 -7324 17336 -20766 -1582 -6497
-5428 -7324 17336 -20766 -1582 -6497
-2404 -4796 14400 -20390 -5757 -142
-2404 -4796 14400 -20390 -5757 -142
-636 -9932 19476 -17192 2597 -1499
-636 -9932 19476 -17192 2597 -1499
-724 -16776 13012 -9664 -444 147
-724 -16776 13012 -9664 -444 147
2836 -6388 8652 -10890 -3043 -849
2836 -6388 8652 -10890 -3043 -849
2616 -9832 6144 -10146 -5224 -2249
2616 -9832 6144 -10146 -5224 -2249
6736 -14132 7412 -6320 -5063 -2877
6736 -14132 7412 -6320 -5063 -2877
6348 -11716 9416 -8649 -6956 -1512
6348 -11716 9416 -8649 -6956 -1512
6128 -11868 6700 -8011 -4699 -259
6128 -11868 6700 -8011 -4699 -259
6924 -12704 5384 -6452 -3603 1118
6924 -12704 5384 -6452 -3603 1118
6596 -12176 3700 -8262 -434 1801
6596 -12176 3700 -8262 -434 1801
3444 -18988 3908 -7965 212 2697
3444 -18988 3908 -7965 212 2697
6608 -17124 844 -5736 -2659 756
6608 -17124 844 -5736 -2659 756
8032 -10856 2388 -8137 6966 2109
8032 -10856 2388 -8137 6966 2109
8432 -17504 -1360 -4837 4220 1345
8432 -17504 -1360 -4837 4220 1345
7124 -15508 372 -3069 3942 870
7124 -15508 372 -3069 3942 870
4440 -15884 -760 2650 1796 1461
4440 -15884 -760 2650 1796 1461
4264 -12424 4492 -3430 3554 -916
4264 -12424 4492 -3430 3554 -916
6684 -19732 2116 -3025 -2793 -2059
6684 -19732 2116 -3025 -2793 -2059
7932 -14416 2924 -789 296 -1568
7932 -14416 2924 -789 296 -1568
7844 -14736 552 822 -1058 -825
7844 -14736 552 822 -1058 -825
6572 -14192 1752 3786 -1151 1440
6572 -14192 1752 3786 -1151 1440
6952 -11528 3440 4316 -1058 1890
6952 -11528 3440 4316 -1058 1890
5024 -11152 836 4339 -4625 2963
5024 -11152 836 4339 -4625 2963
2040 -15516 1084 11232 -2227 5033
2040 -15516 1084 11232 -2227 5033
1464 -10268 5448 9205 -2558 8966
1464 -10268 5448 9205 -2558 8966
1304 -26648 -2668 21145 -6300 10783
1304 -26648 -2668 21145 -6300 10783
2132 -15012 3196 22742 -3238 8452
2132 -15012 3196 22742 -3238 8452
1636 -14700 10000 25486 -2948 8291
1636 -14700 10000 25486 -2948 8291
-1732 -12196 12348 20635 -3683 5192
-1732 -12196 12348 20635 -3683 5192
-744 -9188 11684 19526 -2837 1955
-744 -9188 11684 19526 -2837 1955
1248 -1260 15276 16082 -1655 3963
1248 -1260 15276 16082 -1655 3963
-3788 -4960 12428 13478 -1380 2836
-3788 -4960 12428 13478 -1380 2836
3664 4476 16688 12576 420 3137
3664 4476 16688 12576 420 3137
520 1224 15052 11185 1047 2246
520 1224 15052 11185 1047 2246
2512 1280 14020 8044 2070 1920
2512 1280 14020 8044 2070 1920
2528 -572 13300 10513 1851 2471
2528 -572 13300 10513 1851 2471
1756 508 14372 10989 3955 2816
1756 508 14372 10989 3955 2816
252 4012 15152 7519 4230 679
252 4012 15152 7519 4230 679
-824 388 13388 7933 4404 2061
-824 388 13388 7933 4404 2061
-2872 2764 11976 10593 1192 2805
-2872 2764 11976 10593 1192 2805
-1808 8908 12188 8508 -590 1824
-1808 8908 12188 8508 -590 1824
28 11080 14148 7886 -1093 -81
28 11080 14148 7886 -1093 -81
1280 12980 11752 2400 -6116 -3945
1280 12980 11752 2400 -6116 -3945
4948 12696 6564 -1923 -6197 -6361
4948 12696 6564 -1923 -6197 -6361
5988 6908 8256 -5118 -1852 -6165
5988 6908 8256 -5118 -1852 -6165
2148 10160 14308 6414 1350 1132
2148 10160 14308 6414 1350 1132
-2700 7120 15284 4919 -577 1147
-2700 7120 15284 4919 -577 1147
1388 9936 13424 3538 257 297
1388 9936 13424 3538 257 297
248 10104 12720 4504 -1275 1131
248 10104 12720 4504 -1275 1131
3272 10776 14060 2324 -613 1917
3272 10776 14060 2324 -613 1917
3240 10688 13608 1057 -982 540
3240 10688 13608 1057 -982 540
3816 9804 12584 -1435 -1614 62
3816 9804 12584 -1435 -1614 62
4492 9232 10884 -3557 -3524 -1250
4492 9232 10884 -3557 -3524 -1250
5200 6668 10732 -5112 -2252 -2094
5200 6668 10732 -5112 -2252 -2094
6068 7616 9724 -7682 -1475 -1497
6068 7616 9724 -7682 -1475 -1497
1124 9016 11624 -9614 -4056 -5780
1124 9016 11624 -9614 -4056 -5780
4176 5832 9796 -13872 -1617 -5795
4176 5832 9796 -13872 -1617 -5795
1456 2128 7564 -13602 -2456 -5142
1456 2128 7564 -13602 -2456 -5142
-368 560 10700 -7904 -1223 -6392
-368 560 10700 -7904 -1223 -6392
1388 1868 12080 -6060 -1893 -6386
1388 1868 12080 -6060 -1893 -6386
144 6132 11592 -11246 -3476 -7176
144 6132 11592 -11246 -3476 -7176
-2108 -2416 14076 -21288 -2743 -4908
-2108 -2416 14076 -21288 -2743 -4908
-228 -10492 14036 -19234 -4047 -2154
-228 -10492 14036 -19234 -4047 -2154
2300 -12236 26736 -14962 1811 216
2300 -12236 26736 -14962 1811 216
-3772 -7372 16956 -8045 1549 211
-3772 -7372 16956 -8045 1549 211
1164 -6940 9752 -11327 -1693 387
1164 -6940 9752 -11327 -1693 387
2376 -9144 6300 -9088 237 -258
2376 -9144 6300 -9088 237 -258
3712 -10716 8348 -7878 -1719 -1643
3712 -10716 8348 -7878 -1719 -1643
4052 -13128 11440 -8246 -3735 -2898
4052 -13128 11440 -8246 -3735 -2898
8328 -12300 7208 -7068 -4757 -2329
8328 -12300 7208 -7068 -4757 -2329
6628 -8928 7748 -6739 -4563 -1223
6628 -8928 7748 -6739 -4563 -1223
5956 -10408 7276 -6516 -3287 982
5956 -10408 7276 -6516 -3287 982
4420 -11516 6768 -7385 -2120 1070
4420 -11516 6768 -7385 -2120 1070
3920 -14384 8280 -6292 -3112 1363
3920 -14384 8280 -6292 -3112 1363
5068 -15152 4200 -3947 -2764 1328
5068 -15152 4200 -3947 -2764 1328
5060 -14428 3016 -7036 -2052 227
5060 -14428 3016 -7036 -2052 227
4444 -15496 2708 -7201 920 354
4444 -15496 2708 -7201 920 354
1712 -14580 1472 -7415 6370 37
1712 -14580 1472 -7415 6370 37
8036 -16804 -1560 -3765 2044 -686
8036 -16804 -1560 -3765 2044 -686
8148 -16408 -348 1900 2456 1298
8148 -16408 -348 1900 2456 1298
7840 -15352 -1464 5492 1892 1589
7840 -15352 -1464 5492 1892 1589
7748 -13896 2420 -1531 4129 -342
7748 -13896 2420 -1531 4129 -342
6584 -14024 3476 -1904 5330 -1298
6584 -14024 3476 -1904 5330 -1298
6732 -17204 4296 915 161 -160
6732 -17204 4296 915 161 -160
8508 -14136 3208 2397 -716 283
8508 -14136 3208 2397 -716 283
8552 -12552 5492 2968 -2075 -993
8552 -12552 5492 2968 -2075 -993
6684 -13100 2488 1804 -1543 -452
6684 -13100 2488 1804 -1543 -452
3684 -15628 2500 2422 -3849 -981
3684 -15628 2500 2422 -3849 -981
6504 -15164 2980 7084 1142 3574
6504 -15164 2980 7084 1142 3574
-3252 -8696 6244 5804 1195 2918
-3252 -8696 6244 5804 1195 2918
92 -14192 288 6320 -4403 2413
92 -14192 288 6320 -4403 2413
2276 -9512 6240 6360 -4484 5819
2276 -9512 6240 6360 -4484 5819
-420 -18292 5520 9977 -720 8938
-420 -18292 5520 9977 -720 8938
-4 -14768 5648 14205 -3683 5409
-4 -14768 5648 14205 -3683 5409
1208 -15376 7412 15277 -3737 6540
1208 -15376 7412 15277 -3737 6540
1444 -13896 7940 19396 -3749 6718
1444 -13896 7940 19396 -3749 6718
2868 -11184 8760 22498 -4380 7446
2868 -11184 8760 22498 -4380 7446
2844 -11336 12532 21629 -4222 4742
2844 -11336 12532 21629 -4222 4742
2904 -3352 14976 20973 -2403 4185
2904 -3352 14976 20973 -2403 4185
4276 -1592 15416 16159 -284 5911
4276 -1592 15416 16159 -284 5911
1312 2540 17704 13797 1844 3019
1312 2540 17704 13797 1844 3019
840 -3308 14420 14337 3319 2926
840 -3308 14420 14337 3319 2926
1044 2296 13604 17629 4943 3745
1044 2296 13604 17629 4943 3745
476 1372 12144 17213 6903 4835
476 1372 12144 17213 6903 4835
-2696 9364 13532 12847 6670 4881
-2696 9364 13532 12847 6670 4881
752 12100 10952 7382 2360 1415
752 12100 10952 7382 2360 1415
-124 13784 11004 6176 -940 -377
-124 13784 11004 6176 -940 -377
2524 13848 10188 2338 -6665 -4893
2524 13848 10188 2338 -6665 -4893
5200 12956 6452 1373 -6392 -3933
5200 12956 6452 1373 -6392 -3933
5440 10860 6268 -2233 -761 -2421
5440 10860 6268 -2233 -761 -2421
2184 5708 8868 2344 587 -394
2184 5708 8868 2344 587 -394
-1360 11040 15860 6134 641 2258
-1360 11040 15860 6134 641 2258
6564 13216 11712 979 -863 3229
6564 13216 11712 979 -863 3229
1636 6904 16440 -2885 -2180 137
1636 6904 16440 -2885 -2180 137
4200 11444 11016 -1805 -3795 -1826
4200 11444 11016 -1805 -3795 -1826
3688 8784 10676 -3434 -4079 -4293
3688 8784 10676 -3434 -4079 -4293
4280 7944 11232 -4987 -2439 -5257
4280 7944 11232 -4987 -2439 -5257
-380 6924 11428 -6733 -4374 -7829
-380 6924 11428 -6733 -4374 -7829
4224 6032 11788 -8762 -1772 -6967
4224 6032 11788 -8762 -1772 -6967
-848 6628 10260 -11636 -4161 -10388
-848 6628 10260 -11636 -4161 -10388
1572 1480 9908 -11151 -1254 -8662
1572 1480 9908 -11151 -1254 -8662
1128 3040 5948 -10115 -1304 -8566
1128 3040 5948 -10115 -1304 -8566
-356 540 8936 -10614 -3085 -8107
-356 540 8936 -10614 -3085 -8107
-360 -972 10336 -15663 630 -7677
-360 -972 10336 -15663 630 -7677
-1184 -740 9080 -25730 -2326 -4444
-1184 -740 9080 -25730 -2326 -4444
-1080 -9500 21788 -19395 -4006 -1175
-1080 -9500 21788 -19395 -4006 -1175
20 -20688 23084 -8782 5132 603
20 -20688 23084 -8782 5132 603
-2472 -7524 11916 -9836 -1924 1465
-2472 -7524 11916 -9836 -1924 1465
2360 -8596 6800 -8616 -2455 -387
2360 -8596 6800 -8616 -2455 -387
3620 -9648 8588 -8353 -2719 -1558
3620 -9648 8588 -8353 -2719 -1558
5020 -13684 9188 -5979 -2601 -491
5020 -13684 9188 -5979 -2601 -491
2216 -10516 10836 -4338 -4752 -1644
2216 -10516 10836 -4338 -4752 -1644
4052 -9016 10700 -5695 -3883 -2602
4052 -9016 10700 -5695 -3883 -2602
4840 -11696 9372 -7322 -4005 -1925
4840 -11696 9372 -7322 -4005 -1925
4428 -11992 7496 -6514 -2288 -930
4428 -11992 7496 -6514 -2288 -930
5516 -10064 5888 -8799 -757 -652
5516 -10064 5888 -8799 -757 -652
3984 -13704 6740 -9116 985 295
3984 -13704 6740 -9116 985 295
4296 -18300 4116 -6771 156 702
4296 -18300 4116 -6771 156 702
8324 -11736 3196 -7428 2025 594
8324 -11736 3196 -7428 2025 594
4992 -15648 3152 -6873 6646 -32
4992 -15648 3152 -6873 6646 -32
6196 -16328 348 -5252 5247 150
6196 -16328 348 -5252 5247 150
8152 -13688 -1780 -6852 4446 -1689
8152 -13688 -1780 -6852 4446 -1689
9496 -11916 -3248 -1596 2829 773
9496 -11916 -3248 -1596 2829 773
4588 -11412 2328 -6259 3489 -1655
4588 -11412 2328 -6259 3489 -1655
6784 -18716 952 -4312 1955 -1533
6784 -18716 952 -4312 1955 -1533
3408 -20364 3576 -1205 -403 -1610
3408 -20364 3576 -1205 -403 -1610
3992 -17944 1592 3416 -2300 632
3992 -17944 1592 3416 -2300 632
5308 -15208 2736 4961 -2060 168
5308 -15208 2736 4961 -2060 168
5152 -12068 1300 4125 -3153 1420
5152 -12068 1300 4125 -3153 1420
5056 -8900 2248 1010 -2221 2201
5056 -8900 2248 1010 -2221 2201
716 -11620 -1484 1682 -7424 480
716 -11620 -1484 1682 -7424 480
1844 -9152 2740 1057 -2991 3833
1844 -9152 2740 1057 -2991 3833
204 -28640 4632 9574 -2372 12380
204 -28640 4632 9574 -2372 12380
384 -17044 -804 20107 -3662 10889
384 -17044 -804 20107 -3662 10889
1824 -12812 3112 15805 -1559 7379
1824 -12812 3112 15805 -1559 7379
1024 -20280 6368 20572 -5220 8457
1024 -20280 6368 20572 -5220 8457
-1092 -11832 7768 19884 -4332 6082
-1092 -11832 7768 19884 -4332 6082
-1520 -9960 10728 11382 -5302 3002
-1520 -9960 10728 11382 -5302 3002
-2348 -9844 12268 12406 -5906 3770
-2348 -9844 12268 12406 -5906 3770
-1212 -9912 7224 18701 -5222 5800
-1212 -9912 7224 18701 -5222 5800
-880 -5008 12940 22306 -4585 6290
-880 -5008 12940 22306 -4585 6290
-2248 1068 16348 15067 -1846 5711
-2248 1068 16348 15067 -1846 5711
2596 -3756 14092 15761 -495 5821
2596 -3756 14092 15761 -495 5821
1792 2388 14376 15671 2825 4507
1792 2388 14376 15671 2825 4507
1940 1908 13608 11128 3319 2757
1940 1908 13608 11128 3319 2757
260 -1228 14704 12597 6065 3288
260 -1228 14704 12597 6065 3288
-1344 4396 16364 10845 4396 2116
-1344 4396 16364 10845 4396 2116
-3088 6196 12768 7695 1552 2972
-3088 6196 12768 7695 1552 2972
-5184 7692 11656 4066 -2251 378
-5184 7692 11656 4066 -2251 378
-2004 8676 10084 2975 -2335 -2384
-2004 8676 10084 2975 -2335 -2384
2996 12460 10876 1104 -5874 -6639
2996 12460 10876 1104 -5874 -6639
5380 12588 7908 4662 -6979 -6425
5380 12588 7908 4662 -6979 -6425
8116 10768 6396 6938 -3542 -1634
8116 10768 6396 6938 -3542 -1634
3480 7812 9412 8665 -468 2090
3480 7812 9412 8665 -468 2090
640 11416 12912 8798 -640 3599
640 11416 12912 8798 -640 3599
1840 11848 16056 2566 549 416
1840 11848 16056 2566 549 416
2540 9936 12856 -1712 -3220 289
2540 9936 12856 -1712 -3220 289
3820 10484 12016 -3797 -2472 -628
3820 10484 12016 -3797 -2472 -628
3248 7624 12032 -5434 -3070 -1911
3248 7624 12032 -5434 -3070 -1911
4600 8204 10552 -5892 -3676 -4556
4600 8204 10552 -5892 -3676 -4556
4932 8236 10360 -7291 -436 -7487
4932 8236 10360 -7291 -436 -7487
2432 7172 8544 -9973 -3395 -8145
2432 7172 8544 -9973 -3395 -8145
-288 3856 10436 -9514 -3907 -10114
-288 3856 10436 -9514 -3907 -10114
124 -1876 12136 -4236 -2789 -7300
124 -1876 12136 -4236 -2789 -7300
-340 2296 11100 -2505 -1152 -7879
-340 2296 11100 -2505 -1152 -7879
4072 3424 10128 -4884 -1085 -7254
4072 3424 10128 -4884 -1085 -7254
-3012 3384 10156 -11955 -1854 -8767
-3012 3384 10156 -11955 -1854 -8767
-1628 1952 13660 -15803 -7693 -7878
-1628 1952 13660 -15803 -7693 -7878
2024 1576 12296 -22315 -4110 -6829
2024 1576 12296 -22315 -4110 -6829
-1488 -4508 10812 -21783 -2531 -7400
-1488 -4508 10812 -21783 -2531 -7400
2156 -10424 12980 -21153 1463 -2828
2156 -10424 12980 -21153 1463 -2828
940 -11960 19028 -16145 261 -308
940 -11960 19028 -16145 261 -308
1948 -11772 10988 -10521 -540 4958
1948 -11772 10988 -10521 -540 4958
9080 -11932 5024 -8875 -4913 6466
9080 -11932 5024 -8875 -4913 6466
5056 -16144 9924 -1105 -5098 3267
5056 -16144 9924 -1105 -5098 3267
2736 -11924 7556 -5548 -5910 2887
2736 -11924 7556 -5548 -5910 2887
1676 -11892 7252 -5340 -5410 879
1676 -11892 7252 -5340 -5410 879
3368 -11560 7840 -5531 -4492 975
3368 -11560 7840 -5531 -4492 975
3440 -12716 8248 -6185 -3653 -1919
3440 -12716 8248 -6185 -3653 -1919
3364 -14180 4756 -9082 -1718 -1577
3364 -14180 4756 -9082 -1718 -1577
4604 -16188 1504 -8985 -1282 -1189
4604 -16188 1504 -8985 -1282 -1189
6352 -14864 1836 -9059 -1816 -767
6352 -14864 1836 -9059 -1816 -767
2320 -12288 8208 -8831 6037 1453
2320 -12288 8208 -8831 6037 1453
6232 -15168 1996 -4635 3184 914
6232 -15168 1996 -4635 3184 914
6660 -16356 2380 -2337 4550 1328
6660 -16356 2380 -2337 4550 1328
5884 -14920 56 -729 2945 1249
5884 -14920 56 -729 2945 1249
7052 -15460 -1252 352 1614 1194
7052 -15460 -1252 352 1614 1194
4632 -15784 -96 4267 4002 3853
4632 -15784 -96 4267 4002 3853
4332 -14280 4364 1746 2504 2975
4332 -14280 4364 1746 2504 2975
3492 -17792 3616 48 -1247 -2243
3492 -17792 3616 48 -1247 -2243
7860 -14492 3936 898 -1986 -361
7860 -14492 3936 898 -1986 -361
6888 -14372 2684 2754 -564 1737
6888 -14372 2684 2754 -564 1737
5748 -13400 3088 2594 -673 1390
5748 -13400 3088 2594 -673 1390
6504 -11092 2464 2017 -2167 2787
6504 -11092 2464 2017 -2167 2787
1780 -15012 5368 4823 -1241 2058
1780 -15012 5368 4823 -1241 2058
1928 -12872 2660 4541 -4284 3878
1928 -12872 2660 4541 -4284 3878
-1844 -17388 4872 7665 -3579 6510
-1844 -17388 4872 7665 -3579 6510
972 -13632 1916 10653 -4584 7113
972 -13632 1916 10653 -4584 7113
-328 -12468 6116 12712 -1809 6834
-328 -12468 6116 12712 -1809 6834
996 -19116 5188 19976 -2111 9975
996 -19116 5188 19976 -2111 9975
-2596 -17872 9436 24860 -5960 7986
-2596 -17872 9436 24860 -5960 7986
-4912 -10032 11560 19838 -5432 3829
-4912 -10032 11560 19838 -5432 3829
764 -7880 8284 17786 -4512 5226
764 -7880 8284 17786 -4512 5226
-5556 -1124 15640 17679 -3319 6022
-5556 -1124 15640 17679 -3319 6022
-508 1900 15980 19004 178 4351
-508 1900 15980 19004 178 4351
-1192 3876 16332 12060 413 4836
-1192 3876 16332 12060 413 4836
-736 -1140 14584 9838 2332 4939
-736 -1140 14584 9838 2332 4939
1556 -1912 14816 9632 2743 3841
1556 -1912 14816 9632 2743 3841
-352 664 13280 14039 2627 4615
-352 664 13280 14039 2627 4615
-3060 -608 11532 13753 2951 5551
-3060 -608 11532 13753 2951 5551
-248 5768 11084 11820 1979 5221
-248 5768 11084 11820 1979 5221
1372 13460 11472 8322 -1265 13
1372 13460 11472 8322 -1265 13
472 19120 12840 6574 -2509 -1895
472 19120 12840 6574 -2509 -1895
3156 12600 8212 2298 -5075 -6322
3156 12600 8212 2298 -5075 -6322
5084 11544 7464 -808 -7576 -10014
5084 11544 7464 -808 -7576 -10014
8884 8028 4480 7852 -4541 -5501
8884 8028 4480 7852 -4541 -5501
1260 10228 15340 10137 -34 15
1260 10228 15340 10137 -34 15
572 10528 16084 5560 -595 61
572 10528 16084 5560 -595 61
984 12032 13340 1494 -6100 -301
984 12032 13340 1494 -6100 -301
4856 8752 10972 -4018 -2973 -2337
4856 8752 10972 -4018 -2973 -2337
1160 8900 10276 -4873 -3529 -3698
1160 8900 10276 -4873 -3529 -3698
2796 10428 10804 -6041 -4301 -3837
2796 10428 10804 -6041 -4301 -3837
1148 6484 10496 -10510 -2190 -7326
1148 6484 10496 -10510 -2190 -7326
2820 7676 9020 -10118 -3218 -7400
2820 7676 9020 -10118 -3218 -7400
1296 2924 11140 -8165 -3243 -7096
1296 2924 11140 -8165 -3243 -7096
-1116 3752 11712 -5873 -2838 -7088
-1116 3752 11712 -5873 -2838 -7088
2420 432 11956 -2524 -844 -5867
2420 432 11956 -2524 -844 -5867
1068 5012 11488 -1321 -2066 -5386
1068 5012 11488 -1321 -2066 -5386
1864 5220 8712 -4643 -2379 -5711
1864 5220 8712 -4643 -2379 -5711
180 3424 10572 -11676 -1622 -7642
180 3424 10572 -11676 -1622 -7642
-3688 1148 13100 -21174 -1726 -6271
-3688 1148 13100 -21174 -1726 -6271
-3076 -1216 11820 -29244 -620 -6584
-3076 -1216 11820 -29244 -620 -6584
1456 -5240 11276 -29331 -1336 -3273
1456 -5240 11276 -29331 -1336 -3273
-3832 -26788 25936 -3734 4985 -361
-3832 -26788 25936 -3734 4985 -361
-3052 -188 12768 -13168 -4413 2294
-3052 -188 12768 -13168 -4413 2294
5504 -9060 2392 -10449 -2406 -11
5504 -9060 2392 -10449 -2406 -11
3388 -13892 6236 -6654 -2438 261
3388 -13892 6236 -6654 -2438 261
5892 -17592 8700 -4650 -2535 -940
5892 -17592 8700 -4650 -2535 -940
4292 -11964 7440 -4582 -2359 -1001
4292 -11964 7440 -4582 -2359 -1001
3296 -10412 7640 -4886 -3606 -1149
3296 -10412 7640 -4886 -3606 -1149
3876 -12548 8848 -2157 -3352 1622
3876 -12548 8848 -2157 -3352 1622
4188 -11384 8448 -1713 -2883 677
4188 -11384 8448 -1713 -2883 677
2480 -11772 8804 -4241 -3191 -748
2480 -11772 8804 -4241 -3191 -748
4224 -15712 5956 -4247 -2701 -385
4224 -15712 5956 -4247 -2701 -385
3708 -13480 5380 -9284 -1586 -301
3708 -13480 5380 -9284 -1586 -301
5672 -13620 1920 -11425 1543 1125
5672 -13620 1920 -11425 1543 1125
6328 -10780 -356 -10220 8553 5586
6328 -10780 -356 -10220 8553 5586
4540 -17704 8180 -5372 7168 5996
4540 -17704 8180 -5372 7168 5996
5784 -21620 -5312 1248 -3175 -3176
5784 -21620 -5312 1248 -3175 -3176
2908 -13108 4140 5467 4348 2733
2908 -13108 4140 5467 4348 2733
-836 -15616 6920 -2470 1659 -920
-836 -15616 6920 -2470 1659 -920
6756 -15440 3408 -2655 -1144 -1729
6756 -15440 3408 -2655 -1144 -1729
4088 -16604 2528 -121 -1485 -1177
4088 -16604 2528 -121 -1485 -1177
3988 -14544 1316 1902 -1911 -995
3988 -14544 1316 1902 -1911 -995
3272 -13856 4792 2025 160 439
3272 -13856 4792 2025 160 439
4460 -13712 2976 910 -2577 300
4460 -13712 2976 910 -2577 300
2332 -14700 2288 641 -4018 -13
2332 -14700 2288 641 -4018 -13
4288 -14412 1796 3128 -3164 3830
4288 -14412 1796 3128 -3164 3830
1084 -11924 2016 4721 -3815 5006
1084 -11924 2016 4721 -3815 5006
1120 -17016 1076 6973 -4590 6881
1120 -17016 1076 6973 -4590 6881
-1240 -16516 2384 12590 -4976 9536
-1240 -16516 2384 12590 -4976 9536
1972 -14864 2020 20038 -6499 11986
1972 -14864 2020 20038 -6499 11986
364 -21624 4120 28856 -10240 12078
364 -21624 4120 28856 -10240 12078
-4272 -16596 11528 28803 -6913 9236
-4272 -16596 11528 28803 -6913 9236
2740 -15808 8096 25974 -3682 5093
2740 -15808 8096 25974 -3682 5093
-7024 2440 16088 17276 -3199 5184
-7024 2440 16088 17276 -3199 5184
3000 1536 14360 15732 -443 4589
3000 1536 14360 15732 -443 4589
12 4180 16332 17041 1460 2614
12 4180 16332 17041 1460 2614
464 -640 13328 13645 1463 1055
464 -640 13328 13645 1463 1055
196 4836 13352 13421 1448 1888
196 4836 13352 13421 1448 1888
-1212 3072 12428 14321 4657 4539
-1212 3072 12428 14321 4657 4539
-4064 9148 11844 9910 5072 6060
-4064 9148 11844 9910 5072 6060
-2324 13224 11208 7365 309 2401
-2324 13224 11208 7365 309 2401
-336 10736 10472 5916 -3205 -1408
-336 10736 10472 5916 -3205 -1408
3936 12656 8596 543 -7173 -6517
3936 12656 8596 543 -7173 -6517
5340 12584 6808 -3645 -5261 -6774
5340 12584 6808 -3645 -5261 -6774
12 7148 12876 6216 2573 1777
12 7148 12876 6216 2573 1777
-8 7328 15368 5117 -325 1660
-8 7328 15368 5117 -325 1660
120 15084 15096 6098 13 2386
120 15084 15096 6098 13 2386
1432 10692 11416 2304 -2272 4200
1432 10692 11416 2304 -2272 4200
2308 6456 13524 -403 -2137 1867
2308 6456 13524 -403 -2137 1867
2236 12432 12876 -2169 -5323 -1900
2236 12432 12876 -2169 -5323 -1900
3860 8372 11576 -6821 -3648 -5719
3860 8372 11576 -6821 -3648 -5719
4948 8744 8748 -4789 -3646 -6350
4948 8744 8748 -4789 -3646 -6350
3816 10872 11512 -9901 -2925 -10159
3816 10872 11512 -9901 -2925 -10159
2124 3080 10300 -10102 -2380 -8844
2124 3080 10300 -10102 -2380 -8844
-2296 5292 12040 -8451 -6016 -9753
-2296 5292 12040 -8451 -6016 -9753
4308 4612 9376 -7778 -1518 -7200
4308 4612 9376 -7778 -1518 -7200
-1084 2396 9064 -9313 -3019 -7960
-1084 2396 9064 -9313 -3019 -7960
-1264 -824 10812 -14311 611 -6539
-1264 -824 10812 -14311 611 -6539
8 -2232 8796 -21449 1996 -5327
8 -2232 8796 -21449 1996 -5327
-1524 -6372 12876 -21523 -6163 -1434
-1524 -6372 12876 -21523 -6163 -1434
-5192 -19356 32767 -1542 6423 -1949
-5192 -19356 32767 -1542 6423 -1949
-1220 -2268 13744 -7338 -1525 1077
-1220 -2268 13744 -7338 -1525 1077
616 -1936 8800 -9861 -1739 -327
616 -1936 8800 -9861 -1739 -327
2676 -8264 8268 -9703 645 -1625
2676 -8264 8268 -9703 645 -1625
1252 -11156 12880 -8822 385 -1439
1252 -11156 12880 -8822 385 -1439
2352 -13068 11840 -8146 -1216 -1982
2352 -13068 11840 -8146 -1216 -1982
3916 -10080 10384 -8713 -4516 -2037
3916 -10080 10384 -8713 -4516 -2037
3792 -9552 8128 -6795 -4151 -1795
3792 -9552 8128 -6795 -4151 -1795
3632 -7468 9344 -6847 -3249 -1858
3632 -7468 9344 -6847 -3249 -1858
4012 -9064 8972 -6956 -3857 -2244
4012 -9064 8972 -6956 -3857 -2244
3924 -15980 7532 -7445 -1762 -1597
3924 -15980 7532 -7445 -1762 -1597
3812 -15316 4788 -8952 -647 -348
3812 -15316 4788 -8952 -647 -348
4732 -12404 3384 -8087 -1458 -564
4732 -12404 3384 -8087 -1458 -564
7032 -13956 616 -10236 5096 2798
7032 -13956 616 -10236 5096 2798
6492 -15084 -1280 -8932 5288 4168
6492 -15084 -1280 -8932 5288 4168
2528 -19176 -876 -5022 2273 2756
2528 -19176 -876 -5022 2273 2756
4436 -16172 996 -3140 1868 -959
4436 -16172 996 -3140 1868 -959
7744 -14704 -4116 -233 2157 643
7744 -14704 -4116 -233 2157 643
2040 -13688 3652 4160 4245 1405
2040 -13688 3652 4160 4245 1405
3784 -16944 6372 195 2945 -653
3784 -16944 6372 195 2945 -653
3024 -17996 4596 1089 357 -1144
3024 -17996 4596 1089 357 -1144
4064 -12696 4620 895 2560 -207
4064 -12696 4620 895 2560 -207
1876 -15836 4096 2349 -215 11
1876 -15836 4096 2349 -215 11
8100 -13300 -1032 3431 2457 2305
8100 -13300 -1032 3431 2457 2305
3452 -12880 3552 3348 -263 1199
3452 -12880 3552 3348 -263 1199
1004 -13104 6172 1910 489 891
1004 -13104 6172 1910 489 891
2080 -15356 2104 -710 -1302 631
2080 -15356 2104 -710 -1302 631
1652 -13720 1856 555 -1432 2010
1652 -13720 1856 555 -1432 2010
2136 -14452 584 967 -3871 3494
2136 -14452 584 967 -3871 3494
868 -15328 3204 5594 -1956 5565
868 -15328 3204 5594 -1956 5565
-164 -17476 2228 9080 -1825 8004
-164 -17476 2228 9080 -1825 8004
-2216 -15728 4296 11423 -4309 5494
-2216 -15728 4296 11423 -4309 5494
-752 -16692 5288 13793 -4249 6554
-752 -16692 5288 13793 -4249 6554
1804 -20612 4560 20657 -5457 5888
1804 -20612 4560 20657 -5457 5888
-2792 -8384 9116 22621 -5516 5632
-2792 -8384 9116 22621 -5516 5632
-2852 -12824 12232 20733 -4844 6017
-2852 -12824 12232 20733 -4844 6017
620 -8044 11184 18866 -5110 5233
620 -8044 11184 18866 -5110 5233
-3732 -616 15504 14355 -1133 5531
-3732 -616 15504 14355 -1133 5531
-1404 -512 15136 15210 963 3559
-1404 -512 15136 15210 963 3559
-756 704 15872 14495 2799 5648
-756 704 15872 14495 2799 5648
-1896 628 16176 11655 3700 4897
-1896 628 16176 11655 3700 4897
-1860 916 13904 10111 3364 4112
-1860 916 13904 10111 3364 4112
2244 -524 10604 11518 565 3008
2244 -524 10604 11518 565 3008
-2288 516 10576 14540 722 5670
-2288 516 10576 14540 722 5670
-1096 6320 9920 14760 2440 4761
-1096 6320 9920 14760 2440 4761
-3676 17800 16740 12936 -395 2719
-3676 17800 16740 12936 -395 2719
1008 12668 11060 9815 -2381 1798
1008 12668 11060 9815 -2381 1798
4480 13356 7376 5251 -5672 -1682
4480 13356 7376 5251 -5672 -1682
1984 15516 8592 3695 -8310 -4794
1984 15516 8592 3695 -8310 -4794
6596 13504 5692 -2130 -4946 -5038
6596 13504 5692 -2130 -4946 -5038
4144 10368 11540 -315 -2751 -2882
4144 10368 11540 -315 -2751 -2882
2600 11364 15064 6142 -1709 522
2600 11364 15064 6142 -1709 522
2348 9044 9968 -612 -3392 -676
2348 9044 9968 -612 -3392 -676
2536 8352 9748 -2524 -6989 439
2536 8352 9748 -2524 -6989 439
6032 8368 11204 -2531 -2805 2765
6032 8368 11204 -2531 -2805 2765
1664 10872 12668 -5632 -3293 -3890
1664 10872 12668 -5632 -3293 -3890
92 12728 12164 -11443 -1797 -6851
92 12728 12164 -11443 -1797 -6851
4792 9360 10760 -13224 -1551 -7434
4792 9360 10760 -13224 -1551 -7434
2304 3168 7988 -12131 -1982 -7508
2304 3168 7988 -12131 -1982 -7508
-464 5116 11252 -9828 -1268 -8237
-464 5116 11252 -9828 -1268 -8237
2424 1444 9772 -7816 -1747 -6709
2424 1444 9772 -7816 -1747 -6709
2280 4444 8292 -9422 -1883 -7215
2280 4444 8292 -9422 -1883 -7215
904 2720 7208 -13728 180 -7428
904 2720 7208 -13728 180 -7428
-3312 4172 10668 -26209 -1122 -5867
-3312 4172 10668 -26209 -1122 -5867
-884 -8252 7576 -28895 -4508 -3612
-884 -8252 7576 -28895 -4508 -3612
2576 -16800 24296 -11957 4621 625
2576 -16800 24296 -11957 4621 625
-6440 -17076 16468 -5978 1490 4164
-6440 -17076 16468 -5978 1490 4164
2088 -11568 9816 -4111 -4754 -634
2088 -11568 9816 -4111 -4754 -634
3548 -8060 9556 -6405 -2977 -34
3548 -8060 9556 -6405 -2977 -34
3016 -8372 10064 -8320 -2834 -2396
3016 -8372 10064 -8320 -2834 -2396
2588 -11576 9628 -8152 -3559 -1329
2588 -11576 9628 -8152 -3559 -1329
2928 -10368 11752 -7065 -3497 -2211
2928 -10368 11752 -7065 -3497 -2211
2916 -9196 9576 -9391 -5534 -3176
2916 -9196 9576 -9391 -5534 -3176
6072 -13380 9144 -10016 -3657 -3518
6072 -13380 9144 -10016 -3657 -3518
5360 -13944 4064 -9116 -1650 25
5360 -13944 4064 -9116 -1650 25
6520 -10508 1860 -9542 520 852
6520 -10508 1860 -9542 520 852
7600 -14668 20 -10138 6064 5284
7600 -14668 20 -10138 6064 5284
3724 -19420 3980 -5980 5699 4996
3724 -19420 3980 -5980 5699 4996
3124 -17176 3564 -3883 5527 2231
3124 -17176 3564 -3883 5527 2231
1832 -17564 5040 -2380 5349 -818
1832 -17564 5040 -2380 5349 -818
10408 -12492 -2652 3350 -993 421
10408 -12492 -2652 3350 -993 421
4332 -10624 4140 241 3913 -1184
4332 -10624 4140 241 3913 -1184
4064 -15036 5660 -3562 4250 -670
4064 -15036 5660 -3562 4250 -670
3660 -16956 3340 -2287 891 -1715
3660 -16956 3340 -2287 891 -1715
2992 -13928 3928 -2043 -728 -2166
2992 -13928 3928 -2043 -728 -2166
3368 -16240 3188 -462 -1301 -1194
3368 -16240 3188 -462 -1301 -1194
5356 -13888 2660 836 -1857 -930
5356 -13888 2660 836 -1857 -930
748 -12520 4860 926 -5224 1281
748 -12520 4860 926 -5224 1281
6828 -10400 136 221 -2743 3042
6828 -10400 136 221 -2743 3042
1616 -12460 72 926 -2441 3752
1616 -12460 72 926 -2441 3752
204 -23516 808 6612 -3143 8997
204 -23516 808 6612 -3143 8997
-340 -15444 968 15511 -5190 11248
-340 -15444 968 15511 -5190 11248
3908 -13116 -468 21406 -6008 13415
3908 -13116 -468 21406 -6008 13415
-2984 -19628 3808 32767 -9149 12710
-2984 -19628 3808 32767 -9149 12710
-7380 -16328 11472 32767 -7862 8570
-7380 -16328 11472 32767 -7862 8570
-1268 -5240 15088 27606 -3499 3169
-1268 -5240 15088 27606 -3499 3169
-6700 -1052 11972 15096 -440 3913
-6700 -1052 11972 15096 -440 3913
324 2416 13616 22118 1367 5938
324 2416 13616 22118 1367 5938
-2848 5788 15900 13410 3264 4565
-2848 5788 15900 13410 3264 4565
-1776 1688 14740 11872 4566 5445
-1776 1688 14740 11872 4566 5445
-2000 1620 12064 10489 2258 4831
-2000 1620 12064 10489 2258 4831
-560 3704 11668 7708 3326 4620
-560 3704 11668 7708 3326 4620
-3916 7372 12168 10287 3392 3550
-3916 7372 12168 10287 3392 3550
-3020 10036 13384 6525 -1986 935
-3020 10036 13384 6525 -1986 935
212 15736 10616 493 -7118 -5539
212 15736 10616 493 -7118 -5539
8308 9952 7948 2453 -5769 -4644
8308 9952 7948 2453 -5769 -4644
-1636 7448 11632 4001 -2976 -2079
-1636 7448 11632 4001 -2976 -2079
-76 5936 15400 7427 -4373 970
-76 5936 15400 7427 -4373 970
3456 8912 14580 6939 -3614 312
3456 8912 14580 6939 -3614 312
-868 10560 12720 4316 -2545 -729
-868 10560 12720 4316 -2545 -729
3408 12600 12468 123 -2613 -3646
3408 12600 12468 123 -2613 -3646
1772 11164 14560 -1777 -2725 -6158
1772 11164 14560 -1777 -2725 -6158
3096 7344 11116 -5903 -3046 -5529
3096 7344 11116 -5903 -3046 -5529
3784 8076 11476 -11231 -3882 -9652
3784 8076 11476 -11231 -3882 -9652
2680 4996 8964 -11450 -3957 -10220
2680 4996 8964 -11450 -3957 -10220
1704 1396 12680 -11480 -1327 -9196
1704 1396 12680 -11480 -1327 -9196
2460 1868 7580 -5900 -4535 -7453
2460 1868 7580 -5900 -4535 -7453
-540 364 9572 -1263 -2928 -3482
-540 364 9572 -1263 -2928 -3482
3524 5600 8436 -6835 -2797 -4658
3524 5600 8436 -6835 -2797 -4658
-2512 3352 7344 -18837 -5800 -7639
-2512 3352 7344 -18837 -5800 -7639
-3988 -4220 9792 -25800 1056 -5669
-3988 -4220 9792 -25800 1056 -5669
248 -1700 10240 -32768 -2948 -219
248 -1700 10240 -32768 -2948 -219
2944 -32768 32767 -1379 9353 1434
2944 -32768 32767 -1379 9353 1434
-3352 -5868 10128 -3556 -4341 7263
-3352 -5868 10128 -3556 -4341 7263
4392 -3216 3496 -4999 -4059 -1224
4392 -3216 3496 -4999 -4059 -1224
5488 -11988 8992 -6106 -2450 -12
5488 -11988 8992 -6106 -2450 -12
-668 -13816 10832 1415 -2174 1671
-668 -13816 10832 1415 -2174 1671
4328 -10880 8692 -89 -2604 1482
4328 -10880 8692 -89 -2604 1482
4352 -12388 7124 3496 -2463 3060
4352 -12388 7124 3496 -2463 3060
2664 -10100 8872 4887 -331 3114
2664 -10100 8872 4887 -331 3114
1840 -9644 11696 6903 -28 2923
1840 -9644 11696 6903 -28 2923
940 -8612 12160 8274 -42 2095
940 -8612 12160 8274 -42 2095
1544 -6928 12476 6924 -337 2223
1544 -6928 12476 6924 -337 2223
2496 -7004 11492 6905 -31 2667
2496 -7004 11492 6905 -31 2667
1472 -7692 13424 7861 -612 2289
1472 -7692 13424 7861 -612 2289
1452 -4256 14584 6805 -447 2250
1452 -4256 14584 6805 -447 2250
1440 -2860 14408 3581 -910 1965
1440 -2860 14408 3581 -910 1965
1872 -3528 13220 1935 -639 1241
1872 -3528 13220 1935 -639 1241
2432 -3088 13044 2073 -4 749
2432 -3088 13044 2073 -4 749
1560 -2428 14012 2770 605 49
1560 -2428 14012 2770 605 49
1300 -2596 14384 740 665 -353
1300 -2596 14384 740 665 -353
1516 -3508 14236 -261 281 -986
1516 -3508 14236 -261 281 -986
644 -4492 13920 -257 -90 -944
644 -4492 13920 -257 -90 -944
1116 -4496 12988 756 -784 -1107
1116 -4496 12988 756 -784 -1107
1836 -5280 12728 418 -1147 -402
1836 -5280 12728 418 -1147 -402
2500 -3716 13364 416 -300 505
2500 -3716 13364 416 -300 505
2072 -4224 13892 1789 -426 826
2072 -4224 13892 1789 -426 826
2160 -3512 13404 885 276 -222
2160 -3512 13404 885 276 -222
2040 -4592 13160 1019 506 147
2040 -4592 13160 1019 506 147
1264 -4056 13064 876 308 325
1264 -4056 13064 876 308 325
1504 -4268 13800 623 195 393
1504 -4268 13800 623 195 393
1904 -3708 13584 482 90 -47
1904 -3708 13584 482 90 -47
1840 -3512 12964 588 177 -147
1840 -3512 12964 588 177 -147
1760 -4088 13784 976 465 -94
1760 -4088 13784 976 465 -94
1928 -3524 13812 278 262 -78
1928 -3524 13812 278 262 -78
1224 -4004 13512 316 443 -171
1224 -4004 13512 316 443 -171
1524 -3416 13208 -248 276 84
1524 -3416 13208 -248 276 84
1528 -3508 12856 28 236 318
1528 -3508 12856 28 236 318
1616 -4348 13712 318 276 109
1616 -4348 13712 318 276 109
1208 -4300 13952 64 -86 59
1208 -4300 13952 64 -86 59
1892 -4004 13400 -38 -120 -146
1892 -4004 13400 -38 -120 -146
1232 -3888 14256 215 -121 203
1232 -3888 14256 215 -121 203
1404 -5632 14844 -1136 -1943 -225
1404 -5632 14844 -1136 -1943 -225
2368 -3840 14320 -2927 -2874 -518
2368 -3840 14320 -2927 -2874 -518
2536 -2464 13140 -4964 -799 -694
2536 -2464 13140 -4964 -799 -694
1712 -5524 12788 -4376 -300 -1222
1712 -5524 12788 -4376 -300 -1222
2072 -5116 13040 -3524 269 -1172
2072 -5116 13040 -3524 269 -1172
2604 -5296 12868 -4247 138 -1257
2604 -5296 12868 -4247 138 -1257
2260 -6452 13440 -5825 153 -1849
2260 -6452 13440 -5825 153 -1849
2872 -7420 12484 -6548 456 -2062
2872 -7420 12484 -6548 456 -2062
1668 -7528 12964 -8469 345 -2316
1668 -7528 12964 -8469 345 -2316
2528 -8704 11192 -9639 1355 -3436
2528 -8704 11192 -9639 1355 -3436
2272 -11452 9372 -8836 942 -3912
2272 -11452 9372 -8836 942 -3912
4244 -11960 8396 -7578 -145 -3907
4244 -11960 8396 -7578 -145 -3907
2660 -12180 8468 -7506 1842 -2720
2660 -12180 8468 -7506 1842 -2720
3344 -13000 7476 -6243 2636 -3094
3344 -13000 7476 -6243 2636 -3094
3612 -13716 6816 -5926 3728 -2921
3612 -13716 6816 -5926 3728 -2921
3672 -13760 6376 -5180 4134 -3370
3672 -13760 6376 -5180 4134 -3370
3580 -15000 6840 -4748 6620 -3477
3580 -15000 6840 -4748 6620 -3477
4564 -14092 6120 -3066 7382 -3808
4564 -14092 6120 -3066 7382 -3808
3840 -15448 5108 -2610 5787 -3344
3840 -15448 5108 -2610 5787 -3344
5128 -15800 5728 -3842 2671 -3531
5128 -15800 5728 -3842 2671 -3531
5744 -19064 5488 -218 -403 -1129
5744 -19064 5488 -218 -403 -1129
4240 -15592 7312 1338 1483 2002
4240 -15592 7312 1338 1483 2002
3664 -15088 3904 1725 1626 3788
3664 -15088 3904 1725 1626 3788
416 -13676 4052 577 2199 5515
416 -13676 4052 577 2199 5515
3872 -12392 1600 319 3882 5665
3872 -12392 1600 319 3882 5665
4772 -13444 276 3932 1973 5852
4772 -13444 276 3932 1973 5852
6392 -5156 5632 3915 -513 8350
6392 -5156 5632 3915 -513 8350
2848 -14936 3792 4615 1303 7260
2848 -14936 3792 4615 1303 7260
-2160 -13108 10064 5445 -490 4768
-2160 -13108 10064 5445 -490 4768
604 -14616 7172 6787 -1382 5401
604 -14616 7172 6787 -1382 5401
-968 -10276 8860 6927 -1977 6529
-968 -10276 8860 6927 -1977 6529
